
 ### Operon type: 1

	 A0A011PVT3	[689, 486, 485, 484, 591, 483, 482, 481, 480]
	 A0A011R7V7	[689, 486, 485, 484, 591, 483, 482, 481, 480]
	 A0A011MET3	[689, 486, 485, 484, 591, 483, 482, 481, 480]

 ### Operon type: 2

	 A0A011UIA1	[250, 249, 248, 247, 246, 245, 244, 243, 0]
	 A0A011V5V3	[0, 250, 249, 248, 247, 246, 245, 244, 243]

 ### Operon type: 3

	 A0A011PTE7	[510, 509, 508, 507, 506, 0, 505, 504, 503]
	 A0A011NE72	[510, 509, 508, 507, 506, 505, 504, 503, 0]

 ### Operon type: 4

	 A0A011NEY3	[328, 568, 567, 566, 566, 565, 564, 563, 0]

 ### Operon type: 5

	 A0A011PAN4	[568, 567, 0, 566, 566, 565, 564, 563, 562]

 ### Operon type: 6

	 A0A011RCD5	[328, 568, 567, 566, 566, 565, 564, 563, 562]

 ### Operon type: 7

	 A0A010JSI3	[607, 606, 605, 604, 603, 602, 601, 600, 0]
	 A0A009RGL2	[0, 606, 605, 604, 603, 602, 601, 600, 0]
	 A0A013T0M4	[607, 606, 605, 604, 603, 602, 601, 600, 0]
	 A0A009HDS5	[607, 606, 605, 604, 603, 602, 601, 600, 0]

 ### Operon type: 8

	 A0A011NBX7	[643, 642, 641, 640, 639, 638, 0, 0, 0]
	 A0A011PF67	[643, 642, 641, 640, 639, 0, 0, 0, 0]
	 A0A011NW66	[643, 642, 641, 640, 639, 638, 0, 0, 0]

 ### Operon type: 9

	 A0A011NS68	[643, 642, 641, 640, 639, 493, 492, 498, 584]
	 A0A011RHX4	[643, 642, 641, 640, 639, 493, 492, 498, 0]

 ### Operon type: 10

	 A0A010JY00	[361, 650, 596, 445, 297, 656, 442, 659, 462]

 ### Operon type: 11

	 A0A013TH30	[650, 596, 445, 444, 443, 656, 442, 659, 462]

 ### Operon type: 12

	 A0A011QAS2	[0, 709, 708, 707, 706, 705, 704, 703, 702]
	 A0A011NEQ1	[0, 709, 708, 707, 706, 705, 704, 703, 702]

 ### Operon type: 13

	 A0A011QSF0	[0, 684, 683, 682, 681, 680, 679, 678, 0]
	 A0A011QBB5	[558, 684, 683, 682, 681, 680, 679, 678, 525]
	 A0A011Q0X6	[558, 684, 683, 682, 681, 680, 679, 678, 525]
	 A0A011Q1X8	[684, 0, 683, 682, 681, 680, 679, 678, 525]

 ### Operon type: 14

	 A0A011PG87	[558, 684, 683, 682, 681, 680, 679, 0, 0]

 ### Operon type: 15

	 A0A013SP43	[345, 344, 376, 343, 342, 341, 340, 339, 338]
	 A0A010K6G6	[345, 344, 376, 343, 342, 341, 340, 0, 338]
	 A0A009RUN3	[345, 344, 376, 343, 342, 341, 340, 339, 338]

 ### Operon type: 16

	 A0A009SZB5	[0, 0, 74, 73, 72, 0, 0, 0, 71]
	 A0A009HR98	[0, 0, 74, 73, 72, 0, 0, 0, 71]

 ### Operon type: 17

	 A0A009Z8F7	[48, 74, 49, 0, 72, 4, 4, 0, 0]

 ### Operon type: 18

	 A0A011QUG8	[673, 672, 671, 670, 669, 668, 0, 667, 666]
	 A0A011QIT1	[673, 672, 671, 670, 669, 668, 667, 666, 723]

 ### Operon type: 19

	 A0A011QAB0	[716, 715, 714, 0, 713, 712, 711, 710, 0]
	 A0A011PL71	[383, 716, 715, 714, 713, 712, 711, 710, 0]

 ### Operon type: 20

	 A0A011PIY7	[517, 0, 651, 536, 537, 538, 647, 0, 540]

 ### Operon type: 21

	 A0A011Q3J4	[0, 517, 651, 536, 537, 538, 647, 539, 0]

 ### Operon type: 22

	 A0A011MH88	[501, 517, 651, 536, 537, 538, 647, 539, 540]

 ### Operon type: 23

	 A0A009QBR9	[0, 0, 416, 452, 415, 0, 0, 411, 164]
	 A0A009TM70	[0, 417, 416, 452, 415, 0, 0, 411, 164]

 ### Operon type: 24

	 A0A010ILU3	[418, 417, 416, 0, 415, 414, 413, 412, 411]
	 A0A009MW50	[0, 417, 416, 452, 415, 414, 0, 412, 411]
	 A0A009QS71	[418, 417, 416, 452, 415, 414, 0, 412, 411]
	 A0A009H3B0	[0, 417, 416, 0, 415, 414, 413, 412, 411]

 ### Operon type: 25

	 A0A009I8S2	[0, 0, 416, 452, 415, 414, 412, 411, 164]

 ### Operon type: 26

	 A0A009ICH6	[395, 96, 95, 94, 297, 46, 45, 44, 659]
	 A0A009ZFR5	[395, 96, 95, 94, 297, 46, 45, 44, 659]

 ### Operon type: 27

	 A0A009GP96	[0, 65, 648, 589, 293, 64, 436, 63, 62]

 ### Operon type: 28

	 A0A009GSR4	[589, 293, 64, 436, 63, 62, 62, 61, 0]

 ### Operon type: 29

	 A0A009IIT6	[65, 648, 589, 293, 63, 62, 62, 61, 0]

 ### Operon type: 30

	 A0A009IS10	[199, 0, 0, 0, 198, 197, 196, 0, 0]

 ### Operon type: 31

	 A0A009QHW5	[0, 0, 0, 418, 198, 197, 196, 0, 79]

 ### Operon type: 32

	 A0A011UVB4	[0, 0, 0, 102, 0, 0, 199, 0, 111]

 ### Operon type: 33

	 A0A011TLH7	[268, 267, 266, 0, 0, 0, 0, 0, 0]
	 A0A011UG87	[266, 267, 268, 0, 0, 0, 0, 0, 0]

 ### Operon type: 34

	 A0A011QDV3	[532, 531, 530, 545, 529, 528, 527, 0, 526]
	 A0A011QIE8	[532, 531, 530, 545, 529, 528, 526, 0, 0]

 ### Operon type: 35

	 A0A011NYU6	[522, 521, 0, 520, 519, 16, 15, 0, 518]

 ### Operon type: 36

	 A0A011PYI6	[522, 521, 0, 520, 519, 518, 595, 611, 0]

 ### Operon type: 37

	 A0A011P1C0	[0, 0, 16, 15, 518, 0, 0, 0, 0]

 ### Operon type: 38

	 A0A011NVE7	[543, 542, 541, 0, 0, 0, 0, 0, 0]
	 A0A011PP01	[543, 542, 541, 0, 0, 0, 0, 0, 0]

 ### Operon type: 39

	 A0A013TH43	[441, 0, 0, 0, 440, 439, 438, 0, 437]
	 A0A009RAF0	[441, 0, 0, 0, 440, 439, 438, 0, 437]

 ### Operon type: 40

	 A0A013S8V2	[364, 363, 0, 0, 0, 362, 0, 0, 0]
	 A0A009R8E1	[0, 38, 0, 364, 363, 0, 0, 362, 0]

 ### Operon type: 41

	 A0A009QFZ7	[460, 459, 0, 0, 456, 0, 454, 453, 0]
	 A0A009TK03	[460, 459, 0, 0, 456, 0, 454, 453, 0]

 ### Operon type: 42

	 A0A013SPM5	[460, 459, 458, 457, 456, 455, 454, 453, 0]
	 A0A010IX62	[460, 459, 458, 457, 456, 0, 454, 453, 0]
	 A0A009MH71	[460, 459, 0, 457, 456, 455, 454, 453, 0]
	 A0A009HSL1	[460, 459, 458, 457, 456, 0, 454, 453, 0]

 ### Operon type: 43

	 A0A009I6Z0	[460, 459, 0, 457, 456, 0, 454, 453, 77]

 ### Operon type: 44

	 A0A009ZIX8	[0, 5, 458, 457, 456, 14, 0, 77, 0]

 ### Operon type: 45

	 A0A009I573	[101, 0, 125, 126, 0, 127, 161, 128, 129]

 ### Operon type: 46

	 A0A009ILP9	[130, 0, 129, 128, 161, 127, 169, 126, 125]

 ### Operon type: 47

	 A0A009I953	[130, 0, 129, 128, 161, 127, 169, 0, -1]

 ### Operon type: 48

	 A0A009QEG7	[163, 162, 0, 0, 161, 160, 159, 0, 169]
	 A0A009IPC3	[163, 162, 0, 0, 161, 160, 159, 0, 169]

 ### Operon type: 49

	 A0A009SX74	[556, 584, 0, 126, 169, 130, 162, 163, 0]

 ### Operon type: 50

	 A0A010JWJ1	[0, 302, 648, 0, 301, 300, 299, 298, 0]
	 A0A009I4A1	[0, 302, 648, 0, 301, 300, 299, 298, 0]

 ### Operon type: 51

	 A0A009QF22	[83, 82, 81, 0, 301, 300, 299, 298, 80]
	 A0A009TBY8	[83, 82, 81, 55, 301, 300, 299, 298, 80]

 ### Operon type: 52

	 A0A009ITT8	[195, 194, 193, 304, 303, 192, 191, 190, 189]

 ### Operon type: 53

	 A0A009NJ90	[195, 194, 193, 304, 0, 134, 192, 191, 190]

 ### Operon type: 54

	 A0A009HZK2	[305, 304, 303, 0, 0, 0, 0, 0, 0]

 ### Operon type: 55

	 A0A009IJ07	[307, 306, 305, 304, 303, 0, 0, 0, 0]

 ### Operon type: 56

	 A0A009S6G1	[307, 306, 305, 304, 303, 191, 190, 189, 138]

 ### Operon type: 57

	 A0A009S5A5	[303, 134, 192, 191, 190, 189, 90, 89, 138]

 ### Operon type: 58

	 A0A013TCN9	[452, 451, 450, 449, 448, 447, 446, 648, 545]
	 A0A010ITG1	[452, 451, 450, 449, 448, 447, 446, 648, 545]
	 A0A009QNC9	[452, 451, 450, 449, 448, 447, 446, 648, 545]
	 A0A009NIJ3	[452, 451, 450, 449, 448, 447, 446, 648, 545]
	 A0A013TRC1	[452, 451, 450, 449, 448, 447, 446, 648, 545]

 ### Operon type: 59

	 A0A009H935	[0, 0, 450, 449, 448, 447, 446, 648, 545]

 ### Operon type: 60

	 A0A009PJF7	[223, 222, 222, 221, 220, 219, 218, 217, 216]
	 A0A009SJZ7	[102, 223, 222, 221, 220, 219, 218, 217, 216]

 ### Operon type: 61

	 A0A009Z5G0	[219, 221, 222, 0, 290, 223, 102, 336]

 ### Operon type: 62

	 A0A010JJC1	[608, 425, 424, 423, 422, 421, 420, 430, 419]
	 A0A010IZ41	[425, 424, 423, 422, 421, 420, 430, 419, 376]

 ### Operon type: 63

	 A0A009QJL6	[608, 425, 424, 423, 0, 419, 376, 78, 0]

 ### Operon type: 64

	 A0A011N9N8	[712, 652, 651, 0, 0, 0, 0, 0, 0]
	 A0A011P2I4	[712, 652, 651, 0, 0, 0, 0, 0, 0]

 ### Operon type: 65

	 A0A009PIB4	[0, 0, 0, 154, 153, 152, 436, 648, 712]
	 A0A009SLR5	[0, 0, 0, 154, 153, 152, 436, 648, 712]

 ### Operon type: 66

	 A0A009HSU4	[0, 0, 382, 648, 0, 652, 581, 712, 436]

 ### Operon type: 67

	 A0A011SF89	[616, 615, 614, 0, 0, 0, 0, 0, 0]

 ### Operon type: 68

	 A0A011UCX7	[0, 716, 616, 615, 0, 614, 209, 0, 0]

 ### Operon type: 69

	 A0A011NYT4	[649, 579, 578, 577, 0, 491, 491, 490, 489]

 ### Operon type: 70

	 A0A011P8E9	[0, 0, 649, 579, 0, 578, 577, 0, 0]

 ### Operon type: 71

	 A0A010TF34	[0, -1, 0, 0, 33, 32, 31, 30, 29]
	 A0A010SYH9	[33, 32, 31, 30, 29, 0, 0, 0, 0]

 ### Operon type: 72

	 A0A010S7A1	[144, 143, 142, 141, 0, 140, 0, 0, 0]
	 A0A010TFJ4	[0, -1, 0, 144, 143, 142, 141, -1, 140]

 ### Operon type: 73

	 A0A009ICP5	[186, 348, 646, 185, 184, 0, 0, 182, 0]

 ### Operon type: 74

	 A0A009MMG9	[186, 348, 646, 185, 184, 0, 183, 182, 286]

 ### Operon type: 75

	 A0A009HTW0	[0, 107, 106, 0, 184, 0, 0, 182, 0]
	 A0A009QLL2	[0, 107, 106, 0, 184, 0, 0, 182, 0]

 ### Operon type: 76

	 A0A009SIV4	[108, 107, 106, 105, 184, 104, 0, 182, 286]

 ### Operon type: 77

	 A0A013TSJ4	[107, 106, 0, 105, 184, 0, 0, 182, 286]

 ### Operon type: 78

	 A0A009Z3V9	[648, 0, 0, 0, 0, 106, 381, 107, 108]

 ### Operon type: 79

	 A0A009T0Q9	[0, 0, 0, 0, 70, 354, 501, 648, 69]

 ### Operon type: 80

	 A0A009YJF4	[0, 490, 489, 26, 56, 501, 648, 0, 69]

 ### Operon type: 81

	 A0A009PAV9	[241, -1, 646, 240, 377, 436, 239, 238, 237]
	 A0A009HJC2	[241, 545, 646, 240, 377, 436, 239, 238, 237]

 ### Operon type: 82

	 A0A009SE02	[0, 237, 0, 0, 0, 238, 239, 436, 377]

 ### Operon type: 83

	 A0A011QNA5	[0, 477, 476, 475, 0, 474, 473, 472, 471]
	 A0A009ZLJ7	[471, 472, 473, 474, 0, 0, 477, 476, 475]

 ### Operon type: 84

	 A0A013T0T6	[474, 473, 472, 471, 467, 466, 465, 464, 463]
	 A0A009QMH5	[474, 473, 472, 471, 467, 466, 465, 464, 463]
	 A0A009HAX1	[474, 473, 472, 471, 467, 466, 465, 464, 463]

 ### Operon type: 85

	 A0A010ILW6	[474, 473, 472, 471, 467, 466, 0, 0, 464]

 ### Operon type: 86

	 A0A009Z9X7	[473, 472, 471, 0, 467, 0, 663, 0, 464]

 ### Operon type: 87

	 A0A009PE10	[0, 0, 0, 471, 467, 232, 465, 464, -1]

 ### Operon type: 88

	 A0A009RSB7	[581, 395, 569, 392, 224, 648, 648, 390, 389]
	 A0A009SYU8	[581, 395, 569, 392, 224, 648, 648, 390, 389]
	 A0A009HS41	[581, 395, 569, 392, 224, 648, 648, 390, 389]

 ### Operon type: 89

	 A0A010IT25	[581, 395, 569, 392, 391, 648, 648, 390, 389]
	 A0A013SHA9	[581, 395, 569, 392, 391, 648, 648, 390, 389]
	 A0A009I466	[581, 395, 569, 392, 391, 648, 648, 390, 389]

 ### Operon type: 90

	 A0A009NMQ9	[581, 395, 569, 392, 391, 0, 648, 648, 390]

 ### Operon type: 91

	 A0A009P8A9	[0, 0, 569, 392, 224, 648, 648, 390, 389]

 ### Operon type: 92

	 A0A011PGU1	[0, 0, 555, 554, 553, 552, 551, 550, 549]
	 A0A011MDH1	[488, 0, 555, 554, 553, 552, 551, 550, 549]

 ### Operon type: 93

	 A0A011V0P4	[327, 256, 0, 0, 281, 0, 0, 255, 254]

 ### Operon type: 94

	 A0A011WPV7	[255, 254, 0, 0, 0, 0, 0, 0, 0]

 ### Operon type: 95

	 A0A011RNP9	[0, 0, 0, 0, 0, 623, 711, 0, 0]

 ### Operon type: 96

	 A0A011V0B5	[619, 0, 0, 0, 0, 0, 623, 0, 0]

 ### Operon type: 97

	 A0A011RQC9	[0, 619, 618, 0, 0, 0, 0, 617, 0]

 ### Operon type: 98

	 A0A011QG28	[470, 469, 554, 0, 553, 552, 575, 468, 576]
	 A0A011RIM8	[470, 469, 0, 0, 553, 552, 575, 468, 576]

 ### Operon type: 99

	 A0A011PHI6	[588, 0, 587, 0, 0, 586, 670, 585, 0]

 ### Operon type: 100

	 A0A011QI68	[0, 0, 587, 586, 0, 0, 0, 0, 0]

 ### Operon type: 101

	 A0A011P700	[0, 0, 677, 676, 0, 0, 0, 0, 0]

 ### Operon type: 102

	 A0A011QSI4	[0, 0, 677, 676, 675, 0, 0, 0, 0]

 ### Operon type: 103

	 A0A011NVJ6	[535, 694, 693, 692, 691, 690, 0, 0, 534]

 ### Operon type: 104

	 A0A011PVP2	[0, 694, 693, 692, 691, 690, 0, 0, 689]

 ### Operon type: 105

	 A0A011NXY7	[0, 0, 693, 0, 691, 0, 0, 0, 0]

 ### Operon type: 106

	 A0A011QR69	[661, 660, 659, 658, 657, 656, 0, 0, 0]
	 A0A011NUB4	[661, 660, 659, 658, 657, 656, 0, 546, 0]

 ### Operon type: 107

	 A0A011NN36	[660, 659, 0, 0, 657, 656, 0, 0, 0]

 ### Operon type: 108

	 A0A011PK69	[659, 388, 0, 0, 657, 656, 0, 0, 0]

 ### Operon type: 109

	 A0A011RMI6	[700, 699, 626, 625, 624, 698, 697, 696, 695]
	 A0A011NYD6	[700, 699, 626, 625, 624, 698, 697, 696, 695]

 ### Operon type: 110

	 A0A011QB28	[701, 700, 699, 0, 0, 698, 697, 696, 695]

 ### Operon type: 111

	 A0A011NF33	[0, 698, 697, 0, 0, 0, 0, 0, 0]

 ### Operon type: 112

	 A0A011NBY4	[637, 0, 0, 636, 0, 0, 635, 0, 0]

 ### Operon type: 113

	 A0A011WRT0	[637, 0, 0, 0, 0, 0, 0, 611, 0]

 ### Operon type: 114

	 A0A011SHV5	[0, 0, 0, 0, 0, 609, 611, 608, 0]

 ### Operon type: 115

	 A0A011NB95	[0, 665, 0, 0, 0, 0, 646, 645, 644]

 ### Operon type: 116

	 A0A011UHT4	[78, 112, 645, 0, 0, 35, 35, 644, 0]

 ### Operon type: 117

	 A0A010Z1W7	[0, 0, 0, 0, 0, 85, 0, 324, 325]

 ### Operon type: 118

	 A0A011VY84	[0, 0, 325, 324, 0, 0, 0, 0, 0]

 ### Operon type: 119

	 A0A010YW85	[0, 0, 0, 0, 0, 308, 0, 324, 325]

 ### Operon type: 120

	 A0A010ZMA0	[324, 655, 0, 0, 0, 0, 0, 0, 0]

 ### Operon type: 121

	 A0A011N5L2	[0, 0, 0, 655, 0, 654, 653, 0, 0]

 ### Operon type: 122

	 A0A010SQJ5	[370, 185, 0, 264, 263, 262, 0, 0, 0]

 ### Operon type: 123

	 A0A010STD3	[0, 0, 0, 264, 263, 262, 0, 390, 330]

 ### Operon type: 124

	 A0A011TD67	[265, 0, 0, 264, 263, 262, 261, 0, 260]

 ### Operon type: 125

	 A0A009ZC12	[0, 0, 0, 264, 0, 262, 261, 3, 686]

 ### Operon type: 126

	 A0A010RFQ9	[0, 0, 599, 0, 598, 0, 0, 0, 0]

 ### Operon type: 127

	 A0A010SPR9	[24, 24, 0, 0, 0, 598, 0, 0, 0]

 ### Operon type: 128

	 A0A013S288	[0, 0, 0, 375, 377, 374, 373, 0, 372]
	 A0A010J3I1	[0, 0, 0, 375, 377, 374, 373, 0, 372]

 ### Operon type: 129

	 A0A013SXT2	[272, 271, 270, 375, 377, 374, 373, 269, 372]
	 A0A009PWG1	[272, 271, 270, 375, 377, 374, 373, 269, 372]

 ### Operon type: 130

	 A0A009ZJK4	[0, 0, 0, 0, 0, 0, 395, 20, 0]

 ### Operon type: 131

	 A0A010SVN1	[-1, 20, 648, 180, 205, 0, 0, 395, 0]

 ### Operon type: 132

	 A0A009IMX3	[401, 0, 399, 0, 397, 122, 122, 611, 121]
	 A0A009SF48	[401, 0, 399, 0, 397, -1, 122, 611, 121]

 ### Operon type: 133

	 A0A009QEX0	[401, 400, 399, 398, 397, 122, 122, 611, 121]

 ### Operon type: 134

	 A0A010ISX2	[401, 400, 399, 398, 397, 396, 395, 394, 393]
	 A0A013S7V1	[401, 400, 399, 398, 397, 396, 395, 394, 393]
	 A0A009RES7	[401, 400, 399, 398, 397, 396, 395, 394, 393]
	 A0A009MR00	[401, 400, 399, 398, 397, 396, 395, 394, 393]

 ### Operon type: 135

	 A0A009GYP9	[0, 0, 0, 398, 397, 396, 395, 394, 393]

 ### Operon type: 136

	 A0A009YTT3	[0, 0, 0, 0, 0, 0, 395, 394, 393]

 ### Operon type: 137

	 A0A009PFK7	[231, 230, 229, 228, 227, 0, 0, 226, 0]
	 A0A009QGN4	[231, 230, 229, 228, 227, 226, 0, 0, 0]

 ### Operon type: 138

	 A0A009YR20	[0, 226, 0, 0, 0, 0, 230, 0, 0]

 ### Operon type: 139

	 A0A013SB36	[360, 359, 358, 357, 356, 0, 489, 355, 354]
	 A0A009QSI3	[360, 359, 358, 357, 356, 0, 489, 355, -1]

 ### Operon type: 140

	 A0A010ITP2	[360, 359, 358, 357, 356, 0, 489, 0, 0]

 ### Operon type: 141

	 A0A009SII9	[-1, 359, 358, 357, 0, 0, 0, 0, 70]

 ### Operon type: 142

	 A0A009HZV2	[0, 0, 0, 0, 158, 157, 134, 0, 0]

 ### Operon type: 143

	 A0A009QPE7	[0, 0, 0, 0, 158, 157, 0, 0, 0]

 ### Operon type: 144

	 A0A009GXL8	[59, 58, 57, 0, 56, 55, 133, 132, 131]

 ### Operon type: 145

	 A0A010JIW7	[59, 58, 57, 0, 56, 0, 0, 133, 132]

 ### Operon type: 146

	 A0A009MGR3	[0, 0, 167, 0, 461, 89, 51, 235, 234]

 ### Operon type: 147

	 A0A009Q4G0	[0, 168, 167, 0, 461, 0, 235, 234, 235]

 ### Operon type: 148

	 A0A009PUJ8	[0, 236, 0, 0, 0, 233, 133, 132, 131]

 ### Operon type: 149

	 A0A009QJA8	[132, 131, 0, 0, 0, 0, 0, 0, 0]

 ### Operon type: 150

	 A0A009PB53	[0, 0, 236, 0, 0, 235, 234, 235, 233]

 ### Operon type: 151

	 A0A013RZW2	[395, 380, 0, 379, 378, 377, 376, 0, 0]
	 A0A013SNJ8	[395, 0, 0, 379, 378, 377, 376, 0, 0]
	 A0A010J9U3	[395, 0, 0, 379, 378, 377, 376, 0, 0]
	 A0A009SIZ4	[395, 380, 0, 379, 378, 0, 376, 188, 0]
	 A0A009RD69	[395, 380, 0, 379, 378, 377, 376, 188, 0]

 ### Operon type: 152

	 A0A009PH20	[0, 0, 411, 379, 378, 377, 376, 0, 0]
	 A0A009IV03	[0, 0, 411, 379, 378, 0, 376, 0, 0]

 ### Operon type: 153

	 A0A009YIZ0	[395, 380, 411, 379, 378, 377, 376, 188, 103]

 ### Operon type: 154

	 A0A010J377	[174, 173, 581, 648, 321, 321, 172, 371, 180]
	 A0A009QA91	[174, 173, 581, 648, 321, 321, 172, 371, 180]

 ### Operon type: 155

	 A0A009MVG4	[181, 0, 322, 648, 321, 321, 0, 371, 180]
	 A0A009QQC0	[0, 0, 181, 648, 321, 321, 0, 371, 180]

 ### Operon type: 156

	 A0A009H7I0	[0, 0, 0, 648, 321, 321, 172, 371, 180]

 ### Operon type: 157

	 A0A009S1X4	[174, 173, 581, 648, 321, 321, 648, 0, 91]

 ### Operon type: 158

	 A0A013SHF4	[0, 0, 322, 648, 321, 321, 0, 320, 0]

 ### Operon type: 159

	 A0A009H7U0	[410, 575, 0, 409, 408, 407, 406, 0, 0]

 ### Operon type: 160

	 A0A010IMP8	[410, 0, 0, 409, 408, 407, 406, 0, 405]

 ### Operon type: 161

	 A0A013SZ54	[410, 0, 329, 409, 408, 0, 0, 0, 0]

 ### Operon type: 162

	 A0A009ZM43	[-1, 575, 329, 409, 408, 407, 406, 97, 405]

 ### Operon type: 163

	 A0A009YSC7	[0, 0, 635, 1, 0, 1, 332, 331, 0]

 ### Operon type: 164

	 A0A013RVV2	[452, 0, 332, 331, 0, 0, 0, 330, 0]

 ### Operon type: 165

	 A0A011Q5S3	[723, 724, 0, 0, 0, 0, 722, 721, 720]

 ### Operon type: 166

	 A0A011UZZ4	[0, 722, 721, 0, 0, 0, 257, 257, 720]

 ### Operon type: 167

	 A0A010YKP2	[0, 0, 0, 0, 0, 0, 534, 253, 0]

 ### Operon type: 168

	 A0A011V1A2	[256, 0, 0, 253, 0, 0, 0, 0, 0]

 ### Operon type: 169

	 A0A011Q2B1	[0, 0, 0, 0, 0, 632, 631, 630, 629]

 ### Operon type: 170

	 A0A011RLN8	[0, 0, 0, 634, 633, 632, 631, 630, 629]

 ### Operon type: 171

	 A0A011NGS0	[0, 0, 0, 0, 524, 571, 0, 0, 0]

 ### Operon type: 172

	 A0A011PW61	[0, 0, 0, 0, 524, 571, 0, 0, 523]

 ### Operon type: 173

	 A0A011UXI1	[0, 386, 0, 0, 524, 571, 259, 0, 0]

 ### Operon type: 174

	 A0A011SWI9	[-1, -1, 0, 588, 524, 571, 259, -1, -1]

 ### Operon type: 175

	 A0A011P952	[571, 0, 570, 0, 0, 570, 0, 0, 0]

 ### Operon type: 176

	 A0A011NSG8	[0, 0, 0, 585, 548, 547, 0, 548, 0]

 ### Operon type: 177

	 A0A011P0X4	[0, 0, 488, 0, 548, 0, 0, 547, 38]

 ### Operon type: 178

	 A0A009MJ75	[0, 0, 148, 147, 146, 0, 0, 0, 589]

 ### Operon type: 179

	 A0A010IH51	[0, 286, 0, 0, 146, 0, 589, 0, 0]

 ### Operon type: 180

	 A0A010YNY9	[0, 0, 86, 17, 0, 0, 0, 0, 39]

 ### Operon type: 181

	 A0A011AC71	[91, 0, 0, 207, 0, 86, 17, 0, 581]

 ### Operon type: 182

	 A0A011PRW6	[512, 0, 0, 0, 511, 699, 626, 0, 0]
	 A0A011QLX0	[0, 512, 0, 0, 511, 0, 699, 626, 0]

 ### Operon type: 183

	 A0A010SML6	[0, 699, 626, -1, 0, 584, 0, 0, 0]

 ### Operon type: 184

	 A0A009P817	[166, 0, 0, 0, 151, 0, 310, 150, 149]

 ### Operon type: 185

	 A0A009TIY0	[0, 0, 0, 0, 151, 0, 310, 150, 0]

 ### Operon type: 186

	 A0A009QKA3	[310, 150, 0, 149, 0, 0, 0, 0, 231]

 ### Operon type: 187

	 A0A009S854	[-1, 0, 0, 171, 334, 0, 0, 0, 333]

 ### Operon type: 188

	 A0A013RMD0	[-1, 0, 593, 0, 334, 599, 0, 0, 333]

 ### Operon type: 189

	 A0A009HFU9	[0, 67, 0, 0, 66, 436, 0, 0, 0]
	 A0A009R016	[0, 67, 0, 0, 66, -1, 436, 0, 0]

 ### Operon type: 190

	 A0A009HSR2	[0, 100, 99, 0, 98, 176, 177, 134, 178]

 ### Operon type: 191

	 A0A009SWM1	[0, 100, 99, 0, 98, 0, 0, 177, 0]

 ### Operon type: 192

	 A0A009MYX0	[179, 178, 0, 382, 0, 0, 177, 176, 175]

 ### Operon type: 193

	 A0A009QK79	[0, 0, 175, 176, 0, 177, 0, 0, 178]

 ### Operon type: 194

	 A0A009GXJ1	[252, 251, 176, 177, 60, 134, 178, 179, 0]

 ### Operon type: 195

	 A0A013TKW8	[0, 560, 0, 436, 435, 434, 433, 432, 431]
	 A0A010IT95	[0, 0, 0, 436, 435, 434, 433, 432, 431]
	 A0A009QT77	[0, 0, -1, 436, 435, 434, 433, 432, 431]
	 A0A009PRQ9	[0, 436, 155, 0, 435, 434, 433, 432, 431]
	 A0A009S0T6	[0, 0, 436, 155, 435, 434, 433, 432, 431]
	 A0A009MH36	[0, 0, 0, 436, 435, 434, 433, 432, 431]
	 A0A009GWD0	[134, 0, 0, 436, 435, 434, 433, 432, 431]
	 A0A009I5G9	[0, 0, 436, 155, 435, 434, 433, 432, 431]

 ### Operon type: 196

	 A0A013TMJ7	[545, -1, 0, 436, 435, 432, 431, 0, 0]

 ### Operon type: 197

	 A0A009HJJ5	[346, 429, 428, 0, 427, 426, 0, 577, 50]
	 A0A009I8I7	[346, 429, 428, 52, 427, 426, 0, 577, 50]

 ### Operon type: 198

	 A0A010JJN4	[0, 429, 428, 0, 427, 426, 0, 577, 653]
	 A0A013TPR7	[346, 429, 428, 0, 427, 426, 0, 577, 653]
	 A0A009PMT3	[346, 429, 428, 0, 427, 426, 156, 577, 653]
	 A0A009RMI1	[0, 429, 428, 0, 427, 426, 0, 577, 0]
	 A0A009YG45	[0, 346, 429, 428, 427, 0, 426, 156, 577]

 ### Operon type: 199

	 A0A009SEP4	[346, 429, 428, 52, 427, 0, 426, 156, 0]

 ### Operon type: 200

	 A0A009NI48	[346, 429, 428, 0, 427, 0, 0, 0, -1]

 ### Operon type: 201

	 A0A011WLE7	[0, 0, 0, 0, 0, 200, 0, 0, 0]
	 A0A011VU44	[0, 0, 0, 0, 0, 200, 0, 0, 0]

 ### Operon type: 202

	 A0A011VAP2	[0, 0, 116, 0, 0, 0, 0, 0, 280]

 ### Operon type: 203

	 A0A011VRJ8	[0, 0, 0, 0, 0, 0, 116, 0, 0]

 ### Operon type: 204

	 A0A011RNU1	[0, 0, 0, 0, 0, 0, 622, 622, 621]

 ### Operon type: 205

	 A0A011VKJ9	[0, 0, 0, 0, 0, 0, 621, 622, -1]

 ### Operon type: 206

	 A0A011WT35	[337, 0, 0, 0, 0, 0, 0, 0, 0]
	 A0A011V490	[0, 337, 0, 0, 0, 0, 0, 0, 0]

 ### Operon type: 207

	 A0A009T185	[660, 0, 502, 502, 403, 659, 502, 402, 690]

 ### Operon type: 208

	 A0A010IN36	[404, 545, 0, 0, 403, 659, 502, 402, 690]

 ### Operon type: 209

	 A0A009PG43	[659, 502, 225, 662, 0, 402, 690, 0, 0]

 ### Operon type: 210

	 A0A011PQZ7	[0, 0, 0, 516, 519, 0, 515, 0, 0]

 ### Operon type: 211

	 A0A011TUX4	[0, 0, 0, 0, 519, 0, 0, 515, 0]

 ### Operon type: 212

	 A0A011STZ9	[0, 0, 0, 515, 0, 0, 0, 0, 0]

 ### Operon type: 213

	 A0A011PRF5	[513, 0, 0, 0, 0, 0, 0, 0, 0]
	 A0A011PUJ9	[0, 0, 0, 0, 0, 0, 0, 0, 513]

 ### Operon type: 214

	 A0A011PFY8	[0, 0, 0, 0, 0, 0, 0, 0, 559]

 ### Operon type: 215

	 A0A011PNS3	[662, 559, 0, 0, 0, 0, 0, 0, 0]

 ### Operon type: 216

	 A0A011T648	[0, 559, 0, 0, 0, 0, 0, 659, 0]

 ### Operon type: 217

	 A0A011U3C2	[0, 0, 575, 0, 0, 0, 0, 0, 0]
	 A0A011AEN3	[0, 0, 0, 0, 0, 0, 575, 0, 0]

 ### Operon type: 218

	 A0A011AAZ2	[0, 41, 0, 0, 0, 575, 575, 575, 0]

 ### Operon type: 219

	 A0A011T698	[0, 0, 0, 0, 0, 581, 575, 0, 0]

 ### Operon type: 220

	 A0A009SNL0	[54, 53, 0, 0, 0, 0, 0, 0, 0]

 ### Operon type: 221

	 A0A009ZZC8	[-1, 53, 54, 0, 0, 0, 0, 0, 0]

 ### Operon type: 222

	 A0A009ZG48	[0, 0, 0, 560, 0, 0, 0, 0, 0]

 ### Operon type: 223

	 A0A011PEJ8	[0, 0, 561, 560, 0, 0, 0, 0, 0]

 ### Operon type: 224

	 A0A011QNJ7	[499, 0, 0, 560, 0, 0, 0, 499, 0]

 ### Operon type: 225

	 A0A011MMJ4	[0, 0, 0, 0, 0, 0, 0, 499, 0]

 ### Operon type: 226

	 A0A011R8M3	[0, 0, 561, 560, 0, 258, 0, 499, 0]

 ### Operon type: 227

	 A0A009TJ77	[0, 170, 0, 0, 0, 0, 0, 0, 0]

 ### Operon type: 228

	 A0A010RTE7	[0, 0, 0, 0, 0, 0, 30, 170, 0]

 ### Operon type: 229

	 A0A013S8F0	[369, 368, 367, 366, 365, 648, 545, 371, 654]
	 A0A013TPQ9	[369, 368, 367, 366, 365, 648, 545, 371, 654]
	 A0A009PMU2	[369, 368, 367, -1, 365, 648, 545, 371, 654]
	 A0A009SZ84	[369, 368, 367, 366, 365, 648, 545, 371, 654]

 ### Operon type: 230

	 A0A009IG48	[0, 0, 0, 124, 123, 0, 0, 0, 584]

 ### Operon type: 231

	 A0A009IMQ0	[0, 0, 0, 124, 123, 0, 0, 0, 0]

 ### Operon type: 232

	 A0A009SWV1	[0, 0, 0, 0, 0, 0, 0, 124, 0]

 ### Operon type: 233

	 A0A011TAW2	[0, 0, 0, 0, 0, 0, 272, 0, 0]
	 A0A009SFX8	[272, 0, 0, 0, 0, 0, 0, 0, 0]

 ### Operon type: 234

	 A0A011TZN1	[0, 0, 0, 0, 242, 0, 0, 0, 0]
	 A0A009RHH9	[0, 0, 0, 0, 242, 0, 0, 0, 0]

 ### Operon type: 235

	 A0A009Q512	[0, 0, 0, 0, 165, 0, 0, 0, 0]
	 A0A009PMZ9	[165, 0, 0, 0, 0, 0, 0, 0, 0]

 ### Operon type: 236

	 A0A009IFL2	[0, 43, 0, 42, -1, 0, 0, 0]

 ### Operon type: 237

	 A0A009ZDS1	[-1, -1, 0, 43, 0, 0, 425, 0, 0]

 ### Operon type: 238

	 A0A010IZH1	[-1, 368, 367, 366, 365, 648, 0, 0, 0]
	 A0A009NPS1	[0, 368, 367, 366, 365, -1, 0, 0, 0]
	 A0A009HJM0	[0, 368, 367, 366, 365, 648, 0, 0, 0]

 ### Operon type: 239

	 A0A009HUS9	[368, 367, 0, 0, 0, 0, -1, 0, 0]

 ### Operon type: 240

	 A0A009HM15	[0, 137, 136, 0, 0, 0, -1, 0, 0]

 ### Operon type: 241

	 A0A009RQL5	[0, 0, 0, 0, 0, 0, 137, 136, 0]

 ### Operon type: 242

	 A0A009IJ01	[0, 0, 0, 0, 0, 0, 137, 136, 135]

 ### Operon type: 243

	 A0A009NCH6	[0, 0, 0, 0, 0, 0, 0, 136, 135]

 ### Operon type: 244

	 A0A011UB51	[323, 0, 0, 0, 0, 0, 0, 0, 0]
	 A0A011UFH1	[0, 0, 0, 0, 0, 323, 0, 0, 0]

 ### Operon type: 245

	 A0A011VHP2	[0, -1, -1, -1, 119, 0, 0, 0, 0]
	 A0A011V965	[0, -1, -1, 0, 119, 0, -1, -1, 0]

 ### Operon type: 246

	 A0A010RVD0	[-1, 0, 0, -1, 0, 678, 678, 0, 25]

 ### Operon type: 247

	 A0A010T7Q5	[0, 25, 0, 0, 0, 0, -1, 0, 0]

 ### Operon type: 248

	 A0A010SNM6	[0, 0, -1, 0, 0, 0, 545, 0, 0]
	 A0A010SRR2	[0, 0, -1, 0, 0, 0, 0, 0, 545]

 ### Operon type: 249

	 A0A010SJH7	[0, 0, 545, -1, 0, 0, 172, 0, 0]

 ### Operon type: 250

	 A0A010RKP8	[0, 0, 0, 0, 0, 0, -1, 0, 0]
	 A0A009RG92	[-1, 0, 0, 0, 0, 0, 0, 0, 0]
	 A0A011V107	[0, -1, 0, 0, 0, 0, 0, 0, 0]
	 A0A009PH57	[0, 0, -1, 0, 0, 0, 0, 0, 0]
	 A0A011U7M7	[0, 0, -1, 0, 0, 0, 0, 0, 0]
	 A0A009N9Z1	[-1, 0, 0, 0, 0, 0, 0, 0, 0]
	 A0A010JDA6	[-1, 0, 0, 0, 0, 0, 0, 0, 0]
	 A0A009QDV7	[-1, 0, 0, 0, 0, 0, 0, 0, 0]
	 A0A010TF14	[-1, 0, 0, 0, 0, 0, 0, 0, 0]
	 A0A010RY47	[-1, 0, -1, 0, 0, 0, 0, 0, 0]
	 A0A009H6M2	[-1, 0, 0, 0, 0, 0, 0, 0, 0]
	 A0A009HJU6	[0, 0, 0, 0, 0, 0, 0, 0, -1]
	 A0A009IHQ3	[-1, 0, 0, 0, 0, 0, 0, 0, 0]
	 A0A011UZ32	[0, 0, 0, 0, 0, -1, 0, 0, 0]
	 A0A011UZ49	[0, -1, 0, 0, 0, 0, 0, 0, 0]
	 A0A009TG92	[0, 0, -1, 0, 0, 0, 0, 0, 0]

 ### Operon type: 251

	 A0A010SJF9	[0, 0, 0, 0, 0, -1, 0, 87, -1]

 ### Operon type: 252

	 A0A010T5D8	[0, 0, 0, -1, 0, -1, 376, 0, 0]

 ### Operon type: 253

	 A0A011ML54	[0, 0, 0, 500, 0, 0, 0, 0, -1]

 ### Operon type: 254

	 A0A011NHY1	[0, 0, 0, 0, 0, 545, 0, 0, 0]

 ### Operon type: 255

	 A0A010Z171	[0, 0, 0, 0, 0, 0, 545, 0, 382]

 ### Operon type: 256

	 A0A010ZX98	[0, 0, 0, 0, 0, 10, 545, 545, 0]

 ### Operon type: 257

	 A0A010YRE8	[0, 0, 0, 0, 0, 0, 0, 10, 0]

 ### Operon type: 258

	 A0A011AF05	[0, 0, 91, 10, 0, 0, 0, 0, 0]

 ### Operon type: 259

	 A0A011SQL0	[583, 0, -1, 0, 0, 0, 0, 0, 0]

 ### Operon type: 260

	 A0A009ZC82	[0, 0, 583, 0, 0, 0, 0, 0, 0]

 ### Operon type: 261

	 A0A011P3F6	[584, 0, 0, 583, 0, 0, 0, 0, 0]

 ### Operon type: 262

	 A0A011T697	[545, 0, 0, 0, 0, 0, 0, 0, 310]

 ### Operon type: 263

	 A0A011TDD1	[0, 206, 545, 0, 0, 0, 0, 0, 0]

 ### Operon type: 264

	 A0A011VW24	[0, 0, 664, 0, 0, 0, 0, 0, -1]

 ### Operon type: 265

	 A0A011T8V3	[0, 0, 664, 0, 0, 0, 0, 0, 0]

 ### Operon type: 266

	 A0A010TH98	[523, 0, 0, 664, 0, 0, 0, 0, 0]

 ### Operon type: 267

	 A0A011QVR3	[0, 0, 0, 0, 0, 0, 0, 665, 664]

 ### Operon type: 268

	 A0A011RM25	[0, 0, 0, 0, 0, 664, 0, 627, 0]

 ### Operon type: 269

	 A0A011VXC2	[-1, 326, 0, 0, 0, 0, 0, 0, 0]

 ### Operon type: 270

	 A0A011VYF1	[664, 0, 0, 0, 0, 0, 323, 0, 0]

 ### Operon type: 271

	 A0A010S415	[-1, 664, 0, 180, 0, 0, 0, 0, 414]

 ### Operon type: 272

	 A0A011QSN2	[0, 0, 0, 0, 0, 0, 0, 0, 0]
	 A0A011NAJ1	[0, 0, 0, 0, 0, 0, 0, 0, 0]
	 A0A011NAY5	[0, 0, 0, 0, 0, 0, 0, 0, 0]
	 A0A011NDM5	[0, 0, 0, 0, 0, 0, 0, 0, 0]
	 A0A011SGD5	[0, 0, 0, 0, 0, 0, 0, 0, 0]
	 A0A011P4U7	[0, 0, 0, 0, 0, 0, 0, 0, 0]
	 A0A011P9Z5	[0, 0, 0, 0, 0, 0, 0, 0, 0]
	 A0A011PBM9	[0, 0, 0, 0, 0, 0, 0, 0, 0]
	 A0A011NTU3	[0, 0, 0, 0, 0, 0, 0, 0, 0]
	 A0A011Q056	[0, 0, 0, 0, 0, 0, 0, 0, 0]
	 A0A011Q1B3	[0, 0, 0, 0, 0, 0, 0, 0, 0]
	 A0A011NMI8	[0, 0, 0, 0, 0, 0, 0, 0, 0]
	 A0A011QVV5	[0, 0, 0, 0, 0, 0, 0, 0, 0]
	 A0A011N2Z0	[0, 0, 0, 0, 0, 0, 0, 0, 0]
	 A0A011N3C3	[0, 0, 0, 0, 0, 0, 0, 0, 0]
	 A0A011N4G4	[0, 0, 0, 0, 0, 0, 0, 0, 0]
	 A0A011QMJ8	[0, 0, 0, 0, 0, 0, 0, 0, 0]
	 A0A013T8M5	[0, 0, 0, 0, 0, 0, 0, 0, 0]
	 A0A013TEV4	[0, 0, 0, 0, 0, 0, 0, 0, 0]
	 A0A010IPH1	[0, 0, 0, 0, 0, 0, 0, 0, 0]
	 A0A011PKU5	[0, 0, 0, 0, 0, 0, 0, 0, 0]
	 A0A011PJK8	[0, 0, 0, 0, 0, 0, 0, 0, 0]
	 A0A011PNN2	[0, 0, 0, 0, 0, 0, 0, 0, 0]
	 A0A013S2B9	[0, 0, 0, 0, 0, 0, 0, 0, 0]
	 A0A013SBR8	[0, 0, 0, 0, 0, 0, 0, 0, 0]
	 A0A013TPV4	[0, 0, 0, 0, 0, 0, 0, 0, 0]
	 A0A013SL47	[0, 0, 0, 0, 0, 0, 0, 0, 0]
	 A0A011WUT3	[0, 0, 0, 0, 0, 0, 0, 0, 0]
	 A0A011VYF6	[0, 0, 0, 0, 0, 0, 0, 0, 0]
	 A0A011WSE5	[0, 0, 0, 0, 0, 0, 0, 0, 0]
	 A0A011TWN2	[0, 0, 0, 0, 0, 0, 0, 0, 0]
	 A0A011UHL2	[0, 0, 0, 0, 0, 0, 0, 0, 0]
	 A0A009PDV4	[0, 0, 0, 0, 0, 0, 0, 0, 0]
	 A0A009PG53	[0, 0, 0, 0, 0, 0, 0, 0, 0]
	 A0A011UBN9	[0, 0, 0, 0, 0, 0, 0, 0, 0]
	 A0A011TAF9	[0, 0, 0, 0, 0, 0, 0, 0, 0]
	 A0A011TLH0	[0, 0, 0, 0, 0, 0, 0, 0, 0]
	 A0A011VWR4	[0, 0, 0, 0, 0, 0, 0, 0, 0]
	 A0A011WKI4	[0, 0, 0, 0, 0, 0, 0, 0, 0]
	 A0A009ISY0	[0, 0, 0, 0, 0, 0, 0, 0, 0]
	 A0A009M4K0	[0, 0, 0, 0, 0, 0, 0, 0, 0]
	 A0A009MGJ1	[0, 0, 0, 0, 0, 0, 0, 0, 0]
	 A0A009MGQ8	[0, 0, 0, 0, 0, 0, 0, 0, 0]
	 A0A009MMM3	[0, 0, 0, 0, 0, 0, 0, 0, 0]
	 A0A009N031	[0, 0, 0, 0, 0, 0, 0, 0, 0]
	 A0A009N123	[0, 0, 0, 0, 0, 0, 0, 0, 0]
	 A0A010IZE4	[0, 0, 0, 0, 0, 0, 0, 0, 0]
	 A0A009QQ47	[0, 0, 0, 0, 0, 0, 0, 0, 0]
	 A0A009PT82	[0, 0, 0, 0, 0, 0, 0, 0, 0]
	 A0A009NQA1	[0, 0, 0, 0, 0, 0, 0, 0, 0]
	 A0A010SHY1	[0, 0, 0, 0, 0, 0, 0, 0, 0]
	 A0A009MH90	[0, 0, 0, 0, 0, 0, 0, 0, 0]
	 A0A009Q3K7	[0, 0, 0, 0, 0, 0, 0, 0, 0]
	 A0A009I0I9	[0, 0, 0, 0, 0, 0, 0, 0, 0]
	 A0A009IRJ6	[0, 0, 0, 0, 0, 0, 0, 0, 0]
	 A0A011VMV7	[0, 0, 0, 0, 0, 0, 0, 0, 0]
	 A0A011VNE2	[0, 0, 0, 0, 0, 0, 0, 0, 0]
	 A0A011VSC9	[0, 0, 0, 0, 0, 0, 0, 0, 0]
	 A0A011VUV0	[0, 0, 0, 0, 0, 0, 0, 0, 0]
	 A0A011VZG0	[0, 0, 0, 0, 0, 0, 0, 0, 0]
	 A0A011VW71	[0, 0, 0, 0, 0, 0, 0, 0, 0]
	 A0A011V8Y9	[0, 0, 0, 0, 0, 0, 0, 0, 0]
	 A0A009SWU0	[0, 0, 0, 0, 0, 0, 0, 0, 0]
	 A0A009RR21	[0, 0, 0, 0, 0, 0, 0, 0, 0]
	 A0A009HBT3	[0, 0, 0, 0, 0, 0, 0, 0, 0]
	 A0A009T1I8	[0, 0, 0, 0, 0, 0, 0, 0, 0]
	 A0A009SCM5	[0, 0, 0, 0, 0, 0, 0, 0, 0]
	 A0A009RHH7	[0, 0, 0, 0, 0, 0, 0, 0, 0]
	 A0A009RMD0	[0, 0, 0, 0, 0, 0, 0, 0, 0]
	 A0A009HTN9	[0, 0, 0, 0, 0, 0, 0, 0, 0]
	 A0A009HIL8	[0, 0, 0, 0, 0, 0, 0, 0, 0]
	 A0A009HL81	[0, 0, 0, 0, 0, 0, 0, 0, 0]
	 A0A009I463	[0, 0, 0, 0, 0, 0, 0, 0, 0]
	 A0A011UTJ0	[0, 0, 0, 0, 0, 0, 0, 0, 0]
	 A0A011UWH1	[0, 0, 0, 0, 0, 0, 0, 0, 0]
	 A0A009R2X0	[0, 0, 0, 0, 0, 0, 0, 0, 0]
	 A0A009R4N4	[0, 0, 0, 0, 0, 0, 0, 0, 0]
	 A0A009RBQ2	[0, 0, 0, 0, 0, 0, 0, 0, 0]
	 A0A009QVK8	[0, 0, 0, 0, 0, 0, 0, 0, 0]
	 A0A011UFM5	[0, 0, 0, 0, 0, 0, 0, 0, 0]
	 A0A011UG71	[0, 0, 0, 0, 0, 0, 0, 0, 0]
	 A0A011UGX8	[0, 0, 0, 0, 0, 0, 0, 0, 0]
	 A0A009PAG1	[0, 0, 0, 0, 0, 0, 0, 0, 0]
	 A0A009SHB3	[0, 0, 0, 0, 0, 0, 0, 0, 0]
	 A0A009SIF9	[0, 0, 0, 0, 0, 0, 0, 0, 0]
	 A0A010SPJ7	[0, 0, 0, 0, 0, 0, 0, 0, 0]
	 A0A010SSQ8	[0, 0, 0, 0, 0, 0, 0, 0, 0]
	 A0A010T025	[0, 0, 0, 0, 0, 0, 0, 0, 0]
	 A0A010ZJQ6	[0, 0, 0, 0, 0, 0, 0, 0, 0]
	 A0A010YJA7	[0, 0, 0, 0, 0, 0, 0, 0, 0]
	 A0A010ZTI3	[0, 0, 0, 0, 0, 0, 0, 0, 0]
	 A0A011A146	[0, 0, 0, 0, 0, 0, 0, 0, 0]
	 A0A011AIL7	[0, 0, 0, 0, 0, 0, 0, 0, 0]
	 A0A010YZS8	[0, 0, 0, 0, 0, 0, 0, 0, 0]
	 A0A010Z120	[0, 0, 0, 0, 0, 0, 0, 0, 0]
	 A0A009T3J5	[0, 0, 0, 0, 0, 0, 0, 0, 0]

 ### Operon type: 273

	 A0A010TG27	[497, 0, 34, 0, 0, 0, 648, 0, 0]

 ### Operon type: 274

	 A0A011PMK1	[0, 0, 0, 0, 0, 0, 0, 497, 0]

 ### Operon type: 275

	 A0A009HRU1	[0, 176, 0, 0, 0, 0, 0, 0, 0]

 ### Operon type: 276

	 A0A009HSN8	[0, 168, 0, 0, 0, -1, 0, 233, -1]

 ### Operon type: 277

	 A0A009HV82	[133, 0, 0, 0, 0, 0, 0, 0, 0]

 ### Operon type: 278

	 A0A009IG74	[0, 0, 147, 0, 377, -1, 0, 0, 0]

 ### Operon type: 279

	 A0A009IJ90	[0, 47, 0, 0, 0, 0, 0, 0, 0]

 ### Operon type: 280

	 A0A009ISE1	[426, 0, 577, 0, 0, -1, 0, 0, 0]

 ### Operon type: 281

	 A0A009NM94	[0, 613, 613, 0, 0, 0, 206, 0, 0]

 ### Operon type: 282

	 A0A009Q4N5	[0, 0, 166, 0, 0, 0, 0, 0, 0]

 ### Operon type: 283

	 A0A009SSZ9	[0, 101, 0, 0, 0, 0, 0, 0, 0]

 ### Operon type: 284

	 A0A009TBM2	[0, 0, 0, 0, 0, 0, 0, 0, 372]

 ### Operon type: 285

	 A0A009Q8S9	[0, 0, 584, 372, 0, 283, 0, 0, 0]

 ### Operon type: 286

	 A0A009YIH1	[0, 0, 0, 0, 138, 0, -1, -1, 2]

 ### Operon type: 287

	 A0A009YR05	[0, 0, 0, 0, 40, 0, 0, 0, 0]

 ### Operon type: 288

	 A0A009Z004	[68, 0, 68, 0, 0, 382, 0, 0, 0]

 ### Operon type: 289

	 A0A010IGH8	[0, 0, 0, 0, 0, 0, 0, 330, 0]

 ### Operon type: 290

	 A0A010JIN9	[423, 0, 0, 170, 169, 0, 0, 0, 0]

 ### Operon type: 291

	 A0A010RS09	[0, 0, 0, 0, 30, 0, 597, 597, 0]

 ### Operon type: 292

	 A0A010RUQ5	[0, 0, 0, 0, 0, 0, 0, 0, 215]

 ### Operon type: 293

	 A0A010S195	[583, 0, 85, 84, 0, 0, 0, 0, 0]

 ### Operon type: 294

	 A0A010SCZ2	[0, 0, 0, 0, 0, 0, 0, 279, 0]

 ### Operon type: 295

	 A0A010SN41	[0, 0, 0, 0, 276, 0, 0, 0, 0]

 ### Operon type: 296

	 A0A010SSU2	[0, 0, 0, 0, 60, 0, -1, 572, 0]

 ### Operon type: 297

	 A0A010SUP6	[0, 0, 0, 0, 0, 0, 0, 84, 0]

 ### Operon type: 298

	 A0A010SUY9	[0, 0, 0, 0, 0, 258, 561, 0]

 ### Operon type: 299

	 A0A010THK2	[0, 0, -1, 0, 0, 597, 382, 0, 0]

 ### Operon type: 300

	 A0A010SRL4	[34, 0, 0, -1, 0, 0, 0, 382, 120]

 ### Operon type: 301

	 A0A010YF95	[720, 0, 0, 0, 0, 0, 0, 0, 0]

 ### Operon type: 302

	 A0A010YT39	[0, 496, 0, 0, 0, 0, 0, 0, 0]

 ### Operon type: 303

	 A0A010YX61	[351, 575, 0, 664, 0, 0, 0, 0, 0]

 ### Operon type: 304

	 A0A010ZWJ8	[0, 0, 0, 0, 0, 574, 0, 0, 0]

 ### Operon type: 305

	 A0A009ZVR4	[618, 0, 575, 0, 0, 28, 0, 0, 0]

 ### Operon type: 306

	 A0A011AHW1	[0, 0, 0, 0, 0, 0, 0, 11, 0]

 ### Operon type: 307

	 A0A011NE37	[329, 0, 0, 0, 0, 0, 0, 0, 0]

 ### Operon type: 308

	 A0A011NF78	[0, 0, 685, 0, 0, 0, 0, 0, 0]

 ### Operon type: 309

	 A0A011NVE2	[0, 0, 0, 659, 0, 0, 545, 0, 544]

 ### Operon type: 310

	 A0A011NXJ4	[0, 0, 0, 0, 0, 0, 0, 0, 533]

 ### Operon type: 311

	 A0A011P8I1	[0, 0, 576, 575, 0, 0, 0, 0, 574]

 ### Operon type: 312

	 A0A011P9Q7	[569, 0, 0, 0, 0, 0, 0, 0, 0]

 ### Operon type: 313

	 A0A011PCT1	[0, 0, 0, 0, 0, 0, 0, 629, 0]

 ### Operon type: 314

	 A0A011PJ75	[0, 659, 502, 659, 0, 0, 0, 0, 0]

 ### Operon type: 315

	 A0A011PRB4	[0, 0, 0, 0, 0, 0, 0, 514, 0]

 ### Operon type: 316

	 A0A011Q5V7	[719, 0, 0, 0, 0, 0, 0, 0, 0]

 ### Operon type: 317

	 A0A011QU35	[0, 0, 0, 0, 674, 0, 0, 0, 0]

 ### Operon type: 318

	 A0A011QVT2	[663, 0, 0, 0, 0, 0, 0, 662, 0]

 ### Operon type: 319

	 A0A011RP14	[0, 0, 0, 0, 0, 0, 0, 620, 0]

 ### Operon type: 320

	 A0A011SM49	[545, 0, 620, 0, 0, 0, 288, 0, 0]

 ### Operon type: 321

	 A0A011AM27	[515, 0, 0, 0, 427, 0, 0, 0, 18]

 ### Operon type: 322

	 A0A011T607	[0, 0, 689, 0, 0, 0, 0, 0, 206]

 ### Operon type: 323

	 A0A010S5W8	[0, 0, 487, 689, 0, 0, 0, 0, 0]

 ### Operon type: 324

	 A0A011MSR2	[0, 0, 0, 487, 0, 0, 0, 716, 0]

 ### Operon type: 325

	 A0A010YYJ5	[0, 0, 0, 716, 0, 0, 0, 28, 28]

 ### Operon type: 326

	 A0A011TED9	[0, 0, 0, 0, 0, 208, 0, 0, 0]

 ### Operon type: 327

	 A0A011TXS5	[0, 287, 0, 0, 0, 0, 0, 0, 0]

 ### Operon type: 328

	 A0A011U144	[0, 215, 0, 0, 0, 0, 533, 456, 0]

 ### Operon type: 329

	 A0A011U1C8	[581, 0, 0, 0, 0, 0, 0, 0, 214]

 ### Operon type: 330

	 A0A011U483	[0, 0, 0, 0, 0, 580, 0, 0, 0]

 ### Operon type: 331

	 A0A011UDF3	[0, 0, 0, 0, 0, 265, 0, 0, 0]

 ### Operon type: 332

	 A0A011UG86	[0, 585, 0, 0, 0, 87, 0, 0, 0]

 ### Operon type: 333

	 A0A011UGY3	[0, 0, 0, 36, 0, 0, 0, 36, 0]

 ### Operon type: 334

	 A0A011UJN3	[0, 402, 0, 0, 0, 0, 0, 0, 0]

 ### Operon type: 335

	 A0A009INE0	[404, 0, 0, 0, 0, 0, 0, 502, 402]

 ### Operon type: 336

	 A0A011UQB5	[610, 636, 0, 0, 0, 0, 0, 323, 0]

 ### Operon type: 337

	 A0A011UVI5	[0, 0, 0, 0, 0, 39, 659, 659, 0]

 ### Operon type: 338

	 A0A011UWI3	[0, 0, 0, 0, 153, 0, 145, 583, 0]

 ### Operon type: 339

	 A0A011V5E6	[0, 0, 0, 0, 0, 316, 0, 0, 0]

 ### Operon type: 340

	 A0A011M4H6	[280, 0, 594, 0, 0, 0, 0, 0, 0]

 ### Operon type: 341

	 A0A011VSV3	[0, 0, 0, 0, 0, 0, 554, 0, 0]

 ### Operon type: 342

	 A0A011VWI0	[0, 0, 0, 0, 0, 112, 0, 0, 0]

 ### Operon type: 343

	 A0A011VZ91	[203, 0, 0, 0, 0, 0, 0, 0, 0]

 ### Operon type: 344

	 A0A011W213	[0, 0, 0, 0, 0, 546, 0, 0, 0]

 ### Operon type: 345

	 A0A011WP76	[0, 0, 0, 0, 0, 0, 0, 0, 667]

 ### Operon type: 346

	 A0A011WSD4	[0, 0, 0, -1, 0, 716, 0, 0, 337]

 ### Operon type: 347

	 A0A011VZF5	[0, 0, 312, 313, 0, 716, 337, 716, 0]

 ### Operon type: 348

	 A0A011WSU6	[0, 716, 0, 0, 314, 0, 0, 0, 0]

 ### Operon type: 349

	 A0A013S843	[0, 371, 0, 0, 0, 0, -1, 370, 0]

 ### Operon type: 350

	 A0A013S981	[361, 0, 0, 0, 0, 0, 0, 0, 0]

 ### Operon type: 351

	 A0A013T337	[0, 0, 0, 0, 0, 0, 0, 0, 462]

 ### Operon type: 352

	 A0A013T5E6	[0, 0, 0, 461, 0, 0, 0, 0, 0]

 ### Operon type: 353

	 A0A013SGL3	[353, 352, 351, 350, 349, 652, 348, 581, 347]
	 A0A010KAV2	[353, 0, 0, 350, 349, 652, 348, 581, 347]
	 A0A009NE81	[353, 352, 351, 350, 349, 652, 348, 581, 347]
	 A0A009RQH3	[353, 0, 0, 350, 349, 652, 348, 581, 347]
	 A0A009I5Z6	[353, 0, 351, 350, 349, 652, 348, 581, 347]

 ### Operon type: 354

	 A0A013TB41	[353, -1, 0, 0, 349, 652, 348, 581, 347]

 ### Operon type: 355

	 A0A009H3X4	[353, 0, 0, 0, 349, 652, -1, 597, -1]

 ### Operon type: 356

	 A0A009YL68	[0, 0, 581, 353, 349, 0, 0, 3, 0]

 ### Operon type: 357

	 A0A009T9H0	[0, 2, 584, -1, 0, 0, 177, 0, 176]

 ### Operon type: 358

	 A0A010THH5	[0, 139, 43, 39, 0, 0, 608, 0, 425]

 ### Operon type: 359

	 A0A011WSH8	[0, 0, 0, 648, 277, 0, 0, 0, 0]
	 A0A011VZE3	[0, 0, 0, 648, 277, 0, 0, 0, 0]

 ### Operon type: 360

	 A0A011NAF3	[0, 0, 0, 0, 0, 0, 648, 0, 647]

 ### Operon type: 361

	 A0A009IQ93	[209, 0, 648, 0, 0, 120, 0, 0, 0]

 ### Operon type: 362

	 A0A009TLU4	[0, 287, -1, 187, 0, 23, 0, -1, -1]

 ### Operon type: 363

	 A0A010JNG7	[436, 0, 0, 430, 0, 0, 0, 0, 0]

 ### Operon type: 364

	 A0A010S003	[550, 0, 0, 0, 0, 585, 585, 185, 0]

 ### Operon type: 365

	 A0A010SMN8	[0, -1, 86, 0, 598, 0, 0, 557, 0]

 ### Operon type: 366

	 A0A010SXS1	[0, 225, 0, 0, 0, 201, 0, 0, 662]

 ### Operon type: 367

	 A0A010T689	[18, -1, 608, 623, 0, 0, 0, 0, 0]

 ### Operon type: 368

	 A0A010TBB4	[0, 88, 0, 87, 0, 0, 0, 0, 581]

 ### Operon type: 369

	 A0A010YFK3	[0, 628, 0, 0, 0, 0, 113, 0, 214]

 ### Operon type: 370

	 A0A010YVY1	[7, 0, 7, 0, 0, 0, 0, 185, 0]

 ### Operon type: 371

	 A0A010Z7T4	[0, 0, 0, 0, 0, 0, 0, 589, 516]

 ### Operon type: 372

	 A0A010RRR9	[0, 0, 0, 0, 591, 0, 0, 590, 589]

 ### Operon type: 373

	 A0A010SIA7	[0, 0, 590, 141, 0, 0, 0, 0, 0]

 ### Operon type: 374

	 A0A010ZSZ2	[0, 41, 0, 14, 13, 0, 0, 0, 0]

 ### Operon type: 375

	 A0A010Z0Y7	[0, 0, 0, 0, 13, 180, 0, 0, 0]

 ### Operon type: 376

	 A0A010ZUR7	[282, 12, 0, 12, 0, 11, 185, 0, 0]

 ### Operon type: 377

	 A0A011A0M8	[0, 0, 382, 0, 42, 0, 0, 9, 9]

 ### Operon type: 378

	 A0A011NFL4	[0, 612, 0, 0, 498, 497, 0, 496, 0]

 ### Operon type: 379

	 A0A011P407	[0, 0, 582, 611, 0, 0, 581, 0, 580]

 ### Operon type: 380

	 A0A011QGT2	[648, 0, 0, 479, 478, 0, 0, 0, 0]

 ### Operon type: 381

	 A0A011QSA4	[688, 0, 687, 686, 0, 0, 0, 0, 685]

 ### Operon type: 382

	 A0A011T6J6	[0, 719, 0, 575, 0, 0, 309, 0, 308]

 ### Operon type: 383

	 A0A011TAL2	[0, 689, 0, 0, 0, 207, 0, 534, 0]

 ### Operon type: 384

	 A0A011TYT7	[0, 0, 0, 0, 0, 0, 286, 285, 285]

 ### Operon type: 385

	 A0A011TZG0	[382, 717, 0, 0, 0, 0, 0, 437, 0]

 ### Operon type: 386

	 A0A011Q6N5	[0, 0, 0, 0, 0, 0, 718, 717, 718]

 ### Operon type: 387

	 A0A011UII7	[0, 0, 0, 0, 0, 544, 284, 0, 0]

 ### Operon type: 388

	 A0A011UNT9	[283, 291, 0, 0, 0, 0, 0, 0, 0]

 ### Operon type: 389

	 A0A011SIS0	[0, 704, 292, 292, 0, 0, 0, 291, 0]

 ### Operon type: 390

	 A0A011UT49	[0, 41, 0, 0, 0, 0, 225, 117, 0]

 ### Operon type: 391

	 A0A011VU65	[114, 0, 0, 0, 0, 113, 0, 0, 0]

 ### Operon type: 392

	 A0A011VV03	[0, 282, 0, 0, 281, 280, 0, 0, 0]

 ### Operon type: 393

	 A0A011VVZ9	[0, 0, -1, 0, 0, 279, 278, 278, 290]

 ### Operon type: 394

	 A0A011VWX7	[662, 327, 0, 0, 0, 0, 0, 609, 0]

 ### Operon type: 395

	 A0A011VXK7	[613, 613, 0, 407, 0, 0, 0, 721, 0]

 ### Operon type: 396

	 A0A011W0I6	[202, 0, 0, 0, 0, 384, 0, 500, 0]

 ### Operon type: 397

	 A0A010YEF6	[0, 202, 0, 0, 0, 0, 0, 0, 19]

 ### Operon type: 398

	 A0A013SQH1	[0, 0, 0, 0, 276, 387, 0, 436, 646]

 ### Operon type: 399

	 A0A009LNU8	[273, 275, 296, 295, 0, 187, 0, 436, 0]

 ### Operon type: 400

	 A0A013SRG6	[294, 295, 296, 275, 0, 274, 0, 273, 495]

 ### Operon type: 401

	 A0A009IQU8	[0, 275, 0, 0, 0, 274, 495, 0, 0]

 ### Operon type: 402

	 A0A010K2K8	[296, 295, 294, 0, 0, 0, 0, -1, 436]

 ### Operon type: 403

	 A0A011NPR8	[0, 495, 0, 0, 0, 0, 494, 0, 0]

 ### Operon type: 404

	 A0A010SEA2	[724, 494, 139, 0, 0, 0, 0, 0, 0]

 ### Operon type: 405

	 A0A009ZIC0	[66, 76, 593, 171, 334, 599, 75, 88, 333]

 ### Operon type: 406

	 A0A009ZB47	[79, 27, 0, 0, 0, 716, 423, 0, 0]

 ### Operon type: 407

	 A0A010RM40	[596, 648, 595, 0, 0, 0, 0, -1, 649]

 ### Operon type: 408

	 A0A010RRQ6	[0, 594, 0, 0, 0, 598, 593, 592, 0]

 ### Operon type: 409

	 A0A010S423	[309, 0, 0, 0, 0, 0, 0, 145, 617]

 ### Operon type: 410

	 A0A010T0I7	[0, 0, 19, 0, 0, 576, 687, 648, 0]

 ### Operon type: 411

	 A0A011AHU9	[0, 0, 0, 0, 0, 0, 0, 8, 501]

 ### Operon type: 412

	 A0A010YY02	[0, 6, 0, 0, 6, 520, 5, 0, 8]

 ### Operon type: 413

	 A0A011NA78	[0, 650, 0, 0, 0, 678, 0, 0, 649]

 ### Operon type: 414

	 A0A011P8W7	[573, 582, 662, 0, 572, 0, 0, 0, 0]

 ### Operon type: 415

	 A0A011PG97	[557, 0, 0, 556, 0, 0, 0, 0, 0]

 ### Operon type: 416

	 A0A011PKT4	[0, 387, 0, 0, 0, 0, 386, 0, 0]

 ### Operon type: 417

	 A0A011PLB2	[0, 573, 0, 388, 0, 0, 0, 0, 0]

 ### Operon type: 418

	 A0A011R339	[0, 0, 0, 0, 0, 0, 252, 251, 0]

 ### Operon type: 419

	 A0A011SFE5	[0, 0, 0, 613, 0, 0, 612, 611, 610]

 ### Operon type: 420

	 A0A011SJT5	[0, 0, 0, 290, 289, 289, 289, 289, 289]

 ### Operon type: 421

	 A0A011TDQ5	[0, 0, 0, 0, 205, 385, 0, 0, 0]

 ### Operon type: 422

	 A0A011UG17	[216, 0, 204, 0, 37, 114, 0, 0, 0]

 ### Operon type: 423

	 A0A011V8Z7	[0, 0, 0, 0, 0, 110, 109, 0, 0]

 ### Operon type: 424

	 A0A011VT01	[0, 0, 115, 0, 0, 115, 0, 0, 219]

 ### Operon type: 425

	 A0A011VYP6	[0, 0, 0, 0, 0, 0, 204, 484, 0]

 ### Operon type: 426

	 A0A011V392	[326, 0, 514, 312, 313, 311, 0, 314, 315]

 ### Operon type: 427

	 A0A009Q0U9	[395, 96, 95, 0, 93, 92, -1, -1, 0]

 ### Operon type: 428

	 A0A010SRB2	[23, 22, 0, 0, 0, 22, 21, 0, 0]

 ### Operon type: 429

	 A0A011VJ76	[118, 118, 117, 496, 0, 648, 382, 0, 582]

 ### Operon type: 430

	 A0A013SKX6	[0, 0, 619, 0, 377, 377, 319, 318, 317]

 ### Operon type: 431

	 A0A010KA25	[423, 0, 608, 392, 293, 0, 0, 423, 368]

 ### Operon type: 432

	 A0A011WUA8	[701, 0, 0, 336, 0, 0, 0, 335, 335]

 ### Operon type: 433

	 A0A010S4X6	[0, 180, 595, 585, 342, 0, 535, 383, 597]

 ### Operon type: 434

	 A0A011U8C0	[0, 213, 212, 0, 211, 210, 0, 0, 0]
