
 ### Operon type: 1

	 A0A010ILU3	[756, 755, 754, 753, 752, 751, 750, 749, 748]
	 A0A009MW50	[756, 755, 754, 753, 752, 751, 750, 749, 748]
	 A0A009H3B0	[756, 755, 754, 753, 752, 751, 750, 749, 748]
	 A0A009QS71	[756, 755, 754, 753, 752, 751, 750, 749, 748]
	 A0A009QBR9	[756, 755, 754, 753, 752, 751, 749, 748, 120]
	 A0A009I8S2	[756, 755, 754, 753, 752, 751, 749, 748, 120]
	 A0A009TM70	[756, 755, 754, 753, 752, 751, 749, 748, 120]

 ### Operon type: 2

	 A0A013TH43	[429, 428, 577, 534, 427, 426, 425, 424, 545]
	 A0A009RAF0	[429, 428, 577, 534, 427, 426, 425, 424, 545]

 ### Operon type: 3

	 A0A011PVT3	[686, 584, 583, 582, 778, 581, 580, 579, 578]
	 A0A011R7V7	[686, 584, 583, 582, 778, 581, 580, 579, 578]
	 A0A011MET3	[686, 584, 583, 582, 778, 581, 580, 579, 578]

 ### Operon type: 4

	 A0A013SNJ8	[716, 396, 748, 395, 394, 393, 403, 392, 391]
	 A0A013RZW2	[716, 396, 748, 395, 394, 393, 403, 392, 391]
	 A0A009PH20	[716, 396, 748, 395, 394, 393, 403, 392, 391]
	 A0A009MMM3	[716, 396, 748, 395, 394, 393, 403, 392, 391]
	 A0A009IV03	[716, 396, 748, 395, 394, 393, 403, 392, 391]
	 A0A009HBT3	[716, 396, 748, 395, 394, 393, 403, 392, 391]
	 A0A009RD69	[716, 396, 748, 395, 394, 393, 403, 392, 391]
	 A0A009SIZ4	[716, 396, 748, 395, 394, 393, 403, 392, 391]
	 A0A010J9U3	[716, 396, 748, 395, 394, 393, 403, 392, 391]
	 A0A009YIZ0	[716, 396, 748, 395, 394, 393, 403, 392, 391]

 ### Operon type: 5

	 A0A009PH57	[260, 259, -1, 258, 257, 694, 305, 556, 256]
	 A0A009TG92	[260, 259, -1, 258, 257, 694, 305, 556, 256]

 ### Operon type: 6

	 A0A013S288	[466, 339, 338, 337, 393, 336, 335, 334, 333]
	 A0A009N031	[466, 339, 338, 337, 393, 336, 335, 334, 333]
	 A0A009PWG1	[466, 339, 338, 337, 393, 336, 335, 334, 333]
	 A0A009I0I9	[466, 339, 338, 337, 393, 336, 335, 334, 333]
	 A0A009R2X0	[466, 339, 338, 337, 393, 336, 335, 334, 333]
	 A0A013SXT2	[466, 339, 338, 337, 393, 336, 335, 334, 333]
	 A0A009SFX8	[466, 339, 338, 337, 46, 393, 336, 335, 334]
	 A0A010J3I1	[466, 339, 338, 337, 393, 336, 335, 334, 333]
	 A0A009TBM2	[339, 338, 337, 46, 393, 336, 335, 334, 333]

 ### Operon type: 7

	 A0A010IMP8	[744, 834, 743, 742, 741, 740, 739, 738, 737]
	 A0A013SZ54	[744, 834, 743, 742, 741, 740, 739, 738, 737]
	 A0A013T8M5	[744, 834, 743, 742, 741, 740, 739, 738, 737]
	 A0A009IRJ6	[744, 834, 743, 742, 741, 740, 739, 738, 737]
	 A0A009N123	[744, 834, 743, 742, 741, 740, 739, 738, 737]
	 A0A009Q3K7	[744, 834, 743, 742, 741, 740, 739, 738, 737]
	 A0A009H7U0	[744, 834, 743, 742, 741, 740, 739, 738, 737]
	 A0A009RBQ2	[744, 834, 743, 742, 741, 740, 739, 738, 737]
	 A0A009SWU0	[744, 834, 743, 742, 741, 740, 739, 738, 737]
	 A0A009ZM43	[-1, 834, 743, 742, 741, 740, 739, 738, 737]

 ### Operon type: 8

	 A0A013RMD0	[-1, 387, 780, 386, 385, 787, 384, 383, 382]
	 A0A009S854	[-1, 387, 780, 386, 385, 787, 384, 383, 382]
	 A0A009N9Z1	[-1, 387, 780, 386, 385, 787, 384, 383, 382]
	 A0A009H6M2	[-1, 387, 780, 386, 385, 787, 384, 383, 382]
	 A0A009QDV7	[-1, 387, 780, 386, 385, 787, 384, 383, 382]
	 A0A009IHQ3	[-1, 387, 780, 386, 385, 787, 384, 383, 382]
	 A0A009RG92	[-1, 387, 780, 386, 385, 787, 384, 383, 382]
	 A0A010JDA6	[-1, 387, 780, 386, 385, 787, 384, 383, 382]
	 A0A009ZIC0	[129, 387, 780, 386, 385, 787, 384, 383, 382]

 ### Operon type: 9

	 A0A011UIA1	[356, 355, 354, 353, 352, 351, 350, 349, 0]
	 A0A011V5V3	[0, 356, 355, 354, 353, 352, 351, 350, 349]

 ### Operon type: 10

	 A0A011PTE7	[512, 511, 510, 509, 508, 0, 507, 506, 505]
	 A0A011NE72	[512, 511, 510, 509, 508, 507, 506, 505, 0]

 ### Operon type: 11

	 A0A009I4A1	[207, 206, 873, 205, 204, 203, 202, 201, 200]
	 A0A010JWJ1	[207, 206, 873, 205, 204, 203, 202, 201, 200]

 ### Operon type: 12

	 A0A009QF22	[119, 118, 207, 0, 204, 203, 202, 201, 200]
	 A0A009TBY8	[119, 118, 207, 205, 204, 203, 202, 201, 200]

 ### Operon type: 13

	 A0A011NEY3	[482, 607, 606, 605, 605, 604, 603, 602, 0]

 ### Operon type: 14

	 A0A011PAN4	[607, 606, 0, 605, 605, 604, 603, 602, 601]

 ### Operon type: 15

	 A0A011RCD5	[482, 607, 606, 605, 605, 604, 603, 602, 601]

 ### Operon type: 16

	 A0A011P4U7	[0, 621, 620, 619, 618, 617, 616, 615, 614]
	 A0A011NAY5	[621, 620, 619, 618, 617, 616, 615, 614, 0]

 ### Operon type: 17

	 A0A011PF67	[599, 598, 597, 596, 595, 0, 0, 0, 0]
	 A0A011NW66	[599, 598, 597, 596, 595, 495, 0, 0, 0]
	 A0A011NBX7	[599, 598, 597, 596, 595, 495, 0, 0, 0]

 ### Operon type: 18

	 A0A011NS68	[599, 598, 597, 596, 595, 501, 500, 499, 625]
	 A0A011RHX4	[599, 598, 597, 596, 595, 501, 500, 499, 0]

 ### Operon type: 19

	 A0A010YT39	[0, 55, 21, 779, 20, 19, 18, 17, 316]

 ### Operon type: 20

	 A0A010Z7T4	[21, 779, 20, 19, 18, 17, 316, 776, 515]

 ### Operon type: 21

	 A0A013SP43	[405, 404, 403, 402, 401, 400, 399, 398, 397]
	 A0A009RUN3	[405, 404, 403, 402, 401, 400, 399, 398, 397]
	 A0A010K6G6	[405, 404, 403, 402, 401, 400, 399, 0, 397]

 ### Operon type: 22

	 A0A011VWR4	[0, 0, 0, 0, 190, 189, 188, 187, 186]

 ### Operon type: 23

	 A0A011VYP6	[190, 189, 188, 187, 186, 0, 185, 582, 0]

 ### Operon type: 24

	 A0A011QAS2	[0, 649, 648, 647, 646, 645, 644, 643, 642]
	 A0A011NEQ1	[0, 649, 648, 647, 646, 645, 644, 643, 642]

 ### Operon type: 25

	 A0A010JSI3	[795, 794, 793, 792, 791, 790, 789, 788, 0]
	 A0A013T0M4	[795, 794, 793, 792, 791, 790, 789, 788, 0]
	 A0A009HDS5	[795, 794, 793, 792, 791, 790, 789, 788, 146]
	 A0A009RGL2	[795, 794, 793, 792, 791, 790, 789, 788, 146]

 ### Operon type: 26

	 A0A009SNL0	[112, 111, 317, 287, 286, 285, 284, 283, 282]

 ### Operon type: 27

	 A0A009T1I8	[317, 287, 286, 285, 284, 283, 282, 0, 0]

 ### Operon type: 28

	 A0A011VW71	[0, 172, 171, 170, 169, 168, 167, 574, 374]
	 A0A011VUV0	[172, 171, 170, 169, 168, 167, 574, 374, 0]

 ### Operon type: 29

	 A0A011UG71	[77, 82, 76, 166, 165, 164, 163, 162, 161]

 ### Operon type: 30

	 A0A011V8Z7	[0, 0, 77, 82, 76, 166, 165, 164, 163]

 ### Operon type: 31

	 A0A011V8Y9	[166, 165, 164, 163, 162, 161, 0, 0, 0]

 ### Operon type: 32

	 A0A011U8C0	[0, 164, 82, 0, 553, 162, 0, 0, 0]

 ### Operon type: 33

	 A0A011QSF0	[0, 827, 826, 825, 824, 823, 822, 821, 0]
	 A0A011QBB5	[800, 827, 826, 825, 824, 823, 822, 821, 799]
	 A0A011Q0X6	[800, 827, 826, 825, 824, 823, 822, 821, 799]
	 A0A011Q1X8	[827, 0, 826, 825, 824, 823, 822, 821, 799]

 ### Operon type: 34

	 A0A011PG87	[800, 827, 826, 825, 824, 823, 822, 0, 0]

 ### Operon type: 35

	 A0A011PCT1	[814, 813, 812, 0, 0, 0, 0, 679, 0]

 ### Operon type: 36

	 A0A011QU35	[0, 0, 0, 0, 815, 0, 814, 813, 812]

 ### Operon type: 37

	 A0A011Q2B1	[818, 684, 815, 683, 812, 682, 681, 680, 679]

 ### Operon type: 38

	 A0A011RLN8	[817, 816, 815, 683, 812, 682, 681, 680, 679]

 ### Operon type: 39

	 A0A011P700	[0, 0, 820, 819, 818, 684, 815, 683, 812]

 ### Operon type: 40

	 A0A011QSI4	[0, 0, 820, 819, 818, 0, 817, 816, 815]

 ### Operon type: 41

	 A0A013T337	[487, 784, 444, 443, 442, 802, 441, 805, 440]
	 A0A013TH30	[487, 784, 444, 443, 442, 802, 441, 805, 440]
	 A0A013S981	[328, 487, 784, 444, 443, 442, 802, 441, 805]

 ### Operon type: 42

	 A0A010JY00	[328, 487, 784, 444, 104, 802, 441, 805, 440]

 ### Operon type: 43

	 A0A013TPV4	[417, 416, 415, 414, 413, 412, 569, 873, 411]
	 A0A009SZB5	[417, 416, 415, 414, 413, 412, 569, 873, 411]
	 A0A009MGJ1	[417, 416, 415, 414, 413, 412, 569, 873, 411]
	 A0A009QQ47	[417, 416, 415, 414, 413, 412, 569, 873, 411]
	 A0A009HL81	[417, 416, 415, 414, 413, 412, 569, 873, 411]
	 A0A009HR98	[417, 416, 415, 414, 413, 412, 569, 873, 411]
	 A0A010IZE4	[417, 416, 415, 414, 413, 412, 569, 873, 411]

 ### Operon type: 44

	 A0A009Z8F7	[416, 415, 412, 0, 413, 273, 273, 0, 272]

 ### Operon type: 45

	 A0A009R016	[133, 132, 131, 130, 129, -1, 775, 128, 127]
	 A0A009HFU9	[133, 132, 131, 130, 129, 775, 128, 127, 0]

 ### Operon type: 46

	 A0A011UJN3	[0, 733, 0, 0, 542, 541, 540, 539, 538]

 ### Operon type: 47

	 A0A011W213	[542, 541, 540, 539, 538, 498, 0, 0, 0]

 ### Operon type: 48

	 A0A011QIT1	[861, 860, 859, 858, 857, 856, 855, 854, 853]
	 A0A011QUG8	[861, 860, 859, 858, 857, 856, 0, 855, 854]

 ### Operon type: 49

	 A0A011PP01	[518, 517, 516, 586, 672, 673, 674, 675, 676]
	 A0A011NVE7	[518, 517, 516, 586, 672, 673, 674, 675, 676]

 ### Operon type: 50

	 A0A011P2I4	[652, 587, 677, 676, 675, 674, 673, 672, 586]
	 A0A011N9N8	[652, 587, 677, 676, 675, 674, 673, 672, 586]

 ### Operon type: 51

	 A0A011PIY7	[678, 0, 677, 676, 675, 674, 673, 0, 586]

 ### Operon type: 52

	 A0A011Q3J4	[0, 678, 677, 676, 675, 674, 673, 672, 0]

 ### Operon type: 53

	 A0A011MH88	[289, 678, 677, 676, 675, 674, 673, 672, 586]

 ### Operon type: 54

	 A0A013SPM5	[438, 437, 436, 435, 434, 433, 432, 431, 430]
	 A0A009QFZ7	[438, 437, 436, 435, 434, 433, 432, 431, 430]
	 A0A009MH71	[438, 437, 436, 435, 434, 433, 432, 431, 430]
	 A0A009I6Z0	[438, 437, 436, 435, 434, 433, 432, 431, 430]
	 A0A009HSL1	[438, 437, 436, 435, 434, 433, 432, 431, 430]
	 A0A010IX62	[438, 437, 436, 435, 434, 433, 432, 431, 430]
	 A0A009TK03	[438, 437, 436, 435, 434, 433, 432, 431, 430]

 ### Operon type: 55

	 A0A009ZIX8	[0, 32, 436, 435, 434, 627, 0, 430, 0]

 ### Operon type: 56

	 A0A010JJN4	[773, 772, 771, 770, 769, 768, 767, 766, 765]
	 A0A013TPR7	[773, 772, 771, 770, 769, 768, 767, 766, 765]
	 A0A009PMT3	[773, 772, 771, 770, 769, 768, 767, 766, 765]
	 A0A009NI48	[773, 772, 771, 770, 769, 768, 767, 766, -1]
	 A0A009HJJ5	[773, 772, 771, 770, 769, 768, 767, 766, 116]
	 A0A009SEP4	[773, 772, 771, 770, 769, 0, 768, 767, 0]
	 A0A009RMI1	[773, 772, 771, 770, 769, 768, 767, 766, 0]
	 A0A009I8I7	[773, 772, 771, 770, 769, 768, 767, 766, 116]
	 A0A009YG45	[0, 773, 772, 771, 769, 0, 768, 767, 766]

 ### Operon type: 57

	 A0A013TPQ9	[423, 422, 421, 420, 419, 873, 865, 418, 488]
	 A0A013S8F0	[423, 422, 421, 420, 419, 873, 865, 418, 488]
	 A0A009PMU2	[423, 422, 421, -1, 419, 873, 865, 418, 488]
	 A0A009HJM0	[423, 422, 421, 420, 419, 873, 865, 418, 488]
	 A0A009SZ84	[423, 422, 421, 420, 419, 873, 865, 418, 488]
	 A0A010IZH1	[-1, 422, 421, 420, 419, 873, 865, 418, 488]

 ### Operon type: 58

	 A0A009HUS9	[422, 421, 0, 420, 419, 223, -1, 224, 225]

 ### Operon type: 59

	 A0A009ISE1	[768, 767, 766, 225, 224, -1, 223, 419, 420]

 ### Operon type: 60

	 A0A009NPS1	[423, 422, 421, 420, 419, -1, 766, 767, 768]

 ### Operon type: 61

	 A0A013SB36	[327, 326, 325, 324, 323, 492, 491, 322, 321]
	 A0A009QSI3	[327, 326, 325, 324, 323, 492, 491, 322, -1]

 ### Operon type: 62

	 A0A010ITP2	[327, 326, 325, 324, 323, 492, 491, 0, 0]

 ### Operon type: 63

	 A0A009SII9	[-1, 326, 325, 324, 323, 492, 491, 291, 290]

 ### Operon type: 64

	 A0A009T0Q9	[323, 492, 491, 291, 290, 321, 289, 873, 288]

 ### Operon type: 65

	 A0A009YJF4	[0, 492, 491, 84, 83, 289, 873, 0, 288]

 ### Operon type: 66

	 A0A009GP96	[0, 99, 873, 776, 98, 89, 775, 97, 96]

 ### Operon type: 67

	 A0A009GSR4	[776, 98, 89, 775, 97, 96, 96, 95, 0]

 ### Operon type: 68

	 A0A009IIT6	[99, 873, 776, 98, 97, 96, 96, 95, 0]

 ### Operon type: 69

	 A0A011SQL0	[624, 555, -1, 554, 553, 552, 551, 550, 549]
	 A0A011UZ49	[555, -1, 554, 553, 552, 551, 550, 549, 0]

 ### Operon type: 70

	 A0A009PT82	[587, 801, 250, 249, 248, 247, 246, 245, 270]
	 A0A009SIF9	[587, 801, 250, 249, 248, 247, 246, 245, 270]

 ### Operon type: 71

	 A0A009IS10	[375, 0, 0, 0, 248, 247, 246, 0, 0]

 ### Operon type: 72

	 A0A009QHW5	[0, 0, 0, 756, 248, 247, 246, 0, 271]

 ### Operon type: 73

	 A0A011UVB4	[0, 0, 0, 376, 0, 0, 375, 0, 374]

 ### Operon type: 74

	 A0A011V107	[362, -1, 461, 459, 462, 458, 361, 360, 0]
	 A0A011U7M7	[0, 362, -1, 461, 459, 462, 458, 361, 360]

 ### Operon type: 75

	 A0A011TLH0	[463, 462, 461, 460, 459, 458, 0, 0, 0]

 ### Operon type: 76

	 A0A011UG87	[455, 456, 457, 463, 462, 461, 460, 459, 458]

 ### Operon type: 77

	 A0A011TLH7	[457, 456, 455, 0, 0, 0, 0, 0, 0]

 ### Operon type: 78

	 A0A011TAF9	[0, 0, 474, 473, 472, 471, 470, 469, 468]
	 A0A011TWN2	[474, 473, 472, 471, 470, 469, 468, 0, 0]

 ### Operon type: 79

	 A0A011Q5V7	[667, 0, 0, 0, 666, 665, 664, 663, 662]

 ### Operon type: 80

	 A0A011RM25	[666, 665, 664, 663, 662, 810, 0, 577, 0]

 ### Operon type: 81

	 A0A011QIE8	[868, 867, 866, 865, 864, 863, 862, 0, 0]
	 A0A011QDV3	[868, 867, 866, 865, 864, 863, 801, 0, 862]

 ### Operon type: 82

	 A0A011QAB0	[656, 655, 654, 0, 653, 652, 651, 650, 0]
	 A0A011PL71	[523, 656, 655, 654, 653, 652, 651, 650, 0]

 ### Operon type: 83

	 A0A011Q6N5	[661, 660, 659, 0, 0, 0, 658, 657, 658]

 ### Operon type: 84

	 A0A011SGD5	[0, 0, 0, 0, 0, 0, 661, 660, 659]

 ### Operon type: 85

	 A0A011NYU6	[696, 695, 0, 694, 693, 631, 630, 0, 692]

 ### Operon type: 86

	 A0A011PYI6	[696, 695, 0, 694, 693, 692, 783, 691, 0]

 ### Operon type: 87

	 A0A011P1C0	[0, 0, 631, 630, 692, 0, 0, 0, 0]

 ### Operon type: 88

	 A0A011PKU5	[529, 528, 527, 526, 527, 525, 524, 0, 0]
	 A0A011N4G4	[0, 0, 529, 528, 527, 526, 527, 525, 524]

 ### Operon type: 89

	 A0A010ZWJ8	[11, 10, 9, 515, 8, 611, 449, 611, 7]

 ### Operon type: 90

	 A0A011AHW1	[8, 515, 9, 10, 11, 0, 0, 12, 0]

 ### Operon type: 91

	 A0A011AHU9	[449, 611, 7, 0, 0, 0, 0, 14, 289]

 ### Operon type: 92

	 A0A010ZX98	[6, 5, 4, 3, 2, 22, 865, 865, 0]

 ### Operon type: 93

	 A0A011AIL7	[2, 3, 4, 5, 6, 0, 0, 0, 0]

 ### Operon type: 94

	 A0A010YF95	[668, 28, 855, 27, 26, 26, 25, 543, 24]

 ### Operon type: 95

	 A0A010ZJQ6	[28, 855, 27, 26, 26, 25, 543, 24, 0]

 ### Operon type: 96

	 A0A009GXL8	[87, 86, 85, 84, 83, 205, 152, 151, 150]

 ### Operon type: 97

	 A0A010JIW7	[87, 86, 85, 84, 83, 0, 0, 152, 151]

 ### Operon type: 98

	 A0A011QNA5	[0, 848, 847, 846, 0, 845, 844, 843, 842]
	 A0A009ZLJ7	[842, 843, 844, 845, 0, 0, 848, 847, 846]

 ### Operon type: 99

	 A0A013T0T6	[845, 844, 843, 842, 747, 746, 446, 745, 445]
	 A0A009ISY0	[845, 844, 843, 842, 747, 222, 446, 745, 445]
	 A0A009HAX1	[845, 844, 843, 842, 747, 746, 446, 745, 445]
	 A0A009QMH5	[845, 844, 843, 842, 747, 746, 446, 745, 445]
	 A0A009RMD0	[845, 844, 843, 842, 747, 222, 446, 745, 445]
	 A0A009PE10	[845, 844, 843, 842, 747, 222, 446, 745, -1]

 ### Operon type: 100

	 A0A010ILW6	[845, 844, 843, 842, 747, 746, 0, 0, 745]

 ### Operon type: 101

	 A0A009Z9X7	[844, 843, 842, 0, 747, 0, 809, 0, 745]

 ### Operon type: 102

	 A0A013S8V2	[331, 330, 0, 0, 0, 329, 0, 0, 0]
	 A0A009R8E1	[0, 629, 0, 331, 330, 0, 0, 329, 0]

 ### Operon type: 103

	 A0A009ICH6	[716, 238, 237, 236, 104, 103, 102, 101, 805]
	 A0A009ZFR5	[716, 238, 237, 236, 104, 103, 102, 101, 805]

 ### Operon type: 104

	 A0A009NQA1	[716, 238, 237, 236, 235, 234, 444, 805, 802]
	 A0A009RR21	[716, 238, 237, 236, 235, 234, 444, 805, 802]

 ### Operon type: 105

	 A0A009HTN9	[716, 238, 237, 236, 235, 234, 91, 732, 90]
	 A0A009T3J5	[716, 238, 237, 236, 235, 234, 91, 732, 90]

 ### Operon type: 106

	 A0A009Q0U9	[716, 238, 237, 236, 235, 234, -1, -1, 0]

 ### Operon type: 107

	 A0A009IPC3	[139, 138, 193, 194, 195, 137, 136, 145, 144]
	 A0A009QEG7	[139, 138, 193, 194, 195, 137, 136, 145, 144]

 ### Operon type: 108

	 A0A009I573	[199, 0, 198, 197, 0, 196, 195, 194, 193]

 ### Operon type: 109

	 A0A009ILP9	[145, 0, 193, 194, 195, 196, 144, 197, 198]

 ### Operon type: 110

	 A0A009I953	[145, 0, 193, 194, 195, 196, 144, 0, -1]

 ### Operon type: 111

	 A0A009SX74	[592, 625, 0, 197, 144, 145, 138, 139, 212]

 ### Operon type: 112

	 A0A010IPH1	[731, 730, 729, 728, 727, 726, 725, 724, 723]
	 A0A009MMG9	[731, 730, 729, 728, 727, 726, 725, 724, 723]
	 A0A009QVK8	[731, 730, 729, 728, 727, 726, 725, 724, 723]
	 A0A009ICP5	[731, 730, 729, 728, 727, 726, 725, 724, 723]

 ### Operon type: 113

	 A0A009QLL2	[278, 279, 280, 125, 727, 726, 725, 724, 723]
	 A0A009HTW0	[278, 279, 280, 125, 727, 726, 725, 724, 723]
	 A0A009SIV4	[278, 279, 280, 125, 727, 726, 725, 724, 723]
	 A0A013TSJ4	[279, 280, 0, 125, 727, 726, 725, 724, 723]

 ### Operon type: 114

	 A0A010ITG1	[753, 702, 701, 700, 699, 698, 697, 873, 865]
	 A0A013TCN9	[753, 702, 701, 700, 699, 698, 697, 873, 865]
	 A0A009NIJ3	[753, 702, 701, 700, 699, 698, 697, 873, 865]
	 A0A009QNC9	[753, 702, 701, 700, 699, 698, 697, 873, 865]
	 A0A013TRC1	[753, 702, 701, 700, 699, 698, 697, 873, 865]

 ### Operon type: 115

	 A0A009H935	[0, 0, 701, 700, 699, 698, 697, 873, 865]

 ### Operon type: 116

	 A0A009IMX3	[722, 721, 720, 719, 718, 141, 141, 691, 140]
	 A0A009QEX0	[722, 721, 720, 719, 718, 141, 141, 691, 140]
	 A0A009SF48	[722, 721, 720, 719, 718, -1, 141, 691, 140]

 ### Operon type: 117

	 A0A010ISX2	[722, 721, 720, 719, 718, 717, 716, 715, 714]
	 A0A013S7V1	[722, 721, 720, 719, 718, 717, 716, 715, 714]
	 A0A009MR00	[722, 721, 720, 719, 718, 717, 716, 715, 714]
	 A0A009RES7	[722, 721, 720, 719, 718, 717, 716, 715, 714]

 ### Operon type: 118

	 A0A009YTT3	[31, 129, 720, 719, 718, 717, 716, 715, 714]

 ### Operon type: 119

	 A0A009GYP9	[0, 0, 0, 719, 718, 717, 716, 715, 714]

 ### Operon type: 120

	 A0A009ZZC8	[-1, 111, 112, 31, 129, 720, 719, 718, 717]

 ### Operon type: 121

	 A0A011UGX8	[180, 179, 178, 177, 176, 175, 174, 74, 73]
	 A0A011WSE5	[179, 178, 177, 176, 175, 174, 74, 73, 313]

 ### Operon type: 122

	 A0A011VZG0	[312, 0, 180, 179, 178, 177, 176, 175, 174]

 ### Operon type: 123

	 A0A009PJF7	[274, 275, 275, 276, 255, 277, 254, 253, 252]
	 A0A009SJZ7	[376, 274, 275, 276, 255, 277, 254, 253, 252]

 ### Operon type: 124

	 A0A009Z5G0	[277, 276, 275, 0, 558, 274, 376, 389]

 ### Operon type: 125

	 A0A010JJC1	[764, 763, 762, 761, 760, 759, 758, 774, 757]
	 A0A010IZ41	[763, 762, 761, 760, 759, 758, 774, 757, 403]

 ### Operon type: 126

	 A0A009QJL6	[764, 763, 762, 761, 0, 757, 403, 117, 0]

 ### Operon type: 127

	 A0A013TB41	[410, -1, 409, 408, 407, 587, 730, 713, 406]
	 A0A013SGL3	[410, 320, 409, 408, 407, 587, 730, 713, 406]
	 A0A009PG53	[410, 320, 409, 408, 407, 587, 730, 713, 406]
	 A0A009I5Z6	[410, 320, 409, 408, 407, 587, 730, 713, 406]
	 A0A009NE81	[410, 320, 409, 408, 407, 587, 730, 713, 406]
	 A0A009RQH3	[410, 320, 409, 408, 407, 587, 730, 713, 406]
	 A0A010KAV2	[410, 320, 409, 408, 407, 587, 730, 713, 406]
	 A0A009SHB3	[410, 320, 409, 408, 407, 587, 730, 713, 406]

 ### Operon type: 128

	 A0A009H3X4	[410, 320, 409, 408, 407, 587, -1, 785, -1]

 ### Operon type: 129

	 A0A009PIB4	[0, 0, 0, 244, 369, 243, 775, 873, 652]
	 A0A009SLR5	[0, 0, 0, 244, 369, 243, 775, 873, 652]

 ### Operon type: 130

	 A0A009HSU4	[0, 0, 546, 873, 0, 587, 713, 652, 775]

 ### Operon type: 131

	 A0A009I463	[570, 209, 208, 393, 393, 316, 315, 314, 233]
	 A0A009PAG1	[570, 209, 208, 393, 393, 316, 315, 314, 233]

 ### Operon type: 132

	 A0A013SKX6	[0, 0, 570, 0, 393, 393, 316, 315, 314]

 ### Operon type: 133

	 A0A011Q5S3	[853, 671, 0, 0, 0, 0, 670, 669, 668]

 ### Operon type: 134

	 A0A011UZZ4	[0, 670, 669, 0, 0, 0, 367, 367, 668]

 ### Operon type: 135

	 A0A011UTJ0	[0, 0, 0, 381, 380, 379, 616, 378, 377]

 ### Operon type: 136

	 A0A011VMV7	[381, 380, 379, 616, 378, 377, 348, 347, 346]

 ### Operon type: 137

	 A0A011NYT4	[782, 613, 612, 766, 0, 493, 493, 492, 491]

 ### Operon type: 138

	 A0A011P8E9	[0, 0, 782, 613, 0, 612, 766, 0, 0]

 ### Operon type: 139

	 A0A010TF34	[0, -1, 0, 0, 64, 63, 62, 61, 60]
	 A0A010SYH9	[64, 63, 62, 61, 60, 0, 0, 0, 0]

 ### Operon type: 140

	 A0A010TFJ4	[0, -1, 0, 69, 68, 67, 66, -1, 65]
	 A0A010S7A1	[69, 68, 67, 66, 0, 65, 0, 0, 0]

 ### Operon type: 141

	 A0A009HJC2	[93, 865, 729, 92, 393, 775, 108, 109, 110]
	 A0A009PAV9	[93, -1, 729, 92, 393, 775, 108, 109, 110]

 ### Operon type: 142

	 A0A009SE02	[0, 110, 0, 0, 0, 109, 108, 775, 393]

 ### Operon type: 143

	 A0A009SYU8	[713, 716, 712, 711, 261, 873, 873, 709, 708]
	 A0A009RSB7	[713, 716, 712, 711, 261, 873, 873, 709, 708]
	 A0A009HS41	[713, 716, 712, 711, 261, 873, 873, 709, 708]

 ### Operon type: 144

	 A0A010IT25	[713, 716, 712, 711, 710, 873, 873, 709, 708]
	 A0A013SHA9	[713, 716, 712, 711, 710, 873, 873, 709, 708]
	 A0A009I466	[713, 716, 712, 711, 710, 873, 873, 709, 708]

 ### Operon type: 145

	 A0A009NMQ9	[713, 716, 712, 711, 710, 0, 873, 873, 709]

 ### Operon type: 146

	 A0A009P8A9	[0, 0, 712, 711, 261, 873, 873, 709, 708]

 ### Operon type: 147

	 A0A009ITT8	[221, 220, 219, 292, 304, 302, 301, 300, 299]
	 A0A009NJ90	[221, 220, 219, 292, 304, 303, 302, 301, 300]

 ### Operon type: 148

	 A0A009IJ01	[301, 300, 299, 298, 296, 214, 213, 211, 210]
	 A0A009NCH6	[215, 301, 300, 299, 296, 214, 213, 211, 210]

 ### Operon type: 149

	 A0A009RQL5	[301, 300, 299, 126, 296, 214, 213, 211, 0]

 ### Operon type: 150

	 A0A009MGQ8	[304, 0, 215, 301, 300, 299, 296, 214, 213]

 ### Operon type: 151

	 A0A009S6G1	[295, 294, 293, 292, 304, 301, 300, 299, 296]
	 A0A009RHH7	[295, 294, 293, 292, 304, 303, 301, 300, 299]
	 A0A009IJ07	[295, 294, 293, 292, 304, 301, 300, 299, 298]

 ### Operon type: 152

	 A0A009HZK2	[293, 292, 304, 301, 300, 299, 298, 296, 214]

 ### Operon type: 153

	 A0A009R4N4	[292, 304, 303, 301, 300, 299, 126, 296, 214]

 ### Operon type: 154

	 A0A009S5A5	[304, 303, 302, 301, 300, 299, 298, 297, 296]

 ### Operon type: 155

	 A0A009RHH9	[0, 0, 0, 0, 345, 295, 294, 293, 292]

 ### Operon type: 156

	 A0A011PGU1	[0, 0, 591, 837, 836, 835, 590, 589, 588]
	 A0A011MDH1	[685, 0, 591, 837, 836, 835, 590, 589, 588]

 ### Operon type: 157

	 A0A011V0P4	[481, 366, 0, 0, 365, 0, 0, 364, 363]

 ### Operon type: 158

	 A0A011WPV7	[364, 363, 0, 0, 0, 0, 0, 0, 0]

 ### Operon type: 159

	 A0A011UDF3	[837, 81, 0, 0, 0, 454, 80, 79, 831]

 ### Operon type: 160

	 A0A011VSC9	[80, 79, 831, 0, 0, 0, 0, 0, 0]

 ### Operon type: 161

	 A0A011SF89	[567, 566, 565, 0, 0, 0, 0, 0, 0]

 ### Operon type: 162

	 A0A011UCX7	[0, 656, 567, 566, 0, 565, 135, 0, 0]

 ### Operon type: 163

	 A0A011RNP9	[0, 0, 0, 0, 0, 574, 651, 0, 0]

 ### Operon type: 164

	 A0A011V0B5	[570, 0, 0, 0, 0, 0, 574, 0, 0]

 ### Operon type: 165

	 A0A011RQC9	[0, 570, 569, 0, 0, 0, 0, 568, 0]

 ### Operon type: 166

	 A0A011QG28	[839, 838, 837, 0, 836, 835, 834, 833, 832]
	 A0A011RIM8	[839, 838, 0, 0, 836, 835, 834, 833, 832]

 ### Operon type: 167

	 A0A011PHI6	[504, 0, 870, 0, 0, 869, 858, 689, 0]

 ### Operon type: 168

	 A0A011QI68	[0, 0, 870, 869, 0, 0, 0, 0, 0]

 ### Operon type: 169

	 A0A011NVJ6	[497, 635, 634, 633, 632, 732, 0, 0, 496]

 ### Operon type: 170

	 A0A011PVP2	[0, 635, 634, 633, 632, 732, 0, 0, 686]

 ### Operon type: 171

	 A0A011NXY7	[0, 0, 634, 0, 632, 0, 0, 0, 0]

 ### Operon type: 172

	 A0A011QR69	[807, 806, 805, 804, 803, 802, 0, 0, 0]
	 A0A011NUB4	[807, 806, 805, 804, 803, 802, 0, 498, 0]

 ### Operon type: 173

	 A0A011NN36	[806, 805, 0, 0, 803, 802, 0, 0, 0]

 ### Operon type: 174

	 A0A011PK69	[805, 532, 0, 0, 803, 802, 0, 0, 0]

 ### Operon type: 175

	 A0A011RMI6	[640, 850, 849, 576, 575, 639, 638, 637, 636]
	 A0A011NYD6	[640, 850, 849, 576, 575, 639, 638, 637, 636]

 ### Operon type: 176

	 A0A011QB28	[641, 640, 850, 0, 0, 639, 638, 637, 636]

 ### Operon type: 177

	 A0A011NF33	[0, 639, 638, 0, 0, 0, 0, 0, 0]

 ### Operon type: 178

	 A0A011NBY4	[484, 0, 0, 536, 0, 0, 483, 0, 0]

 ### Operon type: 179

	 A0A011WRT0	[484, 0, 0, 0, 0, 0, 0, 691, 0]

 ### Operon type: 180

	 A0A011SHV5	[0, 0, 0, 0, 0, 561, 691, 764, 0]

 ### Operon type: 181

	 A0A011NB95	[0, 811, 0, 0, 0, 0, 729, 486, 485]

 ### Operon type: 182

	 A0A011UHT4	[117, 173, 486, 0, 0, 71, 71, 485, 0]

 ### Operon type: 183

	 A0A010Z1W7	[0, 0, 0, 0, 0, 33, 0, 191, 192]

 ### Operon type: 184

	 A0A011VY84	[0, 0, 192, 191, 0, 0, 0, 0, 0]

 ### Operon type: 185

	 A0A010YW85	[0, 0, 0, 0, 0, 309, 0, 191, 192]

 ### Operon type: 186

	 A0A010ZMA0	[191, 489, 0, 0, 0, 0, 0, 0, 0]

 ### Operon type: 187

	 A0A011N5L2	[0, 0, 0, 489, 0, 488, 765, 0, 0]

 ### Operon type: 188

	 A0A009MJ75	[0, 0, 233, 232, 231, 0, 0, 0, 776]

 ### Operon type: 189

	 A0A010IH51	[0, 723, 0, 0, 231, 0, 776, 0, 0]

 ### Operon type: 190

	 A0A011TYT7	[0, 0, 0, 0, 0, 0, 723, 547, 547]

 ### Operon type: 191

	 A0A010RRR9	[0, 0, 0, 0, 778, 0, 0, 777, 776]

 ### Operon type: 192

	 A0A010SIA7	[0, 0, 777, 66, 0, 0, 0, 0, 0]

 ### Operon type: 193

	 A0A010RFQ9	[0, 0, 787, 0, 786, 0, 0, 0, 0]

 ### Operon type: 194

	 A0A010SPR9	[43, 43, 0, 0, 0, 786, 0, 0, 0]

 ### Operon type: 195

	 A0A009LNU8	[218, 227, 551, 217, 0, 216, 0, 775, 0]

 ### Operon type: 196

	 A0A013SRG6	[94, 217, 551, 227, 0, 226, 0, 218, 503]

 ### Operon type: 197

	 A0A009IQU8	[0, 227, 0, 0, 0, 226, 503, 0, 0]

 ### Operon type: 198

	 A0A010K2K8	[551, 217, 94, 0, 0, 0, 0, -1, 775]

 ### Operon type: 199

	 A0A011NPR8	[0, 503, 0, 0, 0, 0, 502, 0, 0]

 ### Operon type: 200

	 A0A010SEA2	[671, 502, 48, 0, 0, 0, 0, 0, 0]

 ### Operon type: 201

	 A0A010IGH8	[0, 0, 0, 0, 0, 0, 0, 340, 709]

 ### Operon type: 202

	 A0A010STD3	[0, 0, 0, 453, 452, 451, 0, 709, 340]

 ### Operon type: 203

	 A0A010SQJ5	[332, 728, 0, 453, 452, 451, 0, 0, 0]

 ### Operon type: 204

	 A0A013RVV2	[753, 0, 342, 341, 0, 0, 709, 340, 0]

 ### Operon type: 205

	 A0A011TD67	[454, 0, 0, 453, 452, 451, 450, 0, 449]

 ### Operon type: 206

	 A0A009ZC12	[0, 0, 0, 453, 0, 451, 450, 269, 829]

 ### Operon type: 207

	 A0A009YSC7	[0, 0, 483, 29, 0, 29, 342, 341, 0]

 ### Operon type: 208

	 A0A009ZJK4	[0, 0, 0, 0, 0, 0, 716, 38, 0]

 ### Operon type: 209

	 A0A010SVN1	[-1, 38, 873, 228, 464, 0, 0, 716, 0]

 ### Operon type: 210

	 A0A009PFK7	[267, 266, 265, 264, 263, 0, 0, 262, 0]
	 A0A009QGN4	[267, 266, 265, 264, 263, 262, 0, 0, 0]

 ### Operon type: 211

	 A0A009YR20	[0, 262, 0, 0, 0, 0, 266, 0, 0]

 ### Operon type: 212

	 A0A009SCM5	[107, 106, 105, 0, 0, 0, 0, 0, 0]

 ### Operon type: 213

	 A0A009TJ77	[212, 45, 0, 0, 0, 0, 107, 106, 105]

 ### Operon type: 214

	 A0A009HZV2	[0, 0, 0, 0, 149, 148, 303, 0, 0]

 ### Operon type: 215

	 A0A009QPE7	[0, 0, 0, 0, 149, 148, 0, 0, 0]

 ### Operon type: 216

	 A0A009MGR3	[0, 0, 123, 0, 439, 297, 130, 122, 121]

 ### Operon type: 217

	 A0A009Q4G0	[0, 124, 123, 0, 439, 0, 122, 121, 122]

 ### Operon type: 218

	 A0A009PB53	[0, 0, 155, 154, 439, 122, 121, 122, 153]

 ### Operon type: 219

	 A0A009PUJ8	[0, 155, 154, 439, 0, 153, 152, 151, 150]

 ### Operon type: 220

	 A0A009QQC0	[147, 0, 230, 873, 318, 318, 229, 418, 228]
	 A0A009H7I0	[147, 0, 0, 873, 318, 318, 229, 418, 228]

 ### Operon type: 221

	 A0A009MVG4	[230, 0, 319, 873, 318, 318, 229, 418, 228]

 ### Operon type: 222

	 A0A009QA91	[307, 306, 713, 873, 318, 318, 229, 418, 228]
	 A0A010J377	[307, 306, 713, 873, 318, 318, 229, 418, 228]

 ### Operon type: 223

	 A0A009S1X4	[307, 306, 713, 873, 318, 318, 873, 0, 305]

 ### Operon type: 224

	 A0A013SHF4	[0, 0, 319, 873, 318, 318, 0, 317, 0]

 ### Operon type: 225

	 A0A011PJK8	[546, 521, 520, 872, 871, 519, 0, 0, 0]
	 A0A011N3C3	[0, 0, 0, 546, 521, 520, 872, 871, 519]

 ### Operon type: 226

	 A0A011UWH1	[522, 372, 371, 370, 0, 0, 0, 0, 0]
	 A0A011WKI4	[0, 0, 0, 0, 0, 522, 372, 371, 370]

 ### Operon type: 227

	 A0A010YKP2	[0, 0, 0, 0, 0, 0, 496, 359, 0]

 ### Operon type: 228

	 A0A011V1A2	[366, 0, 0, 359, 0, 0, 0, 0, 0]

 ### Operon type: 229

	 A0A011NGS0	[0, 0, 0, 0, 798, 797, 0, 0, 0]

 ### Operon type: 230

	 A0A011PW61	[0, 0, 0, 0, 798, 797, 0, 0, 796]

 ### Operon type: 231

	 A0A011UXI1	[0, 530, 0, 0, 798, 797, 448, 0, 0]

 ### Operon type: 232

	 A0A011SWI9	[-1, -1, 0, 504, 798, 797, 448, -1, -1]

 ### Operon type: 233

	 A0A011P952	[797, 0, 608, 0, 0, 608, 0, 0, 0]

 ### Operon type: 234

	 A0A011Q1B3	[690, 689, 688, 687, 688, 686, 685, 0, 0]
	 A0A011QVV5	[0, 0, 690, 689, 688, 687, 688, 686, 685]

 ### Operon type: 235

	 A0A011NSG8	[0, 0, 0, 689, 688, 687, 0, 688, 0]

 ### Operon type: 236

	 A0A011P0X4	[0, 0, 685, 0, 688, 0, 0, 687, 629]

 ### Operon type: 237

	 A0A010YNY9	[0, 0, 34, 23, 0, 0, 0, 0, 373]

 ### Operon type: 238

	 A0A011AC71	[305, 0, 0, 467, 0, 34, 23, 0, 713]

 ### Operon type: 239

	 A0A011QLX0	[0, 852, 0, 0, 851, 0, 850, 849, 0]
	 A0A011PRW6	[852, 0, 0, 0, 851, 850, 849, 0, 0]

 ### Operon type: 240

	 A0A010SML6	[0, 850, 849, -1, 0, 625, 0, 0, 0]

 ### Operon type: 241

	 A0A010RS09	[0, 0, 0, 0, 61, 0, 785, 785, 0]

 ### Operon type: 242

	 A0A010RTE7	[0, 0, 0, 0, 0, 0, 61, 45, 0]

 ### Operon type: 243

	 A0A009P817	[242, 0, 0, 0, 241, 0, 311, 240, 239]

 ### Operon type: 244

	 A0A009TIY0	[0, 0, 0, 0, 241, 0, 311, 240, 0]

 ### Operon type: 245

	 A0A009QKA3	[311, 240, 0, 239, 0, 0, 0, 0, 267]

 ### Operon type: 246

	 A0A009HSR2	[0, 115, 114, 0, 113, 157, 158, 303, 159]

 ### Operon type: 247

	 A0A009SWM1	[0, 115, 114, 0, 113, 0, 0, 158, 0]

 ### Operon type: 248

	 A0A009MYX0	[160, 159, 0, 546, 0, 0, 158, 157, 156]

 ### Operon type: 249

	 A0A009QK79	[0, 0, 156, 157, 0, 158, 0, 0, 159]

 ### Operon type: 250

	 A0A009GXJ1	[358, 357, 157, 158, 88, 303, 159, 160, 0]

 ### Operon type: 251

	 A0A010IT95	[0, 0, 0, 775, 707, 706, 705, 704, 703]
	 A0A013TKW8	[0, 840, 0, 775, 707, 706, 705, 704, 703]
	 A0A009S0T6	[0, 0, 775, 308, 707, 706, 705, 704, 703]
	 A0A009PRQ9	[0, 775, 308, 0, 707, 706, 705, 704, 703]
	 A0A009I5G9	[0, 0, 775, 308, 707, 706, 705, 704, 703]
	 A0A009QT77	[0, 0, -1, 775, 707, 706, 705, 704, 703]
	 A0A009MH36	[0, 0, 0, 775, 707, 706, 705, 704, 703]
	 A0A009GWD0	[303, 0, 0, 775, 707, 706, 705, 704, 703]

 ### Operon type: 252

	 A0A013TMJ7	[865, -1, 0, 775, 707, 704, 703, 0, 0]

 ### Operon type: 253

	 A0A011VXC2	[-1, 480, 0, 513, 479, 478, 477, 476, 475]
	 A0A011V392	[480, 0, 513, 479, 478, 477, 0, 476, 475]

 ### Operon type: 254

	 A0A011V490	[312, 390, 0, 475, 476, 477, 478, 479, 513]

 ### Operon type: 255

	 A0A011VZF5	[0, 0, 479, 478, 477, 656, 390, 656, 0]

 ### Operon type: 256

	 A0A011WLE7	[0, 0, 0, 0, 0, 181, 0, 0, 0]
	 A0A011VU44	[0, 0, 0, 0, 0, 181, 0, 0, 0]

 ### Operon type: 257

	 A0A011VAP2	[0, 0, 58, 0, 0, 0, 0, 0, 57]

 ### Operon type: 258

	 A0A011VRJ8	[0, 0, 0, 0, 0, 0, 58, 0, 0]

 ### Operon type: 259

	 A0A011RNU1	[0, 0, 0, 0, 0, 0, 573, 573, 572]

 ### Operon type: 260

	 A0A011VKJ9	[0, 0, 0, 0, 0, 0, 572, 573, -1]

 ### Operon type: 261

	 A0A011PQZ7	[0, 0, 0, 515, 693, 0, 514, 0, 0]

 ### Operon type: 262

	 A0A011TUX4	[0, 0, 0, 0, 693, 0, 0, 514, 0]

 ### Operon type: 263

	 A0A011STZ9	[0, 0, 0, 514, 0, 0, 0, 0, 0]

 ### Operon type: 264

	 A0A011PUJ9	[0, 0, 0, 0, 0, 0, 0, 0, 585]
	 A0A011PRF5	[585, 0, 0, 0, 0, 0, 0, 0, 0]

 ### Operon type: 265

	 A0A011PFY8	[0, 0, 0, 0, 0, 0, 0, 0, 594]

 ### Operon type: 266

	 A0A011PNS3	[808, 594, 0, 0, 0, 0, 0, 0, 0]

 ### Operon type: 267

	 A0A011T648	[0, 594, 0, 0, 0, 0, 0, 805, 0]

 ### Operon type: 268

	 A0A010YYJ5	[0, 0, 0, 656, 0, 0, 0, 47, 47]

 ### Operon type: 269

	 A0A011NDM5	[656, 0, 0, 0, 0, 0, 0, 0, 0]

 ### Operon type: 270

	 A0A011MSR2	[0, 0, 0, 490, 0, 0, 0, 656, 656]

 ### Operon type: 271

	 A0A011WSU6	[0, 656, 0, 0, 476, 0, 0, 0, 0]

 ### Operon type: 272

	 A0A011U3C2	[0, 0, 834, 0, 0, 0, 0, 0, 0]
	 A0A011AEN3	[0, 0, 0, 0, 0, 0, 834, 0, 0]

 ### Operon type: 273

	 A0A011AAZ2	[0, 628, 0, 0, 0, 834, 834, 834, 0]

 ### Operon type: 274

	 A0A011T698	[0, 0, 0, 0, 0, 713, 834, 0, 0]

 ### Operon type: 275

	 A0A010YRE8	[0, 0, 0, 0, 0, 0, 0, 22, 0]

 ### Operon type: 276

	 A0A011AF05	[0, 0, 305, 22, 0, 0, 0, 0, 0]

 ### Operon type: 277

	 A0A009ZG48	[0, 0, 0, 840, 0, 0, 0, 0, 0]

 ### Operon type: 278

	 A0A011PEJ8	[0, 0, 600, 840, 0, 0, 0, 0, 0]

 ### Operon type: 279

	 A0A011QNJ7	[841, 0, 0, 840, 0, 0, 0, 841, 0]

 ### Operon type: 280

	 A0A011MMJ4	[0, 0, 0, 0, 0, 0, 0, 841, 0]

 ### Operon type: 281

	 A0A011R8M3	[0, 0, 600, 840, 0, 447, 0, 841, 0]

 ### Operon type: 282

	 A0A009ZC82	[0, 0, 624, 0, 0, 0, 0, 0, 0]

 ### Operon type: 283

	 A0A011P3F6	[625, 0, 0, 624, 0, 0, 0, 0, 0]

 ### Operon type: 284

	 A0A009IG48	[0, 0, 0, 143, 142, 0, 0, 0, 625]

 ### Operon type: 285

	 A0A009IMQ0	[0, 0, 0, 143, 142, 0, 0, 0, 0]

 ### Operon type: 286

	 A0A009SWV1	[0, 0, 0, 0, 0, 0, 0, 143, 0]

 ### Operon type: 287

	 A0A009PMZ9	[251, 0, 0, 0, 0, 0, 0, 0, 0]
	 A0A009Q512	[0, 0, 0, 0, 251, 0, 0, 0, 0]

 ### Operon type: 288

	 A0A009IFL2	[0, 268, 0, 100, -1, 0, 0, 0]

 ### Operon type: 289

	 A0A009ZDS1	[-1, -1, 0, 268, 0, 0, 763, 0, 0]

 ### Operon type: 290

	 A0A010SNM6	[40, 36, -1, 0, 0, 0, 865, 0, 0]

 ### Operon type: 291

	 A0A010T5D8	[36, 40, 0, -1, 0, -1, 403, 0, 0]

 ### Operon type: 292

	 A0A011UB51	[535, 0, 0, 0, 0, 0, 0, 0, 0]
	 A0A011UFH1	[0, 0, 0, 0, 0, 535, 0, 0, 0]

 ### Operon type: 293

	 A0A011V965	[0, -1, -1, 0, 59, 0, -1, -1, 0]
	 A0A011VHP2	[0, -1, -1, -1, 59, 0, 0, 0, 0]

 ### Operon type: 294

	 A0A010RVD0	[-1, 0, 0, -1, 0, 821, 821, 0, 44]

 ### Operon type: 295

	 A0A010T7Q5	[0, 44, 0, 0, 0, 0, -1, 0, 0]

 ### Operon type: 296

	 A0A010SJH7	[0, 0, 865, -1, 0, 0, 229, 0, 0]

 ### Operon type: 297

	 A0A010SRR2	[0, 0, -1, 0, 0, 0, 0, 0, 865]

 ### Operon type: 298

	 A0A010RKP8	[0, 0, 0, 0, 0, 0, -1, 0, 0]
	 A0A011UZ32	[0, 0, 0, 0, 0, -1, 0, 0, 0]
	 A0A009HJU6	[0, 0, 0, 0, 0, 0, 0, 0, -1]
	 A0A010TF14	[-1, 0, 0, 0, 0, 0, 0, 0, 0]
	 A0A010RY47	[-1, 0, -1, 0, 0, 0, 0, 0, 0]

 ### Operon type: 299

	 A0A010SJF9	[0, 0, 0, 0, 0, -1, 0, 75, -1]

 ### Operon type: 300

	 A0A011ML54	[0, 0, 0, 182, 0, 0, 0, 0, -1]

 ### Operon type: 301

	 A0A011NHY1	[0, 0, 0, 0, 0, 865, 0, 0, 0]

 ### Operon type: 302

	 A0A010Z171	[0, 0, 0, 0, 0, 0, 865, 0, 546]

 ### Operon type: 303

	 A0A011T697	[865, 0, 0, 0, 0, 0, 0, 0, 311]

 ### Operon type: 304

	 A0A011TDD1	[0, 465, 865, 0, 0, 0, 0, 0, 0]

 ### Operon type: 305

	 A0A011VW24	[0, 0, 810, 0, 0, 0, 0, 0, -1]

 ### Operon type: 306

	 A0A011T8V3	[0, 0, 810, 0, 0, 0, 0, 0, 0]

 ### Operon type: 307

	 A0A010TH98	[796, 0, 0, 810, 0, 0, 0, 0, 0]

 ### Operon type: 308

	 A0A011QVR3	[0, 0, 0, 0, 0, 0, 0, 811, 810]

 ### Operon type: 309

	 A0A011VYF1	[810, 0, 0, 0, 0, 0, 535, 0, 0]

 ### Operon type: 310

	 A0A010S415	[-1, 810, 0, 228, 0, 0, 0, 0, 751]

 ### Operon type: 311

	 A0A011QMJ8	[0, 0, 0, 0, 0, 0, 0, 0, 0]
	 A0A011QSN2	[0, 0, 0, 0, 0, 0, 0, 0, 0]
	 A0A011Q056	[0, 0, 0, 0, 0, 0, 0, 0, 0]
	 A0A011P9Z5	[0, 0, 0, 0, 0, 0, 0, 0, 0]
	 A0A011PBM9	[0, 0, 0, 0, 0, 0, 0, 0, 0]
	 A0A011PNN2	[0, 0, 0, 0, 0, 0, 0, 0, 0]
	 A0A011NMI8	[0, 0, 0, 0, 0, 0, 0, 0, 0]
	 A0A011NTU3	[0, 0, 0, 0, 0, 0, 0, 0, 0]
	 A0A011N2Z0	[0, 0, 0, 0, 0, 0, 0, 0, 0]
	 A0A011NAJ1	[0, 0, 0, 0, 0, 0, 0, 0, 0]
	 A0A013TEV4	[0, 0, 0, 0, 0, 0, 0, 0, 0]
	 A0A013SL47	[0, 0, 0, 0, 0, 0, 0, 0, 0]
	 A0A011WUT3	[0, 0, 0, 0, 0, 0, 0, 0, 0]
	 A0A011UHL2	[0, 0, 0, 0, 0, 0, 0, 0, 0]
	 A0A013S2B9	[0, 0, 0, 0, 0, 0, 0, 0, 0]
	 A0A013SBR8	[0, 0, 0, 0, 0, 0, 0, 0, 0]
	 A0A009M4K0	[0, 0, 0, 0, 0, 0, 0, 0, 0]
	 A0A011VYF6	[0, 0, 0, 0, 0, 0, 0, 0, 0]
	 A0A009MH90	[0, 0, 0, 0, 0, 0, 0, 0, 0]
	 A0A009HIL8	[0, 0, 0, 0, 0, 0, 0, 0, 0]
	 A0A011UBN9	[0, 0, 0, 0, 0, 0, 0, 0, 0]
	 A0A011UFM5	[0, 0, 0, 0, 0, 0, 0, 0, 0]
	 A0A009PDV4	[0, 0, 0, 0, 0, 0, 0, 0, 0]
	 A0A011VNE2	[0, 0, 0, 0, 0, 0, 0, 0, 0]
	 A0A010SHY1	[0, 0, 0, 0, 0, 0, 0, 0, 0]
	 A0A010SPJ7	[0, 0, 0, 0, 0, 0, 0, 0, 0]
	 A0A010SSQ8	[0, 0, 0, 0, 0, 0, 0, 0, 0]
	 A0A010T025	[0, 0, 0, 0, 0, 0, 0, 0, 0]
	 A0A010YJA7	[0, 0, 0, 0, 0, 0, 0, 0, 0]
	 A0A010YZS8	[0, 0, 0, 0, 0, 0, 0, 0, 0]
	 A0A010Z120	[0, 0, 0, 0, 0, 0, 0, 0, 0]
	 A0A010ZTI3	[0, 0, 0, 0, 0, 0, 0, 0, 0]
	 A0A011A146	[0, 0, 0, 0, 0, 0, 0, 0, 0]

 ### Operon type: 312

	 A0A010TG27	[522, 0, 70, 0, 0, 0, 873, 0, 0]

 ### Operon type: 313

	 A0A011PMK1	[0, 0, 0, 0, 0, 0, 0, 522, 0]

 ### Operon type: 314

	 A0A009HM15	[0, 213, 211, 0, 0, 0, -1, 0, 0]

 ### Operon type: 315

	 A0A009HRU1	[0, 157, 0, 0, 0, 0, 0, 0, 0]

 ### Operon type: 316

	 A0A009HSN8	[0, 124, 0, 0, 0, -1, 0, 153, -1]

 ### Operon type: 317

	 A0A009HV82	[152, 0, 0, 0, 0, 0, 0, 0, 0]

 ### Operon type: 318

	 A0A009IG74	[0, 0, 232, 0, 393, -1, 0, 0, 0]

 ### Operon type: 319

	 A0A009IJ90	[0, 212, 0, 0, 0, 0, 0, 0, 0]

 ### Operon type: 320

	 A0A009NM94	[0, 564, 564, 0, 0, 0, 465, 0, 0]

 ### Operon type: 321

	 A0A009Q4N5	[0, 0, 242, 0, 0, 0, 0, 0, 0]

 ### Operon type: 322

	 A0A009SSZ9	[0, 199, 0, 0, 0, 0, 0, 0, 0]

 ### Operon type: 323

	 A0A009YIH1	[0, 0, 0, 0, 296, 0, -1, -1, 30]

 ### Operon type: 324

	 A0A009YR05	[0, 0, 0, 0, 380, 0, 0, 0, 0]

 ### Operon type: 325

	 A0A009Z004	[281, 0, 281, 0, 0, 546, 0, 0, 0]

 ### Operon type: 326

	 A0A010RUQ5	[0, 0, 0, 0, 0, 0, 0, 0, 344]

 ### Operon type: 327

	 A0A010S195	[624, 0, 33, 39, 0, 0, 0, 0, 0]

 ### Operon type: 328

	 A0A010SCZ2	[0, 0, 0, 0, 0, 0, 0, 51, 0]

 ### Operon type: 329

	 A0A010SN41	[0, 0, 0, 0, 49, 0, 0, 0, 0]

 ### Operon type: 330

	 A0A010SSU2	[0, 0, 0, 0, 88, 0, -1, 609, 0]

 ### Operon type: 331

	 A0A010SUP6	[0, 0, 0, 0, 0, 0, 0, 39, 0]

 ### Operon type: 332

	 A0A010SUY9	[0, 0, 0, 0, 0, 447, 600, 0]

 ### Operon type: 333

	 A0A010THK2	[0, 0, -1, 0, 0, 785, 546, 0, 0]

 ### Operon type: 334

	 A0A010SRL4	[70, 0, 0, -1, 0, 0, 0, 546, 134]

 ### Operon type: 335

	 A0A010YX61	[409, 834, 0, 810, 0, 0, 0, 0, 0]

 ### Operon type: 336

	 A0A010S5W8	[0, 0, 490, 686, 0, 0, 0, 0, 0]

 ### Operon type: 337

	 A0A011NE37	[743, 0, 0, 0, 0, 0, 0, 0, 0]

 ### Operon type: 338

	 A0A011NF78	[0, 0, 828, 0, 0, 0, 0, 0, 0]

 ### Operon type: 339

	 A0A011NVE2	[0, 0, 0, 805, 0, 0, 865, 0, 544]

 ### Operon type: 340

	 A0A011NXJ4	[0, 0, 0, 0, 0, 0, 0, 0, 494]

 ### Operon type: 341

	 A0A011P8I1	[0, 0, 832, 834, 0, 0, 0, 0, 611]

 ### Operon type: 342

	 A0A011P9Q7	[712, 0, 0, 0, 0, 0, 0, 0, 0]

 ### Operon type: 343

	 A0A011PJ75	[0, 805, 734, 805, 0, 0, 0, 0, 0]

 ### Operon type: 344

	 A0A011PRB4	[0, 0, 0, 0, 0, 0, 0, 513, 0]

 ### Operon type: 345

	 A0A011QVT2	[809, 0, 0, 0, 0, 0, 0, 808, 0]

 ### Operon type: 346

	 A0A011RP14	[0, 0, 0, 0, 0, 0, 0, 571, 0]

 ### Operon type: 347

	 A0A011SM49	[865, 0, 571, 0, 0, 0, 556, 0, 0]

 ### Operon type: 348

	 A0A011AM27	[514, 0, 0, 0, 769, 0, 0, 0, 35]

 ### Operon type: 349

	 A0A011T607	[0, 0, 686, 0, 0, 0, 0, 0, 465]

 ### Operon type: 350

	 A0A011TAW2	[0, 0, 0, 0, 0, 0, 466, 0, 0]

 ### Operon type: 351

	 A0A011TED9	[0, 0, 0, 0, 0, 473, 0, 0, 0]

 ### Operon type: 352

	 A0A011TXS5	[0, 548, 0, 0, 0, 0, 0, 0, 0]

 ### Operon type: 353

	 A0A011U144	[0, 344, 0, 0, 0, 0, 494, 434, 0]

 ### Operon type: 354

	 A0A011U1C8	[713, 0, 0, 0, 0, 0, 0, 0, 343]

 ### Operon type: 355

	 A0A011U483	[0, 0, 0, 0, 0, 622, 0, 0, 0]

 ### Operon type: 356

	 A0A011UG86	[0, 689, 0, 0, 0, 75, 0, 0, 0]

 ### Operon type: 357

	 A0A011UQB5	[562, 536, 0, 0, 0, 0, 0, 535, 0]

 ### Operon type: 358

	 A0A011UVI5	[0, 0, 0, 0, 0, 373, 805, 805, 0]

 ### Operon type: 359

	 A0A011UWI3	[0, 0, 0, 0, 369, 0, 368, 624, 0]

 ### Operon type: 360

	 A0A011V5E6	[0, 0, 0, 0, 0, 313, 0, 0, 0]

 ### Operon type: 361

	 A0A011M4H6	[57, 0, 781, 0, 0, 0, 0, 0, 0]

 ### Operon type: 362

	 A0A011VSV3	[0, 0, 0, 0, 0, 0, 837, 0, 0]

 ### Operon type: 363

	 A0A011VWI0	[0, 0, 0, 0, 0, 173, 0, 0, 0]

 ### Operon type: 364

	 A0A011VZ91	[370, 0, 0, 0, 0, 0, 0, 0, 0]

 ### Operon type: 365

	 A0A011WP76	[0, 0, 0, 0, 0, 0, 0, 0, 855]

 ### Operon type: 366

	 A0A011WSD4	[0, 0, 0, -1, 0, 656, 0, 0, 390]

 ### Operon type: 367

	 A0A011WT35	[390, 0, 0, 0, 0, 0, 0, 0, 0]

 ### Operon type: 368

	 A0A013S843	[0, 418, 0, 0, 0, 0, -1, 332, 0]

 ### Operon type: 369

	 A0A013T5E6	[0, 0, 0, 439, 0, 0, 0, 0, 0]

 ### Operon type: 370

	 A0A009T185	[806, 0, 734, 734, 735, 805, 734, 733, 732]

 ### Operon type: 371

	 A0A010IN36	[736, 865, 0, 0, 735, 805, 734, 733, 732]

 ### Operon type: 372

	 A0A009PG43	[805, 734, 534, 808, 0, 733, 732, 0, 0]

 ### Operon type: 373

	 A0A009INE0	[736, 0, 0, 0, 0, 0, 0, 734, 733]

 ### Operon type: 374

	 A0A009T9H0	[0, 30, 625, -1, 0, 0, 158, 0, 157]

 ### Operon type: 375

	 A0A010THH5	[0, 48, 268, 373, 0, 0, 764, 0, 763]

 ### Operon type: 376

	 A0A011VZE3	[0, 0, 0, 873, 184, 0, 0, 0, 0]
	 A0A011WSH8	[0, 0, 0, 873, 184, 0, 0, 0, 0]

 ### Operon type: 377

	 A0A011NAF3	[0, 0, 0, 0, 0, 0, 873, 0, 673]

 ### Operon type: 378

	 A0A009IQ93	[135, 0, 873, 0, 0, 134, 0, 0, 0]

 ### Operon type: 379

	 A0A009Q8S9	[0, 0, 625, 333, 0, 537, 0, 0, 0]

 ### Operon type: 380

	 A0A009TLU4	[0, 548, -1, 216, 0, 42, 0, -1, -1]

 ### Operon type: 381

	 A0A009ZB47	[271, 270, 0, 0, 0, 656, 761, 0, 0]

 ### Operon type: 382

	 A0A009ZVR4	[569, 0, 834, 0, 0, 47, 0, 0, 272]

 ### Operon type: 383

	 A0A010JIN9	[761, 0, 0, 45, 144, 0, 0, 0, 0]

 ### Operon type: 384

	 A0A010S003	[589, 0, 0, 0, 0, 689, 689, 728, 0]

 ### Operon type: 385

	 A0A010SMN8	[0, -1, 34, 0, 786, 0, 0, 593, 0]

 ### Operon type: 386

	 A0A010SXS1	[0, 534, 0, 0, 0, 540, 0, 0, 808]

 ### Operon type: 387

	 A0A010T689	[35, -1, 764, 574, 0, 0, 0, 0, 0]

 ### Operon type: 388

	 A0A010TBB4	[0, 383, 0, 75, 0, 0, 0, 0, 713]

 ### Operon type: 389

	 A0A010YFK3	[0, 663, 0, 0, 0, 0, 53, 0, 343]

 ### Operon type: 390

	 A0A010YVY1	[16, 0, 16, 0, 0, 0, 0, 728, 0]

 ### Operon type: 391

	 A0A010ZSZ2	[0, 628, 0, 627, 626, 0, 0, 0, 0]

 ### Operon type: 392

	 A0A010Z0Y7	[0, 0, 0, 0, 626, 228, 0, 0, 0]

 ### Operon type: 393

	 A0A011A0M8	[0, 0, 546, 0, 100, 0, 0, 1, 1]

 ### Operon type: 394

	 A0A011NFL4	[0, 563, 0, 0, 499, 522, 0, 55, 0]

 ### Operon type: 395

	 A0A011P407	[0, 0, 623, 691, 0, 0, 713, 0, 622]

 ### Operon type: 396

	 A0A011QGT2	[873, 0, 0, 872, 871, 0, 0, 0, 0]

 ### Operon type: 397

	 A0A011QSA4	[831, 0, 830, 829, 0, 0, 0, 0, 828]

 ### Operon type: 398

	 A0A011T6J6	[0, 667, 0, 834, 0, 0, 310, 0, 309]

 ### Operon type: 399

	 A0A011TAL2	[0, 686, 0, 0, 0, 467, 0, 496, 0]

 ### Operon type: 400

	 A0A011TZG0	[546, 657, 0, 0, 0, 0, 0, 545, 0]

 ### Operon type: 401

	 A0A011UGY3	[74, 73, 313, 72, 0, 0, 0, 72, 0]

 ### Operon type: 402

	 A0A011UII7	[0, 0, 0, 0, 0, 544, 543, 0, 0]

 ### Operon type: 403

	 A0A011UNT9	[537, 559, 0, 0, 0, 0, 0, 0, 0]

 ### Operon type: 404

	 A0A011SIS0	[0, 644, 560, 560, 0, 0, 0, 559, 0]

 ### Operon type: 405

	 A0A011UT49	[0, 628, 0, 0, 0, 0, 534, 533, 0]

 ### Operon type: 406

	 A0A011VU65	[78, 0, 0, 0, 0, 53, 0, 837, 81]

 ### Operon type: 407

	 A0A011VV03	[0, 52, 0, 0, 365, 57, 0, 0, 0]

 ### Operon type: 408

	 A0A011VVZ9	[0, 0, -1, 0, 0, 51, 50, 50, 558]

 ### Operon type: 409

	 A0A011VWX7	[808, 481, 0, 0, 0, 0, 0, 561, 0]

 ### Operon type: 410

	 A0A011VXK7	[564, 564, 0, 740, 0, 0, 0, 669, 0]

 ### Operon type: 411

	 A0A011W0I6	[183, 0, 0, 0, 0, 524, 0, 182, 0]

 ### Operon type: 412

	 A0A010YEF6	[0, 183, 0, 0, 0, 0, 0, 0, 37]

 ### Operon type: 413

	 A0A013SQH1	[0, 0, 0, 0, 49, 531, 0, 775, 729]

 ### Operon type: 414

	 A0A009QJA8	[151, 150, 0, 0, 0, 0, 0, 0, 795]

 ### Operon type: 415

	 A0A009YL68	[0, 0, 713, 410, 407, 0, 0, 269, 0]

 ### Operon type: 416

	 A0A010JNG7	[775, 0, 0, 774, 0, 0, 0, 0, 0]

 ### Operon type: 417

	 A0A010RM40	[784, 873, 783, 0, 0, 0, 0, -1, 782]

 ### Operon type: 418

	 A0A010RRQ6	[0, 781, 0, 0, 0, 786, 780, 779, 0]

 ### Operon type: 419

	 A0A010S423	[310, 0, 0, 0, 0, 0, 0, 368, 568]

 ### Operon type: 420

	 A0A010T0I7	[0, 0, 37, 0, 0, 832, 830, 873, 0]

 ### Operon type: 421

	 A0A010ZUR7	[52, 13, 0, 13, 0, 12, 728, 0, 0]

 ### Operon type: 422

	 A0A011NA78	[0, 487, 0, 0, 0, 821, 0, 0, 782]

 ### Operon type: 423

	 A0A011P8W7	[610, 623, 808, 0, 609, 0, 0, 0, 0]

 ### Operon type: 424

	 A0A011PG97	[593, 0, 0, 592, 0, 0, 0, 0, 0]

 ### Operon type: 425

	 A0A011PKT4	[0, 531, 0, 0, 0, 0, 530, 0, 0]

 ### Operon type: 426

	 A0A011PLB2	[0, 610, 0, 532, 0, 0, 0, 0, 0]

 ### Operon type: 427

	 A0A011R339	[0, 0, 0, 0, 0, 0, 358, 357, 0]

 ### Operon type: 428

	 A0A011SFE5	[0, 0, 0, 564, 0, 0, 563, 691, 562]

 ### Operon type: 429

	 A0A011SJT5	[0, 0, 0, 558, 557, 557, 557, 557, 557]

 ### Operon type: 430

	 A0A011TDQ5	[0, 0, 0, 0, 464, 526, 0, 0, 0]

 ### Operon type: 431

	 A0A011VT01	[0, 0, 54, 0, 0, 54, 0, 0, 277]

 ### Operon type: 432

	 A0A009Z3V9	[873, 0, 0, 0, 0, 280, 520, 279, 278]

 ### Operon type: 433

	 A0A010SRB2	[42, 41, 0, 0, 0, 41, 40, 0, 0]

 ### Operon type: 434

	 A0A010KA25	[761, 0, 764, 711, 98, 0, 0, 761, 422]

 ### Operon type: 435

	 A0A011TZN1	[348, 347, 346, 0, 345, 0, 0, 0, 0]

 ### Operon type: 436

	 A0A011VJ76	[56, 56, 533, 55, 0, 873, 546, 0, 623]

 ### Operon type: 437

	 A0A011UG17	[252, 0, 185, 0, 178, 78, 0, 0, 0]

 ### Operon type: 438

	 A0A011WUA8	[641, 0, 0, 389, 0, 0, 0, 388, 388]

 ### Operon type: 439

	 A0A010S4X6	[0, 228, 783, 689, 401, 0, 497, 523, 785]

 ### Operon type: 440

	 A0A010YY02	[0, 15, 0, 0, 15, 694, 32, 0, 14]
