
 ### Operon type: 1

	 A0A010ILU3	[700, 699, 698, 697, 696, 695, 694, 693, 692]
	 A0A009QBR9	[700, 699, 698, 697, 696, 695, 693, 692, 316]
	 A0A009QS71	[700, 699, 698, 697, 696, 695, 694, 693, 692]
	 A0A009MW50	[700, 699, 698, 697, 696, 695, 694, 693, 692]
	 A0A009H3B0	[700, 699, 698, 697, 696, 695, 694, 693, 692]
	 A0A009I8S2	[700, 699, 698, 697, 696, 695, 693, 692, 316]
	 A0A009TM70	[700, 699, 698, 697, 696, 695, 693, 692, 316]

 ### Operon type: 2

	 A0A013TH43	[354, 353, 837, 352, 351, 350, 349, 348, 398]
	 A0A009RAF0	[354, 353, 837, 352, 351, 350, 349, 348, 398]

 ### Operon type: 3

	 A0A011PVT3	[641, 640, 639, 638, 855, 637, 636, 635, 634]
	 A0A011R7V7	[641, 640, 639, 638, 855, 637, 636, 635, 634]
	 A0A011MET3	[641, 640, 639, 638, 855, 637, 636, 635, 634]

 ### Operon type: 4

	 A0A009IV03	[655, 431, 692, 430, 429, 428, 489, 427, 426]
	 A0A009PH20	[655, 431, 692, 430, 429, 428, 489, 427, 426]
	 A0A010J9U3	[655, 431, 692, 430, 429, 428, 489, 427, 426]
	 A0A009MMM3	[655, 431, 692, 430, 429, 428, 489, 427, 426]
	 A0A013SNJ8	[655, 431, 692, 430, 429, 428, 489, 427, 426]
	 A0A013RZW2	[655, 431, 692, 430, 429, 428, 489, 427, 426]
	 A0A009HBT3	[655, 431, 692, 430, 429, 428, 489, 427, 426]
	 A0A009SIZ4	[655, 431, 692, 430, 429, 428, 489, 427, 426]
	 A0A009RD69	[655, 431, 692, 430, 429, 428, 489, 427, 426]
	 A0A009YIZ0	[655, 431, 692, 430, 429, 428, 489, 427, 426]

 ### Operon type: 5

	 A0A009PH57	[283, 282, -1, 281, 280, 385, 279, 407, 278]
	 A0A009TG92	[283, 282, -1, 281, 280, 385, 279, 407, 278]

 ### Operon type: 6

	 A0A010J3I1	[258, 257, 256, 255, 428, 254, 253, 252, 323]
	 A0A009I0I9	[258, 257, 256, 255, 428, 254, 253, 252, 323]
	 A0A009N031	[258, 257, 256, 255, 428, 254, 253, 252, 323]
	 A0A013SXT2	[258, 257, 256, 255, 428, 254, 253, 252, 323]
	 A0A009PWG1	[258, 257, 256, 255, 428, 254, 253, 252, 323]
	 A0A013S288	[258, 257, 256, 255, 428, 254, 253, 252, 323]
	 A0A009R2X0	[258, 257, 256, 255, 428, 254, 253, 252, 323]
	 A0A009SFX8	[258, 257, 256, 255, 46, 428, 254, 253, 252]
	 A0A009TBM2	[257, 256, 255, 46, 428, 254, 253, 252, 323]

 ### Operon type: 7

	 A0A010IMP8	[684, 683, 682, 681, 680, 679, 678, 677, 676]
	 A0A013T8M5	[684, 683, 682, 681, 680, 679, 678, 677, 676]
	 A0A009IRJ6	[684, 683, 682, 681, 680, 679, 678, 677, 676]
	 A0A009N123	[684, 683, 682, 681, 680, 679, 678, 677, 676]
	 A0A013SZ54	[684, 683, 682, 681, 680, 679, 678, 677, 676]
	 A0A009Q3K7	[684, 683, 682, 681, 680, 679, 678, 677, 676]
	 A0A009H7U0	[684, 683, 682, 681, 680, 679, 678, 677, 676]
	 A0A009SWU0	[684, 683, 682, 681, 680, 679, 678, 677, 676]
	 A0A009RBQ2	[684, 683, 682, 681, 680, 679, 678, 677, 676]
	 A0A009ZM43	[-1, 683, 682, 681, 680, 679, 678, 677, 676]

 ### Operon type: 8

	 A0A009RG92	[-1, 514, 857, 513, 512, 865, 511, 510, 509]
	 A0A009QDV7	[-1, 514, 857, 513, 512, 865, 511, 510, 509]
	 A0A010JDA6	[-1, 514, 857, 513, 512, 865, 511, 510, 509]
	 A0A009N9Z1	[-1, 514, 857, 513, 512, 865, 511, 510, 509]
	 A0A013RMD0	[-1, 514, 857, 513, 512, 865, 511, 510, 509]
	 A0A009H6M2	[-1, 514, 857, 513, 512, 865, 511, 510, 509]
	 A0A009S854	[-1, 514, 857, 513, 512, 865, 511, 510, 509]
	 A0A009IHQ3	[-1, 514, 857, 513, 512, 865, 511, 510, 509]
	 A0A009ZIC0	[128, 514, 857, 513, 512, 865, 511, 510, 509]

 ### Operon type: 9

	 A0A011UIA1	[459, 458, 457, 456, 455, 454, 453, 452, 0]
	 A0A011V5V3	[0, 459, 458, 457, 456, 455, 454, 453, 452]

 ### Operon type: 10

	 A0A011PTE7	[754, 753, 752, 751, 750, 0, 749, 748, 747]
	 A0A011NE72	[754, 753, 752, 751, 750, 749, 748, 747, 0]

 ### Operon type: 11

	 A0A010JWJ1	[507, 506, 861, 505, 504, 503, 502, 501, 500]
	 A0A009I4A1	[507, 506, 861, 505, 504, 503, 502, 501, 500]

 ### Operon type: 12

	 A0A009QF22	[169, 168, 507, 0, 504, 503, 502, 501, 500]
	 A0A009TBY8	[169, 168, 507, 505, 504, 503, 502, 501, 500]

 ### Operon type: 13

	 A0A011NEY3	[330, 807, 806, 805, 805, 804, 803, 802, 0]

 ### Operon type: 14

	 A0A011PAN4	[807, 806, 0, 805, 805, 804, 803, 802, 801]

 ### Operon type: 15

	 A0A011RCD5	[330, 807, 806, 805, 805, 804, 803, 802, 801]

 ### Operon type: 16

	 A0A011P4U7	[0, 602, 601, 600, 599, 598, 597, 596, 595]
	 A0A011NAY5	[602, 601, 600, 599, 598, 597, 596, 595, 0]

 ### Operon type: 17

	 A0A011PF67	[796, 795, 794, 793, 792, 0, 0, 0, 0]
	 A0A011NBX7	[796, 795, 794, 793, 792, 569, 0, 0, 0]
	 A0A011NW66	[796, 795, 794, 793, 792, 569, 0, 0, 0]

 ### Operon type: 18

	 A0A011NS68	[796, 795, 794, 793, 792, 531, 530, 536, 606]
	 A0A011RHX4	[796, 795, 794, 793, 792, 531, 530, 536, 0]

 ### Operon type: 19

	 A0A010YT39	[0, 535, 33, 856, 32, 31, 30, 29, 248]

 ### Operon type: 20

	 A0A010Z7T4	[33, 856, 32, 31, 30, 29, 248, 853, 761]

 ### Operon type: 21

	 A0A010K6G6	[491, 490, 489, 488, 487, 486, 485, 0, 484]
	 A0A013SP43	[491, 490, 489, 488, 487, 486, 485, 185, 484]
	 A0A009RUN3	[491, 490, 489, 488, 487, 486, 485, 185, 484]

 ### Operon type: 22

	 A0A011VWR4	[0, 0, 0, 0, 165, 164, 163, 162, 161]

 ### Operon type: 23

	 A0A011VYP6	[165, 164, 163, 162, 161, 0, 160, 638, 0]

 ### Operon type: 24

	 A0A011QAS2	[0, 558, 557, 556, 555, 554, 553, 552, 551]
	 A0A011NEQ1	[0, 558, 557, 556, 555, 554, 553, 552, 551]

 ### Operon type: 25

	 A0A010JSI3	[872, 873, 871, 870, 869, 868, 867, 866, 0]
	 A0A009RGL2	[872, 873, 871, 870, 869, 868, 867, 866, 508]
	 A0A013T0M4	[872, 873, 871, 870, 869, 868, 867, 866, 0]
	 A0A009HDS5	[872, 873, 871, 870, 869, 868, 867, 866, 508]

 ### Operon type: 26

	 A0A009SNL0	[105, 104, 249, 142, 141, 140, 139, 138, 137]

 ### Operon type: 27

	 A0A009T1I8	[249, 142, 141, 140, 139, 138, 137, 0, 0]

 ### Operon type: 28

	 A0A011VW71	[0, 74, 73, 72, 71, 70, 69, 827, 79]
	 A0A011VUV0	[74, 73, 72, 71, 70, 69, 827, 79, 0]

 ### Operon type: 29

	 A0A011UG71	[64, 379, 63, 68, 67, 380, 66, 378, 65]

 ### Operon type: 30

	 A0A011V8Z7	[0, 0, 64, 379, 63, 68, 67, 380, 66]

 ### Operon type: 31

	 A0A011V8Y9	[68, 67, 380, 66, 378, 65, 0, 0, 0]

 ### Operon type: 32

	 A0A011U8C0	[0, 380, 379, 0, 404, 378, 0, 0, 0]

 ### Operon type: 33

	 A0A011QSF0	[0, 789, 788, 787, 786, 785, 784, 580, 0]
	 A0A011QBB5	[790, 789, 788, 787, 786, 785, 784, 580, 389]
	 A0A011Q0X6	[790, 789, 788, 787, 786, 785, 784, 580, 389]
	 A0A011Q1X8	[789, 0, 788, 787, 786, 785, 784, 580, 389]

 ### Operon type: 34

	 A0A011PG87	[790, 789, 788, 787, 786, 785, 784, 0, 0]

 ### Operon type: 35

	 A0A011PCT1	[800, 799, 848, 0, 0, 0, 0, 844, 0]

 ### Operon type: 36

	 A0A011QU35	[0, 0, 0, 0, 850, 0, 800, 799, 848]

 ### Operon type: 37

	 A0A011Q2B1	[592, 591, 850, 849, 848, 847, 846, 845, 844]

 ### Operon type: 38

	 A0A011RLN8	[852, 851, 850, 849, 848, 847, 846, 845, 844]

 ### Operon type: 39

	 A0A011P700	[0, 0, 594, 593, 592, 591, 850, 849, 848]

 ### Operon type: 40

	 A0A011QSI4	[0, 0, 594, 593, 592, 0, 852, 851, 850]

 ### Operon type: 41

	 A0A013T337	[572, 862, 498, 371, 370, 741, 496, 746, 495]
	 A0A013TH30	[572, 862, 498, 371, 370, 741, 496, 746, 495]
	 A0A013S981	[499, 572, 862, 498, 371, 370, 741, 496, 746]

 ### Operon type: 42

	 A0A010JY00	[499, 572, 862, 498, 497, 741, 496, 746, 495]

 ### Operon type: 43

	 A0A009MGJ1	[422, 421, 420, 419, 418, 417, 821, 861, 416]
	 A0A009QQ47	[422, 421, 420, 419, 418, 417, 821, 861, 416]
	 A0A010IZE4	[422, 421, 420, 419, 418, 417, 821, 861, 416]
	 A0A013TPV4	[422, 421, 420, 419, 418, 417, 821, 861, 416]
	 A0A009SZB5	[422, 421, 420, 419, 418, 417, 821, 861, 416]
	 A0A009HL81	[422, 421, 420, 419, 418, 417, 821, 861, 416]
	 A0A009HR98	[422, 421, 420, 419, 418, 417, 821, 861, 416]

 ### Operon type: 44

	 A0A009Z8F7	[421, 420, 417, 0, 418, 5, 5, 0, 47]

 ### Operon type: 45

	 A0A009HFU9	[132, 131, 130, 129, 128, 718, 127, 126, 0]
	 A0A009R016	[132, 131, 130, 129, 128, -1, 718, 127, 126]

 ### Operon type: 46

	 A0A011UJN3	[0, 672, 0, 0, 396, 395, 394, 393, 392]

 ### Operon type: 47

	 A0A011W213	[396, 395, 394, 393, 392, 543, 0, 0, 0]

 ### Operon type: 48

	 A0A011QIT1	[625, 624, 623, 622, 621, 620, 619, 618, 617]
	 A0A011QUG8	[625, 624, 623, 622, 621, 620, 0, 619, 618]

 ### Operon type: 49

	 A0A011PP01	[764, 763, 762, 766, 767, 768, 769, 770, 771]
	 A0A011NVE7	[764, 763, 762, 766, 767, 768, 769, 770, 771]

 ### Operon type: 50

	 A0A011P2I4	[774, 773, 772, 771, 770, 769, 768, 767, 766]
	 A0A011N9N8	[774, 773, 772, 771, 770, 769, 768, 767, 766]

 ### Operon type: 51

	 A0A011PIY7	[744, 0, 772, 771, 770, 769, 768, 0, 766]

 ### Operon type: 52

	 A0A011Q3J4	[0, 744, 772, 771, 770, 769, 768, 767, 0]

 ### Operon type: 53

	 A0A011MH88	[538, 744, 772, 771, 770, 769, 768, 767, 766]

 ### Operon type: 54

	 A0A013SPM5	[368, 367, 366, 365, 382, 364, 363, 362, 361]
	 A0A010IX62	[368, 367, 366, 365, 382, 364, 363, 362, 361]
	 A0A009QFZ7	[368, 367, 366, 365, 382, 364, 363, 362, 361]
	 A0A009MH71	[368, 367, 366, 365, 382, 364, 363, 362, 361]
	 A0A009I6Z0	[368, 367, 366, 365, 382, 364, 363, 362, 361]
	 A0A009HSL1	[368, 367, 366, 365, 382, 364, 363, 362, 361]
	 A0A009TK03	[368, 367, 366, 365, 382, 364, 363, 362, 361]

 ### Operon type: 55

	 A0A009ZIX8	[0, 6, 366, 365, 382, 25, 0, 361, 0]

 ### Operon type: 56

	 A0A010JJN4	[716, 715, 714, 713, 712, 711, 710, 709, 708]
	 A0A009PMT3	[716, 715, 714, 713, 712, 711, 710, 709, 708]
	 A0A013TPR7	[716, 715, 714, 713, 712, 711, 710, 709, 708]
	 A0A009NI48	[716, 715, 714, 713, 712, 711, 710, 709, -1]
	 A0A009SEP4	[716, 715, 714, 713, 712, 0, 711, 710, 0]
	 A0A009RMI1	[716, 715, 714, 713, 712, 711, 710, 709, 0]
	 A0A009HJJ5	[716, 715, 714, 713, 712, 711, 710, 709, 98]
	 A0A009I8I7	[716, 715, 714, 713, 712, 711, 710, 709, 98]
	 A0A009YG45	[0, 716, 715, 714, 712, 0, 711, 710, 709]

 ### Operon type: 57

	 A0A010IZH1	[-1, 482, 259, 439, 440, 861, 674, 318, 573]
	 A0A009PMU2	[219, 482, 259, -1, 440, 861, 674, 318, 573]
	 A0A013TPQ9	[219, 482, 259, 439, 440, 861, 674, 318, 573]
	 A0A013S8F0	[219, 482, 259, 439, 440, 861, 674, 318, 573]
	 A0A009SZ84	[219, 482, 259, 439, 440, 861, 674, 318, 573]
	 A0A009HJM0	[219, 482, 259, 439, 440, 861, 674, 318, 573]

 ### Operon type: 58

	 A0A009HUS9	[482, 259, 0, 439, 440, 441, -1, 442, 443]

 ### Operon type: 59

	 A0A009ISE1	[711, 710, 709, 443, 442, -1, 441, 440, 439]

 ### Operon type: 60

	 A0A009NPS1	[219, 482, 259, 439, 440, -1, 709, 710, 711]

 ### Operon type: 61

	 A0A009QSI3	[265, 264, 263, 262, 261, 528, 527, 260, -1]
	 A0A013SB36	[265, 264, 263, 262, 261, 528, 527, 260, 170]

 ### Operon type: 62

	 A0A010ITP2	[265, 264, 263, 262, 261, 528, 527, 0, 0]

 ### Operon type: 63

	 A0A009SII9	[-1, 264, 263, 262, 261, 528, 527, 145, 144]

 ### Operon type: 64

	 A0A009T0Q9	[261, 528, 527, 145, 144, 170, 538, 861, 143]

 ### Operon type: 65

	 A0A009YJF4	[0, 528, 527, 116, 115, 538, 861, 0, 143]

 ### Operon type: 66

	 A0A009GP96	[0, 125, 861, 853, 483, 124, 718, 123, 122]

 ### Operon type: 67

	 A0A009GSR4	[853, 483, 124, 718, 123, 122, 122, 121, 0]

 ### Operon type: 68

	 A0A009IIT6	[125, 861, 853, 483, 123, 122, 122, 121, 0]

 ### Operon type: 69

	 A0A011SQL0	[605, 406, -1, 405, 404, 403, 494, 402, 401]
	 A0A011UZ49	[406, -1, 405, 404, 403, 494, 402, 401, 0]

 ### Operon type: 70

	 A0A009PT82	[773, 390, 217, 216, 446, 445, 444, 215, 214]
	 A0A009SIF9	[773, 390, 217, 216, 446, 445, 444, 215, 214]

 ### Operon type: 71

	 A0A009IS10	[447, 0, 0, 0, 446, 445, 444, 0, 0]

 ### Operon type: 72

	 A0A009QHW5	[0, 0, 0, 700, 446, 445, 444, 0, 167]

 ### Operon type: 73

	 A0A011UVB4	[0, 0, 0, 150, 0, 0, 447, 0, 79]

 ### Operon type: 74

	 A0A011V107	[469, -1, 468, 467, 466, 465, 464, 463, 0]
	 A0A011U7M7	[0, 469, -1, 468, 467, 466, 465, 464, 463]

 ### Operon type: 75

	 A0A011TLH0	[221, 466, 468, 220, 467, 465, 0, 0, 0]

 ### Operon type: 76

	 A0A011UG87	[345, 346, 347, 221, 466, 468, 220, 467, 465]

 ### Operon type: 77

	 A0A011TLH7	[347, 346, 345, 0, 0, 0, 0, 0, 0]

 ### Operon type: 78

	 A0A011TWN2	[344, 343, 342, 341, 340, 339, 338, 0, 0]
	 A0A011TAF9	[0, 0, 344, 343, 342, 341, 340, 339, 338]

 ### Operon type: 79

	 A0A011Q5V7	[561, 0, 0, 0, 843, 842, 841, 840, 839]

 ### Operon type: 80

	 A0A011RM25	[843, 842, 841, 840, 839, 838, 0, 837, 0]

 ### Operon type: 81

	 A0A011QIE8	[631, 630, 629, 674, 628, 627, 626, 0, 0]
	 A0A011QDV3	[631, 630, 629, 674, 628, 627, 390, 0, 626]

 ### Operon type: 82

	 A0A011PL71	[732, 731, 730, 729, 728, 774, 826, 727, 0]
	 A0A011QAB0	[731, 730, 729, 0, 728, 774, 826, 727, 0]

 ### Operon type: 83

	 A0A011Q6N5	[812, 811, 810, 0, 0, 0, 560, 559, 560]

 ### Operon type: 84

	 A0A011SGD5	[0, 0, 0, 0, 0, 0, 812, 811, 810]

 ### Operon type: 85

	 A0A011NYU6	[387, 386, 0, 385, 760, 27, 26, 0, 384]

 ### Operon type: 86

	 A0A011PYI6	[387, 386, 0, 385, 760, 384, 860, 814, 0]

 ### Operon type: 87

	 A0A011P1C0	[0, 0, 27, 26, 384, 0, 0, 0, 0]

 ### Operon type: 88

	 A0A011PKU5	[738, 737, 736, 735, 736, 734, 733, 0, 0]
	 A0A011N4G4	[0, 0, 738, 737, 736, 735, 736, 734, 733]

 ### Operon type: 89

	 A0A010ZWJ8	[21, 20, 19, 761, 18, 588, 333, 588, 17]

 ### Operon type: 90

	 A0A011AHW1	[18, 761, 19, 20, 21, 0, 0, 22, 0]

 ### Operon type: 91

	 A0A011AHU9	[333, 588, 17, 0, 0, 0, 0, 9, 538]

 ### Operon type: 92

	 A0A010ZX98	[16, 15, 14, 13, 12, 11, 674, 674, 0]

 ### Operon type: 93

	 A0A011AIL7	[12, 13, 14, 15, 16, 0, 0, 0, 0]

 ### Operon type: 94

	 A0A010YF95	[562, 38, 619, 37, 36, 36, 35, 397, 34]

 ### Operon type: 95

	 A0A010ZJQ6	[38, 619, 37, 36, 36, 35, 397, 34, 0]

 ### Operon type: 96

	 A0A009GXL8	[119, 118, 117, 116, 115, 505, 177, 176, 175]

 ### Operon type: 97

	 A0A010JIW7	[119, 118, 117, 116, 115, 0, 0, 177, 176]

 ### Operon type: 98

	 A0A011QNA5	[0, 616, 615, 614, 0, 691, 690, 689, 688]
	 A0A009ZLJ7	[688, 689, 690, 691, 0, 0, 616, 615, 614]

 ### Operon type: 99

	 A0A009ISY0	[691, 690, 689, 688, 687, 438, 437, 685, 436]
	 A0A013T0T6	[691, 690, 689, 688, 687, 686, 437, 685, 436]
	 A0A009PE10	[691, 690, 689, 688, 687, 438, 437, 685, -1]
	 A0A009QMH5	[691, 690, 689, 688, 687, 686, 437, 685, 436]
	 A0A009HAX1	[691, 690, 689, 688, 687, 686, 437, 685, 436]
	 A0A009RMD0	[691, 690, 689, 688, 687, 438, 437, 685, 436]

 ### Operon type: 100

	 A0A010ILW6	[691, 690, 689, 688, 687, 686, 0, 0, 685]

 ### Operon type: 101

	 A0A009Z9X7	[690, 689, 688, 0, 687, 0, 578, 0, 685]

 ### Operon type: 102

	 A0A013S8V2	[173, 172, 0, 0, 0, 171, 0, 0, 0]
	 A0A009R8E1	[0, 77, 0, 173, 172, 0, 0, 171, 0]

 ### Operon type: 103

	 A0A009ICH6	[655, 207, 206, 205, 497, 91, 90, 89, 746]
	 A0A009ZFR5	[655, 207, 206, 205, 497, 91, 90, 89, 746]

 ### Operon type: 104

	 A0A009NQA1	[655, 207, 206, 205, 204, 203, 498, 746, 741]
	 A0A009RR21	[655, 207, 206, 205, 204, 203, 498, 746, 741]

 ### Operon type: 105

	 A0A009HTN9	[655, 207, 206, 205, 204, 203, 107, 671, 106]
	 A0A009T3J5	[655, 207, 206, 205, 204, 203, 107, 671, 106]

 ### Operon type: 106

	 A0A009Q0U9	[655, 207, 206, 205, 204, 203, -1, -1, 0]

 ### Operon type: 107

	 A0A009QEG7	[315, 314, 313, 312, 311, 310, 309, 308, 307]
	 A0A009IPC3	[315, 314, 313, 312, 311, 310, 309, 308, 307]

 ### Operon type: 108

	 A0A009I573	[149, 0, 236, 237, 0, 238, 311, 312, 313]

 ### Operon type: 109

	 A0A009ILP9	[308, 0, 313, 312, 311, 238, 307, 237, 236]

 ### Operon type: 110

	 A0A009I953	[308, 0, 313, 312, 311, 238, 307, 0, -1]

 ### Operon type: 111

	 A0A009SX74	[782, 606, 0, 237, 307, 308, 314, 315, 135]

 ### Operon type: 112

	 A0A010IPH1	[670, 669, 668, 667, 666, 665, 664, 663, 662]
	 A0A009MMG9	[670, 669, 668, 667, 666, 665, 664, 663, 662]
	 A0A009ICP5	[670, 669, 668, 667, 666, 665, 664, 663, 662]
	 A0A009QVK8	[670, 669, 668, 667, 666, 665, 664, 663, 662]

 ### Operon type: 113

	 A0A009SIV4	[154, 153, 152, 151, 666, 665, 664, 663, 662]
	 A0A009HTW0	[154, 153, 152, 151, 666, 665, 664, 663, 662]
	 A0A009QLL2	[154, 153, 152, 151, 666, 665, 664, 663, 662]
	 A0A013TSJ4	[153, 152, 0, 151, 666, 665, 664, 663, 662]

 ### Operon type: 114

	 A0A013TCN9	[697, 360, 359, 358, 357, 356, 355, 861, 674]
	 A0A009QNC9	[697, 360, 359, 358, 357, 356, 355, 861, 674]
	 A0A010ITG1	[697, 360, 359, 358, 357, 356, 355, 861, 674]
	 A0A009NIJ3	[697, 360, 359, 358, 357, 356, 355, 861, 674]
	 A0A013TRC1	[697, 360, 359, 358, 357, 356, 355, 861, 674]

 ### Operon type: 115

	 A0A009H935	[0, 0, 359, 358, 357, 356, 355, 861, 674]

 ### Operon type: 116

	 A0A009IMX3	[661, 660, 659, 658, 657, 233, 233, 814, 232]
	 A0A009QEX0	[661, 660, 659, 658, 657, 233, 233, 814, 232]
	 A0A009SF48	[661, 660, 659, 658, 657, -1, 233, 814, 232]

 ### Operon type: 117

	 A0A010ISX2	[661, 660, 659, 658, 657, 656, 655, 654, 653]
	 A0A009RES7	[661, 660, 659, 658, 657, 656, 655, 654, 653]
	 A0A009MR00	[661, 660, 659, 658, 657, 656, 655, 654, 653]
	 A0A013S7V1	[661, 660, 659, 658, 657, 656, 655, 654, 653]

 ### Operon type: 118

	 A0A009YTT3	[3, 128, 659, 658, 657, 656, 655, 654, 653]

 ### Operon type: 119

	 A0A009GYP9	[0, 0, 0, 658, 657, 656, 655, 654, 653]

 ### Operon type: 120

	 A0A009ZZC8	[-1, 104, 105, 3, 128, 659, 658, 657, 656]

 ### Operon type: 121

	 A0A011WSE5	[195, 194, 193, 192, 191, 190, 189, 188, 245]
	 A0A011UGX8	[76, 195, 194, 193, 192, 191, 190, 189, 188]

 ### Operon type: 122

	 A0A011VZG0	[244, 0, 76, 195, 194, 193, 192, 191, 190]

 ### Operon type: 123

	 A0A009PJF7	[277, 276, 276, 275, 274, 273, 272, 271, 270]
	 A0A009SJZ7	[150, 277, 276, 275, 274, 273, 272, 271, 270]

 ### Operon type: 124

	 A0A009Z5G0	[273, 275, 276, 0, 409, 277, 150, 184]

 ### Operon type: 125

	 A0A010JJC1	[808, 707, 706, 705, 704, 703, 702, 717, 701]
	 A0A010IZ41	[707, 706, 705, 704, 703, 702, 717, 701, 489]

 ### Operon type: 126

	 A0A009QJL6	[808, 707, 706, 705, 0, 701, 489, 166, 0]

 ### Operon type: 127

	 A0A010KAV2	[481, 480, 479, 478, 477, 773, 669, 652, 476]
	 A0A009PG53	[481, 480, 479, 478, 477, 773, 669, 652, 476]
	 A0A013TB41	[481, -1, 479, 478, 477, 773, 669, 652, 476]
	 A0A009NE81	[481, 480, 479, 478, 477, 773, 669, 652, 476]
	 A0A013SGL3	[481, 480, 479, 478, 477, 773, 669, 652, 476]
	 A0A009I5Z6	[481, 480, 479, 478, 477, 773, 669, 652, 476]
	 A0A009RQH3	[481, 480, 479, 478, 477, 773, 669, 652, 476]
	 A0A009SHB3	[481, 480, 479, 478, 477, 773, 669, 652, 476]

 ### Operon type: 128

	 A0A009H3X4	[481, 480, 479, 478, 477, 773, -1, 863, -1]

 ### Operon type: 129

	 A0A009PIB4	[0, 0, 0, 213, 212, 211, 718, 861, 774]
	 A0A009SLR5	[0, 0, 0, 213, 212, 211, 718, 861, 774]

 ### Operon type: 130

	 A0A009HSU4	[0, 0, 724, 861, 0, 773, 652, 774, 718]

 ### Operon type: 131

	 A0A009I463	[822, 134, 133, 428, 428, 248, 247, 246, 202]
	 A0A009PAG1	[822, 134, 133, 428, 428, 248, 247, 246, 202]

 ### Operon type: 132

	 A0A013SKX6	[0, 0, 822, 0, 428, 428, 248, 247, 246]

 ### Operon type: 133

	 A0A011Q5S3	[617, 565, 0, 0, 0, 0, 564, 563, 562]

 ### Operon type: 134

	 A0A011UZZ4	[0, 564, 563, 0, 0, 0, 475, 475, 562]

 ### Operon type: 135

	 A0A011UTJ0	[0, 0, 0, 84, 83, 82, 597, 81, 80]

 ### Operon type: 136

	 A0A011VMV7	[84, 83, 82, 597, 81, 80, 451, 450, 449]

 ### Operon type: 137

	 A0A011NYT4	[859, 590, 589, 709, 0, 529, 529, 528, 527]

 ### Operon type: 138

	 A0A011P8E9	[0, 0, 859, 590, 0, 589, 709, 0, 0]

 ### Operon type: 139

	 A0A010TF34	[0, -1, 0, 0, 53, 52, 51, 50, 49]
	 A0A010SYH9	[53, 52, 51, 50, 49, 0, 0, 0, 0]

 ### Operon type: 140

	 A0A010S7A1	[113, 112, 111, 110, 0, 109, 0, 0, 0]
	 A0A010TFJ4	[0, -1, 0, 113, 112, 111, 110, -1, 109]

 ### Operon type: 141

	 A0A009PAV9	[298, -1, 668, 297, 428, 718, 296, 295, 294]
	 A0A009HJC2	[298, 674, 668, 297, 428, 718, 296, 295, 294]

 ### Operon type: 142

	 A0A009SE02	[0, 294, 0, 0, 0, 295, 296, 718, 428]

 ### Operon type: 143

	 A0A009HS41	[652, 655, 651, 650, 284, 861, 861, 648, 647]
	 A0A009SYU8	[652, 655, 651, 650, 284, 861, 861, 648, 647]
	 A0A009RSB7	[652, 655, 651, 650, 284, 861, 861, 648, 647]

 ### Operon type: 144

	 A0A010IT25	[652, 655, 651, 650, 649, 861, 861, 648, 647]
	 A0A013SHA9	[652, 655, 651, 650, 649, 861, 861, 648, 647]
	 A0A009I466	[652, 655, 651, 650, 649, 861, 861, 648, 647]

 ### Operon type: 145

	 A0A009NMQ9	[652, 655, 651, 650, 649, 0, 861, 861, 648]

 ### Operon type: 146

	 A0A009P8A9	[0, 0, 651, 650, 284, 861, 861, 648, 647]

 ### Operon type: 147

	 A0A009ITT8	[435, 434, 433, 520, 519, 432, 518, 517, 516]
	 A0A009NJ90	[435, 434, 433, 520, 519, 239, 432, 518, 517]

 ### Operon type: 148

	 A0A009NCH6	[415, 518, 517, 516, 414, 413, 412, 179, 178]
	 A0A009IJ01	[518, 517, 516, 515, 414, 413, 412, 179, 178]

 ### Operon type: 149

	 A0A009RQL5	[518, 517, 516, 100, 414, 413, 412, 179, 0]

 ### Operon type: 150

	 A0A009MGQ8	[519, 0, 415, 518, 517, 516, 414, 413, 412]

 ### Operon type: 151

	 A0A009IJ07	[523, 522, 521, 520, 519, 518, 517, 516, 515]
	 A0A009S6G1	[523, 522, 521, 520, 519, 518, 517, 516, 414]
	 A0A009RHH7	[523, 522, 521, 520, 519, 239, 518, 517, 516]

 ### Operon type: 152

	 A0A009HZK2	[521, 520, 519, 518, 517, 516, 515, 414, 413]

 ### Operon type: 153

	 A0A009R4N4	[520, 519, 239, 518, 517, 516, 100, 414, 413]

 ### Operon type: 154

	 A0A009S5A5	[519, 239, 432, 518, 517, 516, 515, 99, 414]

 ### Operon type: 155

	 A0A009RHH9	[0, 0, 0, 0, 448, 523, 522, 521, 520]

 ### Operon type: 156

	 A0A011PGU1	[0, 0, 781, 780, 779, 778, 777, 776, 775]
	 A0A011MDH1	[525, 0, 781, 780, 779, 778, 777, 776, 775]

 ### Operon type: 157

	 A0A011V0P4	[474, 473, 0, 0, 472, 0, 0, 471, 470]

 ### Operon type: 158

	 A0A011WPV7	[471, 470, 0, 0, 0, 0, 0, 0, 0]

 ### Operon type: 159

	 A0A011UDF3	[780, 375, 0, 0, 0, 374, 373, 372, 584]

 ### Operon type: 160

	 A0A011VSC9	[373, 372, 584, 0, 0, 0, 0, 0, 0]

 ### Operon type: 161

	 A0A011SF89	[819, 818, 817, 0, 0, 0, 0, 0, 0]

 ### Operon type: 162

	 A0A011UCX7	[0, 731, 819, 818, 0, 817, 376, 0, 0]

 ### Operon type: 163

	 A0A011RNP9	[0, 0, 0, 0, 0, 827, 826, 0, 0]

 ### Operon type: 164

	 A0A011V0B5	[822, 0, 0, 0, 0, 0, 827, 0, 0]

 ### Operon type: 165

	 A0A011RQC9	[0, 822, 821, 0, 0, 0, 0, 820, 0]

 ### Operon type: 166

	 A0A011QG28	[612, 611, 780, 0, 779, 778, 683, 610, 609]
	 A0A011RIM8	[612, 611, 0, 0, 779, 778, 683, 610, 609]

 ### Operon type: 167

	 A0A011PHI6	[608, 0, 633, 0, 0, 632, 622, 607, 0]

 ### Operon type: 168

	 A0A011QI68	[0, 0, 633, 632, 0, 0, 0, 0, 0]

 ### Operon type: 169

	 A0A011NVJ6	[541, 549, 548, 547, 546, 671, 0, 0, 540]

 ### Operon type: 170

	 A0A011PVP2	[0, 549, 548, 547, 546, 671, 0, 0, 641]

 ### Operon type: 171

	 A0A011NXY7	[0, 0, 548, 0, 546, 0, 0, 0, 0]

 ### Operon type: 172

	 A0A011QR69	[577, 576, 746, 575, 742, 741, 0, 0, 0]
	 A0A011NUB4	[577, 576, 746, 575, 742, 741, 0, 543, 0]

 ### Operon type: 173

	 A0A011NN36	[576, 746, 0, 0, 742, 741, 0, 0, 0]

 ### Operon type: 174

	 A0A011PK69	[746, 743, 0, 0, 742, 741, 0, 0, 0]

 ### Operon type: 175

	 A0A011RMI6	[836, 835, 834, 833, 832, 831, 830, 829, 828]
	 A0A011NYD6	[836, 835, 834, 833, 832, 831, 830, 829, 828]

 ### Operon type: 176

	 A0A011QB28	[550, 836, 835, 0, 0, 831, 830, 829, 828]

 ### Operon type: 177

	 A0A011NF33	[0, 831, 830, 0, 0, 0, 0, 0, 0]

 ### Operon type: 178

	 A0A011NBY4	[568, 0, 0, 567, 0, 0, 566, 0, 0]

 ### Operon type: 179

	 A0A011WRT0	[568, 0, 0, 0, 0, 0, 0, 814, 0]

 ### Operon type: 180

	 A0A011SHV5	[0, 0, 0, 0, 0, 809, 814, 808, 0]

 ### Operon type: 181

	 A0A011NB95	[0, 579, 0, 0, 0, 0, 668, 571, 570]

 ### Operon type: 182

	 A0A011UHT4	[166, 75, 571, 0, 0, 55, 55, 570, 0]

 ### Operon type: 183

	 A0A010Z1W7	[0, 0, 0, 0, 0, 93, 0, 299, 300]

 ### Operon type: 184

	 A0A011VY84	[0, 0, 300, 299, 0, 0, 0, 0, 0]

 ### Operon type: 185

	 A0A010YW85	[0, 0, 0, 0, 0, 240, 0, 299, 300]

 ### Operon type: 186

	 A0A010ZMA0	[299, 574, 0, 0, 0, 0, 0, 0, 0]

 ### Operon type: 187

	 A0A011N5L2	[0, 0, 0, 574, 0, 573, 708, 0, 0]

 ### Operon type: 188

	 A0A009MJ75	[0, 0, 202, 201, 200, 0, 0, 0, 853]

 ### Operon type: 189

	 A0A010IH51	[0, 662, 0, 0, 200, 0, 853, 0, 0]

 ### Operon type: 190

	 A0A011TYT7	[0, 0, 0, 0, 0, 0, 662, 399, 399]

 ### Operon type: 191

	 A0A010RRR9	[0, 0, 0, 0, 855, 0, 0, 854, 853]

 ### Operon type: 192

	 A0A010SIA7	[0, 0, 854, 110, 0, 0, 0, 0, 0]

 ### Operon type: 193

	 A0A010RFQ9	[0, 0, 865, 0, 864, 0, 0, 0, 0]

 ### Operon type: 194

	 A0A010SPR9	[44, 44, 0, 0, 0, 864, 0, 0, 0]

 ### Operon type: 195

	 A0A009LNU8	[425, 424, 494, 493, 0, 423, 0, 718, 0]

 ### Operon type: 196

	 A0A013SRG6	[492, 493, 494, 424, 0, 230, 0, 425, 533]

 ### Operon type: 197

	 A0A009IQU8	[0, 424, 0, 0, 0, 230, 533, 0, 0]

 ### Operon type: 198

	 A0A010K2K8	[494, 493, 492, 0, 0, 0, 0, -1, 718]

 ### Operon type: 199

	 A0A011NPR8	[0, 533, 0, 0, 0, 0, 532, 0, 0]

 ### Operon type: 200

	 A0A010SEA2	[565, 532, 108, 0, 0, 0, 0, 0, 0]

 ### Operon type: 201

	 A0A010IGH8	[0, 0, 0, 0, 0, 0, 0, 180, 648]

 ### Operon type: 202

	 A0A010STD3	[0, 0, 0, 337, 336, 335, 0, 648, 180]

 ### Operon type: 203

	 A0A010SQJ5	[174, 667, 0, 337, 336, 335, 0, 0, 0]

 ### Operon type: 204

	 A0A013RVV2	[697, 0, 182, 181, 0, 0, 648, 180, 0]

 ### Operon type: 205

	 A0A011TD67	[374, 0, 0, 337, 336, 335, 334, 0, 333]

 ### Operon type: 206

	 A0A009ZC12	[0, 0, 0, 337, 0, 335, 334, 4, 582]

 ### Operon type: 207

	 A0A009YSC7	[0, 0, 566, 1, 0, 1, 182, 181, 0]

 ### Operon type: 208

	 A0A009ZJK4	[0, 0, 0, 0, 0, 0, 655, 41, 0]

 ### Operon type: 209

	 A0A010SVN1	[-1, 41, 861, 317, 222, 0, 0, 655, 0]

 ### Operon type: 210

	 A0A009PFK7	[290, 289, 288, 287, 286, 0, 0, 285, 0]
	 A0A009QGN4	[290, 289, 288, 287, 286, 285, 0, 0, 0]

 ### Operon type: 211

	 A0A009YR20	[0, 285, 0, 0, 0, 0, 289, 0, 0]

 ### Operon type: 212

	 A0A009SCM5	[103, 102, 101, 0, 0, 0, 0, 0, 0]

 ### Operon type: 213

	 A0A009TJ77	[135, 251, 0, 0, 0, 0, 103, 102, 101]

 ### Operon type: 214

	 A0A009HZV2	[0, 0, 0, 0, 269, 268, 239, 0, 0]

 ### Operon type: 215

	 A0A009QPE7	[0, 0, 0, 0, 269, 268, 0, 0, 0]

 ### Operon type: 216

	 A0A009MGR3	[0, 0, 328, 0, 369, 99, 129, 327, 326]

 ### Operon type: 217

	 A0A009Q4G0	[0, 329, 328, 0, 369, 0, 327, 326, 327]

 ### Operon type: 218

	 A0A009PB53	[0, 0, 293, 292, 369, 327, 326, 327, 291]

 ### Operon type: 219

	 A0A009PUJ8	[0, 293, 292, 369, 0, 291, 177, 176, 175]

 ### Operon type: 220

	 A0A009QQC0	[267, 0, 266, 861, 320, 320, 319, 318, 317]
	 A0A009H7I0	[267, 0, 0, 861, 320, 320, 319, 318, 317]

 ### Operon type: 221

	 A0A009MVG4	[266, 0, 250, 861, 320, 320, 319, 318, 317]

 ### Operon type: 222

	 A0A009QA91	[322, 321, 652, 861, 320, 320, 319, 318, 317]
	 A0A010J377	[322, 321, 652, 861, 320, 320, 319, 318, 317]

 ### Operon type: 223

	 A0A009S1X4	[322, 321, 652, 861, 320, 320, 861, 0, 279]

 ### Operon type: 224

	 A0A013SHF4	[0, 0, 250, 861, 320, 320, 0, 249, 0]

 ### Operon type: 225

	 A0A011PJK8	[724, 723, 722, 721, 720, 719, 0, 0, 0]
	 A0A011N3C3	[0, 0, 0, 724, 723, 722, 721, 720, 719]

 ### Operon type: 226

	 A0A011WKI4	[0, 0, 0, 0, 0, 725, 157, 156, 159]
	 A0A011UWH1	[725, 157, 156, 159, 0, 0, 0, 0, 0]

 ### Operon type: 227

	 A0A010YKP2	[0, 0, 0, 0, 0, 0, 540, 462, 0]

 ### Operon type: 228

	 A0A011V1A2	[473, 0, 0, 462, 0, 0, 0, 0, 0]

 ### Operon type: 229

	 A0A011NGS0	[0, 0, 0, 0, 534, 586, 0, 0, 0]

 ### Operon type: 230

	 A0A011PW61	[0, 0, 0, 0, 534, 586, 0, 0, 388]

 ### Operon type: 231

	 A0A011UXI1	[0, 739, 0, 0, 534, 586, 332, 0, 0]

 ### Operon type: 232

	 A0A011SWI9	[-1, -1, 0, 608, 534, 586, 332, -1, -1]

 ### Operon type: 233

	 A0A011P952	[586, 0, 585, 0, 0, 585, 0, 0, 0]

 ### Operon type: 234

	 A0A011QVV5	[0, 0, 526, 607, 545, 544, 545, 641, 525]
	 A0A011Q1B3	[526, 607, 545, 544, 545, 641, 525, 0, 0]

 ### Operon type: 235

	 A0A011NSG8	[0, 0, 0, 607, 545, 544, 0, 545, 0]

 ### Operon type: 236

	 A0A011P0X4	[0, 0, 525, 0, 545, 0, 0, 544, 77]

 ### Operon type: 237

	 A0A010YNY9	[0, 0, 94, 28, 0, 0, 0, 0, 78]

 ### Operon type: 238

	 A0A011AC71	[279, 0, 0, 224, 0, 94, 28, 0, 652]

 ### Operon type: 239

	 A0A011PRW6	[756, 0, 0, 0, 755, 835, 834, 0, 0]
	 A0A011QLX0	[0, 756, 0, 0, 755, 0, 835, 834, 0]

 ### Operon type: 240

	 A0A010SML6	[0, 835, 834, -1, 0, 606, 0, 0, 0]

 ### Operon type: 241

	 A0A010RS09	[0, 0, 0, 0, 50, 0, 863, 863, 0]

 ### Operon type: 242

	 A0A010RTE7	[0, 0, 0, 0, 0, 0, 50, 251, 0]

 ### Operon type: 243

	 A0A009P817	[325, 0, 0, 0, 210, 0, 242, 209, 208]

 ### Operon type: 244

	 A0A009TIY0	[0, 0, 0, 0, 210, 0, 242, 209, 0]

 ### Operon type: 245

	 A0A009QKA3	[242, 209, 0, 208, 0, 0, 0, 0, 290]

 ### Operon type: 246

	 A0A009HSR2	[0, 148, 147, 0, 146, 226, 227, 239, 228]

 ### Operon type: 247

	 A0A009SWM1	[0, 148, 147, 0, 146, 0, 0, 227, 0]

 ### Operon type: 248

	 A0A009MYX0	[229, 228, 0, 724, 0, 0, 227, 226, 225]

 ### Operon type: 249

	 A0A009QK79	[0, 0, 225, 226, 0, 227, 0, 0, 228]

 ### Operon type: 250

	 A0A009GXJ1	[461, 460, 226, 227, 120, 239, 228, 229, 0]

 ### Operon type: 251

	 A0A010IT95	[0, 0, 0, 718, 646, 645, 644, 643, 642]
	 A0A013TKW8	[0, 797, 0, 718, 646, 645, 644, 643, 642]
	 A0A009QT77	[0, 0, -1, 718, 646, 645, 644, 643, 642]
	 A0A009PRQ9	[0, 718, 218, 0, 646, 645, 644, 643, 642]
	 A0A009MH36	[0, 0, 0, 718, 646, 645, 644, 643, 642]
	 A0A009I5G9	[0, 0, 718, 218, 646, 645, 644, 643, 642]
	 A0A009GWD0	[239, 0, 0, 718, 646, 645, 644, 643, 642]
	 A0A009S0T6	[0, 0, 718, 218, 646, 645, 644, 643, 642]

 ### Operon type: 252

	 A0A013TMJ7	[674, -1, 0, 718, 646, 643, 642, 0, 0]

 ### Operon type: 253

	 A0A011VXC2	[-1, 306, 0, 758, 305, 304, 303, 302, 301]
	 A0A011V392	[306, 0, 758, 305, 304, 303, 0, 302, 301]

 ### Operon type: 254

	 A0A011V490	[244, 243, 0, 301, 302, 303, 304, 305, 758]

 ### Operon type: 255

	 A0A011VZF5	[0, 0, 305, 304, 303, 731, 243, 731, 0]

 ### Operon type: 256

	 A0A011WLE7	[0, 0, 0, 0, 0, 155, 0, 0, 0]
	 A0A011VU44	[0, 0, 0, 0, 0, 155, 0, 0, 0]

 ### Operon type: 257

	 A0A011VAP2	[0, 0, 61, 0, 0, 0, 0, 0, 198]

 ### Operon type: 258

	 A0A011VRJ8	[0, 0, 0, 0, 0, 0, 61, 0, 0]

 ### Operon type: 259

	 A0A011RNU1	[0, 0, 0, 0, 0, 0, 825, 825, 824]

 ### Operon type: 260

	 A0A011VKJ9	[0, 0, 0, 0, 0, 0, 824, 825, -1]

 ### Operon type: 261

	 A0A011PQZ7	[0, 0, 0, 761, 760, 0, 759, 0, 0]

 ### Operon type: 262

	 A0A011TUX4	[0, 0, 0, 0, 760, 0, 0, 759, 0]

 ### Operon type: 263

	 A0A011STZ9	[0, 0, 0, 759, 0, 0, 0, 0, 0]

 ### Operon type: 264

	 A0A011PRF5	[757, 0, 0, 0, 0, 0, 0, 0, 0]
	 A0A011PUJ9	[0, 0, 0, 0, 0, 0, 0, 0, 757]

 ### Operon type: 265

	 A0A011PFY8	[0, 0, 0, 0, 0, 0, 0, 0, 791]

 ### Operon type: 266

	 A0A011PNS3	[765, 791, 0, 0, 0, 0, 0, 0, 0]

 ### Operon type: 267

	 A0A011T648	[0, 791, 0, 0, 0, 0, 0, 746, 0]

 ### Operon type: 268

	 A0A010YYJ5	[0, 0, 0, 731, 0, 0, 0, 48, 48]

 ### Operon type: 269

	 A0A011NDM5	[731, 0, 0, 0, 0, 0, 0, 0, 0]

 ### Operon type: 270

	 A0A011MSR2	[0, 0, 0, 524, 0, 0, 0, 731, 731]

 ### Operon type: 271

	 A0A011WSU6	[0, 731, 0, 0, 302, 0, 0, 0, 0]

 ### Operon type: 272

	 A0A011U3C2	[0, 0, 683, 0, 0, 0, 0, 0, 0]
	 A0A011AEN3	[0, 0, 0, 0, 0, 0, 683, 0, 0]

 ### Operon type: 273

	 A0A011AAZ2	[0, 86, 0, 0, 0, 683, 683, 683, 0]

 ### Operon type: 274

	 A0A011T698	[0, 0, 0, 0, 0, 652, 683, 0, 0]

 ### Operon type: 275

	 A0A010YRE8	[0, 0, 0, 0, 0, 0, 0, 11, 0]

 ### Operon type: 276

	 A0A011AF05	[0, 0, 279, 11, 0, 0, 0, 0, 0]

 ### Operon type: 277

	 A0A009ZG48	[0, 0, 0, 797, 0, 0, 0, 0, 0]

 ### Operon type: 278

	 A0A011PEJ8	[0, 0, 798, 797, 0, 0, 0, 0, 0]

 ### Operon type: 279

	 A0A011QNJ7	[613, 0, 0, 797, 0, 0, 0, 613, 0]

 ### Operon type: 280

	 A0A011MMJ4	[0, 0, 0, 0, 0, 0, 0, 613, 0]

 ### Operon type: 281

	 A0A011R8M3	[0, 0, 798, 797, 0, 331, 0, 613, 0]

 ### Operon type: 282

	 A0A009ZC82	[0, 0, 605, 0, 0, 0, 0, 0, 0]

 ### Operon type: 283

	 A0A011P3F6	[606, 0, 0, 605, 0, 0, 0, 0, 0]

 ### Operon type: 284

	 A0A009IG48	[0, 0, 0, 235, 234, 0, 0, 0, 606]

 ### Operon type: 285

	 A0A009IMQ0	[0, 0, 0, 235, 234, 0, 0, 0, 0]

 ### Operon type: 286

	 A0A009SWV1	[0, 0, 0, 0, 0, 0, 0, 235, 0]

 ### Operon type: 287

	 A0A009Q512	[0, 0, 0, 0, 324, 0, 0, 0, 0]
	 A0A009PMZ9	[324, 0, 0, 0, 0, 0, 0, 0, 0]

 ### Operon type: 288

	 A0A009IFL2	[0, 88, 0, 87, -1, 0, 0, 0]

 ### Operon type: 289

	 A0A009ZDS1	[-1, -1, 0, 88, 0, 0, 707, 0, 0]

 ### Operon type: 290

	 A0A010SNM6	[96, 95, -1, 0, 0, 0, 674, 0, 0]

 ### Operon type: 291

	 A0A010T5D8	[95, 96, 0, -1, 0, -1, 489, 0, 0]

 ### Operon type: 292

	 A0A011UB51	[377, 0, 0, 0, 0, 0, 0, 0, 0]
	 A0A011UFH1	[0, 0, 0, 0, 0, 377, 0, 0, 0]

 ### Operon type: 293

	 A0A011V965	[0, -1, -1, 0, 62, 0, -1, -1, 0]
	 A0A011VHP2	[0, -1, -1, -1, 62, 0, 0, 0, 0]

 ### Operon type: 294

	 A0A010RVD0	[-1, 0, 0, -1, 0, 580, 580, 0, 45]

 ### Operon type: 295

	 A0A010T7Q5	[0, 45, 0, 0, 0, 0, -1, 0, 0]

 ### Operon type: 296

	 A0A010SJH7	[0, 0, 674, -1, 0, 0, 319, 0, 0]

 ### Operon type: 297

	 A0A010SRR2	[0, 0, -1, 0, 0, 0, 0, 0, 674]

 ### Operon type: 298

	 A0A010RKP8	[0, 0, 0, 0, 0, 0, -1, 0, 0]
	 A0A009HJU6	[0, 0, 0, 0, 0, 0, 0, 0, -1]
	 A0A010TF14	[-1, 0, 0, 0, 0, 0, 0, 0, 0]
	 A0A010RY47	[-1, 0, -1, 0, 0, 0, 0, 0, 0]
	 A0A011UZ32	[0, 0, 0, 0, 0, -1, 0, 0, 0]

 ### Operon type: 299

	 A0A010SJF9	[0, 0, 0, 0, 0, -1, 0, 97, -1]

 ### Operon type: 300

	 A0A011ML54	[0, 0, 0, 537, 0, 0, 0, 0, -1]

 ### Operon type: 301

	 A0A011NHY1	[0, 0, 0, 0, 0, 674, 0, 0, 0]

 ### Operon type: 302

	 A0A010Z171	[0, 0, 0, 0, 0, 0, 674, 0, 724]

 ### Operon type: 303

	 A0A011T697	[674, 0, 0, 0, 0, 0, 0, 0, 242]

 ### Operon type: 304

	 A0A011TDD1	[0, 223, 674, 0, 0, 0, 0, 0, 0]

 ### Operon type: 305

	 A0A011VW24	[0, 0, 838, 0, 0, 0, 0, 0, -1]

 ### Operon type: 306

	 A0A011T8V3	[0, 0, 838, 0, 0, 0, 0, 0, 0]

 ### Operon type: 307

	 A0A010TH98	[388, 0, 0, 838, 0, 0, 0, 0, 0]

 ### Operon type: 308

	 A0A011QVR3	[0, 0, 0, 0, 0, 0, 0, 579, 838]

 ### Operon type: 309

	 A0A011VYF1	[838, 0, 0, 0, 0, 0, 377, 0, 0]

 ### Operon type: 310

	 A0A010S415	[-1, 838, 0, 317, 0, 0, 0, 0, 695]

 ### Operon type: 311

	 A0A011PBM9	[0, 0, 0, 0, 0, 0, 0, 0, 0]
	 A0A011PNN2	[0, 0, 0, 0, 0, 0, 0, 0, 0]
	 A0A011QMJ8	[0, 0, 0, 0, 0, 0, 0, 0, 0]
	 A0A011P9Z5	[0, 0, 0, 0, 0, 0, 0, 0, 0]
	 A0A011QSN2	[0, 0, 0, 0, 0, 0, 0, 0, 0]
	 A0A011NAJ1	[0, 0, 0, 0, 0, 0, 0, 0, 0]
	 A0A011NTU3	[0, 0, 0, 0, 0, 0, 0, 0, 0]
	 A0A011NMI8	[0, 0, 0, 0, 0, 0, 0, 0, 0]
	 A0A011N2Z0	[0, 0, 0, 0, 0, 0, 0, 0, 0]
	 A0A011UHL2	[0, 0, 0, 0, 0, 0, 0, 0, 0]
	 A0A009M4K0	[0, 0, 0, 0, 0, 0, 0, 0, 0]
	 A0A011Q056	[0, 0, 0, 0, 0, 0, 0, 0, 0]
	 A0A011UBN9	[0, 0, 0, 0, 0, 0, 0, 0, 0]
	 A0A013TEV4	[0, 0, 0, 0, 0, 0, 0, 0, 0]
	 A0A011VYF6	[0, 0, 0, 0, 0, 0, 0, 0, 0]
	 A0A009PDV4	[0, 0, 0, 0, 0, 0, 0, 0, 0]
	 A0A013SL47	[0, 0, 0, 0, 0, 0, 0, 0, 0]
	 A0A011WUT3	[0, 0, 0, 0, 0, 0, 0, 0, 0]
	 A0A009MH90	[0, 0, 0, 0, 0, 0, 0, 0, 0]
	 A0A013S2B9	[0, 0, 0, 0, 0, 0, 0, 0, 0]
	 A0A013SBR8	[0, 0, 0, 0, 0, 0, 0, 0, 0]
	 A0A010SHY1	[0, 0, 0, 0, 0, 0, 0, 0, 0]
	 A0A009HIL8	[0, 0, 0, 0, 0, 0, 0, 0, 0]
	 A0A011VNE2	[0, 0, 0, 0, 0, 0, 0, 0, 0]
	 A0A011UFM5	[0, 0, 0, 0, 0, 0, 0, 0, 0]
	 A0A010SPJ7	[0, 0, 0, 0, 0, 0, 0, 0, 0]
	 A0A010SSQ8	[0, 0, 0, 0, 0, 0, 0, 0, 0]
	 A0A010T025	[0, 0, 0, 0, 0, 0, 0, 0, 0]
	 A0A010YJA7	[0, 0, 0, 0, 0, 0, 0, 0, 0]
	 A0A010ZTI3	[0, 0, 0, 0, 0, 0, 0, 0, 0]
	 A0A011A146	[0, 0, 0, 0, 0, 0, 0, 0, 0]
	 A0A010YZS8	[0, 0, 0, 0, 0, 0, 0, 0, 0]
	 A0A010Z120	[0, 0, 0, 0, 0, 0, 0, 0, 0]

 ### Operon type: 312

	 A0A010TG27	[725, 0, 54, 0, 0, 0, 861, 0, 0]

 ### Operon type: 313

	 A0A011PMK1	[0, 0, 0, 0, 0, 0, 0, 725, 0]

 ### Operon type: 314

	 A0A009HM15	[0, 412, 179, 0, 0, 0, -1, 0, 0]

 ### Operon type: 315

	 A0A009HRU1	[0, 226, 0, 0, 0, 0, 0, 0, 0]

 ### Operon type: 316

	 A0A009HSN8	[0, 329, 0, 0, 0, -1, 0, 291, -1]

 ### Operon type: 317

	 A0A009HV82	[177, 0, 0, 0, 0, 0, 0, 0, 0]

 ### Operon type: 318

	 A0A009IG74	[0, 0, 201, 0, 428, -1, 0, 0, 0]

 ### Operon type: 319

	 A0A009IJ90	[0, 135, 0, 0, 0, 0, 0, 0, 0]

 ### Operon type: 320

	 A0A009NM94	[0, 816, 816, 0, 0, 0, 223, 0, 0]

 ### Operon type: 321

	 A0A009Q4N5	[0, 0, 325, 0, 0, 0, 0, 0, 0]

 ### Operon type: 322

	 A0A009SSZ9	[0, 149, 0, 0, 0, 0, 0, 0, 0]

 ### Operon type: 323

	 A0A009YIH1	[0, 0, 0, 0, 414, 0, -1, -1, 2]

 ### Operon type: 324

	 A0A009YR05	[0, 0, 0, 0, 83, 0, 0, 0, 0]

 ### Operon type: 325

	 A0A009Z004	[136, 0, 136, 0, 0, 724, 0, 0, 0]

 ### Operon type: 326

	 A0A010RUQ5	[0, 0, 0, 0, 0, 0, 0, 0, 383]

 ### Operon type: 327

	 A0A010S195	[605, 0, 93, 92, 0, 0, 0, 0, 0]

 ### Operon type: 328

	 A0A010SCZ2	[0, 0, 0, 0, 0, 0, 0, 197, 0]

 ### Operon type: 329

	 A0A010SN41	[0, 0, 0, 0, 186, 0, 0, 0, 0]

 ### Operon type: 330

	 A0A010SSU2	[0, 0, 0, 0, 120, 0, -1, 587, 0]

 ### Operon type: 331

	 A0A010SUP6	[0, 0, 0, 0, 0, 0, 0, 92, 0]

 ### Operon type: 332

	 A0A010SUY9	[0, 0, 0, 0, 0, 331, 798, 0]

 ### Operon type: 333

	 A0A010THK2	[0, 0, -1, 0, 0, 863, 724, 0, 0]

 ### Operon type: 334

	 A0A010SRL4	[54, 0, 0, -1, 0, 0, 0, 724, 231]

 ### Operon type: 335

	 A0A010YX61	[479, 683, 0, 838, 0, 0, 0, 0, 0]

 ### Operon type: 336

	 A0A010S5W8	[0, 0, 524, 641, 0, 0, 0, 0, 0]

 ### Operon type: 337

	 A0A011NE37	[682, 0, 0, 0, 0, 0, 0, 0, 0]

 ### Operon type: 338

	 A0A011NF78	[0, 0, 581, 0, 0, 0, 0, 0, 0]

 ### Operon type: 339

	 A0A011NVE2	[0, 0, 0, 746, 0, 0, 674, 0, 542]

 ### Operon type: 340

	 A0A011NXJ4	[0, 0, 0, 0, 0, 0, 0, 0, 539]

 ### Operon type: 341

	 A0A011P8I1	[0, 0, 609, 683, 0, 0, 0, 0, 588]

 ### Operon type: 342

	 A0A011P9Q7	[651, 0, 0, 0, 0, 0, 0, 0, 0]

 ### Operon type: 343

	 A0A011PJ75	[0, 746, 745, 746, 0, 0, 0, 0, 0]

 ### Operon type: 344

	 A0A011PRB4	[0, 0, 0, 0, 0, 0, 0, 758, 0]

 ### Operon type: 345

	 A0A011QVT2	[578, 0, 0, 0, 0, 0, 0, 765, 0]

 ### Operon type: 346

	 A0A011RP14	[0, 0, 0, 0, 0, 0, 0, 823, 0]

 ### Operon type: 347

	 A0A011SM49	[674, 0, 823, 0, 0, 0, 407, 0, 0]

 ### Operon type: 348

	 A0A011AM27	[759, 0, 0, 0, 712, 0, 0, 0, 39]

 ### Operon type: 349

	 A0A011T607	[0, 0, 641, 0, 0, 0, 0, 0, 223]

 ### Operon type: 350

	 A0A011TAW2	[0, 0, 0, 0, 0, 0, 258, 0, 0]

 ### Operon type: 351

	 A0A011TED9	[0, 0, 0, 0, 0, 343, 0, 0, 0]

 ### Operon type: 352

	 A0A011TXS5	[0, 400, 0, 0, 0, 0, 0, 0, 0]

 ### Operon type: 353

	 A0A011U144	[0, 383, 0, 0, 0, 0, 539, 382, 0]

 ### Operon type: 354

	 A0A011U1C8	[652, 0, 0, 0, 0, 0, 0, 0, 381]

 ### Operon type: 355

	 A0A011U483	[0, 0, 0, 0, 0, 603, 0, 0, 0]

 ### Operon type: 356

	 A0A011UG86	[0, 607, 0, 0, 0, 97, 0, 0, 0]

 ### Operon type: 357

	 A0A011UQB5	[813, 567, 0, 0, 0, 0, 0, 377, 0]

 ### Operon type: 358

	 A0A011UVI5	[0, 0, 0, 0, 0, 78, 746, 746, 0]

 ### Operon type: 359

	 A0A011UWI3	[0, 0, 0, 0, 212, 0, 114, 605, 0]

 ### Operon type: 360

	 A0A011V5E6	[0, 0, 0, 0, 0, 245, 0, 0, 0]

 ### Operon type: 361

	 A0A011M4H6	[198, 0, 858, 0, 0, 0, 0, 0, 0]

 ### Operon type: 362

	 A0A011VSV3	[0, 0, 0, 0, 0, 0, 780, 0, 0]

 ### Operon type: 363

	 A0A011VWI0	[0, 0, 0, 0, 0, 75, 0, 0, 0]

 ### Operon type: 364

	 A0A011VZ91	[159, 0, 0, 0, 0, 0, 0, 0, 0]

 ### Operon type: 365

	 A0A011WP76	[0, 0, 0, 0, 0, 0, 0, 0, 619]

 ### Operon type: 366

	 A0A011WSD4	[0, 0, 0, -1, 0, 731, 0, 0, 243]

 ### Operon type: 367

	 A0A011WT35	[243, 0, 0, 0, 0, 0, 0, 0, 0]

 ### Operon type: 368

	 A0A013S843	[0, 318, 0, 0, 0, 0, -1, 174, 0]

 ### Operon type: 369

	 A0A013T5E6	[0, 0, 0, 369, 0, 0, 0, 0, 0]

 ### Operon type: 370

	 A0A009T185	[576, 0, 745, 745, 673, 746, 745, 672, 671]

 ### Operon type: 371

	 A0A010IN36	[675, 674, 0, 0, 673, 746, 745, 672, 671]

 ### Operon type: 372

	 A0A009PG43	[746, 745, 352, 765, 0, 672, 671, 0, 0]

 ### Operon type: 373

	 A0A009INE0	[675, 0, 0, 0, 0, 0, 0, 745, 672]

 ### Operon type: 374

	 A0A009T9H0	[0, 2, 606, -1, 0, 0, 227, 0, 226]

 ### Operon type: 375

	 A0A010THH5	[0, 108, 88, 78, 0, 0, 808, 0, 707]

 ### Operon type: 376

	 A0A011WSH8	[0, 0, 0, 861, 187, 0, 0, 0, 0]
	 A0A011VZE3	[0, 0, 0, 861, 187, 0, 0, 0, 0]

 ### Operon type: 377

	 A0A011NAF3	[0, 0, 0, 0, 0, 0, 861, 0, 768]

 ### Operon type: 378

	 A0A009IQ93	[376, 0, 861, 0, 0, 231, 0, 0, 0]

 ### Operon type: 379

	 A0A009Q8S9	[0, 0, 606, 323, 0, 391, 0, 0, 0]

 ### Operon type: 380

	 A0A009TLU4	[0, 400, -1, 423, 0, 43, 0, -1, -1]

 ### Operon type: 381

	 A0A009ZB47	[167, 214, 0, 0, 0, 731, 705, 0, 0]

 ### Operon type: 382

	 A0A009ZVR4	[821, 0, 683, 0, 0, 48, 0, 0, 47]

 ### Operon type: 383

	 A0A010JIN9	[705, 0, 0, 251, 307, 0, 0, 0, 0]

 ### Operon type: 384

	 A0A010S003	[776, 0, 0, 0, 0, 607, 607, 667, 0]

 ### Operon type: 385

	 A0A010SMN8	[0, -1, 94, 0, 864, 0, 0, 783, 0]

 ### Operon type: 386

	 A0A010SXS1	[0, 352, 0, 0, 0, 394, 0, 0, 765]

 ### Operon type: 387

	 A0A010T689	[39, -1, 808, 827, 0, 0, 0, 0, 0]

 ### Operon type: 388

	 A0A010TBB4	[0, 510, 0, 97, 0, 0, 0, 0, 652]

 ### Operon type: 389

	 A0A010YFK3	[0, 840, 0, 0, 0, 0, 57, 0, 381]

 ### Operon type: 390

	 A0A010YVY1	[8, 0, 8, 0, 0, 0, 0, 667, 0]

 ### Operon type: 391

	 A0A010ZSZ2	[0, 86, 0, 25, 24, 0, 0, 0, 0]

 ### Operon type: 392

	 A0A010Z0Y7	[0, 0, 0, 0, 24, 317, 0, 0, 0]

 ### Operon type: 393

	 A0A011A0M8	[0, 0, 724, 0, 87, 0, 0, 10, 10]

 ### Operon type: 394

	 A0A011NFL4	[0, 815, 0, 0, 536, 725, 0, 535, 0]

 ### Operon type: 395

	 A0A011P407	[0, 0, 604, 814, 0, 0, 652, 0, 603]

 ### Operon type: 396

	 A0A011QGT2	[861, 0, 0, 721, 720, 0, 0, 0, 0]

 ### Operon type: 397

	 A0A011QSA4	[584, 0, 583, 582, 0, 0, 0, 0, 581]

 ### Operon type: 398

	 A0A011T6J6	[0, 561, 0, 683, 0, 0, 241, 0, 240]

 ### Operon type: 399

	 A0A011TAL2	[0, 641, 0, 0, 0, 224, 0, 540, 0]

 ### Operon type: 400

	 A0A011TZG0	[724, 559, 0, 0, 0, 0, 0, 398, 0]

 ### Operon type: 401

	 A0A011UGY3	[189, 188, 245, 56, 0, 0, 0, 56, 0]

 ### Operon type: 402

	 A0A011UII7	[0, 0, 0, 0, 0, 542, 397, 0, 0]

 ### Operon type: 403

	 A0A011UNT9	[391, 410, 0, 0, 0, 0, 0, 0, 0]

 ### Operon type: 404

	 A0A011SIS0	[0, 553, 411, 411, 0, 0, 0, 410, 0]

 ### Operon type: 405

	 A0A011UT49	[0, 86, 0, 0, 0, 0, 352, 85, 0]

 ### Operon type: 406

	 A0A011VU65	[58, 0, 0, 0, 0, 57, 0, 780, 375]

 ### Operon type: 407

	 A0A011VV03	[0, 199, 0, 0, 472, 198, 0, 0, 0]

 ### Operon type: 408

	 A0A011VVZ9	[0, 0, -1, 0, 0, 197, 196, 196, 409]

 ### Operon type: 409

	 A0A011VWX7	[765, 474, 0, 0, 0, 0, 0, 809, 0]

 ### Operon type: 410

	 A0A011VXK7	[816, 816, 0, 679, 0, 0, 0, 563, 0]

 ### Operon type: 411

	 A0A011W0I6	[158, 0, 0, 0, 0, 733, 0, 537, 0]

 ### Operon type: 412

	 A0A010YEF6	[0, 158, 0, 0, 0, 0, 0, 0, 40]

 ### Operon type: 413

	 A0A013SQH1	[0, 0, 0, 0, 186, 740, 0, 718, 668]

 ### Operon type: 414

	 A0A009QJA8	[176, 175, 0, 0, 0, 0, 0, 0, 872]

 ### Operon type: 415

	 A0A009YL68	[0, 0, 652, 481, 477, 0, 0, 4, 0]

 ### Operon type: 416

	 A0A010JNG7	[718, 0, 0, 717, 0, 0, 0, 0, 0]

 ### Operon type: 417

	 A0A010RM40	[862, 861, 860, 0, 0, 0, 0, -1, 859]

 ### Operon type: 418

	 A0A010RRQ6	[0, 858, 0, 0, 0, 864, 857, 856, 0]

 ### Operon type: 419

	 A0A010S423	[241, 0, 0, 0, 0, 0, 0, 114, 820]

 ### Operon type: 420

	 A0A010T0I7	[0, 0, 40, 0, 0, 609, 583, 861, 0]

 ### Operon type: 421

	 A0A010ZUR7	[199, 23, 0, 23, 0, 22, 667, 0, 0]

 ### Operon type: 422

	 A0A011NA78	[0, 572, 0, 0, 0, 580, 0, 0, 859]

 ### Operon type: 423

	 A0A011P8W7	[726, 604, 765, 0, 587, 0, 0, 0, 0]

 ### Operon type: 424

	 A0A011PG97	[783, 0, 0, 782, 0, 0, 0, 0, 0]

 ### Operon type: 425

	 A0A011PKT4	[0, 740, 0, 0, 0, 0, 739, 0, 0]

 ### Operon type: 426

	 A0A011PLB2	[0, 726, 0, 743, 0, 0, 0, 0, 0]

 ### Operon type: 427

	 A0A011R339	[0, 0, 0, 0, 0, 0, 461, 460, 0]

 ### Operon type: 428

	 A0A011SFE5	[0, 0, 0, 816, 0, 0, 815, 814, 813]

 ### Operon type: 429

	 A0A011SJT5	[0, 0, 0, 409, 408, 408, 408, 408, 408]

 ### Operon type: 430

	 A0A011TDQ5	[0, 0, 0, 0, 222, 735, 0, 0, 0]

 ### Operon type: 431

	 A0A011VT01	[0, 0, 59, 0, 0, 59, 0, 0, 273]

 ### Operon type: 432

	 A0A009Z3V9	[861, 0, 0, 0, 0, 152, 722, 153, 154]

 ### Operon type: 433

	 A0A010SRB2	[43, 42, 0, 0, 0, 42, 96, 0, 0]

 ### Operon type: 434

	 A0A010KA25	[705, 0, 808, 650, 483, 0, 0, 705, 482]

 ### Operon type: 435

	 A0A011TZN1	[451, 450, 449, 0, 448, 0, 0, 0, 0]

 ### Operon type: 436

	 A0A011VJ76	[60, 60, 85, 535, 0, 861, 724, 0, 604]

 ### Operon type: 437

	 A0A011UG17	[270, 0, 160, 0, 194, 58, 0, 0, 0]

 ### Operon type: 438

	 A0A011WUA8	[550, 0, 0, 184, 0, 0, 0, 183, 183]

 ### Operon type: 439

	 A0A010S4X6	[0, 317, 860, 607, 487, 0, 541, 732, 863]

 ### Operon type: 440

	 A0A010YY02	[0, 7, 0, 0, 7, 385, 6, 0, 9]
