
 ### Operon type: 1

	 A0A011PVT3	[656, 514, 513, 512, 511, 510, 509, 508, 507]
	 A0A011R7V7	[656, 514, 513, 512, 511, 510, 509, 508, 507]
	 A0A011MET3	[656, 514, 513, 512, 511, 510, 509, 508, 507]

 ### Operon type: 2

	 A0A011UIA1	[314, 313, 312, 311, 310, 309, 308, 307, 0]
	 A0A011V5V3	[0, 314, 313, 312, 311, 310, 309, 308, 307]

 ### Operon type: 3

	 A0A011PTE7	[528, 527, 526, 525, 524, 0, 523, 522, 521]
	 A0A011NE72	[528, 527, 526, 525, 524, 523, 522, 521, 0]

 ### Operon type: 4

	 A0A011NEY3	[429, 571, 570, 569, 569, 568, 567, 566, 0]

 ### Operon type: 5

	 A0A011PAN4	[571, 570, 0, 569, 569, 568, 567, 566, 565]

 ### Operon type: 6

	 A0A011RCD5	[429, 571, 570, 569, 569, 568, 567, 566, 565]

 ### Operon type: 7

	 A0A010JSI3	[493, 492, 491, 490, 489, 488, 487, 486, 0]
	 A0A013T0M4	[493, 492, 491, 490, 489, 488, 487, 486, 0]
	 A0A009RGL2	[0, 492, 491, 490, 489, 488, 487, 486, 0]
	 A0A009HDS5	[493, 492, 491, 490, 489, 488, 487, 486, 0]

 ### Operon type: 8

	 A0A011NBX7	[643, 642, 641, 640, 639, 638, 0, 0, 0]
	 A0A011NW66	[643, 642, 641, 640, 639, 638, 0, 0, 0]
	 A0A011PF67	[643, 642, 641, 640, 639, 0, 0, 0, 0]

 ### Operon type: 9

	 A0A011NS68	[643, 642, 641, 640, 639, 469, 468, 474, 603]
	 A0A011RHX4	[643, 642, 641, 640, 639, 469, 468, 474, 0]

 ### Operon type: 10

	 A0A010JY00	[333, 650, 482, 445, 243, 692, 442, 695, 462]

 ### Operon type: 11

	 A0A013TH30	[650, 482, 445, 444, 443, 692, 442, 695, 462]

 ### Operon type: 12

	 A0A011QAS2	[0, 676, 675, 674, 673, 672, 671, 670, 669]
	 A0A011NEQ1	[0, 676, 675, 674, 673, 672, 671, 670, 669]

 ### Operon type: 13

	 A0A011QSF0	[0, 720, 719, 718, 717, 716, 715, 714, 0]
	 A0A011QBB5	[561, 720, 719, 718, 717, 716, 715, 714, 544]
	 A0A011Q0X6	[561, 720, 719, 718, 717, 716, 715, 714, 544]
	 A0A011Q1X8	[720, 0, 719, 718, 717, 716, 715, 714, 544]

 ### Operon type: 14

	 A0A011PG87	[561, 720, 719, 718, 717, 716, 715, 0, 0]

 ### Operon type: 15

	 A0A013SP43	[399, 398, 397, 396, 395, 394, 393, 392, 391]
	 A0A010K6G6	[399, 398, 397, 396, 395, 394, 393, 0, 391]
	 A0A009RUN3	[399, 398, 397, 396, 395, 394, 393, 392, 391]

 ### Operon type: 16

	 A0A009SZB5	[0, 0, 115, 114, 113, 0, 0, 0, 112]
	 A0A009HR98	[0, 0, 115, 114, 113, 0, 0, 0, 112]

 ### Operon type: 17

	 A0A009Z8F7	[45, 115, 46, 0, 113, 4, 4, 0, 0]

 ### Operon type: 18

	 A0A011QUG8	[709, 708, 707, 706, 705, 704, 0, 703, 702]
	 A0A011QIT1	[709, 708, 707, 706, 705, 704, 703, 702, 691]

 ### Operon type: 19

	 A0A011QAB0	[683, 682, 681, 0, 680, 679, 678, 677, 0]
	 A0A011PL71	[417, 683, 682, 681, 680, 679, 678, 677, 0]

 ### Operon type: 20

	 A0A011PIY7	[535, 0, 651, 575, 576, 577, 647, 0, 579]

 ### Operon type: 21

	 A0A011Q3J4	[0, 535, 651, 575, 576, 577, 647, 578, 0]

 ### Operon type: 22

	 A0A011MH88	[476, 535, 651, 575, 576, 577, 647, 578, 579]

 ### Operon type: 23

	 A0A009QBR9	[0, 0, 368, 452, 367, 0, 0, 363, 193]
	 A0A009TM70	[0, 369, 368, 452, 367, 0, 0, 363, 193]

 ### Operon type: 24

	 A0A010ILU3	[370, 369, 368, 0, 367, 366, 365, 364, 363]
	 A0A009QS71	[370, 369, 368, 452, 367, 366, 0, 364, 363]
	 A0A009MW50	[0, 369, 368, 452, 367, 366, 0, 364, 363]
	 A0A009H3B0	[0, 369, 368, 0, 367, 366, 365, 364, 363]

 ### Operon type: 25

	 A0A009I8S2	[0, 0, 368, 452, 367, 366, 364, 363, 193]

 ### Operon type: 26

	 A0A009ICH6	[390, 97, 96, 84, 243, 42, 41, 40, 695]
	 A0A009ZFR5	[390, 97, 96, 84, 243, 42, 41, 40, 695]

 ### Operon type: 27

	 A0A009GP96	[0, 78, 648, 477, 242, 77, 436, 76, 75]

 ### Operon type: 28

	 A0A009GSR4	[477, 242, 77, 436, 76, 75, 75, 74, 0]

 ### Operon type: 29

	 A0A009IIT6	[78, 648, 477, 242, 76, 75, 75, 74, 0]

 ### Operon type: 30

	 A0A009IS10	[164, 0, 0, 0, 163, 162, 161, 0, 0]

 ### Operon type: 31

	 A0A009QHW5	[0, 0, 0, 370, 163, 162, 161, 0, 99]

 ### Operon type: 32

	 A0A011UVB4	[0, 0, 0, 105, 0, 0, 164, 0, 54]

 ### Operon type: 33

	 A0A011TLH7	[264, 263, 262, 0, 0, 0, 0, 0, 0]
	 A0A011UG87	[262, 263, 264, 0, 0, 0, 0, 0, 0]

 ### Operon type: 34

	 A0A011QDV3	[551, 550, 549, 584, 548, 547, 546, 0, 545]
	 A0A011QIE8	[551, 550, 549, 584, 548, 547, 545, 0, 0]

 ### Operon type: 35

	 A0A011NYU6	[541, 540, 0, 539, 538, 16, 15, 0, 537]

 ### Operon type: 36

	 A0A011PYI6	[541, 540, 0, 539, 538, 537, 536, 611, 0]

 ### Operon type: 37

	 A0A011P1C0	[0, 0, 16, 15, 537, 0, 0, 0, 0]

 ### Operon type: 38

	 A0A011NVE7	[582, 581, 580, 0, 0, 0, 0, 0, 0]
	 A0A011PP01	[582, 581, 580, 0, 0, 0, 0, 0, 0]

 ### Operon type: 39

	 A0A013TH43	[441, 0, 0, 0, 440, 439, 438, 0, 437]
	 A0A009RAF0	[441, 0, 0, 0, 440, 439, 438, 0, 437]

 ### Operon type: 40

	 A0A013S8V2	[336, 335, 0, 0, 0, 334, 0, 0, 0]
	 A0A009R8E1	[0, 43, 0, 336, 335, 0, 0, 334, 0]

 ### Operon type: 41

	 A0A009QFZ7	[460, 459, 0, 0, 456, 0, 454, 453, 0]
	 A0A009TK03	[460, 459, 0, 0, 456, 0, 454, 453, 0]

 ### Operon type: 42

	 A0A013SPM5	[460, 459, 458, 457, 456, 455, 454, 453, 0]
	 A0A010IX62	[460, 459, 458, 457, 456, 0, 454, 453, 0]
	 A0A009MH71	[460, 459, 0, 457, 456, 455, 454, 453, 0]
	 A0A009HSL1	[460, 459, 458, 457, 456, 0, 454, 453, 0]

 ### Operon type: 43

	 A0A009I6Z0	[460, 459, 0, 457, 456, 0, 454, 453, 93]

 ### Operon type: 44

	 A0A009ZIX8	[0, 5, 458, 457, 456, 14, 0, 93, 0]

 ### Operon type: 45

	 A0A009I573	[89, 0, 122, 123, 0, 124, 190, 125, 126]

 ### Operon type: 46

	 A0A009ILP9	[127, 0, 126, 125, 190, 124, 187, 123, 122]

 ### Operon type: 47

	 A0A009I953	[127, 0, 126, 125, 190, 124, 187, 0, -1]

 ### Operon type: 48

	 A0A009QEG7	[192, 191, 0, 0, 190, 189, 188, 0, 187]
	 A0A009IPC3	[192, 191, 0, 0, 190, 189, 188, 0, 187]

 ### Operon type: 49

	 A0A009SX74	[559, 603, 0, 123, 187, 127, 191, 192, 0]

 ### Operon type: 50

	 A0A010JWJ1	[0, 248, 648, 0, 247, 246, 245, 244, 0]
	 A0A009I4A1	[0, 248, 648, 0, 247, 246, 245, 244, 0]

 ### Operon type: 51

	 A0A009QF22	[103, 102, 101, 0, 247, 246, 245, 244, 100]
	 A0A009TBY8	[103, 102, 101, 68, 247, 246, 245, 244, 100]

 ### Operon type: 52

	 A0A009ITT8	[160, 159, 158, 250, 249, 157, 156, 155, 154]

 ### Operon type: 53

	 A0A009NJ90	[160, 159, 158, 250, 0, 131, 157, 156, 155]

 ### Operon type: 54

	 A0A009HZK2	[251, 250, 249, 0, 0, 0, 0, 0, 0]

 ### Operon type: 55

	 A0A009IJ07	[253, 252, 251, 250, 249, 0, 0, 0, 0]

 ### Operon type: 56

	 A0A009S6G1	[253, 252, 251, 250, 249, 156, 155, 154, 135]

 ### Operon type: 57

	 A0A009S5A5	[249, 131, 157, 156, 155, 154, 82, 81, 135]

 ### Operon type: 58

	 A0A013TCN9	[452, 451, 450, 449, 448, 447, 446, 648, 584]
	 A0A009QNC9	[452, 451, 450, 449, 448, 447, 446, 648, 584]
	 A0A009NIJ3	[452, 451, 450, 449, 448, 447, 446, 648, 584]
	 A0A010ITG1	[452, 451, 450, 449, 448, 447, 446, 648, 584]
	 A0A013TRC1	[452, 451, 450, 449, 448, 447, 446, 648, 584]

 ### Operon type: 59

	 A0A009H935	[0, 0, 450, 449, 448, 447, 446, 648, 584]

 ### Operon type: 60

	 A0A009PJF7	[216, 215, 215, 214, 213, 212, 211, 210, 209]
	 A0A009SJZ7	[105, 216, 215, 214, 213, 212, 211, 210, 209]

 ### Operon type: 61

	 A0A009Z5G0	[212, 214, 215, 0, 288, 216, 105, 385]

 ### Operon type: 62

	 A0A010JJC1	[608, 377, 376, 375, 374, 373, 372, 378, 371]
	 A0A010IZ41	[377, 376, 375, 374, 373, 372, 378, 371, 397]

 ### Operon type: 63

	 A0A009QJL6	[608, 377, 376, 375, 0, 371, 397, 98, 0]

 ### Operon type: 64

	 A0A011N9N8	[679, 652, 651, 0, 0, 0, 0, 0, 0]
	 A0A011P2I4	[679, 652, 651, 0, 0, 0, 0, 0, 0]

 ### Operon type: 65

	 A0A009PIB4	[0, 0, 0, 143, 142, 141, 436, 648, 679]
	 A0A009SLR5	[0, 0, 0, 143, 142, 141, 436, 648, 679]

 ### Operon type: 66

	 A0A009HSU4	[0, 0, 416, 648, 0, 652, 600, 679, 436]

 ### Operon type: 67

	 A0A011SF89	[616, 615, 614, 0, 0, 0, 0, 0, 0]

 ### Operon type: 68

	 A0A011UCX7	[0, 683, 616, 615, 0, 614, 235, 0, 0]

 ### Operon type: 69

	 A0A011NYT4	[649, 598, 597, 596, 0, 519, 519, 518, 517]

 ### Operon type: 70

	 A0A011P8E9	[0, 0, 649, 598, 0, 597, 596, 0, 0]

 ### Operon type: 71

	 A0A010TF34	[0, -1, 0, 0, 33, 32, 31, 30, 29]
	 A0A010SYH9	[33, 32, 31, 30, 29, 0, 0, 0, 0]

 ### Operon type: 72

	 A0A010S7A1	[206, 205, 204, 203, 0, 202, 0, 0, 0]
	 A0A010TFJ4	[0, -1, 0, 206, 205, 204, 203, -1, 202]

 ### Operon type: 73

	 A0A009ICP5	[179, 401, 646, 178, 177, 0, 0, 175, 0]

 ### Operon type: 74

	 A0A009MMG9	[179, 401, 646, 178, 177, 0, 176, 175, 284]

 ### Operon type: 75

	 A0A009HTW0	[0, 107, 108, 0, 177, 0, 0, 175, 0]
	 A0A009QLL2	[0, 107, 108, 0, 177, 0, 0, 175, 0]

 ### Operon type: 76

	 A0A009SIV4	[106, 107, 108, 92, 177, 91, 0, 175, 284]

 ### Operon type: 77

	 A0A013TSJ4	[107, 108, 0, 92, 177, 0, 0, 175, 284]

 ### Operon type: 78

	 A0A009Z3V9	[648, 0, 0, 0, 0, 108, 415, 107, 106]

 ### Operon type: 79

	 A0A009T0Q9	[0, 0, 0, 0, 111, 326, 476, 648, 110]

 ### Operon type: 80

	 A0A009YJF4	[0, 518, 517, 26, 69, 476, 648, 0, 110]

 ### Operon type: 81

	 A0A009PAV9	[234, -1, 646, 233, 387, 436, 232, 231, 230]
	 A0A009HJC2	[234, 584, 646, 233, 387, 436, 232, 231, 230]

 ### Operon type: 82

	 A0A009SE02	[0, 230, 0, 0, 0, 231, 232, 436, 387]

 ### Operon type: 83

	 A0A011QNA5	[0, 504, 503, 502, 0, 501, 500, 499, 498]
	 A0A009ZLJ7	[498, 499, 500, 501, 0, 0, 504, 503, 502]

 ### Operon type: 84

	 A0A013T0T6	[501, 500, 499, 498, 467, 466, 465, 464, 463]
	 A0A009QMH5	[501, 500, 499, 498, 467, 466, 465, 464, 463]
	 A0A009HAX1	[501, 500, 499, 498, 467, 466, 465, 464, 463]

 ### Operon type: 85

	 A0A010ILW6	[501, 500, 499, 498, 467, 466, 0, 0, 464]

 ### Operon type: 86

	 A0A009Z9X7	[500, 499, 498, 0, 467, 0, 699, 0, 464]

 ### Operon type: 87

	 A0A009PE10	[0, 0, 0, 498, 467, 225, 465, 464, -1]

 ### Operon type: 88

	 A0A009RSB7	[600, 390, 588, 346, 217, 648, 648, 344, 343]
	 A0A009SYU8	[600, 390, 588, 346, 217, 648, 648, 344, 343]
	 A0A009HS41	[600, 390, 588, 346, 217, 648, 648, 344, 343]

 ### Operon type: 89

	 A0A010IT25	[600, 390, 588, 346, 345, 648, 648, 344, 343]
	 A0A013SHA9	[600, 390, 588, 346, 345, 648, 648, 344, 343]
	 A0A009I466	[600, 390, 588, 346, 345, 648, 648, 344, 343]

 ### Operon type: 90

	 A0A009NMQ9	[600, 390, 588, 346, 345, 0, 648, 648, 344]

 ### Operon type: 91

	 A0A009P8A9	[0, 0, 588, 346, 217, 648, 648, 344, 343]

 ### Operon type: 92

	 A0A011PGU1	[0, 0, 558, 557, 556, 555, 554, 553, 552]
	 A0A011MDH1	[516, 0, 558, 557, 556, 555, 554, 553, 552]

 ### Operon type: 93

	 A0A011V0P4	[428, 321, 0, 0, 320, 0, 0, 319, 318]

 ### Operon type: 94

	 A0A011WPV7	[319, 318, 0, 0, 0, 0, 0, 0, 0]

 ### Operon type: 95

	 A0A011RNP9	[0, 0, 0, 0, 0, 623, 678, 0, 0]

 ### Operon type: 96

	 A0A011V0B5	[619, 0, 0, 0, 0, 0, 623, 0, 0]

 ### Operon type: 97

	 A0A011RQC9	[0, 619, 618, 0, 0, 0, 0, 617, 0]

 ### Operon type: 98

	 A0A011QG28	[496, 495, 557, 0, 556, 555, 594, 494, 595]
	 A0A011RIM8	[496, 495, 0, 0, 556, 555, 594, 494, 595]

 ### Operon type: 99

	 A0A011PHI6	[607, 0, 606, 0, 0, 605, 706, 604, 0]

 ### Operon type: 100

	 A0A011QI68	[0, 0, 606, 605, 0, 0, 0, 0, 0]

 ### Operon type: 101

	 A0A011P700	[0, 0, 713, 712, 0, 0, 0, 0, 0]

 ### Operon type: 102

	 A0A011QSI4	[0, 0, 713, 712, 711, 0, 0, 0, 0]

 ### Operon type: 103

	 A0A011NVJ6	[574, 661, 660, 659, 658, 657, 0, 0, 573]

 ### Operon type: 104

	 A0A011PVP2	[0, 661, 660, 659, 658, 657, 0, 0, 656]

 ### Operon type: 105

	 A0A011NXY7	[0, 0, 660, 0, 658, 0, 0, 0, 0]

 ### Operon type: 106

	 A0A011QR69	[697, 696, 695, 694, 693, 692, 0, 0, 0]
	 A0A011NUB4	[697, 696, 695, 694, 693, 692, 0, 585, 0]

 ### Operon type: 107

	 A0A011NN36	[696, 695, 0, 0, 693, 692, 0, 0, 0]

 ### Operon type: 108

	 A0A011PK69	[695, 422, 0, 0, 693, 692, 0, 0, 0]

 ### Operon type: 109

	 A0A011RMI6	[667, 666, 626, 625, 624, 665, 664, 663, 662]
	 A0A011NYD6	[667, 666, 626, 625, 624, 665, 664, 663, 662]

 ### Operon type: 110

	 A0A011QB28	[668, 667, 666, 0, 0, 665, 664, 663, 662]

 ### Operon type: 111

	 A0A011NF33	[0, 665, 664, 0, 0, 0, 0, 0, 0]

 ### Operon type: 112

	 A0A011NBY4	[637, 0, 0, 636, 0, 0, 635, 0, 0]

 ### Operon type: 113

	 A0A011WRT0	[637, 0, 0, 0, 0, 0, 0, 611, 0]

 ### Operon type: 114

	 A0A011SHV5	[0, 0, 0, 0, 0, 609, 611, 608, 0]

 ### Operon type: 115

	 A0A011NB95	[0, 701, 0, 0, 0, 0, 646, 645, 644]

 ### Operon type: 116

	 A0A011UHT4	[98, 55, 645, 0, 0, 35, 35, 644, 0]

 ### Operon type: 117

	 A0A010Z1W7	[0, 0, 0, 0, 0, 147, 0, 424, 425]

 ### Operon type: 118

	 A0A011VY84	[0, 0, 425, 424, 0, 0, 0, 0, 0]

 ### Operon type: 119

	 A0A010YW85	[0, 0, 0, 0, 0, 291, 0, 424, 425]

 ### Operon type: 120

	 A0A010ZMA0	[424, 655, 0, 0, 0, 0, 0, 0, 0]

 ### Operon type: 121

	 A0A011N5L2	[0, 0, 0, 655, 0, 654, 653, 0, 0]

 ### Operon type: 122

	 A0A010SQJ5	[337, 178, 0, 260, 259, 258, 0, 0, 0]

 ### Operon type: 123

	 A0A010STD3	[0, 0, 0, 260, 259, 258, 0, 344, 379]

 ### Operon type: 124

	 A0A011TD67	[261, 0, 0, 260, 259, 258, 257, 0, 256]

 ### Operon type: 125

	 A0A009ZC12	[0, 0, 0, 260, 0, 258, 257, 3, 722]

 ### Operon type: 126

	 A0A010RFQ9	[0, 0, 485, 0, 484, 0, 0, 0, 0]

 ### Operon type: 127

	 A0A010SPR9	[24, 24, 0, 0, 0, 484, 0, 0, 0]

 ### Operon type: 128

	 A0A013S288	[0, 0, 0, 341, 387, 340, 339, 0, 338]
	 A0A010J3I1	[0, 0, 0, 341, 387, 340, 339, 0, 338]

 ### Operon type: 129

	 A0A013SXT2	[268, 267, 266, 341, 387, 340, 339, 265, 338]
	 A0A009PWG1	[268, 267, 266, 341, 387, 340, 339, 265, 338]

 ### Operon type: 130

	 A0A009ZJK4	[0, 0, 0, 0, 0, 0, 390, 20, 0]

 ### Operon type: 131

	 A0A010SVN1	[-1, 20, 648, 207, 183, 0, 0, 390, 0]

 ### Operon type: 132

	 A0A009IMX3	[354, 0, 352, 0, 350, 119, 119, 611, 118]
	 A0A009SF48	[354, 0, 352, 0, 350, -1, 119, 611, 118]

 ### Operon type: 133

	 A0A009QEX0	[354, 353, 352, 351, 350, 119, 119, 611, 118]

 ### Operon type: 134

	 A0A010ISX2	[354, 353, 352, 351, 350, 349, 390, 348, 347]
	 A0A013S7V1	[354, 353, 352, 351, 350, 349, 390, 348, 347]
	 A0A009RES7	[354, 353, 352, 351, 350, 349, 390, 348, 347]
	 A0A009MR00	[354, 353, 352, 351, 350, 349, 390, 348, 347]

 ### Operon type: 135

	 A0A009GYP9	[0, 0, 0, 351, 350, 349, 390, 348, 347]

 ### Operon type: 136

	 A0A009YTT3	[0, 0, 0, 0, 0, 0, 390, 348, 347]

 ### Operon type: 137

	 A0A009PFK7	[224, 223, 222, 221, 220, 0, 0, 219, 0]
	 A0A009QGN4	[224, 223, 222, 221, 220, 219, 0, 0, 0]

 ### Operon type: 138

	 A0A009YR20	[0, 219, 0, 0, 0, 0, 223, 0, 0]

 ### Operon type: 139

	 A0A013SB36	[332, 331, 330, 329, 328, 0, 517, 327, 326]
	 A0A009QSI3	[332, 331, 330, 329, 328, 0, 517, 327, -1]

 ### Operon type: 140

	 A0A010ITP2	[332, 331, 330, 329, 328, 0, 517, 0, 0]

 ### Operon type: 141

	 A0A009SII9	[-1, 331, 330, 329, 0, 0, 0, 0, 111]

 ### Operon type: 142

	 A0A009HZV2	[0, 0, 0, 0, 182, 181, 131, 0, 0]

 ### Operon type: 143

	 A0A009QPE7	[0, 0, 0, 0, 182, 181, 0, 0, 0]

 ### Operon type: 144

	 A0A009GXL8	[72, 71, 70, 0, 69, 68, 130, 129, 128]

 ### Operon type: 145

	 A0A010JIW7	[72, 71, 70, 0, 69, 0, 0, 130, 129]

 ### Operon type: 146

	 A0A009MGR3	[0, 0, 199, 0, 461, 81, 48, 228, 227]

 ### Operon type: 147

	 A0A009Q4G0	[0, 200, 199, 0, 461, 0, 228, 227, 228]

 ### Operon type: 148

	 A0A009PUJ8	[0, 229, 0, 0, 0, 226, 130, 129, 128]

 ### Operon type: 149

	 A0A009QJA8	[129, 128, 0, 0, 0, 0, 0, 0, 0]

 ### Operon type: 150

	 A0A009PB53	[0, 0, 229, 0, 0, 228, 227, 228, 226]

 ### Operon type: 151

	 A0A013SNJ8	[390, 0, 0, 389, 388, 387, 397, 0, 0]
	 A0A013RZW2	[390, 342, 0, 389, 388, 387, 397, 0, 0]
	 A0A010J9U3	[390, 0, 0, 389, 388, 387, 397, 0, 0]
	 A0A009SIZ4	[390, 342, 0, 389, 388, 0, 397, 153, 0]
	 A0A009RD69	[390, 342, 0, 389, 388, 387, 397, 153, 0]

 ### Operon type: 152

	 A0A009PH20	[0, 0, 363, 389, 388, 387, 397, 0, 0]
	 A0A009IV03	[0, 0, 363, 389, 388, 0, 397, 0, 0]

 ### Operon type: 153

	 A0A009YIZ0	[390, 342, 363, 389, 388, 387, 397, 153, 90]

 ### Operon type: 154

	 A0A009QA91	[196, 195, 600, 648, 304, 304, 194, 409, 207]
	 A0A010J377	[196, 195, 600, 648, 304, 304, 194, 409, 207]

 ### Operon type: 155

	 A0A009QQC0	[0, 0, 180, 648, 304, 304, 0, 409, 207]
	 A0A009MVG4	[180, 0, 305, 648, 304, 304, 0, 409, 207]

 ### Operon type: 156

	 A0A009H7I0	[0, 0, 0, 648, 304, 304, 194, 409, 207]

 ### Operon type: 157

	 A0A009S1X4	[196, 195, 600, 648, 304, 304, 648, 0, 83]

 ### Operon type: 158

	 A0A013SHF4	[0, 0, 305, 648, 304, 304, 0, 303, 0]

 ### Operon type: 159

	 A0A009H7U0	[362, 594, 0, 361, 360, 426, 359, 0, 0]

 ### Operon type: 160

	 A0A010IMP8	[362, 0, 0, 361, 360, 426, 359, 0, 358]

 ### Operon type: 161

	 A0A013SZ54	[362, 0, 430, 361, 360, 0, 0, 0, 0]

 ### Operon type: 162

	 A0A009ZM43	[-1, 594, 430, 361, 360, 426, 359, 85, 358]

 ### Operon type: 163

	 A0A009YSC7	[0, 0, 635, 1, 0, 1, 381, 380, 0]

 ### Operon type: 164

	 A0A013RVV2	[452, 0, 381, 380, 0, 0, 0, 379, 0]

 ### Operon type: 165

	 A0A011Q5S3	[691, 690, 0, 0, 0, 0, 689, 688, 687]

 ### Operon type: 166

	 A0A011UZZ4	[0, 689, 688, 0, 0, 0, 322, 322, 687]

 ### Operon type: 167

	 A0A010YKP2	[0, 0, 0, 0, 0, 0, 573, 317, 0]

 ### Operon type: 168

	 A0A011V1A2	[321, 0, 0, 317, 0, 0, 0, 0, 0]

 ### Operon type: 169

	 A0A011Q2B1	[0, 0, 0, 0, 0, 632, 631, 630, 629]

 ### Operon type: 170

	 A0A011RLN8	[0, 0, 0, 634, 633, 632, 631, 630, 629]

 ### Operon type: 171

	 A0A011NGS0	[0, 0, 0, 0, 543, 590, 0, 0, 0]

 ### Operon type: 172

	 A0A011PW61	[0, 0, 0, 0, 543, 590, 0, 0, 542]

 ### Operon type: 173

	 A0A011UXI1	[0, 420, 0, 0, 543, 590, 255, 0, 0]

 ### Operon type: 174

	 A0A011SWI9	[-1, -1, 0, 607, 543, 590, 255, -1, -1]

 ### Operon type: 175

	 A0A011P952	[590, 0, 589, 0, 0, 589, 0, 0, 0]

 ### Operon type: 176

	 A0A011NSG8	[0, 0, 0, 604, 587, 586, 0, 587, 0]

 ### Operon type: 177

	 A0A011P0X4	[0, 0, 516, 0, 587, 0, 0, 586, 43]

 ### Operon type: 178

	 A0A009MJ75	[0, 0, 137, 136, 149, 0, 0, 0, 477]

 ### Operon type: 179

	 A0A010IH51	[0, 284, 0, 0, 149, 0, 477, 0, 0]

 ### Operon type: 180

	 A0A010YNY9	[0, 0, 148, 17, 0, 0, 0, 0, 49]

 ### Operon type: 181

	 A0A011AC71	[83, 0, 0, 185, 0, 148, 17, 0, 600]

 ### Operon type: 182

	 A0A011PRW6	[530, 0, 0, 0, 529, 666, 626, 0, 0]
	 A0A011QLX0	[0, 530, 0, 0, 529, 0, 666, 626, 0]

 ### Operon type: 183

	 A0A010SML6	[0, 666, 626, -1, 0, 603, 0, 0, 0]

 ### Operon type: 184

	 A0A009P817	[198, 0, 0, 0, 140, 0, 293, 139, 138]

 ### Operon type: 185

	 A0A009TIY0	[0, 0, 0, 0, 140, 0, 293, 139, 0]

 ### Operon type: 186

	 A0A009QKA3	[293, 139, 0, 138, 0, 0, 0, 0, 224]

 ### Operon type: 187

	 A0A009S854	[-1, 0, 0, 116, 383, 0, 0, 0, 382]

 ### Operon type: 188

	 A0A013RMD0	[-1, 0, 480, 0, 383, 485, 0, 0, 382]

 ### Operon type: 189

	 A0A009HFU9	[0, 80, 0, 0, 79, 436, 0, 0, 0]
	 A0A009R016	[0, 80, 0, 0, 79, -1, 436, 0, 0]

 ### Operon type: 190

	 A0A009HSR2	[0, 88, 87, 0, 86, 171, 172, 131, 173]

 ### Operon type: 191

	 A0A009SWM1	[0, 88, 87, 0, 86, 0, 0, 172, 0]

 ### Operon type: 192

	 A0A009MYX0	[174, 173, 0, 416, 0, 0, 172, 171, 170]

 ### Operon type: 193

	 A0A009QK79	[0, 0, 170, 171, 0, 172, 0, 0, 173]

 ### Operon type: 194

	 A0A009GXJ1	[316, 315, 171, 172, 73, 131, 173, 174, 0]

 ### Operon type: 195

	 A0A013TKW8	[0, 563, 0, 436, 435, 434, 433, 432, 431]
	 A0A010IT95	[0, 0, 0, 436, 435, 434, 433, 432, 431]
	 A0A009QT77	[0, 0, -1, 436, 435, 434, 433, 432, 431]
	 A0A009PRQ9	[0, 436, 144, 0, 435, 434, 433, 432, 431]
	 A0A009MH36	[0, 0, 0, 436, 435, 434, 433, 432, 431]
	 A0A009S0T6	[0, 0, 436, 144, 435, 434, 433, 432, 431]
	 A0A009GWD0	[131, 0, 0, 436, 435, 434, 433, 432, 431]
	 A0A009I5G9	[0, 0, 436, 144, 435, 434, 433, 432, 431]

 ### Operon type: 196

	 A0A013TMJ7	[584, -1, 0, 436, 435, 432, 431, 0, 0]

 ### Operon type: 197

	 A0A009HJJ5	[408, 407, 406, 0, 405, 404, 0, 596, 47]
	 A0A009I8I7	[408, 407, 406, 56, 405, 404, 0, 596, 47]

 ### Operon type: 198

	 A0A013TPR7	[408, 407, 406, 0, 405, 404, 0, 596, 653]
	 A0A010JJN4	[0, 407, 406, 0, 405, 404, 0, 596, 653]
	 A0A009PMT3	[408, 407, 406, 0, 405, 404, 145, 596, 653]
	 A0A009RMI1	[0, 407, 406, 0, 405, 404, 0, 596, 0]
	 A0A009YG45	[0, 408, 407, 406, 405, 0, 404, 145, 596]

 ### Operon type: 199

	 A0A009SEP4	[408, 407, 406, 56, 405, 0, 404, 145, 0]

 ### Operon type: 200

	 A0A009NI48	[408, 407, 406, 0, 405, 0, 0, 0, -1]

 ### Operon type: 201

	 A0A011WLE7	[0, 0, 0, 0, 0, 165, 0, 0, 0]
	 A0A011VU44	[0, 0, 0, 0, 0, 165, 0, 0, 0]

 ### Operon type: 202

	 A0A011VAP2	[0, 0, 64, 0, 0, 0, 0, 0, 279]

 ### Operon type: 203

	 A0A011VRJ8	[0, 0, 0, 0, 0, 0, 64, 0, 0]

 ### Operon type: 204

	 A0A011RNU1	[0, 0, 0, 0, 0, 0, 622, 622, 621]

 ### Operon type: 205

	 A0A011VKJ9	[0, 0, 0, 0, 0, 0, 621, 622, -1]

 ### Operon type: 206

	 A0A011WT35	[386, 0, 0, 0, 0, 0, 0, 0, 0]
	 A0A011V490	[0, 386, 0, 0, 0, 0, 0, 0, 0]

 ### Operon type: 207

	 A0A009T185	[696, 0, 520, 520, 356, 695, 520, 355, 657]

 ### Operon type: 208

	 A0A010IN36	[357, 584, 0, 0, 356, 695, 520, 355, 657]

 ### Operon type: 209

	 A0A009PG43	[695, 520, 218, 698, 0, 355, 657, 0, 0]

 ### Operon type: 210

	 A0A011PQZ7	[0, 0, 0, 534, 538, 0, 533, 0, 0]

 ### Operon type: 211

	 A0A011TUX4	[0, 0, 0, 0, 538, 0, 0, 533, 0]

 ### Operon type: 212

	 A0A011STZ9	[0, 0, 0, 533, 0, 0, 0, 0, 0]

 ### Operon type: 213

	 A0A011PRF5	[531, 0, 0, 0, 0, 0, 0, 0, 0]
	 A0A011PUJ9	[0, 0, 0, 0, 0, 0, 0, 0, 531]

 ### Operon type: 214

	 A0A011PFY8	[0, 0, 0, 0, 0, 0, 0, 0, 562]

 ### Operon type: 215

	 A0A011PNS3	[698, 562, 0, 0, 0, 0, 0, 0, 0]

 ### Operon type: 216

	 A0A011T648	[0, 562, 0, 0, 0, 0, 0, 695, 0]

 ### Operon type: 217

	 A0A011U3C2	[0, 0, 594, 0, 0, 0, 0, 0, 0]
	 A0A011AEN3	[0, 0, 0, 0, 0, 0, 594, 0, 0]

 ### Operon type: 218

	 A0A011AAZ2	[0, 51, 0, 0, 0, 594, 594, 594, 0]

 ### Operon type: 219

	 A0A011T698	[0, 0, 0, 0, 0, 600, 594, 0, 0]

 ### Operon type: 220

	 A0A009SNL0	[58, 57, 0, 0, 0, 0, 0, 0, 0]

 ### Operon type: 221

	 A0A009ZZC8	[-1, 57, 58, 0, 0, 0, 0, 0, 0]

 ### Operon type: 222

	 A0A009ZG48	[0, 0, 0, 563, 0, 0, 0, 0, 0]

 ### Operon type: 223

	 A0A011PEJ8	[0, 0, 564, 563, 0, 0, 0, 0, 0]

 ### Operon type: 224

	 A0A011QNJ7	[497, 0, 0, 563, 0, 0, 0, 497, 0]

 ### Operon type: 225

	 A0A011MMJ4	[0, 0, 0, 0, 0, 0, 0, 497, 0]

 ### Operon type: 226

	 A0A011R8M3	[0, 0, 564, 563, 0, 254, 0, 497, 0]

 ### Operon type: 227

	 A0A009TJ77	[0, 104, 0, 0, 0, 0, 0, 0, 0]

 ### Operon type: 228

	 A0A010RTE7	[0, 0, 0, 0, 0, 0, 30, 104, 0]

 ### Operon type: 229

	 A0A013TPQ9	[414, 413, 412, 411, 410, 648, 584, 409, 654]
	 A0A013S8F0	[414, 413, 412, 411, 410, 648, 584, 409, 654]
	 A0A009PMU2	[414, 413, 412, -1, 410, 648, 584, 409, 654]
	 A0A009SZ84	[414, 413, 412, 411, 410, 648, 584, 409, 654]

 ### Operon type: 230

	 A0A009IG48	[0, 0, 0, 121, 120, 0, 0, 0, 603]

 ### Operon type: 231

	 A0A009IMQ0	[0, 0, 0, 121, 120, 0, 0, 0, 0]

 ### Operon type: 232

	 A0A009SWV1	[0, 0, 0, 0, 0, 0, 0, 121, 0]

 ### Operon type: 233

	 A0A011TAW2	[0, 0, 0, 0, 0, 0, 268, 0, 0]
	 A0A009SFX8	[268, 0, 0, 0, 0, 0, 0, 0, 0]

 ### Operon type: 234

	 A0A011TZN1	[0, 0, 0, 0, 306, 0, 0, 0, 0]
	 A0A009RHH9	[0, 0, 0, 0, 306, 0, 0, 0, 0]

 ### Operon type: 235

	 A0A009Q512	[0, 0, 0, 0, 197, 0, 0, 0, 0]
	 A0A009PMZ9	[197, 0, 0, 0, 0, 0, 0, 0, 0]

 ### Operon type: 236

	 A0A009IFL2	[0, 39, 0, 38, -1, 0, 0, 0]

 ### Operon type: 237

	 A0A009ZDS1	[-1, -1, 0, 39, 0, 0, 377, 0, 0]

 ### Operon type: 238

	 A0A009NPS1	[0, 413, 412, 411, 410, -1, 0, 0, 0]
	 A0A010IZH1	[-1, 413, 412, 411, 410, 648, 0, 0, 0]
	 A0A009HJM0	[0, 413, 412, 411, 410, 648, 0, 0, 0]

 ### Operon type: 239

	 A0A009HUS9	[413, 412, 0, 0, 0, 0, -1, 0, 0]

 ### Operon type: 240

	 A0A009HM15	[0, 134, 133, 0, 0, 0, -1, 0, 0]

 ### Operon type: 241

	 A0A009RQL5	[0, 0, 0, 0, 0, 0, 134, 133, 0]

 ### Operon type: 242

	 A0A009IJ01	[0, 0, 0, 0, 0, 0, 134, 133, 132]

 ### Operon type: 243

	 A0A009NCH6	[0, 0, 0, 0, 0, 0, 0, 133, 132]

 ### Operon type: 244

	 A0A011UB51	[423, 0, 0, 0, 0, 0, 0, 0, 0]
	 A0A011UFH1	[0, 0, 0, 0, 0, 423, 0, 0, 0]

 ### Operon type: 245

	 A0A011VHP2	[0, -1, -1, -1, 67, 0, 0, 0, 0]
	 A0A011V965	[0, -1, -1, 0, 67, 0, -1, -1, 0]

 ### Operon type: 246

	 A0A010RVD0	[-1, 0, 0, -1, 0, 714, 714, 0, 25]

 ### Operon type: 247

	 A0A010T7Q5	[0, 25, 0, 0, 0, 0, -1, 0, 0]

 ### Operon type: 248

	 A0A010SNM6	[0, 0, -1, 0, 0, 0, 584, 0, 0]
	 A0A010SRR2	[0, 0, -1, 0, 0, 0, 0, 0, 584]

 ### Operon type: 249

	 A0A010SJH7	[0, 0, 584, -1, 0, 0, 194, 0, 0]

 ### Operon type: 250

	 A0A010RKP8	[0, 0, 0, 0, 0, 0, -1, 0, 0]
	 A0A011V107	[0, -1, 0, 0, 0, 0, 0, 0, 0]
	 A0A009RG92	[-1, 0, 0, 0, 0, 0, 0, 0, 0]
	 A0A011U7M7	[0, 0, -1, 0, 0, 0, 0, 0, 0]
	 A0A009PH57	[0, 0, -1, 0, 0, 0, 0, 0, 0]
	 A0A009QDV7	[-1, 0, 0, 0, 0, 0, 0, 0, 0]
	 A0A009N9Z1	[-1, 0, 0, 0, 0, 0, 0, 0, 0]
	 A0A010TF14	[-1, 0, 0, 0, 0, 0, 0, 0, 0]
	 A0A010RY47	[-1, 0, -1, 0, 0, 0, 0, 0, 0]
	 A0A010JDA6	[-1, 0, 0, 0, 0, 0, 0, 0, 0]
	 A0A009H6M2	[-1, 0, 0, 0, 0, 0, 0, 0, 0]
	 A0A011UZ32	[0, 0, 0, 0, 0, -1, 0, 0, 0]
	 A0A011UZ49	[0, -1, 0, 0, 0, 0, 0, 0, 0]
	 A0A009HJU6	[0, 0, 0, 0, 0, 0, 0, 0, -1]
	 A0A009IHQ3	[-1, 0, 0, 0, 0, 0, 0, 0, 0]
	 A0A009TG92	[0, 0, -1, 0, 0, 0, 0, 0, 0]

 ### Operon type: 251

	 A0A010SJF9	[0, 0, 0, 0, 0, -1, 0, 150, -1]

 ### Operon type: 252

	 A0A010T5D8	[0, 0, 0, -1, 0, -1, 397, 0, 0]

 ### Operon type: 253

	 A0A011ML54	[0, 0, 0, 475, 0, 0, 0, 0, -1]

 ### Operon type: 254

	 A0A011NHY1	[0, 0, 0, 0, 0, 584, 0, 0, 0]

 ### Operon type: 255

	 A0A010Z171	[0, 0, 0, 0, 0, 0, 584, 0, 416]

 ### Operon type: 256

	 A0A010ZX98	[0, 0, 0, 0, 0, 10, 584, 584, 0]

 ### Operon type: 257

	 A0A010YRE8	[0, 0, 0, 0, 0, 0, 0, 10, 0]

 ### Operon type: 258

	 A0A011AF05	[0, 0, 83, 10, 0, 0, 0, 0, 0]

 ### Operon type: 259

	 A0A011SQL0	[602, 0, -1, 0, 0, 0, 0, 0, 0]

 ### Operon type: 260

	 A0A009ZC82	[0, 0, 602, 0, 0, 0, 0, 0, 0]

 ### Operon type: 261

	 A0A011P3F6	[603, 0, 0, 602, 0, 0, 0, 0, 0]

 ### Operon type: 262

	 A0A011T697	[584, 0, 0, 0, 0, 0, 0, 0, 293]

 ### Operon type: 263

	 A0A011TDD1	[0, 184, 584, 0, 0, 0, 0, 0, 0]

 ### Operon type: 264

	 A0A011VW24	[0, 0, 700, 0, 0, 0, 0, 0, -1]

 ### Operon type: 265

	 A0A011T8V3	[0, 0, 700, 0, 0, 0, 0, 0, 0]

 ### Operon type: 266

	 A0A010TH98	[542, 0, 0, 700, 0, 0, 0, 0, 0]

 ### Operon type: 267

	 A0A011QVR3	[0, 0, 0, 0, 0, 0, 0, 701, 700]

 ### Operon type: 268

	 A0A011RM25	[0, 0, 0, 0, 0, 700, 0, 627, 0]

 ### Operon type: 269

	 A0A011VXC2	[-1, 427, 0, 0, 0, 0, 0, 0, 0]

 ### Operon type: 270

	 A0A011VYF1	[700, 0, 0, 0, 0, 0, 423, 0, 0]

 ### Operon type: 271

	 A0A010S415	[-1, 700, 0, 207, 0, 0, 0, 0, 366]

 ### Operon type: 272

	 A0A011QSN2	[0, 0, 0, 0, 0, 0, 0, 0, 0]
	 A0A011NAJ1	[0, 0, 0, 0, 0, 0, 0, 0, 0]
	 A0A011NAY5	[0, 0, 0, 0, 0, 0, 0, 0, 0]
	 A0A011NDM5	[0, 0, 0, 0, 0, 0, 0, 0, 0]
	 A0A011SGD5	[0, 0, 0, 0, 0, 0, 0, 0, 0]
	 A0A011P4U7	[0, 0, 0, 0, 0, 0, 0, 0, 0]
	 A0A011P9Z5	[0, 0, 0, 0, 0, 0, 0, 0, 0]
	 A0A011NTU3	[0, 0, 0, 0, 0, 0, 0, 0, 0]
	 A0A011PBM9	[0, 0, 0, 0, 0, 0, 0, 0, 0]
	 A0A011Q056	[0, 0, 0, 0, 0, 0, 0, 0, 0]
	 A0A011Q1B3	[0, 0, 0, 0, 0, 0, 0, 0, 0]
	 A0A011QVV5	[0, 0, 0, 0, 0, 0, 0, 0, 0]
	 A0A011N2Z0	[0, 0, 0, 0, 0, 0, 0, 0, 0]
	 A0A011N3C3	[0, 0, 0, 0, 0, 0, 0, 0, 0]
	 A0A011N4G4	[0, 0, 0, 0, 0, 0, 0, 0, 0]
	 A0A011QMJ8	[0, 0, 0, 0, 0, 0, 0, 0, 0]
	 A0A011NMI8	[0, 0, 0, 0, 0, 0, 0, 0, 0]
	 A0A013T8M5	[0, 0, 0, 0, 0, 0, 0, 0, 0]
	 A0A013TEV4	[0, 0, 0, 0, 0, 0, 0, 0, 0]
	 A0A011VYF6	[0, 0, 0, 0, 0, 0, 0, 0, 0]
	 A0A011PKU5	[0, 0, 0, 0, 0, 0, 0, 0, 0]
	 A0A011PJK8	[0, 0, 0, 0, 0, 0, 0, 0, 0]
	 A0A011PNN2	[0, 0, 0, 0, 0, 0, 0, 0, 0]
	 A0A013TPV4	[0, 0, 0, 0, 0, 0, 0, 0, 0]
	 A0A013SL47	[0, 0, 0, 0, 0, 0, 0, 0, 0]
	 A0A011WUT3	[0, 0, 0, 0, 0, 0, 0, 0, 0]
	 A0A010IPH1	[0, 0, 0, 0, 0, 0, 0, 0, 0]
	 A0A013S2B9	[0, 0, 0, 0, 0, 0, 0, 0, 0]
	 A0A013SBR8	[0, 0, 0, 0, 0, 0, 0, 0, 0]
	 A0A011UHL2	[0, 0, 0, 0, 0, 0, 0, 0, 0]
	 A0A011WSE5	[0, 0, 0, 0, 0, 0, 0, 0, 0]
	 A0A011TWN2	[0, 0, 0, 0, 0, 0, 0, 0, 0]
	 A0A011UBN9	[0, 0, 0, 0, 0, 0, 0, 0, 0]
	 A0A009PDV4	[0, 0, 0, 0, 0, 0, 0, 0, 0]
	 A0A009PG53	[0, 0, 0, 0, 0, 0, 0, 0, 0]
	 A0A010SHY1	[0, 0, 0, 0, 0, 0, 0, 0, 0]
	 A0A011TAF9	[0, 0, 0, 0, 0, 0, 0, 0, 0]
	 A0A011TLH0	[0, 0, 0, 0, 0, 0, 0, 0, 0]
	 A0A009QQ47	[0, 0, 0, 0, 0, 0, 0, 0, 0]
	 A0A009MMM3	[0, 0, 0, 0, 0, 0, 0, 0, 0]
	 A0A009N031	[0, 0, 0, 0, 0, 0, 0, 0, 0]
	 A0A009N123	[0, 0, 0, 0, 0, 0, 0, 0, 0]
	 A0A011VWR4	[0, 0, 0, 0, 0, 0, 0, 0, 0]
	 A0A011WKI4	[0, 0, 0, 0, 0, 0, 0, 0, 0]
	 A0A009ISY0	[0, 0, 0, 0, 0, 0, 0, 0, 0]
	 A0A009M4K0	[0, 0, 0, 0, 0, 0, 0, 0, 0]
	 A0A009MGJ1	[0, 0, 0, 0, 0, 0, 0, 0, 0]
	 A0A009MGQ8	[0, 0, 0, 0, 0, 0, 0, 0, 0]
	 A0A009PT82	[0, 0, 0, 0, 0, 0, 0, 0, 0]
	 A0A009NQA1	[0, 0, 0, 0, 0, 0, 0, 0, 0]
	 A0A009MH90	[0, 0, 0, 0, 0, 0, 0, 0, 0]
	 A0A009Q3K7	[0, 0, 0, 0, 0, 0, 0, 0, 0]
	 A0A009I0I9	[0, 0, 0, 0, 0, 0, 0, 0, 0]
	 A0A009IRJ6	[0, 0, 0, 0, 0, 0, 0, 0, 0]
	 A0A009T1I8	[0, 0, 0, 0, 0, 0, 0, 0, 0]
	 A0A010IZE4	[0, 0, 0, 0, 0, 0, 0, 0, 0]
	 A0A009SWU0	[0, 0, 0, 0, 0, 0, 0, 0, 0]
	 A0A009RR21	[0, 0, 0, 0, 0, 0, 0, 0, 0]
	 A0A011VMV7	[0, 0, 0, 0, 0, 0, 0, 0, 0]
	 A0A011VNE2	[0, 0, 0, 0, 0, 0, 0, 0, 0]
	 A0A011VSC9	[0, 0, 0, 0, 0, 0, 0, 0, 0]
	 A0A011VUV0	[0, 0, 0, 0, 0, 0, 0, 0, 0]
	 A0A009HBT3	[0, 0, 0, 0, 0, 0, 0, 0, 0]
	 A0A009SCM5	[0, 0, 0, 0, 0, 0, 0, 0, 0]
	 A0A009RHH7	[0, 0, 0, 0, 0, 0, 0, 0, 0]
	 A0A009RMD0	[0, 0, 0, 0, 0, 0, 0, 0, 0]
	 A0A011VZG0	[0, 0, 0, 0, 0, 0, 0, 0, 0]
	 A0A011VW71	[0, 0, 0, 0, 0, 0, 0, 0, 0]
	 A0A011V8Y9	[0, 0, 0, 0, 0, 0, 0, 0, 0]
	 A0A011UTJ0	[0, 0, 0, 0, 0, 0, 0, 0, 0]
	 A0A011UWH1	[0, 0, 0, 0, 0, 0, 0, 0, 0]
	 A0A009HTN9	[0, 0, 0, 0, 0, 0, 0, 0, 0]
	 A0A009HIL8	[0, 0, 0, 0, 0, 0, 0, 0, 0]
	 A0A009HL81	[0, 0, 0, 0, 0, 0, 0, 0, 0]
	 A0A009I463	[0, 0, 0, 0, 0, 0, 0, 0, 0]
	 A0A009R2X0	[0, 0, 0, 0, 0, 0, 0, 0, 0]
	 A0A009R4N4	[0, 0, 0, 0, 0, 0, 0, 0, 0]
	 A0A009RBQ2	[0, 0, 0, 0, 0, 0, 0, 0, 0]
	 A0A009QVK8	[0, 0, 0, 0, 0, 0, 0, 0, 0]
	 A0A011UFM5	[0, 0, 0, 0, 0, 0, 0, 0, 0]
	 A0A011UG71	[0, 0, 0, 0, 0, 0, 0, 0, 0]
	 A0A011UGX8	[0, 0, 0, 0, 0, 0, 0, 0, 0]
	 A0A009PAG1	[0, 0, 0, 0, 0, 0, 0, 0, 0]
	 A0A009SHB3	[0, 0, 0, 0, 0, 0, 0, 0, 0]
	 A0A009SIF9	[0, 0, 0, 0, 0, 0, 0, 0, 0]
	 A0A010SPJ7	[0, 0, 0, 0, 0, 0, 0, 0, 0]
	 A0A010SSQ8	[0, 0, 0, 0, 0, 0, 0, 0, 0]
	 A0A010T025	[0, 0, 0, 0, 0, 0, 0, 0, 0]
	 A0A010ZJQ6	[0, 0, 0, 0, 0, 0, 0, 0, 0]
	 A0A010YJA7	[0, 0, 0, 0, 0, 0, 0, 0, 0]
	 A0A010ZTI3	[0, 0, 0, 0, 0, 0, 0, 0, 0]
	 A0A011A146	[0, 0, 0, 0, 0, 0, 0, 0, 0]
	 A0A011AIL7	[0, 0, 0, 0, 0, 0, 0, 0, 0]
	 A0A010YZS8	[0, 0, 0, 0, 0, 0, 0, 0, 0]
	 A0A010Z120	[0, 0, 0, 0, 0, 0, 0, 0, 0]
	 A0A009T3J5	[0, 0, 0, 0, 0, 0, 0, 0, 0]

 ### Operon type: 273

	 A0A010TG27	[473, 0, 34, 0, 0, 0, 648, 0, 0]

 ### Operon type: 274

	 A0A011PMK1	[0, 0, 0, 0, 0, 0, 0, 473, 0]

 ### Operon type: 275

	 A0A009HRU1	[0, 171, 0, 0, 0, 0, 0, 0, 0]

 ### Operon type: 276

	 A0A009HSN8	[0, 200, 0, 0, 0, -1, 0, 226, -1]

 ### Operon type: 277

	 A0A009HV82	[130, 0, 0, 0, 0, 0, 0, 0, 0]

 ### Operon type: 278

	 A0A009IG74	[0, 0, 136, 0, 387, -1, 0, 0, 0]

 ### Operon type: 279

	 A0A009IJ90	[0, 44, 0, 0, 0, 0, 0, 0, 0]

 ### Operon type: 280

	 A0A009ISE1	[404, 0, 596, 0, 0, -1, 0, 0, 0]

 ### Operon type: 281

	 A0A009NM94	[0, 613, 613, 0, 0, 0, 184, 0, 0]

 ### Operon type: 282

	 A0A009Q4N5	[0, 0, 198, 0, 0, 0, 0, 0, 0]

 ### Operon type: 283

	 A0A009SSZ9	[0, 89, 0, 0, 0, 0, 0, 0, 0]

 ### Operon type: 284

	 A0A009TBM2	[0, 0, 0, 0, 0, 0, 0, 0, 338]

 ### Operon type: 285

	 A0A009Q8S9	[0, 0, 603, 338, 0, 281, 0, 0, 0]

 ### Operon type: 286

	 A0A009YIH1	[0, 0, 0, 0, 135, 0, -1, -1, 2]

 ### Operon type: 287

	 A0A009YR05	[0, 0, 0, 0, 50, 0, 0, 0, 0]

 ### Operon type: 288

	 A0A009Z004	[109, 0, 109, 0, 0, 416, 0, 0, 0]

 ### Operon type: 289

	 A0A010IGH8	[0, 0, 0, 0, 0, 0, 0, 379, 0]

 ### Operon type: 290

	 A0A010JIN9	[375, 0, 0, 104, 187, 0, 0, 0, 0]

 ### Operon type: 291

	 A0A010RS09	[0, 0, 0, 0, 30, 0, 483, 483, 0]

 ### Operon type: 292

	 A0A010RUQ5	[0, 0, 0, 0, 0, 0, 0, 0, 241]

 ### Operon type: 293

	 A0A010S195	[602, 0, 147, 146, 0, 0, 0, 0, 0]

 ### Operon type: 294

	 A0A010SCZ2	[0, 0, 0, 0, 0, 0, 0, 278, 0]

 ### Operon type: 295

	 A0A010SN41	[0, 0, 0, 0, 275, 0, 0, 0, 0]

 ### Operon type: 296

	 A0A010SSU2	[0, 0, 0, 0, 73, 0, -1, 591, 0]

 ### Operon type: 297

	 A0A010SUP6	[0, 0, 0, 0, 0, 0, 0, 146, 0]

 ### Operon type: 298

	 A0A010SUY9	[0, 0, 0, 0, 0, 254, 564, 0]

 ### Operon type: 299

	 A0A010THK2	[0, 0, -1, 0, 0, 483, 416, 0, 0]

 ### Operon type: 300

	 A0A010SRL4	[34, 0, 0, -1, 0, 0, 0, 416, 117]

 ### Operon type: 301

	 A0A010YF95	[687, 0, 0, 0, 0, 0, 0, 0, 0]

 ### Operon type: 302

	 A0A010YT39	[0, 472, 0, 0, 0, 0, 0, 0, 0]

 ### Operon type: 303

	 A0A010YX61	[324, 594, 0, 700, 0, 0, 0, 0, 0]

 ### Operon type: 304

	 A0A010ZWJ8	[0, 0, 0, 0, 0, 593, 0, 0, 0]

 ### Operon type: 305

	 A0A009ZVR4	[618, 0, 594, 0, 0, 28, 0, 0, 0]

 ### Operon type: 306

	 A0A011AHW1	[0, 0, 0, 0, 0, 0, 0, 11, 0]

 ### Operon type: 307

	 A0A011NE37	[430, 0, 0, 0, 0, 0, 0, 0, 0]

 ### Operon type: 308

	 A0A011NF78	[0, 0, 721, 0, 0, 0, 0, 0, 0]

 ### Operon type: 309

	 A0A011NVE2	[0, 0, 0, 695, 0, 0, 584, 0, 583]

 ### Operon type: 310

	 A0A011NXJ4	[0, 0, 0, 0, 0, 0, 0, 0, 572]

 ### Operon type: 311

	 A0A011P8I1	[0, 0, 595, 594, 0, 0, 0, 0, 593]

 ### Operon type: 312

	 A0A011P9Q7	[588, 0, 0, 0, 0, 0, 0, 0, 0]

 ### Operon type: 313

	 A0A011PCT1	[0, 0, 0, 0, 0, 0, 0, 629, 0]

 ### Operon type: 314

	 A0A011PJ75	[0, 695, 520, 695, 0, 0, 0, 0, 0]

 ### Operon type: 315

	 A0A011PRB4	[0, 0, 0, 0, 0, 0, 0, 532, 0]

 ### Operon type: 316

	 A0A011Q5V7	[686, 0, 0, 0, 0, 0, 0, 0, 0]

 ### Operon type: 317

	 A0A011QU35	[0, 0, 0, 0, 710, 0, 0, 0, 0]

 ### Operon type: 318

	 A0A011QVT2	[699, 0, 0, 0, 0, 0, 0, 698, 0]

 ### Operon type: 319

	 A0A011RP14	[0, 0, 0, 0, 0, 0, 0, 620, 0]

 ### Operon type: 320

	 A0A011SM49	[584, 0, 620, 0, 0, 0, 286, 0, 0]

 ### Operon type: 321

	 A0A011AM27	[533, 0, 0, 0, 405, 0, 0, 0, 18]

 ### Operon type: 322

	 A0A011T607	[0, 0, 656, 0, 0, 0, 0, 0, 184]

 ### Operon type: 323

	 A0A010S5W8	[0, 0, 515, 656, 0, 0, 0, 0, 0]

 ### Operon type: 324

	 A0A011MSR2	[0, 0, 0, 515, 0, 0, 0, 683, 0]

 ### Operon type: 325

	 A0A010YYJ5	[0, 0, 0, 683, 0, 0, 0, 28, 28]

 ### Operon type: 326

	 A0A011TED9	[0, 0, 0, 0, 0, 186, 0, 0, 0]

 ### Operon type: 327

	 A0A011TXS5	[0, 285, 0, 0, 0, 0, 0, 0, 0]

 ### Operon type: 328

	 A0A011U144	[0, 241, 0, 0, 0, 0, 572, 456, 0]

 ### Operon type: 329

	 A0A011U1C8	[600, 0, 0, 0, 0, 0, 0, 0, 240]

 ### Operon type: 330

	 A0A011U483	[0, 0, 0, 0, 0, 599, 0, 0, 0]

 ### Operon type: 331

	 A0A011UDF3	[0, 0, 0, 0, 0, 261, 0, 0, 0]

 ### Operon type: 332

	 A0A011UG86	[0, 604, 0, 0, 0, 150, 0, 0, 0]

 ### Operon type: 333

	 A0A011UGY3	[0, 0, 0, 36, 0, 0, 0, 36, 0]

 ### Operon type: 334

	 A0A011UJN3	[0, 355, 0, 0, 0, 0, 0, 0, 0]

 ### Operon type: 335

	 A0A009INE0	[357, 0, 0, 0, 0, 0, 0, 520, 355]

 ### Operon type: 336

	 A0A011UQB5	[610, 636, 0, 0, 0, 0, 0, 423, 0]

 ### Operon type: 337

	 A0A011UVI5	[0, 0, 0, 0, 0, 49, 695, 695, 0]

 ### Operon type: 338

	 A0A011UWI3	[0, 0, 0, 0, 142, 0, 208, 602, 0]

 ### Operon type: 339

	 A0A011V5E6	[0, 0, 0, 0, 0, 299, 0, 0, 0]

 ### Operon type: 340

	 A0A011M4H6	[279, 0, 481, 0, 0, 0, 0, 0, 0]

 ### Operon type: 341

	 A0A011VSV3	[0, 0, 0, 0, 0, 0, 557, 0, 0]

 ### Operon type: 342

	 A0A011VWI0	[0, 0, 0, 0, 0, 55, 0, 0, 0]

 ### Operon type: 343

	 A0A011VZ91	[168, 0, 0, 0, 0, 0, 0, 0, 0]

 ### Operon type: 344

	 A0A011W213	[0, 0, 0, 0, 0, 585, 0, 0, 0]

 ### Operon type: 345

	 A0A011WP76	[0, 0, 0, 0, 0, 0, 0, 0, 703]

 ### Operon type: 346

	 A0A011WSD4	[0, 0, 0, -1, 0, 683, 0, 0, 386]

 ### Operon type: 347

	 A0A011VZF5	[0, 0, 295, 296, 0, 683, 386, 683, 0]

 ### Operon type: 348

	 A0A011WSU6	[0, 683, 0, 0, 297, 0, 0, 0, 0]

 ### Operon type: 349

	 A0A013S843	[0, 409, 0, 0, 0, 0, -1, 337, 0]

 ### Operon type: 350

	 A0A013S981	[333, 0, 0, 0, 0, 0, 0, 0, 0]

 ### Operon type: 351

	 A0A013T337	[0, 0, 0, 0, 0, 0, 0, 0, 462]

 ### Operon type: 352

	 A0A013T5E6	[0, 0, 0, 461, 0, 0, 0, 0, 0]

 ### Operon type: 353

	 A0A013SGL3	[403, 325, 324, 323, 402, 652, 401, 600, 400]
	 A0A010KAV2	[403, 0, 0, 323, 402, 652, 401, 600, 400]
	 A0A009NE81	[403, 325, 324, 323, 402, 652, 401, 600, 400]
	 A0A009RQH3	[403, 0, 0, 323, 402, 652, 401, 600, 400]
	 A0A009I5Z6	[403, 0, 324, 323, 402, 652, 401, 600, 400]

 ### Operon type: 354

	 A0A013TB41	[403, -1, 0, 0, 402, 652, 401, 600, 400]

 ### Operon type: 355

	 A0A009H3X4	[403, 0, 0, 0, 402, 652, -1, 483, -1]

 ### Operon type: 356

	 A0A009YL68	[0, 0, 600, 403, 402, 0, 0, 3, 0]

 ### Operon type: 357

	 A0A009T9H0	[0, 2, 603, -1, 0, 0, 172, 0, 171]

 ### Operon type: 358

	 A0A010THH5	[0, 201, 39, 49, 0, 0, 608, 0, 377]

 ### Operon type: 359

	 A0A011WSH8	[0, 0, 0, 648, 276, 0, 0, 0, 0]
	 A0A011VZE3	[0, 0, 0, 648, 276, 0, 0, 0, 0]

 ### Operon type: 360

	 A0A011NAF3	[0, 0, 0, 0, 0, 0, 648, 0, 647]

 ### Operon type: 361

	 A0A009IQ93	[235, 0, 648, 0, 0, 117, 0, 0, 0]

 ### Operon type: 362

	 A0A009TLU4	[0, 285, -1, 152, 0, 23, 0, -1, -1]

 ### Operon type: 363

	 A0A010JNG7	[436, 0, 0, 378, 0, 0, 0, 0, 0]

 ### Operon type: 364

	 A0A010S003	[553, 0, 0, 0, 0, 604, 604, 178, 0]

 ### Operon type: 365

	 A0A010SMN8	[0, -1, 148, 0, 484, 0, 0, 560, 0]

 ### Operon type: 366

	 A0A010SXS1	[0, 218, 0, 0, 0, 166, 0, 0, 698]

 ### Operon type: 367

	 A0A010T689	[18, -1, 608, 623, 0, 0, 0, 0, 0]

 ### Operon type: 368

	 A0A010TBB4	[0, 151, 0, 150, 0, 0, 0, 0, 600]

 ### Operon type: 369

	 A0A010YFK3	[0, 628, 0, 0, 0, 0, 61, 0, 240]

 ### Operon type: 370

	 A0A010YVY1	[7, 0, 7, 0, 0, 0, 0, 178, 0]

 ### Operon type: 371

	 A0A010Z7T4	[0, 0, 0, 0, 0, 0, 0, 477, 534]

 ### Operon type: 372

	 A0A010RRR9	[0, 0, 0, 0, 511, 0, 0, 478, 477]

 ### Operon type: 373

	 A0A010SIA7	[0, 0, 478, 203, 0, 0, 0, 0, 0]

 ### Operon type: 374

	 A0A010ZSZ2	[0, 51, 0, 14, 13, 0, 0, 0, 0]

 ### Operon type: 375

	 A0A010Z0Y7	[0, 0, 0, 0, 13, 207, 0, 0, 0]

 ### Operon type: 376

	 A0A010ZUR7	[280, 12, 0, 12, 0, 11, 178, 0, 0]

 ### Operon type: 377

	 A0A011A0M8	[0, 0, 416, 0, 38, 0, 0, 9, 9]

 ### Operon type: 378

	 A0A011NFL4	[0, 612, 0, 0, 474, 473, 0, 472, 0]

 ### Operon type: 379

	 A0A011P407	[0, 0, 601, 611, 0, 0, 600, 0, 599]

 ### Operon type: 380

	 A0A011QGT2	[648, 0, 0, 506, 505, 0, 0, 0, 0]

 ### Operon type: 381

	 A0A011QSA4	[724, 0, 723, 722, 0, 0, 0, 0, 721]

 ### Operon type: 382

	 A0A011T6J6	[0, 686, 0, 594, 0, 0, 292, 0, 291]

 ### Operon type: 383

	 A0A011TAL2	[0, 656, 0, 0, 0, 185, 0, 573, 0]

 ### Operon type: 384

	 A0A011TYT7	[0, 0, 0, 0, 0, 0, 284, 283, 283]

 ### Operon type: 385

	 A0A011TZG0	[416, 684, 0, 0, 0, 0, 0, 437, 0]

 ### Operon type: 386

	 A0A011Q6N5	[0, 0, 0, 0, 0, 0, 685, 684, 685]

 ### Operon type: 387

	 A0A011UII7	[0, 0, 0, 0, 0, 583, 282, 0, 0]

 ### Operon type: 388

	 A0A011UNT9	[281, 289, 0, 0, 0, 0, 0, 0, 0]

 ### Operon type: 389

	 A0A011SIS0	[0, 671, 290, 290, 0, 0, 0, 289, 0]

 ### Operon type: 390

	 A0A011UT49	[0, 51, 0, 0, 0, 0, 218, 65, 0]

 ### Operon type: 391

	 A0A011VU65	[62, 0, 0, 0, 0, 61, 0, 0, 0]

 ### Operon type: 392

	 A0A011VV03	[0, 280, 0, 0, 320, 279, 0, 0, 0]

 ### Operon type: 393

	 A0A011VVZ9	[0, 0, -1, 0, 0, 278, 277, 277, 288]

 ### Operon type: 394

	 A0A011VWX7	[698, 428, 0, 0, 0, 0, 0, 609, 0]

 ### Operon type: 395

	 A0A011VXK7	[613, 613, 0, 426, 0, 0, 0, 688, 0]

 ### Operon type: 396

	 A0A011W0I6	[167, 0, 0, 0, 0, 418, 0, 475, 0]

 ### Operon type: 397

	 A0A010YEF6	[0, 167, 0, 0, 0, 0, 0, 0, 19]

 ### Operon type: 398

	 A0A013SQH1	[0, 0, 0, 0, 275, 421, 0, 436, 646]

 ### Operon type: 399

	 A0A009LNU8	[269, 271, 272, 273, 0, 152, 0, 436, 0]

 ### Operon type: 400

	 A0A013SRG6	[274, 273, 272, 271, 0, 270, 0, 269, 471]

 ### Operon type: 401

	 A0A009IQU8	[0, 271, 0, 0, 0, 270, 471, 0, 0]

 ### Operon type: 402

	 A0A010K2K8	[272, 273, 274, 0, 0, 0, 0, -1, 436]

 ### Operon type: 403

	 A0A011NPR8	[0, 471, 0, 0, 0, 0, 470, 0, 0]

 ### Operon type: 404

	 A0A010SEA2	[690, 470, 201, 0, 0, 0, 0, 0, 0]

 ### Operon type: 405

	 A0A009ZIC0	[79, 60, 480, 116, 383, 485, 59, 151, 382]

 ### Operon type: 406

	 A0A009ZB47	[99, 27, 0, 0, 0, 683, 375, 0, 0]

 ### Operon type: 407

	 A0A010RM40	[482, 648, 536, 0, 0, 0, 0, -1, 649]

 ### Operon type: 408

	 A0A010RRQ6	[0, 481, 0, 0, 0, 484, 480, 479, 0]

 ### Operon type: 409

	 A0A010S423	[292, 0, 0, 0, 0, 0, 0, 208, 617]

 ### Operon type: 410

	 A0A010T0I7	[0, 0, 19, 0, 0, 595, 723, 648, 0]

 ### Operon type: 411

	 A0A011AHU9	[0, 0, 0, 0, 0, 0, 0, 8, 476]

 ### Operon type: 412

	 A0A010YY02	[0, 6, 0, 0, 6, 539, 5, 0, 8]

 ### Operon type: 413

	 A0A011NA78	[0, 650, 0, 0, 0, 714, 0, 0, 649]

 ### Operon type: 414

	 A0A011P8W7	[592, 601, 698, 0, 591, 0, 0, 0, 0]

 ### Operon type: 415

	 A0A011PG97	[560, 0, 0, 559, 0, 0, 0, 0, 0]

 ### Operon type: 416

	 A0A011PKT4	[0, 421, 0, 0, 0, 0, 420, 0, 0]

 ### Operon type: 417

	 A0A011PLB2	[0, 592, 0, 422, 0, 0, 0, 0, 0]

 ### Operon type: 418

	 A0A011R339	[0, 0, 0, 0, 0, 0, 316, 315, 0]

 ### Operon type: 419

	 A0A011SFE5	[0, 0, 0, 613, 0, 0, 612, 611, 610]

 ### Operon type: 420

	 A0A011SJT5	[0, 0, 0, 288, 287, 287, 287, 287, 287]

 ### Operon type: 421

	 A0A011TDQ5	[0, 0, 0, 0, 183, 419, 0, 0, 0]

 ### Operon type: 422

	 A0A011UG17	[209, 0, 169, 0, 37, 62, 0, 0, 0]

 ### Operon type: 423

	 A0A011V8Z7	[0, 0, 0, 0, 0, 53, 52, 0, 0]

 ### Operon type: 424

	 A0A011VT01	[0, 0, 63, 0, 0, 63, 0, 0, 212]

 ### Operon type: 425

	 A0A011VYP6	[0, 0, 0, 0, 0, 0, 169, 512, 0]

 ### Operon type: 426

	 A0A011V392	[427, 0, 532, 295, 296, 294, 0, 297, 298]

 ### Operon type: 427

	 A0A009Q0U9	[390, 97, 96, 0, 95, 94, -1, -1, 0]

 ### Operon type: 428

	 A0A010SRB2	[23, 22, 0, 0, 0, 22, 21, 0, 0]

 ### Operon type: 429

	 A0A011VJ76	[66, 66, 65, 472, 0, 648, 416, 0, 601]

 ### Operon type: 430

	 A0A013SKX6	[0, 0, 619, 0, 387, 387, 302, 301, 300]

 ### Operon type: 431

	 A0A010KA25	[375, 0, 608, 346, 242, 0, 0, 375, 413]

 ### Operon type: 432

	 A0A011WUA8	[668, 0, 0, 385, 0, 0, 0, 384, 384]

 ### Operon type: 433

	 A0A010S4X6	[0, 207, 536, 604, 395, 0, 574, 417, 483]

 ### Operon type: 434

	 A0A011U8C0	[0, 239, 238, 0, 237, 236, 0, 0, 0]
