
 ### Operon type: 1

	 A0A010ILU3	[554, 553, 552, 551, 550, 549, 548, 547, 546]
	 A0A009QS71	[554, 553, 552, 551, 550, 549, 548, 547, 546]
	 A0A009QBR9	[554, 553, 552, 551, 550, 549, 547, 546, 190]
	 A0A009MW50	[554, 553, 552, 551, 550, 549, 548, 547, 546]
	 A0A009I8S2	[554, 553, 552, 551, 550, 549, 547, 546, 190]
	 A0A009H3B0	[554, 553, 552, 551, 550, 549, 548, 547, 546]
	 A0A009TM70	[554, 553, 552, 551, 550, 549, 547, 546, 190]

 ### Operon type: 2

	 A0A013TH43	[369, 368, 795, 367, 366, 365, 364, 363, 401]
	 A0A009RAF0	[369, 368, 795, 367, 366, 365, 364, 363, 401]

 ### Operon type: 3

	 A0A011PVT3	[666, 646, 645, 644, 705, 643, 642, 641, 640]
	 A0A011R7V7	[666, 646, 645, 644, 705, 643, 642, 641, 640]
	 A0A011MET3	[666, 646, 645, 644, 705, 643, 642, 641, 640]

 ### Operon type: 4

	 A0A013RZW2	[517, 329, 546, 328, 327, 429, 464, 326, 325]
	 A0A009SIZ4	[517, 329, 546, 328, 327, 429, 464, 326, 325]
	 A0A013SNJ8	[517, 329, 546, 328, 327, 429, 464, 326, 325]
	 A0A010J9U3	[517, 329, 546, 328, 327, 429, 464, 326, 325]
	 A0A009PH20	[517, 329, 546, 328, 327, 429, 464, 326, 325]
	 A0A009IV03	[517, 329, 546, 328, 327, 429, 464, 326, 325]
	 A0A009MMM3	[517, 329, 546, 328, 327, 429, 464, 326, 325]
	 A0A009HBT3	[517, 329, 546, 328, 327, 429, 464, 326, 325]
	 A0A009RD69	[517, 329, 546, 328, 327, 429, 464, 326, 325]
	 A0A009YIZ0	[517, 329, 546, 328, 327, 429, 464, 326, 325]

 ### Operon type: 5

	 A0A009PH57	[147, 146, -1, 145, 144, 669, 199, 410, 143]
	 A0A009TG92	[147, 146, -1, 145, 144, 669, 199, 410, 143]

 ### Operon type: 6

	 A0A013S288	[334, 324, 323, 322, 429, 321, 320, 319, 318]
	 A0A013SXT2	[334, 324, 323, 322, 429, 321, 320, 319, 318]
	 A0A010J3I1	[334, 324, 323, 322, 429, 321, 320, 319, 318]
	 A0A009I0I9	[334, 324, 323, 322, 429, 321, 320, 319, 318]
	 A0A009SFX8	[334, 324, 323, 322, 119, 429, 321, 320, 319]
	 A0A009N031	[334, 324, 323, 322, 429, 321, 320, 319, 318]
	 A0A009R2X0	[334, 324, 323, 322, 429, 321, 320, 319, 318]
	 A0A009PWG1	[334, 324, 323, 322, 429, 321, 320, 319, 318]
	 A0A009TBM2	[324, 323, 322, 119, 429, 321, 320, 319, 318]

 ### Operon type: 7

	 A0A010IMP8	[542, 627, 541, 540, 539, 538, 537, 536, 535]
	 A0A013T8M5	[542, 627, 541, 540, 539, 538, 537, 536, 535]
	 A0A009SWU0	[542, 627, 541, 540, 539, 538, 537, 536, 535]
	 A0A013SZ54	[542, 627, 541, 540, 539, 538, 537, 536, 535]
	 A0A009IRJ6	[542, 627, 541, 540, 539, 538, 537, 536, 535]
	 A0A009N123	[542, 627, 541, 540, 539, 538, 537, 536, 535]
	 A0A009H7U0	[542, 627, 541, 540, 539, 538, 537, 536, 535]
	 A0A009RBQ2	[542, 627, 541, 540, 539, 538, 537, 536, 535]
	 A0A009Q3K7	[542, 627, 541, 540, 539, 538, 537, 536, 535]
	 A0A009ZM43	[-1, 627, 541, 540, 539, 538, 537, 536, 535]

 ### Operon type: 8

	 A0A009RG92	[-1, 488, 707, 487, 486, 715, 485, 505, 484]
	 A0A013RMD0	[-1, 488, 707, 487, 486, 715, 485, 505, 484]
	 A0A010JDA6	[-1, 488, 707, 487, 486, 715, 485, 505, 484]
	 A0A009QDV7	[-1, 488, 707, 487, 486, 715, 485, 505, 484]
	 A0A009N9Z1	[-1, 488, 707, 487, 486, 715, 485, 505, 484]
	 A0A009S854	[-1, 488, 707, 487, 486, 715, 485, 505, 484]
	 A0A009IHQ3	[-1, 488, 707, 487, 486, 715, 485, 505, 484]
	 A0A009H6M2	[-1, 488, 707, 487, 486, 715, 485, 505, 484]
	 A0A009ZIC0	[47, 488, 707, 487, 486, 715, 485, 505, 484]

 ### Operon type: 9

	 A0A011UIA1	[347, 346, 345, 344, 343, 342, 341, 340, 0]
	 A0A011V5V3	[0, 347, 346, 345, 344, 343, 342, 341, 340]

 ### Operon type: 10

	 A0A011PTE7	[816, 815, 814, 813, 812, 0, 811, 810, 809]
	 A0A011NE72	[816, 815, 814, 813, 812, 811, 810, 809, 0]

 ### Operon type: 11

	 A0A010JWJ1	[482, 481, 711, 480, 479, 478, 477, 476, 475]
	 A0A009I4A1	[482, 481, 711, 480, 479, 478, 477, 476, 475]

 ### Operon type: 12

	 A0A009QF22	[167, 166, 482, 0, 479, 478, 477, 476, 475]
	 A0A009TBY8	[167, 166, 482, 480, 479, 478, 477, 476, 475]

 ### Operon type: 13

	 A0A011NEY3	[433, 702, 701, 700, 700, 699, 698, 697, 0]

 ### Operon type: 14

	 A0A011PAN4	[702, 701, 0, 700, 700, 699, 698, 697, 696]

 ### Operon type: 15

	 A0A011RCD5	[433, 702, 701, 700, 700, 699, 698, 697, 696]

 ### Operon type: 16

	 A0A011NAY5	[620, 619, 618, 617, 616, 615, 614, 613, 0]
	 A0A011P4U7	[0, 620, 619, 618, 617, 616, 615, 614, 613]

 ### Operon type: 17

	 A0A011NW66	[754, 753, 752, 751, 750, 749, 0, 0, 0]
	 A0A011PF67	[754, 753, 752, 751, 750, 0, 0, 0, 0]
	 A0A011NBX7	[754, 753, 752, 751, 750, 749, 0, 0, 0]

 ### Operon type: 18

	 A0A011NS68	[754, 753, 752, 751, 750, 600, 599, 604, 598]
	 A0A011RHX4	[754, 753, 752, 751, 750, 600, 599, 604, 0]

 ### Operon type: 19

	 A0A010YT39	[0, 603, 33, 706, 32, 31, 30, 29, 428]

 ### Operon type: 20

	 A0A010Z7T4	[33, 706, 32, 31, 30, 29, 428, 703, 825]

 ### Operon type: 21

	 A0A010K6G6	[466, 465, 464, 463, 582, 462, 461, 0, 460]
	 A0A013SP43	[466, 465, 464, 463, 582, 462, 461, 263, 460]
	 A0A009RUN3	[466, 465, 464, 463, 582, 462, 461, 263, 460]

 ### Operon type: 22

	 A0A011VWR4	[0, 0, 0, 0, 178, 177, 176, 175, 174]

 ### Operon type: 23

	 A0A011VYP6	[178, 177, 176, 175, 174, 0, 173, 644, 0]

 ### Operon type: 24

	 A0A011QAS2	[0, 655, 654, 653, 652, 651, 650, 649, 648]
	 A0A011NEQ1	[0, 655, 654, 653, 652, 651, 650, 649, 648]

 ### Operon type: 25

	 A0A010JSI3	[723, 722, 721, 720, 719, 718, 717, 716, 0]
	 A0A009RGL2	[723, 722, 721, 720, 719, 718, 717, 716, 483]
	 A0A013T0M4	[723, 722, 721, 720, 719, 718, 717, 716, 0]
	 A0A009HDS5	[723, 722, 721, 720, 719, 718, 717, 716, 483]

 ### Operon type: 26

	 A0A009SNL0	[234, 233, 430, 232, 231, 230, 229, 228, 227]

 ### Operon type: 27

	 A0A009T1I8	[430, 232, 231, 230, 229, 228, 227, 0, 0]

 ### Operon type: 28

	 A0A011VW71	[0, 101, 100, 99, 98, 97, 96, 787, 95]
	 A0A011VUV0	[101, 100, 99, 98, 97, 96, 787, 95, 0]

 ### Operon type: 29

	 A0A011UG71	[90, 298, 89, 94, 93, 299, 92, 297, 91]

 ### Operon type: 30

	 A0A011V8Z7	[0, 0, 90, 298, 89, 94, 93, 299, 92]

 ### Operon type: 31

	 A0A011V8Y9	[94, 93, 299, 92, 297, 91, 0, 0, 0]

 ### Operon type: 32

	 A0A011U8C0	[0, 299, 298, 0, 407, 297, 0, 0, 0]

 ### Operon type: 33

	 A0A011QSF0	[0, 869, 868, 867, 866, 865, 864, 863, 0]
	 A0A011QBB5	[693, 869, 868, 867, 866, 865, 864, 863, 675]
	 A0A011Q0X6	[693, 869, 868, 867, 866, 865, 864, 863, 675]
	 A0A011Q1X8	[869, 0, 868, 867, 866, 865, 864, 863, 675]

 ### Operon type: 34

	 A0A011PG87	[693, 869, 868, 867, 866, 865, 864, 0, 0]

 ### Operon type: 35

	 A0A011PCT1	[856, 855, 854, 0, 0, 0, 0, 801, 0]

 ### Operon type: 36

	 A0A011QU35	[0, 0, 0, 0, 857, 0, 856, 855, 854]

 ### Operon type: 37

	 A0A011Q2B1	[860, 664, 857, 805, 854, 804, 803, 802, 801]

 ### Operon type: 38

	 A0A011RLN8	[859, 858, 857, 805, 854, 804, 803, 802, 801]

 ### Operon type: 39

	 A0A011P700	[0, 0, 862, 861, 860, 664, 857, 805, 854]

 ### Operon type: 40

	 A0A011QSI4	[0, 0, 862, 861, 860, 0, 859, 858, 857]

 ### Operon type: 41

	 A0A013T337	[621, 712, 473, 387, 386, 836, 471, 839, 470]
	 A0A013TH30	[621, 712, 473, 387, 386, 836, 471, 839, 470]
	 A0A013S981	[474, 621, 712, 473, 387, 386, 836, 471, 839]

 ### Operon type: 42

	 A0A010JY00	[474, 621, 712, 473, 472, 836, 471, 839, 470]

 ### Operon type: 43

	 A0A013TPV4	[270, 269, 268, 267, 266, 265, 781, 711, 264]
	 A0A010IZE4	[270, 269, 268, 267, 266, 265, 781, 711, 264]
	 A0A009QQ47	[270, 269, 268, 267, 266, 265, 781, 711, 264]
	 A0A009MGJ1	[270, 269, 268, 267, 266, 265, 781, 711, 264]
	 A0A009SZB5	[270, 269, 268, 267, 266, 265, 781, 711, 264]
	 A0A009HL81	[270, 269, 268, 267, 266, 265, 781, 711, 264]
	 A0A009HR98	[270, 269, 268, 267, 266, 265, 781, 711, 264]

 ### Operon type: 44

	 A0A009Z8F7	[269, 268, 265, 0, 266, 5, 5, 0, 120]

 ### Operon type: 45

	 A0A009HFU9	[51, 50, 49, 48, 47, 570, 46, 45, 0]
	 A0A009R016	[51, 50, 49, 48, 47, -1, 570, 46, 45]

 ### Operon type: 46

	 A0A011UJN3	[0, 532, 0, 0, 399, 398, 397, 396, 395]

 ### Operon type: 47

	 A0A011W213	[399, 398, 397, 396, 395, 764, 0, 0, 0]

 ### Operon type: 48

	 A0A011QUG8	[853, 852, 851, 850, 849, 848, 0, 847, 846]
	 A0A011QIT1	[853, 852, 851, 850, 849, 848, 847, 846, 663]

 ### Operon type: 49

	 A0A011PP01	[834, 833, 832, 831, 830, 829, 828, 827, 826]
	 A0A011NVE7	[834, 833, 832, 831, 830, 829, 828, 827, 826]

 ### Operon type: 50

	 A0A011P2I4	[733, 683, 806, 826, 827, 828, 829, 830, 831]
	 A0A011N9N8	[733, 683, 806, 826, 827, 828, 829, 830, 831]

 ### Operon type: 51

	 A0A011PIY7	[807, 0, 806, 826, 827, 828, 829, 0, 831]

 ### Operon type: 52

	 A0A011Q3J4	[0, 807, 806, 826, 827, 828, 829, 830, 0]

 ### Operon type: 53

	 A0A011MH88	[606, 807, 806, 826, 827, 828, 829, 830, 831]

 ### Operon type: 54

	 A0A013SPM5	[384, 383, 382, 381, 380, 379, 378, 377, 376]
	 A0A010IX62	[384, 383, 382, 381, 380, 379, 378, 377, 376]
	 A0A009QFZ7	[384, 383, 382, 381, 380, 379, 378, 377, 376]
	 A0A009MH71	[384, 383, 382, 381, 380, 379, 378, 377, 376]
	 A0A009I6Z0	[384, 383, 382, 381, 380, 379, 378, 377, 376]
	 A0A009HSL1	[384, 383, 382, 381, 380, 379, 378, 377, 376]
	 A0A009TK03	[384, 383, 382, 381, 380, 379, 378, 377, 376]

 ### Operon type: 55

	 A0A009ZIX8	[0, 6, 382, 381, 380, 25, 0, 376, 0]

 ### Operon type: 56

	 A0A010JJN4	[568, 567, 566, 565, 564, 563, 562, 590, 622]
	 A0A013TPR7	[568, 567, 566, 565, 564, 563, 562, 590, 622]
	 A0A009SEP4	[568, 567, 566, 565, 564, 0, 563, 562, 0]
	 A0A009RMI1	[568, 567, 566, 565, 564, 563, 562, 590, 0]
	 A0A009PMT3	[568, 567, 566, 565, 564, 563, 562, 590, 622]
	 A0A009I8I7	[568, 567, 566, 565, 564, 563, 562, 590, 65]
	 A0A009HJJ5	[568, 567, 566, 565, 564, 563, 562, 590, 65]
	 A0A009NI48	[568, 567, 566, 565, 564, 563, 562, 590, -1]
	 A0A009YG45	[0, 568, 567, 566, 564, 0, 563, 562, 590]

 ### Operon type: 57

	 A0A013S8F0	[315, 458, 314, 313, 312, 711, 763, 317, 623]
	 A0A013TPQ9	[315, 458, 314, 313, 312, 711, 763, 317, 623]
	 A0A009SZ84	[315, 458, 314, 313, 312, 711, 763, 317, 623]
	 A0A010IZH1	[-1, 458, 314, 313, 312, 711, 763, 317, 623]
	 A0A009PMU2	[315, 458, 314, -1, 312, 711, 763, 317, 623]
	 A0A009HJM0	[315, 458, 314, 313, 312, 711, 763, 317, 623]

 ### Operon type: 58

	 A0A009HUS9	[458, 314, 0, 313, 312, 139, -1, 140, 141]

 ### Operon type: 59

	 A0A009ISE1	[563, 562, 590, 141, 140, -1, 139, 312, 313]

 ### Operon type: 60

	 A0A009NPS1	[315, 458, 314, 313, 312, -1, 590, 562, 563]

 ### Operon type: 61

	 A0A013SB36	[308, 307, 306, 305, 304, 572, 571, 303, 302]
	 A0A009QSI3	[308, 307, 306, 305, 304, 572, 571, 303, -1]

 ### Operon type: 62

	 A0A010ITP2	[308, 307, 306, 305, 304, 572, 571, 0, 0]

 ### Operon type: 63

	 A0A009SII9	[-1, 307, 306, 305, 304, 572, 571, 114, 113]

 ### Operon type: 64

	 A0A009T0Q9	[304, 572, 571, 114, 113, 302, 606, 711, 78]

 ### Operon type: 65

	 A0A009YJF4	[0, 572, 571, 130, 129, 606, 711, 0, 78]

 ### Operon type: 66

	 A0A009GP96	[0, 59, 711, 703, 459, 44, 570, 58, 57]

 ### Operon type: 67

	 A0A009GSR4	[703, 459, 44, 570, 58, 57, 57, 56, 0]

 ### Operon type: 68

	 A0A009IIT6	[59, 711, 703, 459, 58, 57, 57, 56, 0]

 ### Operon type: 69

	 A0A011SQL0	[596, 409, -1, 408, 407, 406, 469, 405, 404]
	 A0A011UZ49	[409, -1, 408, 407, 406, 469, 405, 404, 0]

 ### Operon type: 70

	 A0A009SIF9	[683, 677, 118, 117, 159, 158, 157, 116, 115]
	 A0A009PT82	[683, 677, 118, 117, 159, 158, 157, 116, 115]

 ### Operon type: 71

	 A0A009IS10	[142, 0, 0, 0, 159, 158, 157, 0, 0]

 ### Operon type: 72

	 A0A009QHW5	[0, 0, 0, 554, 159, 158, 157, 0, 156]

 ### Operon type: 73

	 A0A011UVB4	[0, 0, 0, 288, 0, 0, 142, 0, 95]

 ### Operon type: 74

	 A0A011V107	[357, -1, 356, 355, 354, 353, 352, 351, 0]
	 A0A011U7M7	[0, 357, -1, 356, 355, 354, 353, 352, 351]

 ### Operon type: 75

	 A0A011TLH0	[331, 354, 356, 330, 355, 353, 0, 0, 0]

 ### Operon type: 76

	 A0A011UG87	[449, 450, 451, 331, 354, 356, 330, 355, 353]

 ### Operon type: 77

	 A0A011TLH7	[451, 450, 449, 0, 0, 0, 0, 0, 0]

 ### Operon type: 78

	 A0A011TWN2	[448, 447, 446, 445, 444, 443, 442, 0, 0]
	 A0A011TAF9	[0, 0, 448, 447, 446, 445, 444, 443, 442]

 ### Operon type: 79

	 A0A011Q5V7	[658, 0, 0, 0, 800, 799, 798, 797, 796]

 ### Operon type: 80

	 A0A011RM25	[800, 799, 798, 797, 796, 844, 0, 795, 0]

 ### Operon type: 81

	 A0A011QDV3	[682, 681, 680, 763, 679, 678, 677, 0, 676]
	 A0A011QIE8	[682, 681, 680, 763, 679, 678, 676, 0, 0]

 ### Operon type: 82

	 A0A011PL71	[738, 737, 736, 735, 734, 733, 786, 732, 0]
	 A0A011QAB0	[737, 736, 735, 0, 734, 733, 786, 732, 0]

 ### Operon type: 83

	 A0A011Q6N5	[772, 771, 770, 0, 0, 0, 657, 656, 657]

 ### Operon type: 84

	 A0A011SGD5	[0, 0, 0, 0, 0, 0, 772, 771, 770]

 ### Operon type: 85

	 A0A011NYU6	[671, 670, 0, 669, 824, 27, 26, 0, 668]

 ### Operon type: 86

	 A0A011PYI6	[671, 670, 0, 669, 824, 668, 710, 774, 0]

 ### Operon type: 87

	 A0A011P1C0	[0, 0, 27, 26, 668, 0, 0, 0, 0]

 ### Operon type: 88

	 A0A011PKU5	[744, 743, 742, 741, 742, 740, 739, 0, 0]
	 A0A011N4G4	[0, 0, 744, 743, 742, 741, 742, 740, 739]

 ### Operon type: 89

	 A0A010ZWJ8	[21, 20, 19, 825, 18, 589, 436, 589, 17]

 ### Operon type: 90

	 A0A011AHW1	[18, 825, 19, 20, 21, 0, 0, 22, 0]

 ### Operon type: 91

	 A0A011AHU9	[436, 589, 17, 0, 0, 0, 0, 9, 606]

 ### Operon type: 92

	 A0A010ZX98	[16, 15, 14, 13, 12, 11, 763, 763, 0]

 ### Operon type: 93

	 A0A011AIL7	[12, 13, 14, 15, 16, 0, 0, 0, 0]

 ### Operon type: 94

	 A0A010YF95	[659, 38, 847, 37, 36, 36, 35, 400, 34]

 ### Operon type: 95

	 A0A010ZJQ6	[38, 847, 37, 36, 36, 35, 400, 34, 0]

 ### Operon type: 96

	 A0A009GXL8	[133, 132, 131, 130, 129, 480, 128, 155, 154]

 ### Operon type: 97

	 A0A010JIW7	[133, 132, 131, 130, 129, 0, 0, 128, 155]

 ### Operon type: 98

	 A0A011QNA5	[0, 637, 636, 635, 0, 634, 633, 632, 631]
	 A0A009ZLJ7	[631, 632, 633, 634, 0, 0, 637, 636, 635]

 ### Operon type: 99

	 A0A013T0T6	[634, 633, 632, 631, 545, 544, 389, 543, 388]
	 A0A009RMD0	[634, 633, 632, 631, 545, 219, 389, 543, 388]
	 A0A009QMH5	[634, 633, 632, 631, 545, 544, 389, 543, 388]
	 A0A009PE10	[634, 633, 632, 631, 545, 219, 389, 543, -1]
	 A0A009ISY0	[634, 633, 632, 631, 545, 219, 389, 543, 388]
	 A0A009HAX1	[634, 633, 632, 631, 545, 544, 389, 543, 388]

 ### Operon type: 100

	 A0A010ILW6	[634, 633, 632, 631, 545, 544, 0, 0, 543]

 ### Operon type: 101

	 A0A009Z9X7	[633, 632, 631, 0, 545, 0, 843, 0, 543]

 ### Operon type: 102

	 A0A013S8V2	[311, 310, 0, 0, 0, 309, 0, 0, 0]
	 A0A009R8E1	[0, 43, 0, 311, 310, 0, 0, 309, 0]

 ### Operon type: 103

	 A0A009ICH6	[517, 205, 204, 203, 472, 64, 63, 62, 839]
	 A0A009ZFR5	[517, 205, 204, 203, 472, 64, 63, 62, 839]

 ### Operon type: 104

	 A0A009RR21	[517, 205, 204, 203, 202, 201, 473, 839, 836]
	 A0A009NQA1	[517, 205, 204, 203, 202, 201, 473, 839, 836]

 ### Operon type: 105

	 A0A009HTN9	[517, 205, 204, 203, 202, 201, 42, 756, 41]
	 A0A009T3J5	[517, 205, 204, 203, 202, 201, 42, 756, 41]

 ### Operon type: 106

	 A0A009Q0U9	[517, 205, 204, 203, 202, 201, -1, -1, 0]

 ### Operon type: 107

	 A0A009QEG7	[237, 238, 189, 188, 187, 186, 185, 239, 240]
	 A0A009IPC3	[237, 238, 189, 188, 187, 186, 185, 239, 240]

 ### Operon type: 108

	 A0A009I573	[276, 0, 183, 241, 0, 184, 187, 188, 189]

 ### Operon type: 109

	 A0A009ILP9	[239, 0, 189, 188, 187, 184, 240, 241, 183]

 ### Operon type: 110

	 A0A009I953	[239, 0, 189, 188, 187, 184, 240, 0, -1]

 ### Operon type: 111

	 A0A009SX74	[691, 598, 0, 241, 240, 239, 238, 237, 236]

 ### Operon type: 112

	 A0A010IPH1	[531, 530, 612, 529, 528, 527, 526, 525, 524]
	 A0A009MMG9	[531, 530, 612, 529, 528, 527, 526, 525, 524]
	 A0A009ICP5	[531, 530, 612, 529, 528, 527, 526, 525, 524]
	 A0A009QVK8	[531, 530, 612, 529, 528, 527, 526, 525, 524]

 ### Operon type: 113

	 A0A009SIV4	[292, 291, 290, 289, 528, 527, 526, 525, 524]
	 A0A009QLL2	[292, 291, 290, 289, 528, 527, 526, 525, 524]
	 A0A009HTW0	[292, 291, 290, 289, 528, 527, 526, 525, 524]
	 A0A013TSJ4	[291, 290, 0, 289, 528, 527, 526, 525, 524]

 ### Operon type: 114

	 A0A013TCN9	[551, 375, 374, 373, 372, 371, 370, 711, 763]
	 A0A010ITG1	[551, 375, 374, 373, 372, 371, 370, 711, 763]
	 A0A009QNC9	[551, 375, 374, 373, 372, 371, 370, 711, 763]
	 A0A013TRC1	[551, 375, 374, 373, 372, 371, 370, 711, 763]
	 A0A009NIJ3	[551, 375, 374, 373, 372, 371, 370, 711, 763]

 ### Operon type: 115

	 A0A009H935	[0, 0, 374, 373, 372, 371, 370, 711, 763]

 ### Operon type: 116

	 A0A009IMX3	[523, 522, 521, 520, 519, 181, 181, 774, 180]
	 A0A009QEX0	[523, 522, 521, 520, 519, 181, 181, 774, 180]
	 A0A009SF48	[523, 522, 521, 520, 519, -1, 181, 774, 180]

 ### Operon type: 117

	 A0A010ISX2	[523, 522, 521, 520, 519, 518, 517, 516, 515]
	 A0A009RES7	[523, 522, 521, 520, 519, 518, 517, 516, 515]
	 A0A013S7V1	[523, 522, 521, 520, 519, 518, 517, 516, 515]
	 A0A009MR00	[523, 522, 521, 520, 519, 518, 517, 516, 515]

 ### Operon type: 118

	 A0A009YTT3	[3, 47, 521, 520, 519, 518, 517, 516, 515]

 ### Operon type: 119

	 A0A009GYP9	[0, 0, 0, 520, 519, 518, 517, 516, 515]

 ### Operon type: 120

	 A0A009ZZC8	[-1, 233, 234, 3, 47, 521, 520, 519, 518]

 ### Operon type: 121

	 A0A011WSE5	[254, 253, 252, 251, 250, 249, 248, 247, 425]
	 A0A011UGX8	[103, 254, 253, 252, 251, 250, 249, 248, 247]

 ### Operon type: 122

	 A0A011VZG0	[424, 0, 103, 254, 253, 252, 251, 250, 249]

 ### Operon type: 123

	 A0A009SJZ7	[288, 287, 286, 285, 284, 283, 282, 281, 280]
	 A0A009PJF7	[287, 286, 286, 285, 284, 283, 282, 281, 280]

 ### Operon type: 124

	 A0A009Z5G0	[283, 285, 286, 0, 412, 287, 288, 262]

 ### Operon type: 125

	 A0A010JJC1	[768, 561, 560, 559, 558, 557, 556, 569, 555]
	 A0A010IZ41	[561, 560, 559, 558, 557, 556, 569, 555, 464]

 ### Operon type: 126

	 A0A009QJL6	[768, 561, 560, 559, 0, 555, 464, 153, 0]

 ### Operon type: 127

	 A0A010KAV2	[457, 456, 455, 454, 453, 683, 530, 594, 452]
	 A0A013SGL3	[457, 456, 455, 454, 453, 683, 530, 594, 452]
	 A0A013TB41	[457, -1, 455, 454, 453, 683, 530, 594, 452]
	 A0A009RQH3	[457, 456, 455, 454, 453, 683, 530, 594, 452]
	 A0A009PG53	[457, 456, 455, 454, 453, 683, 530, 594, 452]
	 A0A009SHB3	[457, 456, 455, 454, 453, 683, 530, 594, 452]
	 A0A009I5Z6	[457, 456, 455, 454, 453, 683, 530, 594, 452]
	 A0A009NE81	[457, 456, 455, 454, 453, 683, 530, 594, 452]

 ### Operon type: 128

	 A0A009H3X4	[457, 456, 455, 454, 453, 683, -1, 713, -1]

 ### Operon type: 129

	 A0A009SLR5	[0, 0, 0, 279, 278, 277, 570, 711, 733]
	 A0A009PIB4	[0, 0, 0, 279, 278, 277, 570, 711, 733]

 ### Operon type: 130

	 A0A009HSU4	[0, 0, 729, 711, 0, 683, 594, 733, 570]

 ### Operon type: 131

	 A0A009I463	[782, 75, 74, 429, 429, 428, 427, 426, 105]
	 A0A009PAG1	[782, 75, 74, 429, 429, 428, 427, 426, 105]

 ### Operon type: 132

	 A0A013SKX6	[0, 0, 782, 0, 429, 429, 428, 427, 426]

 ### Operon type: 133

	 A0A011Q5S3	[663, 662, 0, 0, 0, 0, 661, 660, 659]

 ### Operon type: 134

	 A0A011UZZ4	[0, 661, 660, 0, 0, 0, 362, 362, 659]

 ### Operon type: 135

	 A0A011UTJ0	[0, 0, 0, 71, 70, 69, 615, 68, 67]

 ### Operon type: 136

	 A0A011VMV7	[71, 70, 69, 615, 68, 67, 339, 338, 337]

 ### Operon type: 137

	 A0A011NYT4	[709, 592, 591, 590, 0, 573, 573, 572, 571]

 ### Operon type: 138

	 A0A011P8E9	[0, 0, 709, 592, 0, 591, 590, 0, 0]

 ### Operon type: 139

	 A0A010SYH9	[84, 83, 82, 127, 81, 0, 0, 0, 0]
	 A0A010TF34	[0, -1, 0, 0, 84, 83, 82, 127, 81]

 ### Operon type: 140

	 A0A010S7A1	[580, 579, 578, 577, 0, 576, 0, 0, 0]
	 A0A010TFJ4	[0, -1, 0, 580, 579, 578, 577, -1, 576]

 ### Operon type: 141

	 A0A009PAV9	[152, -1, 612, 151, 429, 570, 224, 225, 226]
	 A0A009HJC2	[152, 763, 612, 151, 429, 570, 224, 225, 226]

 ### Operon type: 142

	 A0A009SE02	[0, 226, 0, 0, 0, 225, 224, 570, 429]

 ### Operon type: 143

	 A0A009SYU8	[594, 517, 586, 514, 235, 711, 711, 512, 511]
	 A0A009RSB7	[594, 517, 586, 514, 235, 711, 711, 512, 511]
	 A0A009HS41	[594, 517, 586, 514, 235, 711, 711, 512, 511]

 ### Operon type: 144

	 A0A010IT25	[594, 517, 586, 514, 513, 711, 711, 512, 511]
	 A0A013SHA9	[594, 517, 586, 514, 513, 711, 711, 512, 511]
	 A0A009I466	[594, 517, 586, 514, 513, 711, 711, 512, 511]

 ### Operon type: 145

	 A0A009NMQ9	[594, 517, 586, 514, 513, 0, 711, 711, 512]

 ### Operon type: 146

	 A0A009P8A9	[0, 0, 586, 514, 235, 711, 711, 512, 511]

 ### Operon type: 147

	 A0A009ITT8	[138, 137, 136, 494, 493, 198, 492, 491, 490]
	 A0A009NJ90	[138, 137, 136, 494, 493, 220, 198, 492, 491]

 ### Operon type: 148

	 A0A009IJ01	[492, 491, 490, 489, 209, 208, 207, 206, 76]
	 A0A009NCH6	[134, 492, 491, 490, 209, 208, 207, 206, 76]

 ### Operon type: 149

	 A0A009RQL5	[492, 491, 490, 210, 209, 208, 207, 206, 0]

 ### Operon type: 150

	 A0A009MGQ8	[493, 0, 134, 492, 491, 490, 209, 208, 207]

 ### Operon type: 151

	 A0A009IJ07	[497, 496, 495, 494, 493, 492, 491, 490, 489]
	 A0A009RHH7	[497, 496, 495, 494, 493, 220, 492, 491, 490]
	 A0A009S6G1	[497, 496, 495, 494, 493, 492, 491, 490, 209]

 ### Operon type: 152

	 A0A009HZK2	[495, 494, 493, 492, 491, 490, 489, 209, 208]

 ### Operon type: 153

	 A0A009R4N4	[494, 493, 220, 492, 491, 490, 210, 209, 208]

 ### Operon type: 154

	 A0A009S5A5	[493, 220, 198, 492, 491, 490, 489, 197, 209]

 ### Operon type: 155

	 A0A009RHH9	[0, 0, 0, 0, 336, 497, 496, 495, 494]

 ### Operon type: 156

	 A0A011PGU1	[0, 0, 690, 689, 688, 687, 686, 685, 684]
	 A0A011MDH1	[665, 0, 690, 689, 688, 687, 686, 685, 684]

 ### Operon type: 157

	 A0A011V0P4	[393, 361, 0, 0, 360, 0, 0, 359, 358]

 ### Operon type: 158

	 A0A011WPV7	[359, 358, 0, 0, 0, 0, 0, 0, 0]

 ### Operon type: 159

	 A0A011UDF3	[689, 295, 0, 0, 0, 441, 294, 293, 873]

 ### Operon type: 160

	 A0A011VSC9	[294, 293, 873, 0, 0, 0, 0, 0, 0]

 ### Operon type: 161

	 A0A011SF89	[779, 778, 777, 0, 0, 0, 0, 0, 0]

 ### Operon type: 162

	 A0A011UCX7	[0, 737, 779, 778, 0, 777, 296, 0, 0]

 ### Operon type: 163

	 A0A011RNP9	[0, 0, 0, 0, 0, 787, 786, 0, 0]

 ### Operon type: 164

	 A0A011V0B5	[782, 0, 0, 0, 0, 0, 787, 0, 0]

 ### Operon type: 165

	 A0A011RQC9	[0, 782, 781, 0, 0, 0, 0, 780, 0]

 ### Operon type: 166

	 A0A011QG28	[629, 628, 689, 0, 688, 687, 627, 626, 625]
	 A0A011RIM8	[629, 628, 0, 0, 688, 687, 627, 626, 625]

 ### Operon type: 167

	 A0A011PHI6	[597, 0, 639, 0, 0, 638, 850, 767, 0]

 ### Operon type: 168

	 A0A011QI68	[0, 0, 639, 638, 0, 0, 0, 0, 0]

 ### Operon type: 169

	 A0A011NVJ6	[761, 760, 759, 758, 757, 756, 0, 0, 755]

 ### Operon type: 170

	 A0A011PVP2	[0, 760, 759, 758, 757, 756, 0, 0, 666]

 ### Operon type: 171

	 A0A011NXY7	[0, 0, 759, 0, 757, 0, 0, 0, 0]

 ### Operon type: 172

	 A0A011QR69	[841, 840, 839, 838, 837, 836, 0, 0, 0]
	 A0A011NUB4	[841, 840, 839, 838, 837, 836, 0, 764, 0]

 ### Operon type: 173

	 A0A011NN36	[840, 839, 0, 0, 837, 836, 0, 0, 0]

 ### Operon type: 174

	 A0A011PK69	[839, 747, 0, 0, 837, 836, 0, 0, 0]

 ### Operon type: 175

	 A0A011RMI6	[794, 818, 817, 793, 792, 791, 790, 789, 788]
	 A0A011NYD6	[794, 818, 817, 793, 792, 791, 790, 789, 788]

 ### Operon type: 176

	 A0A011QB28	[647, 794, 818, 0, 0, 791, 790, 789, 788]

 ### Operon type: 177

	 A0A011NF33	[0, 791, 790, 0, 0, 0, 0, 0, 0]

 ### Operon type: 178

	 A0A011NBY4	[609, 0, 0, 608, 0, 0, 607, 0, 0]

 ### Operon type: 179

	 A0A011WRT0	[609, 0, 0, 0, 0, 0, 0, 774, 0]

 ### Operon type: 180

	 A0A011SHV5	[0, 0, 0, 0, 0, 769, 774, 768, 0]

 ### Operon type: 181

	 A0A011NB95	[0, 845, 0, 0, 0, 0, 612, 611, 610]

 ### Operon type: 182

	 A0A011UHT4	[153, 102, 611, 0, 0, 39, 39, 610, 0]

 ### Operon type: 183

	 A0A010Z1W7	[0, 0, 0, 0, 0, 499, 0, 391, 392]

 ### Operon type: 184

	 A0A011VY84	[0, 0, 392, 391, 0, 0, 0, 0, 0]

 ### Operon type: 185

	 A0A010YW85	[0, 0, 0, 0, 0, 415, 0, 391, 392]

 ### Operon type: 186

	 A0A010ZMA0	[391, 624, 0, 0, 0, 0, 0, 0, 0]

 ### Operon type: 187

	 A0A011N5L2	[0, 0, 0, 624, 0, 623, 622, 0, 0]

 ### Operon type: 188

	 A0A009MJ75	[0, 0, 105, 104, 503, 0, 0, 0, 703]

 ### Operon type: 189

	 A0A010IH51	[0, 524, 0, 0, 503, 0, 703, 0, 0]

 ### Operon type: 190

	 A0A011TYT7	[0, 0, 0, 0, 0, 0, 524, 402, 402]

 ### Operon type: 191

	 A0A010RRR9	[0, 0, 0, 0, 705, 0, 0, 704, 703]

 ### Operon type: 192

	 A0A010SIA7	[0, 0, 704, 577, 0, 0, 0, 0, 0]

 ### Operon type: 193

	 A0A010RFQ9	[0, 0, 715, 0, 714, 0, 0, 0, 0]

 ### Operon type: 194

	 A0A010SPR9	[125, 125, 0, 0, 0, 714, 0, 0, 0]

 ### Operon type: 195

	 A0A009LNU8	[242, 244, 469, 468, 0, 135, 0, 570, 0]

 ### Operon type: 196

	 A0A013SRG6	[467, 468, 469, 244, 0, 243, 0, 242, 602]

 ### Operon type: 197

	 A0A009IQU8	[0, 244, 0, 0, 0, 243, 602, 0, 0]

 ### Operon type: 198

	 A0A010K2K8	[469, 468, 467, 0, 0, 0, 0, -1, 570]

 ### Operon type: 199

	 A0A011NPR8	[0, 602, 0, 0, 0, 0, 601, 0, 0]

 ### Operon type: 200

	 A0A010SEA2	[662, 601, 574, 0, 0, 0, 0, 0, 0]

 ### Operon type: 201

	 A0A010IGH8	[0, 0, 0, 0, 0, 0, 0, 258, 512]

 ### Operon type: 202

	 A0A010STD3	[0, 0, 0, 440, 439, 438, 0, 512, 258]

 ### Operon type: 203

	 A0A010SQJ5	[316, 529, 0, 440, 439, 438, 0, 0, 0]

 ### Operon type: 204

	 A0A013RVV2	[551, 0, 260, 259, 0, 0, 512, 258, 0]

 ### Operon type: 205

	 A0A011TD67	[441, 0, 0, 440, 439, 438, 437, 0, 436]

 ### Operon type: 206

	 A0A009ZC12	[0, 0, 0, 440, 0, 438, 437, 4, 871]

 ### Operon type: 207

	 A0A009YSC7	[0, 0, 607, 1, 0, 1, 260, 259, 0]

 ### Operon type: 208

	 A0A009ZJK4	[0, 0, 0, 0, 0, 0, 517, 85, 0]

 ### Operon type: 209

	 A0A010SVN1	[-1, 85, 711, 583, 332, 0, 0, 517, 0]

 ### Operon type: 210

	 A0A009QGN4	[165, 164, 163, 162, 161, 160, 0, 0, 0]
	 A0A009PFK7	[165, 164, 163, 162, 161, 0, 0, 160, 0]

 ### Operon type: 211

	 A0A009YR20	[0, 160, 0, 0, 0, 0, 164, 0, 0]

 ### Operon type: 212

	 A0A009SCM5	[223, 222, 221, 0, 0, 0, 0, 0, 0]

 ### Operon type: 213

	 A0A009TJ77	[236, 215, 0, 0, 0, 0, 223, 222, 221]

 ### Operon type: 214

	 A0A009HZV2	[0, 0, 0, 0, 214, 213, 220, 0, 0]

 ### Operon type: 215

	 A0A009QPE7	[0, 0, 0, 0, 214, 213, 0, 0, 0]

 ### Operon type: 216

	 A0A009MGR3	[0, 0, 195, 0, 385, 197, 48, 194, 193]

 ### Operon type: 217

	 A0A009Q4G0	[0, 196, 195, 0, 385, 0, 194, 193, 194]

 ### Operon type: 218

	 A0A009PB53	[0, 0, 150, 149, 385, 194, 193, 194, 148]

 ### Operon type: 219

	 A0A009PUJ8	[0, 150, 149, 385, 0, 148, 128, 155, 154]

 ### Operon type: 220

	 A0A009QQC0	[212, 0, 211, 711, 431, 431, 216, 317, 583]
	 A0A009H7I0	[212, 0, 0, 711, 431, 431, 216, 317, 583]

 ### Operon type: 221

	 A0A009MVG4	[211, 0, 432, 711, 431, 431, 216, 317, 583]

 ### Operon type: 222

	 A0A010J377	[218, 217, 594, 711, 431, 431, 216, 317, 583]
	 A0A009QA91	[218, 217, 594, 711, 431, 431, 216, 317, 583]

 ### Operon type: 223

	 A0A009S1X4	[218, 217, 594, 711, 431, 431, 711, 0, 199]

 ### Operon type: 224

	 A0A013SHF4	[0, 0, 432, 711, 431, 431, 0, 430, 0]

 ### Operon type: 225

	 A0A011PJK8	[729, 728, 727, 726, 725, 724, 0, 0, 0]
	 A0A011N3C3	[0, 0, 0, 729, 728, 727, 726, 725, 724]

 ### Operon type: 226

	 A0A011WKI4	[0, 0, 0, 0, 0, 730, 170, 169, 172]
	 A0A011UWH1	[730, 170, 169, 172, 0, 0, 0, 0, 0]

 ### Operon type: 227

	 A0A010YKP2	[0, 0, 0, 0, 0, 0, 755, 350, 0]

 ### Operon type: 228

	 A0A011V1A2	[361, 0, 0, 350, 0, 0, 0, 0, 0]

 ### Operon type: 229

	 A0A011NGS0	[0, 0, 0, 0, 674, 673, 0, 0, 0]

 ### Operon type: 230

	 A0A011PW61	[0, 0, 0, 0, 674, 673, 0, 0, 672]

 ### Operon type: 231

	 A0A011UXI1	[0, 745, 0, 0, 674, 673, 435, 0, 0]

 ### Operon type: 232

	 A0A011SWI9	[-1, -1, 0, 597, 674, 673, 435, -1, -1]

 ### Operon type: 233

	 A0A011P952	[673, 0, 587, 0, 0, 587, 0, 0, 0]

 ### Operon type: 234

	 A0A011Q1B3	[667, 767, 766, 765, 766, 666, 665, 0, 0]
	 A0A011QVV5	[0, 0, 667, 767, 766, 765, 766, 666, 665]

 ### Operon type: 235

	 A0A011NSG8	[0, 0, 0, 767, 766, 765, 0, 766, 0]

 ### Operon type: 236

	 A0A011P0X4	[0, 0, 665, 0, 766, 0, 0, 765, 43]

 ### Operon type: 237

	 A0A010YNY9	[0, 0, 500, 28, 0, 0, 0, 0, 66]

 ### Operon type: 238

	 A0A011AC71	[199, 0, 0, 335, 0, 500, 28, 0, 594]

 ### Operon type: 239

	 A0A011PRW6	[820, 0, 0, 0, 819, 818, 817, 0, 0]
	 A0A011QLX0	[0, 820, 0, 0, 819, 0, 818, 817, 0]

 ### Operon type: 240

	 A0A010SML6	[0, 818, 817, -1, 0, 598, 0, 0, 0]

 ### Operon type: 241

	 A0A010RS09	[0, 0, 0, 0, 127, 0, 713, 713, 0]

 ### Operon type: 242

	 A0A010RTE7	[0, 0, 0, 0, 0, 0, 127, 215, 0]

 ### Operon type: 243

	 A0A009P817	[192, 0, 0, 0, 108, 0, 416, 107, 106]

 ### Operon type: 244

	 A0A009TIY0	[0, 0, 0, 0, 108, 0, 416, 107, 0]

 ### Operon type: 245

	 A0A009QKA3	[416, 107, 0, 106, 0, 0, 0, 0, 165]

 ### Operon type: 246

	 A0A009HSR2	[0, 275, 274, 0, 273, 110, 272, 220, 111]

 ### Operon type: 247

	 A0A009SWM1	[0, 275, 274, 0, 273, 0, 0, 272, 0]

 ### Operon type: 248

	 A0A009MYX0	[112, 111, 0, 729, 0, 0, 272, 110, 109]

 ### Operon type: 249

	 A0A009QK79	[0, 0, 109, 110, 0, 272, 0, 0, 111]

 ### Operon type: 250

	 A0A009GXJ1	[349, 348, 110, 272, 86, 220, 111, 112, 0]

 ### Operon type: 251

	 A0A010IT95	[0, 0, 0, 570, 510, 509, 508, 507, 506]
	 A0A013TKW8	[0, 694, 0, 570, 510, 509, 508, 507, 506]
	 A0A009QT77	[0, 0, -1, 570, 510, 509, 508, 507, 506]
	 A0A009S0T6	[0, 0, 570, 200, 510, 509, 508, 507, 506]
	 A0A009MH36	[0, 0, 0, 570, 510, 509, 508, 507, 506]
	 A0A009PRQ9	[0, 570, 200, 0, 510, 509, 508, 507, 506]
	 A0A009I5G9	[0, 0, 570, 200, 510, 509, 508, 507, 506]
	 A0A009GWD0	[220, 0, 0, 570, 510, 509, 508, 507, 506]

 ### Operon type: 252

	 A0A013TMJ7	[763, -1, 0, 570, 510, 507, 506, 0, 0]

 ### Operon type: 253

	 A0A011V392	[417, 0, 822, 418, 419, 420, 0, 421, 422]
	 A0A011VXC2	[-1, 417, 0, 822, 418, 419, 420, 421, 422]

 ### Operon type: 254

	 A0A011V490	[424, 423, 0, 422, 421, 420, 419, 418, 822]

 ### Operon type: 255

	 A0A011VZF5	[0, 0, 418, 419, 420, 737, 423, 737, 0]

 ### Operon type: 256

	 A0A011WLE7	[0, 0, 0, 0, 0, 168, 0, 0, 0]
	 A0A011VU44	[0, 0, 0, 0, 0, 168, 0, 0, 0]

 ### Operon type: 257

	 A0A011VAP2	[0, 0, 87, 0, 0, 0, 0, 0, 256]

 ### Operon type: 258

	 A0A011VRJ8	[0, 0, 0, 0, 0, 0, 87, 0, 0]

 ### Operon type: 259

	 A0A011RNU1	[0, 0, 0, 0, 0, 0, 785, 785, 784]

 ### Operon type: 260

	 A0A011VKJ9	[0, 0, 0, 0, 0, 0, 784, 785, -1]

 ### Operon type: 261

	 A0A011PQZ7	[0, 0, 0, 825, 824, 0, 823, 0, 0]

 ### Operon type: 262

	 A0A011TUX4	[0, 0, 0, 0, 824, 0, 0, 823, 0]

 ### Operon type: 263

	 A0A011STZ9	[0, 0, 0, 823, 0, 0, 0, 0, 0]

 ### Operon type: 264

	 A0A011PRF5	[821, 0, 0, 0, 0, 0, 0, 0, 0]
	 A0A011PUJ9	[0, 0, 0, 0, 0, 0, 0, 0, 821]

 ### Operon type: 265

	 A0A011PFY8	[0, 0, 0, 0, 0, 0, 0, 0, 835]

 ### Operon type: 266

	 A0A011PNS3	[842, 835, 0, 0, 0, 0, 0, 0, 0]

 ### Operon type: 267

	 A0A011T648	[0, 835, 0, 0, 0, 0, 0, 839, 0]

 ### Operon type: 268

	 A0A010YYJ5	[0, 0, 0, 737, 0, 0, 0, 121, 121]

 ### Operon type: 269

	 A0A011NDM5	[737, 0, 0, 0, 0, 0, 0, 0, 0]

 ### Operon type: 270

	 A0A011MSR2	[0, 0, 0, 581, 0, 0, 0, 737, 737]

 ### Operon type: 271

	 A0A011WSU6	[0, 737, 0, 0, 421, 0, 0, 0, 0]

 ### Operon type: 272

	 A0A011U3C2	[0, 0, 627, 0, 0, 0, 0, 0, 0]
	 A0A011AEN3	[0, 0, 0, 0, 0, 0, 627, 0, 0]

 ### Operon type: 273

	 A0A011AAZ2	[0, 73, 0, 0, 0, 627, 627, 627, 0]

 ### Operon type: 274

	 A0A011T698	[0, 0, 0, 0, 0, 594, 627, 0, 0]

 ### Operon type: 275

	 A0A010YRE8	[0, 0, 0, 0, 0, 0, 0, 11, 0]

 ### Operon type: 276

	 A0A011AF05	[0, 0, 199, 11, 0, 0, 0, 0, 0]

 ### Operon type: 277

	 A0A009ZG48	[0, 0, 0, 694, 0, 0, 0, 0, 0]

 ### Operon type: 278

	 A0A011PEJ8	[0, 0, 695, 694, 0, 0, 0, 0, 0]

 ### Operon type: 279

	 A0A011QNJ7	[630, 0, 0, 694, 0, 0, 0, 630, 0]

 ### Operon type: 280

	 A0A011MMJ4	[0, 0, 0, 0, 0, 0, 0, 630, 0]

 ### Operon type: 281

	 A0A011R8M3	[0, 0, 695, 694, 0, 434, 0, 630, 0]

 ### Operon type: 282

	 A0A009ZC82	[0, 0, 596, 0, 0, 0, 0, 0, 0]

 ### Operon type: 283

	 A0A011P3F6	[598, 0, 0, 596, 0, 0, 0, 0, 0]

 ### Operon type: 284

	 A0A009IG48	[0, 0, 0, 271, 182, 0, 0, 0, 598]

 ### Operon type: 285

	 A0A009IMQ0	[0, 0, 0, 271, 182, 0, 0, 0, 0]

 ### Operon type: 286

	 A0A009SWV1	[0, 0, 0, 0, 0, 0, 0, 271, 0]

 ### Operon type: 287

	 A0A009Q512	[0, 0, 0, 0, 191, 0, 0, 0, 0]
	 A0A009PMZ9	[191, 0, 0, 0, 0, 0, 0, 0, 0]

 ### Operon type: 288

	 A0A009IFL2	[0, 61, 0, 60, -1, 0, 0, 0]

 ### Operon type: 289

	 A0A009ZDS1	[-1, -1, 0, 61, 0, 0, 561, 0, 0]

 ### Operon type: 290

	 A0A010SNM6	[502, 501, -1, 0, 0, 0, 763, 0, 0]

 ### Operon type: 291

	 A0A010T5D8	[501, 502, 0, -1, 0, -1, 464, 0, 0]

 ### Operon type: 292

	 A0A011UB51	[390, 0, 0, 0, 0, 0, 0, 0, 0]
	 A0A011UFH1	[0, 0, 0, 0, 0, 390, 0, 0, 0]

 ### Operon type: 293

	 A0A011V965	[0, -1, -1, 0, 88, 0, -1, -1, 0]
	 A0A011VHP2	[0, -1, -1, -1, 88, 0, 0, 0, 0]

 ### Operon type: 294

	 A0A010RVD0	[-1, 0, 0, -1, 0, 863, 863, 0, 126]

 ### Operon type: 295

	 A0A010T7Q5	[0, 126, 0, 0, 0, 0, -1, 0, 0]

 ### Operon type: 296

	 A0A010SJH7	[0, 0, 763, -1, 0, 0, 216, 0, 0]

 ### Operon type: 297

	 A0A010SRR2	[0, 0, -1, 0, 0, 0, 0, 0, 763]

 ### Operon type: 298

	 A0A010RKP8	[0, 0, 0, 0, 0, 0, -1, 0, 0]
	 A0A010TF14	[-1, 0, 0, 0, 0, 0, 0, 0, 0]
	 A0A010RY47	[-1, 0, -1, 0, 0, 0, 0, 0, 0]
	 A0A011UZ32	[0, 0, 0, 0, 0, -1, 0, 0, 0]
	 A0A009HJU6	[0, 0, 0, 0, 0, 0, 0, 0, -1]

 ### Operon type: 299

	 A0A010SJF9	[0, 0, 0, 0, 0, -1, 0, 504, -1]

 ### Operon type: 300

	 A0A011ML54	[0, 0, 0, 605, 0, 0, 0, 0, -1]

 ### Operon type: 301

	 A0A011NHY1	[0, 0, 0, 0, 0, 763, 0, 0, 0]

 ### Operon type: 302

	 A0A010Z171	[0, 0, 0, 0, 0, 0, 763, 0, 729]

 ### Operon type: 303

	 A0A011T697	[763, 0, 0, 0, 0, 0, 0, 0, 416]

 ### Operon type: 304

	 A0A011TDD1	[0, 333, 763, 0, 0, 0, 0, 0, 0]

 ### Operon type: 305

	 A0A011VW24	[0, 0, 844, 0, 0, 0, 0, 0, -1]

 ### Operon type: 306

	 A0A011T8V3	[0, 0, 844, 0, 0, 0, 0, 0, 0]

 ### Operon type: 307

	 A0A010TH98	[672, 0, 0, 844, 0, 0, 0, 0, 0]

 ### Operon type: 308

	 A0A011QVR3	[0, 0, 0, 0, 0, 0, 0, 845, 844]

 ### Operon type: 309

	 A0A011VYF1	[844, 0, 0, 0, 0, 0, 390, 0, 0]

 ### Operon type: 310

	 A0A010S415	[-1, 844, 0, 583, 0, 0, 0, 0, 549]

 ### Operon type: 311

	 A0A011QSN2	[0, 0, 0, 0, 0, 0, 0, 0, 0]
	 A0A011NTU3	[0, 0, 0, 0, 0, 0, 0, 0, 0]
	 A0A011PNN2	[0, 0, 0, 0, 0, 0, 0, 0, 0]
	 A0A011PBM9	[0, 0, 0, 0, 0, 0, 0, 0, 0]
	 A0A011Q056	[0, 0, 0, 0, 0, 0, 0, 0, 0]
	 A0A011QMJ8	[0, 0, 0, 0, 0, 0, 0, 0, 0]
	 A0A011NAJ1	[0, 0, 0, 0, 0, 0, 0, 0, 0]
	 A0A011NMI8	[0, 0, 0, 0, 0, 0, 0, 0, 0]
	 A0A011P9Z5	[0, 0, 0, 0, 0, 0, 0, 0, 0]
	 A0A010SHY1	[0, 0, 0, 0, 0, 0, 0, 0, 0]
	 A0A011N2Z0	[0, 0, 0, 0, 0, 0, 0, 0, 0]
	 A0A011VYF6	[0, 0, 0, 0, 0, 0, 0, 0, 0]
	 A0A013TEV4	[0, 0, 0, 0, 0, 0, 0, 0, 0]
	 A0A011UHL2	[0, 0, 0, 0, 0, 0, 0, 0, 0]
	 A0A013S2B9	[0, 0, 0, 0, 0, 0, 0, 0, 0]
	 A0A013SBR8	[0, 0, 0, 0, 0, 0, 0, 0, 0]
	 A0A011UBN9	[0, 0, 0, 0, 0, 0, 0, 0, 0]
	 A0A013SL47	[0, 0, 0, 0, 0, 0, 0, 0, 0]
	 A0A011WUT3	[0, 0, 0, 0, 0, 0, 0, 0, 0]
	 A0A009PDV4	[0, 0, 0, 0, 0, 0, 0, 0, 0]
	 A0A009M4K0	[0, 0, 0, 0, 0, 0, 0, 0, 0]
	 A0A010SPJ7	[0, 0, 0, 0, 0, 0, 0, 0, 0]
	 A0A010SSQ8	[0, 0, 0, 0, 0, 0, 0, 0, 0]
	 A0A010T025	[0, 0, 0, 0, 0, 0, 0, 0, 0]
	 A0A011VNE2	[0, 0, 0, 0, 0, 0, 0, 0, 0]
	 A0A009HIL8	[0, 0, 0, 0, 0, 0, 0, 0, 0]
	 A0A011UFM5	[0, 0, 0, 0, 0, 0, 0, 0, 0]
	 A0A009MH90	[0, 0, 0, 0, 0, 0, 0, 0, 0]
	 A0A010YJA7	[0, 0, 0, 0, 0, 0, 0, 0, 0]
	 A0A010ZTI3	[0, 0, 0, 0, 0, 0, 0, 0, 0]
	 A0A011A146	[0, 0, 0, 0, 0, 0, 0, 0, 0]
	 A0A010YZS8	[0, 0, 0, 0, 0, 0, 0, 0, 0]
	 A0A010Z120	[0, 0, 0, 0, 0, 0, 0, 0, 0]

 ### Operon type: 312

	 A0A010TG27	[730, 0, 122, 0, 0, 0, 711, 0, 0]

 ### Operon type: 313

	 A0A011PMK1	[0, 0, 0, 0, 0, 0, 0, 730, 0]

 ### Operon type: 314

	 A0A009HM15	[0, 207, 206, 0, 0, 0, -1, 0, 0]

 ### Operon type: 315

	 A0A009HRU1	[0, 110, 0, 0, 0, 0, 0, 0, 0]

 ### Operon type: 316

	 A0A009HSN8	[0, 196, 0, 0, 0, -1, 0, 148, -1]

 ### Operon type: 317

	 A0A009HV82	[128, 0, 0, 0, 0, 0, 0, 0, 0]

 ### Operon type: 318

	 A0A009IG74	[0, 0, 104, 0, 429, -1, 0, 0, 0]

 ### Operon type: 319

	 A0A009IJ90	[0, 236, 0, 0, 0, 0, 0, 0, 0]

 ### Operon type: 320

	 A0A009NM94	[0, 776, 776, 0, 0, 0, 333, 0, 0]

 ### Operon type: 321

	 A0A009Q4N5	[0, 0, 192, 0, 0, 0, 0, 0, 0]

 ### Operon type: 322

	 A0A009SSZ9	[0, 276, 0, 0, 0, 0, 0, 0, 0]

 ### Operon type: 323

	 A0A009YIH1	[0, 0, 0, 0, 209, 0, -1, -1, 2]

 ### Operon type: 324

	 A0A009YR05	[0, 0, 0, 0, 70, 0, 0, 0, 0]

 ### Operon type: 325

	 A0A009Z004	[77, 0, 77, 0, 0, 729, 0, 0, 0]

 ### Operon type: 326

	 A0A010RUQ5	[0, 0, 0, 0, 0, 0, 0, 0, 301]

 ### Operon type: 327

	 A0A010S195	[596, 0, 499, 498, 0, 0, 0, 0, 0]

 ### Operon type: 328

	 A0A010SCZ2	[0, 0, 0, 0, 0, 0, 0, 575, 0]

 ### Operon type: 329

	 A0A010SN41	[0, 0, 0, 0, 245, 0, 0, 0, 0]

 ### Operon type: 330

	 A0A010SSU2	[0, 0, 0, 0, 86, 0, -1, 588, 0]

 ### Operon type: 331

	 A0A010SUP6	[0, 0, 0, 0, 0, 0, 0, 498, 0]

 ### Operon type: 332

	 A0A010SUY9	[0, 0, 0, 0, 0, 434, 695, 0]

 ### Operon type: 333

	 A0A010THK2	[0, 0, -1, 0, 0, 713, 729, 0, 0]

 ### Operon type: 334

	 A0A010SRL4	[122, 0, 0, -1, 0, 0, 0, 729, 179]

 ### Operon type: 335

	 A0A010YX61	[455, 627, 0, 844, 0, 0, 0, 0, 0]

 ### Operon type: 336

	 A0A010S5W8	[0, 0, 581, 666, 0, 0, 0, 0, 0]

 ### Operon type: 337

	 A0A011NE37	[541, 0, 0, 0, 0, 0, 0, 0, 0]

 ### Operon type: 338

	 A0A011NF78	[0, 0, 870, 0, 0, 0, 0, 0, 0]

 ### Operon type: 339

	 A0A011NVE2	[0, 0, 0, 839, 0, 0, 763, 0, 762]

 ### Operon type: 340

	 A0A011NXJ4	[0, 0, 0, 0, 0, 0, 0, 0, 748]

 ### Operon type: 341

	 A0A011P8I1	[0, 0, 625, 627, 0, 0, 0, 0, 589]

 ### Operon type: 342

	 A0A011P9Q7	[586, 0, 0, 0, 0, 0, 0, 0, 0]

 ### Operon type: 343

	 A0A011PJ75	[0, 839, 808, 839, 0, 0, 0, 0, 0]

 ### Operon type: 344

	 A0A011PRB4	[0, 0, 0, 0, 0, 0, 0, 822, 0]

 ### Operon type: 345

	 A0A011QVT2	[843, 0, 0, 0, 0, 0, 0, 842, 0]

 ### Operon type: 346

	 A0A011RP14	[0, 0, 0, 0, 0, 0, 0, 783, 0]

 ### Operon type: 347

	 A0A011SM49	[763, 0, 783, 0, 0, 0, 410, 0, 0]

 ### Operon type: 348

	 A0A011AM27	[823, 0, 0, 0, 564, 0, 0, 0, 79]

 ### Operon type: 349

	 A0A011T607	[0, 0, 666, 0, 0, 0, 0, 0, 333]

 ### Operon type: 350

	 A0A011TAW2	[0, 0, 0, 0, 0, 0, 334, 0, 0]

 ### Operon type: 351

	 A0A011TED9	[0, 0, 0, 0, 0, 447, 0, 0, 0]

 ### Operon type: 352

	 A0A011TXS5	[0, 403, 0, 0, 0, 0, 0, 0, 0]

 ### Operon type: 353

	 A0A011U144	[0, 301, 0, 0, 0, 0, 748, 380, 0]

 ### Operon type: 354

	 A0A011U1C8	[594, 0, 0, 0, 0, 0, 0, 0, 300]

 ### Operon type: 355

	 A0A011U483	[0, 0, 0, 0, 0, 593, 0, 0, 0]

 ### Operon type: 356

	 A0A011UG86	[0, 767, 0, 0, 0, 504, 0, 0, 0]

 ### Operon type: 357

	 A0A011UQB5	[773, 608, 0, 0, 0, 0, 0, 390, 0]

 ### Operon type: 358

	 A0A011UVI5	[0, 0, 0, 0, 0, 66, 839, 839, 0]

 ### Operon type: 359

	 A0A011UWI3	[0, 0, 0, 0, 278, 0, 584, 596, 0]

 ### Operon type: 360

	 A0A011V5E6	[0, 0, 0, 0, 0, 425, 0, 0, 0]

 ### Operon type: 361

	 A0A011M4H6	[256, 0, 708, 0, 0, 0, 0, 0, 0]

 ### Operon type: 362

	 A0A011VSV3	[0, 0, 0, 0, 0, 0, 689, 0, 0]

 ### Operon type: 363

	 A0A011VWI0	[0, 0, 0, 0, 0, 102, 0, 0, 0]

 ### Operon type: 364

	 A0A011VZ91	[172, 0, 0, 0, 0, 0, 0, 0, 0]

 ### Operon type: 365

	 A0A011WP76	[0, 0, 0, 0, 0, 0, 0, 0, 847]

 ### Operon type: 366

	 A0A011WSD4	[0, 0, 0, -1, 0, 737, 0, 0, 423]

 ### Operon type: 367

	 A0A011WT35	[423, 0, 0, 0, 0, 0, 0, 0, 0]

 ### Operon type: 368

	 A0A013S843	[0, 317, 0, 0, 0, 0, -1, 316, 0]

 ### Operon type: 369

	 A0A013T5E6	[0, 0, 0, 385, 0, 0, 0, 0, 0]

 ### Operon type: 370

	 A0A009T185	[840, 0, 808, 808, 533, 839, 808, 532, 756]

 ### Operon type: 371

	 A0A010IN36	[534, 763, 0, 0, 533, 839, 808, 532, 756]

 ### Operon type: 372

	 A0A009PG43	[839, 808, 367, 842, 0, 532, 756, 0, 0]

 ### Operon type: 373

	 A0A009INE0	[534, 0, 0, 0, 0, 0, 0, 808, 532]

 ### Operon type: 374

	 A0A009T9H0	[0, 2, 598, -1, 0, 0, 272, 0, 110]

 ### Operon type: 375

	 A0A010THH5	[0, 574, 61, 66, 0, 0, 768, 0, 561]

 ### Operon type: 376

	 A0A011WSH8	[0, 0, 0, 711, 246, 0, 0, 0, 0]
	 A0A011VZE3	[0, 0, 0, 711, 246, 0, 0, 0, 0]

 ### Operon type: 377

	 A0A011NAF3	[0, 0, 0, 0, 0, 0, 711, 0, 829]

 ### Operon type: 378

	 A0A009IQ93	[296, 0, 711, 0, 0, 179, 0, 0, 0]

 ### Operon type: 379

	 A0A009Q8S9	[0, 0, 598, 318, 0, 394, 0, 0, 0]

 ### Operon type: 380

	 A0A009TLU4	[0, 403, -1, 135, 0, 124, 0, -1, -1]

 ### Operon type: 381

	 A0A009ZB47	[156, 115, 0, 0, 0, 737, 559, 0, 0]

 ### Operon type: 382

	 A0A009ZVR4	[781, 0, 627, 0, 0, 121, 0, 0, 120]

 ### Operon type: 383

	 A0A010JIN9	[559, 0, 0, 215, 240, 0, 0, 0, 0]

 ### Operon type: 384

	 A0A010S003	[685, 0, 0, 0, 0, 767, 767, 529, 0]

 ### Operon type: 385

	 A0A010SMN8	[0, -1, 500, 0, 714, 0, 0, 692, 0]

 ### Operon type: 386

	 A0A010SXS1	[0, 367, 0, 0, 0, 397, 0, 0, 842]

 ### Operon type: 387

	 A0A010T689	[79, -1, 768, 787, 0, 0, 0, 0, 0]

 ### Operon type: 388

	 A0A010TBB4	[0, 505, 0, 504, 0, 0, 0, 0, 594]

 ### Operon type: 389

	 A0A010YFK3	[0, 797, 0, 0, 0, 0, 52, 0, 300]

 ### Operon type: 390

	 A0A010YVY1	[8, 0, 8, 0, 0, 0, 0, 529, 0]

 ### Operon type: 391

	 A0A010ZSZ2	[0, 73, 0, 25, 24, 0, 0, 0, 0]

 ### Operon type: 392

	 A0A010Z0Y7	[0, 0, 0, 0, 24, 583, 0, 0, 0]

 ### Operon type: 393

	 A0A011A0M8	[0, 0, 729, 0, 60, 0, 0, 10, 10]

 ### Operon type: 394

	 A0A011NFL4	[0, 775, 0, 0, 604, 730, 0, 603, 0]

 ### Operon type: 395

	 A0A011P407	[0, 0, 595, 774, 0, 0, 594, 0, 593]

 ### Operon type: 396

	 A0A011QGT2	[711, 0, 0, 726, 725, 0, 0, 0, 0]

 ### Operon type: 397

	 A0A011QSA4	[873, 0, 872, 871, 0, 0, 0, 0, 870]

 ### Operon type: 398

	 A0A011T6J6	[0, 658, 0, 627, 0, 0, 585, 0, 415]

 ### Operon type: 399

	 A0A011TAL2	[0, 666, 0, 0, 0, 335, 0, 755, 0]

 ### Operon type: 400

	 A0A011TZG0	[729, 656, 0, 0, 0, 0, 0, 401, 0]

 ### Operon type: 401

	 A0A011UGY3	[248, 247, 425, 40, 0, 0, 0, 40, 0]

 ### Operon type: 402

	 A0A011UII7	[0, 0, 0, 0, 0, 762, 400, 0, 0]

 ### Operon type: 403

	 A0A011UNT9	[394, 413, 0, 0, 0, 0, 0, 0, 0]

 ### Operon type: 404

	 A0A011SIS0	[0, 650, 414, 414, 0, 0, 0, 413, 0]

 ### Operon type: 405

	 A0A011UT49	[0, 73, 0, 0, 0, 0, 367, 72, 0]

 ### Operon type: 406

	 A0A011VU65	[53, 0, 0, 0, 0, 52, 0, 689, 295]

 ### Operon type: 407

	 A0A011VV03	[0, 257, 0, 0, 360, 256, 0, 0, 0]

 ### Operon type: 408

	 A0A011VVZ9	[0, 0, -1, 0, 0, 575, 255, 255, 412]

 ### Operon type: 409

	 A0A011VWX7	[842, 393, 0, 0, 0, 0, 0, 769, 0]

 ### Operon type: 410

	 A0A011VXK7	[776, 776, 0, 538, 0, 0, 0, 660, 0]

 ### Operon type: 411

	 A0A011W0I6	[171, 0, 0, 0, 0, 739, 0, 605, 0]

 ### Operon type: 412

	 A0A010YEF6	[0, 171, 0, 0, 0, 0, 0, 0, 80]

 ### Operon type: 413

	 A0A013SQH1	[0, 0, 0, 0, 245, 746, 0, 570, 612]

 ### Operon type: 414

	 A0A009QJA8	[155, 154, 0, 0, 0, 0, 0, 0, 723]

 ### Operon type: 415

	 A0A009YL68	[0, 0, 594, 457, 453, 0, 0, 4, 0]

 ### Operon type: 416

	 A0A010JNG7	[570, 0, 0, 569, 0, 0, 0, 0, 0]

 ### Operon type: 417

	 A0A010RM40	[712, 711, 710, 0, 0, 0, 0, -1, 709]

 ### Operon type: 418

	 A0A010RRQ6	[0, 708, 0, 0, 0, 714, 707, 706, 0]

 ### Operon type: 419

	 A0A010S423	[585, 0, 0, 0, 0, 0, 0, 584, 780]

 ### Operon type: 420

	 A0A010T0I7	[0, 0, 80, 0, 0, 625, 872, 711, 0]

 ### Operon type: 421

	 A0A010ZUR7	[257, 23, 0, 23, 0, 22, 529, 0, 0]

 ### Operon type: 422

	 A0A011NA78	[0, 621, 0, 0, 0, 863, 0, 0, 709]

 ### Operon type: 423

	 A0A011P8W7	[731, 595, 842, 0, 588, 0, 0, 0, 0]

 ### Operon type: 424

	 A0A011PG97	[692, 0, 0, 691, 0, 0, 0, 0, 0]

 ### Operon type: 425

	 A0A011PKT4	[0, 746, 0, 0, 0, 0, 745, 0, 0]

 ### Operon type: 426

	 A0A011PLB2	[0, 731, 0, 747, 0, 0, 0, 0, 0]

 ### Operon type: 427

	 A0A011R339	[0, 0, 0, 0, 0, 0, 349, 348, 0]

 ### Operon type: 428

	 A0A011SFE5	[0, 0, 0, 776, 0, 0, 775, 774, 773]

 ### Operon type: 429

	 A0A011SJT5	[0, 0, 0, 412, 411, 411, 411, 411, 411]

 ### Operon type: 430

	 A0A011TDQ5	[0, 0, 0, 0, 332, 741, 0, 0, 0]

 ### Operon type: 431

	 A0A011VT01	[0, 0, 54, 0, 0, 54, 0, 0, 283]

 ### Operon type: 432

	 A0A009Z3V9	[711, 0, 0, 0, 0, 290, 727, 291, 292]

 ### Operon type: 433

	 A0A010SRB2	[124, 123, 0, 0, 0, 123, 502, 0, 0]

 ### Operon type: 434

	 A0A010KA25	[559, 0, 768, 514, 459, 0, 0, 559, 458]

 ### Operon type: 435

	 A0A011TZN1	[339, 338, 337, 0, 336, 0, 0, 0, 0]

 ### Operon type: 436

	 A0A011VJ76	[55, 55, 72, 603, 0, 711, 729, 0, 595]

 ### Operon type: 437

	 A0A011UG17	[280, 0, 173, 0, 253, 53, 0, 0, 0]

 ### Operon type: 438

	 A0A011WUA8	[647, 0, 0, 262, 0, 0, 0, 261, 261]

 ### Operon type: 439

	 A0A010S4X6	[0, 583, 710, 767, 582, 0, 761, 738, 713]

 ### Operon type: 440

	 A0A010YY02	[0, 7, 0, 0, 7, 669, 6, 0, 9]
