
 ### Operon type: 1

	 A0A011MET3	[542, 537, 536, 535, 534, 533, 532, 531, 530]
	 A0A011PVT3	[542, 537, 536, 535, 534, 533, 532, 531, 530]
	 A0A011R7V7	[542, 537, 536, 535, 534, 533, 532, 531, 530]

 ### Operon type: 2

	 A0A011V5V3	[0, 344, 343, 342, 341, 340, 339, 338, 337]
	 A0A011UIA1	[344, 343, 342, 341, 340, 339, 338, 337, 0]

 ### Operon type: 3

	 A0A011PTE7	[689, 688, 687, 686, 685, 0, 684, 683, 682]
	 A0A011NE72	[689, 688, 687, 686, 685, 684, 683, 682, 0]

 ### Operon type: 4

	 A0A011NEY3	[509, 661, 660, 659, 659, 658, 657, 656, 0]

 ### Operon type: 5

	 A0A011PAN4	[661, 660, 0, 659, 659, 658, 657, 656, 655]

 ### Operon type: 6

	 A0A011RCD5	[509, 661, 660, 659, 659, 658, 657, 656, 655]

 ### Operon type: 7

	 A0A013T0M4	[266, 265, 264, 263, 262, 261, 260, 259, 0]
	 A0A010JSI3	[266, 265, 264, 263, 262, 261, 260, 259, 0]
	 A0A009HDS5	[266, 265, 264, 263, 262, 261, 260, 259, 0]
	 A0A009RGL2	[0, 265, 264, 263, 262, 261, 260, 259, 0]

 ### Operon type: 8

	 A0A011PF67	[644, 643, 642, 641, 640, 0, 0, 0, 0]
	 A0A011NW66	[644, 643, 642, 641, 640, 556, 0, 0, 0]
	 A0A011NBX7	[644, 643, 642, 641, 640, 556, 0, 0, 0]

 ### Operon type: 9

	 A0A011RHX4	[644, 643, 642, 641, 640, 508, 507, 506, 0]
	 A0A011NS68	[644, 643, 642, 641, 640, 508, 507, 506, 675]

 ### Operon type: 10

	 A0A010JY00	[303, 451, 323, 322, 99, 704, 319, 706, 318]

 ### Operon type: 11

	 A0A013TH30	[451, 323, 322, 321, 320, 704, 319, 706, 318]

 ### Operon type: 12

	 A0A011QAS2	[0, 551, 550, 549, 548, 547, 546, 545, 544]
	 A0A011NEQ1	[0, 551, 550, 549, 548, 547, 546, 545, 544]

 ### Operon type: 13

	 A0A011QBB5	[608, 607, 606, 605, 604, 603, 602, 601, 600]
	 A0A011QSF0	[0, 607, 606, 605, 604, 603, 602, 601, 0]
	 A0A011Q0X6	[608, 607, 606, 605, 604, 603, 602, 601, 600]
	 A0A011Q1X8	[607, 0, 606, 605, 604, 603, 602, 601, 600]

 ### Operon type: 14

	 A0A011PG87	[608, 607, 606, 605, 604, 603, 602, 0, 0]

 ### Operon type: 15

	 A0A013SP43	[248, 247, 246, 245, 244, 243, 242, 241, 240]
	 A0A010K6G6	[248, 247, 246, 245, 244, 243, 242, 0, 240]
	 A0A009RUN3	[248, 247, 246, 245, 244, 243, 242, 241, 240]

 ### Operon type: 16

	 A0A009HR98	[0, 0, 95, 94, 93, 0, 0, 0, 92]
	 A0A009SZB5	[0, 0, 95, 94, 93, 0, 0, 0, 92]

 ### Operon type: 17

	 A0A009Z8F7	[81, 95, 80, 0, 93, 79, 79, 0, 0]

 ### Operon type: 18

	 A0A011QUG8	[524, 523, 522, 677, 521, 520, 0, 519, 518]
	 A0A011QIT1	[524, 523, 522, 677, 521, 520, 519, 518, 622]

 ### Operon type: 19

	 A0A011PL71	[716, 715, 714, 713, 712, 711, 710, 709, 0]
	 A0A011QAB0	[715, 714, 713, 0, 712, 711, 710, 709, 0]

 ### Operon type: 20

	 A0A011PIY7	[700, 0, 699, 698, 697, 696, 695, 0, 694]

 ### Operon type: 21

	 A0A011Q3J4	[0, 700, 699, 698, 697, 696, 695, 588, 0]

 ### Operon type: 22

	 A0A011MH88	[511, 700, 699, 698, 697, 696, 695, 588, 694]

 ### Operon type: 23

	 A0A009QBR9	[0, 0, 228, 399, 227, 0, 0, 224, 30]
	 A0A009TM70	[0, 229, 228, 399, 227, 0, 0, 224, 30]

 ### Operon type: 24

	 A0A010ILU3	[230, 229, 228, 0, 227, 312, 226, 225, 224]
	 A0A009QS71	[230, 229, 228, 399, 227, 312, 0, 225, 224]
	 A0A009H3B0	[0, 229, 228, 0, 227, 312, 226, 225, 224]
	 A0A009MW50	[0, 229, 228, 399, 227, 312, 0, 225, 224]

 ### Operon type: 25

	 A0A009I8S2	[0, 0, 228, 399, 227, 312, 225, 224, 30]

 ### Operon type: 26

	 A0A009ZFR5	[404, 102, 101, 100, 99, 98, 97, 96, 706]
	 A0A009ICH6	[404, 102, 101, 100, 99, 98, 97, 96, 706]

 ### Operon type: 27

	 A0A009GP96	[0, 26, 499, 421, 163, 162, 358, 161, 160]

 ### Operon type: 28

	 A0A009GSR4	[421, 163, 162, 358, 161, 160, 160, 159, 0]

 ### Operon type: 29

	 A0A009IIT6	[26, 499, 421, 163, 161, 160, 160, 159, 0]

 ### Operon type: 30

	 A0A009IS10	[345, 0, 0, 0, 140, 139, 138, 0, 0]

 ### Operon type: 31

	 A0A009QHW5	[0, 0, 0, 230, 140, 139, 138, 0, 78]

 ### Operon type: 32

	 A0A011UVB4	[0, 0, 0, 346, 0, 0, 345, 0, 442]

 ### Operon type: 33

	 A0A011TLH7	[203, 202, 201, 0, 0, 0, 0, 0, 0]
	 A0A011UG87	[201, 202, 203, 0, 0, 0, 0, 0, 0]

 ### Operon type: 34

	 A0A011QDV3	[616, 615, 614, 613, 612, 611, 610, 0, 609]
	 A0A011QIE8	[616, 615, 614, 613, 612, 611, 609, 0, 0]

 ### Operon type: 35

	 A0A011NYU6	[632, 631, 0, 630, 718, 639, 638, 0, 637]

 ### Operon type: 36

	 A0A011PYI6	[632, 631, 0, 630, 718, 637, 514, 672, 0]

 ### Operon type: 37

	 A0A011P1C0	[0, 0, 639, 638, 637, 0, 0, 0, 0]

 ### Operon type: 38

	 A0A011PP01	[722, 721, 720, 0, 0, 0, 0, 0, 0]
	 A0A011NVE7	[722, 721, 720, 0, 0, 0, 0, 0, 0]

 ### Operon type: 39

	 A0A013TH43	[332, 0, 0, 0, 331, 330, 329, 0, 468]
	 A0A009RAF0	[332, 0, 0, 0, 331, 330, 329, 0, 468]

 ### Operon type: 40

	 A0A013S8V2	[306, 305, 0, 0, 0, 304, 0, 0, 0]
	 A0A009R8E1	[0, 633, 0, 306, 305, 0, 0, 304, 0]

 ### Operon type: 41

	 A0A009QFZ7	[375, 374, 0, 0, 419, 0, 370, 369, 0]
	 A0A009TK03	[375, 374, 0, 0, 419, 0, 370, 369, 0]

 ### Operon type: 42

	 A0A013SPM5	[375, 374, 373, 372, 419, 371, 370, 369, 0]
	 A0A010IX62	[375, 374, 373, 372, 419, 0, 370, 369, 0]
	 A0A009MH71	[375, 374, 0, 372, 419, 371, 370, 369, 0]
	 A0A009HSL1	[375, 374, 373, 372, 419, 0, 370, 369, 0]

 ### Operon type: 43

	 A0A009I6Z0	[375, 374, 0, 372, 419, 0, 370, 369, 57]

 ### Operon type: 44

	 A0A009ZIX8	[0, 385, 373, 372, 419, 539, 0, 57, 0]

 ### Operon type: 45

	 A0A009I573	[24, 0, 113, 114, 0, 115, 122, 116, 117]

 ### Operon type: 46

	 A0A009ILP9	[118, 0, 117, 116, 122, 115, 119, 114, 113]

 ### Operon type: 47

	 A0A009I953	[118, 0, 117, 116, 122, 115, 119, 0, -1]

 ### Operon type: 48

	 A0A009IPC3	[124, 123, 0, 0, 122, 121, 120, 0, 119]
	 A0A009QEG7	[124, 123, 0, 0, 122, 121, 120, 0, 119]

 ### Operon type: 49

	 A0A009SX74	[484, 675, 0, 114, 119, 118, 123, 124, 0]

 ### Operon type: 50

	 A0A009I4A1	[0, 10, 499, 0, 214, 213, 212, 211, 0]
	 A0A010JWJ1	[0, 10, 499, 0, 214, 213, 212, 211, 0]

 ### Operon type: 51

	 A0A009QF22	[217, 216, 215, 0, 214, 213, 212, 211, 210]
	 A0A009TBY8	[217, 216, 215, 15, 214, 213, 212, 211, 210]

 ### Operon type: 52

	 A0A009ITT8	[151, 150, 149, 148, 147, 145, 144, 143, 86]

 ### Operon type: 53

	 A0A009NJ90	[151, 150, 149, 148, 0, 146, 145, 144, 143]

 ### Operon type: 54

	 A0A009HZK2	[110, 148, 147, 0, 0, 0, 0, 0, 0]

 ### Operon type: 55

	 A0A009IJ07	[38, 37, 110, 148, 147, 0, 0, 0, 0]

 ### Operon type: 56

	 A0A009S6G1	[38, 37, 110, 148, 147, 144, 143, 86, 85]

 ### Operon type: 57

	 A0A009S5A5	[147, 146, 145, 144, 143, 86, 36, 4, 85]

 ### Operon type: 58

	 A0A009QNC9	[399, 398, 397, 396, 395, 394, 393, 499, 613]
	 A0A013TCN9	[399, 398, 397, 396, 395, 394, 393, 499, 613]
	 A0A009NIJ3	[399, 398, 397, 396, 395, 394, 393, 499, 613]
	 A0A010ITG1	[399, 398, 397, 396, 395, 394, 393, 499, 613]
	 A0A013TRC1	[399, 398, 397, 396, 395, 394, 393, 499, 613]

 ### Operon type: 59

	 A0A009H935	[0, 0, 397, 396, 395, 394, 393, 499, 613]

 ### Operon type: 60

	 A0A009PJF7	[51, 52, 52, 53, 50, 455, 49, 48, 89]
	 A0A009SJZ7	[346, 51, 52, 53, 50, 455, 49, 48, 89]

 ### Operon type: 61

	 A0A009Z5G0	[455, 53, 52, 0, 446, 51, 346, 250]

 ### Operon type: 62

	 A0A010JJC1	[488, 438, 237, 236, 235, 234, 233, 232, 231]
	 A0A010IZ41	[438, 237, 236, 235, 234, 233, 232, 231, 246]

 ### Operon type: 63

	 A0A009QJL6	[488, 438, 237, 236, 0, 231, 246, 136, 0]

 ### Operon type: 64

	 A0A011P2I4	[711, 589, 699, 0, 0, 0, 0, 0, 0]
	 A0A011N9N8	[711, 589, 699, 0, 0, 0, 0, 0, 0]

 ### Operon type: 65

	 A0A009PIB4	[0, 0, 0, 153, 199, 152, 358, 499, 711]
	 A0A009SLR5	[0, 0, 0, 153, 199, 152, 358, 499, 711]

 ### Operon type: 66

	 A0A009HSU4	[0, 0, 505, 499, 0, 589, 671, 711, 358]

 ### Operon type: 67

	 A0A011SF89	[459, 458, 457, 0, 0, 0, 0, 0, 0]

 ### Operon type: 68

	 A0A011UCX7	[0, 715, 459, 458, 0, 457, 195, 0, 0]

 ### Operon type: 69

	 A0A011NYT4	[665, 664, 663, 662, 0, 454, 454, 453, 452]

 ### Operon type: 70

	 A0A011P8E9	[0, 0, 665, 664, 0, 663, 662, 0, 0]

 ### Operon type: 71

	 A0A010SYH9	[14, 13, 12, 62, 11, 0, 0, 0, 0]
	 A0A010TF34	[0, -1, 0, 0, 14, 13, 12, 62, 11]

 ### Operon type: 72

	 A0A010S7A1	[35, 34, 33, 32, 0, 31, 0, 0, 0]
	 A0A010TFJ4	[0, -1, 0, 35, 34, 33, 32, -1, 31]

 ### Operon type: 73

	 A0A009ICP5	[157, 425, 380, 324, 156, 0, 0, 154, 0]

 ### Operon type: 74

	 A0A009MMG9	[157, 425, 380, 324, 156, 0, 155, 154, 470]

 ### Operon type: 75

	 A0A009QLL2	[0, 55, 56, 0, 156, 0, 0, 154, 0]
	 A0A009HTW0	[0, 55, 56, 0, 156, 0, 0, 154, 0]

 ### Operon type: 76

	 A0A009SIV4	[54, 55, 56, 21, 156, 20, 0, 154, 470]

 ### Operon type: 77

	 A0A013TSJ4	[55, 56, 0, 21, 156, 0, 0, 154, 470]

 ### Operon type: 78

	 A0A009Z3V9	[499, 0, 0, 0, 0, 56, 504, 55, 54]

 ### Operon type: 79

	 A0A009T0Q9	[0, 0, 0, 0, 23, 431, 511, 499, 22]

 ### Operon type: 80

	 A0A009YJF4	[0, 453, 452, 16, 63, 511, 499, 0, 22]

 ### Operon type: 81

	 A0A009PAV9	[109, -1, 380, 108, 291, 358, 107, 106, 105]
	 A0A009HJC2	[109, 613, 380, 108, 291, 358, 107, 106, 105]

 ### Operon type: 82

	 A0A009SE02	[0, 105, 0, 0, 0, 106, 107, 358, 291]

 ### Operon type: 83

	 A0A011QNA5	[0, 587, 586, 585, 0, 584, 583, 582, 581]
	 A0A009ZLJ7	[581, 582, 583, 584, 0, 0, 587, 586, 585]

 ### Operon type: 84

	 A0A009QMH5	[584, 583, 582, 581, 363, 362, 361, 360, 359]
	 A0A013T0T6	[584, 583, 582, 581, 363, 362, 361, 360, 359]
	 A0A009HAX1	[584, 583, 582, 581, 363, 362, 361, 360, 359]

 ### Operon type: 85

	 A0A010ILW6	[584, 583, 582, 581, 363, 362, 0, 0, 360]

 ### Operon type: 86

	 A0A009Z9X7	[583, 582, 581, 0, 363, 0, 555, 0, 360]

 ### Operon type: 87

	 A0A009PE10	[0, 0, 0, 581, 363, 186, 361, 360, -1]

 ### Operon type: 88

	 A0A009SYU8	[671, 404, 681, 301, 91, 499, 499, 299, 298]
	 A0A009RSB7	[671, 404, 681, 301, 91, 499, 499, 299, 298]
	 A0A009HS41	[671, 404, 681, 301, 91, 499, 499, 299, 298]

 ### Operon type: 89

	 A0A013SHA9	[671, 404, 681, 301, 300, 499, 499, 299, 298]
	 A0A010IT25	[671, 404, 681, 301, 300, 499, 499, 299, 298]
	 A0A009I466	[671, 404, 681, 301, 300, 499, 499, 299, 298]

 ### Operon type: 90

	 A0A009NMQ9	[671, 404, 681, 301, 300, 0, 499, 499, 299]

 ### Operon type: 91

	 A0A009P8A9	[0, 0, 681, 301, 91, 499, 499, 299, 298]

 ### Operon type: 92

	 A0A011PGU1	[0, 0, 593, 626, 625, 624, 592, 591, 590]
	 A0A011MDH1	[636, 0, 593, 626, 625, 624, 592, 591, 590]

 ### Operon type: 93

	 A0A011V0P4	[381, 368, 0, 0, 449, 0, 0, 516, 515]

 ### Operon type: 94

	 A0A011WPV7	[516, 515, 0, 0, 0, 0, 0, 0, 0]

 ### Operon type: 95

	 A0A011RNP9	[0, 0, 0, 0, 0, 566, 710, 0, 0]

 ### Operon type: 96

	 A0A011V0B5	[462, 0, 0, 0, 0, 0, 566, 0, 0]

 ### Operon type: 97

	 A0A011RQC9	[0, 462, 461, 0, 0, 0, 0, 460, 0]

 ### Operon type: 98

	 A0A011QG28	[628, 627, 626, 0, 625, 624, 652, 623, 653]
	 A0A011RIM8	[628, 627, 0, 0, 625, 624, 652, 623, 653]

 ### Operon type: 99

	 A0A011PHI6	[680, 0, 679, 0, 0, 678, 677, 676, 0]

 ### Operon type: 100

	 A0A011QI68	[0, 0, 679, 678, 0, 0, 0, 0, 0]

 ### Operon type: 101

	 A0A011P700	[0, 0, 667, 666, 0, 0, 0, 0, 0]

 ### Operon type: 102

	 A0A011QSI4	[0, 0, 667, 666, 580, 0, 0, 0, 0]

 ### Operon type: 103

	 A0A011NVJ6	[563, 562, 561, 560, 559, 558, 0, 0, 557]

 ### Operon type: 104

	 A0A011PVP2	[0, 562, 561, 560, 559, 558, 0, 0, 542]

 ### Operon type: 105

	 A0A011NXY7	[0, 0, 561, 0, 559, 0, 0, 0, 0]

 ### Operon type: 106

	 A0A011QR69	[554, 553, 706, 552, 705, 704, 0, 0, 0]
	 A0A011NUB4	[554, 553, 706, 552, 705, 704, 0, 512, 0]

 ### Operon type: 107

	 A0A011NN36	[553, 706, 0, 0, 705, 704, 0, 0, 0]

 ### Operon type: 108

	 A0A011PK69	[706, 707, 0, 0, 705, 704, 0, 0, 0]

 ### Operon type: 109

	 A0A011RMI6	[573, 691, 690, 572, 571, 570, 569, 568, 567]
	 A0A011NYD6	[573, 691, 690, 572, 571, 570, 569, 568, 567]

 ### Operon type: 110

	 A0A011QB28	[543, 573, 691, 0, 0, 570, 569, 568, 567]

 ### Operon type: 111

	 A0A011NF33	[0, 570, 569, 0, 0, 0, 0, 0, 0]

 ### Operon type: 112

	 A0A011NBY4	[487, 0, 0, 390, 0, 0, 389, 0, 0]

 ### Operon type: 113

	 A0A011WRT0	[487, 0, 0, 0, 0, 0, 0, 672, 0]

 ### Operon type: 114

	 A0A011SHV5	[0, 0, 0, 0, 0, 489, 672, 488, 0]

 ### Operon type: 115

	 A0A011NB95	[0, 517, 0, 0, 0, 0, 380, 379, 378]

 ### Operon type: 116

	 A0A011UHT4	[136, 529, 379, 0, 0, 135, 135, 378, 0]

 ### Operon type: 117

	 A0A010Z1W7	[0, 0, 0, 0, 0, 184, 0, 423, 387]

 ### Operon type: 118

	 A0A011VY84	[0, 0, 387, 423, 0, 0, 0, 0, 0]

 ### Operon type: 119

	 A0A010YW85	[0, 0, 0, 0, 0, 388, 0, 423, 387]

 ### Operon type: 120

	 A0A010ZMA0	[423, 497, 0, 0, 0, 0, 0, 0, 0]

 ### Operon type: 121

	 A0A011N5L2	[0, 0, 0, 497, 0, 496, 495, 0, 0]

 ### Operon type: 122

	 A0A010SQJ5	[400, 324, 0, 351, 350, 349, 0, 0, 0]

 ### Operon type: 123

	 A0A010STD3	[0, 0, 0, 351, 350, 349, 0, 299, 218]

 ### Operon type: 124

	 A0A011TD67	[352, 0, 0, 351, 350, 349, 348, 0, 347]

 ### Operon type: 125

	 A0A009ZC12	[0, 0, 0, 351, 0, 349, 348, 18, 595]

 ### Operon type: 126

	 A0A010RFQ9	[0, 0, 315, 0, 314, 0, 0, 0, 0]

 ### Operon type: 127

	 A0A010SPR9	[42, 42, 0, 0, 0, 314, 0, 0, 0]

 ### Operon type: 128

	 A0A013S288	[0, 0, 0, 272, 291, 271, 270, 0, 268]
	 A0A010J3I1	[0, 0, 0, 272, 291, 271, 270, 0, 268]

 ### Operon type: 129

	 A0A013SXT2	[275, 274, 273, 272, 291, 271, 270, 269, 268]
	 A0A009PWG1	[275, 274, 273, 272, 291, 271, 270, 269, 268]

 ### Operon type: 130

	 A0A009ZJK4	[0, 0, 0, 0, 0, 0, 404, 43, 0]

 ### Operon type: 131

	 A0A010SVN1	[-1, 43, 499, 313, 90, 0, 0, 404, 0]

 ### Operon type: 132

	 A0A009IMX3	[410, 0, 408, 0, 406, 183, 183, 672, 182]
	 A0A009SF48	[410, 0, 408, 0, 406, -1, 183, 672, 182]

 ### Operon type: 133

	 A0A009QEX0	[410, 409, 408, 407, 406, 183, 183, 672, 182]

 ### Operon type: 134

	 A0A013S7V1	[410, 409, 408, 407, 406, 405, 404, 403, 402]
	 A0A010ISX2	[410, 409, 408, 407, 406, 405, 404, 403, 402]
	 A0A009MR00	[410, 409, 408, 407, 406, 405, 404, 403, 402]
	 A0A009RES7	[410, 409, 408, 407, 406, 405, 404, 403, 402]

 ### Operon type: 135

	 A0A009GYP9	[0, 0, 0, 407, 406, 405, 404, 403, 402]

 ### Operon type: 136

	 A0A009YTT3	[0, 0, 0, 0, 0, 0, 404, 403, 402]

 ### Operon type: 137

	 A0A009QGN4	[209, 208, 207, 206, 205, 204, 0, 0, 0]
	 A0A009PFK7	[209, 208, 207, 206, 205, 0, 0, 204, 0]

 ### Operon type: 138

	 A0A009YR20	[0, 204, 0, 0, 0, 0, 208, 0, 0]

 ### Operon type: 139

	 A0A013SB36	[437, 436, 435, 434, 433, 0, 452, 432, 431]
	 A0A009QSI3	[437, 436, 435, 434, 433, 0, 452, 432, -1]

 ### Operon type: 140

	 A0A010ITP2	[437, 436, 435, 434, 433, 0, 452, 0, 0]

 ### Operon type: 141

	 A0A009SII9	[-1, 436, 435, 434, 0, 0, 0, 0, 23]

 ### Operon type: 142

	 A0A009HZV2	[0, 0, 0, 0, 392, 391, 146, 0, 0]

 ### Operon type: 143

	 A0A009QPE7	[0, 0, 0, 0, 392, 391, 0, 0, 0]

 ### Operon type: 144

	 A0A009GXL8	[66, 65, 64, 0, 63, 15, 189, 188, 187]

 ### Operon type: 145

	 A0A010JIW7	[66, 65, 64, 0, 63, 0, 0, 189, 188]

 ### Operon type: 146

	 A0A009MGR3	[0, 0, 27, 0, 376, 4, 5, 104, 103]

 ### Operon type: 147

	 A0A009Q4G0	[0, 28, 27, 0, 376, 0, 104, 103, 104]

 ### Operon type: 148

	 A0A009PUJ8	[0, 191, 0, 0, 0, 190, 189, 188, 187]

 ### Operon type: 149

	 A0A009QJA8	[188, 187, 0, 0, 0, 0, 0, 0, 0]

 ### Operon type: 150

	 A0A009PB53	[0, 0, 191, 0, 0, 104, 103, 104, 190]

 ### Operon type: 151

	 A0A013SNJ8	[404, 0, 0, 239, 238, 291, 246, 0, 0]
	 A0A013RZW2	[404, 164, 0, 239, 238, 291, 246, 0, 0]
	 A0A009RD69	[404, 164, 0, 239, 238, 291, 246, 47, 0]
	 A0A010J9U3	[404, 0, 0, 239, 238, 291, 246, 0, 0]
	 A0A009SIZ4	[404, 164, 0, 239, 238, 0, 246, 47, 0]

 ### Operon type: 152

	 A0A009PH20	[0, 0, 224, 239, 238, 291, 246, 0, 0]
	 A0A009IV03	[0, 0, 224, 239, 238, 0, 246, 0, 0]

 ### Operon type: 153

	 A0A009YIZ0	[404, 164, 224, 239, 238, 291, 246, 47, 126]

 ### Operon type: 154

	 A0A010J377	[68, 67, 671, 499, 296, 296, 71, 401, 313]
	 A0A009QA91	[68, 67, 671, 499, 296, 296, 71, 401, 313]

 ### Operon type: 155

	 A0A009QQC0	[0, 0, 158, 499, 296, 296, 0, 401, 313]
	 A0A009MVG4	[158, 0, 297, 499, 296, 296, 0, 401, 313]

 ### Operon type: 156

	 A0A009H7I0	[0, 0, 0, 499, 296, 296, 71, 401, 313]

 ### Operon type: 157

	 A0A009S1X4	[68, 67, 671, 499, 296, 296, 499, 0, 253]

 ### Operon type: 158

	 A0A013SHF4	[0, 0, 297, 499, 296, 296, 0, 295, 0]

 ### Operon type: 159

	 A0A009H7U0	[267, 652, 0, 477, 476, 475, 474, 0, 0]

 ### Operon type: 160

	 A0A010IMP8	[267, 0, 0, 477, 476, 475, 474, 0, 472]

 ### Operon type: 161

	 A0A013SZ54	[267, 0, 478, 477, 476, 0, 0, 0, 0]

 ### Operon type: 162

	 A0A009ZM43	[-1, 652, 478, 477, 476, 475, 474, 473, 472]

 ### Operon type: 163

	 A0A009YSC7	[0, 0, 389, 1, 0, 1, 220, 219, 0]

 ### Operon type: 164

	 A0A013RVV2	[399, 0, 220, 219, 0, 0, 0, 218, 0]

 ### Operon type: 165

	 A0A011Q5S3	[622, 621, 0, 0, 0, 0, 620, 619, 618]

 ### Operon type: 166

	 A0A011UZZ4	[0, 620, 619, 0, 0, 0, 418, 418, 618]

 ### Operon type: 167

	 A0A010YKP2	[0, 0, 0, 0, 0, 0, 557, 367, 0]

 ### Operon type: 168

	 A0A011V1A2	[368, 0, 0, 367, 0, 0, 0, 0, 0]

 ### Operon type: 169

	 A0A011Q2B1	[0, 0, 0, 0, 0, 576, 575, 574, 654]

 ### Operon type: 170

	 A0A011RLN8	[0, 0, 0, 578, 577, 576, 575, 574, 654]

 ### Operon type: 171

	 A0A011NGS0	[0, 0, 0, 0, 599, 649, 0, 0, 0]

 ### Operon type: 172

	 A0A011PW61	[0, 0, 0, 0, 599, 649, 0, 0, 598]

 ### Operon type: 173

	 A0A011UXI1	[0, 702, 0, 0, 599, 649, 255, 0, 0]

 ### Operon type: 174

	 A0A011SWI9	[-1, -1, 0, 680, 599, 649, 255, -1, -1]

 ### Operon type: 175

	 A0A011P952	[649, 0, 648, 0, 0, 648, 0, 0, 0]

 ### Operon type: 176

	 A0A011NSG8	[0, 0, 0, 676, 635, 634, 0, 635, 0]

 ### Operon type: 177

	 A0A011P0X4	[0, 0, 636, 0, 635, 0, 0, 634, 633]

 ### Operon type: 178

	 A0A009MJ75	[0, 0, 171, 170, 169, 0, 0, 0, 421]

 ### Operon type: 179

	 A0A010IH51	[0, 470, 0, 0, 169, 0, 421, 0, 0]

 ### Operon type: 180

	 A0A010YNY9	[0, 0, 252, 251, 0, 0, 0, 0, 439]

 ### Operon type: 181

	 A0A011AC71	[253, 0, 0, 258, 0, 252, 251, 0, 671]

 ### Operon type: 182

	 A0A011PRW6	[693, 0, 0, 0, 692, 691, 690, 0, 0]
	 A0A011QLX0	[0, 693, 0, 0, 692, 0, 691, 690, 0]

 ### Operon type: 183

	 A0A010SML6	[0, 691, 690, -1, 0, 675, 0, 0, 0]

 ### Operon type: 184

	 A0A009P817	[175, 0, 0, 0, 174, 0, 277, 173, 172]

 ### Operon type: 185

	 A0A009TIY0	[0, 0, 0, 0, 174, 0, 277, 173, 0]

 ### Operon type: 186

	 A0A009QKA3	[277, 173, 0, 172, 0, 0, 0, 0, 209]

 ### Operon type: 187

	 A0A009S854	[-1, 0, 0, 72, 222, 0, 0, 0, 221]

 ### Operon type: 188

	 A0A013RMD0	[-1, 0, 223, 0, 222, 315, 0, 0, 221]

 ### Operon type: 189

	 A0A009R016	[0, 17, 0, 0, 46, -1, 358, 0, 0]
	 A0A009HFU9	[0, 17, 0, 0, 46, 358, 0, 0, 0]

 ### Operon type: 190

	 A0A009HSR2	[0, 76, 75, 0, 74, 128, 129, 146, 130]

 ### Operon type: 191

	 A0A009SWM1	[0, 76, 75, 0, 74, 0, 0, 129, 0]

 ### Operon type: 192

	 A0A009MYX0	[131, 130, 0, 505, 0, 0, 129, 128, 127]

 ### Operon type: 193

	 A0A009QK79	[0, 0, 127, 128, 0, 129, 0, 0, 130]

 ### Operon type: 194

	 A0A009GXJ1	[193, 192, 128, 129, 70, 146, 130, 131, 0]

 ### Operon type: 195

	 A0A009QT77	[0, 0, -1, 358, 357, 356, 355, 354, 353]
	 A0A013TKW8	[0, 645, 0, 358, 357, 356, 355, 354, 353]
	 A0A009PRQ9	[0, 358, 180, 0, 357, 356, 355, 354, 353]
	 A0A010IT95	[0, 0, 0, 358, 357, 356, 355, 354, 353]
	 A0A009MH36	[0, 0, 0, 358, 357, 356, 355, 354, 353]
	 A0A009GWD0	[146, 0, 0, 358, 357, 356, 355, 354, 353]
	 A0A009S0T6	[0, 0, 358, 180, 357, 356, 355, 354, 353]
	 A0A009I5G9	[0, 0, 358, 180, 357, 356, 355, 354, 353]

 ### Operon type: 196

	 A0A013TMJ7	[613, -1, 0, 358, 357, 354, 353, 0, 0]

 ### Operon type: 197

	 A0A009HJJ5	[179, 178, 177, 0, 467, 176, 0, 662, 3]
	 A0A009I8I7	[179, 178, 177, 6, 467, 176, 0, 662, 3]

 ### Operon type: 198

	 A0A013TPR7	[179, 178, 177, 0, 467, 176, 0, 662, 495]
	 A0A009PMT3	[179, 178, 177, 0, 467, 176, 142, 662, 495]
	 A0A010JJN4	[0, 178, 177, 0, 467, 176, 0, 662, 495]
	 A0A009RMI1	[0, 178, 177, 0, 467, 176, 0, 662, 0]
	 A0A009YG45	[0, 179, 178, 177, 467, 0, 176, 142, 662]

 ### Operon type: 199

	 A0A009SEP4	[179, 178, 177, 6, 467, 0, 176, 142, 0]

 ### Operon type: 200

	 A0A009NI48	[179, 178, 177, 0, 467, 0, 0, 0, -1]

 ### Operon type: 201

	 A0A011VU44	[0, 0, 0, 0, 0, 444, 0, 0, 0]
	 A0A011WLE7	[0, 0, 0, 0, 0, 444, 0, 0, 0]

 ### Operon type: 202

	 A0A011VAP2	[0, 0, 285, 0, 0, 0, 0, 0, 465]

 ### Operon type: 203

	 A0A011VRJ8	[0, 0, 0, 0, 0, 0, 285, 0, 0]

 ### Operon type: 204

	 A0A011RNU1	[0, 0, 0, 0, 0, 0, 565, 565, 564]

 ### Operon type: 205

	 A0A011VKJ9	[0, 0, 0, 0, 0, 0, 564, 565, -1]

 ### Operon type: 206

	 A0A011V490	[0, 486, 0, 0, 0, 0, 0, 0, 0]
	 A0A011WT35	[486, 0, 0, 0, 0, 0, 0, 0, 0]

 ### Operon type: 207

	 A0A009T185	[553, 0, 701, 701, 60, 706, 701, 336, 558]

 ### Operon type: 208

	 A0A010IN36	[125, 613, 0, 0, 60, 706, 701, 336, 558]

 ### Operon type: 209

	 A0A009PG43	[706, 701, 185, 723, 0, 336, 558, 0, 0]

 ### Operon type: 210

	 A0A011PQZ7	[0, 0, 0, 719, 718, 0, 717, 0, 0]

 ### Operon type: 211

	 A0A011TUX4	[0, 0, 0, 0, 718, 0, 0, 717, 0]

 ### Operon type: 212

	 A0A011STZ9	[0, 0, 0, 717, 0, 0, 0, 0, 0]

 ### Operon type: 213

	 A0A011PRF5	[668, 0, 0, 0, 0, 0, 0, 0, 0]
	 A0A011PUJ9	[0, 0, 0, 0, 0, 0, 0, 0, 668]

 ### Operon type: 214

	 A0A011PFY8	[0, 0, 0, 0, 0, 0, 0, 0, 724]

 ### Operon type: 215

	 A0A011PNS3	[723, 724, 0, 0, 0, 0, 0, 0, 0]

 ### Operon type: 216

	 A0A011T648	[0, 724, 0, 0, 0, 0, 0, 706, 0]

 ### Operon type: 217

	 A0A011AEN3	[0, 0, 0, 0, 0, 0, 652, 0, 0]
	 A0A011U3C2	[0, 0, 652, 0, 0, 0, 0, 0, 0]

 ### Operon type: 218

	 A0A011AAZ2	[0, 540, 0, 0, 0, 652, 652, 652, 0]

 ### Operon type: 219

	 A0A011T698	[0, 0, 0, 0, 0, 671, 652, 0, 0]

 ### Operon type: 220

	 A0A009SNL0	[8, 7, 0, 0, 0, 0, 0, 0, 0]

 ### Operon type: 221

	 A0A009ZZC8	[-1, 7, 8, 0, 0, 0, 0, 0, 0]

 ### Operon type: 222

	 A0A009ZG48	[0, 0, 0, 645, 0, 0, 0, 0, 0]

 ### Operon type: 223

	 A0A011PEJ8	[0, 0, 646, 645, 0, 0, 0, 0, 0]

 ### Operon type: 224

	 A0A011QNJ7	[629, 0, 0, 645, 0, 0, 0, 629, 0]

 ### Operon type: 225

	 A0A011MMJ4	[0, 0, 0, 0, 0, 0, 0, 629, 0]

 ### Operon type: 226

	 A0A011R8M3	[0, 0, 646, 645, 0, 254, 0, 629, 0]

 ### Operon type: 227

	 A0A009TJ77	[0, 61, 0, 0, 0, 0, 0, 0, 0]

 ### Operon type: 228

	 A0A010RTE7	[0, 0, 0, 0, 0, 0, 62, 61, 0]

 ### Operon type: 229

	 A0A013S8F0	[311, 310, 309, 308, 307, 499, 613, 401, 496]
	 A0A013TPQ9	[311, 310, 309, 308, 307, 499, 613, 401, 496]
	 A0A009PMU2	[311, 310, 309, -1, 307, 499, 613, 401, 496]
	 A0A009SZ84	[311, 310, 309, 308, 307, 499, 613, 401, 496]

 ### Operon type: 230

	 A0A009IG48	[0, 0, 0, 112, 111, 0, 0, 0, 675]

 ### Operon type: 231

	 A0A009IMQ0	[0, 0, 0, 112, 111, 0, 0, 0, 0]

 ### Operon type: 232

	 A0A009SWV1	[0, 0, 0, 0, 0, 0, 0, 112, 0]

 ### Operon type: 233

	 A0A011TAW2	[0, 0, 0, 0, 0, 0, 275, 0, 0]
	 A0A009SFX8	[275, 0, 0, 0, 0, 0, 0, 0, 0]

 ### Operon type: 234

	 A0A011TZN1	[0, 0, 0, 0, 411, 0, 0, 0, 0]
	 A0A009RHH9	[0, 0, 0, 0, 411, 0, 0, 0, 0]

 ### Operon type: 235

	 A0A009PMZ9	[181, 0, 0, 0, 0, 0, 0, 0, 0]
	 A0A009Q512	[0, 0, 0, 0, 181, 0, 0, 0, 0]

 ### Operon type: 236

	 A0A009IFL2	[0, 440, 0, 383, -1, 0, 0, 0]

 ### Operon type: 237

	 A0A009ZDS1	[-1, -1, 0, 440, 0, 0, 438, 0, 0]

 ### Operon type: 238

	 A0A009NPS1	[0, 310, 309, 308, 307, -1, 0, 0, 0]
	 A0A010IZH1	[-1, 310, 309, 308, 307, 499, 0, 0, 0]
	 A0A009HJM0	[0, 310, 309, 308, 307, 499, 0, 0, 0]

 ### Operon type: 239

	 A0A009HUS9	[310, 309, 0, 0, 0, 0, -1, 0, 0]

 ### Operon type: 240

	 A0A009HM15	[0, 84, 83, 0, 0, 0, -1, 0, 0]

 ### Operon type: 241

	 A0A009RQL5	[0, 0, 0, 0, 0, 0, 84, 83, 0]

 ### Operon type: 242

	 A0A009IJ01	[0, 0, 0, 0, 0, 0, 84, 83, 82]

 ### Operon type: 243

	 A0A009NCH6	[0, 0, 0, 0, 0, 0, 0, 83, 82]

 ### Operon type: 244

	 A0A011UFH1	[0, 0, 0, 0, 0, 302, 0, 0, 0]
	 A0A011UB51	[302, 0, 0, 0, 0, 0, 0, 0, 0]

 ### Operon type: 245

	 A0A011VHP2	[0, -1, -1, -1, 366, 0, 0, 0, 0]
	 A0A011V965	[0, -1, -1, 0, 366, 0, -1, -1, 0]

 ### Operon type: 246

	 A0A010RVD0	[-1, 0, 0, -1, 0, 601, 601, 0, 9]

 ### Operon type: 247

	 A0A010T7Q5	[0, 9, 0, 0, 0, 0, -1, 0, 0]

 ### Operon type: 248

	 A0A010SRR2	[0, 0, -1, 0, 0, 0, 0, 0, 613]
	 A0A010SNM6	[0, 0, -1, 0, 0, 0, 613, 0, 0]

 ### Operon type: 249

	 A0A010SJH7	[0, 0, 613, -1, 0, 0, 71, 0, 0]

 ### Operon type: 250

	 A0A009N9Z1	[-1, 0, 0, 0, 0, 0, 0, 0, 0]
	 A0A011V107	[0, -1, 0, 0, 0, 0, 0, 0, 0]
	 A0A010TF14	[-1, 0, 0, 0, 0, 0, 0, 0, 0]
	 A0A011U7M7	[0, 0, -1, 0, 0, 0, 0, 0, 0]
	 A0A011UZ32	[0, 0, 0, 0, 0, -1, 0, 0, 0]
	 A0A011UZ49	[0, -1, 0, 0, 0, 0, 0, 0, 0]
	 A0A009H6M2	[-1, 0, 0, 0, 0, 0, 0, 0, 0]
	 A0A009PH57	[0, 0, -1, 0, 0, 0, 0, 0, 0]
	 A0A009RG92	[-1, 0, 0, 0, 0, 0, 0, 0, 0]
	 A0A010JDA6	[-1, 0, 0, 0, 0, 0, 0, 0, 0]
	 A0A009IHQ3	[-1, 0, 0, 0, 0, 0, 0, 0, 0]
	 A0A009QDV7	[-1, 0, 0, 0, 0, 0, 0, 0, 0]
	 A0A010RKP8	[0, 0, 0, 0, 0, 0, -1, 0, 0]
	 A0A009HJU6	[0, 0, 0, 0, 0, 0, 0, 0, -1]
	 A0A010RY47	[-1, 0, -1, 0, 0, 0, 0, 0, 0]
	 A0A009TG92	[0, 0, -1, 0, 0, 0, 0, 0, 0]

 ### Operon type: 251

	 A0A010SJF9	[0, 0, 0, 0, 0, -1, 0, 256, -1]

 ### Operon type: 252

	 A0A010T5D8	[0, 0, 0, -1, 0, -1, 246, 0, 0]

 ### Operon type: 253

	 A0A011ML54	[0, 0, 0, 510, 0, 0, 0, 0, -1]

 ### Operon type: 254

	 A0A011NHY1	[0, 0, 0, 0, 0, 613, 0, 0, 0]

 ### Operon type: 255

	 A0A010Z171	[0, 0, 0, 0, 0, 0, 613, 0, 505]

 ### Operon type: 256

	 A0A010ZX98	[0, 0, 0, 0, 0, 328, 613, 613, 0]

 ### Operon type: 257

	 A0A010YRE8	[0, 0, 0, 0, 0, 0, 0, 328, 0]

 ### Operon type: 258

	 A0A011AF05	[0, 0, 253, 328, 0, 0, 0, 0, 0]

 ### Operon type: 259

	 A0A011SQL0	[674, 0, -1, 0, 0, 0, 0, 0, 0]

 ### Operon type: 260

	 A0A009ZC82	[0, 0, 674, 0, 0, 0, 0, 0, 0]

 ### Operon type: 261

	 A0A011P3F6	[675, 0, 0, 674, 0, 0, 0, 0, 0]

 ### Operon type: 262

	 A0A011T697	[613, 0, 0, 0, 0, 0, 0, 0, 277]

 ### Operon type: 263

	 A0A011TDD1	[0, 377, 613, 0, 0, 0, 0, 0, 0]

 ### Operon type: 264

	 A0A011VW24	[0, 0, 528, 0, 0, 0, 0, 0, -1]

 ### Operon type: 265

	 A0A011T8V3	[0, 0, 528, 0, 0, 0, 0, 0, 0]

 ### Operon type: 266

	 A0A010TH98	[598, 0, 0, 528, 0, 0, 0, 0, 0]

 ### Operon type: 267

	 A0A011QVR3	[0, 0, 0, 0, 0, 0, 0, 517, 528]

 ### Operon type: 268

	 A0A011RM25	[0, 0, 0, 0, 0, 528, 0, 445, 0]

 ### Operon type: 269

	 A0A011VXC2	[-1, 417, 0, 0, 0, 0, 0, 0, 0]

 ### Operon type: 270

	 A0A011VYF1	[528, 0, 0, 0, 0, 0, 302, 0, 0]

 ### Operon type: 271

	 A0A010S415	[-1, 528, 0, 313, 0, 0, 0, 0, 312]

 ### Operon type: 272

	 A0A011PKU5	[0, 0, 0, 0, 0, 0, 0, 0, 0]
	 A0A011P9Z5	[0, 0, 0, 0, 0, 0, 0, 0, 0]
	 A0A011P4U7	[0, 0, 0, 0, 0, 0, 0, 0, 0]
	 A0A011PBM9	[0, 0, 0, 0, 0, 0, 0, 0, 0]
	 A0A011PJK8	[0, 0, 0, 0, 0, 0, 0, 0, 0]
	 A0A011PNN2	[0, 0, 0, 0, 0, 0, 0, 0, 0]
	 A0A011Q1B3	[0, 0, 0, 0, 0, 0, 0, 0, 0]
	 A0A011QMJ8	[0, 0, 0, 0, 0, 0, 0, 0, 0]
	 A0A011QSN2	[0, 0, 0, 0, 0, 0, 0, 0, 0]
	 A0A010ZTI3	[0, 0, 0, 0, 0, 0, 0, 0, 0]
	 A0A011VW71	[0, 0, 0, 0, 0, 0, 0, 0, 0]
	 A0A011Q056	[0, 0, 0, 0, 0, 0, 0, 0, 0]
	 A0A011NTU3	[0, 0, 0, 0, 0, 0, 0, 0, 0]
	 A0A011NMI8	[0, 0, 0, 0, 0, 0, 0, 0, 0]
	 A0A011N3C3	[0, 0, 0, 0, 0, 0, 0, 0, 0]
	 A0A011N4G4	[0, 0, 0, 0, 0, 0, 0, 0, 0]
	 A0A011N2Z0	[0, 0, 0, 0, 0, 0, 0, 0, 0]
	 A0A011SGD5	[0, 0, 0, 0, 0, 0, 0, 0, 0]
	 A0A011VZG0	[0, 0, 0, 0, 0, 0, 0, 0, 0]
	 A0A011VSC9	[0, 0, 0, 0, 0, 0, 0, 0, 0]
	 A0A011QVV5	[0, 0, 0, 0, 0, 0, 0, 0, 0]
	 A0A011VUV0	[0, 0, 0, 0, 0, 0, 0, 0, 0]
	 A0A013SBR8	[0, 0, 0, 0, 0, 0, 0, 0, 0]
	 A0A010ZJQ6	[0, 0, 0, 0, 0, 0, 0, 0, 0]
	 A0A011UHL2	[0, 0, 0, 0, 0, 0, 0, 0, 0]
	 A0A011NDM5	[0, 0, 0, 0, 0, 0, 0, 0, 0]
	 A0A009M4K0	[0, 0, 0, 0, 0, 0, 0, 0, 0]
	 A0A009N123	[0, 0, 0, 0, 0, 0, 0, 0, 0]
	 A0A011A146	[0, 0, 0, 0, 0, 0, 0, 0, 0]
	 A0A011WKI4	[0, 0, 0, 0, 0, 0, 0, 0, 0]
	 A0A011NAJ1	[0, 0, 0, 0, 0, 0, 0, 0, 0]
	 A0A011NAY5	[0, 0, 0, 0, 0, 0, 0, 0, 0]
	 A0A013T8M5	[0, 0, 0, 0, 0, 0, 0, 0, 0]
	 A0A011V8Y9	[0, 0, 0, 0, 0, 0, 0, 0, 0]
	 A0A013TEV4	[0, 0, 0, 0, 0, 0, 0, 0, 0]
	 A0A011VYF6	[0, 0, 0, 0, 0, 0, 0, 0, 0]
	 A0A011TAF9	[0, 0, 0, 0, 0, 0, 0, 0, 0]
	 A0A013SL47	[0, 0, 0, 0, 0, 0, 0, 0, 0]
	 A0A011WUT3	[0, 0, 0, 0, 0, 0, 0, 0, 0]
	 A0A011VWR4	[0, 0, 0, 0, 0, 0, 0, 0, 0]
	 A0A011TWN2	[0, 0, 0, 0, 0, 0, 0, 0, 0]
	 A0A011UWH1	[0, 0, 0, 0, 0, 0, 0, 0, 0]
	 A0A009IRJ6	[0, 0, 0, 0, 0, 0, 0, 0, 0]
	 A0A011VMV7	[0, 0, 0, 0, 0, 0, 0, 0, 0]
	 A0A011VNE2	[0, 0, 0, 0, 0, 0, 0, 0, 0]
	 A0A010Z120	[0, 0, 0, 0, 0, 0, 0, 0, 0]
	 A0A013TPV4	[0, 0, 0, 0, 0, 0, 0, 0, 0]
	 A0A009NQA1	[0, 0, 0, 0, 0, 0, 0, 0, 0]
	 A0A013S2B9	[0, 0, 0, 0, 0, 0, 0, 0, 0]
	 A0A009QQ47	[0, 0, 0, 0, 0, 0, 0, 0, 0]
	 A0A009MGJ1	[0, 0, 0, 0, 0, 0, 0, 0, 0]
	 A0A009MGQ8	[0, 0, 0, 0, 0, 0, 0, 0, 0]
	 A0A009MMM3	[0, 0, 0, 0, 0, 0, 0, 0, 0]
	 A0A009PT82	[0, 0, 0, 0, 0, 0, 0, 0, 0]
	 A0A011UTJ0	[0, 0, 0, 0, 0, 0, 0, 0, 0]
	 A0A009ISY0	[0, 0, 0, 0, 0, 0, 0, 0, 0]
	 A0A010YJA7	[0, 0, 0, 0, 0, 0, 0, 0, 0]
	 A0A009N031	[0, 0, 0, 0, 0, 0, 0, 0, 0]
	 A0A009HBT3	[0, 0, 0, 0, 0, 0, 0, 0, 0]
	 A0A011AIL7	[0, 0, 0, 0, 0, 0, 0, 0, 0]
	 A0A009PDV4	[0, 0, 0, 0, 0, 0, 0, 0, 0]
	 A0A010IZE4	[0, 0, 0, 0, 0, 0, 0, 0, 0]
	 A0A011TLH0	[0, 0, 0, 0, 0, 0, 0, 0, 0]
	 A0A011UFM5	[0, 0, 0, 0, 0, 0, 0, 0, 0]
	 A0A011UG71	[0, 0, 0, 0, 0, 0, 0, 0, 0]
	 A0A011UGX8	[0, 0, 0, 0, 0, 0, 0, 0, 0]
	 A0A011WSE5	[0, 0, 0, 0, 0, 0, 0, 0, 0]
	 A0A009SWU0	[0, 0, 0, 0, 0, 0, 0, 0, 0]
	 A0A011UBN9	[0, 0, 0, 0, 0, 0, 0, 0, 0]
	 A0A010SSQ8	[0, 0, 0, 0, 0, 0, 0, 0, 0]
	 A0A010IPH1	[0, 0, 0, 0, 0, 0, 0, 0, 0]
	 A0A009MH90	[0, 0, 0, 0, 0, 0, 0, 0, 0]
	 A0A009Q3K7	[0, 0, 0, 0, 0, 0, 0, 0, 0]
	 A0A010SHY1	[0, 0, 0, 0, 0, 0, 0, 0, 0]
	 A0A009RBQ2	[0, 0, 0, 0, 0, 0, 0, 0, 0]
	 A0A009QVK8	[0, 0, 0, 0, 0, 0, 0, 0, 0]
	 A0A009I0I9	[0, 0, 0, 0, 0, 0, 0, 0, 0]
	 A0A009PG53	[0, 0, 0, 0, 0, 0, 0, 0, 0]
	 A0A010YZS8	[0, 0, 0, 0, 0, 0, 0, 0, 0]
	 A0A009RR21	[0, 0, 0, 0, 0, 0, 0, 0, 0]
	 A0A009T1I8	[0, 0, 0, 0, 0, 0, 0, 0, 0]
	 A0A009SHB3	[0, 0, 0, 0, 0, 0, 0, 0, 0]
	 A0A009SIF9	[0, 0, 0, 0, 0, 0, 0, 0, 0]
	 A0A009RMD0	[0, 0, 0, 0, 0, 0, 0, 0, 0]
	 A0A009R2X0	[0, 0, 0, 0, 0, 0, 0, 0, 0]
	 A0A009R4N4	[0, 0, 0, 0, 0, 0, 0, 0, 0]
	 A0A010T025	[0, 0, 0, 0, 0, 0, 0, 0, 0]
	 A0A009I463	[0, 0, 0, 0, 0, 0, 0, 0, 0]
	 A0A009SCM5	[0, 0, 0, 0, 0, 0, 0, 0, 0]
	 A0A009RHH7	[0, 0, 0, 0, 0, 0, 0, 0, 0]
	 A0A010SPJ7	[0, 0, 0, 0, 0, 0, 0, 0, 0]
	 A0A009PAG1	[0, 0, 0, 0, 0, 0, 0, 0, 0]
	 A0A009HTN9	[0, 0, 0, 0, 0, 0, 0, 0, 0]
	 A0A009HL81	[0, 0, 0, 0, 0, 0, 0, 0, 0]
	 A0A009HIL8	[0, 0, 0, 0, 0, 0, 0, 0, 0]
	 A0A009T3J5	[0, 0, 0, 0, 0, 0, 0, 0, 0]

 ### Operon type: 273

	 A0A010TG27	[647, 0, 134, 0, 0, 0, 499, 0, 0]

 ### Operon type: 274

	 A0A011PMK1	[0, 0, 0, 0, 0, 0, 0, 647, 0]

 ### Operon type: 275

	 A0A009HRU1	[0, 128, 0, 0, 0, 0, 0, 0, 0]

 ### Operon type: 276

	 A0A009HSN8	[0, 28, 0, 0, 0, -1, 0, 190, -1]

 ### Operon type: 277

	 A0A009HV82	[189, 0, 0, 0, 0, 0, 0, 0, 0]

 ### Operon type: 278

	 A0A009IG74	[0, 0, 170, 0, 291, -1, 0, 0, 0]

 ### Operon type: 279

	 A0A009IJ90	[0, 73, 0, 0, 0, 0, 0, 0, 0]

 ### Operon type: 280

	 A0A009ISE1	[176, 0, 662, 0, 0, -1, 0, 0, 0]

 ### Operon type: 281

	 A0A009NM94	[0, 492, 492, 0, 0, 0, 377, 0, 0]

 ### Operon type: 282

	 A0A009Q4N5	[0, 0, 175, 0, 0, 0, 0, 0, 0]

 ### Operon type: 283

	 A0A009SSZ9	[0, 24, 0, 0, 0, 0, 0, 0, 0]

 ### Operon type: 284

	 A0A009TBM2	[0, 0, 0, 0, 0, 0, 0, 0, 268]

 ### Operon type: 285

	 A0A009Q8S9	[0, 0, 675, 268, 0, 334, 0, 0, 0]

 ### Operon type: 286

	 A0A009YIH1	[0, 0, 0, 0, 85, 0, -1, -1, 2]

 ### Operon type: 287

	 A0A009YR05	[0, 0, 0, 0, 141, 0, 0, 0, 0]

 ### Operon type: 288

	 A0A009Z004	[19, 0, 19, 0, 0, 505, 0, 0, 0]

 ### Operon type: 289

	 A0A010IGH8	[0, 0, 0, 0, 0, 0, 0, 218, 0]

 ### Operon type: 290

	 A0A010JIN9	[236, 0, 0, 61, 119, 0, 0, 0, 0]

 ### Operon type: 291

	 A0A010RS09	[0, 0, 0, 0, 62, 0, 527, 527, 0]

 ### Operon type: 292

	 A0A010RUQ5	[0, 0, 0, 0, 0, 0, 0, 0, 420]

 ### Operon type: 293

	 A0A010S195	[674, 0, 184, 69, 0, 0, 0, 0, 0]

 ### Operon type: 294

	 A0A010SCZ2	[0, 0, 0, 0, 0, 0, 0, 448, 0]

 ### Operon type: 295

	 A0A010SN41	[0, 0, 0, 0, 284, 0, 0, 0, 0]

 ### Operon type: 296

	 A0A010SSU2	[0, 0, 0, 0, 70, 0, -1, 650, 0]

 ### Operon type: 297

	 A0A010SUP6	[0, 0, 0, 0, 0, 0, 0, 69, 0]

 ### Operon type: 298

	 A0A010SUY9	[0, 0, 0, 0, 0, 254, 646, 0]

 ### Operon type: 299

	 A0A010THK2	[0, 0, -1, 0, 0, 527, 505, 0, 0]

 ### Operon type: 300

	 A0A010SRL4	[134, 0, 0, -1, 0, 0, 0, 505, 194]

 ### Operon type: 301

	 A0A010YF95	[618, 0, 0, 0, 0, 0, 0, 0, 0]

 ### Operon type: 302

	 A0A010YT39	[0, 471, 0, 0, 0, 0, 0, 0, 0]

 ### Operon type: 303

	 A0A010YX61	[428, 652, 0, 528, 0, 0, 0, 0, 0]

 ### Operon type: 304

	 A0A010ZWJ8	[0, 0, 0, 0, 0, 651, 0, 0, 0]

 ### Operon type: 305

	 A0A009ZVR4	[461, 0, 652, 0, 0, 87, 0, 0, 0]

 ### Operon type: 306

	 A0A011AHW1	[0, 0, 0, 0, 0, 0, 0, 132, 0]

 ### Operon type: 307

	 A0A011NE37	[478, 0, 0, 0, 0, 0, 0, 0, 0]

 ### Operon type: 308

	 A0A011NF78	[0, 0, 594, 0, 0, 0, 0, 0, 0]

 ### Operon type: 309

	 A0A011NVE2	[0, 0, 0, 706, 0, 0, 613, 0, 513]

 ### Operon type: 310

	 A0A011NXJ4	[0, 0, 0, 0, 0, 0, 0, 0, 541]

 ### Operon type: 311

	 A0A011P8I1	[0, 0, 653, 652, 0, 0, 0, 0, 651]

 ### Operon type: 312

	 A0A011P9Q7	[681, 0, 0, 0, 0, 0, 0, 0, 0]

 ### Operon type: 313

	 A0A011PCT1	[0, 0, 0, 0, 0, 0, 0, 654, 0]

 ### Operon type: 314

	 A0A011PJ75	[0, 706, 701, 706, 0, 0, 0, 0, 0]

 ### Operon type: 315

	 A0A011PRB4	[0, 0, 0, 0, 0, 0, 0, 669, 0]

 ### Operon type: 316

	 A0A011Q5V7	[617, 0, 0, 0, 0, 0, 0, 0, 0]

 ### Operon type: 317

	 A0A011QU35	[0, 0, 0, 0, 579, 0, 0, 0, 0]

 ### Operon type: 318

	 A0A011QVT2	[555, 0, 0, 0, 0, 0, 0, 723, 0]

 ### Operon type: 319

	 A0A011RP14	[0, 0, 0, 0, 0, 0, 0, 463, 0]

 ### Operon type: 320

	 A0A011SM49	[613, 0, 463, 0, 0, 0, 197, 0, 0]

 ### Operon type: 321

	 A0A011AM27	[717, 0, 0, 0, 467, 0, 0, 0, 466]

 ### Operon type: 322

	 A0A011T607	[0, 0, 542, 0, 0, 0, 0, 0, 377]

 ### Operon type: 323

	 A0A010S5W8	[0, 0, 498, 542, 0, 0, 0, 0, 0]

 ### Operon type: 324

	 A0A011MSR2	[0, 0, 0, 498, 0, 0, 0, 715, 0]

 ### Operon type: 325

	 A0A010YYJ5	[0, 0, 0, 715, 0, 0, 0, 87, 87]

 ### Operon type: 326

	 A0A011TED9	[0, 0, 0, 0, 0, 200, 0, 0, 0]

 ### Operon type: 327

	 A0A011TXS5	[0, 196, 0, 0, 0, 0, 0, 0, 0]

 ### Operon type: 328

	 A0A011U144	[0, 420, 0, 0, 0, 0, 541, 419, 0]

 ### Operon type: 329

	 A0A011U1C8	[671, 0, 0, 0, 0, 0, 0, 0, 479]

 ### Operon type: 330

	 A0A011U483	[0, 0, 0, 0, 0, 670, 0, 0, 0]

 ### Operon type: 331

	 A0A011UDF3	[0, 0, 0, 0, 0, 352, 0, 0, 0]

 ### Operon type: 332

	 A0A011UG86	[0, 676, 0, 0, 0, 256, 0, 0, 0]

 ### Operon type: 333

	 A0A011UGY3	[0, 0, 0, 137, 0, 0, 0, 137, 0]

 ### Operon type: 334

	 A0A011UJN3	[0, 336, 0, 0, 0, 0, 0, 0, 0]

 ### Operon type: 335

	 A0A009INE0	[125, 0, 0, 0, 0, 0, 0, 701, 336]

 ### Operon type: 336

	 A0A011UQB5	[490, 390, 0, 0, 0, 0, 0, 302, 0]

 ### Operon type: 337

	 A0A011UVI5	[0, 0, 0, 0, 0, 439, 706, 706, 0]

 ### Operon type: 338

	 A0A011UWI3	[0, 0, 0, 0, 199, 0, 198, 674, 0]

 ### Operon type: 339

	 A0A011V5E6	[0, 0, 0, 0, 0, 288, 0, 0, 0]

 ### Operon type: 340

	 A0A011M4H6	[465, 0, 464, 0, 0, 0, 0, 0, 0]

 ### Operon type: 341

	 A0A011VSV3	[0, 0, 0, 0, 0, 0, 626, 0, 0]

 ### Operon type: 342

	 A0A011VWI0	[0, 0, 0, 0, 0, 529, 0, 0, 0]

 ### Operon type: 343

	 A0A011VZ91	[293, 0, 0, 0, 0, 0, 0, 0, 0]

 ### Operon type: 344

	 A0A011W213	[0, 0, 0, 0, 0, 512, 0, 0, 0]

 ### Operon type: 345

	 A0A011WP76	[0, 0, 0, 0, 0, 0, 0, 0, 519]

 ### Operon type: 346

	 A0A011WSD4	[0, 0, 0, -1, 0, 715, 0, 0, 486]

 ### Operon type: 347

	 A0A011VZF5	[0, 0, 416, 415, 0, 715, 486, 715, 0]

 ### Operon type: 348

	 A0A011WSU6	[0, 715, 0, 0, 413, 0, 0, 0, 0]

 ### Operon type: 349

	 A0A013S843	[0, 401, 0, 0, 0, 0, -1, 400, 0]

 ### Operon type: 350

	 A0A013S981	[303, 0, 0, 0, 0, 0, 0, 0, 0]

 ### Operon type: 351

	 A0A013T337	[0, 0, 0, 0, 0, 0, 0, 0, 318]

 ### Operon type: 352

	 A0A013T5E6	[0, 0, 0, 376, 0, 0, 0, 0, 0]

 ### Operon type: 353

	 A0A013SGL3	[430, 429, 428, 427, 426, 589, 425, 671, 424]
	 A0A009NE81	[430, 429, 428, 427, 426, 589, 425, 671, 424]
	 A0A010KAV2	[430, 0, 0, 427, 426, 589, 425, 671, 424]
	 A0A009RQH3	[430, 0, 0, 427, 426, 589, 425, 671, 424]
	 A0A009I5Z6	[430, 0, 428, 427, 426, 589, 425, 671, 424]

 ### Operon type: 354

	 A0A013TB41	[430, -1, 0, 0, 426, 589, 425, 671, 424]

 ### Operon type: 355

	 A0A009H3X4	[430, 0, 0, 0, 426, 589, -1, 527, -1]

 ### Operon type: 356

	 A0A009YL68	[0, 0, 671, 430, 426, 0, 0, 18, 0]

 ### Operon type: 357

	 A0A009T9H0	[0, 2, 675, -1, 0, 0, 129, 0, 128]

 ### Operon type: 358

	 A0A010THH5	[0, 441, 440, 439, 0, 0, 488, 0, 438]

 ### Operon type: 359

	 A0A011VZE3	[0, 0, 0, 499, 292, 0, 0, 0, 0]
	 A0A011WSH8	[0, 0, 0, 499, 292, 0, 0, 0, 0]

 ### Operon type: 360

	 A0A011NAF3	[0, 0, 0, 0, 0, 0, 499, 0, 695]

 ### Operon type: 361

	 A0A009IQ93	[195, 0, 499, 0, 0, 194, 0, 0, 0]

 ### Operon type: 362

	 A0A009TLU4	[0, 196, -1, 25, 0, 41, 0, -1, -1]

 ### Operon type: 363

	 A0A010JNG7	[358, 0, 0, 232, 0, 0, 0, 0, 0]

 ### Operon type: 364

	 A0A010S003	[591, 0, 0, 0, 0, 676, 676, 324, 0]

 ### Operon type: 365

	 A0A010SMN8	[0, -1, 252, 0, 314, 0, 0, 485, 0]

 ### Operon type: 366

	 A0A010SXS1	[0, 185, 0, 0, 0, 335, 0, 0, 723]

 ### Operon type: 367

	 A0A010T689	[466, -1, 488, 566, 0, 0, 0, 0, 0]

 ### Operon type: 368

	 A0A010TBB4	[0, 257, 0, 256, 0, 0, 0, 0, 671]

 ### Operon type: 369

	 A0A010YFK3	[0, 481, 0, 0, 0, 0, 480, 0, 479]

 ### Operon type: 370

	 A0A010YVY1	[325, 0, 325, 0, 0, 0, 0, 324, 0]

 ### Operon type: 371

	 A0A010Z7T4	[0, 0, 0, 0, 0, 0, 0, 421, 719]

 ### Operon type: 372

	 A0A010RRR9	[0, 0, 0, 0, 534, 0, 0, 29, 421]

 ### Operon type: 373

	 A0A010SIA7	[0, 0, 29, 32, 0, 0, 0, 0, 0]

 ### Operon type: 374

	 A0A010ZSZ2	[0, 540, 0, 539, 538, 0, 0, 0, 0]

 ### Operon type: 375

	 A0A010Z0Y7	[0, 0, 0, 0, 538, 313, 0, 0, 0]

 ### Operon type: 376

	 A0A010ZUR7	[450, 133, 0, 133, 0, 132, 324, 0, 0]

 ### Operon type: 377

	 A0A011A0M8	[0, 0, 505, 0, 383, 0, 0, 382, 382]

 ### Operon type: 378

	 A0A011NFL4	[0, 491, 0, 0, 506, 647, 0, 471, 0]

 ### Operon type: 379

	 A0A011P407	[0, 0, 673, 672, 0, 0, 671, 0, 670]

 ### Operon type: 380

	 A0A011QGT2	[499, 0, 0, 503, 502, 0, 0, 0, 0]

 ### Operon type: 381

	 A0A011QSA4	[597, 0, 596, 595, 0, 0, 0, 0, 594]

 ### Operon type: 382

	 A0A011T6J6	[0, 617, 0, 652, 0, 0, 276, 0, 388]

 ### Operon type: 383

	 A0A011TAL2	[0, 542, 0, 0, 0, 258, 0, 557, 0]

 ### Operon type: 384

	 A0A011TYT7	[0, 0, 0, 0, 0, 0, 470, 469, 469]

 ### Operon type: 385

	 A0A011TZG0	[505, 525, 0, 0, 0, 0, 0, 468, 0]

 ### Operon type: 386

	 A0A011Q6N5	[0, 0, 0, 0, 0, 0, 526, 525, 526]

 ### Operon type: 387

	 A0A011UII7	[0, 0, 0, 0, 0, 513, 422, 0, 0]

 ### Operon type: 388

	 A0A011UNT9	[334, 333, 0, 0, 0, 0, 0, 0, 0]

 ### Operon type: 389

	 A0A011SIS0	[0, 546, 317, 317, 0, 0, 0, 333, 0]

 ### Operon type: 390

	 A0A011UT49	[0, 540, 0, 0, 0, 0, 185, 364, 0]

 ### Operon type: 391

	 A0A011VU65	[443, 0, 0, 0, 0, 480, 0, 0, 0]

 ### Operon type: 392

	 A0A011VV03	[0, 450, 0, 0, 449, 465, 0, 0, 0]

 ### Operon type: 393

	 A0A011VVZ9	[0, 0, -1, 0, 0, 448, 447, 447, 446]

 ### Operon type: 394

	 A0A011VWX7	[723, 381, 0, 0, 0, 0, 0, 489, 0]

 ### Operon type: 395

	 A0A011VXK7	[492, 492, 0, 475, 0, 0, 0, 619, 0]

 ### Operon type: 396

	 A0A011W0I6	[483, 0, 0, 0, 0, 500, 0, 510, 0]

 ### Operon type: 397

	 A0A010YEF6	[0, 483, 0, 0, 0, 0, 0, 0, 482]

 ### Operon type: 398

	 A0A013SQH1	[0, 0, 0, 0, 284, 703, 0, 358, 380]

 ### Operon type: 399

	 A0A009LNU8	[278, 280, 281, 282, 0, 25, 0, 358, 0]

 ### Operon type: 400

	 A0A013SRG6	[283, 282, 281, 280, 0, 279, 0, 278, 494]

 ### Operon type: 401

	 A0A009IQU8	[0, 280, 0, 0, 0, 279, 494, 0, 0]

 ### Operon type: 402

	 A0A010K2K8	[281, 282, 283, 0, 0, 0, 0, -1, 358]

 ### Operon type: 403

	 A0A011NPR8	[0, 494, 0, 0, 0, 0, 493, 0, 0]

 ### Operon type: 404

	 A0A010SEA2	[621, 493, 441, 0, 0, 0, 0, 0, 0]

 ### Operon type: 405

	 A0A009ZIC0	[46, 45, 223, 72, 222, 315, 44, 257, 221]

 ### Operon type: 406

	 A0A009ZB47	[78, 77, 0, 0, 0, 715, 236, 0, 0]

 ### Operon type: 407

	 A0A010RM40	[323, 499, 514, 0, 0, 0, 0, -1, 665]

 ### Operon type: 408

	 A0A010RRQ6	[0, 464, 0, 0, 0, 314, 223, 327, 0]

 ### Operon type: 409

	 A0A010S423	[276, 0, 0, 0, 0, 0, 0, 198, 460]

 ### Operon type: 410

	 A0A010T0I7	[0, 0, 482, 0, 0, 653, 596, 499, 0]

 ### Operon type: 411

	 A0A011AHU9	[0, 0, 0, 0, 0, 0, 0, 384, 511]

 ### Operon type: 412

	 A0A010YY02	[0, 386, 0, 0, 386, 630, 385, 0, 384]

 ### Operon type: 413

	 A0A011NA78	[0, 451, 0, 0, 0, 601, 0, 0, 665]

 ### Operon type: 414

	 A0A011P8W7	[708, 673, 723, 0, 650, 0, 0, 0, 0]

 ### Operon type: 415

	 A0A011PG97	[485, 0, 0, 484, 0, 0, 0, 0, 0]

 ### Operon type: 416

	 A0A011PKT4	[0, 703, 0, 0, 0, 0, 702, 0, 0]

 ### Operon type: 417

	 A0A011PLB2	[0, 708, 0, 707, 0, 0, 0, 0, 0]

 ### Operon type: 418

	 A0A011R339	[0, 0, 0, 0, 0, 0, 193, 192, 0]

 ### Operon type: 419

	 A0A011SFE5	[0, 0, 0, 492, 0, 0, 491, 672, 490]

 ### Operon type: 420

	 A0A011SJT5	[0, 0, 0, 446, 316, 316, 316, 316, 316]

 ### Operon type: 421

	 A0A011TDQ5	[0, 0, 0, 0, 90, 501, 0, 0, 0]

 ### Operon type: 422

	 A0A011UG17	[89, 0, 294, 0, 88, 443, 0, 0, 0]

 ### Operon type: 423

	 A0A011V8Z7	[0, 0, 0, 0, 0, 287, 286, 0, 0]

 ### Operon type: 424

	 A0A011VT01	[0, 0, 456, 0, 0, 456, 0, 0, 455]

 ### Operon type: 425

	 A0A011VYP6	[0, 0, 0, 0, 0, 0, 294, 535, 0]

 ### Operon type: 426

	 A0A011V392	[417, 0, 669, 416, 415, 414, 0, 413, 412]

 ### Operon type: 427

	 A0A009Q0U9	[404, 102, 101, 0, 59, 58, -1, -1, 0]

 ### Operon type: 428

	 A0A010SRB2	[41, 40, 0, 0, 0, 40, 39, 0, 0]

 ### Operon type: 429

	 A0A011VJ76	[365, 365, 364, 471, 0, 499, 505, 0, 673]

 ### Operon type: 430

	 A0A013SKX6	[0, 0, 462, 0, 291, 291, 326, 290, 289]

 ### Operon type: 431

	 A0A010KA25	[236, 0, 488, 301, 163, 0, 0, 236, 310]

 ### Operon type: 432

	 A0A011WUA8	[543, 0, 0, 250, 0, 0, 0, 249, 249]

 ### Operon type: 433

	 A0A010S4X6	[0, 313, 514, 676, 244, 0, 563, 716, 527]

 ### Operon type: 434

	 A0A011U8C0	[0, 168, 167, 0, 166, 165, 0, 0, 0]
