
 ### Operon type: 1

	 A0A010ILU3	[465, 464, 463, 500, 462, 461, 460, 459, 458]
	 A0A009QBR9	[465, 464, 463, 500, 462, 461, 459, 458, 285]
	 A0A009QS71	[465, 464, 463, 500, 462, 461, 460, 459, 458]
	 A0A009MW50	[465, 464, 463, 500, 462, 461, 460, 459, 458]
	 A0A009H3B0	[465, 464, 463, 500, 462, 461, 460, 459, 458]
	 A0A009I8S2	[465, 464, 463, 500, 462, 461, 459, 458, 285]
	 A0A009TM70	[465, 464, 463, 500, 462, 461, 459, 458, 285]

 ### Operon type: 2

	 A0A013TH43	[493, 492, 786, 491, 490, 489, 488, 487, 564]
	 A0A009RAF0	[493, 492, 786, 491, 490, 489, 488, 487, 564]

 ### Operon type: 3

	 A0A011PVT3	[792, 633, 632, 631, 636, 630, 629, 628, 627]
	 A0A011R7V7	[792, 633, 632, 631, 636, 630, 629, 628, 627]
	 A0A011MET3	[792, 633, 632, 631, 636, 630, 629, 628, 627]

 ### Operon type: 4

	 A0A013SNJ8	[442, 384, 458, 383, 382, 381, 391, 380, 379]
	 A0A013RZW2	[442, 384, 458, 383, 382, 381, 391, 380, 379]
	 A0A009IV03	[442, 384, 458, 383, 382, 381, 391, 380, 379]
	 A0A009PH20	[442, 384, 458, 383, 382, 381, 391, 380, 379]
	 A0A009MMM3	[442, 384, 458, 383, 382, 381, 391, 380, 379]
	 A0A010J9U3	[442, 384, 458, 383, 382, 381, 391, 380, 379]
	 A0A009HBT3	[442, 384, 458, 383, 382, 381, 391, 380, 379]
	 A0A009SIZ4	[442, 384, 458, 383, 382, 381, 391, 380, 379]
	 A0A009RD69	[442, 384, 458, 383, 382, 381, 391, 380, 379]
	 A0A009YIZ0	[442, 384, 458, 383, 382, 381, 391, 380, 379]

 ### Operon type: 5

	 A0A009PH57	[237, 236, -1, 235, 234, 751, 233, 576, 232]
	 A0A009TG92	[237, 236, -1, 235, 234, 751, 233, 576, 232]

 ### Operon type: 6

	 A0A013S288	[554, 366, 365, 364, 381, 363, 362, 361, 360]
	 A0A009I0I9	[554, 366, 365, 364, 381, 363, 362, 361, 360]
	 A0A013SXT2	[554, 366, 365, 364, 381, 363, 362, 361, 360]
	 A0A009N031	[554, 366, 365, 364, 381, 363, 362, 361, 360]
	 A0A010J3I1	[554, 366, 365, 364, 381, 363, 362, 361, 360]
	 A0A009PWG1	[554, 366, 365, 364, 381, 363, 362, 361, 360]
	 A0A009R2X0	[554, 366, 365, 364, 381, 363, 362, 361, 360]
	 A0A009SFX8	[554, 366, 365, 364, 46, 381, 363, 362, 361]
	 A0A009TBM2	[366, 365, 364, 46, 381, 363, 362, 361, 360]

 ### Operon type: 7

	 A0A013T8M5	[508, 713, 507, 506, 505, 504, 503, 502, 501]
	 A0A010IMP8	[508, 713, 507, 506, 505, 504, 503, 502, 501]
	 A0A009IRJ6	[508, 713, 507, 506, 505, 504, 503, 502, 501]
	 A0A013SZ54	[508, 713, 507, 506, 505, 504, 503, 502, 501]
	 A0A009N123	[508, 713, 507, 506, 505, 504, 503, 502, 501]
	 A0A009Q3K7	[508, 713, 507, 506, 505, 504, 503, 502, 501]
	 A0A009H7U0	[508, 713, 507, 506, 505, 504, 503, 502, 501]
	 A0A009SWU0	[508, 713, 507, 506, 505, 504, 503, 502, 501]
	 A0A009RBQ2	[508, 713, 507, 506, 505, 504, 503, 502, 501]
	 A0A009ZM43	[-1, 713, 507, 506, 505, 504, 503, 502, 501]

 ### Operon type: 8

	 A0A013RMD0	[-1, 375, 638, 374, 373, 643, 372, 371, 370]
	 A0A009RG92	[-1, 375, 638, 374, 373, 643, 372, 371, 370]
	 A0A009QDV7	[-1, 375, 638, 374, 373, 643, 372, 371, 370]
	 A0A009N9Z1	[-1, 375, 638, 374, 373, 643, 372, 371, 370]
	 A0A010JDA6	[-1, 375, 638, 374, 373, 643, 372, 371, 370]
	 A0A009H6M2	[-1, 375, 638, 374, 373, 643, 372, 371, 370]
	 A0A009S854	[-1, 375, 638, 374, 373, 643, 372, 371, 370]
	 A0A009IHQ3	[-1, 375, 638, 374, 373, 643, 372, 371, 370]
	 A0A009ZIC0	[146, 375, 638, 374, 373, 643, 372, 371, 370]

 ### Operon type: 9

	 A0A011UIA1	[423, 422, 421, 420, 419, 418, 417, 416, 0]
	 A0A011V5V3	[0, 423, 422, 421, 420, 419, 418, 417, 416]

 ### Operon type: 10

	 A0A011PTE7	[672, 671, 670, 669, 668, 0, 667, 666, 665]
	 A0A011NE72	[672, 671, 670, 669, 668, 667, 666, 665, 0]

 ### Operon type: 11

	 A0A010JWJ1	[319, 318, 659, 317, 316, 315, 314, 313, 312]
	 A0A009I4A1	[319, 318, 659, 317, 316, 315, 314, 313, 312]

 ### Operon type: 12

	 A0A009QF22	[175, 174, 319, 0, 316, 315, 314, 313, 312]
	 A0A009TBY8	[175, 174, 319, 317, 316, 315, 314, 313, 312]

 ### Operon type: 13

	 A0A011NEY3	[586, 707, 706, 705, 705, 704, 703, 702, 0]

 ### Operon type: 14

	 A0A011PAN4	[707, 706, 0, 705, 705, 704, 703, 702, 701]

 ### Operon type: 15

	 A0A011RCD5	[586, 707, 706, 705, 705, 704, 703, 702, 701]

 ### Operon type: 16

	 A0A011P4U7	[0, 726, 725, 724, 723, 722, 721, 720, 719]
	 A0A011NAY5	[726, 725, 724, 723, 722, 721, 720, 719, 0]

 ### Operon type: 17

	 A0A011PF67	[698, 697, 696, 695, 694, 0, 0, 0, 0]
	 A0A011NBX7	[698, 697, 696, 695, 694, 655, 0, 0, 0]
	 A0A011NW66	[698, 697, 696, 695, 694, 655, 0, 0, 0]

 ### Operon type: 18

	 A0A011NS68	[698, 697, 696, 695, 694, 606, 605, 611, 731]
	 A0A011RHX4	[698, 697, 696, 695, 694, 606, 605, 611, 0]

 ### Operon type: 19

	 A0A010YT39	[0, 609, 33, 637, 32, 31, 30, 29, 343]

 ### Operon type: 20

	 A0A010Z7T4	[33, 637, 32, 31, 30, 29, 343, 634, 678]

 ### Operon type: 21

	 A0A013SP43	[393, 392, 391, 390, 389, 388, 387, 386, 385]
	 A0A010K6G6	[393, 392, 391, 390, 389, 388, 387, 0, 385]
	 A0A009RUN3	[393, 392, 391, 390, 389, 388, 387, 386, 385]

 ### Operon type: 22

	 A0A011VWR4	[0, 0, 0, 0, 161, 160, 159, 158, 157]

 ### Operon type: 23

	 A0A011VYP6	[161, 160, 159, 158, 157, 0, 156, 631, 0]

 ### Operon type: 24

	 A0A011QAS2	[0, 812, 811, 810, 809, 808, 807, 806, 805]
	 A0A011NEQ1	[0, 812, 811, 810, 809, 808, 807, 806, 805]

 ### Operon type: 25

	 A0A010JSI3	[651, 650, 649, 648, 647, 646, 645, 644, 0]
	 A0A009RGL2	[651, 650, 649, 648, 647, 646, 645, 644, 320]
	 A0A013T0M4	[651, 650, 649, 648, 647, 646, 645, 644, 0]
	 A0A009HDS5	[651, 650, 649, 648, 647, 646, 645, 644, 320]

 ### Operon type: 26

	 A0A009SNL0	[104, 103, 344, 113, 112, 111, 110, 109, 108]

 ### Operon type: 27

	 A0A009T1I8	[344, 113, 112, 111, 110, 109, 108, 0, 0]

 ### Operon type: 28

	 A0A011VW71	[0, 95, 94, 93, 92, 91, 90, 782, 89]
	 A0A011VUV0	[95, 94, 93, 92, 91, 90, 782, 89, 0]

 ### Operon type: 29

	 A0A011UG71	[84, 304, 83, 88, 87, 305, 86, 303, 85]

 ### Operon type: 30

	 A0A011V8Z7	[0, 0, 84, 304, 83, 88, 87, 305, 86]

 ### Operon type: 31

	 A0A011V8Y9	[88, 87, 305, 86, 303, 85, 0, 0, 0]

 ### Operon type: 32

	 A0A011U8C0	[0, 305, 304, 0, 573, 303, 0, 0, 0]

 ### Operon type: 33

	 A0A011QSF0	[0, 869, 868, 867, 866, 865, 864, 863, 0]
	 A0A011QBB5	[758, 869, 868, 867, 866, 865, 864, 863, 757]
	 A0A011Q0X6	[758, 869, 868, 867, 866, 865, 864, 863, 757]
	 A0A011Q1X8	[869, 0, 868, 867, 866, 865, 864, 863, 757]

 ### Operon type: 34

	 A0A011PG87	[758, 869, 868, 867, 866, 865, 864, 0, 0]

 ### Operon type: 35

	 A0A011PCT1	[856, 855, 854, 0, 0, 0, 0, 787, 0]

 ### Operon type: 36

	 A0A011QU35	[0, 0, 0, 0, 857, 0, 856, 855, 854]

 ### Operon type: 37

	 A0A011Q2B1	[860, 742, 857, 791, 854, 790, 789, 788, 787]

 ### Operon type: 38

	 A0A011RLN8	[859, 858, 857, 791, 854, 790, 789, 788, 787]

 ### Operon type: 39

	 A0A011P700	[0, 0, 862, 861, 860, 742, 857, 791, 854]

 ### Operon type: 40

	 A0A011QSI4	[0, 0, 862, 861, 860, 0, 859, 858, 857]

 ### Operon type: 41

	 A0A013T337	[660, 640, 523, 522, 521, 836, 520, 839, 519]
	 A0A013TH30	[660, 640, 523, 522, 521, 836, 520, 839, 519]
	 A0A013S981	[355, 660, 640, 523, 522, 521, 836, 520, 839]

 ### Operon type: 42

	 A0A010JY00	[355, 660, 640, 523, 311, 836, 520, 839, 519]

 ### Operon type: 43

	 A0A013TPV4	[405, 404, 403, 402, 401, 400, 777, 659, 399]
	 A0A009QQ47	[405, 404, 403, 402, 401, 400, 777, 659, 399]
	 A0A009MGJ1	[405, 404, 403, 402, 401, 400, 777, 659, 399]
	 A0A010IZE4	[405, 404, 403, 402, 401, 400, 777, 659, 399]
	 A0A009SZB5	[405, 404, 403, 402, 401, 400, 777, 659, 399]
	 A0A009HL81	[405, 404, 403, 402, 401, 400, 777, 659, 399]
	 A0A009HR98	[405, 404, 403, 402, 401, 400, 777, 659, 399]

 ### Operon type: 44

	 A0A009Z8F7	[404, 403, 400, 0, 401, 5, 5, 0, 47]

 ### Operon type: 45

	 A0A009HFU9	[150, 149, 148, 147, 146, 486, 145, 144, 0]
	 A0A009R016	[150, 149, 148, 147, 146, -1, 486, 145, 144]

 ### Operon type: 46

	 A0A011UJN3	[0, 562, 0, 0, 561, 560, 559, 558, 557]

 ### Operon type: 47

	 A0A011W213	[561, 560, 559, 558, 557, 585, 0, 0, 0]

 ### Operon type: 48

	 A0A011QUG8	[853, 852, 851, 850, 849, 848, 0, 847, 846]
	 A0A011QIT1	[853, 852, 851, 850, 849, 848, 847, 846, 835]

 ### Operon type: 49

	 A0A011PP01	[681, 680, 679, 682, 735, 736, 737, 738, 739]
	 A0A011NVE7	[681, 680, 679, 682, 735, 736, 737, 738, 739]

 ### Operon type: 50

	 A0A011P2I4	[815, 683, 740, 739, 738, 737, 736, 735, 682]
	 A0A011N9N8	[815, 683, 740, 739, 738, 737, 736, 735, 682]

 ### Operon type: 51

	 A0A011PIY7	[741, 0, 740, 739, 738, 737, 736, 0, 682]

 ### Operon type: 52

	 A0A011Q3J4	[0, 741, 740, 739, 738, 737, 736, 735, 0]

 ### Operon type: 53

	 A0A011MH88	[613, 741, 740, 739, 738, 737, 736, 735, 682]

 ### Operon type: 54

	 A0A013SPM5	[517, 516, 515, 514, 513, 512, 511, 510, 509]
	 A0A009QFZ7	[517, 516, 515, 514, 513, 512, 511, 510, 509]
	 A0A009MH71	[517, 516, 515, 514, 513, 512, 511, 510, 509]
	 A0A010IX62	[517, 516, 515, 514, 513, 512, 511, 510, 509]
	 A0A009HSL1	[517, 516, 515, 514, 513, 512, 511, 510, 509]
	 A0A009I6Z0	[517, 516, 515, 514, 513, 512, 511, 510, 509]
	 A0A009TK03	[517, 516, 515, 514, 513, 512, 511, 510, 509]

 ### Operon type: 55

	 A0A009ZIX8	[0, 6, 515, 514, 513, 25, 0, 509, 0]

 ### Operon type: 56

	 A0A010JJN4	[479, 478, 477, 476, 475, 474, 473, 715, 661]
	 A0A013TPR7	[479, 478, 477, 476, 475, 474, 473, 715, 661]
	 A0A009PMT3	[479, 478, 477, 476, 475, 474, 473, 715, 661]
	 A0A009NI48	[479, 478, 477, 476, 475, 474, 473, 715, -1]
	 A0A009HJJ5	[479, 478, 477, 476, 475, 474, 473, 715, 106]
	 A0A009SEP4	[479, 478, 477, 476, 475, 0, 474, 473, 0]
	 A0A009RMI1	[479, 478, 477, 476, 475, 474, 473, 715, 0]
	 A0A009I8I7	[479, 478, 477, 476, 475, 474, 473, 715, 106]
	 A0A009YG45	[0, 479, 478, 477, 475, 0, 474, 473, 715]

 ### Operon type: 57

	 A0A013TPQ9	[411, 410, 409, 408, 407, 659, 763, 406, 662]
	 A0A013S8F0	[411, 410, 409, 408, 407, 659, 763, 406, 662]
	 A0A009PMU2	[411, 410, 409, -1, 407, 659, 763, 406, 662]
	 A0A010IZH1	[-1, 410, 409, 408, 407, 659, 763, 406, 662]
	 A0A009HJM0	[411, 410, 409, 408, 407, 659, 763, 406, 662]
	 A0A009SZ84	[411, 410, 409, 408, 407, 659, 763, 406, 662]

 ### Operon type: 58

	 A0A009HUS9	[410, 409, 0, 408, 407, 265, -1, 266, 267]

 ### Operon type: 59

	 A0A009ISE1	[474, 473, 715, 267, 266, -1, 265, 407, 408]

 ### Operon type: 60

	 A0A009NPS1	[411, 410, 409, 408, 407, -1, 715, 473, 474]

 ### Operon type: 61

	 A0A013SB36	[354, 353, 352, 351, 350, 543, 542, 349, 348]
	 A0A009QSI3	[354, 353, 352, 351, 350, 543, 542, 349, -1]

 ### Operon type: 62

	 A0A010ITP2	[354, 353, 352, 351, 350, 543, 542, 0, 0]

 ### Operon type: 63

	 A0A009SII9	[-1, 353, 352, 351, 350, 543, 542, 116, 115]

 ### Operon type: 64

	 A0A009T0Q9	[350, 543, 542, 116, 115, 348, 613, 659, 114]

 ### Operon type: 65

	 A0A009YJF4	[0, 543, 542, 134, 133, 613, 659, 0, 114]

 ### Operon type: 66

	 A0A009GP96	[0, 143, 659, 634, 308, 142, 486, 141, 140]

 ### Operon type: 67

	 A0A009GSR4	[634, 308, 142, 486, 141, 140, 140, 139, 0]

 ### Operon type: 68

	 A0A009IIT6	[143, 659, 634, 308, 141, 140, 140, 139, 0]

 ### Operon type: 69

	 A0A011SQL0	[730, 575, -1, 574, 573, 572, 571, 570, 569]
	 A0A011UZ49	[575, -1, 574, 573, 572, 571, 570, 569, 0]

 ### Operon type: 70

	 A0A009PT82	[683, 760, 198, 197, 270, 269, 268, 196, 195]
	 A0A009SIF9	[683, 760, 198, 197, 270, 269, 268, 196, 195]

 ### Operon type: 71

	 A0A009IS10	[271, 0, 0, 0, 270, 269, 268, 0, 0]

 ### Operon type: 72

	 A0A009QHW5	[0, 0, 0, 465, 270, 269, 268, 0, 173]

 ### Operon type: 73

	 A0A011UVB4	[0, 0, 0, 125, 0, 0, 271, 0, 89]

 ### Operon type: 74

	 A0A011V107	[429, -1, 548, 546, 549, 545, 428, 427, 0]
	 A0A011U7M7	[0, 429, -1, 548, 546, 549, 545, 428, 427]

 ### Operon type: 75

	 A0A011TLH0	[550, 549, 548, 547, 546, 545, 0, 0, 0]

 ### Operon type: 76

	 A0A011UG87	[602, 603, 604, 550, 549, 548, 547, 546, 545]

 ### Operon type: 77

	 A0A011TLH7	[604, 603, 602, 0, 0, 0, 0, 0, 0]

 ### Operon type: 78

	 A0A011TWN2	[601, 600, 599, 598, 597, 596, 595, 0, 0]
	 A0A011TAF9	[0, 0, 601, 600, 599, 598, 597, 596, 595]

 ### Operon type: 79

	 A0A011Q5V7	[830, 0, 0, 0, 829, 828, 827, 826, 825]

 ### Operon type: 80

	 A0A011RM25	[829, 828, 827, 826, 825, 844, 0, 786, 0]

 ### Operon type: 81

	 A0A011QDV3	[766, 765, 764, 763, 762, 761, 760, 0, 759]
	 A0A011QIE8	[766, 765, 764, 763, 762, 761, 759, 0, 0]

 ### Operon type: 82

	 A0A011QAB0	[819, 818, 817, 0, 816, 815, 814, 813, 0]
	 A0A011PL71	[529, 819, 818, 817, 816, 815, 814, 813, 0]

 ### Operon type: 83

	 A0A011Q6N5	[824, 823, 822, 0, 0, 0, 821, 820, 821]

 ### Operon type: 84

	 A0A011SGD5	[0, 0, 0, 0, 0, 0, 824, 823, 822]

 ### Operon type: 85

	 A0A011NYU6	[753, 752, 0, 751, 750, 27, 26, 0, 749]

 ### Operon type: 86

	 A0A011PYI6	[753, 752, 0, 751, 750, 749, 748, 770, 0]

 ### Operon type: 87

	 A0A011P1C0	[0, 0, 27, 26, 749, 0, 0, 0, 0]

 ### Operon type: 88

	 A0A011N4G4	[0, 0, 537, 536, 535, 551, 535, 534, 533]
	 A0A011PKU5	[537, 536, 535, 551, 535, 534, 533, 0, 0]

 ### Operon type: 89

	 A0A010ZWJ8	[21, 20, 19, 678, 18, 712, 589, 712, 17]

 ### Operon type: 90

	 A0A011AHW1	[18, 678, 19, 20, 21, 0, 0, 22, 0]

 ### Operon type: 91

	 A0A011AHU9	[589, 712, 17, 0, 0, 0, 0, 9, 613]

 ### Operon type: 92

	 A0A010ZX98	[16, 15, 14, 13, 12, 11, 763, 763, 0]

 ### Operon type: 93

	 A0A011AIL7	[12, 13, 14, 15, 16, 0, 0, 0, 0]

 ### Operon type: 94

	 A0A010YF95	[831, 38, 847, 37, 36, 36, 35, 563, 34]

 ### Operon type: 95

	 A0A010ZJQ6	[38, 847, 37, 36, 36, 35, 563, 34, 0]

 ### Operon type: 96

	 A0A009GXL8	[137, 136, 135, 134, 133, 317, 132, 172, 171]

 ### Operon type: 97

	 A0A010JIW7	[137, 136, 135, 134, 133, 0, 0, 132, 172]

 ### Operon type: 98

	 A0A011QNA5	[0, 624, 623, 622, 0, 621, 620, 619, 618]
	 A0A009ZLJ7	[618, 619, 620, 621, 0, 0, 624, 623, 622]

 ### Operon type: 99

	 A0A013T0T6	[621, 620, 619, 618, 528, 527, 526, 525, 524]
	 A0A009QMH5	[621, 620, 619, 618, 528, 527, 526, 525, 524]
	 A0A009ISY0	[621, 620, 619, 618, 528, 264, 526, 525, 524]
	 A0A009PE10	[621, 620, 619, 618, 528, 264, 526, 525, -1]
	 A0A009HAX1	[621, 620, 619, 618, 528, 527, 526, 525, 524]
	 A0A009RMD0	[621, 620, 619, 618, 528, 264, 526, 525, 524]

 ### Operon type: 100

	 A0A010ILW6	[621, 620, 619, 618, 528, 527, 0, 0, 525]

 ### Operon type: 101

	 A0A009Z9X7	[620, 619, 618, 0, 528, 0, 843, 0, 525]

 ### Operon type: 102

	 A0A013S8V2	[358, 357, 0, 0, 0, 356, 0, 0, 0]
	 A0A009R8E1	[0, 61, 0, 358, 357, 0, 0, 356, 0]

 ### Operon type: 103

	 A0A009ICH6	[442, 188, 187, 186, 311, 66, 65, 64, 839]
	 A0A009ZFR5	[442, 188, 187, 186, 311, 66, 65, 64, 839]

 ### Operon type: 104

	 A0A009NQA1	[442, 188, 187, 186, 185, 184, 523, 839, 836]
	 A0A009RR21	[442, 188, 187, 186, 185, 184, 523, 839, 836]

 ### Operon type: 105

	 A0A009HTN9	[442, 188, 187, 186, 185, 184, 120, 793, 119]
	 A0A009T3J5	[442, 188, 187, 186, 185, 184, 120, 793, 119]

 ### Operon type: 106

	 A0A009Q0U9	[442, 188, 187, 186, 185, 184, -1, -1, 0]

 ### Operon type: 107

	 A0A009QEG7	[284, 283, 282, 281, 280, 279, 278, 277, 276]
	 A0A009IPC3	[284, 283, 282, 281, 280, 279, 278, 277, 276]

 ### Operon type: 108

	 A0A009I573	[124, 0, 220, 221, 0, 222, 280, 281, 282]

 ### Operon type: 109

	 A0A009ILP9	[277, 0, 282, 281, 280, 222, 276, 221, 220]

 ### Operon type: 110

	 A0A009I953	[277, 0, 282, 281, 280, 222, 276, 0, -1]

 ### Operon type: 111

	 A0A009SX74	[691, 731, 0, 221, 276, 277, 283, 284, 105]

 ### Operon type: 112

	 A0A010IPH1	[455, 454, 658, 453, 452, 451, 450, 449, 567]
	 A0A009MMG9	[455, 454, 658, 453, 452, 451, 450, 449, 567]
	 A0A009ICP5	[455, 454, 658, 453, 452, 451, 450, 449, 567]
	 A0A009QVK8	[455, 454, 658, 453, 452, 451, 450, 449, 567]

 ### Operon type: 113

	 A0A009SIV4	[129, 128, 127, 126, 452, 451, 450, 449, 567]
	 A0A009HTW0	[129, 128, 127, 126, 452, 451, 450, 449, 567]
	 A0A009QLL2	[129, 128, 127, 126, 452, 451, 450, 449, 567]
	 A0A013TSJ4	[128, 127, 0, 126, 452, 451, 450, 449, 567]

 ### Operon type: 114

	 A0A013TCN9	[500, 499, 498, 497, 496, 495, 494, 659, 763]
	 A0A009QNC9	[500, 499, 498, 497, 496, 495, 494, 659, 763]
	 A0A010ITG1	[500, 499, 498, 497, 496, 495, 494, 659, 763]
	 A0A009NIJ3	[500, 499, 498, 497, 496, 495, 494, 659, 763]
	 A0A013TRC1	[500, 499, 498, 497, 496, 495, 494, 659, 763]

 ### Operon type: 115

	 A0A009H935	[0, 0, 498, 497, 496, 495, 494, 659, 763]

 ### Operon type: 116

	 A0A009IMX3	[448, 447, 446, 445, 444, 217, 217, 770, 216]
	 A0A009QEX0	[448, 447, 446, 445, 444, 217, 217, 770, 216]
	 A0A009SF48	[448, 447, 446, 445, 444, -1, 217, 770, 216]

 ### Operon type: 117

	 A0A010ISX2	[448, 447, 446, 445, 444, 443, 442, 441, 440]
	 A0A013S7V1	[448, 447, 446, 445, 444, 443, 442, 441, 440]
	 A0A009RES7	[448, 447, 446, 445, 444, 443, 442, 441, 440]
	 A0A009MR00	[448, 447, 446, 445, 444, 443, 442, 441, 440]

 ### Operon type: 118

	 A0A009YTT3	[3, 146, 446, 445, 444, 443, 442, 441, 440]

 ### Operon type: 119

	 A0A009GYP9	[0, 0, 0, 445, 444, 443, 442, 441, 440]

 ### Operon type: 120

	 A0A009ZZC8	[-1, 103, 104, 3, 146, 446, 445, 444, 443]

 ### Operon type: 121

	 A0A011WSE5	[209, 208, 207, 206, 205, 204, 203, 202, 340]
	 A0A011UGX8	[97, 209, 208, 207, 206, 205, 204, 203, 202]

 ### Operon type: 122

	 A0A011VZG0	[339, 0, 97, 209, 208, 207, 206, 205, 204]

 ### Operon type: 123

	 A0A009PJF7	[231, 230, 230, 229, 228, 227, 226, 225, 224]
	 A0A009SJZ7	[125, 231, 230, 229, 228, 227, 226, 225, 224]

 ### Operon type: 124

	 A0A009Z5G0	[227, 229, 230, 0, 578, 231, 125, 377]

 ### Operon type: 125

	 A0A010JJC1	[767, 472, 471, 470, 469, 468, 467, 480, 466]
	 A0A010IZ41	[472, 471, 470, 469, 468, 467, 480, 466, 391]

 ### Operon type: 126

	 A0A009QJL6	[767, 472, 471, 470, 0, 466, 391, 170, 0]

 ### Operon type: 127

	 A0A013TB41	[398, -1, 397, 396, 395, 683, 454, 728, 394]
	 A0A013SGL3	[398, 347, 397, 396, 395, 683, 454, 728, 394]
	 A0A010KAV2	[398, 347, 397, 396, 395, 683, 454, 728, 394]
	 A0A009PG53	[398, 347, 397, 396, 395, 683, 454, 728, 394]
	 A0A009NE81	[398, 347, 397, 396, 395, 683, 454, 728, 394]
	 A0A009RQH3	[398, 347, 397, 396, 395, 683, 454, 728, 394]
	 A0A009I5Z6	[398, 347, 397, 396, 395, 683, 454, 728, 394]
	 A0A009SHB3	[398, 347, 397, 396, 395, 683, 454, 728, 394]

 ### Operon type: 128

	 A0A009H3X4	[398, 347, 397, 396, 395, 683, -1, 641, -1]

 ### Operon type: 129

	 A0A009PIB4	[0, 0, 0, 194, 193, 192, 486, 659, 815]
	 A0A009SLR5	[0, 0, 0, 194, 193, 192, 486, 659, 815]

 ### Operon type: 130

	 A0A009HSU4	[0, 0, 565, 659, 0, 683, 728, 815, 486]

 ### Operon type: 131

	 A0A009I463	[778, 99, 98, 381, 381, 343, 342, 341, 183]
	 A0A009PAG1	[778, 99, 98, 381, 381, 343, 342, 341, 183]

 ### Operon type: 132

	 A0A013SKX6	[0, 0, 778, 0, 381, 381, 343, 342, 341]

 ### Operon type: 133

	 A0A011Q5S3	[835, 834, 0, 0, 0, 0, 833, 832, 831]

 ### Operon type: 134

	 A0A011UZZ4	[0, 833, 832, 0, 0, 0, 435, 435, 831]

 ### Operon type: 135

	 A0A011UTJ0	[0, 0, 0, 72, 71, 70, 721, 69, 68]

 ### Operon type: 136

	 A0A011VMV7	[72, 71, 70, 721, 69, 68, 415, 414, 413]

 ### Operon type: 137

	 A0A011NYT4	[718, 717, 716, 715, 0, 544, 544, 543, 542]

 ### Operon type: 138

	 A0A011P8E9	[0, 0, 718, 717, 0, 716, 715, 0, 0]

 ### Operon type: 139

	 A0A010TF34	[0, -1, 0, 0, 53, 52, 51, 50, 49]
	 A0A010SYH9	[53, 52, 51, 50, 49, 0, 0, 0, 0]

 ### Operon type: 140

	 A0A010S7A1	[167, 166, 165, 164, 0, 163, 0, 0, 0]
	 A0A010TFJ4	[0, -1, 0, 167, 166, 165, 164, -1, 163]

 ### Operon type: 141

	 A0A009PAV9	[252, -1, 658, 251, 381, 486, 250, 249, 248]
	 A0A009HJC2	[252, 763, 658, 251, 381, 486, 250, 249, 248]

 ### Operon type: 142

	 A0A009SE02	[0, 248, 0, 0, 0, 249, 250, 486, 381]

 ### Operon type: 143

	 A0A009HS41	[728, 442, 708, 439, 238, 659, 659, 437, 436]
	 A0A009RSB7	[728, 442, 708, 439, 238, 659, 659, 437, 436]
	 A0A009SYU8	[728, 442, 708, 439, 238, 659, 659, 437, 436]

 ### Operon type: 144

	 A0A010IT25	[728, 442, 708, 439, 438, 659, 659, 437, 436]
	 A0A013SHA9	[728, 442, 708, 439, 438, 659, 659, 437, 436]
	 A0A009I466	[728, 442, 708, 439, 438, 659, 659, 437, 436]

 ### Operon type: 145

	 A0A009NMQ9	[728, 442, 708, 439, 438, 0, 659, 659, 437]

 ### Operon type: 146

	 A0A009P8A9	[0, 0, 708, 439, 238, 659, 659, 437, 436]

 ### Operon type: 147

	 A0A009ITT8	[263, 262, 261, 326, 325, 260, 324, 323, 322]
	 A0A009NJ90	[263, 262, 261, 326, 325, 223, 260, 324, 323]

 ### Operon type: 148

	 A0A009NCH6	[256, 324, 323, 322, 255, 254, 253, 131, 130]
	 A0A009IJ01	[324, 323, 322, 321, 255, 254, 253, 131, 130]

 ### Operon type: 149

	 A0A009RQL5	[324, 323, 322, 118, 255, 254, 253, 131, 0]

 ### Operon type: 150

	 A0A009MGQ8	[325, 0, 256, 324, 323, 322, 255, 254, 253]

 ### Operon type: 151

	 A0A009IJ07	[329, 328, 327, 326, 325, 324, 323, 322, 321]
	 A0A009S6G1	[329, 328, 327, 326, 325, 324, 323, 322, 255]
	 A0A009RHH7	[329, 328, 327, 326, 325, 223, 324, 323, 322]

 ### Operon type: 152

	 A0A009HZK2	[327, 326, 325, 324, 323, 322, 321, 255, 254]

 ### Operon type: 153

	 A0A009R4N4	[326, 325, 223, 324, 323, 322, 118, 255, 254]

 ### Operon type: 154

	 A0A009S5A5	[325, 223, 260, 324, 323, 322, 321, 117, 255]

 ### Operon type: 155

	 A0A009RHH9	[0, 0, 0, 0, 412, 329, 328, 327, 326]

 ### Operon type: 156

	 A0A011PGU1	[0, 0, 690, 689, 688, 687, 686, 685, 684]
	 A0A011MDH1	[743, 0, 690, 689, 688, 687, 686, 685, 684]

 ### Operon type: 157

	 A0A011V0P4	[434, 433, 0, 0, 432, 0, 0, 431, 430]

 ### Operon type: 158

	 A0A011WPV7	[431, 430, 0, 0, 0, 0, 0, 0, 0]

 ### Operon type: 159

	 A0A011UDF3	[689, 300, 0, 0, 0, 594, 299, 298, 873]

 ### Operon type: 160

	 A0A011VSC9	[299, 298, 873, 0, 0, 0, 0, 0, 0]

 ### Operon type: 161

	 A0A011SF89	[775, 774, 773, 0, 0, 0, 0, 0, 0]

 ### Operon type: 162

	 A0A011UCX7	[0, 819, 775, 774, 0, 773, 301, 0, 0]

 ### Operon type: 163

	 A0A011RNP9	[0, 0, 0, 0, 0, 782, 814, 0, 0]

 ### Operon type: 164

	 A0A011V0B5	[778, 0, 0, 0, 0, 0, 782, 0, 0]

 ### Operon type: 165

	 A0A011RQC9	[0, 778, 777, 0, 0, 0, 0, 776, 0]

 ### Operon type: 166

	 A0A011QG28	[616, 615, 689, 0, 688, 687, 713, 614, 714]
	 A0A011RIM8	[616, 615, 0, 0, 688, 687, 713, 614, 714]

 ### Operon type: 167

	 A0A011PHI6	[734, 0, 733, 0, 0, 732, 850, 746, 0]

 ### Operon type: 168

	 A0A011QI68	[0, 0, 733, 732, 0, 0, 0, 0, 0]

 ### Operon type: 169

	 A0A011NVJ6	[583, 797, 796, 795, 794, 793, 0, 0, 582]

 ### Operon type: 170

	 A0A011PVP2	[0, 797, 796, 795, 794, 793, 0, 0, 792]

 ### Operon type: 171

	 A0A011NXY7	[0, 0, 796, 0, 794, 0, 0, 0, 0]

 ### Operon type: 172

	 A0A011QR69	[841, 840, 839, 838, 837, 836, 0, 0, 0]
	 A0A011NUB4	[841, 840, 839, 838, 837, 836, 0, 585, 0]

 ### Operon type: 173

	 A0A011NN36	[840, 839, 0, 0, 837, 836, 0, 0, 0]

 ### Operon type: 174

	 A0A011PK69	[839, 532, 0, 0, 837, 836, 0, 0, 0]

 ### Operon type: 175

	 A0A011RMI6	[803, 802, 785, 784, 783, 801, 800, 799, 798]
	 A0A011NYD6	[803, 802, 785, 784, 783, 801, 800, 799, 798]

 ### Operon type: 176

	 A0A011QB28	[804, 803, 802, 0, 0, 801, 800, 799, 798]

 ### Operon type: 177

	 A0A011NF33	[0, 801, 800, 0, 0, 0, 0, 0, 0]

 ### Operon type: 178

	 A0A011NBY4	[654, 0, 0, 653, 0, 0, 652, 0, 0]

 ### Operon type: 179

	 A0A011WRT0	[654, 0, 0, 0, 0, 0, 0, 770, 0]

 ### Operon type: 180

	 A0A011SHV5	[0, 0, 0, 0, 0, 768, 770, 767, 0]

 ### Operon type: 181

	 A0A011NB95	[0, 845, 0, 0, 0, 0, 658, 657, 656]

 ### Operon type: 182

	 A0A011UHT4	[170, 96, 657, 0, 0, 55, 55, 656, 0]

 ### Operon type: 183

	 A0A010Z1W7	[0, 0, 0, 0, 0, 76, 0, 296, 297]

 ### Operon type: 184

	 A0A011VY84	[0, 0, 297, 296, 0, 0, 0, 0, 0]

 ### Operon type: 185

	 A0A010YW85	[0, 0, 0, 0, 0, 330, 0, 296, 297]

 ### Operon type: 186

	 A0A010ZMA0	[296, 663, 0, 0, 0, 0, 0, 0, 0]

 ### Operon type: 187

	 A0A011N5L2	[0, 0, 0, 663, 0, 662, 661, 0, 0]

 ### Operon type: 188

	 A0A009MJ75	[0, 0, 183, 182, 181, 0, 0, 0, 634]

 ### Operon type: 189

	 A0A010IH51	[0, 567, 0, 0, 181, 0, 634, 0, 0]

 ### Operon type: 190

	 A0A011TYT7	[0, 0, 0, 0, 0, 0, 567, 566, 566]

 ### Operon type: 191

	 A0A010RRR9	[0, 0, 0, 0, 636, 0, 0, 635, 634]

 ### Operon type: 192

	 A0A010SIA7	[0, 0, 635, 164, 0, 0, 0, 0, 0]

 ### Operon type: 193

	 A0A010RFQ9	[0, 0, 643, 0, 642, 0, 0, 0, 0]

 ### Operon type: 194

	 A0A010SPR9	[44, 44, 0, 0, 0, 642, 0, 0, 0]

 ### Operon type: 195

	 A0A009LNU8	[259, 258, 571, 310, 0, 257, 0, 486, 0]

 ### Operon type: 196

	 A0A013SRG6	[309, 310, 571, 258, 0, 214, 0, 259, 608]

 ### Operon type: 197

	 A0A009IQU8	[0, 258, 0, 0, 0, 214, 608, 0, 0]

 ### Operon type: 198

	 A0A010K2K8	[571, 310, 309, 0, 0, 0, 0, -1, 486]

 ### Operon type: 199

	 A0A011NPR8	[0, 608, 0, 0, 0, 0, 607, 0, 0]

 ### Operon type: 200

	 A0A010SEA2	[834, 607, 162, 0, 0, 0, 0, 0, 0]

 ### Operon type: 201

	 A0A010IGH8	[0, 0, 0, 0, 0, 0, 0, 367, 437]

 ### Operon type: 202

	 A0A010STD3	[0, 0, 0, 593, 592, 591, 0, 437, 367]

 ### Operon type: 203

	 A0A010SQJ5	[359, 453, 0, 593, 592, 591, 0, 0, 0]

 ### Operon type: 204

	 A0A013RVV2	[500, 0, 369, 368, 0, 0, 437, 367, 0]

 ### Operon type: 205

	 A0A011TD67	[594, 0, 0, 593, 592, 591, 590, 0, 589]

 ### Operon type: 206

	 A0A009ZC12	[0, 0, 0, 593, 0, 591, 590, 4, 871]

 ### Operon type: 207

	 A0A009YSC7	[0, 0, 652, 1, 0, 1, 369, 368, 0]

 ### Operon type: 208

	 A0A009ZJK4	[0, 0, 0, 0, 0, 0, 442, 41, 0]

 ### Operon type: 209

	 A0A010SVN1	[-1, 41, 659, 286, 552, 0, 0, 442, 0]

 ### Operon type: 210

	 A0A009PFK7	[244, 243, 242, 241, 240, 0, 0, 239, 0]
	 A0A009QGN4	[244, 243, 242, 241, 240, 239, 0, 0, 0]

 ### Operon type: 211

	 A0A009YR20	[0, 239, 0, 0, 0, 0, 243, 0, 0]

 ### Operon type: 212

	 A0A009SCM5	[102, 101, 100, 0, 0, 0, 0, 0, 0]

 ### Operon type: 213

	 A0A009TJ77	[105, 169, 0, 0, 0, 0, 102, 101, 100]

 ### Operon type: 214

	 A0A009HZV2	[0, 0, 0, 0, 275, 274, 223, 0, 0]

 ### Operon type: 215

	 A0A009QPE7	[0, 0, 0, 0, 275, 274, 0, 0, 0]

 ### Operon type: 216

	 A0A009MGR3	[0, 0, 294, 0, 518, 117, 147, 293, 292]

 ### Operon type: 217

	 A0A009Q4G0	[0, 295, 294, 0, 518, 0, 293, 292, 293]

 ### Operon type: 218

	 A0A009PB53	[0, 0, 247, 246, 518, 293, 292, 293, 245]

 ### Operon type: 219

	 A0A009PUJ8	[0, 247, 246, 518, 0, 245, 132, 172, 171]

 ### Operon type: 220

	 A0A009QQC0	[273, 0, 272, 659, 345, 345, 287, 406, 286]
	 A0A009H7I0	[273, 0, 0, 659, 345, 345, 287, 406, 286]

 ### Operon type: 221

	 A0A009MVG4	[272, 0, 346, 659, 345, 345, 287, 406, 286]

 ### Operon type: 222

	 A0A009QA91	[289, 288, 728, 659, 345, 345, 287, 406, 286]
	 A0A010J377	[289, 288, 728, 659, 345, 345, 287, 406, 286]

 ### Operon type: 223

	 A0A009S1X4	[289, 288, 728, 659, 345, 345, 659, 0, 233]

 ### Operon type: 224

	 A0A013SHF4	[0, 0, 346, 659, 345, 345, 0, 344, 0]

 ### Operon type: 225

	 A0A011N3C3	[0, 0, 0, 565, 540, 539, 626, 625, 538]
	 A0A011PJK8	[565, 540, 539, 626, 625, 538, 0, 0, 0]

 ### Operon type: 226

	 A0A011WKI4	[0, 0, 0, 0, 0, 610, 153, 152, 155]
	 A0A011UWH1	[610, 153, 152, 155, 0, 0, 0, 0, 0]

 ### Operon type: 227

	 A0A010YKP2	[0, 0, 0, 0, 0, 0, 582, 426, 0]

 ### Operon type: 228

	 A0A011V1A2	[433, 0, 0, 426, 0, 0, 0, 0, 0]

 ### Operon type: 229

	 A0A011NGS0	[0, 0, 0, 0, 756, 755, 0, 0, 0]

 ### Operon type: 230

	 A0A011PW61	[0, 0, 0, 0, 756, 755, 0, 0, 754]

 ### Operon type: 231

	 A0A011UXI1	[0, 530, 0, 0, 756, 755, 588, 0, 0]

 ### Operon type: 232

	 A0A011SWI9	[-1, -1, 0, 734, 756, 755, 588, -1, -1]

 ### Operon type: 233

	 A0A011P952	[755, 0, 709, 0, 0, 709, 0, 0, 0]

 ### Operon type: 234

	 A0A011Q1B3	[747, 746, 745, 744, 745, 792, 743, 0, 0]
	 A0A011QVV5	[0, 0, 747, 746, 745, 744, 745, 792, 743]

 ### Operon type: 235

	 A0A011NSG8	[0, 0, 0, 746, 745, 744, 0, 745, 0]

 ### Operon type: 236

	 A0A011P0X4	[0, 0, 743, 0, 745, 0, 0, 744, 61]

 ### Operon type: 237

	 A0A010YNY9	[0, 0, 77, 28, 0, 0, 0, 0, 67]

 ### Operon type: 238

	 A0A011AC71	[233, 0, 0, 555, 0, 77, 28, 0, 728]

 ### Operon type: 239

	 A0A011PRW6	[674, 0, 0, 0, 673, 802, 785, 0, 0]
	 A0A011QLX0	[0, 674, 0, 0, 673, 0, 802, 785, 0]

 ### Operon type: 240

	 A0A010SML6	[0, 802, 785, -1, 0, 731, 0, 0, 0]

 ### Operon type: 241

	 A0A010RS09	[0, 0, 0, 0, 50, 0, 641, 641, 0]

 ### Operon type: 242

	 A0A010RTE7	[0, 0, 0, 0, 0, 0, 50, 169, 0]

 ### Operon type: 243

	 A0A009P817	[291, 0, 0, 0, 191, 0, 332, 190, 189]

 ### Operon type: 244

	 A0A009TIY0	[0, 0, 0, 0, 191, 0, 332, 190, 0]

 ### Operon type: 245

	 A0A009QKA3	[332, 190, 0, 189, 0, 0, 0, 0, 244]

 ### Operon type: 246

	 A0A009HSR2	[0, 123, 122, 0, 121, 177, 178, 223, 179]

 ### Operon type: 247

	 A0A009SWM1	[0, 123, 122, 0, 121, 0, 0, 178, 0]

 ### Operon type: 248

	 A0A009MYX0	[180, 179, 0, 565, 0, 0, 178, 177, 176]

 ### Operon type: 249

	 A0A009QK79	[0, 0, 176, 177, 0, 178, 0, 0, 179]

 ### Operon type: 250

	 A0A009GXJ1	[425, 424, 177, 178, 138, 223, 179, 180, 0]

 ### Operon type: 251

	 A0A013TKW8	[0, 699, 0, 486, 485, 484, 483, 482, 481]
	 A0A010IT95	[0, 0, 0, 486, 485, 484, 483, 482, 481]
	 A0A009QT77	[0, 0, -1, 486, 485, 484, 483, 482, 481]
	 A0A009PRQ9	[0, 486, 199, 0, 485, 484, 483, 482, 481]
	 A0A009MH36	[0, 0, 0, 486, 485, 484, 483, 482, 481]
	 A0A009GWD0	[223, 0, 0, 486, 485, 484, 483, 482, 481]
	 A0A009S0T6	[0, 0, 486, 199, 485, 484, 483, 482, 481]
	 A0A009I5G9	[0, 0, 486, 199, 485, 484, 483, 482, 481]

 ### Operon type: 252

	 A0A013TMJ7	[763, -1, 0, 486, 485, 482, 481, 0, 0]

 ### Operon type: 253

	 A0A011V392	[333, 0, 676, 334, 335, 336, 0, 337, 338]
	 A0A011VXC2	[-1, 333, 0, 676, 334, 335, 336, 337, 338]

 ### Operon type: 254

	 A0A011V490	[339, 378, 0, 338, 337, 336, 335, 334, 676]

 ### Operon type: 255

	 A0A011VZF5	[0, 0, 334, 335, 336, 819, 378, 819, 0]

 ### Operon type: 256

	 A0A011WLE7	[0, 0, 0, 0, 0, 151, 0, 0, 0]
	 A0A011VU44	[0, 0, 0, 0, 0, 151, 0, 0, 0]

 ### Operon type: 257

	 A0A011VAP2	[0, 0, 81, 0, 0, 0, 0, 0, 212]

 ### Operon type: 258

	 A0A011VRJ8	[0, 0, 0, 0, 0, 0, 81, 0, 0]

 ### Operon type: 259

	 A0A011RNU1	[0, 0, 0, 0, 0, 0, 781, 781, 780]

 ### Operon type: 260

	 A0A011VKJ9	[0, 0, 0, 0, 0, 0, 780, 781, -1]

 ### Operon type: 261

	 A0A011PQZ7	[0, 0, 0, 678, 750, 0, 677, 0, 0]

 ### Operon type: 262

	 A0A011TUX4	[0, 0, 0, 0, 750, 0, 0, 677, 0]

 ### Operon type: 263

	 A0A011STZ9	[0, 0, 0, 677, 0, 0, 0, 0, 0]

 ### Operon type: 264

	 A0A011PRF5	[675, 0, 0, 0, 0, 0, 0, 0, 0]
	 A0A011PUJ9	[0, 0, 0, 0, 0, 0, 0, 0, 675]

 ### Operon type: 265

	 A0A011PFY8	[0, 0, 0, 0, 0, 0, 0, 0, 693]

 ### Operon type: 266

	 A0A011PNS3	[842, 693, 0, 0, 0, 0, 0, 0, 0]

 ### Operon type: 267

	 A0A011T648	[0, 693, 0, 0, 0, 0, 0, 839, 0]

 ### Operon type: 268

	 A0A010YYJ5	[0, 0, 0, 819, 0, 0, 0, 48, 48]

 ### Operon type: 269

	 A0A011NDM5	[819, 0, 0, 0, 0, 0, 0, 0, 0]

 ### Operon type: 270

	 A0A011MSR2	[0, 0, 0, 541, 0, 0, 0, 819, 819]

 ### Operon type: 271

	 A0A011WSU6	[0, 819, 0, 0, 337, 0, 0, 0, 0]

 ### Operon type: 272

	 A0A011U3C2	[0, 0, 713, 0, 0, 0, 0, 0, 0]
	 A0A011AEN3	[0, 0, 0, 0, 0, 0, 713, 0, 0]

 ### Operon type: 273

	 A0A011AAZ2	[0, 74, 0, 0, 0, 713, 713, 713, 0]

 ### Operon type: 274

	 A0A011T698	[0, 0, 0, 0, 0, 728, 713, 0, 0]

 ### Operon type: 275

	 A0A010YRE8	[0, 0, 0, 0, 0, 0, 0, 11, 0]

 ### Operon type: 276

	 A0A011AF05	[0, 0, 233, 11, 0, 0, 0, 0, 0]

 ### Operon type: 277

	 A0A009ZG48	[0, 0, 0, 699, 0, 0, 0, 0, 0]

 ### Operon type: 278

	 A0A011PEJ8	[0, 0, 700, 699, 0, 0, 0, 0, 0]

 ### Operon type: 279

	 A0A011QNJ7	[617, 0, 0, 699, 0, 0, 0, 617, 0]

 ### Operon type: 280

	 A0A011MMJ4	[0, 0, 0, 0, 0, 0, 0, 617, 0]

 ### Operon type: 281

	 A0A011R8M3	[0, 0, 700, 699, 0, 587, 0, 617, 0]

 ### Operon type: 282

	 A0A009ZC82	[0, 0, 730, 0, 0, 0, 0, 0, 0]

 ### Operon type: 283

	 A0A011P3F6	[731, 0, 0, 730, 0, 0, 0, 0, 0]

 ### Operon type: 284

	 A0A009IG48	[0, 0, 0, 219, 218, 0, 0, 0, 731]

 ### Operon type: 285

	 A0A009IMQ0	[0, 0, 0, 219, 218, 0, 0, 0, 0]

 ### Operon type: 286

	 A0A009SWV1	[0, 0, 0, 0, 0, 0, 0, 219, 0]

 ### Operon type: 287

	 A0A009Q512	[0, 0, 0, 0, 290, 0, 0, 0, 0]
	 A0A009PMZ9	[290, 0, 0, 0, 0, 0, 0, 0, 0]

 ### Operon type: 288

	 A0A009IFL2	[0, 63, 0, 62, -1, 0, 0, 0]

 ### Operon type: 289

	 A0A009ZDS1	[-1, -1, 0, 63, 0, 0, 472, 0, 0]

 ### Operon type: 290

	 A0A010SNM6	[79, 78, -1, 0, 0, 0, 763, 0, 0]

 ### Operon type: 291

	 A0A010T5D8	[78, 79, 0, -1, 0, -1, 391, 0, 0]

 ### Operon type: 292

	 A0A011UB51	[302, 0, 0, 0, 0, 0, 0, 0, 0]
	 A0A011UFH1	[0, 0, 0, 0, 0, 302, 0, 0, 0]

 ### Operon type: 293

	 A0A011V965	[0, -1, -1, 0, 82, 0, -1, -1, 0]
	 A0A011VHP2	[0, -1, -1, -1, 82, 0, 0, 0, 0]

 ### Operon type: 294

	 A0A010RVD0	[-1, 0, 0, -1, 0, 863, 863, 0, 45]

 ### Operon type: 295

	 A0A010T7Q5	[0, 45, 0, 0, 0, 0, -1, 0, 0]

 ### Operon type: 296

	 A0A010SJH7	[0, 0, 763, -1, 0, 0, 287, 0, 0]

 ### Operon type: 297

	 A0A010SRR2	[0, 0, -1, 0, 0, 0, 0, 0, 763]

 ### Operon type: 298

	 A0A010RKP8	[0, 0, 0, 0, 0, 0, -1, 0, 0]
	 A0A009HJU6	[0, 0, 0, 0, 0, 0, 0, 0, -1]
	 A0A010TF14	[-1, 0, 0, 0, 0, 0, 0, 0, 0]
	 A0A010RY47	[-1, 0, -1, 0, 0, 0, 0, 0, 0]
	 A0A011UZ32	[0, 0, 0, 0, 0, -1, 0, 0, 0]

 ### Operon type: 299

	 A0A010SJF9	[0, 0, 0, 0, 0, -1, 0, 80, -1]

 ### Operon type: 300

	 A0A011ML54	[0, 0, 0, 612, 0, 0, 0, 0, -1]

 ### Operon type: 301

	 A0A011NHY1	[0, 0, 0, 0, 0, 763, 0, 0, 0]

 ### Operon type: 302

	 A0A010Z171	[0, 0, 0, 0, 0, 0, 763, 0, 565]

 ### Operon type: 303

	 A0A011T697	[763, 0, 0, 0, 0, 0, 0, 0, 332]

 ### Operon type: 304

	 A0A011TDD1	[0, 553, 763, 0, 0, 0, 0, 0, 0]

 ### Operon type: 305

	 A0A011VW24	[0, 0, 844, 0, 0, 0, 0, 0, -1]

 ### Operon type: 306

	 A0A011T8V3	[0, 0, 844, 0, 0, 0, 0, 0, 0]

 ### Operon type: 307

	 A0A010TH98	[754, 0, 0, 844, 0, 0, 0, 0, 0]

 ### Operon type: 308

	 A0A011QVR3	[0, 0, 0, 0, 0, 0, 0, 845, 844]

 ### Operon type: 309

	 A0A011VYF1	[844, 0, 0, 0, 0, 0, 302, 0, 0]

 ### Operon type: 310

	 A0A010S415	[-1, 844, 0, 286, 0, 0, 0, 0, 461]

 ### Operon type: 311

	 A0A011QSN2	[0, 0, 0, 0, 0, 0, 0, 0, 0]
	 A0A011Q056	[0, 0, 0, 0, 0, 0, 0, 0, 0]
	 A0A011P9Z5	[0, 0, 0, 0, 0, 0, 0, 0, 0]
	 A0A011PBM9	[0, 0, 0, 0, 0, 0, 0, 0, 0]
	 A0A011NAJ1	[0, 0, 0, 0, 0, 0, 0, 0, 0]
	 A0A011QMJ8	[0, 0, 0, 0, 0, 0, 0, 0, 0]
	 A0A011NMI8	[0, 0, 0, 0, 0, 0, 0, 0, 0]
	 A0A011NTU3	[0, 0, 0, 0, 0, 0, 0, 0, 0]
	 A0A011N2Z0	[0, 0, 0, 0, 0, 0, 0, 0, 0]
	 A0A011PNN2	[0, 0, 0, 0, 0, 0, 0, 0, 0]
	 A0A013TEV4	[0, 0, 0, 0, 0, 0, 0, 0, 0]
	 A0A011UHL2	[0, 0, 0, 0, 0, 0, 0, 0, 0]
	 A0A013SL47	[0, 0, 0, 0, 0, 0, 0, 0, 0]
	 A0A011WUT3	[0, 0, 0, 0, 0, 0, 0, 0, 0]
	 A0A013S2B9	[0, 0, 0, 0, 0, 0, 0, 0, 0]
	 A0A013SBR8	[0, 0, 0, 0, 0, 0, 0, 0, 0]
	 A0A011UBN9	[0, 0, 0, 0, 0, 0, 0, 0, 0]
	 A0A011VYF6	[0, 0, 0, 0, 0, 0, 0, 0, 0]
	 A0A009M4K0	[0, 0, 0, 0, 0, 0, 0, 0, 0]
	 A0A009PDV4	[0, 0, 0, 0, 0, 0, 0, 0, 0]
	 A0A010SHY1	[0, 0, 0, 0, 0, 0, 0, 0, 0]
	 A0A009MH90	[0, 0, 0, 0, 0, 0, 0, 0, 0]
	 A0A009HIL8	[0, 0, 0, 0, 0, 0, 0, 0, 0]
	 A0A011VNE2	[0, 0, 0, 0, 0, 0, 0, 0, 0]
	 A0A011UFM5	[0, 0, 0, 0, 0, 0, 0, 0, 0]
	 A0A010SPJ7	[0, 0, 0, 0, 0, 0, 0, 0, 0]
	 A0A010SSQ8	[0, 0, 0, 0, 0, 0, 0, 0, 0]
	 A0A010T025	[0, 0, 0, 0, 0, 0, 0, 0, 0]
	 A0A010YJA7	[0, 0, 0, 0, 0, 0, 0, 0, 0]
	 A0A010ZTI3	[0, 0, 0, 0, 0, 0, 0, 0, 0]
	 A0A011A146	[0, 0, 0, 0, 0, 0, 0, 0, 0]
	 A0A010YZS8	[0, 0, 0, 0, 0, 0, 0, 0, 0]
	 A0A010Z120	[0, 0, 0, 0, 0, 0, 0, 0, 0]

 ### Operon type: 312

	 A0A010TG27	[610, 0, 54, 0, 0, 0, 659, 0, 0]

 ### Operon type: 313

	 A0A011PMK1	[0, 0, 0, 0, 0, 0, 0, 610, 0]

 ### Operon type: 314

	 A0A009HM15	[0, 253, 131, 0, 0, 0, -1, 0, 0]

 ### Operon type: 315

	 A0A009HRU1	[0, 177, 0, 0, 0, 0, 0, 0, 0]

 ### Operon type: 316

	 A0A009HSN8	[0, 295, 0, 0, 0, -1, 0, 245, -1]

 ### Operon type: 317

	 A0A009HV82	[132, 0, 0, 0, 0, 0, 0, 0, 0]

 ### Operon type: 318

	 A0A009IG74	[0, 0, 182, 0, 381, -1, 0, 0, 0]

 ### Operon type: 319

	 A0A009IJ90	[0, 105, 0, 0, 0, 0, 0, 0, 0]

 ### Operon type: 320

	 A0A009NM94	[0, 772, 772, 0, 0, 0, 553, 0, 0]

 ### Operon type: 321

	 A0A009Q4N5	[0, 0, 291, 0, 0, 0, 0, 0, 0]

 ### Operon type: 322

	 A0A009SSZ9	[0, 124, 0, 0, 0, 0, 0, 0, 0]

 ### Operon type: 323

	 A0A009YIH1	[0, 0, 0, 0, 255, 0, -1, -1, 2]

 ### Operon type: 324

	 A0A009YR05	[0, 0, 0, 0, 71, 0, 0, 0, 0]

 ### Operon type: 325

	 A0A009Z004	[107, 0, 107, 0, 0, 565, 0, 0, 0]

 ### Operon type: 326

	 A0A010RUQ5	[0, 0, 0, 0, 0, 0, 0, 0, 307]

 ### Operon type: 327

	 A0A010S195	[730, 0, 76, 75, 0, 0, 0, 0, 0]

 ### Operon type: 328

	 A0A010SCZ2	[0, 0, 0, 0, 0, 0, 0, 211, 0]

 ### Operon type: 329

	 A0A010SN41	[0, 0, 0, 0, 200, 0, 0, 0, 0]

 ### Operon type: 330

	 A0A010SSU2	[0, 0, 0, 0, 138, 0, -1, 710, 0]

 ### Operon type: 331

	 A0A010SUP6	[0, 0, 0, 0, 0, 0, 0, 75, 0]

 ### Operon type: 332

	 A0A010SUY9	[0, 0, 0, 0, 0, 587, 700, 0]

 ### Operon type: 333

	 A0A010THK2	[0, 0, -1, 0, 0, 641, 565, 0, 0]

 ### Operon type: 334

	 A0A010SRL4	[54, 0, 0, -1, 0, 0, 0, 565, 215]

 ### Operon type: 335

	 A0A010YX61	[397, 713, 0, 844, 0, 0, 0, 0, 0]

 ### Operon type: 336

	 A0A010S5W8	[0, 0, 541, 792, 0, 0, 0, 0, 0]

 ### Operon type: 337

	 A0A011NE37	[507, 0, 0, 0, 0, 0, 0, 0, 0]

 ### Operon type: 338

	 A0A011NF78	[0, 0, 870, 0, 0, 0, 0, 0, 0]

 ### Operon type: 339

	 A0A011NVE2	[0, 0, 0, 839, 0, 0, 763, 0, 584]

 ### Operon type: 340

	 A0A011NXJ4	[0, 0, 0, 0, 0, 0, 0, 0, 581]

 ### Operon type: 341

	 A0A011P8I1	[0, 0, 714, 713, 0, 0, 0, 0, 712]

 ### Operon type: 342

	 A0A011P9Q7	[708, 0, 0, 0, 0, 0, 0, 0, 0]

 ### Operon type: 343

	 A0A011PJ75	[0, 839, 664, 839, 0, 0, 0, 0, 0]

 ### Operon type: 344

	 A0A011PRB4	[0, 0, 0, 0, 0, 0, 0, 676, 0]

 ### Operon type: 345

	 A0A011QVT2	[843, 0, 0, 0, 0, 0, 0, 842, 0]

 ### Operon type: 346

	 A0A011RP14	[0, 0, 0, 0, 0, 0, 0, 779, 0]

 ### Operon type: 347

	 A0A011SM49	[763, 0, 779, 0, 0, 0, 576, 0, 0]

 ### Operon type: 348

	 A0A011AM27	[677, 0, 0, 0, 475, 0, 0, 0, 39]

 ### Operon type: 349

	 A0A011T607	[0, 0, 792, 0, 0, 0, 0, 0, 553]

 ### Operon type: 350

	 A0A011TAW2	[0, 0, 0, 0, 0, 0, 554, 0, 0]

 ### Operon type: 351

	 A0A011TED9	[0, 0, 0, 0, 0, 600, 0, 0, 0]

 ### Operon type: 352

	 A0A011TXS5	[0, 568, 0, 0, 0, 0, 0, 0, 0]

 ### Operon type: 353

	 A0A011U144	[0, 307, 0, 0, 0, 0, 581, 513, 0]

 ### Operon type: 354

	 A0A011U1C8	[728, 0, 0, 0, 0, 0, 0, 0, 306]

 ### Operon type: 355

	 A0A011U483	[0, 0, 0, 0, 0, 727, 0, 0, 0]

 ### Operon type: 356

	 A0A011UG86	[0, 746, 0, 0, 0, 80, 0, 0, 0]

 ### Operon type: 357

	 A0A011UQB5	[769, 653, 0, 0, 0, 0, 0, 302, 0]

 ### Operon type: 358

	 A0A011UVI5	[0, 0, 0, 0, 0, 67, 839, 839, 0]

 ### Operon type: 359

	 A0A011UWI3	[0, 0, 0, 0, 193, 0, 168, 730, 0]

 ### Operon type: 360

	 A0A011V5E6	[0, 0, 0, 0, 0, 340, 0, 0, 0]

 ### Operon type: 361

	 A0A011M4H6	[212, 0, 639, 0, 0, 0, 0, 0, 0]

 ### Operon type: 362

	 A0A011VSV3	[0, 0, 0, 0, 0, 0, 689, 0, 0]

 ### Operon type: 363

	 A0A011VWI0	[0, 0, 0, 0, 0, 96, 0, 0, 0]

 ### Operon type: 364

	 A0A011VZ91	[155, 0, 0, 0, 0, 0, 0, 0, 0]

 ### Operon type: 365

	 A0A011WP76	[0, 0, 0, 0, 0, 0, 0, 0, 847]

 ### Operon type: 366

	 A0A011WSD4	[0, 0, 0, -1, 0, 819, 0, 0, 378]

 ### Operon type: 367

	 A0A011WT35	[378, 0, 0, 0, 0, 0, 0, 0, 0]

 ### Operon type: 368

	 A0A013S843	[0, 406, 0, 0, 0, 0, -1, 359, 0]

 ### Operon type: 369

	 A0A013T5E6	[0, 0, 0, 518, 0, 0, 0, 0, 0]

 ### Operon type: 370

	 A0A009T185	[840, 0, 664, 664, 456, 839, 664, 562, 793]

 ### Operon type: 371

	 A0A010IN36	[457, 763, 0, 0, 456, 839, 664, 562, 793]

 ### Operon type: 372

	 A0A009PG43	[839, 664, 491, 842, 0, 562, 793, 0, 0]

 ### Operon type: 373

	 A0A009INE0	[457, 0, 0, 0, 0, 0, 0, 664, 562]

 ### Operon type: 374

	 A0A009T9H0	[0, 2, 731, -1, 0, 0, 178, 0, 177]

 ### Operon type: 375

	 A0A010THH5	[0, 162, 63, 67, 0, 0, 767, 0, 472]

 ### Operon type: 376

	 A0A011WSH8	[0, 0, 0, 659, 201, 0, 0, 0, 0]
	 A0A011VZE3	[0, 0, 0, 659, 201, 0, 0, 0, 0]

 ### Operon type: 377

	 A0A011NAF3	[0, 0, 0, 0, 0, 0, 659, 0, 736]

 ### Operon type: 378

	 A0A009IQ93	[301, 0, 659, 0, 0, 215, 0, 0, 0]

 ### Operon type: 379

	 A0A009Q8S9	[0, 0, 731, 360, 0, 556, 0, 0, 0]

 ### Operon type: 380

	 A0A009TLU4	[0, 568, -1, 257, 0, 43, 0, -1, -1]

 ### Operon type: 381

	 A0A009ZB47	[173, 195, 0, 0, 0, 819, 470, 0, 0]

 ### Operon type: 382

	 A0A009ZVR4	[777, 0, 713, 0, 0, 48, 0, 0, 47]

 ### Operon type: 383

	 A0A010JIN9	[470, 0, 0, 169, 276, 0, 0, 0, 0]

 ### Operon type: 384

	 A0A010S003	[685, 0, 0, 0, 0, 746, 746, 453, 0]

 ### Operon type: 385

	 A0A010SMN8	[0, -1, 77, 0, 642, 0, 0, 692, 0]

 ### Operon type: 386

	 A0A010SXS1	[0, 491, 0, 0, 0, 559, 0, 0, 842]

 ### Operon type: 387

	 A0A010T689	[39, -1, 767, 782, 0, 0, 0, 0, 0]

 ### Operon type: 388

	 A0A010TBB4	[0, 371, 0, 80, 0, 0, 0, 0, 728]

 ### Operon type: 389

	 A0A010YFK3	[0, 826, 0, 0, 0, 0, 57, 0, 306]

 ### Operon type: 390

	 A0A010YVY1	[8, 0, 8, 0, 0, 0, 0, 453, 0]

 ### Operon type: 391

	 A0A010ZSZ2	[0, 74, 0, 25, 24, 0, 0, 0, 0]

 ### Operon type: 392

	 A0A010Z0Y7	[0, 0, 0, 0, 24, 286, 0, 0, 0]

 ### Operon type: 393

	 A0A011A0M8	[0, 0, 565, 0, 62, 0, 0, 10, 10]

 ### Operon type: 394

	 A0A011NFL4	[0, 771, 0, 0, 611, 610, 0, 609, 0]

 ### Operon type: 395

	 A0A011P407	[0, 0, 729, 770, 0, 0, 728, 0, 727]

 ### Operon type: 396

	 A0A011QGT2	[659, 0, 0, 626, 625, 0, 0, 0, 0]

 ### Operon type: 397

	 A0A011QSA4	[873, 0, 872, 871, 0, 0, 0, 0, 870]

 ### Operon type: 398

	 A0A011T6J6	[0, 830, 0, 713, 0, 0, 331, 0, 330]

 ### Operon type: 399

	 A0A011TAL2	[0, 792, 0, 0, 0, 555, 0, 582, 0]

 ### Operon type: 400

	 A0A011TZG0	[565, 820, 0, 0, 0, 0, 0, 564, 0]

 ### Operon type: 401

	 A0A011UGY3	[203, 202, 340, 56, 0, 0, 0, 56, 0]

 ### Operon type: 402

	 A0A011UII7	[0, 0, 0, 0, 0, 584, 563, 0, 0]

 ### Operon type: 403

	 A0A011UNT9	[556, 579, 0, 0, 0, 0, 0, 0, 0]

 ### Operon type: 404

	 A0A011SIS0	[0, 807, 580, 580, 0, 0, 0, 579, 0]

 ### Operon type: 405

	 A0A011UT49	[0, 74, 0, 0, 0, 0, 491, 73, 0]

 ### Operon type: 406

	 A0A011VU65	[58, 0, 0, 0, 0, 57, 0, 689, 300]

 ### Operon type: 407

	 A0A011VV03	[0, 213, 0, 0, 432, 212, 0, 0, 0]

 ### Operon type: 408

	 A0A011VVZ9	[0, 0, -1, 0, 0, 211, 210, 210, 578]

 ### Operon type: 409

	 A0A011VWX7	[842, 434, 0, 0, 0, 0, 0, 768, 0]

 ### Operon type: 410

	 A0A011VXK7	[772, 772, 0, 504, 0, 0, 0, 832, 0]

 ### Operon type: 411

	 A0A011W0I6	[154, 0, 0, 0, 0, 533, 0, 612, 0]

 ### Operon type: 412

	 A0A010YEF6	[0, 154, 0, 0, 0, 0, 0, 0, 40]

 ### Operon type: 413

	 A0A013SQH1	[0, 0, 0, 0, 200, 531, 0, 486, 658]

 ### Operon type: 414

	 A0A009QJA8	[172, 171, 0, 0, 0, 0, 0, 0, 651]

 ### Operon type: 415

	 A0A009YL68	[0, 0, 728, 398, 395, 0, 0, 4, 0]

 ### Operon type: 416

	 A0A010JNG7	[486, 0, 0, 480, 0, 0, 0, 0, 0]

 ### Operon type: 417

	 A0A010RM40	[640, 659, 748, 0, 0, 0, 0, -1, 718]

 ### Operon type: 418

	 A0A010RRQ6	[0, 639, 0, 0, 0, 642, 638, 637, 0]

 ### Operon type: 419

	 A0A010S423	[331, 0, 0, 0, 0, 0, 0, 168, 776]

 ### Operon type: 420

	 A0A010T0I7	[0, 0, 40, 0, 0, 714, 872, 659, 0]

 ### Operon type: 421

	 A0A010ZUR7	[213, 23, 0, 23, 0, 22, 453, 0, 0]

 ### Operon type: 422

	 A0A011NA78	[0, 660, 0, 0, 0, 863, 0, 0, 718]

 ### Operon type: 423

	 A0A011P8W7	[711, 729, 842, 0, 710, 0, 0, 0, 0]

 ### Operon type: 424

	 A0A011PG97	[692, 0, 0, 691, 0, 0, 0, 0, 0]

 ### Operon type: 425

	 A0A011PKT4	[0, 531, 0, 0, 0, 0, 530, 0, 0]

 ### Operon type: 426

	 A0A011PLB2	[0, 711, 0, 532, 0, 0, 0, 0, 0]

 ### Operon type: 427

	 A0A011R339	[0, 0, 0, 0, 0, 0, 425, 424, 0]

 ### Operon type: 428

	 A0A011SFE5	[0, 0, 0, 772, 0, 0, 771, 770, 769]

 ### Operon type: 429

	 A0A011SJT5	[0, 0, 0, 578, 577, 577, 577, 577, 577]

 ### Operon type: 430

	 A0A011TDQ5	[0, 0, 0, 0, 552, 551, 0, 0, 0]

 ### Operon type: 431

	 A0A011VT01	[0, 0, 59, 0, 0, 59, 0, 0, 227]

 ### Operon type: 432

	 A0A009Z3V9	[659, 0, 0, 0, 0, 127, 539, 128, 129]

 ### Operon type: 433

	 A0A010SRB2	[43, 42, 0, 0, 0, 42, 79, 0, 0]

 ### Operon type: 434

	 A0A010KA25	[470, 0, 767, 439, 308, 0, 0, 470, 410]

 ### Operon type: 435

	 A0A011TZN1	[415, 414, 413, 0, 412, 0, 0, 0, 0]

 ### Operon type: 436

	 A0A011VJ76	[60, 60, 73, 609, 0, 659, 565, 0, 729]

 ### Operon type: 437

	 A0A011UG17	[224, 0, 156, 0, 208, 58, 0, 0, 0]

 ### Operon type: 438

	 A0A011WUA8	[804, 0, 0, 377, 0, 0, 0, 376, 376]

 ### Operon type: 439

	 A0A010S4X6	[0, 286, 748, 746, 389, 0, 583, 529, 641]

 ### Operon type: 440

	 A0A010YY02	[0, 7, 0, 0, 7, 751, 6, 0, 9]
