
 ### Operon type: 1

	 A0A011PVT3	[656, 487, 486, 485, 544, 484, 483, 482, 481]
	 A0A011R7V7	[656, 487, 486, 485, 544, 484, 483, 482, 481]
	 A0A011MET3	[656, 487, 486, 485, 544, 484, 483, 482, 481]

 ### Operon type: 2

	 A0A011UIA1	[226, 225, 224, 223, 222, 221, 220, 219, 0]
	 A0A011V5V3	[0, 226, 225, 224, 223, 222, 221, 220, 219]

 ### Operon type: 3

	 A0A011PTE7	[523, 522, 521, 520, 519, 0, 518, 517, 516]
	 A0A011NE72	[523, 522, 521, 520, 519, 518, 517, 516, 0]

 ### Operon type: 4

	 A0A011NEY3	[436, 581, 580, 579, 579, 578, 577, 576, 0]

 ### Operon type: 5

	 A0A011PAN4	[581, 580, 0, 579, 579, 578, 577, 576, 575]

 ### Operon type: 6

	 A0A011RCD5	[436, 581, 580, 579, 579, 578, 577, 576, 575]

 ### Operon type: 7

	 A0A010JSI3	[560, 559, 558, 557, 556, 555, 554, 553, 0]
	 A0A013T0M4	[560, 559, 558, 557, 556, 555, 554, 553, 0]
	 A0A009RGL2	[0, 559, 558, 557, 556, 555, 554, 553, 0]
	 A0A009HDS5	[560, 559, 558, 557, 556, 555, 554, 553, 0]

 ### Operon type: 8

	 A0A011PF67	[588, 587, 586, 585, 584, 0, 0, 0, 0]
	 A0A011NW66	[588, 587, 586, 585, 584, 532, 0, 0, 0]
	 A0A011NBX7	[588, 587, 586, 585, 584, 532, 0, 0, 0]

 ### Operon type: 9

	 A0A011NS68	[588, 587, 586, 585, 584, 583, 582, 595, 624]
	 A0A011RHX4	[588, 587, 586, 585, 584, 583, 582, 595, 0]

 ### Operon type: 10

	 A0A010JY00	[292, 507, 550, 413, 255, 692, 410, 695, 430]

 ### Operon type: 11

	 A0A013TH30	[507, 550, 413, 412, 411, 692, 410, 695, 430]

 ### Operon type: 12

	 A0A011QAS2	[0, 676, 675, 674, 673, 672, 671, 670, 669]
	 A0A011NEQ1	[0, 676, 675, 674, 673, 672, 671, 670, 669]

 ### Operon type: 13

	 A0A011QSF0	[0, 720, 719, 718, 717, 716, 715, 714, 0]
	 A0A011QBB5	[571, 720, 719, 718, 717, 716, 715, 714, 493]
	 A0A011Q0X6	[571, 720, 719, 718, 717, 716, 715, 714, 493]
	 A0A011Q1X8	[720, 0, 719, 718, 717, 716, 715, 714, 493]

 ### Operon type: 14

	 A0A011PG87	[571, 720, 719, 718, 717, 716, 715, 0, 0]

 ### Operon type: 15

	 A0A013SP43	[319, 318, 317, 316, 315, 314, 313, 312, 311]
	 A0A010K6G6	[319, 318, 317, 316, 315, 314, 313, 0, 311]
	 A0A009RUN3	[319, 318, 317, 316, 315, 314, 313, 312, 311]

 ### Operon type: 16

	 A0A009SZB5	[0, 0, 248, 247, 246, 0, 0, 0, 245]
	 A0A009HR98	[0, 0, 248, 247, 246, 0, 0, 0, 245]

 ### Operon type: 17

	 A0A009Z8F7	[55, 248, 56, 0, 246, 4, 4, 0, 0]

 ### Operon type: 18

	 A0A011QUG8	[709, 708, 707, 706, 705, 704, 0, 703, 702]
	 A0A011QIT1	[709, 708, 707, 706, 705, 704, 703, 702, 691]

 ### Operon type: 19

	 A0A011QAB0	[683, 682, 681, 0, 680, 679, 678, 677, 0]
	 A0A011PL71	[511, 683, 682, 681, 680, 679, 678, 677, 0]

 ### Operon type: 20

	 A0A011PIY7	[606, 0, 605, 604, 603, 602, 601, 0, 599]

 ### Operon type: 21

	 A0A011Q3J4	[0, 606, 605, 604, 603, 602, 601, 600, 0]

 ### Operon type: 22

	 A0A011MH88	[607, 606, 605, 604, 603, 602, 601, 600, 599]

 ### Operon type: 23

	 A0A009QBR9	[0, 0, 357, 420, 356, 0, 0, 352, 207]
	 A0A009TM70	[0, 358, 357, 420, 356, 0, 0, 352, 207]

 ### Operon type: 24

	 A0A010ILU3	[359, 358, 357, 0, 356, 355, 354, 353, 352]
	 A0A009QS71	[359, 358, 357, 420, 356, 355, 0, 353, 352]
	 A0A009MW50	[0, 358, 357, 420, 356, 355, 0, 353, 352]
	 A0A009H3B0	[0, 358, 357, 0, 356, 355, 354, 353, 352]

 ### Operon type: 25

	 A0A009I8S2	[0, 0, 357, 420, 356, 355, 353, 352, 207]

 ### Operon type: 26

	 A0A009ICH6	[394, 114, 113, 62, 255, 49, 48, 47, 695]
	 A0A009ZFR5	[394, 114, 113, 62, 255, 49, 48, 47, 695]

 ### Operon type: 27

	 A0A009GP96	[0, 73, 549, 542, 254, 72, 405, 71, 70]

 ### Operon type: 28

	 A0A009GSR4	[542, 254, 72, 405, 71, 70, 70, 69, 0]

 ### Operon type: 29

	 A0A009IIT6	[73, 549, 542, 254, 71, 70, 70, 69, 0]

 ### Operon type: 30

	 A0A009IS10	[175, 0, 0, 0, 174, 173, 172, 0, 0]

 ### Operon type: 31

	 A0A009QHW5	[0, 0, 0, 359, 174, 173, 172, 0, 118]

 ### Operon type: 32

	 A0A011UVB4	[0, 0, 0, 234, 0, 0, 175, 0, 76]

 ### Operon type: 33

	 A0A011TLH7	[447, 446, 445, 0, 0, 0, 0, 0, 0]
	 A0A011UG87	[445, 446, 447, 0, 0, 0, 0, 0, 0]

 ### Operon type: 34

	 A0A011QDV3	[500, 499, 498, 591, 497, 496, 495, 0, 494]
	 A0A011QIE8	[500, 499, 498, 591, 497, 496, 494, 0, 0]

 ### Operon type: 35

	 A0A011NYU6	[491, 490, 0, 489, 529, 16, 15, 0, 488]

 ### Operon type: 36

	 A0A011PYI6	[491, 490, 0, 489, 529, 488, 548, 632, 0]

 ### Operon type: 37

	 A0A011P1C0	[0, 0, 16, 15, 488, 0, 0, 0, 0]

 ### Operon type: 38

	 A0A011NVE7	[537, 536, 535, 0, 0, 0, 0, 0, 0]
	 A0A011PP01	[537, 536, 535, 0, 0, 0, 0, 0, 0]

 ### Operon type: 39

	 A0A013TH43	[409, 0, 0, 0, 408, 407, 406, 0, 451]
	 A0A009RAF0	[409, 0, 0, 0, 408, 407, 406, 0, 451]

 ### Operon type: 40

	 A0A013S8V2	[295, 294, 0, 0, 0, 293, 0, 0, 0]
	 A0A009R8E1	[0, 50, 0, 295, 294, 0, 0, 293, 0]

 ### Operon type: 41

	 A0A009QFZ7	[428, 427, 0, 0, 424, 0, 422, 421, 0]
	 A0A009TK03	[428, 427, 0, 0, 424, 0, 422, 421, 0]

 ### Operon type: 42

	 A0A013SPM5	[428, 427, 426, 425, 424, 423, 422, 421, 0]
	 A0A009MH71	[428, 427, 0, 425, 424, 423, 422, 421, 0]
	 A0A010IX62	[428, 427, 426, 425, 424, 0, 422, 421, 0]
	 A0A009HSL1	[428, 427, 426, 425, 424, 0, 422, 421, 0]

 ### Operon type: 43

	 A0A009I6Z0	[428, 427, 0, 425, 424, 0, 422, 421, 110]

 ### Operon type: 44

	 A0A009ZIX8	[0, 5, 426, 425, 424, 14, 0, 110, 0]

 ### Operon type: 45

	 A0A009I573	[86, 0, 128, 129, 0, 130, 204, 131, 132]

 ### Operon type: 46

	 A0A009ILP9	[133, 0, 132, 131, 204, 130, 201, 129, 128]

 ### Operon type: 47

	 A0A009I953	[133, 0, 132, 131, 204, 130, 201, 0, -1]

 ### Operon type: 48

	 A0A009QEG7	[206, 205, 0, 0, 204, 203, 202, 0, 201]
	 A0A009IPC3	[206, 205, 0, 0, 204, 203, 202, 0, 201]

 ### Operon type: 49

	 A0A009SX74	[569, 624, 0, 129, 201, 133, 205, 206, 0]

 ### Operon type: 50

	 A0A010JWJ1	[0, 260, 549, 0, 259, 258, 257, 256, 0]
	 A0A009I4A1	[0, 260, 549, 0, 259, 258, 257, 256, 0]

 ### Operon type: 51

	 A0A009QF22	[122, 121, 120, 0, 259, 258, 257, 256, 119]
	 A0A009TBY8	[122, 121, 120, 63, 259, 258, 257, 256, 119]

 ### Operon type: 52

	 A0A009ITT8	[171, 170, 169, 262, 261, 168, 253, 252, 251]

 ### Operon type: 53

	 A0A009NJ90	[171, 170, 169, 262, 0, 134, 168, 253, 252]

 ### Operon type: 54

	 A0A009HZK2	[263, 262, 261, 0, 0, 0, 0, 0, 0]

 ### Operon type: 55

	 A0A009IJ07	[265, 264, 263, 262, 261, 0, 0, 0, 0]

 ### Operon type: 56

	 A0A009S6G1	[265, 264, 263, 262, 261, 253, 252, 251, 250]

 ### Operon type: 57

	 A0A009S5A5	[261, 134, 168, 253, 252, 251, 60, 59, 250]

 ### Operon type: 58

	 A0A013TCN9	[420, 419, 418, 417, 416, 415, 414, 549, 591]
	 A0A009QNC9	[420, 419, 418, 417, 416, 415, 414, 549, 591]
	 A0A010ITG1	[420, 419, 418, 417, 416, 415, 414, 549, 591]
	 A0A009NIJ3	[420, 419, 418, 417, 416, 415, 414, 549, 591]
	 A0A013TRC1	[420, 419, 418, 417, 416, 415, 414, 549, 591]

 ### Operon type: 59

	 A0A009H935	[0, 0, 418, 417, 416, 415, 414, 549, 591]

 ### Operon type: 60

	 A0A009PJF7	[235, 236, 236, 237, 149, 238, 148, 147, 146]
	 A0A009SJZ7	[234, 235, 236, 237, 149, 238, 148, 147, 146]

 ### Operon type: 61

	 A0A009Z5G0	[238, 237, 236, 0, 457, 235, 234, 308]

 ### Operon type: 62

	 A0A010JJC1	[629, 366, 365, 364, 363, 362, 361, 371, 360]
	 A0A010IZ41	[366, 365, 364, 363, 362, 361, 371, 360, 317]

 ### Operon type: 63

	 A0A009QJL6	[629, 366, 365, 364, 0, 360, 317, 115, 0]

 ### Operon type: 64

	 A0A011P2I4	[679, 561, 605, 0, 0, 0, 0, 0, 0]
	 A0A011N9N8	[679, 561, 605, 0, 0, 0, 0, 0, 0]

 ### Operon type: 65

	 A0A009PIB4	[0, 0, 0, 143, 142, 141, 405, 549, 679]
	 A0A009SLR5	[0, 0, 0, 143, 142, 141, 405, 549, 679]

 ### Operon type: 66

	 A0A009HSU4	[0, 0, 463, 549, 0, 561, 621, 679, 405]

 ### Operon type: 67

	 A0A011SF89	[637, 636, 635, 0, 0, 0, 0, 0, 0]

 ### Operon type: 68

	 A0A011UCX7	[0, 683, 637, 636, 0, 635, 186, 0, 0]

 ### Operon type: 69

	 A0A011NYT4	[619, 618, 617, 616, 0, 468, 468, 467, 466]

 ### Operon type: 70

	 A0A011P8E9	[0, 0, 619, 618, 0, 617, 616, 0, 0]

 ### Operon type: 71

	 A0A010TF34	[0, -1, 0, 0, 33, 32, 31, 30, 29]
	 A0A010SYH9	[33, 32, 31, 30, 29, 0, 0, 0, 0]

 ### Operon type: 72

	 A0A010S7A1	[102, 101, 100, 99, 0, 98, 0, 0, 0]
	 A0A010TFJ4	[0, -1, 0, 102, 101, 100, 99, -1, 98]

 ### Operon type: 73

	 A0A009ICP5	[185, 321, 506, 184, 183, 0, 0, 181, 0]

 ### Operon type: 74

	 A0A009MMG9	[185, 321, 506, 184, 183, 0, 182, 181, 453]

 ### Operon type: 75

	 A0A009HTW0	[0, 240, 241, 0, 183, 0, 0, 181, 0]
	 A0A009QLL2	[0, 240, 241, 0, 183, 0, 0, 181, 0]

 ### Operon type: 76

	 A0A009SIV4	[239, 240, 241, 88, 183, 87, 0, 181, 453]

 ### Operon type: 77

	 A0A013TSJ4	[240, 241, 0, 88, 183, 0, 0, 181, 453]

 ### Operon type: 78

	 A0A009Z3V9	[549, 0, 0, 0, 0, 241, 462, 240, 239]

 ### Operon type: 79

	 A0A009T0Q9	[0, 0, 0, 0, 244, 285, 607, 549, 243]

 ### Operon type: 80

	 A0A009YJF4	[0, 467, 466, 24, 64, 607, 549, 0, 243]

 ### Operon type: 81

	 A0A009PAV9	[166, -1, 506, 165, 386, 405, 164, 163, 162]
	 A0A009HJC2	[166, 591, 506, 165, 386, 405, 164, 163, 162]

 ### Operon type: 82

	 A0A009SE02	[0, 162, 0, 0, 0, 163, 164, 405, 386]

 ### Operon type: 83

	 A0A011QNA5	[0, 478, 477, 476, 0, 475, 474, 473, 472]
	 A0A009ZLJ7	[472, 473, 474, 475, 0, 0, 478, 477, 476]

 ### Operon type: 84

	 A0A013T0T6	[475, 474, 473, 472, 435, 434, 433, 432, 431]
	 A0A009QMH5	[475, 474, 473, 472, 435, 434, 433, 432, 431]
	 A0A009HAX1	[475, 474, 473, 472, 435, 434, 433, 432, 431]

 ### Operon type: 85

	 A0A010ILW6	[475, 474, 473, 472, 435, 434, 0, 0, 432]

 ### Operon type: 86

	 A0A009Z9X7	[474, 473, 472, 0, 435, 0, 699, 0, 432]

 ### Operon type: 87

	 A0A009PE10	[0, 0, 0, 472, 435, 159, 433, 432, -1]

 ### Operon type: 88

	 A0A009RSB7	[621, 394, 608, 393, 150, 549, 549, 391, 390]
	 A0A009SYU8	[621, 394, 608, 393, 150, 549, 549, 391, 390]
	 A0A009HS41	[621, 394, 608, 393, 150, 549, 549, 391, 390]

 ### Operon type: 89

	 A0A013SHA9	[621, 394, 608, 393, 392, 549, 549, 391, 390]
	 A0A010IT25	[621, 394, 608, 393, 392, 549, 549, 391, 390]
	 A0A009I466	[621, 394, 608, 393, 392, 549, 549, 391, 390]

 ### Operon type: 90

	 A0A009NMQ9	[621, 394, 608, 393, 392, 0, 549, 549, 391]

 ### Operon type: 91

	 A0A009P8A9	[0, 0, 608, 393, 150, 549, 549, 391, 390]

 ### Operon type: 92

	 A0A011PGU1	[0, 0, 568, 567, 566, 565, 564, 563, 562]
	 A0A011MDH1	[465, 0, 568, 567, 566, 565, 564, 563, 562]

 ### Operon type: 93

	 A0A011V0P4	[334, 232, 0, 0, 280, 0, 0, 231, 230]

 ### Operon type: 94

	 A0A011WPV7	[231, 230, 0, 0, 0, 0, 0, 0, 0]

 ### Operon type: 95

	 A0A011RNP9	[0, 0, 0, 0, 0, 644, 678, 0, 0]

 ### Operon type: 96

	 A0A011V0B5	[640, 0, 0, 0, 0, 0, 644, 0, 0]

 ### Operon type: 97

	 A0A011RQC9	[0, 640, 639, 0, 0, 0, 0, 638, 0]

 ### Operon type: 98

	 A0A011QG28	[471, 470, 567, 0, 566, 565, 614, 469, 615]
	 A0A011RIM8	[471, 470, 0, 0, 566, 565, 614, 469, 615]

 ### Operon type: 99

	 A0A011PHI6	[628, 0, 627, 0, 0, 626, 706, 625, 0]

 ### Operon type: 100

	 A0A011QI68	[0, 0, 627, 626, 0, 0, 0, 0, 0]

 ### Operon type: 101

	 A0A011P700	[0, 0, 713, 712, 0, 0, 0, 0, 0]

 ### Operon type: 102

	 A0A011QSI4	[0, 0, 713, 712, 711, 0, 0, 0, 0]

 ### Operon type: 103

	 A0A011NVJ6	[534, 661, 660, 659, 658, 657, 0, 0, 533]

 ### Operon type: 104

	 A0A011PVP2	[0, 661, 660, 659, 658, 657, 0, 0, 656]

 ### Operon type: 105

	 A0A011NXY7	[0, 0, 660, 0, 658, 0, 0, 0, 0]

 ### Operon type: 106

	 A0A011QR69	[697, 696, 695, 694, 693, 692, 0, 0, 0]
	 A0A011NUB4	[697, 696, 695, 694, 693, 692, 0, 539, 0]

 ### Operon type: 107

	 A0A011NN36	[696, 695, 0, 0, 693, 692, 0, 0, 0]

 ### Operon type: 108

	 A0A011PK69	[695, 514, 0, 0, 693, 692, 0, 0, 0]

 ### Operon type: 109

	 A0A011RMI6	[667, 666, 647, 646, 645, 665, 664, 663, 662]
	 A0A011NYD6	[667, 666, 647, 646, 645, 665, 664, 663, 662]

 ### Operon type: 110

	 A0A011QB28	[668, 667, 666, 0, 0, 665, 664, 663, 662]

 ### Operon type: 111

	 A0A011NF33	[0, 665, 664, 0, 0, 0, 0, 0, 0]

 ### Operon type: 112

	 A0A011NBY4	[503, 0, 0, 502, 0, 0, 501, 0, 0]

 ### Operon type: 113

	 A0A011WRT0	[503, 0, 0, 0, 0, 0, 0, 632, 0]

 ### Operon type: 114

	 A0A011SHV5	[0, 0, 0, 0, 0, 630, 632, 629, 0]

 ### Operon type: 115

	 A0A011NB95	[0, 701, 0, 0, 0, 0, 506, 505, 504]

 ### Operon type: 116

	 A0A011UHT4	[115, 108, 505, 0, 0, 35, 35, 504, 0]

 ### Operon type: 117

	 A0A010Z1W7	[0, 0, 0, 0, 0, 39, 0, 332, 333]

 ### Operon type: 118

	 A0A011VY84	[0, 0, 333, 332, 0, 0, 0, 0, 0]

 ### Operon type: 119

	 A0A010YW85	[0, 0, 0, 0, 0, 372, 0, 332, 333]

 ### Operon type: 120

	 A0A010ZMA0	[332, 510, 0, 0, 0, 0, 0, 0, 0]

 ### Operon type: 121

	 A0A011N5L2	[0, 0, 0, 510, 0, 509, 508, 0, 0]

 ### Operon type: 122

	 A0A010SQJ5	[296, 184, 0, 443, 442, 441, 0, 0, 0]

 ### Operon type: 123

	 A0A010STD3	[0, 0, 0, 443, 442, 441, 0, 391, 302]

 ### Operon type: 124

	 A0A011TD67	[444, 0, 0, 443, 442, 441, 440, 0, 439]

 ### Operon type: 125

	 A0A009ZC12	[0, 0, 0, 443, 0, 441, 440, 3, 722]

 ### Operon type: 126

	 A0A010RFQ9	[0, 0, 552, 0, 551, 0, 0, 0, 0]

 ### Operon type: 127

	 A0A010SPR9	[22, 22, 0, 0, 0, 551, 0, 0, 0]

 ### Operon type: 128

	 A0A013S288	[0, 0, 0, 300, 386, 299, 298, 0, 297]
	 A0A010J3I1	[0, 0, 0, 300, 386, 299, 298, 0, 297]

 ### Operon type: 129

	 A0A013SXT2	[397, 268, 267, 300, 386, 299, 298, 266, 297]
	 A0A009PWG1	[397, 268, 267, 300, 386, 299, 298, 266, 297]

 ### Operon type: 130

	 A0A009ZJK4	[0, 0, 0, 0, 0, 0, 394, 18, 0]

 ### Operon type: 131

	 A0A010SVN1	[-1, 18, 549, 208, 395, 0, 0, 394, 0]

 ### Operon type: 132

	 A0A009IMX3	[343, 0, 341, 0, 339, 125, 125, 632, 124]
	 A0A009SF48	[343, 0, 341, 0, 339, -1, 125, 632, 124]

 ### Operon type: 133

	 A0A009QEX0	[343, 342, 341, 340, 339, 125, 125, 632, 124]

 ### Operon type: 134

	 A0A010ISX2	[343, 342, 341, 340, 339, 338, 394, 337, 336]
	 A0A013S7V1	[343, 342, 341, 340, 339, 338, 394, 337, 336]
	 A0A009RES7	[343, 342, 341, 340, 339, 338, 394, 337, 336]
	 A0A009MR00	[343, 342, 341, 340, 339, 338, 394, 337, 336]

 ### Operon type: 135

	 A0A009GYP9	[0, 0, 0, 340, 339, 338, 394, 337, 336]

 ### Operon type: 136

	 A0A009YTT3	[0, 0, 0, 0, 0, 0, 394, 337, 336]

 ### Operon type: 137

	 A0A009PFK7	[158, 157, 156, 155, 154, 0, 0, 153, 0]
	 A0A009QGN4	[158, 157, 156, 155, 154, 153, 0, 0, 0]

 ### Operon type: 138

	 A0A009YR20	[0, 153, 0, 0, 0, 0, 157, 0, 0]

 ### Operon type: 139

	 A0A013SB36	[291, 290, 289, 288, 287, 0, 466, 286, 285]
	 A0A009QSI3	[291, 290, 289, 288, 287, 0, 466, 286, -1]

 ### Operon type: 140

	 A0A010ITP2	[291, 290, 289, 288, 287, 0, 466, 0, 0]

 ### Operon type: 141

	 A0A009SII9	[-1, 290, 289, 288, 0, 0, 0, 0, 244]

 ### Operon type: 142

	 A0A009HZV2	[0, 0, 0, 0, 195, 194, 134, 0, 0]

 ### Operon type: 143

	 A0A009QPE7	[0, 0, 0, 0, 195, 194, 0, 0, 0]

 ### Operon type: 144

	 A0A009GXL8	[67, 66, 65, 0, 64, 63, 93, 117, 116]

 ### Operon type: 145

	 A0A010JIW7	[67, 66, 65, 0, 64, 0, 0, 93, 117]

 ### Operon type: 146

	 A0A009MGR3	[0, 0, 216, 0, 429, 59, 58, 215, 214]

 ### Operon type: 147

	 A0A009Q4G0	[0, 217, 216, 0, 429, 0, 215, 214, 215]

 ### Operon type: 148

	 A0A009PUJ8	[0, 161, 0, 0, 0, 160, 93, 117, 116]

 ### Operon type: 149

	 A0A009QJA8	[117, 116, 0, 0, 0, 0, 0, 0, 0]

 ### Operon type: 150

	 A0A009PB53	[0, 0, 161, 0, 0, 215, 214, 215, 160]

 ### Operon type: 151

	 A0A013SNJ8	[394, 0, 0, 310, 309, 386, 317, 0, 0]
	 A0A013RZW2	[394, 301, 0, 310, 309, 386, 317, 0, 0]
	 A0A010J9U3	[394, 0, 0, 310, 309, 386, 317, 0, 0]
	 A0A009SIZ4	[394, 301, 0, 310, 309, 0, 317, 151, 0]
	 A0A009RD69	[394, 301, 0, 310, 309, 386, 317, 151, 0]

 ### Operon type: 152

	 A0A009IV03	[0, 0, 352, 310, 309, 0, 317, 0, 0]
	 A0A009PH20	[0, 0, 352, 310, 309, 386, 317, 0, 0]

 ### Operon type: 153

	 A0A009YIZ0	[394, 301, 352, 310, 309, 386, 317, 151, 89]

 ### Operon type: 154

	 A0A009QA91	[211, 210, 621, 549, 388, 388, 209, 325, 208]
	 A0A010J377	[211, 210, 621, 549, 388, 388, 209, 325, 208]

 ### Operon type: 155

	 A0A009QQC0	[0, 0, 193, 549, 388, 388, 0, 325, 208]
	 A0A009MVG4	[193, 0, 389, 549, 388, 388, 0, 325, 208]

 ### Operon type: 156

	 A0A009H7I0	[0, 0, 0, 549, 388, 388, 209, 325, 208]

 ### Operon type: 157

	 A0A009S1X4	[211, 210, 621, 549, 388, 388, 549, 0, 61]

 ### Operon type: 158

	 A0A013SHF4	[0, 0, 389, 549, 388, 388, 0, 387, 0]

 ### Operon type: 159

	 A0A009H7U0	[351, 614, 0, 350, 349, 348, 347, 0, 0]

 ### Operon type: 160

	 A0A010IMP8	[351, 0, 0, 350, 349, 348, 347, 0, 346]

 ### Operon type: 161

	 A0A013SZ54	[351, 0, 335, 350, 349, 0, 0, 0, 0]

 ### Operon type: 162

	 A0A009ZM43	[-1, 614, 335, 350, 349, 348, 347, 82, 346]

 ### Operon type: 163

	 A0A009YSC7	[0, 0, 501, 1, 0, 1, 304, 303, 0]

 ### Operon type: 164

	 A0A013RVV2	[420, 0, 304, 303, 0, 0, 0, 302, 0]

 ### Operon type: 165

	 A0A011Q5S3	[691, 690, 0, 0, 0, 0, 689, 688, 687]

 ### Operon type: 166

	 A0A011UZZ4	[0, 689, 688, 0, 0, 0, 233, 233, 687]

 ### Operon type: 167

	 A0A010YKP2	[0, 0, 0, 0, 0, 0, 533, 229, 0]

 ### Operon type: 168

	 A0A011V1A2	[232, 0, 0, 229, 0, 0, 0, 0, 0]

 ### Operon type: 169

	 A0A011Q2B1	[0, 0, 0, 0, 0, 653, 652, 651, 650]

 ### Operon type: 170

	 A0A011RLN8	[0, 0, 0, 655, 654, 653, 652, 651, 650]

 ### Operon type: 171

	 A0A011NGS0	[0, 0, 0, 0, 592, 610, 0, 0, 0]

 ### Operon type: 172

	 A0A011PW61	[0, 0, 0, 0, 592, 610, 0, 0, 492]

 ### Operon type: 173

	 A0A011UXI1	[0, 512, 0, 0, 592, 610, 438, 0, 0]

 ### Operon type: 174

	 A0A011SWI9	[-1, -1, 0, 628, 592, 610, 438, -1, -1]

 ### Operon type: 175

	 A0A011P952	[610, 0, 609, 0, 0, 609, 0, 0, 0]

 ### Operon type: 176

	 A0A011NSG8	[0, 0, 0, 625, 541, 540, 0, 541, 0]

 ### Operon type: 177

	 A0A011P0X4	[0, 0, 465, 0, 541, 0, 0, 540, 50]

 ### Operon type: 178

	 A0A009MJ75	[0, 0, 137, 136, 135, 0, 0, 0, 542]

 ### Operon type: 179

	 A0A010IH51	[0, 453, 0, 0, 135, 0, 542, 0, 0]

 ### Operon type: 180

	 A0A010YNY9	[0, 0, 40, 25, 0, 0, 0, 0, 42]

 ### Operon type: 181

	 A0A011AC71	[61, 0, 0, 398, 0, 40, 25, 0, 621]

 ### Operon type: 182

	 A0A011PRW6	[525, 0, 0, 0, 524, 666, 647, 0, 0]
	 A0A011QLX0	[0, 525, 0, 0, 524, 0, 666, 647, 0]

 ### Operon type: 183

	 A0A010SML6	[0, 666, 647, -1, 0, 624, 0, 0, 0]

 ### Operon type: 184

	 A0A009P817	[213, 0, 0, 0, 140, 0, 374, 139, 138]

 ### Operon type: 185

	 A0A009TIY0	[0, 0, 0, 0, 140, 0, 374, 139, 0]

 ### Operon type: 186

	 A0A009QKA3	[374, 139, 0, 138, 0, 0, 0, 0, 158]

 ### Operon type: 187

	 A0A009S854	[-1, 0, 0, 249, 306, 0, 0, 0, 305]

 ### Operon type: 188

	 A0A013RMD0	[-1, 0, 546, 0, 306, 552, 0, 0, 305]

 ### Operon type: 189

	 A0A009HFU9	[0, 75, 0, 0, 74, 405, 0, 0, 0]
	 A0A009R016	[0, 75, 0, 0, 74, -1, 405, 0, 0]

 ### Operon type: 190

	 A0A009HSR2	[0, 85, 84, 0, 83, 177, 178, 134, 179]

 ### Operon type: 191

	 A0A009SWM1	[0, 85, 84, 0, 83, 0, 0, 178, 0]

 ### Operon type: 192

	 A0A009MYX0	[180, 179, 0, 463, 0, 0, 178, 177, 176]

 ### Operon type: 193

	 A0A009QK79	[0, 0, 176, 177, 0, 178, 0, 0, 179]

 ### Operon type: 194

	 A0A009GXJ1	[228, 227, 177, 178, 68, 134, 179, 180, 0]

 ### Operon type: 195

	 A0A013TKW8	[0, 573, 0, 405, 404, 403, 402, 401, 400]
	 A0A010IT95	[0, 0, 0, 405, 404, 403, 402, 401, 400]
	 A0A009QT77	[0, 0, -1, 405, 404, 403, 402, 401, 400]
	 A0A009PRQ9	[0, 405, 144, 0, 404, 403, 402, 401, 400]
	 A0A009MH36	[0, 0, 0, 405, 404, 403, 402, 401, 400]
	 A0A009GWD0	[134, 0, 0, 405, 404, 403, 402, 401, 400]
	 A0A009S0T6	[0, 0, 405, 144, 404, 403, 402, 401, 400]
	 A0A009I5G9	[0, 0, 405, 144, 404, 403, 402, 401, 400]

 ### Operon type: 196

	 A0A013TMJ7	[591, -1, 0, 405, 404, 401, 400, 0, 0]

 ### Operon type: 197

	 A0A009HJJ5	[324, 370, 369, 0, 368, 367, 0, 616, 57]
	 A0A009I8I7	[324, 370, 369, 52, 368, 367, 0, 616, 57]

 ### Operon type: 198

	 A0A010JJN4	[0, 370, 369, 0, 368, 367, 0, 616, 508]
	 A0A013TPR7	[324, 370, 369, 0, 368, 367, 0, 616, 508]
	 A0A009PMT3	[324, 370, 369, 0, 368, 367, 145, 616, 508]
	 A0A009RMI1	[0, 370, 369, 0, 368, 367, 0, 616, 0]
	 A0A009YG45	[0, 324, 370, 369, 368, 0, 367, 145, 616]

 ### Operon type: 199

	 A0A009SEP4	[324, 370, 369, 52, 368, 0, 367, 145, 0]

 ### Operon type: 200

	 A0A009NI48	[324, 370, 369, 0, 368, 0, 0, 0, -1]

 ### Operon type: 201

	 A0A011WLE7	[0, 0, 0, 0, 0, 196, 0, 0, 0]
	 A0A011VU44	[0, 0, 0, 0, 0, 196, 0, 0, 0]

 ### Operon type: 202

	 A0A011VAP2	[0, 0, 104, 0, 0, 0, 0, 0, 279]

 ### Operon type: 203

	 A0A011VRJ8	[0, 0, 0, 0, 0, 0, 104, 0, 0]

 ### Operon type: 204

	 A0A011RNU1	[0, 0, 0, 0, 0, 0, 643, 643, 642]

 ### Operon type: 205

	 A0A011VKJ9	[0, 0, 0, 0, 0, 0, 642, 643, -1]

 ### Operon type: 206

	 A0A011V490	[0, 381, 0, 0, 0, 0, 0, 0, 0]
	 A0A011WT35	[381, 0, 0, 0, 0, 0, 0, 0, 0]

 ### Operon type: 207

	 A0A009T185	[696, 0, 515, 515, 344, 695, 515, 449, 657]

 ### Operon type: 208

	 A0A010IN36	[345, 591, 0, 0, 344, 695, 515, 449, 657]

 ### Operon type: 209

	 A0A009PG43	[695, 515, 152, 698, 0, 449, 657, 0, 0]

 ### Operon type: 210

	 A0A011PQZ7	[0, 0, 0, 530, 529, 0, 528, 0, 0]

 ### Operon type: 211

	 A0A011TUX4	[0, 0, 0, 0, 529, 0, 0, 528, 0]

 ### Operon type: 212

	 A0A011STZ9	[0, 0, 0, 528, 0, 0, 0, 0, 0]

 ### Operon type: 213

	 A0A011PRF5	[526, 0, 0, 0, 0, 0, 0, 0, 0]
	 A0A011PUJ9	[0, 0, 0, 0, 0, 0, 0, 0, 526]

 ### Operon type: 214

	 A0A011PFY8	[0, 0, 0, 0, 0, 0, 0, 0, 572]

 ### Operon type: 215

	 A0A011PNS3	[698, 572, 0, 0, 0, 0, 0, 0, 0]

 ### Operon type: 216

	 A0A011T648	[0, 572, 0, 0, 0, 0, 0, 695, 0]

 ### Operon type: 217

	 A0A011U3C2	[0, 0, 614, 0, 0, 0, 0, 0, 0]
	 A0A011AEN3	[0, 0, 0, 0, 0, 0, 614, 0, 0]

 ### Operon type: 218

	 A0A011AAZ2	[0, 44, 0, 0, 0, 614, 614, 614, 0]

 ### Operon type: 219

	 A0A011T698	[0, 0, 0, 0, 0, 621, 614, 0, 0]

 ### Operon type: 220

	 A0A009SNL0	[54, 53, 0, 0, 0, 0, 0, 0, 0]

 ### Operon type: 221

	 A0A009ZZC8	[-1, 53, 54, 0, 0, 0, 0, 0, 0]

 ### Operon type: 222

	 A0A009ZG48	[0, 0, 0, 573, 0, 0, 0, 0, 0]

 ### Operon type: 223

	 A0A011PEJ8	[0, 0, 574, 573, 0, 0, 0, 0, 0]

 ### Operon type: 224

	 A0A011QNJ7	[596, 0, 0, 573, 0, 0, 0, 596, 0]

 ### Operon type: 225

	 A0A011MMJ4	[0, 0, 0, 0, 0, 0, 0, 596, 0]

 ### Operon type: 226

	 A0A011R8M3	[0, 0, 574, 573, 0, 437, 0, 596, 0]

 ### Operon type: 227

	 A0A009TJ77	[0, 109, 0, 0, 0, 0, 0, 0, 0]

 ### Operon type: 228

	 A0A010RTE7	[0, 0, 0, 0, 0, 0, 30, 109, 0]

 ### Operon type: 229

	 A0A013TPQ9	[330, 329, 328, 327, 326, 549, 591, 325, 509]
	 A0A013S8F0	[330, 329, 328, 327, 326, 549, 591, 325, 509]
	 A0A009PMU2	[330, 329, 328, -1, 326, 549, 591, 325, 509]
	 A0A009SZ84	[330, 329, 328, 327, 326, 549, 591, 325, 509]

 ### Operon type: 230

	 A0A009IG48	[0, 0, 0, 127, 126, 0, 0, 0, 624]

 ### Operon type: 231

	 A0A009IMQ0	[0, 0, 0, 127, 126, 0, 0, 0, 0]

 ### Operon type: 232

	 A0A009SWV1	[0, 0, 0, 0, 0, 0, 0, 127, 0]

 ### Operon type: 233

	 A0A011TAW2	[0, 0, 0, 0, 0, 0, 397, 0, 0]
	 A0A009SFX8	[397, 0, 0, 0, 0, 0, 0, 0, 0]

 ### Operon type: 234

	 A0A011TZN1	[0, 0, 0, 0, 218, 0, 0, 0, 0]
	 A0A009RHH9	[0, 0, 0, 0, 218, 0, 0, 0, 0]

 ### Operon type: 235

	 A0A009Q512	[0, 0, 0, 0, 212, 0, 0, 0, 0]
	 A0A009PMZ9	[212, 0, 0, 0, 0, 0, 0, 0, 0]

 ### Operon type: 236

	 A0A009IFL2	[0, 46, 0, 45, -1, 0, 0, 0]

 ### Operon type: 237

	 A0A009ZDS1	[-1, -1, 0, 46, 0, 0, 366, 0, 0]

 ### Operon type: 238

	 A0A010IZH1	[-1, 329, 328, 327, 326, 549, 0, 0, 0]
	 A0A009NPS1	[0, 329, 328, 327, 326, -1, 0, 0, 0]
	 A0A009HJM0	[0, 329, 328, 327, 326, 549, 0, 0, 0]

 ### Operon type: 239

	 A0A009HUS9	[329, 328, 0, 0, 0, 0, -1, 0, 0]

 ### Operon type: 240

	 A0A009HM15	[0, 96, 95, 0, 0, 0, -1, 0, 0]

 ### Operon type: 241

	 A0A009RQL5	[0, 0, 0, 0, 0, 0, 96, 95, 0]

 ### Operon type: 242

	 A0A009IJ01	[0, 0, 0, 0, 0, 0, 96, 95, 94]

 ### Operon type: 243

	 A0A009NCH6	[0, 0, 0, 0, 0, 0, 0, 95, 94]

 ### Operon type: 244

	 A0A011UB51	[331, 0, 0, 0, 0, 0, 0, 0, 0]
	 A0A011UFH1	[0, 0, 0, 0, 0, 331, 0, 0, 0]

 ### Operon type: 245

	 A0A011V965	[0, -1, -1, 0, 105, 0, -1, -1, 0]
	 A0A011VHP2	[0, -1, -1, -1, 105, 0, 0, 0, 0]

 ### Operon type: 246

	 A0A010RVD0	[-1, 0, 0, -1, 0, 714, 714, 0, 23]

 ### Operon type: 247

	 A0A010T7Q5	[0, 23, 0, 0, 0, 0, -1, 0, 0]

 ### Operon type: 248

	 A0A010SNM6	[0, 0, -1, 0, 0, 0, 591, 0, 0]
	 A0A010SRR2	[0, 0, -1, 0, 0, 0, 0, 0, 591]

 ### Operon type: 249

	 A0A010SJH7	[0, 0, 591, -1, 0, 0, 209, 0, 0]

 ### Operon type: 250

	 A0A010RKP8	[0, 0, 0, 0, 0, 0, -1, 0, 0]
	 A0A009RG92	[-1, 0, 0, 0, 0, 0, 0, 0, 0]
	 A0A011V107	[0, -1, 0, 0, 0, 0, 0, 0, 0]
	 A0A009QDV7	[-1, 0, 0, 0, 0, 0, 0, 0, 0]
	 A0A011U7M7	[0, 0, -1, 0, 0, 0, 0, 0, 0]
	 A0A009N9Z1	[-1, 0, 0, 0, 0, 0, 0, 0, 0]
	 A0A009PH57	[0, 0, -1, 0, 0, 0, 0, 0, 0]
	 A0A010JDA6	[-1, 0, 0, 0, 0, 0, 0, 0, 0]
	 A0A009H6M2	[-1, 0, 0, 0, 0, 0, 0, 0, 0]
	 A0A009HJU6	[0, 0, 0, 0, 0, 0, 0, 0, -1]
	 A0A009IHQ3	[-1, 0, 0, 0, 0, 0, 0, 0, 0]
	 A0A011UZ32	[0, 0, 0, 0, 0, -1, 0, 0, 0]
	 A0A011UZ49	[0, -1, 0, 0, 0, 0, 0, 0, 0]
	 A0A010TF14	[-1, 0, 0, 0, 0, 0, 0, 0, 0]
	 A0A010RY47	[-1, 0, -1, 0, 0, 0, 0, 0, 0]
	 A0A009TG92	[0, 0, -1, 0, 0, 0, 0, 0, 0]

 ### Operon type: 251

	 A0A010SJF9	[0, 0, 0, 0, 0, -1, 0, 41, -1]

 ### Operon type: 252

	 A0A010T5D8	[0, 0, 0, -1, 0, -1, 317, 0, 0]

 ### Operon type: 253

	 A0A011ML54	[0, 0, 0, 598, 0, 0, 0, 0, -1]

 ### Operon type: 254

	 A0A011NHY1	[0, 0, 0, 0, 0, 591, 0, 0, 0]

 ### Operon type: 255

	 A0A010Z171	[0, 0, 0, 0, 0, 0, 591, 0, 463]

 ### Operon type: 256

	 A0A010ZX98	[0, 0, 0, 0, 0, 10, 591, 591, 0]

 ### Operon type: 257

	 A0A010YRE8	[0, 0, 0, 0, 0, 0, 0, 10, 0]

 ### Operon type: 258

	 A0A011AF05	[0, 0, 61, 10, 0, 0, 0, 0, 0]

 ### Operon type: 259

	 A0A011SQL0	[623, 0, -1, 0, 0, 0, 0, 0, 0]

 ### Operon type: 260

	 A0A009ZC82	[0, 0, 623, 0, 0, 0, 0, 0, 0]

 ### Operon type: 261

	 A0A011P3F6	[624, 0, 0, 623, 0, 0, 0, 0, 0]

 ### Operon type: 262

	 A0A011T697	[591, 0, 0, 0, 0, 0, 0, 0, 374]

 ### Operon type: 263

	 A0A011TDD1	[0, 396, 591, 0, 0, 0, 0, 0, 0]

 ### Operon type: 264

	 A0A011VW24	[0, 0, 700, 0, 0, 0, 0, 0, -1]

 ### Operon type: 265

	 A0A011T8V3	[0, 0, 700, 0, 0, 0, 0, 0, 0]

 ### Operon type: 266

	 A0A010TH98	[492, 0, 0, 700, 0, 0, 0, 0, 0]

 ### Operon type: 267

	 A0A011QVR3	[0, 0, 0, 0, 0, 0, 0, 701, 700]

 ### Operon type: 268

	 A0A011RM25	[0, 0, 0, 0, 0, 700, 0, 648, 0]

 ### Operon type: 269

	 A0A011VXC2	[-1, 380, 0, 0, 0, 0, 0, 0, 0]

 ### Operon type: 270

	 A0A011VYF1	[700, 0, 0, 0, 0, 0, 331, 0, 0]

 ### Operon type: 271

	 A0A010S415	[-1, 700, 0, 208, 0, 0, 0, 0, 355]

 ### Operon type: 272

	 A0A011QSN2	[0, 0, 0, 0, 0, 0, 0, 0, 0]
	 A0A011SGD5	[0, 0, 0, 0, 0, 0, 0, 0, 0]
	 A0A011P4U7	[0, 0, 0, 0, 0, 0, 0, 0, 0]
	 A0A011P9Z5	[0, 0, 0, 0, 0, 0, 0, 0, 0]
	 A0A011NMI8	[0, 0, 0, 0, 0, 0, 0, 0, 0]
	 A0A011PBM9	[0, 0, 0, 0, 0, 0, 0, 0, 0]
	 A0A011NTU3	[0, 0, 0, 0, 0, 0, 0, 0, 0]
	 A0A011PKU5	[0, 0, 0, 0, 0, 0, 0, 0, 0]
	 A0A011PJK8	[0, 0, 0, 0, 0, 0, 0, 0, 0]
	 A0A011PNN2	[0, 0, 0, 0, 0, 0, 0, 0, 0]
	 A0A011NAJ1	[0, 0, 0, 0, 0, 0, 0, 0, 0]
	 A0A011NAY5	[0, 0, 0, 0, 0, 0, 0, 0, 0]
	 A0A011NDM5	[0, 0, 0, 0, 0, 0, 0, 0, 0]
	 A0A011Q056	[0, 0, 0, 0, 0, 0, 0, 0, 0]
	 A0A011Q1B3	[0, 0, 0, 0, 0, 0, 0, 0, 0]
	 A0A011QMJ8	[0, 0, 0, 0, 0, 0, 0, 0, 0]
	 A0A011QVV5	[0, 0, 0, 0, 0, 0, 0, 0, 0]
	 A0A011N2Z0	[0, 0, 0, 0, 0, 0, 0, 0, 0]
	 A0A011N3C3	[0, 0, 0, 0, 0, 0, 0, 0, 0]
	 A0A011N4G4	[0, 0, 0, 0, 0, 0, 0, 0, 0]
	 A0A011TWN2	[0, 0, 0, 0, 0, 0, 0, 0, 0]
	 A0A013T8M5	[0, 0, 0, 0, 0, 0, 0, 0, 0]
	 A0A013TEV4	[0, 0, 0, 0, 0, 0, 0, 0, 0]
	 A0A011TAF9	[0, 0, 0, 0, 0, 0, 0, 0, 0]
	 A0A011TLH0	[0, 0, 0, 0, 0, 0, 0, 0, 0]
	 A0A010IPH1	[0, 0, 0, 0, 0, 0, 0, 0, 0]
	 A0A011VYF6	[0, 0, 0, 0, 0, 0, 0, 0, 0]
	 A0A013TPV4	[0, 0, 0, 0, 0, 0, 0, 0, 0]
	 A0A013SL47	[0, 0, 0, 0, 0, 0, 0, 0, 0]
	 A0A011WUT3	[0, 0, 0, 0, 0, 0, 0, 0, 0]
	 A0A013S2B9	[0, 0, 0, 0, 0, 0, 0, 0, 0]
	 A0A013SBR8	[0, 0, 0, 0, 0, 0, 0, 0, 0]
	 A0A011WSE5	[0, 0, 0, 0, 0, 0, 0, 0, 0]
	 A0A009T1I8	[0, 0, 0, 0, 0, 0, 0, 0, 0]
	 A0A011UHL2	[0, 0, 0, 0, 0, 0, 0, 0, 0]
	 A0A011VWR4	[0, 0, 0, 0, 0, 0, 0, 0, 0]
	 A0A011WKI4	[0, 0, 0, 0, 0, 0, 0, 0, 0]
	 A0A009QQ47	[0, 0, 0, 0, 0, 0, 0, 0, 0]
	 A0A011UBN9	[0, 0, 0, 0, 0, 0, 0, 0, 0]
	 A0A009MMM3	[0, 0, 0, 0, 0, 0, 0, 0, 0]
	 A0A009N031	[0, 0, 0, 0, 0, 0, 0, 0, 0]
	 A0A009N123	[0, 0, 0, 0, 0, 0, 0, 0, 0]
	 A0A009ISY0	[0, 0, 0, 0, 0, 0, 0, 0, 0]
	 A0A009M4K0	[0, 0, 0, 0, 0, 0, 0, 0, 0]
	 A0A009MGJ1	[0, 0, 0, 0, 0, 0, 0, 0, 0]
	 A0A009MGQ8	[0, 0, 0, 0, 0, 0, 0, 0, 0]
	 A0A009PDV4	[0, 0, 0, 0, 0, 0, 0, 0, 0]
	 A0A009PG53	[0, 0, 0, 0, 0, 0, 0, 0, 0]
	 A0A009PT82	[0, 0, 0, 0, 0, 0, 0, 0, 0]
	 A0A009NQA1	[0, 0, 0, 0, 0, 0, 0, 0, 0]
	 A0A009I0I9	[0, 0, 0, 0, 0, 0, 0, 0, 0]
	 A0A009IRJ6	[0, 0, 0, 0, 0, 0, 0, 0, 0]
	 A0A010IZE4	[0, 0, 0, 0, 0, 0, 0, 0, 0]
	 A0A011VZG0	[0, 0, 0, 0, 0, 0, 0, 0, 0]
	 A0A011VW71	[0, 0, 0, 0, 0, 0, 0, 0, 0]
	 A0A011V8Y9	[0, 0, 0, 0, 0, 0, 0, 0, 0]
	 A0A010SHY1	[0, 0, 0, 0, 0, 0, 0, 0, 0]
	 A0A009MH90	[0, 0, 0, 0, 0, 0, 0, 0, 0]
	 A0A009Q3K7	[0, 0, 0, 0, 0, 0, 0, 0, 0]
	 A0A009HBT3	[0, 0, 0, 0, 0, 0, 0, 0, 0]
	 A0A009SWU0	[0, 0, 0, 0, 0, 0, 0, 0, 0]
	 A0A011VMV7	[0, 0, 0, 0, 0, 0, 0, 0, 0]
	 A0A011VNE2	[0, 0, 0, 0, 0, 0, 0, 0, 0]
	 A0A011VSC9	[0, 0, 0, 0, 0, 0, 0, 0, 0]
	 A0A011VUV0	[0, 0, 0, 0, 0, 0, 0, 0, 0]
	 A0A009RR21	[0, 0, 0, 0, 0, 0, 0, 0, 0]
	 A0A009HL81	[0, 0, 0, 0, 0, 0, 0, 0, 0]
	 A0A009SCM5	[0, 0, 0, 0, 0, 0, 0, 0, 0]
	 A0A009RHH7	[0, 0, 0, 0, 0, 0, 0, 0, 0]
	 A0A009RMD0	[0, 0, 0, 0, 0, 0, 0, 0, 0]
	 A0A009HTN9	[0, 0, 0, 0, 0, 0, 0, 0, 0]
	 A0A009HIL8	[0, 0, 0, 0, 0, 0, 0, 0, 0]
	 A0A009I463	[0, 0, 0, 0, 0, 0, 0, 0, 0]
	 A0A009R2X0	[0, 0, 0, 0, 0, 0, 0, 0, 0]
	 A0A009R4N4	[0, 0, 0, 0, 0, 0, 0, 0, 0]
	 A0A009RBQ2	[0, 0, 0, 0, 0, 0, 0, 0, 0]
	 A0A009QVK8	[0, 0, 0, 0, 0, 0, 0, 0, 0]
	 A0A011UTJ0	[0, 0, 0, 0, 0, 0, 0, 0, 0]
	 A0A011UWH1	[0, 0, 0, 0, 0, 0, 0, 0, 0]
	 A0A011UFM5	[0, 0, 0, 0, 0, 0, 0, 0, 0]
	 A0A011UG71	[0, 0, 0, 0, 0, 0, 0, 0, 0]
	 A0A011UGX8	[0, 0, 0, 0, 0, 0, 0, 0, 0]
	 A0A009PAG1	[0, 0, 0, 0, 0, 0, 0, 0, 0]
	 A0A009SHB3	[0, 0, 0, 0, 0, 0, 0, 0, 0]
	 A0A009SIF9	[0, 0, 0, 0, 0, 0, 0, 0, 0]
	 A0A010ZJQ6	[0, 0, 0, 0, 0, 0, 0, 0, 0]
	 A0A010YJA7	[0, 0, 0, 0, 0, 0, 0, 0, 0]
	 A0A010SPJ7	[0, 0, 0, 0, 0, 0, 0, 0, 0]
	 A0A010SSQ8	[0, 0, 0, 0, 0, 0, 0, 0, 0]
	 A0A010T025	[0, 0, 0, 0, 0, 0, 0, 0, 0]
	 A0A010ZTI3	[0, 0, 0, 0, 0, 0, 0, 0, 0]
	 A0A011A146	[0, 0, 0, 0, 0, 0, 0, 0, 0]
	 A0A011AIL7	[0, 0, 0, 0, 0, 0, 0, 0, 0]
	 A0A010YZS8	[0, 0, 0, 0, 0, 0, 0, 0, 0]
	 A0A010Z120	[0, 0, 0, 0, 0, 0, 0, 0, 0]
	 A0A009T3J5	[0, 0, 0, 0, 0, 0, 0, 0, 0]

 ### Operon type: 273

	 A0A010TG27	[594, 0, 34, 0, 0, 0, 549, 0, 0]

 ### Operon type: 274

	 A0A011PMK1	[0, 0, 0, 0, 0, 0, 0, 594, 0]

 ### Operon type: 275

	 A0A009HRU1	[0, 177, 0, 0, 0, 0, 0, 0, 0]

 ### Operon type: 276

	 A0A009HSN8	[0, 217, 0, 0, 0, -1, 0, 160, -1]

 ### Operon type: 277

	 A0A009HV82	[93, 0, 0, 0, 0, 0, 0, 0, 0]

 ### Operon type: 278

	 A0A009IG74	[0, 0, 136, 0, 386, -1, 0, 0, 0]

 ### Operon type: 279

	 A0A009IJ90	[0, 51, 0, 0, 0, 0, 0, 0, 0]

 ### Operon type: 280

	 A0A009ISE1	[367, 0, 616, 0, 0, -1, 0, 0, 0]

 ### Operon type: 281

	 A0A009NM94	[0, 634, 634, 0, 0, 0, 396, 0, 0]

 ### Operon type: 282

	 A0A009Q4N5	[0, 0, 213, 0, 0, 0, 0, 0, 0]

 ### Operon type: 283

	 A0A009SSZ9	[0, 86, 0, 0, 0, 0, 0, 0, 0]

 ### Operon type: 284

	 A0A009TBM2	[0, 0, 0, 0, 0, 0, 0, 0, 297]

 ### Operon type: 285

	 A0A009Q8S9	[0, 0, 624, 297, 0, 448, 0, 0, 0]

 ### Operon type: 286

	 A0A009YIH1	[0, 0, 0, 0, 250, 0, -1, -1, 2]

 ### Operon type: 287

	 A0A009YR05	[0, 0, 0, 0, 43, 0, 0, 0, 0]

 ### Operon type: 288

	 A0A009Z004	[242, 0, 242, 0, 0, 463, 0, 0, 0]

 ### Operon type: 289

	 A0A010IGH8	[0, 0, 0, 0, 0, 0, 0, 302, 0]

 ### Operon type: 290

	 A0A010JIN9	[364, 0, 0, 109, 201, 0, 0, 0, 0]

 ### Operon type: 291

	 A0A010RS09	[0, 0, 0, 0, 30, 0, 597, 597, 0]

 ### Operon type: 292

	 A0A010RUQ5	[0, 0, 0, 0, 0, 0, 0, 0, 192]

 ### Operon type: 293

	 A0A010S195	[623, 0, 39, 38, 0, 0, 0, 0, 0]

 ### Operon type: 294

	 A0A010SCZ2	[0, 0, 0, 0, 0, 0, 0, 278, 0]

 ### Operon type: 295

	 A0A010SN41	[0, 0, 0, 0, 275, 0, 0, 0, 0]

 ### Operon type: 296

	 A0A010SSU2	[0, 0, 0, 0, 68, 0, -1, 611, 0]

 ### Operon type: 297

	 A0A010SUP6	[0, 0, 0, 0, 0, 0, 0, 38, 0]

 ### Operon type: 298

	 A0A010SUY9	[0, 0, 0, 0, 0, 437, 574, 0]

 ### Operon type: 299

	 A0A010THK2	[0, 0, -1, 0, 0, 597, 463, 0, 0]

 ### Operon type: 300

	 A0A010SRL4	[34, 0, 0, -1, 0, 0, 0, 463, 123]

 ### Operon type: 301

	 A0A010YF95	[687, 0, 0, 0, 0, 0, 0, 0, 0]

 ### Operon type: 302

	 A0A010YT39	[0, 593, 0, 0, 0, 0, 0, 0, 0]

 ### Operon type: 303

	 A0A010YX61	[283, 614, 0, 700, 0, 0, 0, 0, 0]

 ### Operon type: 304

	 A0A010ZWJ8	[0, 0, 0, 0, 0, 613, 0, 0, 0]

 ### Operon type: 305

	 A0A009ZVR4	[639, 0, 614, 0, 0, 28, 0, 0, 0]

 ### Operon type: 306

	 A0A011AHW1	[0, 0, 0, 0, 0, 0, 0, 11, 0]

 ### Operon type: 307

	 A0A011NE37	[335, 0, 0, 0, 0, 0, 0, 0, 0]

 ### Operon type: 308

	 A0A011NF78	[0, 0, 721, 0, 0, 0, 0, 0, 0]

 ### Operon type: 309

	 A0A011NVE2	[0, 0, 0, 695, 0, 0, 591, 0, 538]

 ### Operon type: 310

	 A0A011NXJ4	[0, 0, 0, 0, 0, 0, 0, 0, 531]

 ### Operon type: 311

	 A0A011P8I1	[0, 0, 615, 614, 0, 0, 0, 0, 613]

 ### Operon type: 312

	 A0A011P9Q7	[608, 0, 0, 0, 0, 0, 0, 0, 0]

 ### Operon type: 313

	 A0A011PCT1	[0, 0, 0, 0, 0, 0, 0, 650, 0]

 ### Operon type: 314

	 A0A011PJ75	[0, 695, 515, 695, 0, 0, 0, 0, 0]

 ### Operon type: 315

	 A0A011PRB4	[0, 0, 0, 0, 0, 0, 0, 527, 0]

 ### Operon type: 316

	 A0A011Q5V7	[686, 0, 0, 0, 0, 0, 0, 0, 0]

 ### Operon type: 317

	 A0A011QU35	[0, 0, 0, 0, 710, 0, 0, 0, 0]

 ### Operon type: 318

	 A0A011QVT2	[699, 0, 0, 0, 0, 0, 0, 698, 0]

 ### Operon type: 319

	 A0A011RP14	[0, 0, 0, 0, 0, 0, 0, 641, 0]

 ### Operon type: 320

	 A0A011SM49	[591, 0, 641, 0, 0, 0, 455, 0, 0]

 ### Operon type: 321

	 A0A011AM27	[528, 0, 0, 0, 368, 0, 0, 0, 17]

 ### Operon type: 322

	 A0A011T607	[0, 0, 656, 0, 0, 0, 0, 0, 396]

 ### Operon type: 323

	 A0A010S5W8	[0, 0, 464, 656, 0, 0, 0, 0, 0]

 ### Operon type: 324

	 A0A011MSR2	[0, 0, 0, 464, 0, 0, 0, 683, 0]

 ### Operon type: 325

	 A0A010YYJ5	[0, 0, 0, 683, 0, 0, 0, 28, 28]

 ### Operon type: 326

	 A0A011TED9	[0, 0, 0, 0, 0, 399, 0, 0, 0]

 ### Operon type: 327

	 A0A011TXS5	[0, 454, 0, 0, 0, 0, 0, 0, 0]

 ### Operon type: 328

	 A0A011U144	[0, 192, 0, 0, 0, 0, 531, 424, 0]

 ### Operon type: 329

	 A0A011U1C8	[621, 0, 0, 0, 0, 0, 0, 0, 191]

 ### Operon type: 330

	 A0A011U483	[0, 0, 0, 0, 0, 620, 0, 0, 0]

 ### Operon type: 331

	 A0A011UDF3	[0, 0, 0, 0, 0, 444, 0, 0, 0]

 ### Operon type: 332

	 A0A011UG86	[0, 625, 0, 0, 0, 41, 0, 0, 0]

 ### Operon type: 333

	 A0A011UGY3	[0, 0, 0, 36, 0, 0, 0, 36, 0]

 ### Operon type: 334

	 A0A011UJN3	[0, 449, 0, 0, 0, 0, 0, 0, 0]

 ### Operon type: 335

	 A0A009INE0	[345, 0, 0, 0, 0, 0, 0, 515, 449]

 ### Operon type: 336

	 A0A011UQB5	[631, 502, 0, 0, 0, 0, 0, 331, 0]

 ### Operon type: 337

	 A0A011UVI5	[0, 0, 0, 0, 0, 42, 695, 695, 0]

 ### Operon type: 338

	 A0A011UWI3	[0, 0, 0, 0, 142, 0, 103, 623, 0]

 ### Operon type: 339

	 A0A011V5E6	[0, 0, 0, 0, 0, 382, 0, 0, 0]

 ### Operon type: 340

	 A0A011M4H6	[279, 0, 547, 0, 0, 0, 0, 0, 0]

 ### Operon type: 341

	 A0A011VSV3	[0, 0, 0, 0, 0, 0, 567, 0, 0]

 ### Operon type: 342

	 A0A011VWI0	[0, 0, 0, 0, 0, 108, 0, 0, 0]

 ### Operon type: 343

	 A0A011VZ91	[199, 0, 0, 0, 0, 0, 0, 0, 0]

 ### Operon type: 344

	 A0A011W213	[0, 0, 0, 0, 0, 539, 0, 0, 0]

 ### Operon type: 345

	 A0A011WP76	[0, 0, 0, 0, 0, 0, 0, 0, 703]

 ### Operon type: 346

	 A0A011WSD4	[0, 0, 0, -1, 0, 683, 0, 0, 381]

 ### Operon type: 347

	 A0A011VZF5	[0, 0, 379, 378, 0, 683, 381, 683, 0]

 ### Operon type: 348

	 A0A011WSU6	[0, 683, 0, 0, 376, 0, 0, 0, 0]

 ### Operon type: 349

	 A0A013S843	[0, 325, 0, 0, 0, 0, -1, 296, 0]

 ### Operon type: 350

	 A0A013S981	[292, 0, 0, 0, 0, 0, 0, 0, 0]

 ### Operon type: 351

	 A0A013T337	[0, 0, 0, 0, 0, 0, 0, 0, 430]

 ### Operon type: 352

	 A0A013T5E6	[0, 0, 0, 429, 0, 0, 0, 0, 0]

 ### Operon type: 353

	 A0A013SGL3	[323, 284, 283, 282, 322, 561, 321, 621, 320]
	 A0A010KAV2	[323, 0, 0, 282, 322, 561, 321, 621, 320]
	 A0A009NE81	[323, 284, 283, 282, 322, 561, 321, 621, 320]
	 A0A009RQH3	[323, 0, 0, 282, 322, 561, 321, 621, 320]
	 A0A009I5Z6	[323, 0, 283, 282, 322, 561, 321, 621, 320]

 ### Operon type: 354

	 A0A013TB41	[323, -1, 0, 0, 322, 561, 321, 621, 320]

 ### Operon type: 355

	 A0A009H3X4	[323, 0, 0, 0, 322, 561, -1, 597, -1]

 ### Operon type: 356

	 A0A009YL68	[0, 0, 621, 323, 322, 0, 0, 3, 0]

 ### Operon type: 357

	 A0A009T9H0	[0, 2, 624, -1, 0, 0, 178, 0, 177]

 ### Operon type: 358

	 A0A010THH5	[0, 97, 46, 42, 0, 0, 629, 0, 366]

 ### Operon type: 359

	 A0A011WSH8	[0, 0, 0, 549, 276, 0, 0, 0, 0]
	 A0A011VZE3	[0, 0, 0, 549, 276, 0, 0, 0, 0]

 ### Operon type: 360

	 A0A011NAF3	[0, 0, 0, 0, 0, 0, 549, 0, 601]

 ### Operon type: 361

	 A0A009IQ93	[186, 0, 549, 0, 0, 123, 0, 0, 0]

 ### Operon type: 362

	 A0A009TLU4	[0, 454, -1, 167, 0, 21, 0, -1, -1]

 ### Operon type: 363

	 A0A010JNG7	[405, 0, 0, 371, 0, 0, 0, 0, 0]

 ### Operon type: 364

	 A0A010S003	[563, 0, 0, 0, 0, 625, 625, 184, 0]

 ### Operon type: 365

	 A0A010SMN8	[0, -1, 40, 0, 551, 0, 0, 570, 0]

 ### Operon type: 366

	 A0A010SXS1	[0, 152, 0, 0, 0, 197, 0, 0, 698]

 ### Operon type: 367

	 A0A010T689	[17, -1, 629, 644, 0, 0, 0, 0, 0]

 ### Operon type: 368

	 A0A010TBB4	[0, 90, 0, 41, 0, 0, 0, 0, 621]

 ### Operon type: 369

	 A0A010YFK3	[0, 649, 0, 0, 0, 0, 77, 0, 191]

 ### Operon type: 370

	 A0A010YVY1	[7, 0, 7, 0, 0, 0, 0, 184, 0]

 ### Operon type: 371

	 A0A010Z7T4	[0, 0, 0, 0, 0, 0, 0, 542, 530]

 ### Operon type: 372

	 A0A010RRR9	[0, 0, 0, 0, 544, 0, 0, 543, 542]

 ### Operon type: 373

	 A0A010SIA7	[0, 0, 543, 99, 0, 0, 0, 0, 0]

 ### Operon type: 374

	 A0A010ZSZ2	[0, 44, 0, 14, 13, 0, 0, 0, 0]

 ### Operon type: 375

	 A0A010Z0Y7	[0, 0, 0, 0, 13, 208, 0, 0, 0]

 ### Operon type: 376

	 A0A010ZUR7	[281, 12, 0, 12, 0, 11, 184, 0, 0]

 ### Operon type: 377

	 A0A011A0M8	[0, 0, 463, 0, 45, 0, 0, 9, 9]

 ### Operon type: 378

	 A0A011NFL4	[0, 633, 0, 0, 595, 594, 0, 593, 0]

 ### Operon type: 379

	 A0A011P407	[0, 0, 622, 632, 0, 0, 621, 0, 620]

 ### Operon type: 380

	 A0A011QGT2	[549, 0, 0, 480, 479, 0, 0, 0, 0]

 ### Operon type: 381

	 A0A011QSA4	[724, 0, 723, 722, 0, 0, 0, 0, 721]

 ### Operon type: 382

	 A0A011T6J6	[0, 686, 0, 614, 0, 0, 373, 0, 372]

 ### Operon type: 383

	 A0A011TAL2	[0, 656, 0, 0, 0, 398, 0, 533, 0]

 ### Operon type: 384

	 A0A011TYT7	[0, 0, 0, 0, 0, 0, 453, 452, 452]

 ### Operon type: 385

	 A0A011TZG0	[463, 684, 0, 0, 0, 0, 0, 451, 0]

 ### Operon type: 386

	 A0A011Q6N5	[0, 0, 0, 0, 0, 0, 685, 684, 685]

 ### Operon type: 387

	 A0A011UII7	[0, 0, 0, 0, 0, 538, 450, 0, 0]

 ### Operon type: 388

	 A0A011UNT9	[448, 458, 0, 0, 0, 0, 0, 0, 0]

 ### Operon type: 389

	 A0A011SIS0	[0, 671, 459, 459, 0, 0, 0, 458, 0]

 ### Operon type: 390

	 A0A011UT49	[0, 44, 0, 0, 0, 0, 152, 80, 0]

 ### Operon type: 391

	 A0A011VU65	[78, 0, 0, 0, 0, 77, 0, 0, 0]

 ### Operon type: 392

	 A0A011VV03	[0, 281, 0, 0, 280, 279, 0, 0, 0]

 ### Operon type: 393

	 A0A011VVZ9	[0, 0, -1, 0, 0, 278, 277, 277, 457]

 ### Operon type: 394

	 A0A011VWX7	[698, 334, 0, 0, 0, 0, 0, 630, 0]

 ### Operon type: 395

	 A0A011VXK7	[634, 634, 0, 348, 0, 0, 0, 688, 0]

 ### Operon type: 396

	 A0A011W0I6	[198, 0, 0, 0, 0, 460, 0, 598, 0]

 ### Operon type: 397

	 A0A010YEF6	[0, 198, 0, 0, 0, 0, 0, 0, 26]

 ### Operon type: 398

	 A0A013SQH1	[0, 0, 0, 0, 275, 513, 0, 405, 506]

 ### Operon type: 399

	 A0A009LNU8	[269, 271, 272, 273, 0, 167, 0, 405, 0]

 ### Operon type: 400

	 A0A013SRG6	[274, 273, 272, 271, 0, 270, 0, 269, 590]

 ### Operon type: 401

	 A0A009IQU8	[0, 271, 0, 0, 0, 270, 590, 0, 0]

 ### Operon type: 402

	 A0A010K2K8	[272, 273, 274, 0, 0, 0, 0, -1, 405]

 ### Operon type: 403

	 A0A011NPR8	[0, 590, 0, 0, 0, 0, 589, 0, 0]

 ### Operon type: 404

	 A0A010SEA2	[690, 589, 97, 0, 0, 0, 0, 0, 0]

 ### Operon type: 405

	 A0A009ZIC0	[74, 92, 546, 249, 306, 552, 91, 90, 305]

 ### Operon type: 406

	 A0A009ZB47	[118, 27, 0, 0, 0, 683, 364, 0, 0]

 ### Operon type: 407

	 A0A010RM40	[550, 549, 548, 0, 0, 0, 0, -1, 619]

 ### Operon type: 408

	 A0A010RRQ6	[0, 547, 0, 0, 0, 551, 546, 545, 0]

 ### Operon type: 409

	 A0A010S423	[373, 0, 0, 0, 0, 0, 0, 103, 638]

 ### Operon type: 410

	 A0A010T0I7	[0, 0, 26, 0, 0, 615, 723, 549, 0]

 ### Operon type: 411

	 A0A011AHU9	[0, 0, 0, 0, 0, 0, 0, 8, 607]

 ### Operon type: 412

	 A0A010YY02	[0, 6, 0, 0, 6, 489, 5, 0, 8]

 ### Operon type: 413

	 A0A011NA78	[0, 507, 0, 0, 0, 714, 0, 0, 619]

 ### Operon type: 414

	 A0A011P8W7	[612, 622, 698, 0, 611, 0, 0, 0, 0]

 ### Operon type: 415

	 A0A011PG97	[570, 0, 0, 569, 0, 0, 0, 0, 0]

 ### Operon type: 416

	 A0A011PKT4	[0, 513, 0, 0, 0, 0, 512, 0, 0]

 ### Operon type: 417

	 A0A011PLB2	[0, 612, 0, 514, 0, 0, 0, 0, 0]

 ### Operon type: 418

	 A0A011R339	[0, 0, 0, 0, 0, 0, 228, 227, 0]

 ### Operon type: 419

	 A0A011SFE5	[0, 0, 0, 634, 0, 0, 633, 632, 631]

 ### Operon type: 420

	 A0A011SJT5	[0, 0, 0, 457, 456, 456, 456, 456, 456]

 ### Operon type: 421

	 A0A011TDQ5	[0, 0, 0, 0, 395, 461, 0, 0, 0]

 ### Operon type: 422

	 A0A011UG17	[146, 0, 200, 0, 37, 78, 0, 0, 0]

 ### Operon type: 423

	 A0A011V8Z7	[0, 0, 0, 0, 0, 107, 106, 0, 0]

 ### Operon type: 424

	 A0A011VT01	[0, 0, 79, 0, 0, 79, 0, 0, 238]

 ### Operon type: 425

	 A0A011VYP6	[0, 0, 0, 0, 0, 0, 200, 485, 0]

 ### Operon type: 426

	 A0A011V392	[380, 0, 527, 379, 378, 377, 0, 376, 375]

 ### Operon type: 427

	 A0A009Q0U9	[394, 114, 113, 0, 112, 111, -1, -1, 0]

 ### Operon type: 428

	 A0A010SRB2	[21, 20, 0, 0, 0, 20, 19, 0, 0]

 ### Operon type: 429

	 A0A011VJ76	[81, 81, 80, 593, 0, 549, 463, 0, 622]

 ### Operon type: 430

	 A0A013SKX6	[0, 0, 640, 0, 386, 386, 385, 384, 383]

 ### Operon type: 431

	 A0A010KA25	[364, 0, 629, 393, 254, 0, 0, 364, 329]

 ### Operon type: 432

	 A0A011WUA8	[668, 0, 0, 308, 0, 0, 0, 307, 307]

 ### Operon type: 433

	 A0A010S4X6	[0, 208, 548, 625, 315, 0, 534, 511, 597]

 ### Operon type: 434

	 A0A011U8C0	[0, 190, 189, 0, 188, 187, 0, 0, 0]
