
 ### Operon type: 1

	 A0A011PVT3	[656, 529, 528, 527, 526, 525, 524, 523, 522]
	 A0A011R7V7	[656, 529, 528, 527, 526, 525, 524, 523, 522]
	 A0A011MET3	[656, 529, 528, 527, 526, 525, 524, 523, 522]

 ### Operon type: 2

	 A0A011UIA1	[273, 272, 271, 270, 269, 268, 267, 266, 0]
	 A0A011V5V3	[0, 273, 272, 271, 270, 269, 268, 267, 266]

 ### Operon type: 3

	 A0A011PTE7	[550, 549, 548, 547, 546, 0, 545, 544, 543]
	 A0A011NE72	[550, 549, 548, 547, 546, 545, 544, 543, 0]

 ### Operon type: 4

	 A0A011NEY3	[448, 581, 580, 579, 579, 578, 577, 576, 0]

 ### Operon type: 5

	 A0A011PAN4	[581, 580, 0, 579, 579, 578, 577, 576, 575]

 ### Operon type: 6

	 A0A011RCD5	[448, 581, 580, 579, 579, 578, 577, 576, 575]

 ### Operon type: 7

	 A0A010JSI3	[475, 474, 473, 472, 471, 470, 469, 468, 0]
	 A0A013T0M4	[475, 474, 473, 472, 471, 470, 469, 468, 0]
	 A0A009RGL2	[0, 474, 473, 472, 471, 470, 469, 468, 0]
	 A0A009HDS5	[475, 474, 473, 472, 471, 470, 469, 468, 0]

 ### Operon type: 8

	 A0A011PF67	[608, 607, 606, 605, 604, 0, 0, 0, 0]
	 A0A011NBX7	[608, 607, 606, 605, 604, 533, 0, 0, 0]
	 A0A011NW66	[608, 607, 606, 605, 604, 533, 0, 0, 0]

 ### Operon type: 9

	 A0A011NS68	[608, 607, 606, 605, 604, 603, 602, 616, 601]
	 A0A011RHX4	[608, 607, 606, 605, 604, 603, 602, 616, 0]

 ### Operon type: 10

	 A0A010JY00	[326, 538, 465, 425, 146, 692, 422, 695, 442]

 ### Operon type: 11

	 A0A013TH30	[538, 465, 425, 424, 423, 692, 422, 695, 442]

 ### Operon type: 12

	 A0A011QAS2	[0, 676, 675, 674, 673, 672, 671, 670, 669]
	 A0A011NEQ1	[0, 676, 675, 674, 673, 672, 671, 670, 669]

 ### Operon type: 13

	 A0A011QSF0	[0, 720, 719, 718, 717, 716, 715, 714, 0]
	 A0A011QBB5	[571, 720, 719, 718, 717, 716, 715, 714, 502]
	 A0A011Q0X6	[571, 720, 719, 718, 717, 716, 715, 714, 502]
	 A0A011Q1X8	[720, 0, 719, 718, 717, 716, 715, 714, 502]

 ### Operon type: 14

	 A0A011PG87	[571, 720, 719, 718, 717, 716, 715, 0, 0]

 ### Operon type: 15

	 A0A013SP43	[361, 360, 359, 358, 357, 356, 355, 354, 353]
	 A0A010K6G6	[361, 360, 359, 358, 357, 356, 355, 0, 353]
	 A0A009RUN3	[361, 360, 359, 358, 357, 356, 355, 354, 353]

 ### Operon type: 16

	 A0A009SZB5	[0, 0, 234, 233, 232, 0, 0, 0, 231]
	 A0A009HR98	[0, 0, 234, 233, 232, 0, 0, 0, 231]

 ### Operon type: 17

	 A0A009Z8F7	[72, 234, 103, 0, 232, 4, 4, 0, 0]

 ### Operon type: 18

	 A0A011QUG8	[709, 708, 707, 706, 705, 704, 0, 703, 702]
	 A0A011QIT1	[709, 708, 707, 706, 705, 704, 703, 702, 691]

 ### Operon type: 19

	 A0A011QAB0	[683, 682, 681, 0, 680, 679, 678, 677, 0]
	 A0A011PL71	[492, 683, 682, 681, 680, 679, 678, 677, 0]

 ### Operon type: 20

	 A0A011PIY7	[627, 0, 626, 625, 624, 623, 622, 0, 620]

 ### Operon type: 21

	 A0A011Q3J4	[0, 627, 626, 625, 624, 623, 622, 621, 0]

 ### Operon type: 22

	 A0A011MH88	[628, 627, 626, 625, 624, 623, 622, 621, 620]

 ### Operon type: 23

	 A0A009QBR9	[0, 0, 254, 432, 253, 0, 0, 252, 251]
	 A0A009TM70	[0, 209, 254, 432, 253, 0, 0, 252, 251]

 ### Operon type: 24

	 A0A010ILU3	[210, 209, 254, 0, 253, 208, 207, 206, 252]
	 A0A009QS71	[210, 209, 254, 432, 253, 208, 0, 206, 252]
	 A0A009MW50	[0, 209, 254, 432, 253, 208, 0, 206, 252]
	 A0A009H3B0	[0, 209, 254, 0, 253, 208, 207, 206, 252]

 ### Operon type: 25

	 A0A009I8S2	[0, 0, 254, 432, 253, 208, 206, 252, 251]

 ### Operon type: 26

	 A0A009ICH6	[398, 120, 119, 35, 146, 33, 32, 31, 695]
	 A0A009ZFR5	[398, 120, 119, 35, 146, 33, 32, 31, 695]

 ### Operon type: 27

	 A0A009GP96	[0, 100, 537, 460, 145, 99, 416, 98, 97]

 ### Operon type: 28

	 A0A009GSR4	[460, 145, 99, 416, 98, 97, 97, 96, 0]

 ### Operon type: 29

	 A0A009IIT6	[100, 537, 460, 145, 98, 97, 97, 96, 0]

 ### Operon type: 30

	 A0A009IS10	[89, 0, 0, 0, 127, 126, 125, 0, 0]

 ### Operon type: 31

	 A0A009QHW5	[0, 0, 0, 210, 127, 126, 125, 0, 124]

 ### Operon type: 32

	 A0A011UVB4	[0, 0, 0, 219, 0, 0, 89, 0, 152]

 ### Operon type: 33

	 A0A011TLH7	[459, 458, 457, 0, 0, 0, 0, 0, 0]
	 A0A011UG87	[457, 458, 459, 0, 0, 0, 0, 0, 0]

 ### Operon type: 34

	 A0A011QIE8	[519, 518, 517, 611, 516, 515, 514, 0, 0]
	 A0A011QDV3	[519, 518, 517, 611, 516, 515, 503, 0, 514]

 ### Operon type: 35

	 A0A011NYU6	[500, 499, 0, 498, 556, 16, 15, 0, 497]

 ### Operon type: 36

	 A0A011PYI6	[500, 499, 0, 498, 556, 497, 496, 632, 0]

 ### Operon type: 37

	 A0A011P1C0	[0, 0, 16, 15, 497, 0, 0, 0, 0]

 ### Operon type: 38

	 A0A011PP01	[560, 559, 558, 0, 0, 0, 0, 0, 0]
	 A0A011NVE7	[560, 559, 558, 0, 0, 0, 0, 0, 0]

 ### Operon type: 39

	 A0A013TH43	[421, 0, 0, 0, 420, 419, 418, 0, 417]
	 A0A009RAF0	[421, 0, 0, 0, 420, 419, 418, 0, 417]

 ### Operon type: 40

	 A0A013S8V2	[329, 328, 0, 0, 0, 327, 0, 0, 0]
	 A0A009R8E1	[0, 64, 0, 329, 328, 0, 0, 327, 0]

 ### Operon type: 41

	 A0A009QFZ7	[440, 439, 0, 0, 436, 0, 434, 433, 0]
	 A0A009TK03	[440, 439, 0, 0, 436, 0, 434, 433, 0]

 ### Operon type: 42

	 A0A013SPM5	[440, 439, 438, 437, 436, 435, 434, 433, 0]
	 A0A009MH71	[440, 439, 0, 437, 436, 435, 434, 433, 0]
	 A0A010IX62	[440, 439, 438, 437, 436, 0, 434, 433, 0]
	 A0A009HSL1	[440, 439, 438, 437, 436, 0, 434, 433, 0]

 ### Operon type: 43

	 A0A009I6Z0	[440, 439, 0, 437, 436, 0, 434, 433, 73]

 ### Operon type: 44

	 A0A009ZIX8	[0, 5, 438, 437, 436, 14, 0, 73, 0]

 ### Operon type: 45

	 A0A009I573	[42, 0, 77, 78, 0, 79, 248, 80, 81]

 ### Operon type: 46

	 A0A009ILP9	[82, 0, 81, 80, 248, 79, 245, 78, 77]

 ### Operon type: 47

	 A0A009I953	[82, 0, 81, 80, 248, 79, 245, 0, -1]

 ### Operon type: 48

	 A0A009QEG7	[250, 249, 0, 0, 248, 247, 246, 0, 245]
	 A0A009IPC3	[250, 249, 0, 0, 248, 247, 246, 0, 245]

 ### Operon type: 49

	 A0A009SX74	[569, 601, 0, 78, 245, 82, 249, 250, 0]

 ### Operon type: 50

	 A0A010JWJ1	[0, 151, 537, 0, 150, 149, 148, 147, 0]
	 A0A009I4A1	[0, 151, 537, 0, 150, 149, 148, 147, 0]

 ### Operon type: 51

	 A0A009QF22	[131, 130, 129, 0, 150, 149, 148, 147, 128]
	 A0A009TBY8	[131, 130, 129, 90, 150, 149, 148, 147, 128]

 ### Operon type: 52

	 A0A009ITT8	[112, 111, 110, 241, 240, 108, 239, 238, 237]

 ### Operon type: 53

	 A0A009NJ90	[112, 111, 110, 241, 0, 109, 108, 239, 238]

 ### Operon type: 54

	 A0A009HZK2	[242, 241, 240, 0, 0, 0, 0, 0, 0]

 ### Operon type: 55

	 A0A009IJ07	[244, 243, 242, 241, 240, 0, 0, 0, 0]

 ### Operon type: 56

	 A0A009S6G1	[244, 243, 242, 241, 240, 239, 238, 237, 236]

 ### Operon type: 57

	 A0A009S5A5	[240, 109, 108, 239, 238, 237, 36, 107, 236]

 ### Operon type: 58

	 A0A013TCN9	[432, 431, 430, 429, 428, 427, 426, 537, 611]
	 A0A009QNC9	[432, 431, 430, 429, 428, 427, 426, 537, 611]
	 A0A009NIJ3	[432, 431, 430, 429, 428, 427, 426, 537, 611]
	 A0A010ITG1	[432, 431, 430, 429, 428, 427, 426, 537, 611]
	 A0A013TRC1	[432, 431, 430, 429, 428, 427, 426, 537, 611]

 ### Operon type: 59

	 A0A009H935	[0, 0, 430, 429, 428, 427, 426, 537, 611]

 ### Operon type: 60

	 A0A009PJF7	[220, 221, 221, 222, 176, 223, 175, 174, 173]
	 A0A009SJZ7	[219, 220, 221, 222, 176, 223, 175, 174, 173]

 ### Operon type: 61

	 A0A009Z5G0	[223, 222, 221, 0, 313, 220, 219, 350]

 ### Operon type: 62

	 A0A010JJC1	[629, 217, 216, 215, 214, 213, 212, 218, 211]
	 A0A010IZ41	[217, 216, 215, 214, 213, 212, 218, 211, 359]

 ### Operon type: 63

	 A0A009QJL6	[629, 217, 216, 215, 0, 211, 359, 121, 0]

 ### Operon type: 64

	 A0A011P2I4	[679, 561, 626, 0, 0, 0, 0, 0, 0]
	 A0A011N9N8	[679, 561, 626, 0, 0, 0, 0, 0, 0]

 ### Operon type: 65

	 A0A009PIB4	[0, 0, 0, 142, 141, 140, 416, 537, 679]
	 A0A009SLR5	[0, 0, 0, 142, 141, 140, 416, 537, 679]

 ### Operon type: 66

	 A0A009HSU4	[0, 0, 479, 537, 0, 561, 594, 679, 416]

 ### Operon type: 67

	 A0A011SF89	[637, 636, 635, 0, 0, 0, 0, 0, 0]

 ### Operon type: 68

	 A0A011UCX7	[0, 683, 637, 636, 0, 635, 196, 0, 0]

 ### Operon type: 69

	 A0A011NYT4	[592, 591, 590, 589, 0, 484, 484, 483, 482]

 ### Operon type: 70

	 A0A011P8E9	[0, 0, 592, 591, 0, 590, 589, 0, 0]

 ### Operon type: 71

	 A0A010TF34	[0, -1, 0, 0, 47, 46, 45, 44, 43]
	 A0A010SYH9	[47, 46, 45, 44, 43, 0, 0, 0, 0]

 ### Operon type: 72

	 A0A010TFJ4	[0, -1, 0, 52, 51, 50, 49, -1, 48]
	 A0A010S7A1	[52, 51, 50, 49, 0, 48, 0, 0, 0]

 ### Operon type: 73

	 A0A009ICP5	[167, 363, 536, 166, 165, 0, 0, 163, 0]

 ### Operon type: 74

	 A0A009MMG9	[167, 363, 536, 166, 165, 0, 164, 163, 309]

 ### Operon type: 75

	 A0A009HTW0	[0, 225, 226, 0, 165, 0, 0, 163, 0]
	 A0A009QLL2	[0, 225, 226, 0, 165, 0, 0, 163, 0]

 ### Operon type: 76

	 A0A009SIV4	[224, 225, 226, 62, 165, 61, 0, 163, 309]

 ### Operon type: 77

	 A0A013TSJ4	[225, 226, 0, 62, 165, 0, 0, 163, 309]

 ### Operon type: 78

	 A0A009Z3V9	[537, 0, 0, 0, 0, 226, 478, 225, 224]

 ### Operon type: 79

	 A0A009T0Q9	[0, 0, 0, 0, 230, 319, 628, 537, 229]

 ### Operon type: 80

	 A0A009YJF4	[0, 483, 482, 20, 91, 628, 537, 0, 229]

 ### Operon type: 81

	 A0A009PAV9	[192, -1, 536, 191, 390, 416, 190, 189, 188]
	 A0A009HJC2	[192, 611, 536, 191, 390, 416, 190, 189, 188]

 ### Operon type: 82

	 A0A009SE02	[0, 188, 0, 0, 0, 189, 190, 416, 390]

 ### Operon type: 83

	 A0A011QNA5	[0, 513, 512, 511, 0, 510, 509, 508, 507]
	 A0A009ZLJ7	[507, 508, 509, 510, 0, 0, 513, 512, 511]

 ### Operon type: 84

	 A0A013T0T6	[510, 509, 508, 507, 447, 446, 445, 444, 443]
	 A0A009QMH5	[510, 509, 508, 507, 447, 446, 445, 444, 443]
	 A0A009HAX1	[510, 509, 508, 507, 447, 446, 445, 444, 443]

 ### Operon type: 85

	 A0A010ILW6	[510, 509, 508, 507, 447, 446, 0, 0, 444]

 ### Operon type: 86

	 A0A009Z9X7	[509, 508, 507, 0, 447, 0, 699, 0, 444]

 ### Operon type: 87

	 A0A009PE10	[0, 0, 0, 507, 447, 185, 445, 444, -1]

 ### Operon type: 88

	 A0A009HS41	[594, 398, 582, 397, 177, 537, 537, 395, 394]
	 A0A009SYU8	[594, 398, 582, 397, 177, 537, 537, 395, 394]
	 A0A009RSB7	[594, 398, 582, 397, 177, 537, 537, 395, 394]

 ### Operon type: 89

	 A0A013SHA9	[594, 398, 582, 397, 396, 537, 537, 395, 394]
	 A0A010IT25	[594, 398, 582, 397, 396, 537, 537, 395, 394]
	 A0A009I466	[594, 398, 582, 397, 396, 537, 537, 395, 394]

 ### Operon type: 90

	 A0A009NMQ9	[594, 398, 582, 397, 396, 0, 537, 537, 395]

 ### Operon type: 91

	 A0A009P8A9	[0, 0, 582, 397, 177, 537, 537, 395, 394]

 ### Operon type: 92

	 A0A011PGU1	[0, 0, 568, 567, 566, 565, 564, 563, 562]
	 A0A011MDH1	[481, 0, 568, 567, 566, 565, 564, 563, 562]

 ### Operon type: 93

	 A0A011V0P4	[409, 277, 0, 0, 303, 0, 0, 280, 279]

 ### Operon type: 94

	 A0A011WPV7	[280, 279, 0, 0, 0, 0, 0, 0, 0]

 ### Operon type: 95

	 A0A011RNP9	[0, 0, 0, 0, 0, 644, 678, 0, 0]

 ### Operon type: 96

	 A0A011V0B5	[640, 0, 0, 0, 0, 0, 644, 0, 0]

 ### Operon type: 97

	 A0A011RQC9	[0, 640, 639, 0, 0, 0, 0, 638, 0]

 ### Operon type: 98

	 A0A011QG28	[506, 505, 567, 0, 566, 565, 587, 504, 588]
	 A0A011RIM8	[506, 505, 0, 0, 566, 565, 587, 504, 588]

 ### Operon type: 99

	 A0A011PHI6	[600, 0, 599, 0, 0, 598, 706, 597, 0]

 ### Operon type: 100

	 A0A011QI68	[0, 0, 599, 598, 0, 0, 0, 0, 0]

 ### Operon type: 101

	 A0A011P700	[0, 0, 713, 712, 0, 0, 0, 0, 0]

 ### Operon type: 102

	 A0A011QSI4	[0, 0, 713, 712, 711, 0, 0, 0, 0]

 ### Operon type: 103

	 A0A011NVJ6	[487, 661, 660, 659, 658, 657, 0, 0, 486]

 ### Operon type: 104

	 A0A011PVP2	[0, 661, 660, 659, 658, 657, 0, 0, 656]

 ### Operon type: 105

	 A0A011NXY7	[0, 0, 660, 0, 658, 0, 0, 0, 0]

 ### Operon type: 106

	 A0A011QR69	[697, 696, 695, 694, 693, 692, 0, 0, 0]
	 A0A011NUB4	[697, 696, 695, 694, 693, 692, 0, 489, 0]

 ### Operon type: 107

	 A0A011NN36	[696, 695, 0, 0, 693, 692, 0, 0, 0]

 ### Operon type: 108

	 A0A011PK69	[695, 495, 0, 0, 693, 692, 0, 0, 0]

 ### Operon type: 109

	 A0A011RMI6	[667, 666, 647, 646, 645, 665, 664, 663, 662]
	 A0A011NYD6	[667, 666, 647, 646, 645, 665, 664, 663, 662]

 ### Operon type: 110

	 A0A011QB28	[668, 667, 666, 0, 0, 665, 664, 663, 662]

 ### Operon type: 111

	 A0A011NF33	[0, 665, 664, 0, 0, 0, 0, 0, 0]

 ### Operon type: 112

	 A0A011NBY4	[532, 0, 0, 531, 0, 0, 530, 0, 0]

 ### Operon type: 113

	 A0A011WRT0	[532, 0, 0, 0, 0, 0, 0, 632, 0]

 ### Operon type: 114

	 A0A011SHV5	[0, 0, 0, 0, 0, 630, 632, 629, 0]

 ### Operon type: 115

	 A0A011NB95	[0, 701, 0, 0, 0, 0, 536, 535, 534]

 ### Operon type: 116

	 A0A011UHT4	[121, 172, 535, 0, 0, 54, 54, 534, 0]

 ### Operon type: 117

	 A0A010Z1W7	[0, 0, 0, 0, 0, 58, 0, 405, 406]

 ### Operon type: 118

	 A0A011VY84	[0, 0, 406, 405, 0, 0, 0, 0, 0]

 ### Operon type: 119

	 A0A010YW85	[0, 0, 0, 0, 0, 377, 0, 405, 406]

 ### Operon type: 120

	 A0A010ZMA0	[405, 541, 0, 0, 0, 0, 0, 0, 0]

 ### Operon type: 121

	 A0A011N5L2	[0, 0, 0, 541, 0, 540, 539, 0, 0]

 ### Operon type: 122

	 A0A010SQJ5	[330, 166, 0, 455, 454, 453, 0, 0, 0]

 ### Operon type: 123

	 A0A010STD3	[0, 0, 0, 455, 454, 453, 0, 395, 344]

 ### Operon type: 124

	 A0A011TD67	[456, 0, 0, 455, 454, 453, 452, 0, 451]

 ### Operon type: 125

	 A0A009ZC12	[0, 0, 0, 455, 0, 453, 452, 3, 722]

 ### Operon type: 126

	 A0A010RFQ9	[0, 0, 467, 0, 466, 0, 0, 0, 0]

 ### Operon type: 127

	 A0A010SPR9	[19, 19, 0, 0, 0, 466, 0, 0, 0]

 ### Operon type: 128

	 A0A013S288	[0, 0, 0, 342, 390, 341, 340, 0, 339]
	 A0A010J3I1	[0, 0, 0, 342, 390, 341, 340, 0, 339]

 ### Operon type: 129

	 A0A013SXT2	[401, 291, 290, 342, 390, 341, 340, 289, 339]
	 A0A009PWG1	[401, 291, 290, 342, 390, 341, 340, 289, 339]

 ### Operon type: 130

	 A0A009ZJK4	[0, 0, 0, 0, 0, 0, 398, 24, 0]

 ### Operon type: 131

	 A0A010SVN1	[-1, 24, 537, 255, 399, 0, 0, 398, 0]

 ### Operon type: 132

	 A0A009IMX3	[338, 0, 336, 0, 334, 133, 133, 632, 132]
	 A0A009SF48	[338, 0, 336, 0, 334, -1, 133, 632, 132]

 ### Operon type: 133

	 A0A009QEX0	[338, 337, 336, 335, 334, 133, 133, 632, 132]

 ### Operon type: 134

	 A0A013S7V1	[338, 337, 336, 335, 334, 333, 398, 332, 331]
	 A0A010ISX2	[338, 337, 336, 335, 334, 333, 398, 332, 331]
	 A0A009MR00	[338, 337, 336, 335, 334, 333, 398, 332, 331]
	 A0A009RES7	[338, 337, 336, 335, 334, 333, 398, 332, 331]

 ### Operon type: 135

	 A0A009GYP9	[0, 0, 0, 335, 334, 333, 398, 332, 331]

 ### Operon type: 136

	 A0A009YTT3	[0, 0, 0, 0, 0, 0, 398, 332, 331]

 ### Operon type: 137

	 A0A009PFK7	[184, 183, 182, 181, 180, 0, 0, 179, 0]
	 A0A009QGN4	[184, 183, 182, 181, 180, 179, 0, 0, 0]

 ### Operon type: 138

	 A0A009YR20	[0, 179, 0, 0, 0, 0, 183, 0, 0]

 ### Operon type: 139

	 A0A013SB36	[325, 324, 323, 322, 321, 0, 482, 320, 319]
	 A0A009QSI3	[325, 324, 323, 322, 321, 0, 482, 320, -1]

 ### Operon type: 140

	 A0A010ITP2	[325, 324, 323, 322, 321, 0, 482, 0, 0]

 ### Operon type: 141

	 A0A009SII9	[-1, 324, 323, 322, 0, 0, 0, 0, 230]

 ### Operon type: 142

	 A0A009HZV2	[0, 0, 0, 0, 195, 194, 109, 0, 0]

 ### Operon type: 143

	 A0A009QPE7	[0, 0, 0, 0, 195, 194, 0, 0, 0]

 ### Operon type: 144

	 A0A009GXL8	[94, 93, 92, 0, 91, 90, 115, 123, 122]

 ### Operon type: 145

	 A0A010JIW7	[94, 93, 92, 0, 91, 0, 0, 115, 123]

 ### Operon type: 146

	 A0A009MGR3	[0, 0, 263, 0, 441, 107, 106, 262, 261]

 ### Operon type: 147

	 A0A009Q4G0	[0, 264, 263, 0, 441, 0, 262, 261, 262]

 ### Operon type: 148

	 A0A009PUJ8	[0, 187, 0, 0, 0, 186, 115, 123, 122]

 ### Operon type: 149

	 A0A009QJA8	[123, 122, 0, 0, 0, 0, 0, 0, 0]

 ### Operon type: 150

	 A0A009PB53	[0, 0, 187, 0, 0, 262, 261, 262, 186]

 ### Operon type: 151

	 A0A013SNJ8	[398, 0, 0, 352, 351, 390, 359, 0, 0]
	 A0A013RZW2	[398, 343, 0, 352, 351, 390, 359, 0, 0]
	 A0A010J9U3	[398, 0, 0, 352, 351, 390, 359, 0, 0]
	 A0A009RD69	[398, 343, 0, 352, 351, 390, 359, 88, 0]
	 A0A009SIZ4	[398, 343, 0, 352, 351, 0, 359, 88, 0]

 ### Operon type: 152

	 A0A009PH20	[0, 0, 252, 352, 351, 390, 359, 0, 0]
	 A0A009IV03	[0, 0, 252, 352, 351, 0, 359, 0, 0]

 ### Operon type: 153

	 A0A009YIZ0	[398, 343, 252, 352, 351, 390, 359, 88, 116]

 ### Operon type: 154

	 A0A009QA91	[258, 257, 594, 537, 392, 392, 256, 371, 255]
	 A0A010J377	[258, 257, 594, 537, 392, 392, 256, 371, 255]

 ### Operon type: 155

	 A0A009QQC0	[0, 0, 193, 537, 392, 392, 0, 371, 255]
	 A0A009MVG4	[193, 0, 393, 537, 392, 392, 0, 371, 255]

 ### Operon type: 156

	 A0A009H7I0	[0, 0, 0, 537, 392, 392, 256, 371, 255]

 ### Operon type: 157

	 A0A009S1X4	[258, 257, 594, 537, 392, 392, 537, 0, 34]

 ### Operon type: 158

	 A0A013SHF4	[0, 0, 393, 537, 392, 392, 0, 391, 0]

 ### Operon type: 159

	 A0A009H7U0	[288, 587, 0, 287, 286, 407, 205, 0, 0]

 ### Operon type: 160

	 A0A010IMP8	[288, 0, 0, 287, 286, 407, 205, 0, 204]

 ### Operon type: 161

	 A0A013SZ54	[288, 0, 410, 287, 286, 0, 0, 0, 0]

 ### Operon type: 162

	 A0A009ZM43	[-1, 587, 410, 287, 286, 407, 205, 63, 204]

 ### Operon type: 163

	 A0A009YSC7	[0, 0, 530, 1, 0, 1, 346, 345, 0]

 ### Operon type: 164

	 A0A013RVV2	[432, 0, 346, 345, 0, 0, 0, 344, 0]

 ### Operon type: 165

	 A0A011Q5S3	[691, 690, 0, 0, 0, 0, 689, 688, 687]

 ### Operon type: 166

	 A0A011UZZ4	[0, 689, 688, 0, 0, 0, 278, 278, 687]

 ### Operon type: 167

	 A0A010YKP2	[0, 0, 0, 0, 0, 0, 486, 276, 0]

 ### Operon type: 168

	 A0A011V1A2	[277, 0, 0, 276, 0, 0, 0, 0, 0]

 ### Operon type: 169

	 A0A011Q2B1	[0, 0, 0, 0, 0, 653, 652, 651, 650]

 ### Operon type: 170

	 A0A011RLN8	[0, 0, 0, 655, 654, 653, 652, 651, 650]

 ### Operon type: 171

	 A0A011NGS0	[0, 0, 0, 0, 613, 612, 0, 0, 0]

 ### Operon type: 172

	 A0A011PW61	[0, 0, 0, 0, 613, 612, 0, 0, 501]

 ### Operon type: 173

	 A0A011UXI1	[0, 493, 0, 0, 613, 612, 450, 0, 0]

 ### Operon type: 174

	 A0A011SWI9	[-1, -1, 0, 600, 613, 612, 450, -1, -1]

 ### Operon type: 175

	 A0A011P952	[612, 0, 583, 0, 0, 583, 0, 0, 0]

 ### Operon type: 176

	 A0A011NSG8	[0, 0, 0, 597, 491, 490, 0, 491, 0]

 ### Operon type: 177

	 A0A011P0X4	[0, 0, 481, 0, 491, 0, 0, 490, 64]

 ### Operon type: 178

	 A0A009MJ75	[0, 0, 136, 135, 134, 0, 0, 0, 460]

 ### Operon type: 179

	 A0A010IH51	[0, 309, 0, 0, 134, 0, 460, 0, 0]

 ### Operon type: 180

	 A0A010YNY9	[0, 0, 59, 25, 0, 0, 0, 0, 84]

 ### Operon type: 181

	 A0A011AC71	[34, 0, 0, 402, 0, 59, 25, 0, 594]

 ### Operon type: 182

	 A0A011PRW6	[552, 0, 0, 0, 551, 666, 647, 0, 0]
	 A0A011QLX0	[0, 552, 0, 0, 551, 0, 666, 647, 0]

 ### Operon type: 183

	 A0A010SML6	[0, 666, 647, -1, 0, 601, 0, 0, 0]

 ### Operon type: 184

	 A0A009P817	[260, 0, 0, 0, 139, 0, 379, 138, 137]

 ### Operon type: 185

	 A0A009TIY0	[0, 0, 0, 0, 139, 0, 379, 138, 0]

 ### Operon type: 186

	 A0A009QKA3	[379, 138, 0, 137, 0, 0, 0, 0, 184]

 ### Operon type: 187

	 A0A009S854	[-1, 0, 0, 235, 348, 0, 0, 0, 347]

 ### Operon type: 188

	 A0A013RMD0	[-1, 0, 463, 0, 348, 467, 0, 0, 347]

 ### Operon type: 189

	 A0A009HFU9	[0, 102, 0, 0, 101, 416, 0, 0, 0]
	 A0A009R016	[0, 102, 0, 0, 101, -1, 416, 0, 0]

 ### Operon type: 190

	 A0A009HSR2	[0, 67, 66, 0, 65, 159, 160, 109, 161]

 ### Operon type: 191

	 A0A009SWM1	[0, 67, 66, 0, 65, 0, 0, 160, 0]

 ### Operon type: 192

	 A0A009MYX0	[162, 161, 0, 479, 0, 0, 160, 159, 158]

 ### Operon type: 193

	 A0A009QK79	[0, 0, 158, 159, 0, 160, 0, 0, 161]

 ### Operon type: 194

	 A0A009GXJ1	[275, 274, 159, 160, 95, 109, 161, 162, 0]

 ### Operon type: 195

	 A0A013TKW8	[0, 573, 0, 416, 415, 414, 413, 412, 411]
	 A0A010IT95	[0, 0, 0, 416, 415, 414, 413, 412, 411]
	 A0A009QT77	[0, 0, -1, 416, 415, 414, 413, 412, 411]
	 A0A009PRQ9	[0, 416, 143, 0, 415, 414, 413, 412, 411]
	 A0A009MH36	[0, 0, 0, 416, 415, 414, 413, 412, 411]
	 A0A009GWD0	[109, 0, 0, 416, 415, 414, 413, 412, 411]
	 A0A009I5G9	[0, 0, 416, 143, 415, 414, 413, 412, 411]
	 A0A009S0T6	[0, 0, 416, 143, 415, 414, 413, 412, 411]

 ### Operon type: 196

	 A0A013TMJ7	[611, -1, 0, 416, 415, 412, 411, 0, 0]

 ### Operon type: 197

	 A0A009HJJ5	[370, 369, 368, 0, 367, 366, 0, 589, 105]
	 A0A009I8I7	[370, 369, 368, 39, 367, 366, 0, 589, 105]

 ### Operon type: 198

	 A0A013TPR7	[370, 369, 368, 0, 367, 366, 0, 589, 539]
	 A0A010JJN4	[0, 369, 368, 0, 367, 366, 0, 589, 539]
	 A0A009PMT3	[370, 369, 368, 0, 367, 366, 144, 589, 539]
	 A0A009RMI1	[0, 369, 368, 0, 367, 366, 0, 589, 0]
	 A0A009YG45	[0, 370, 369, 368, 367, 0, 366, 144, 589]

 ### Operon type: 199

	 A0A009SEP4	[370, 369, 368, 39, 367, 0, 366, 144, 0]

 ### Operon type: 200

	 A0A009NI48	[370, 369, 368, 0, 367, 0, 0, 0, -1]

 ### Operon type: 201

	 A0A011WLE7	[0, 0, 0, 0, 0, 281, 0, 0, 0]
	 A0A011VU44	[0, 0, 0, 0, 0, 281, 0, 0, 0]

 ### Operon type: 202

	 A0A011VAP2	[0, 0, 168, 0, 0, 0, 0, 0, 302]

 ### Operon type: 203

	 A0A011VRJ8	[0, 0, 0, 0, 0, 0, 168, 0, 0]

 ### Operon type: 204

	 A0A011RNU1	[0, 0, 0, 0, 0, 0, 643, 643, 642]

 ### Operon type: 205

	 A0A011VKJ9	[0, 0, 0, 0, 0, 0, 642, 643, -1]

 ### Operon type: 206

	 A0A011V490	[0, 385, 0, 0, 0, 0, 0, 0, 0]
	 A0A011WT35	[385, 0, 0, 0, 0, 0, 0, 0, 0]

 ### Operon type: 207

	 A0A009T185	[696, 0, 542, 542, 228, 695, 542, 306, 657]

 ### Operon type: 208

	 A0A010IN36	[203, 611, 0, 0, 228, 695, 542, 306, 657]

 ### Operon type: 209

	 A0A009PG43	[695, 542, 178, 698, 0, 306, 657, 0, 0]

 ### Operon type: 210

	 A0A011PQZ7	[0, 0, 0, 557, 556, 0, 555, 0, 0]

 ### Operon type: 211

	 A0A011TUX4	[0, 0, 0, 0, 556, 0, 0, 555, 0]

 ### Operon type: 212

	 A0A011STZ9	[0, 0, 0, 555, 0, 0, 0, 0, 0]

 ### Operon type: 213

	 A0A011PRF5	[553, 0, 0, 0, 0, 0, 0, 0, 0]
	 A0A011PUJ9	[0, 0, 0, 0, 0, 0, 0, 0, 553]

 ### Operon type: 214

	 A0A011PFY8	[0, 0, 0, 0, 0, 0, 0, 0, 572]

 ### Operon type: 215

	 A0A011PNS3	[698, 572, 0, 0, 0, 0, 0, 0, 0]

 ### Operon type: 216

	 A0A011T648	[0, 572, 0, 0, 0, 0, 0, 695, 0]

 ### Operon type: 217

	 A0A011U3C2	[0, 0, 587, 0, 0, 0, 0, 0, 0]
	 A0A011AEN3	[0, 0, 0, 0, 0, 0, 587, 0, 0]

 ### Operon type: 218

	 A0A011AAZ2	[0, 86, 0, 0, 0, 587, 587, 587, 0]

 ### Operon type: 219

	 A0A011T698	[0, 0, 0, 0, 0, 594, 587, 0, 0]

 ### Operon type: 220

	 A0A009SNL0	[41, 40, 0, 0, 0, 0, 0, 0, 0]

 ### Operon type: 221

	 A0A009ZZC8	[-1, 40, 41, 0, 0, 0, 0, 0, 0]

 ### Operon type: 222

	 A0A009ZG48	[0, 0, 0, 573, 0, 0, 0, 0, 0]

 ### Operon type: 223

	 A0A011PEJ8	[0, 0, 574, 573, 0, 0, 0, 0, 0]

 ### Operon type: 224

	 A0A011QNJ7	[617, 0, 0, 573, 0, 0, 0, 617, 0]

 ### Operon type: 225

	 A0A011MMJ4	[0, 0, 0, 0, 0, 0, 0, 617, 0]

 ### Operon type: 226

	 A0A011R8M3	[0, 0, 574, 573, 0, 449, 0, 617, 0]

 ### Operon type: 227

	 A0A009TJ77	[0, 68, 0, 0, 0, 0, 0, 0, 0]

 ### Operon type: 228

	 A0A010RTE7	[0, 0, 0, 0, 0, 0, 44, 68, 0]

 ### Operon type: 229

	 A0A013TPQ9	[376, 375, 374, 373, 372, 537, 611, 371, 540]
	 A0A013S8F0	[376, 375, 374, 373, 372, 537, 611, 371, 540]
	 A0A009PMU2	[376, 375, 374, -1, 372, 537, 611, 371, 540]
	 A0A009SZ84	[376, 375, 374, 373, 372, 537, 611, 371, 540]

 ### Operon type: 230

	 A0A009IG48	[0, 0, 0, 76, 75, 0, 0, 0, 601]

 ### Operon type: 231

	 A0A009IMQ0	[0, 0, 0, 76, 75, 0, 0, 0, 0]

 ### Operon type: 232

	 A0A009SWV1	[0, 0, 0, 0, 0, 0, 0, 76, 0]

 ### Operon type: 233

	 A0A011TAW2	[0, 0, 0, 0, 0, 0, 401, 0, 0]
	 A0A009SFX8	[401, 0, 0, 0, 0, 0, 0, 0, 0]

 ### Operon type: 234

	 A0A011TZN1	[0, 0, 0, 0, 265, 0, 0, 0, 0]
	 A0A009RHH9	[0, 0, 0, 0, 265, 0, 0, 0, 0]

 ### Operon type: 235

	 A0A009Q512	[0, 0, 0, 0, 259, 0, 0, 0, 0]
	 A0A009PMZ9	[259, 0, 0, 0, 0, 0, 0, 0, 0]

 ### Operon type: 236

	 A0A009IFL2	[0, 30, 0, 29, -1, 0, 0, 0]

 ### Operon type: 237

	 A0A009ZDS1	[-1, -1, 0, 30, 0, 0, 217, 0, 0]

 ### Operon type: 238

	 A0A009NPS1	[0, 375, 374, 373, 372, -1, 0, 0, 0]
	 A0A009HJM0	[0, 375, 374, 373, 372, 537, 0, 0, 0]
	 A0A010IZH1	[-1, 375, 374, 373, 372, 537, 0, 0, 0]

 ### Operon type: 239

	 A0A009HUS9	[375, 374, 0, 0, 0, 0, -1, 0, 0]

 ### Operon type: 240

	 A0A009HM15	[0, 104, 114, 0, 0, 0, -1, 0, 0]

 ### Operon type: 241

	 A0A009RQL5	[0, 0, 0, 0, 0, 0, 104, 114, 0]

 ### Operon type: 242

	 A0A009IJ01	[0, 0, 0, 0, 0, 0, 104, 114, 113]

 ### Operon type: 243

	 A0A009NCH6	[0, 0, 0, 0, 0, 0, 0, 114, 113]

 ### Operon type: 244

	 A0A011UB51	[404, 0, 0, 0, 0, 0, 0, 0, 0]
	 A0A011UFH1	[0, 0, 0, 0, 0, 404, 0, 0, 0]

 ### Operon type: 245

	 A0A011V965	[0, -1, -1, 0, 169, 0, -1, -1, 0]
	 A0A011VHP2	[0, -1, -1, -1, 169, 0, 0, 0, 0]

 ### Operon type: 246

	 A0A010RVD0	[-1, 0, 0, -1, 0, 714, 714, 0, 21]

 ### Operon type: 247

	 A0A010T7Q5	[0, 21, 0, 0, 0, 0, -1, 0, 0]

 ### Operon type: 248

	 A0A010SNM6	[0, 0, -1, 0, 0, 0, 611, 0, 0]
	 A0A010SRR2	[0, 0, -1, 0, 0, 0, 0, 0, 611]

 ### Operon type: 249

	 A0A010SJH7	[0, 0, 611, -1, 0, 0, 256, 0, 0]

 ### Operon type: 250

	 A0A010RKP8	[0, 0, 0, 0, 0, 0, -1, 0, 0]
	 A0A011V107	[0, -1, 0, 0, 0, 0, 0, 0, 0]
	 A0A009QDV7	[-1, 0, 0, 0, 0, 0, 0, 0, 0]
	 A0A011U7M7	[0, 0, -1, 0, 0, 0, 0, 0, 0]
	 A0A009PH57	[0, 0, -1, 0, 0, 0, 0, 0, 0]
	 A0A009N9Z1	[-1, 0, 0, 0, 0, 0, 0, 0, 0]
	 A0A009RG92	[-1, 0, 0, 0, 0, 0, 0, 0, 0]
	 A0A009H6M2	[-1, 0, 0, 0, 0, 0, 0, 0, 0]
	 A0A009HJU6	[0, 0, 0, 0, 0, 0, 0, 0, -1]
	 A0A011UZ32	[0, 0, 0, 0, 0, -1, 0, 0, 0]
	 A0A011UZ49	[0, -1, 0, 0, 0, 0, 0, 0, 0]
	 A0A010JDA6	[-1, 0, 0, 0, 0, 0, 0, 0, 0]
	 A0A010TF14	[-1, 0, 0, 0, 0, 0, 0, 0, 0]
	 A0A010RY47	[-1, 0, -1, 0, 0, 0, 0, 0, 0]
	 A0A009IHQ3	[-1, 0, 0, 0, 0, 0, 0, 0, 0]
	 A0A009TG92	[0, 0, -1, 0, 0, 0, 0, 0, 0]

 ### Operon type: 251

	 A0A010SJF9	[0, 0, 0, 0, 0, -1, 0, 60, -1]

 ### Operon type: 252

	 A0A010T5D8	[0, 0, 0, -1, 0, -1, 359, 0, 0]

 ### Operon type: 253

	 A0A011ML54	[0, 0, 0, 619, 0, 0, 0, 0, -1]

 ### Operon type: 254

	 A0A011NHY1	[0, 0, 0, 0, 0, 611, 0, 0, 0]

 ### Operon type: 255

	 A0A010Z171	[0, 0, 0, 0, 0, 0, 611, 0, 479]

 ### Operon type: 256

	 A0A010ZX98	[0, 0, 0, 0, 0, 10, 611, 611, 0]

 ### Operon type: 257

	 A0A010YRE8	[0, 0, 0, 0, 0, 0, 0, 10, 0]

 ### Operon type: 258

	 A0A011AF05	[0, 0, 34, 10, 0, 0, 0, 0, 0]

 ### Operon type: 259

	 A0A011SQL0	[596, 0, -1, 0, 0, 0, 0, 0, 0]

 ### Operon type: 260

	 A0A009ZC82	[0, 0, 596, 0, 0, 0, 0, 0, 0]

 ### Operon type: 261

	 A0A011P3F6	[601, 0, 0, 596, 0, 0, 0, 0, 0]

 ### Operon type: 262

	 A0A011T697	[611, 0, 0, 0, 0, 0, 0, 0, 379]

 ### Operon type: 263

	 A0A011TDD1	[0, 400, 611, 0, 0, 0, 0, 0, 0]

 ### Operon type: 264

	 A0A011VW24	[0, 0, 700, 0, 0, 0, 0, 0, -1]

 ### Operon type: 265

	 A0A011T8V3	[0, 0, 700, 0, 0, 0, 0, 0, 0]

 ### Operon type: 266

	 A0A010TH98	[501, 0, 0, 700, 0, 0, 0, 0, 0]

 ### Operon type: 267

	 A0A011QVR3	[0, 0, 0, 0, 0, 0, 0, 701, 700]

 ### Operon type: 268

	 A0A011RM25	[0, 0, 0, 0, 0, 700, 0, 648, 0]

 ### Operon type: 269

	 A0A011VXC2	[-1, 408, 0, 0, 0, 0, 0, 0, 0]

 ### Operon type: 270

	 A0A011VYF1	[700, 0, 0, 0, 0, 0, 404, 0, 0]

 ### Operon type: 271

	 A0A010S415	[-1, 700, 0, 255, 0, 0, 0, 0, 208]

 ### Operon type: 272

	 A0A011QSN2	[0, 0, 0, 0, 0, 0, 0, 0, 0]
	 A0A011SGD5	[0, 0, 0, 0, 0, 0, 0, 0, 0]
	 A0A011NMI8	[0, 0, 0, 0, 0, 0, 0, 0, 0]
	 A0A011P4U7	[0, 0, 0, 0, 0, 0, 0, 0, 0]
	 A0A011P9Z5	[0, 0, 0, 0, 0, 0, 0, 0, 0]
	 A0A011PBM9	[0, 0, 0, 0, 0, 0, 0, 0, 0]
	 A0A011NAJ1	[0, 0, 0, 0, 0, 0, 0, 0, 0]
	 A0A011NAY5	[0, 0, 0, 0, 0, 0, 0, 0, 0]
	 A0A011NDM5	[0, 0, 0, 0, 0, 0, 0, 0, 0]
	 A0A011QMJ8	[0, 0, 0, 0, 0, 0, 0, 0, 0]
	 A0A011Q056	[0, 0, 0, 0, 0, 0, 0, 0, 0]
	 A0A011Q1B3	[0, 0, 0, 0, 0, 0, 0, 0, 0]
	 A0A011PKU5	[0, 0, 0, 0, 0, 0, 0, 0, 0]
	 A0A011PJK8	[0, 0, 0, 0, 0, 0, 0, 0, 0]
	 A0A011PNN2	[0, 0, 0, 0, 0, 0, 0, 0, 0]
	 A0A011NTU3	[0, 0, 0, 0, 0, 0, 0, 0, 0]
	 A0A011QVV5	[0, 0, 0, 0, 0, 0, 0, 0, 0]
	 A0A011N2Z0	[0, 0, 0, 0, 0, 0, 0, 0, 0]
	 A0A011N3C3	[0, 0, 0, 0, 0, 0, 0, 0, 0]
	 A0A011N4G4	[0, 0, 0, 0, 0, 0, 0, 0, 0]
	 A0A011TWN2	[0, 0, 0, 0, 0, 0, 0, 0, 0]
	 A0A013T8M5	[0, 0, 0, 0, 0, 0, 0, 0, 0]
	 A0A013TEV4	[0, 0, 0, 0, 0, 0, 0, 0, 0]
	 A0A011VYF6	[0, 0, 0, 0, 0, 0, 0, 0, 0]
	 A0A011TAF9	[0, 0, 0, 0, 0, 0, 0, 0, 0]
	 A0A011TLH0	[0, 0, 0, 0, 0, 0, 0, 0, 0]
	 A0A013TPV4	[0, 0, 0, 0, 0, 0, 0, 0, 0]
	 A0A013SL47	[0, 0, 0, 0, 0, 0, 0, 0, 0]
	 A0A011WUT3	[0, 0, 0, 0, 0, 0, 0, 0, 0]
	 A0A013S2B9	[0, 0, 0, 0, 0, 0, 0, 0, 0]
	 A0A013SBR8	[0, 0, 0, 0, 0, 0, 0, 0, 0]
	 A0A011WSE5	[0, 0, 0, 0, 0, 0, 0, 0, 0]
	 A0A011VWR4	[0, 0, 0, 0, 0, 0, 0, 0, 0]
	 A0A011WKI4	[0, 0, 0, 0, 0, 0, 0, 0, 0]
	 A0A011UHL2	[0, 0, 0, 0, 0, 0, 0, 0, 0]
	 A0A009T1I8	[0, 0, 0, 0, 0, 0, 0, 0, 0]
	 A0A010IPH1	[0, 0, 0, 0, 0, 0, 0, 0, 0]
	 A0A011UBN9	[0, 0, 0, 0, 0, 0, 0, 0, 0]
	 A0A009QQ47	[0, 0, 0, 0, 0, 0, 0, 0, 0]
	 A0A009PDV4	[0, 0, 0, 0, 0, 0, 0, 0, 0]
	 A0A009PG53	[0, 0, 0, 0, 0, 0, 0, 0, 0]
	 A0A011VZG0	[0, 0, 0, 0, 0, 0, 0, 0, 0]
	 A0A011VW71	[0, 0, 0, 0, 0, 0, 0, 0, 0]
	 A0A011V8Y9	[0, 0, 0, 0, 0, 0, 0, 0, 0]
	 A0A009MMM3	[0, 0, 0, 0, 0, 0, 0, 0, 0]
	 A0A009N031	[0, 0, 0, 0, 0, 0, 0, 0, 0]
	 A0A009N123	[0, 0, 0, 0, 0, 0, 0, 0, 0]
	 A0A011VMV7	[0, 0, 0, 0, 0, 0, 0, 0, 0]
	 A0A011VNE2	[0, 0, 0, 0, 0, 0, 0, 0, 0]
	 A0A011VSC9	[0, 0, 0, 0, 0, 0, 0, 0, 0]
	 A0A011VUV0	[0, 0, 0, 0, 0, 0, 0, 0, 0]
	 A0A009PT82	[0, 0, 0, 0, 0, 0, 0, 0, 0]
	 A0A009NQA1	[0, 0, 0, 0, 0, 0, 0, 0, 0]
	 A0A009HBT3	[0, 0, 0, 0, 0, 0, 0, 0, 0]
	 A0A009MH90	[0, 0, 0, 0, 0, 0, 0, 0, 0]
	 A0A009Q3K7	[0, 0, 0, 0, 0, 0, 0, 0, 0]
	 A0A009HL81	[0, 0, 0, 0, 0, 0, 0, 0, 0]
	 A0A009ISY0	[0, 0, 0, 0, 0, 0, 0, 0, 0]
	 A0A009M4K0	[0, 0, 0, 0, 0, 0, 0, 0, 0]
	 A0A009MGJ1	[0, 0, 0, 0, 0, 0, 0, 0, 0]
	 A0A009MGQ8	[0, 0, 0, 0, 0, 0, 0, 0, 0]
	 A0A011UTJ0	[0, 0, 0, 0, 0, 0, 0, 0, 0]
	 A0A011UWH1	[0, 0, 0, 0, 0, 0, 0, 0, 0]
	 A0A009I0I9	[0, 0, 0, 0, 0, 0, 0, 0, 0]
	 A0A009IRJ6	[0, 0, 0, 0, 0, 0, 0, 0, 0]
	 A0A010IZE4	[0, 0, 0, 0, 0, 0, 0, 0, 0]
	 A0A009HTN9	[0, 0, 0, 0, 0, 0, 0, 0, 0]
	 A0A009HIL8	[0, 0, 0, 0, 0, 0, 0, 0, 0]
	 A0A009R2X0	[0, 0, 0, 0, 0, 0, 0, 0, 0]
	 A0A009R4N4	[0, 0, 0, 0, 0, 0, 0, 0, 0]
	 A0A009RBQ2	[0, 0, 0, 0, 0, 0, 0, 0, 0]
	 A0A009QVK8	[0, 0, 0, 0, 0, 0, 0, 0, 0]
	 A0A011UFM5	[0, 0, 0, 0, 0, 0, 0, 0, 0]
	 A0A011UG71	[0, 0, 0, 0, 0, 0, 0, 0, 0]
	 A0A011UGX8	[0, 0, 0, 0, 0, 0, 0, 0, 0]
	 A0A009PAG1	[0, 0, 0, 0, 0, 0, 0, 0, 0]
	 A0A009SWU0	[0, 0, 0, 0, 0, 0, 0, 0, 0]
	 A0A009SCM5	[0, 0, 0, 0, 0, 0, 0, 0, 0]
	 A0A009RHH7	[0, 0, 0, 0, 0, 0, 0, 0, 0]
	 A0A009RMD0	[0, 0, 0, 0, 0, 0, 0, 0, 0]
	 A0A010SHY1	[0, 0, 0, 0, 0, 0, 0, 0, 0]
	 A0A009I463	[0, 0, 0, 0, 0, 0, 0, 0, 0]
	 A0A009RR21	[0, 0, 0, 0, 0, 0, 0, 0, 0]
	 A0A009SHB3	[0, 0, 0, 0, 0, 0, 0, 0, 0]
	 A0A009SIF9	[0, 0, 0, 0, 0, 0, 0, 0, 0]
	 A0A010ZJQ6	[0, 0, 0, 0, 0, 0, 0, 0, 0]
	 A0A010YJA7	[0, 0, 0, 0, 0, 0, 0, 0, 0]
	 A0A010T025	[0, 0, 0, 0, 0, 0, 0, 0, 0]
	 A0A010SPJ7	[0, 0, 0, 0, 0, 0, 0, 0, 0]
	 A0A010SSQ8	[0, 0, 0, 0, 0, 0, 0, 0, 0]
	 A0A010ZTI3	[0, 0, 0, 0, 0, 0, 0, 0, 0]
	 A0A011A146	[0, 0, 0, 0, 0, 0, 0, 0, 0]
	 A0A011AIL7	[0, 0, 0, 0, 0, 0, 0, 0, 0]
	 A0A010YZS8	[0, 0, 0, 0, 0, 0, 0, 0, 0]
	 A0A010Z120	[0, 0, 0, 0, 0, 0, 0, 0, 0]
	 A0A009T3J5	[0, 0, 0, 0, 0, 0, 0, 0, 0]

 ### Operon type: 273

	 A0A010TG27	[615, 0, 53, 0, 0, 0, 537, 0, 0]

 ### Operon type: 274

	 A0A011PMK1	[0, 0, 0, 0, 0, 0, 0, 615, 0]

 ### Operon type: 275

	 A0A009HRU1	[0, 159, 0, 0, 0, 0, 0, 0, 0]

 ### Operon type: 276

	 A0A009HSN8	[0, 264, 0, 0, 0, -1, 0, 186, -1]

 ### Operon type: 277

	 A0A009HV82	[115, 0, 0, 0, 0, 0, 0, 0, 0]

 ### Operon type: 278

	 A0A009IG74	[0, 0, 135, 0, 390, -1, 0, 0, 0]

 ### Operon type: 279

	 A0A009IJ90	[0, 37, 0, 0, 0, 0, 0, 0, 0]

 ### Operon type: 280

	 A0A009ISE1	[366, 0, 589, 0, 0, -1, 0, 0, 0]

 ### Operon type: 281

	 A0A009NM94	[0, 634, 634, 0, 0, 0, 400, 0, 0]

 ### Operon type: 282

	 A0A009Q4N5	[0, 0, 260, 0, 0, 0, 0, 0, 0]

 ### Operon type: 283

	 A0A009SSZ9	[0, 42, 0, 0, 0, 0, 0, 0, 0]

 ### Operon type: 284

	 A0A009TBM2	[0, 0, 0, 0, 0, 0, 0, 0, 339]

 ### Operon type: 285

	 A0A009Q8S9	[0, 0, 601, 339, 0, 305, 0, 0, 0]

 ### Operon type: 286

	 A0A009YIH1	[0, 0, 0, 0, 236, 0, -1, -1, 2]

 ### Operon type: 287

	 A0A009YR05	[0, 0, 0, 0, 85, 0, 0, 0, 0]

 ### Operon type: 288

	 A0A009Z004	[227, 0, 227, 0, 0, 479, 0, 0, 0]

 ### Operon type: 289

	 A0A010IGH8	[0, 0, 0, 0, 0, 0, 0, 344, 0]

 ### Operon type: 290

	 A0A010JIN9	[215, 0, 0, 68, 245, 0, 0, 0, 0]

 ### Operon type: 291

	 A0A010RS09	[0, 0, 0, 0, 44, 0, 618, 618, 0]

 ### Operon type: 292

	 A0A010RUQ5	[0, 0, 0, 0, 0, 0, 0, 0, 202]

 ### Operon type: 293

	 A0A010S195	[596, 0, 58, 57, 0, 0, 0, 0, 0]

 ### Operon type: 294

	 A0A010SCZ2	[0, 0, 0, 0, 0, 0, 0, 301, 0]

 ### Operon type: 295

	 A0A010SN41	[0, 0, 0, 0, 298, 0, 0, 0, 0]

 ### Operon type: 296

	 A0A010SSU2	[0, 0, 0, 0, 95, 0, -1, 584, 0]

 ### Operon type: 297

	 A0A010SUP6	[0, 0, 0, 0, 0, 0, 0, 57, 0]

 ### Operon type: 298

	 A0A010SUY9	[0, 0, 0, 0, 0, 449, 574, 0]

 ### Operon type: 299

	 A0A010THK2	[0, 0, -1, 0, 0, 618, 479, 0, 0]

 ### Operon type: 300

	 A0A010SRL4	[53, 0, 0, -1, 0, 0, 0, 479, 74]

 ### Operon type: 301

	 A0A010YF95	[687, 0, 0, 0, 0, 0, 0, 0, 0]

 ### Operon type: 302

	 A0A010YT39	[0, 614, 0, 0, 0, 0, 0, 0, 0]

 ### Operon type: 303

	 A0A010YX61	[317, 587, 0, 700, 0, 0, 0, 0, 0]

 ### Operon type: 304

	 A0A010ZWJ8	[0, 0, 0, 0, 0, 586, 0, 0, 0]

 ### Operon type: 305

	 A0A009ZVR4	[639, 0, 587, 0, 0, 28, 0, 0, 0]

 ### Operon type: 306

	 A0A011AHW1	[0, 0, 0, 0, 0, 0, 0, 11, 0]

 ### Operon type: 307

	 A0A011NE37	[410, 0, 0, 0, 0, 0, 0, 0, 0]

 ### Operon type: 308

	 A0A011NF78	[0, 0, 721, 0, 0, 0, 0, 0, 0]

 ### Operon type: 309

	 A0A011NVE2	[0, 0, 0, 695, 0, 0, 611, 0, 488]

 ### Operon type: 310

	 A0A011NXJ4	[0, 0, 0, 0, 0, 0, 0, 0, 485]

 ### Operon type: 311

	 A0A011P8I1	[0, 0, 588, 587, 0, 0, 0, 0, 586]

 ### Operon type: 312

	 A0A011P9Q7	[582, 0, 0, 0, 0, 0, 0, 0, 0]

 ### Operon type: 313

	 A0A011PCT1	[0, 0, 0, 0, 0, 0, 0, 650, 0]

 ### Operon type: 314

	 A0A011PJ75	[0, 695, 542, 695, 0, 0, 0, 0, 0]

 ### Operon type: 315

	 A0A011PRB4	[0, 0, 0, 0, 0, 0, 0, 554, 0]

 ### Operon type: 316

	 A0A011Q5V7	[686, 0, 0, 0, 0, 0, 0, 0, 0]

 ### Operon type: 317

	 A0A011QU35	[0, 0, 0, 0, 710, 0, 0, 0, 0]

 ### Operon type: 318

	 A0A011QVT2	[699, 0, 0, 0, 0, 0, 0, 698, 0]

 ### Operon type: 319

	 A0A011RP14	[0, 0, 0, 0, 0, 0, 0, 641, 0]

 ### Operon type: 320

	 A0A011SM49	[611, 0, 641, 0, 0, 0, 311, 0, 0]

 ### Operon type: 321

	 A0A011AM27	[555, 0, 0, 0, 367, 0, 0, 0, 22]

 ### Operon type: 322

	 A0A011T607	[0, 0, 656, 0, 0, 0, 0, 0, 400]

 ### Operon type: 323

	 A0A010S5W8	[0, 0, 480, 656, 0, 0, 0, 0, 0]

 ### Operon type: 324

	 A0A011MSR2	[0, 0, 0, 480, 0, 0, 0, 683, 0]

 ### Operon type: 325

	 A0A010YYJ5	[0, 0, 0, 683, 0, 0, 0, 28, 28]

 ### Operon type: 326

	 A0A011TED9	[0, 0, 0, 0, 0, 403, 0, 0, 0]

 ### Operon type: 327

	 A0A011TXS5	[0, 310, 0, 0, 0, 0, 0, 0, 0]

 ### Operon type: 328

	 A0A011U144	[0, 202, 0, 0, 0, 0, 485, 436, 0]

 ### Operon type: 329

	 A0A011U1C8	[594, 0, 0, 0, 0, 0, 0, 0, 201]

 ### Operon type: 330

	 A0A011U483	[0, 0, 0, 0, 0, 593, 0, 0, 0]

 ### Operon type: 331

	 A0A011UDF3	[0, 0, 0, 0, 0, 456, 0, 0, 0]

 ### Operon type: 332

	 A0A011UG86	[0, 597, 0, 0, 0, 60, 0, 0, 0]

 ### Operon type: 333

	 A0A011UGY3	[0, 0, 0, 55, 0, 0, 0, 55, 0]

 ### Operon type: 334

	 A0A011UJN3	[0, 306, 0, 0, 0, 0, 0, 0, 0]

 ### Operon type: 335

	 A0A009INE0	[203, 0, 0, 0, 0, 0, 0, 542, 306]

 ### Operon type: 336

	 A0A011UQB5	[631, 531, 0, 0, 0, 0, 0, 404, 0]

 ### Operon type: 337

	 A0A011UVI5	[0, 0, 0, 0, 0, 84, 695, 695, 0]

 ### Operon type: 338

	 A0A011UWI3	[0, 0, 0, 0, 141, 0, 83, 596, 0]

 ### Operon type: 339

	 A0A011V5E6	[0, 0, 0, 0, 0, 386, 0, 0, 0]

 ### Operon type: 340

	 A0A011M4H6	[302, 0, 464, 0, 0, 0, 0, 0, 0]

 ### Operon type: 341

	 A0A011VSV3	[0, 0, 0, 0, 0, 0, 567, 0, 0]

 ### Operon type: 342

	 A0A011VWI0	[0, 0, 0, 0, 0, 172, 0, 0, 0]

 ### Operon type: 343

	 A0A011VZ91	[284, 0, 0, 0, 0, 0, 0, 0, 0]

 ### Operon type: 344

	 A0A011W213	[0, 0, 0, 0, 0, 489, 0, 0, 0]

 ### Operon type: 345

	 A0A011WP76	[0, 0, 0, 0, 0, 0, 0, 0, 703]

 ### Operon type: 346

	 A0A011WSD4	[0, 0, 0, -1, 0, 683, 0, 0, 385]

 ### Operon type: 347

	 A0A011VZF5	[0, 0, 381, 382, 0, 683, 385, 683, 0]

 ### Operon type: 348

	 A0A011WSU6	[0, 683, 0, 0, 383, 0, 0, 0, 0]

 ### Operon type: 349

	 A0A013S843	[0, 371, 0, 0, 0, 0, -1, 330, 0]

 ### Operon type: 350

	 A0A013S981	[326, 0, 0, 0, 0, 0, 0, 0, 0]

 ### Operon type: 351

	 A0A013T337	[0, 0, 0, 0, 0, 0, 0, 0, 442]

 ### Operon type: 352

	 A0A013T5E6	[0, 0, 0, 441, 0, 0, 0, 0, 0]

 ### Operon type: 353

	 A0A013SGL3	[365, 318, 317, 316, 364, 561, 363, 594, 362]
	 A0A010KAV2	[365, 0, 0, 316, 364, 561, 363, 594, 362]
	 A0A009NE81	[365, 318, 317, 316, 364, 561, 363, 594, 362]
	 A0A009RQH3	[365, 0, 0, 316, 364, 561, 363, 594, 362]
	 A0A009I5Z6	[365, 0, 317, 316, 364, 561, 363, 594, 362]

 ### Operon type: 354

	 A0A013TB41	[365, -1, 0, 0, 364, 561, 363, 594, 362]

 ### Operon type: 355

	 A0A009H3X4	[365, 0, 0, 0, 364, 561, -1, 618, -1]

 ### Operon type: 356

	 A0A009YL68	[0, 0, 594, 365, 364, 0, 0, 3, 0]

 ### Operon type: 357

	 A0A009T9H0	[0, 2, 601, -1, 0, 0, 160, 0, 159]

 ### Operon type: 358

	 A0A010THH5	[0, 38, 30, 84, 0, 0, 629, 0, 217]

 ### Operon type: 359

	 A0A011WSH8	[0, 0, 0, 537, 299, 0, 0, 0, 0]
	 A0A011VZE3	[0, 0, 0, 537, 299, 0, 0, 0, 0]

 ### Operon type: 360

	 A0A011NAF3	[0, 0, 0, 0, 0, 0, 537, 0, 622]

 ### Operon type: 361

	 A0A009IQ93	[196, 0, 537, 0, 0, 74, 0, 0, 0]

 ### Operon type: 362

	 A0A009TLU4	[0, 310, -1, 87, 0, 18, 0, -1, -1]

 ### Operon type: 363

	 A0A010JNG7	[416, 0, 0, 218, 0, 0, 0, 0, 0]

 ### Operon type: 364

	 A0A010S003	[563, 0, 0, 0, 0, 597, 597, 166, 0]

 ### Operon type: 365

	 A0A010SMN8	[0, -1, 59, 0, 466, 0, 0, 570, 0]

 ### Operon type: 366

	 A0A010SXS1	[0, 178, 0, 0, 0, 282, 0, 0, 698]

 ### Operon type: 367

	 A0A010T689	[22, -1, 629, 644, 0, 0, 0, 0, 0]

 ### Operon type: 368

	 A0A010TBB4	[0, 69, 0, 60, 0, 0, 0, 0, 594]

 ### Operon type: 369

	 A0A010YFK3	[0, 649, 0, 0, 0, 0, 153, 0, 201]

 ### Operon type: 370

	 A0A010YVY1	[7, 0, 7, 0, 0, 0, 0, 166, 0]

 ### Operon type: 371

	 A0A010Z7T4	[0, 0, 0, 0, 0, 0, 0, 460, 557]

 ### Operon type: 372

	 A0A010RRR9	[0, 0, 0, 0, 526, 0, 0, 461, 460]

 ### Operon type: 373

	 A0A010SIA7	[0, 0, 461, 49, 0, 0, 0, 0, 0]

 ### Operon type: 374

	 A0A010ZSZ2	[0, 86, 0, 14, 13, 0, 0, 0, 0]

 ### Operon type: 375

	 A0A010Z0Y7	[0, 0, 0, 0, 13, 255, 0, 0, 0]

 ### Operon type: 376

	 A0A010ZUR7	[304, 12, 0, 12, 0, 11, 166, 0, 0]

 ### Operon type: 377

	 A0A011A0M8	[0, 0, 479, 0, 29, 0, 0, 9, 9]

 ### Operon type: 378

	 A0A011NFL4	[0, 633, 0, 0, 616, 615, 0, 614, 0]

 ### Operon type: 379

	 A0A011P407	[0, 0, 595, 632, 0, 0, 594, 0, 593]

 ### Operon type: 380

	 A0A011QGT2	[537, 0, 0, 521, 520, 0, 0, 0, 0]

 ### Operon type: 381

	 A0A011QSA4	[724, 0, 723, 722, 0, 0, 0, 0, 721]

 ### Operon type: 382

	 A0A011T6J6	[0, 686, 0, 587, 0, 0, 378, 0, 377]

 ### Operon type: 383

	 A0A011TAL2	[0, 656, 0, 0, 0, 402, 0, 486, 0]

 ### Operon type: 384

	 A0A011TYT7	[0, 0, 0, 0, 0, 0, 309, 308, 308]

 ### Operon type: 385

	 A0A011TZG0	[479, 684, 0, 0, 0, 0, 0, 417, 0]

 ### Operon type: 386

	 A0A011Q6N5	[0, 0, 0, 0, 0, 0, 685, 684, 685]

 ### Operon type: 387

	 A0A011UII7	[0, 0, 0, 0, 0, 488, 307, 0, 0]

 ### Operon type: 388

	 A0A011UNT9	[305, 314, 0, 0, 0, 0, 0, 0, 0]

 ### Operon type: 389

	 A0A011SIS0	[0, 671, 315, 315, 0, 0, 0, 314, 0]

 ### Operon type: 390

	 A0A011UT49	[0, 86, 0, 0, 0, 0, 178, 156, 0]

 ### Operon type: 391

	 A0A011VU65	[154, 0, 0, 0, 0, 153, 0, 0, 0]

 ### Operon type: 392

	 A0A011VV03	[0, 304, 0, 0, 303, 302, 0, 0, 0]

 ### Operon type: 393

	 A0A011VVZ9	[0, 0, -1, 0, 0, 301, 300, 300, 313]

 ### Operon type: 394

	 A0A011VWX7	[698, 409, 0, 0, 0, 0, 0, 630, 0]

 ### Operon type: 395

	 A0A011VXK7	[634, 634, 0, 407, 0, 0, 0, 688, 0]

 ### Operon type: 396

	 A0A011W0I6	[283, 0, 0, 0, 0, 476, 0, 619, 0]

 ### Operon type: 397

	 A0A010YEF6	[0, 283, 0, 0, 0, 0, 0, 0, 26]

 ### Operon type: 398

	 A0A013SQH1	[0, 0, 0, 0, 298, 494, 0, 416, 536]

 ### Operon type: 399

	 A0A009LNU8	[292, 294, 295, 296, 0, 87, 0, 416, 0]

 ### Operon type: 400

	 A0A013SRG6	[297, 296, 295, 294, 0, 293, 0, 292, 610]

 ### Operon type: 401

	 A0A009IQU8	[0, 294, 0, 0, 0, 293, 610, 0, 0]

 ### Operon type: 402

	 A0A010K2K8	[295, 296, 297, 0, 0, 0, 0, -1, 416]

 ### Operon type: 403

	 A0A011NPR8	[0, 610, 0, 0, 0, 0, 609, 0, 0]

 ### Operon type: 404

	 A0A010SEA2	[690, 609, 38, 0, 0, 0, 0, 0, 0]

 ### Operon type: 405

	 A0A009ZIC0	[101, 71, 463, 235, 348, 467, 70, 69, 347]

 ### Operon type: 406

	 A0A009ZB47	[124, 27, 0, 0, 0, 683, 215, 0, 0]

 ### Operon type: 407

	 A0A010RM40	[465, 537, 496, 0, 0, 0, 0, -1, 592]

 ### Operon type: 408

	 A0A010RRQ6	[0, 464, 0, 0, 0, 466, 463, 462, 0]

 ### Operon type: 409

	 A0A010S423	[378, 0, 0, 0, 0, 0, 0, 83, 638]

 ### Operon type: 410

	 A0A010T0I7	[0, 0, 26, 0, 0, 588, 723, 537, 0]

 ### Operon type: 411

	 A0A011AHU9	[0, 0, 0, 0, 0, 0, 0, 8, 628]

 ### Operon type: 412

	 A0A010YY02	[0, 6, 0, 0, 6, 498, 5, 0, 8]

 ### Operon type: 413

	 A0A011NA78	[0, 538, 0, 0, 0, 714, 0, 0, 592]

 ### Operon type: 414

	 A0A011P8W7	[585, 595, 698, 0, 584, 0, 0, 0, 0]

 ### Operon type: 415

	 A0A011PG97	[570, 0, 0, 569, 0, 0, 0, 0, 0]

 ### Operon type: 416

	 A0A011PKT4	[0, 494, 0, 0, 0, 0, 493, 0, 0]

 ### Operon type: 417

	 A0A011PLB2	[0, 585, 0, 495, 0, 0, 0, 0, 0]

 ### Operon type: 418

	 A0A011R339	[0, 0, 0, 0, 0, 0, 275, 274, 0]

 ### Operon type: 419

	 A0A011SFE5	[0, 0, 0, 634, 0, 0, 633, 632, 631]

 ### Operon type: 420

	 A0A011SJT5	[0, 0, 0, 313, 312, 312, 312, 312, 312]

 ### Operon type: 421

	 A0A011TDQ5	[0, 0, 0, 0, 399, 477, 0, 0, 0]

 ### Operon type: 422

	 A0A011UG17	[173, 0, 285, 0, 56, 154, 0, 0, 0]

 ### Operon type: 423

	 A0A011V8Z7	[0, 0, 0, 0, 0, 171, 170, 0, 0]

 ### Operon type: 424

	 A0A011VT01	[0, 0, 155, 0, 0, 155, 0, 0, 223]

 ### Operon type: 425

	 A0A011VYP6	[0, 0, 0, 0, 0, 0, 285, 527, 0]

 ### Operon type: 426

	 A0A011V392	[408, 0, 554, 381, 382, 380, 0, 383, 384]

 ### Operon type: 427

	 A0A009Q0U9	[398, 120, 119, 0, 118, 117, -1, -1, 0]

 ### Operon type: 428

	 A0A010SRB2	[18, 17, 0, 0, 0, 17, 23, 0, 0]

 ### Operon type: 429

	 A0A011VJ76	[157, 157, 156, 614, 0, 537, 479, 0, 595]

 ### Operon type: 430

	 A0A013SKX6	[0, 0, 640, 0, 390, 390, 389, 388, 387]

 ### Operon type: 431

	 A0A010KA25	[215, 0, 629, 397, 145, 0, 0, 215, 375]

 ### Operon type: 432

	 A0A011WUA8	[668, 0, 0, 350, 0, 0, 0, 349, 349]

 ### Operon type: 433

	 A0A010S4X6	[0, 255, 496, 597, 357, 0, 487, 492, 618]

 ### Operon type: 434

	 A0A011U8C0	[0, 200, 199, 0, 198, 197, 0, 0, 0]
