
 ### Operon type: 1

	 A0A011PVT3	[532, 531, 530, 529, 528, 527, 526, 525, 524]
	 A0A011R7V7	[532, 531, 530, 529, 528, 527, 526, 525, 524]
	 A0A011MET3	[532, 531, 530, 529, 528, 527, 526, 525, 524]

 ### Operon type: 2

	 A0A011UIA1	[91, 90, 89, 88, 87, 86, 85, 84, 0]
	 A0A011V5V3	[0, 91, 90, 89, 88, 87, 86, 85, 84]

 ### Operon type: 3

	 A0A011PTE7	[582, 581, 580, 579, 578, 0, 577, 576, 575]
	 A0A011NE72	[582, 581, 580, 579, 578, 577, 576, 575, 0]

 ### Operon type: 4

	 A0A011NEY3	[704, 703, 702, 701, 701, 700, 699, 698, 0]

 ### Operon type: 5

	 A0A011PAN4	[703, 702, 0, 701, 701, 700, 699, 698, 697]

 ### Operon type: 6

	 A0A011RCD5	[704, 703, 702, 701, 701, 700, 699, 698, 697]

 ### Operon type: 7

	 A0A009RGL2	[0, 390, 389, 388, 387, 386, 385, 384, 0]
	 A0A010JSI3	[360, 390, 389, 388, 387, 386, 385, 384, 0]
	 A0A009HDS5	[360, 390, 389, 388, 387, 386, 385, 384, 0]
	 A0A013T0M4	[360, 390, 389, 388, 387, 386, 385, 384, 0]

 ### Operon type: 8

	 A0A011PF67	[696, 695, 694, 693, 692, 0, 0, 0, 0]
	 A0A011NW66	[696, 695, 694, 693, 692, 507, 0, 0, 0]
	 A0A011NBX7	[696, 695, 694, 693, 692, 507, 0, 0, 0]

 ### Operon type: 9

	 A0A011RHX4	[696, 695, 694, 693, 692, 691, 690, 689, 0]
	 A0A011NS68	[696, 695, 694, 693, 692, 691, 690, 689, 562]

 ### Operon type: 10

	 A0A010JY00	[378, 487, 377, 376, 423, 603, 375, 620, 374]

 ### Operon type: 11

	 A0A013TH30	[487, 377, 376, 282, 281, 603, 375, 620, 374]

 ### Operon type: 12

	 A0A011NEQ1	[0, 501, 500, 499, 498, 497, 647, 496, 495]
	 A0A011QAS2	[0, 501, 500, 499, 498, 497, 647, 496, 495]

 ### Operon type: 13

	 A0A011QSF0	[0, 547, 546, 545, 544, 543, 542, 486, 0]
	 A0A011QBB5	[548, 547, 546, 545, 544, 543, 542, 486, 301]
	 A0A011Q0X6	[548, 547, 546, 545, 544, 543, 542, 486, 301]
	 A0A011Q1X8	[547, 0, 546, 545, 544, 543, 542, 486, 301]

 ### Operon type: 14

	 A0A011PG87	[548, 547, 546, 545, 544, 543, 542, 0, 0]

 ### Operon type: 15

	 A0A010K6G6	[371, 370, 369, 368, 367, 366, 365, 0, 364]
	 A0A013SP43	[371, 370, 369, 368, 367, 366, 365, 271, 364]
	 A0A009RUN3	[371, 370, 369, 368, 367, 366, 365, 271, 364]

 ### Operon type: 16

	 A0A009HR98	[0, 0, 99, 98, 97, 0, 0, 0, 96]
	 A0A009SZB5	[0, 0, 99, 98, 97, 0, 0, 0, 96]

 ### Operon type: 17

	 A0A009Z8F7	[25, 99, 29, 0, 97, 24, 24, 0, 0]

 ### Operon type: 18

	 A0A011QIT1	[319, 318, 317, 564, 316, 315, 314, 313, 312]
	 A0A011QUG8	[319, 318, 317, 564, 316, 315, 0, 314, 313]

 ### Operon type: 19

	 A0A011PL71	[601, 600, 599, 598, 597, 596, 663, 595, 0]
	 A0A011QAB0	[600, 599, 598, 0, 597, 596, 663, 595, 0]

 ### Operon type: 20

	 A0A011PIY7	[573, 0, 572, 571, 570, 569, 568, 0, 567]

 ### Operon type: 21

	 A0A011Q3J4	[0, 573, 572, 571, 570, 569, 568, 533, 0]

 ### Operon type: 22

	 A0A011MH88	[28, 573, 572, 571, 570, 569, 568, 533, 567]

 ### Operon type: 23

	 A0A009QBR9	[0, 0, 436, 435, 434, 0, 0, 431, 430]
	 A0A009TM70	[0, 344, 436, 435, 434, 0, 0, 431, 430]

 ### Operon type: 24

	 A0A010ILU3	[345, 344, 436, 0, 434, 433, 343, 432, 431]
	 A0A009H3B0	[0, 344, 436, 0, 434, 433, 343, 432, 431]
	 A0A009MW50	[0, 344, 436, 435, 434, 433, 0, 432, 431]
	 A0A009QS71	[345, 344, 436, 435, 434, 433, 0, 432, 431]

 ### Operon type: 25

	 A0A009I8S2	[0, 0, 436, 435, 434, 433, 432, 431, 430]

 ### Operon type: 26

	 A0A009ICH6	[427, 426, 425, 424, 423, 422, 421, 420, 620]
	 A0A009ZFR5	[427, 426, 425, 424, 423, 422, 421, 420, 620]

 ### Operon type: 27

	 A0A009GP96	[0, 409, 523, 408, 407, 223, 463, 406, 405]

 ### Operon type: 28

	 A0A009GSR4	[408, 407, 223, 463, 406, 405, 405, 404, 0]

 ### Operon type: 29

	 A0A009IIT6	[409, 523, 408, 407, 406, 405, 405, 404, 0]

 ### Operon type: 30

	 A0A009IS10	[623, 0, 0, 0, 184, 183, 182, 0, 0]

 ### Operon type: 31

	 A0A009QHW5	[0, 0, 0, 345, 184, 183, 182, 0, 109]

 ### Operon type: 32

	 A0A011UVB4	[0, 0, 0, 624, 0, 0, 623, 0, 622]

 ### Operon type: 33

	 A0A011TLH7	[723, 724, 722, 0, 0, 0, 0, 0, 0]
	 A0A011UG87	[722, 724, 723, 0, 0, 0, 0, 0, 0]

 ### Operon type: 34

	 A0A011QIE8	[325, 324, 323, 642, 322, 321, 320, 0, 0]
	 A0A011QDV3	[325, 324, 323, 642, 322, 321, 302, 0, 320]

 ### Operon type: 35

	 A0A011NYU6	[300, 299, 0, 298, 721, 290, 289, 0, 297]

 ### Operon type: 36

	 A0A011PYI6	[300, 299, 0, 298, 721, 297, 357, 651, 0]

 ### Operon type: 37

	 A0A011P1C0	[0, 0, 290, 289, 297, 0, 0, 0, 0]

 ### Operon type: 38

	 A0A011PP01	[590, 589, 588, 0, 0, 0, 0, 0, 0]
	 A0A011NVE7	[590, 589, 588, 0, 0, 0, 0, 0, 0]

 ### Operon type: 39

	 A0A013TH43	[280, 0, 0, 0, 279, 278, 277, 0, 634]
	 A0A009RAF0	[280, 0, 0, 0, 279, 278, 277, 0, 634]

 ### Operon type: 40

	 A0A013S8V2	[254, 253, 0, 0, 0, 252, 0, 0, 0]
	 A0A009R8E1	[0, 288, 0, 254, 253, 0, 0, 252, 0]

 ### Operon type: 41

	 A0A009QFZ7	[450, 449, 0, 0, 447, 0, 446, 445, 0]
	 A0A009TK03	[450, 449, 0, 0, 447, 0, 446, 445, 0]

 ### Operon type: 42

	 A0A009MH71	[450, 449, 0, 448, 447, 104, 446, 445, 0]
	 A0A009HSL1	[450, 449, 105, 448, 447, 0, 446, 445, 0]
	 A0A013SPM5	[450, 449, 105, 448, 447, 104, 446, 445, 0]
	 A0A010IX62	[450, 449, 105, 448, 447, 0, 446, 445, 0]

 ### Operon type: 43

	 A0A009I6Z0	[450, 449, 0, 448, 447, 0, 446, 445, 444]

 ### Operon type: 44

	 A0A009ZIX8	[0, 22, 105, 448, 447, 287, 0, 444, 0]

 ### Operon type: 45

	 A0A009I573	[470, 0, 469, 468, 0, 467, 466, 465, 464]

 ### Operon type: 46

	 A0A009ILP9	[429, 0, 464, 465, 466, 467, 428, 468, 469]

 ### Operon type: 47

	 A0A009I953	[429, 0, 464, 465, 466, 467, 428, 0, -1]

 ### Operon type: 48

	 A0A009IPC3	[193, 192, 0, 0, 466, 191, 190, 0, 428]
	 A0A009QEG7	[193, 192, 0, 0, 466, 191, 190, 0, 428]

 ### Operon type: 49

	 A0A009SX74	[540, 562, 0, 468, 428, 429, 192, 193, 0]

 ### Operon type: 50

	 A0A010JWJ1	[0, 383, 523, 0, 382, 381, 380, 379, 0]
	 A0A009I4A1	[0, 383, 523, 0, 382, 381, 380, 379, 0]

 ### Operon type: 51

	 A0A009QF22	[117, 116, 165, 0, 382, 381, 380, 379, 164]
	 A0A009TBY8	[117, 116, 165, 210, 382, 381, 380, 379, 164]

 ### Operon type: 52

	 A0A009ITT8	[180, 179, 178, 400, 399, 177, 176, 175, 174]

 ### Operon type: 53

	 A0A009NJ90	[180, 179, 178, 400, 0, 222, 177, 176, 175]

 ### Operon type: 54

	 A0A009HZK2	[401, 400, 399, 0, 0, 0, 0, 0, 0]

 ### Operon type: 55

	 A0A009IJ07	[403, 402, 401, 400, 399, 0, 0, 0, 0]

 ### Operon type: 56

	 A0A009S6G1	[403, 402, 401, 400, 399, 176, 175, 174, 169]

 ### Operon type: 57

	 A0A009S5A5	[399, 222, 177, 176, 175, 174, 170, 103, 169]

 ### Operon type: 58

	 A0A013TRC1	[435, 157, 204, 203, 202, 201, 200, 523, 642]
	 A0A013TCN9	[435, 157, 204, 203, 202, 201, 200, 523, 642]
	 A0A009NIJ3	[435, 157, 204, 203, 202, 201, 200, 523, 642]
	 A0A009QNC9	[435, 157, 204, 203, 202, 201, 200, 523, 642]
	 A0A010ITG1	[435, 157, 204, 203, 202, 201, 200, 523, 642]

 ### Operon type: 59

	 A0A009H935	[0, 0, 204, 203, 202, 201, 200, 523, 642]

 ### Operon type: 60

	 A0A009SJZ7	[624, 148, 147, 146, 145, 144, 143, 142, 141]
	 A0A009PJF7	[148, 147, 147, 146, 145, 144, 143, 142, 141]

 ### Operon type: 61

	 A0A009Z5G0	[144, 146, 147, 0, 644, 148, 624, 267]

 ### Operon type: 62

	 A0A010JJC1	[648, 351, 350, 363, 349, 348, 347, 352, 346]
	 A0A010IZ41	[351, 350, 363, 349, 348, 347, 352, 346, 369]

 ### Operon type: 63

	 A0A009QJL6	[648, 351, 350, 363, 0, 346, 369, 108, 0]

 ### Operon type: 64

	 A0A011P2I4	[596, 534, 572, 0, 0, 0, 0, 0, 0]
	 A0A011N9N8	[596, 534, 572, 0, 0, 0, 0, 0, 0]

 ### Operon type: 65

	 A0A009SLR5	[0, 0, 0, 140, 619, 139, 463, 523, 596]
	 A0A009PIB4	[0, 0, 0, 140, 619, 139, 463, 523, 596]

 ### Operon type: 66

	 A0A009HSU4	[0, 0, 636, 523, 0, 534, 560, 596, 463]

 ### Operon type: 67

	 A0A011SF89	[656, 655, 654, 0, 0, 0, 0, 0, 0]

 ### Operon type: 68

	 A0A011UCX7	[0, 600, 656, 655, 0, 654, 189, 0, 0]

 ### Operon type: 69

	 A0A011NYT4	[556, 555, 554, 553, 0, 505, 505, 504, 503]

 ### Operon type: 70

	 A0A011P8E9	[0, 0, 556, 555, 0, 554, 553, 0, 0]

 ### Operon type: 71

	 A0A010TF34	[0, -1, 0, 0, 68, 67, 66, 65, 64]
	 A0A010SYH9	[68, 67, 66, 65, 64, 0, 0, 0, 0]

 ### Operon type: 72

	 A0A010TFJ4	[0, -1, 0, 72, 71, 70, 160, -1, 69]
	 A0A010S7A1	[72, 71, 70, 160, 0, 69, 0, 0, 0]

 ### Operon type: 73

	 A0A009ICP5	[419, 452, 484, 418, 417, 0, 0, 416, 0]

 ### Operon type: 74

	 A0A009MMG9	[419, 452, 484, 418, 417, 0, 37, 416, 638]

 ### Operon type: 75

	 A0A009HTW0	[0, 153, 152, 0, 417, 0, 0, 416, 0]
	 A0A009QLL2	[0, 153, 152, 0, 417, 0, 0, 416, 0]

 ### Operon type: 76

	 A0A009SIV4	[154, 153, 152, 151, 417, 150, 0, 416, 638]

 ### Operon type: 77

	 A0A013TSJ4	[153, 152, 0, 151, 417, 0, 0, 416, 638]

 ### Operon type: 78

	 A0A009Z3V9	[523, 0, 0, 0, 0, 152, 493, 153, 154]

 ### Operon type: 79

	 A0A009T0Q9	[0, 0, 0, 0, 155, 245, 28, 523, 27]

 ### Operon type: 80

	 A0A009YJF4	[0, 504, 503, 17, 211, 28, 523, 0, 27]

 ### Operon type: 81

	 A0A009HJC2	[101, 642, 484, 100, 410, 463, 130, 131, 132]
	 A0A009PAV9	[101, -1, 484, 100, 410, 463, 130, 131, 132]

 ### Operon type: 82

	 A0A009SE02	[0, 132, 0, 0, 0, 131, 130, 463, 410]

 ### Operon type: 83

	 A0A011QNA5	[0, 311, 310, 309, 0, 342, 341, 340, 339]
	 A0A009ZLJ7	[339, 340, 341, 342, 0, 0, 311, 310, 309]

 ### Operon type: 84

	 A0A009HAX1	[342, 341, 340, 339, 338, 337, 199, 336, 198]
	 A0A013T0T6	[342, 341, 340, 339, 338, 337, 199, 336, 198]
	 A0A009QMH5	[342, 341, 340, 339, 338, 337, 199, 336, 198]

 ### Operon type: 85

	 A0A010ILW6	[342, 341, 340, 339, 338, 337, 0, 0, 336]

 ### Operon type: 86

	 A0A009Z9X7	[341, 340, 339, 0, 338, 0, 303, 0, 336]

 ### Operon type: 87

	 A0A009PE10	[0, 0, 0, 339, 338, 128, 199, 336, -1]

 ### Operon type: 88

	 A0A009SYU8	[560, 427, 549, 362, 135, 523, 523, 327, 326]
	 A0A009RSB7	[560, 427, 549, 362, 135, 523, 523, 327, 326]
	 A0A009HS41	[560, 427, 549, 362, 135, 523, 523, 327, 326]

 ### Operon type: 89

	 A0A010IT25	[560, 427, 549, 362, 328, 523, 523, 327, 326]
	 A0A013SHA9	[560, 427, 549, 362, 328, 523, 523, 327, 326]
	 A0A009I466	[560, 427, 549, 362, 328, 523, 523, 327, 326]

 ### Operon type: 90

	 A0A009NMQ9	[560, 427, 549, 362, 328, 0, 523, 523, 327]

 ### Operon type: 91

	 A0A009P8A9	[0, 0, 549, 362, 135, 523, 523, 327, 326]

 ### Operon type: 92

	 A0A011PGU1	[0, 0, 539, 538, 686, 685, 537, 536, 535]
	 A0A011MDH1	[296, 0, 539, 538, 686, 685, 537, 536, 535]

 ### Operon type: 93

	 A0A011V0P4	[610, 609, 0, 0, 608, 0, 0, 607, 606]

 ### Operon type: 94

	 A0A011WPV7	[607, 606, 0, 0, 0, 0, 0, 0, 0]

 ### Operon type: 95

	 A0A011RNP9	[0, 0, 0, 0, 0, 664, 663, 0, 0]

 ### Operon type: 96

	 A0A011V0B5	[659, 0, 0, 0, 0, 0, 664, 0, 0]

 ### Operon type: 97

	 A0A011RQC9	[0, 659, 658, 0, 0, 0, 0, 657, 0]

 ### Operon type: 98

	 A0A011RIM8	[688, 687, 0, 0, 686, 685, 684, 683, 682]
	 A0A011QG28	[688, 687, 538, 0, 686, 685, 684, 683, 682]

 ### Operon type: 99

	 A0A011PHI6	[712, 0, 566, 0, 0, 565, 564, 563, 0]

 ### Operon type: 100

	 A0A011QI68	[0, 0, 566, 565, 0, 0, 0, 0, 0]

 ### Operon type: 101

	 A0A011P700	[0, 0, 558, 557, 0, 0, 0, 0, 0]

 ### Operon type: 102

	 A0A011QSI4	[0, 0, 558, 557, 305, 0, 0, 0, 0]

 ### Operon type: 103

	 A0A011NVJ6	[514, 513, 512, 511, 510, 509, 0, 0, 508]

 ### Operon type: 104

	 A0A011PVP2	[0, 513, 512, 511, 510, 509, 0, 0, 532]

 ### Operon type: 105

	 A0A011NXY7	[0, 0, 512, 0, 510, 0, 0, 0, 0]

 ### Operon type: 106

	 A0A011NUB4	[518, 517, 620, 516, 604, 603, 0, 515, 0]
	 A0A011QR69	[518, 517, 620, 516, 604, 603, 0, 0, 0]

 ### Operon type: 107

	 A0A011NN36	[517, 620, 0, 0, 604, 603, 0, 0, 0]

 ### Operon type: 108

	 A0A011PK69	[620, 605, 0, 0, 604, 603, 0, 0, 0]

 ### Operon type: 109

	 A0A011RMI6	[673, 672, 671, 670, 669, 668, 667, 666, 665]
	 A0A011NYD6	[673, 672, 671, 670, 669, 668, 667, 666, 665]

 ### Operon type: 110

	 A0A011QB28	[291, 673, 672, 0, 0, 668, 667, 666, 665]

 ### Operon type: 111

	 A0A011NF33	[0, 668, 667, 0, 0, 0, 0, 0, 0]

 ### Operon type: 112

	 A0A011NBY4	[481, 0, 0, 629, 0, 0, 480, 0, 0]

 ### Operon type: 113

	 A0A011WRT0	[481, 0, 0, 0, 0, 0, 0, 651, 0]

 ### Operon type: 114

	 A0A011SHV5	[0, 0, 0, 0, 0, 649, 651, 648, 0]

 ### Operon type: 115

	 A0A011NB95	[0, 485, 0, 0, 0, 0, 484, 483, 482]

 ### Operon type: 116

	 A0A011UHT4	[108, 75, 483, 0, 0, 74, 74, 482, 0]

 ### Operon type: 117

	 A0A010Z1W7	[0, 0, 0, 0, 0, 7, 0, 474, 475]

 ### Operon type: 118

	 A0A011VY84	[0, 0, 475, 474, 0, 0, 0, 0, 0]

 ### Operon type: 119

	 A0A010YW85	[0, 0, 0, 0, 0, 229, 0, 474, 475]

 ### Operon type: 120

	 A0A010ZMA0	[474, 490, 0, 0, 0, 0, 0, 0, 0]

 ### Operon type: 121

	 A0A011N5L2	[0, 0, 0, 490, 0, 489, 488, 0, 0]

 ### Operon type: 122

	 A0A010SQJ5	[255, 418, 0, 718, 717, 716, 0, 0, 0]

 ### Operon type: 123

	 A0A010STD3	[0, 0, 0, 718, 717, 716, 0, 327, 261]

 ### Operon type: 124

	 A0A011TD67	[719, 0, 0, 718, 717, 716, 715, 0, 714]

 ### Operon type: 125

	 A0A009ZC12	[0, 0, 0, 718, 0, 716, 715, 23, 306]

 ### Operon type: 126

	 A0A010RFQ9	[0, 0, 359, 0, 358, 0, 0, 0, 0]

 ### Operon type: 127

	 A0A010SPR9	[14, 14, 0, 0, 0, 358, 0, 0, 0]

 ### Operon type: 128

	 A0A013S288	[0, 0, 0, 259, 410, 258, 257, 0, 256]
	 A0A010J3I1	[0, 0, 0, 259, 410, 258, 257, 0, 256]

 ### Operon type: 129

	 A0A013SXT2	[226, 44, 43, 259, 410, 258, 257, 42, 256]
	 A0A009PWG1	[226, 44, 43, 259, 410, 258, 257, 42, 256]

 ### Operon type: 130

	 A0A009ZJK4	[0, 0, 0, 0, 0, 0, 427, 21, 0]

 ### Operon type: 131

	 A0A010SVN1	[-1, 21, 523, 205, 224, 0, 0, 427, 0]

 ### Operon type: 132

	 A0A009IMX3	[398, 0, 396, 0, 394, 195, 195, 651, 194]
	 A0A009SF48	[398, 0, 396, 0, 394, -1, 195, 651, 194]

 ### Operon type: 133

	 A0A009QEX0	[398, 397, 396, 395, 394, 195, 195, 651, 194]

 ### Operon type: 134

	 A0A009RES7	[398, 397, 396, 395, 394, 393, 427, 392, 391]
	 A0A010ISX2	[398, 397, 396, 395, 394, 393, 427, 392, 391]
	 A0A013S7V1	[398, 397, 396, 395, 394, 393, 427, 392, 391]
	 A0A009MR00	[398, 397, 396, 395, 394, 393, 427, 392, 391]

 ### Operon type: 135

	 A0A009GYP9	[0, 0, 0, 395, 394, 393, 427, 392, 391]

 ### Operon type: 136

	 A0A009YTT3	[0, 0, 0, 0, 0, 0, 427, 392, 391]

 ### Operon type: 137

	 A0A009QGN4	[115, 114, 113, 112, 111, 110, 0, 0, 0]
	 A0A009PFK7	[115, 114, 113, 112, 111, 0, 0, 110, 0]

 ### Operon type: 138

	 A0A009YR20	[0, 110, 0, 0, 0, 0, 114, 0, 0]

 ### Operon type: 139

	 A0A013SB36	[251, 250, 249, 248, 247, 0, 503, 246, 245]
	 A0A009QSI3	[251, 250, 249, 248, 247, 0, 503, 246, -1]

 ### Operon type: 140

	 A0A010ITP2	[251, 250, 249, 248, 247, 0, 503, 0, 0]

 ### Operon type: 141

	 A0A009SII9	[-1, 250, 249, 248, 0, 0, 0, 0, 155]

 ### Operon type: 142

	 A0A009HZV2	[0, 0, 0, 0, 197, 196, 222, 0, 0]

 ### Operon type: 143

	 A0A009QPE7	[0, 0, 0, 0, 197, 196, 0, 0, 0]

 ### Operon type: 144

	 A0A009GXL8	[214, 213, 212, 0, 211, 210, 209, 208, 207]

 ### Operon type: 145

	 A0A010JIW7	[214, 213, 212, 0, 211, 0, 0, 209, 208]

 ### Operon type: 146

	 A0A009MGR3	[0, 0, 126, 0, 125, 103, 102, 124, 123]

 ### Operon type: 147

	 A0A009Q4G0	[0, 127, 126, 0, 125, 0, 124, 123, 124]

 ### Operon type: 148

	 A0A009PUJ8	[0, 62, 0, 0, 0, 95, 209, 208, 207]

 ### Operon type: 149

	 A0A009QJA8	[208, 207, 0, 0, 0, 0, 0, 0, 0]

 ### Operon type: 150

	 A0A009PB53	[0, 0, 62, 0, 0, 124, 123, 124, 95]

 ### Operon type: 151

	 A0A013SNJ8	[427, 0, 0, 270, 269, 410, 369, 0, 0]
	 A0A013RZW2	[427, 260, 0, 270, 269, 410, 369, 0, 0]
	 A0A009SIZ4	[427, 260, 0, 270, 269, 0, 369, 149, 0]
	 A0A009RD69	[427, 260, 0, 270, 269, 410, 369, 149, 0]
	 A0A010J9U3	[427, 0, 0, 270, 269, 410, 369, 0, 0]

 ### Operon type: 152

	 A0A009IV03	[0, 0, 431, 270, 269, 0, 369, 0, 0]
	 A0A009PH20	[0, 0, 431, 270, 269, 410, 369, 0, 0]

 ### Operon type: 153

	 A0A009YIZ0	[427, 260, 431, 270, 269, 410, 369, 149, 61]

 ### Operon type: 154

	 A0A009QA91	[120, 119, 560, 523, 242, 242, 206, 272, 205]
	 A0A010J377	[120, 119, 560, 523, 242, 242, 206, 272, 205]

 ### Operon type: 155

	 A0A009MVG4	[36, 0, 243, 523, 242, 242, 0, 272, 205]
	 A0A009QQC0	[0, 0, 36, 523, 242, 242, 0, 272, 205]

 ### Operon type: 156

	 A0A009H7I0	[0, 0, 0, 523, 242, 242, 206, 272, 205]

 ### Operon type: 157

	 A0A009S1X4	[120, 119, 560, 523, 242, 242, 523, 0, 33]

 ### Operon type: 158

	 A0A013SHF4	[0, 0, 243, 523, 242, 242, 0, 241, 0]

 ### Operon type: 159

	 A0A009H7U0	[335, 684, 0, 334, 333, 476, 332, 0, 0]

 ### Operon type: 160

	 A0A010IMP8	[335, 0, 0, 334, 333, 476, 332, 0, 331]

 ### Operon type: 161

	 A0A013SZ54	[335, 0, 479, 334, 333, 0, 0, 0, 0]

 ### Operon type: 162

	 A0A009ZM43	[-1, 684, 479, 334, 333, 476, 332, 34, 331]

 ### Operon type: 163

	 A0A009YSC7	[0, 0, 480, 16, 0, 16, 263, 262, 0]

 ### Operon type: 164

	 A0A013RVV2	[435, 0, 263, 262, 0, 0, 0, 261, 0]

 ### Operon type: 165

	 A0A011Q5S3	[312, 295, 0, 0, 0, 0, 614, 613, 611]

 ### Operon type: 166

	 A0A011UZZ4	[0, 614, 613, 0, 0, 0, 612, 612, 611]

 ### Operon type: 167

	 A0A010YKP2	[0, 0, 0, 0, 0, 0, 508, 92, 0]

 ### Operon type: 168

	 A0A011V1A2	[609, 0, 0, 92, 0, 0, 0, 0, 0]

 ### Operon type: 169

	 A0A011Q2B1	[0, 0, 0, 0, 0, 679, 678, 677, 676]

 ### Operon type: 170

	 A0A011RLN8	[0, 0, 0, 681, 680, 679, 678, 677, 676]

 ### Operon type: 171

	 A0A011NGS0	[0, 0, 0, 0, 711, 710, 0, 0, 0]

 ### Operon type: 172

	 A0A011PW61	[0, 0, 0, 0, 711, 710, 0, 0, 478]

 ### Operon type: 173

	 A0A011UXI1	[0, 617, 0, 0, 711, 710, 709, 0, 0]

 ### Operon type: 174

	 A0A011SWI9	[-1, -1, 0, 712, 711, 710, 709, -1, -1]

 ### Operon type: 175

	 A0A011P952	[710, 0, 550, 0, 0, 550, 0, 0, 0]

 ### Operon type: 176

	 A0A011NSG8	[0, 0, 0, 563, 520, 519, 0, 520, 0]

 ### Operon type: 177

	 A0A011P0X4	[0, 0, 296, 0, 520, 0, 0, 519, 288]

 ### Operon type: 178

	 A0A009MJ75	[0, 0, 63, 411, 38, 0, 0, 0, 408]

 ### Operon type: 179

	 A0A010IH51	[0, 638, 0, 0, 38, 0, 408, 0, 0]

 ### Operon type: 180

	 A0A010YNY9	[0, 0, 8, 4, 0, 0, 0, 0, 621]

 ### Operon type: 181

	 A0A011AC71	[33, 0, 0, 227, 0, 8, 4, 0, 560]

 ### Operon type: 182

	 A0A011PRW6	[584, 0, 0, 0, 583, 672, 671, 0, 0]
	 A0A011QLX0	[0, 584, 0, 0, 583, 0, 672, 671, 0]

 ### Operon type: 183

	 A0A010SML6	[0, 672, 671, -1, 0, 562, 0, 0, 0]

 ### Operon type: 184

	 A0A009P817	[122, 0, 0, 0, 41, 0, 231, 40, 39]

 ### Operon type: 185

	 A0A009TIY0	[0, 0, 0, 0, 41, 0, 231, 40, 0]

 ### Operon type: 186

	 A0A009QKA3	[231, 40, 0, 39, 0, 0, 0, 0, 115]

 ### Operon type: 187

	 A0A009S854	[-1, 0, 0, 118, 265, 0, 0, 0, 264]

 ### Operon type: 188

	 A0A013RMD0	[-1, 0, 355, 0, 265, 359, 0, 0, 264]

 ### Operon type: 189

	 A0A009HFU9	[0, 94, 0, 0, 93, 463, 0, 0, 0]
	 A0A009R016	[0, 94, 0, 0, 93, -1, 463, 0, 0]

 ### Operon type: 190

	 A0A009HSR2	[0, 138, 137, 0, 136, 219, 218, 222, 216]

 ### Operon type: 191

	 A0A009SWM1	[0, 138, 137, 0, 136, 0, 0, 218, 0]

 ### Operon type: 192

	 A0A009MYX0	[215, 216, 0, 636, 0, 0, 218, 219, 35]

 ### Operon type: 193

	 A0A009QK79	[0, 0, 35, 219, 0, 218, 0, 0, 216]

 ### Operon type: 194

	 A0A009GXJ1	[221, 220, 219, 218, 217, 222, 216, 215, 0]

 ### Operon type: 195

	 A0A009I5G9	[0, 0, 463, 462, 461, 460, 459, 458, 457]
	 A0A010IT95	[0, 0, 0, 463, 461, 460, 459, 458, 457]
	 A0A013TKW8	[0, 707, 0, 463, 461, 460, 459, 458, 457]
	 A0A009GWD0	[222, 0, 0, 463, 461, 460, 459, 458, 457]
	 A0A009MH36	[0, 0, 0, 463, 461, 460, 459, 458, 457]
	 A0A009PRQ9	[0, 463, 462, 0, 461, 460, 459, 458, 457]
	 A0A009QT77	[0, 0, -1, 463, 461, 460, 459, 458, 457]
	 A0A009S0T6	[0, 0, 463, 462, 461, 460, 459, 458, 457]

 ### Operon type: 196

	 A0A013TMJ7	[642, -1, 0, 463, 461, 458, 457, 0, 0]

 ### Operon type: 197

	 A0A009I8I7	[443, 442, 441, 440, 439, 438, 0, 553, 437]
	 A0A009HJJ5	[443, 442, 441, 0, 439, 438, 0, 553, 437]

 ### Operon type: 198

	 A0A010JJN4	[0, 442, 441, 0, 439, 438, 0, 553, 488]
	 A0A013TPR7	[443, 442, 441, 0, 439, 438, 0, 553, 488]
	 A0A009RMI1	[0, 442, 441, 0, 439, 438, 0, 553, 0]
	 A0A009PMT3	[443, 442, 441, 0, 439, 438, 181, 553, 488]
	 A0A009YG45	[0, 443, 442, 441, 439, 0, 438, 181, 553]

 ### Operon type: 199

	 A0A009SEP4	[443, 442, 441, 440, 439, 0, 438, 181, 0]

 ### Operon type: 200

	 A0A009NI48	[443, 442, 441, 0, 439, 0, 0, 0, -1]

 ### Operon type: 201

	 A0A011WLE7	[0, 0, 0, 0, 0, 56, 0, 0, 0]
	 A0A011VU44	[0, 0, 0, 0, 0, 56, 0, 0, 0]

 ### Operon type: 202

	 A0A011VAP2	[0, 0, 52, 0, 0, 0, 0, 0, 51]

 ### Operon type: 203

	 A0A011VRJ8	[0, 0, 0, 0, 0, 0, 52, 0, 0]

 ### Operon type: 204

	 A0A011RNU1	[0, 0, 0, 0, 0, 0, 662, 662, 661]

 ### Operon type: 205

	 A0A011VKJ9	[0, 0, 0, 0, 0, 0, 661, 662, -1]

 ### Operon type: 206

	 A0A011WT35	[268, 0, 0, 0, 0, 0, 0, 0, 0]
	 A0A011V490	[0, 268, 0, 0, 0, 0, 0, 0, 0]

 ### Operon type: 207

	 A0A009T185	[517, 0, 574, 574, 329, 620, 574, 631, 509]

 ### Operon type: 208

	 A0A010IN36	[330, 642, 0, 0, 329, 620, 574, 631, 509]

 ### Operon type: 209

	 A0A009PG43	[620, 574, 626, 592, 0, 631, 509, 0, 0]

 ### Operon type: 210

	 A0A011PQZ7	[0, 0, 0, 587, 721, 0, 720, 0, 0]

 ### Operon type: 211

	 A0A011TUX4	[0, 0, 0, 0, 721, 0, 0, 720, 0]

 ### Operon type: 212

	 A0A011STZ9	[0, 0, 0, 720, 0, 0, 0, 0, 0]

 ### Operon type: 213

	 A0A011PRF5	[585, 0, 0, 0, 0, 0, 0, 0, 0]
	 A0A011PUJ9	[0, 0, 0, 0, 0, 0, 0, 0, 585]

 ### Operon type: 214

	 A0A011PFY8	[0, 0, 0, 0, 0, 0, 0, 0, 591]

 ### Operon type: 215

	 A0A011PNS3	[592, 591, 0, 0, 0, 0, 0, 0, 0]

 ### Operon type: 216

	 A0A011T648	[0, 591, 0, 0, 0, 0, 0, 620, 0]

 ### Operon type: 217

	 A0A011U3C2	[0, 0, 684, 0, 0, 0, 0, 0, 0]
	 A0A011AEN3	[0, 0, 0, 0, 0, 0, 684, 0, 0]

 ### Operon type: 218

	 A0A011AAZ2	[0, 627, 0, 0, 0, 684, 684, 684, 0]

 ### Operon type: 219

	 A0A011T698	[0, 0, 0, 0, 0, 560, 684, 0, 0]

 ### Operon type: 220

	 A0A009SNL0	[134, 133, 0, 0, 0, 0, 0, 0, 0]

 ### Operon type: 221

	 A0A009ZZC8	[-1, 133, 134, 0, 0, 0, 0, 0, 0]

 ### Operon type: 222

	 A0A009ZG48	[0, 0, 0, 707, 0, 0, 0, 0, 0]

 ### Operon type: 223

	 A0A011PEJ8	[0, 0, 708, 707, 0, 0, 0, 0, 0]

 ### Operon type: 224

	 A0A011QNJ7	[705, 0, 0, 707, 0, 0, 0, 705, 0]

 ### Operon type: 225

	 A0A011MMJ4	[0, 0, 0, 0, 0, 0, 0, 705, 0]

 ### Operon type: 226

	 A0A011R8M3	[0, 0, 708, 707, 0, 706, 0, 705, 0]

 ### Operon type: 227

	 A0A009TJ77	[0, 19, 0, 0, 0, 0, 0, 0, 0]

 ### Operon type: 228

	 A0A010RTE7	[0, 0, 0, 0, 0, 0, 65, 19, 0]

 ### Operon type: 229

	 A0A013TPQ9	[276, 361, 275, 274, 273, 523, 642, 272, 489]
	 A0A013S8F0	[276, 361, 275, 274, 273, 523, 642, 272, 489]
	 A0A009SZ84	[276, 361, 275, 274, 273, 523, 642, 272, 489]
	 A0A009PMU2	[276, 361, 275, -1, 273, 523, 642, 272, 489]

 ### Operon type: 230

	 A0A009IG48	[0, 0, 0, 413, 412, 0, 0, 0, 562]

 ### Operon type: 231

	 A0A009IMQ0	[0, 0, 0, 413, 412, 0, 0, 0, 0]

 ### Operon type: 232

	 A0A009SWV1	[0, 0, 0, 0, 0, 0, 0, 413, 0]

 ### Operon type: 233

	 A0A011TAW2	[0, 0, 0, 0, 0, 0, 226, 0, 0]
	 A0A009SFX8	[226, 0, 0, 0, 0, 0, 0, 0, 0]

 ### Operon type: 234

	 A0A009RHH9	[0, 0, 0, 0, 129, 0, 0, 0, 0]
	 A0A011TZN1	[0, 0, 0, 0, 129, 0, 0, 0, 0]

 ### Operon type: 235

	 A0A009Q512	[0, 0, 0, 0, 121, 0, 0, 0, 0]
	 A0A009PMZ9	[121, 0, 0, 0, 0, 0, 0, 0, 0]

 ### Operon type: 236

	 A0A009IFL2	[0, 415, 0, 414, -1, 0, 0, 0]

 ### Operon type: 237

	 A0A009ZDS1	[-1, -1, 0, 415, 0, 0, 351, 0, 0]

 ### Operon type: 238

	 A0A009HJM0	[0, 361, 275, 274, 273, 523, 0, 0, 0]
	 A0A009NPS1	[0, 361, 275, 274, 273, -1, 0, 0, 0]
	 A0A010IZH1	[-1, 361, 275, 274, 273, 523, 0, 0, 0]

 ### Operon type: 239

	 A0A009HUS9	[361, 275, 0, 0, 0, 0, -1, 0, 0]

 ### Operon type: 240

	 A0A009HM15	[0, 168, 167, 0, 0, 0, -1, 0, 0]

 ### Operon type: 241

	 A0A009RQL5	[0, 0, 0, 0, 0, 0, 168, 167, 0]

 ### Operon type: 242

	 A0A009IJ01	[0, 0, 0, 0, 0, 0, 168, 167, 166]

 ### Operon type: 243

	 A0A009NCH6	[0, 0, 0, 0, 0, 0, 0, 167, 166]

 ### Operon type: 244

	 A0A011UB51	[628, 0, 0, 0, 0, 0, 0, 0, 0]
	 A0A011UFH1	[0, 0, 0, 0, 0, 628, 0, 0, 0]

 ### Operon type: 245

	 A0A011V965	[0, -1, -1, 0, 53, 0, -1, -1, 0]
	 A0A011VHP2	[0, -1, -1, -1, 53, 0, 0, 0, 0]

 ### Operon type: 246

	 A0A010RVD0	[-1, 0, 0, -1, 0, 486, 486, 0, 15]

 ### Operon type: 247

	 A0A010T7Q5	[0, 15, 0, 0, 0, 0, -1, 0, 0]

 ### Operon type: 248

	 A0A010SRR2	[0, 0, -1, 0, 0, 0, 0, 0, 642]
	 A0A010SNM6	[0, 0, -1, 0, 0, 0, 642, 0, 0]

 ### Operon type: 249

	 A0A010SJH7	[0, 0, 642, -1, 0, 0, 206, 0, 0]

 ### Operon type: 250

	 A0A011UZ32	[0, 0, 0, 0, 0, -1, 0, 0, 0]
	 A0A011UZ49	[0, -1, 0, 0, 0, 0, 0, 0, 0]
	 A0A009IHQ3	[-1, 0, 0, 0, 0, 0, 0, 0, 0]
	 A0A009RG92	[-1, 0, 0, 0, 0, 0, 0, 0, 0]
	 A0A010RKP8	[0, 0, 0, 0, 0, 0, -1, 0, 0]
	 A0A009H6M2	[-1, 0, 0, 0, 0, 0, 0, 0, 0]
	 A0A009QDV7	[-1, 0, 0, 0, 0, 0, 0, 0, 0]
	 A0A009HJU6	[0, 0, 0, 0, 0, 0, 0, 0, -1]
	 A0A011V107	[0, -1, 0, 0, 0, 0, 0, 0, 0]
	 A0A011U7M7	[0, 0, -1, 0, 0, 0, 0, 0, 0]
	 A0A009PH57	[0, 0, -1, 0, 0, 0, 0, 0, 0]
	 A0A009N9Z1	[-1, 0, 0, 0, 0, 0, 0, 0, 0]
	 A0A009TG92	[0, 0, -1, 0, 0, 0, 0, 0, 0]
	 A0A010JDA6	[-1, 0, 0, 0, 0, 0, 0, 0, 0]
	 A0A010TF14	[-1, 0, 0, 0, 0, 0, 0, 0, 0]
	 A0A010RY47	[-1, 0, -1, 0, 0, 0, 0, 0, 0]

 ### Operon type: 251

	 A0A010SJF9	[0, 0, 0, 0, 0, -1, 0, 159, -1]

 ### Operon type: 252

	 A0A010T5D8	[0, 0, 0, -1, 0, -1, 369, 0, 0]

 ### Operon type: 253

	 A0A011ML54	[0, 0, 0, 58, 0, 0, 0, 0, -1]

 ### Operon type: 254

	 A0A011NHY1	[0, 0, 0, 0, 0, 642, 0, 0, 0]

 ### Operon type: 255

	 A0A010Z171	[0, 0, 0, 0, 0, 0, 642, 0, 636]

 ### Operon type: 256

	 A0A010ZX98	[0, 0, 0, 0, 0, 6, 642, 642, 0]

 ### Operon type: 257

	 A0A010YRE8	[0, 0, 0, 0, 0, 0, 0, 6, 0]

 ### Operon type: 258

	 A0A011AF05	[0, 0, 33, 6, 0, 0, 0, 0, 0]

 ### Operon type: 259

	 A0A011SQL0	[640, 0, -1, 0, 0, 0, 0, 0, 0]

 ### Operon type: 260

	 A0A009ZC82	[0, 0, 640, 0, 0, 0, 0, 0, 0]

 ### Operon type: 261

	 A0A011P3F6	[562, 0, 0, 640, 0, 0, 0, 0, 0]

 ### Operon type: 262

	 A0A011T697	[642, 0, 0, 0, 0, 0, 0, 0, 231]

 ### Operon type: 263

	 A0A011TDD1	[0, 225, 642, 0, 0, 0, 0, 0, 0]

 ### Operon type: 264

	 A0A011VW24	[0, 0, 675, 0, 0, 0, 0, 0, -1]

 ### Operon type: 265

	 A0A011T8V3	[0, 0, 675, 0, 0, 0, 0, 0, 0]

 ### Operon type: 266

	 A0A010TH98	[478, 0, 0, 675, 0, 0, 0, 0, 0]

 ### Operon type: 267

	 A0A011QVR3	[0, 0, 0, 0, 0, 0, 0, 485, 675]

 ### Operon type: 268

	 A0A011RM25	[0, 0, 0, 0, 0, 675, 0, 674, 0]

 ### Operon type: 269

	 A0A011VXC2	[-1, 477, 0, 0, 0, 0, 0, 0, 0]

 ### Operon type: 270

	 A0A011VYF1	[675, 0, 0, 0, 0, 0, 628, 0, 0]

 ### Operon type: 271

	 A0A010S415	[-1, 675, 0, 205, 0, 0, 0, 0, 433]

 ### Operon type: 272

	 A0A011TWN2	[0, 0, 0, 0, 0, 0, 0, 0, 0]
	 A0A011SGD5	[0, 0, 0, 0, 0, 0, 0, 0, 0]
	 A0A011UTJ0	[0, 0, 0, 0, 0, 0, 0, 0, 0]
	 A0A011UWH1	[0, 0, 0, 0, 0, 0, 0, 0, 0]
	 A0A011PKU5	[0, 0, 0, 0, 0, 0, 0, 0, 0]
	 A0A011PJK8	[0, 0, 0, 0, 0, 0, 0, 0, 0]
	 A0A011PNN2	[0, 0, 0, 0, 0, 0, 0, 0, 0]
	 A0A011P4U7	[0, 0, 0, 0, 0, 0, 0, 0, 0]
	 A0A011P9Z5	[0, 0, 0, 0, 0, 0, 0, 0, 0]
	 A0A011PBM9	[0, 0, 0, 0, 0, 0, 0, 0, 0]
	 A0A011NTU3	[0, 0, 0, 0, 0, 0, 0, 0, 0]
	 A0A011QVV5	[0, 0, 0, 0, 0, 0, 0, 0, 0]
	 A0A011N2Z0	[0, 0, 0, 0, 0, 0, 0, 0, 0]
	 A0A011N3C3	[0, 0, 0, 0, 0, 0, 0, 0, 0]
	 A0A011N4G4	[0, 0, 0, 0, 0, 0, 0, 0, 0]
	 A0A011NAJ1	[0, 0, 0, 0, 0, 0, 0, 0, 0]
	 A0A011NAY5	[0, 0, 0, 0, 0, 0, 0, 0, 0]
	 A0A011NDM5	[0, 0, 0, 0, 0, 0, 0, 0, 0]
	 A0A011VYF6	[0, 0, 0, 0, 0, 0, 0, 0, 0]
	 A0A011VWR4	[0, 0, 0, 0, 0, 0, 0, 0, 0]
	 A0A010IPH1	[0, 0, 0, 0, 0, 0, 0, 0, 0]
	 A0A011QMJ8	[0, 0, 0, 0, 0, 0, 0, 0, 0]
	 A0A011QSN2	[0, 0, 0, 0, 0, 0, 0, 0, 0]
	 A0A011Q056	[0, 0, 0, 0, 0, 0, 0, 0, 0]
	 A0A011Q1B3	[0, 0, 0, 0, 0, 0, 0, 0, 0]
	 A0A010ZTI3	[0, 0, 0, 0, 0, 0, 0, 0, 0]
	 A0A013TPV4	[0, 0, 0, 0, 0, 0, 0, 0, 0]
	 A0A013SL47	[0, 0, 0, 0, 0, 0, 0, 0, 0]
	 A0A011WUT3	[0, 0, 0, 0, 0, 0, 0, 0, 0]
	 A0A013S2B9	[0, 0, 0, 0, 0, 0, 0, 0, 0]
	 A0A013SBR8	[0, 0, 0, 0, 0, 0, 0, 0, 0]
	 A0A011TAF9	[0, 0, 0, 0, 0, 0, 0, 0, 0]
	 A0A011TLH0	[0, 0, 0, 0, 0, 0, 0, 0, 0]
	 A0A009HBT3	[0, 0, 0, 0, 0, 0, 0, 0, 0]
	 A0A009I0I9	[0, 0, 0, 0, 0, 0, 0, 0, 0]
	 A0A009IRJ6	[0, 0, 0, 0, 0, 0, 0, 0, 0]
	 A0A009ISY0	[0, 0, 0, 0, 0, 0, 0, 0, 0]
	 A0A009M4K0	[0, 0, 0, 0, 0, 0, 0, 0, 0]
	 A0A009MGJ1	[0, 0, 0, 0, 0, 0, 0, 0, 0]
	 A0A009MGQ8	[0, 0, 0, 0, 0, 0, 0, 0, 0]
	 A0A009I463	[0, 0, 0, 0, 0, 0, 0, 0, 0]
	 A0A010SHY1	[0, 0, 0, 0, 0, 0, 0, 0, 0]
	 A0A009SHB3	[0, 0, 0, 0, 0, 0, 0, 0, 0]
	 A0A009SIF9	[0, 0, 0, 0, 0, 0, 0, 0, 0]
	 A0A009SWU0	[0, 0, 0, 0, 0, 0, 0, 0, 0]
	 A0A009SCM5	[0, 0, 0, 0, 0, 0, 0, 0, 0]
	 A0A009RHH7	[0, 0, 0, 0, 0, 0, 0, 0, 0]
	 A0A009RMD0	[0, 0, 0, 0, 0, 0, 0, 0, 0]
	 A0A009RR21	[0, 0, 0, 0, 0, 0, 0, 0, 0]
	 A0A009HL81	[0, 0, 0, 0, 0, 0, 0, 0, 0]
	 A0A009HTN9	[0, 0, 0, 0, 0, 0, 0, 0, 0]
	 A0A009HIL8	[0, 0, 0, 0, 0, 0, 0, 0, 0]
	 A0A011UHL2	[0, 0, 0, 0, 0, 0, 0, 0, 0]
	 A0A011UBN9	[0, 0, 0, 0, 0, 0, 0, 0, 0]
	 A0A011UFM5	[0, 0, 0, 0, 0, 0, 0, 0, 0]
	 A0A011UG71	[0, 0, 0, 0, 0, 0, 0, 0, 0]
	 A0A011UGX8	[0, 0, 0, 0, 0, 0, 0, 0, 0]
	 A0A009PAG1	[0, 0, 0, 0, 0, 0, 0, 0, 0]
	 A0A009PDV4	[0, 0, 0, 0, 0, 0, 0, 0, 0]
	 A0A009PG53	[0, 0, 0, 0, 0, 0, 0, 0, 0]
	 A0A009PT82	[0, 0, 0, 0, 0, 0, 0, 0, 0]
	 A0A011WKI4	[0, 0, 0, 0, 0, 0, 0, 0, 0]
	 A0A011VZG0	[0, 0, 0, 0, 0, 0, 0, 0, 0]
	 A0A011VW71	[0, 0, 0, 0, 0, 0, 0, 0, 0]
	 A0A011V8Y9	[0, 0, 0, 0, 0, 0, 0, 0, 0]
	 A0A011VMV7	[0, 0, 0, 0, 0, 0, 0, 0, 0]
	 A0A011VNE2	[0, 0, 0, 0, 0, 0, 0, 0, 0]
	 A0A011VSC9	[0, 0, 0, 0, 0, 0, 0, 0, 0]
	 A0A011VUV0	[0, 0, 0, 0, 0, 0, 0, 0, 0]
	 A0A011WSE5	[0, 0, 0, 0, 0, 0, 0, 0, 0]
	 A0A013T8M5	[0, 0, 0, 0, 0, 0, 0, 0, 0]
	 A0A013TEV4	[0, 0, 0, 0, 0, 0, 0, 0, 0]
	 A0A009NQA1	[0, 0, 0, 0, 0, 0, 0, 0, 0]
	 A0A009MMM3	[0, 0, 0, 0, 0, 0, 0, 0, 0]
	 A0A009N031	[0, 0, 0, 0, 0, 0, 0, 0, 0]
	 A0A009N123	[0, 0, 0, 0, 0, 0, 0, 0, 0]
	 A0A009MH90	[0, 0, 0, 0, 0, 0, 0, 0, 0]
	 A0A009Q3K7	[0, 0, 0, 0, 0, 0, 0, 0, 0]
	 A0A009QQ47	[0, 0, 0, 0, 0, 0, 0, 0, 0]
	 A0A009R2X0	[0, 0, 0, 0, 0, 0, 0, 0, 0]
	 A0A009R4N4	[0, 0, 0, 0, 0, 0, 0, 0, 0]
	 A0A009RBQ2	[0, 0, 0, 0, 0, 0, 0, 0, 0]
	 A0A009QVK8	[0, 0, 0, 0, 0, 0, 0, 0, 0]
	 A0A009T1I8	[0, 0, 0, 0, 0, 0, 0, 0, 0]
	 A0A009T3J5	[0, 0, 0, 0, 0, 0, 0, 0, 0]
	 A0A010IZE4	[0, 0, 0, 0, 0, 0, 0, 0, 0]
	 A0A010SPJ7	[0, 0, 0, 0, 0, 0, 0, 0, 0]
	 A0A010SSQ8	[0, 0, 0, 0, 0, 0, 0, 0, 0]
	 A0A010T025	[0, 0, 0, 0, 0, 0, 0, 0, 0]
	 A0A011A146	[0, 0, 0, 0, 0, 0, 0, 0, 0]
	 A0A011AIL7	[0, 0, 0, 0, 0, 0, 0, 0, 0]
	 A0A010ZJQ6	[0, 0, 0, 0, 0, 0, 0, 0, 0]
	 A0A010YJA7	[0, 0, 0, 0, 0, 0, 0, 0, 0]
	 A0A010YZS8	[0, 0, 0, 0, 0, 0, 0, 0, 0]
	 A0A010Z120	[0, 0, 0, 0, 0, 0, 0, 0, 0]
	 A0A011NMI8	[0, 0, 0, 0, 0, 0, 0, 0, 0]

 ### Operon type: 273

	 A0A010TG27	[593, 0, 73, 0, 0, 0, 523, 0, 0]

 ### Operon type: 274

	 A0A011PMK1	[0, 0, 0, 0, 0, 0, 0, 593, 0]

 ### Operon type: 275

	 A0A009HRU1	[0, 219, 0, 0, 0, 0, 0, 0, 0]

 ### Operon type: 276

	 A0A009HSN8	[0, 127, 0, 0, 0, -1, 0, 95, -1]

 ### Operon type: 277

	 A0A009HV82	[209, 0, 0, 0, 0, 0, 0, 0, 0]

 ### Operon type: 278

	 A0A009IG74	[0, 0, 411, 0, 410, -1, 0, 0, 0]

 ### Operon type: 279

	 A0A009IJ90	[0, 171, 0, 0, 0, 0, 0, 0, 0]

 ### Operon type: 280

	 A0A009ISE1	[438, 0, 553, 0, 0, -1, 0, 0, 0]

 ### Operon type: 281

	 A0A009NM94	[0, 653, 653, 0, 0, 0, 225, 0, 0]

 ### Operon type: 282

	 A0A009Q4N5	[0, 0, 122, 0, 0, 0, 0, 0, 0]

 ### Operon type: 283

	 A0A009SSZ9	[0, 470, 0, 0, 0, 0, 0, 0, 0]

 ### Operon type: 284

	 A0A009TBM2	[0, 0, 0, 0, 0, 0, 0, 0, 256]

 ### Operon type: 285

	 A0A009Q8S9	[0, 0, 562, 256, 0, 630, 0, 0, 0]

 ### Operon type: 286

	 A0A009YIH1	[0, 0, 0, 0, 169, 0, -1, -1, 20]

 ### Operon type: 287

	 A0A009YR05	[0, 0, 0, 0, 48, 0, 0, 0, 0]

 ### Operon type: 288

	 A0A009Z004	[26, 0, 26, 0, 0, 636, 0, 0, 0]

 ### Operon type: 289

	 A0A010IGH8	[0, 0, 0, 0, 0, 0, 0, 261, 0]

 ### Operon type: 290

	 A0A010JIN9	[363, 0, 0, 19, 428, 0, 0, 0, 0]

 ### Operon type: 291

	 A0A010RS09	[0, 0, 0, 0, 65, 0, 713, 713, 0]

 ### Operon type: 292

	 A0A010RUQ5	[0, 0, 0, 0, 0, 0, 0, 0, 83]

 ### Operon type: 293

	 A0A010S195	[640, 0, 7, 11, 0, 0, 0, 0, 0]

 ### Operon type: 294

	 A0A010SCZ2	[0, 0, 0, 0, 0, 0, 0, 163, 0]

 ### Operon type: 295

	 A0A010SN41	[0, 0, 0, 0, 158, 0, 0, 0, 0]

 ### Operon type: 296

	 A0A010SSU2	[0, 0, 0, 0, 217, 0, -1, 551, 0]

 ### Operon type: 297

	 A0A010SUP6	[0, 0, 0, 0, 0, 0, 0, 11, 0]

 ### Operon type: 298

	 A0A010SUY9	[0, 0, 0, 0, 0, 706, 708, 0]

 ### Operon type: 299

	 A0A010THK2	[0, 0, -1, 0, 0, 713, 636, 0, 0]

 ### Operon type: 300

	 A0A010SRL4	[73, 0, 0, -1, 0, 0, 0, 636, 188]

 ### Operon type: 301

	 A0A010YF95	[611, 0, 0, 0, 0, 0, 0, 0, 0]

 ### Operon type: 302

	 A0A010YT39	[0, 49, 0, 0, 0, 0, 0, 0, 0]

 ### Operon type: 303

	 A0A010YX61	[455, 684, 0, 675, 0, 0, 0, 0, 0]

 ### Operon type: 304

	 A0A010ZWJ8	[0, 0, 0, 0, 0, 552, 0, 0, 0]

 ### Operon type: 305

	 A0A009ZVR4	[658, 0, 684, 0, 0, 156, 0, 0, 0]

 ### Operon type: 306

	 A0A011AHW1	[0, 0, 0, 0, 0, 0, 0, 283, 0]

 ### Operon type: 307

	 A0A011NE37	[479, 0, 0, 0, 0, 0, 0, 0, 0]

 ### Operon type: 308

	 A0A011NF78	[0, 0, 502, 0, 0, 0, 0, 0, 0]

 ### Operon type: 309

	 A0A011NVE2	[0, 0, 0, 620, 0, 0, 642, 0, 633]

 ### Operon type: 310

	 A0A011NXJ4	[0, 0, 0, 0, 0, 0, 0, 0, 506]

 ### Operon type: 311

	 A0A011P8I1	[0, 0, 682, 684, 0, 0, 0, 0, 552]

 ### Operon type: 312

	 A0A011P9Q7	[549, 0, 0, 0, 0, 0, 0, 0, 0]

 ### Operon type: 313

	 A0A011PCT1	[0, 0, 0, 0, 0, 0, 0, 676, 0]

 ### Operon type: 314

	 A0A011PJ75	[0, 620, 574, 620, 0, 0, 0, 0, 0]

 ### Operon type: 315

	 A0A011PRB4	[0, 0, 0, 0, 0, 0, 0, 586, 0]

 ### Operon type: 316

	 A0A011Q5V7	[294, 0, 0, 0, 0, 0, 0, 0, 0]

 ### Operon type: 317

	 A0A011QU35	[0, 0, 0, 0, 304, 0, 0, 0, 0]

 ### Operon type: 318

	 A0A011QVT2	[303, 0, 0, 0, 0, 0, 0, 592, 0]

 ### Operon type: 319

	 A0A011RP14	[0, 0, 0, 0, 0, 0, 0, 660, 0]

 ### Operon type: 320

	 A0A011SM49	[642, 0, 660, 0, 0, 0, 641, 0, 0]

 ### Operon type: 321

	 A0A011AM27	[720, 0, 0, 0, 439, 0, 0, 0, 9]

 ### Operon type: 322

	 A0A011T607	[0, 0, 532, 0, 0, 0, 0, 0, 225]

 ### Operon type: 323

	 A0A010S5W8	[0, 0, 494, 532, 0, 0, 0, 0, 0]

 ### Operon type: 324

	 A0A011MSR2	[0, 0, 0, 494, 0, 0, 0, 600, 0]

 ### Operon type: 325

	 A0A010YYJ5	[0, 0, 0, 600, 0, 0, 0, 156, 156]

 ### Operon type: 326

	 A0A011TED9	[0, 0, 0, 0, 0, 228, 0, 0, 0]

 ### Operon type: 327

	 A0A011TXS5	[0, 639, 0, 0, 0, 0, 0, 0, 0]

 ### Operon type: 328

	 A0A011U144	[0, 83, 0, 0, 0, 0, 506, 447, 0]

 ### Operon type: 329

	 A0A011U1C8	[560, 0, 0, 0, 0, 0, 0, 0, 82]

 ### Operon type: 330

	 A0A011U483	[0, 0, 0, 0, 0, 559, 0, 0, 0]

 ### Operon type: 331

	 A0A011UDF3	[0, 0, 0, 0, 0, 719, 0, 0, 0]

 ### Operon type: 332

	 A0A011UG86	[0, 563, 0, 0, 0, 159, 0, 0, 0]

 ### Operon type: 333

	 A0A011UGY3	[0, 0, 0, 76, 0, 0, 0, 76, 0]

 ### Operon type: 334

	 A0A011UJN3	[0, 631, 0, 0, 0, 0, 0, 0, 0]

 ### Operon type: 335

	 A0A009INE0	[330, 0, 0, 0, 0, 0, 0, 574, 631]

 ### Operon type: 336

	 A0A011UQB5	[650, 629, 0, 0, 0, 0, 0, 628, 0]

 ### Operon type: 337

	 A0A011UVI5	[0, 0, 0, 0, 0, 621, 620, 620, 0]

 ### Operon type: 338

	 A0A011UWI3	[0, 0, 0, 0, 619, 0, 618, 640, 0]

 ### Operon type: 339

	 A0A011V5E6	[0, 0, 0, 0, 0, 237, 0, 0, 0]

 ### Operon type: 340

	 A0A011M4H6	[51, 0, 356, 0, 0, 0, 0, 0, 0]

 ### Operon type: 341

	 A0A011VSV3	[0, 0, 0, 0, 0, 0, 538, 0, 0]

 ### Operon type: 342

	 A0A011VWI0	[0, 0, 0, 0, 0, 75, 0, 0, 0]

 ### Operon type: 343

	 A0A011VZ91	[472, 0, 0, 0, 0, 0, 0, 0, 0]

 ### Operon type: 344

	 A0A011W213	[0, 0, 0, 0, 0, 515, 0, 0, 0]

 ### Operon type: 345

	 A0A011WP76	[0, 0, 0, 0, 0, 0, 0, 0, 314]

 ### Operon type: 346

	 A0A011WSD4	[0, 0, 0, -1, 0, 600, 0, 0, 268]

 ### Operon type: 347

	 A0A011VZF5	[0, 0, 233, 234, 0, 600, 268, 600, 0]

 ### Operon type: 348

	 A0A011WSU6	[0, 600, 0, 0, 235, 0, 0, 0, 0]

 ### Operon type: 349

	 A0A013S843	[0, 272, 0, 0, 0, 0, -1, 255, 0]

 ### Operon type: 350

	 A0A013S981	[378, 0, 0, 0, 0, 0, 0, 0, 0]

 ### Operon type: 351

	 A0A013T337	[0, 0, 0, 0, 0, 0, 0, 0, 374]

 ### Operon type: 352

	 A0A013T5E6	[0, 0, 0, 125, 0, 0, 0, 0, 0]

 ### Operon type: 353

	 A0A009I5Z6	[456, 0, 455, 454, 453, 534, 452, 560, 451]
	 A0A010KAV2	[456, 0, 0, 454, 453, 534, 452, 560, 451]
	 A0A013SGL3	[456, 244, 455, 454, 453, 534, 452, 560, 451]
	 A0A009RQH3	[456, 0, 0, 454, 453, 534, 452, 560, 451]
	 A0A009NE81	[456, 244, 455, 454, 453, 534, 452, 560, 451]

 ### Operon type: 354

	 A0A013TB41	[456, -1, 0, 0, 453, 534, 452, 560, 451]

 ### Operon type: 355

	 A0A009H3X4	[456, 0, 0, 0, 453, 534, -1, 713, -1]

 ### Operon type: 356

	 A0A009YL68	[0, 0, 560, 456, 453, 0, 0, 23, 0]

 ### Operon type: 357

	 A0A009T9H0	[0, 20, 562, -1, 0, 0, 218, 0, 219]

 ### Operon type: 358

	 A0A010THH5	[0, 161, 415, 621, 0, 0, 648, 0, 351]

 ### Operon type: 359

	 A0A011VZE3	[0, 0, 0, 523, 471, 0, 0, 0, 0]
	 A0A011WSH8	[0, 0, 0, 523, 471, 0, 0, 0, 0]

 ### Operon type: 360

	 A0A011NAF3	[0, 0, 0, 0, 0, 0, 523, 0, 568]

 ### Operon type: 361

	 A0A009IQ93	[189, 0, 523, 0, 0, 188, 0, 0, 0]

 ### Operon type: 362

	 A0A009TLU4	[0, 639, -1, 172, 0, 18, 0, -1, -1]

 ### Operon type: 363

	 A0A010JNG7	[463, 0, 0, 352, 0, 0, 0, 0, 0]

 ### Operon type: 364

	 A0A010S003	[536, 0, 0, 0, 0, 563, 563, 418, 0]

 ### Operon type: 365

	 A0A010SMN8	[0, -1, 8, 0, 358, 0, 0, 541, 0]

 ### Operon type: 366

	 A0A010SXS1	[0, 626, 0, 0, 0, 57, 0, 0, 592]

 ### Operon type: 367

	 A0A010T689	[9, -1, 648, 664, 0, 0, 0, 0, 0]

 ### Operon type: 368

	 A0A010TBB4	[0, 30, 0, 159, 0, 0, 0, 0, 560]

 ### Operon type: 369

	 A0A010YFK3	[0, 293, 0, 0, 0, 0, 46, 0, 82]

 ### Operon type: 370

	 A0A010YVY1	[2, 0, 2, 0, 0, 0, 0, 418, 0]

 ### Operon type: 371

	 A0A010Z7T4	[0, 0, 0, 0, 0, 0, 0, 408, 587]

 ### Operon type: 372

	 A0A010RRR9	[0, 0, 0, 0, 528, 0, 0, 353, 408]

 ### Operon type: 373

	 A0A010SIA7	[0, 0, 353, 160, 0, 0, 0, 0, 0]

 ### Operon type: 374

	 A0A010ZSZ2	[0, 627, 0, 287, 286, 0, 0, 0, 0]

 ### Operon type: 375

	 A0A010Z0Y7	[0, 0, 0, 0, 286, 205, 0, 0, 0]

 ### Operon type: 376

	 A0A010ZUR7	[285, 284, 0, 284, 0, 283, 418, 0, 0]

 ### Operon type: 377

	 A0A011A0M8	[0, 0, 636, 0, 414, 0, 0, 5, 5]

 ### Operon type: 378

	 A0A011NFL4	[0, 652, 0, 0, 689, 593, 0, 49, 0]

 ### Operon type: 379

	 A0A011P407	[0, 0, 561, 651, 0, 0, 560, 0, 559]

 ### Operon type: 380

	 A0A011QGT2	[523, 0, 0, 522, 521, 0, 0, 0, 0]

 ### Operon type: 381

	 A0A011QSA4	[308, 0, 307, 306, 0, 0, 0, 0, 502]

 ### Operon type: 382

	 A0A011T6J6	[0, 294, 0, 684, 0, 0, 230, 0, 229]

 ### Operon type: 383

	 A0A011TAL2	[0, 532, 0, 0, 0, 227, 0, 508, 0]

 ### Operon type: 384

	 A0A011TYT7	[0, 0, 0, 0, 0, 0, 638, 637, 637]

 ### Operon type: 385

	 A0A011TZG0	[636, 635, 0, 0, 0, 0, 0, 634, 0]

 ### Operon type: 386

	 A0A011Q6N5	[0, 0, 0, 0, 0, 0, 292, 635, 292]

 ### Operon type: 387

	 A0A011UII7	[0, 0, 0, 0, 0, 633, 632, 0, 0]

 ### Operon type: 388

	 A0A011UNT9	[630, 645, 0, 0, 0, 0, 0, 0, 0]

 ### Operon type: 389

	 A0A011SIS0	[0, 647, 646, 646, 0, 0, 0, 645, 0]

 ### Operon type: 390

	 A0A011UT49	[0, 627, 0, 0, 0, 0, 626, 625, 0]

 ### Operon type: 391

	 A0A011VU65	[77, 0, 0, 0, 0, 46, 0, 0, 0]

 ### Operon type: 392

	 A0A011VV03	[0, 285, 0, 0, 608, 51, 0, 0, 0]

 ### Operon type: 393

	 A0A011VVZ9	[0, 0, -1, 0, 0, 163, 45, 45, 644]

 ### Operon type: 394

	 A0A011VWX7	[592, 610, 0, 0, 0, 0, 0, 649, 0]

 ### Operon type: 395

	 A0A011VXK7	[653, 653, 0, 476, 0, 0, 0, 613, 0]

 ### Operon type: 396

	 A0A011W0I6	[59, 0, 0, 0, 0, 491, 0, 58, 0]

 ### Operon type: 397

	 A0A010YEF6	[0, 59, 0, 0, 0, 0, 0, 0, 10]

 ### Operon type: 398

	 A0A013SQH1	[0, 0, 0, 0, 158, 602, 0, 463, 484]

 ### Operon type: 399

	 A0A009LNU8	[173, 187, 615, 373, 0, 172, 0, 463, 0]

 ### Operon type: 400

	 A0A013SRG6	[372, 373, 615, 187, 0, 186, 0, 173, 185]

 ### Operon type: 401

	 A0A009IQU8	[0, 187, 0, 0, 0, 186, 185, 0, 0]

 ### Operon type: 402

	 A0A010K2K8	[615, 373, 372, 0, 0, 0, 0, -1, 463]

 ### Operon type: 403

	 A0A011NPR8	[0, 185, 0, 0, 0, 0, 162, 0, 0]

 ### Operon type: 404

	 A0A010SEA2	[295, 162, 161, 0, 0, 0, 0, 0, 0]

 ### Operon type: 405

	 A0A009ZIC0	[93, 32, 355, 118, 265, 359, 31, 30, 264]

 ### Operon type: 406

	 A0A009ZB47	[109, 60, 0, 0, 0, 600, 363, 0, 0]

 ### Operon type: 407

	 A0A010RM40	[377, 523, 357, 0, 0, 0, 0, -1, 556]

 ### Operon type: 408

	 A0A010RRQ6	[0, 356, 0, 0, 0, 358, 355, 354, 0]

 ### Operon type: 409

	 A0A010S423	[230, 0, 0, 0, 0, 0, 0, 618, 657]

 ### Operon type: 410

	 A0A010T0I7	[0, 0, 10, 0, 0, 682, 307, 523, 0]

 ### Operon type: 411

	 A0A011AHU9	[0, 0, 0, 0, 0, 0, 0, 3, 28]

 ### Operon type: 412

	 A0A010YY02	[0, 1, 0, 0, 1, 298, 22, 0, 3]

 ### Operon type: 413

	 A0A011NA78	[0, 487, 0, 0, 0, 486, 0, 0, 556]

 ### Operon type: 414

	 A0A011P8W7	[594, 561, 592, 0, 551, 0, 0, 0, 0]

 ### Operon type: 415

	 A0A011PG97	[541, 0, 0, 540, 0, 0, 0, 0, 0]

 ### Operon type: 416

	 A0A011PKT4	[0, 602, 0, 0, 0, 0, 617, 0, 0]

 ### Operon type: 417

	 A0A011PLB2	[0, 594, 0, 605, 0, 0, 0, 0, 0]

 ### Operon type: 418

	 A0A011R339	[0, 0, 0, 0, 0, 0, 221, 220, 0]

 ### Operon type: 419

	 A0A011SFE5	[0, 0, 0, 653, 0, 0, 652, 651, 650]

 ### Operon type: 420

	 A0A011SJT5	[0, 0, 0, 644, 643, 643, 643, 643, 643]

 ### Operon type: 421

	 A0A011TDQ5	[0, 0, 0, 0, 224, 492, 0, 0, 0]

 ### Operon type: 422

	 A0A011UG17	[141, 0, 473, 0, 78, 77, 0, 0, 0]

 ### Operon type: 423

	 A0A011V8Z7	[0, 0, 0, 0, 0, 55, 54, 0, 0]

 ### Operon type: 424

	 A0A011VT01	[0, 0, 47, 0, 0, 47, 0, 0, 144]

 ### Operon type: 425

	 A0A011VYP6	[0, 0, 0, 0, 0, 0, 473, 529, 0]

 ### Operon type: 426

	 A0A011V392	[477, 0, 586, 233, 234, 232, 0, 235, 236]

 ### Operon type: 427

	 A0A009Q0U9	[427, 426, 425, 0, 107, 106, -1, -1, 0]

 ### Operon type: 428

	 A0A010SRB2	[18, 13, 0, 0, 0, 13, 12, 0, 0]

 ### Operon type: 429

	 A0A011VJ76	[50, 50, 625, 49, 0, 523, 636, 0, 561]

 ### Operon type: 430

	 A0A013SKX6	[0, 0, 659, 0, 410, 410, 240, 239, 238]

 ### Operon type: 431

	 A0A010KA25	[363, 0, 648, 362, 407, 0, 0, 363, 361]

 ### Operon type: 432

	 A0A011WUA8	[291, 0, 0, 267, 0, 0, 0, 266, 266]

 ### Operon type: 433

	 A0A010S4X6	[0, 205, 357, 563, 367, 0, 514, 601, 713]

 ### Operon type: 434

	 A0A011U8C0	[0, 81, 80, 0, 616, 79, 0, 0, 0]
