
 ### Operon type: 1

	 A0A010ILU3	[833, 832, 831, 830, 829, 828, 827, 826, 825]
	 A0A009MW50	[833, 832, 831, 830, 829, 828, 827, 826, 825]
	 A0A009H3B0	[833, 832, 831, 830, 829, 828, 827, 826, 825]
	 A0A009QS71	[833, 832, 831, 830, 829, 828, 827, 826, 825]
	 A0A009QBR9	[833, 832, 831, 830, 829, 828, 826, 825, 83]
	 A0A009I8S2	[833, 832, 831, 830, 829, 828, 826, 825, 83]
	 A0A009TM70	[833, 832, 831, 830, 829, 828, 826, 825, 83]

 ### Operon type: 2

	 A0A013TH43	[429, 428, 751, 692, 427, 426, 425, 424, 704]
	 A0A009RAF0	[429, 428, 751, 692, 427, 426, 425, 424, 704]

 ### Operon type: 3

	 A0A011R7V7	[646, 588, 587, 586, 855, 585, 584, 583, 582]
	 A0A011PVT3	[646, 588, 587, 586, 855, 585, 584, 583, 582]
	 A0A011MET3	[646, 588, 587, 586, 855, 585, 584, 583, 582]

 ### Operon type: 4

	 A0A013SNJ8	[786, 396, 825, 395, 394, 393, 403, 392, 391]
	 A0A013RZW2	[786, 396, 825, 395, 394, 393, 403, 392, 391]
	 A0A009PH20	[786, 396, 825, 395, 394, 393, 403, 392, 391]
	 A0A009MMM3	[786, 396, 825, 395, 394, 393, 403, 392, 391]
	 A0A009IV03	[786, 396, 825, 395, 394, 393, 403, 392, 391]
	 A0A009HBT3	[786, 396, 825, 395, 394, 393, 403, 392, 391]
	 A0A009RD69	[786, 396, 825, 395, 394, 393, 403, 392, 391]
	 A0A009SIZ4	[786, 396, 825, 395, 394, 393, 403, 392, 391]
	 A0A010J9U3	[786, 396, 825, 395, 394, 393, 403, 392, 391]
	 A0A009YIZ0	[786, 396, 825, 395, 394, 393, 403, 392, 391]

 ### Operon type: 5

	 A0A009PH57	[260, 259, -1, 258, 257, 471, 305, 717, 256]
	 A0A009TG92	[260, 259, -1, 258, 257, 471, 305, 717, 256]

 ### Operon type: 6

	 A0A013S288	[513, 378, 377, 376, 393, 375, 374, 373, 372]
	 A0A009N031	[513, 378, 377, 376, 393, 375, 374, 373, 372]
	 A0A009PWG1	[513, 378, 377, 376, 393, 375, 374, 373, 372]
	 A0A009I0I9	[513, 378, 377, 376, 393, 375, 374, 373, 372]
	 A0A009R2X0	[513, 378, 377, 376, 393, 375, 374, 373, 372]
	 A0A013SXT2	[513, 378, 377, 376, 393, 375, 374, 373, 372]
	 A0A009SFX8	[513, 378, 377, 376, 55, 393, 375, 374, 373]
	 A0A010J3I1	[513, 378, 377, 376, 393, 375, 374, 373, 372]
	 A0A009TBM2	[378, 377, 376, 55, 393, 375, 374, 373, 372]

 ### Operon type: 7

	 A0A010IMP8	[817, 816, 815, 814, 813, 812, 811, 810, 809]
	 A0A013SZ54	[817, 816, 815, 814, 813, 812, 811, 810, 809]
	 A0A013T8M5	[817, 816, 815, 814, 813, 812, 811, 810, 809]
	 A0A009IRJ6	[817, 816, 815, 814, 813, 812, 811, 810, 809]
	 A0A009N123	[817, 816, 815, 814, 813, 812, 811, 810, 809]
	 A0A009Q3K7	[817, 816, 815, 814, 813, 812, 811, 810, 809]
	 A0A009H7U0	[817, 816, 815, 814, 813, 812, 811, 810, 809]
	 A0A009SWU0	[817, 816, 815, 814, 813, 812, 811, 810, 809]
	 A0A009RBQ2	[817, 816, 815, 814, 813, 812, 811, 810, 809]
	 A0A009ZM43	[-1, 816, 815, 814, 813, 812, 811, 810, 809]

 ### Operon type: 8

	 A0A013RMD0	[-1, 387, 857, 386, 385, 865, 384, 383, 382]
	 A0A009S854	[-1, 387, 857, 386, 385, 865, 384, 383, 382]
	 A0A009N9Z1	[-1, 387, 857, 386, 385, 865, 384, 383, 382]
	 A0A009H6M2	[-1, 387, 857, 386, 385, 865, 384, 383, 382]
	 A0A009QDV7	[-1, 387, 857, 386, 385, 865, 384, 383, 382]
	 A0A009IHQ3	[-1, 387, 857, 386, 385, 865, 384, 383, 382]
	 A0A009RG92	[-1, 387, 857, 386, 385, 865, 384, 383, 382]
	 A0A010JDA6	[-1, 387, 857, 386, 385, 865, 384, 383, 382]
	 A0A009ZIC0	[117, 387, 857, 386, 385, 865, 384, 383, 382]

 ### Operon type: 9

	 A0A011UIA1	[322, 321, 320, 319, 318, 317, 316, 315, 0]
	 A0A011V5V3	[0, 322, 321, 320, 319, 318, 317, 316, 315]

 ### Operon type: 10

	 A0A011NE72	[604, 603, 602, 601, 600, 599, 598, 597, 0]
	 A0A011PTE7	[604, 603, 602, 601, 600, 0, 599, 598, 597]

 ### Operon type: 11

	 A0A009I4A1	[175, 174, 861, 173, 172, 171, 170, 169, 168]
	 A0A010JWJ1	[175, 174, 861, 173, 172, 171, 170, 169, 168]

 ### Operon type: 12

	 A0A009QF22	[82, 81, 175, 0, 172, 171, 170, 169, 168]
	 A0A009TBY8	[82, 81, 175, 173, 172, 171, 170, 169, 168]

 ### Operon type: 13

	 A0A011NEY3	[596, 595, 594, 593, 593, 592, 591, 590, 0]

 ### Operon type: 14

	 A0A011PAN4	[595, 594, 0, 593, 593, 592, 591, 590, 489]

 ### Operon type: 15

	 A0A011RCD5	[596, 595, 594, 593, 593, 592, 591, 590, 489]

 ### Operon type: 16

	 A0A011NAY5	[617, 616, 615, 614, 613, 612, 611, 610, 0]
	 A0A011P4U7	[0, 617, 616, 615, 614, 613, 612, 611, 610]

 ### Operon type: 17

	 A0A011NW66	[685, 684, 683, 682, 681, 655, 0, 0, 0]
	 A0A011NBX7	[685, 684, 683, 682, 681, 655, 0, 0, 0]
	 A0A011PF67	[685, 684, 683, 682, 681, 0, 0, 0, 0]

 ### Operon type: 18

	 A0A011NS68	[685, 684, 683, 682, 681, 680, 679, 678, 677]
	 A0A011RHX4	[685, 684, 683, 682, 681, 680, 679, 678, 0]

 ### Operon type: 19

	 A0A010YT39	[0, 64, 21, 856, 20, 19, 18, 17, 355]

 ### Operon type: 20

	 A0A010Z7T4	[21, 856, 20, 19, 18, 17, 355, 853, 447]

 ### Operon type: 21

	 A0A013SP43	[405, 404, 403, 402, 401, 400, 399, 398, 397]
	 A0A009RUN3	[405, 404, 403, 402, 401, 400, 399, 398, 397]
	 A0A010K6G6	[405, 404, 403, 402, 401, 400, 399, 0, 397]

 ### Operon type: 22

	 A0A011VWR4	[0, 0, 0, 0, 225, 224, 223, 222, 221]

 ### Operon type: 23

	 A0A011VYP6	[225, 224, 223, 222, 221, 0, 220, 586, 0]

 ### Operon type: 24

	 A0A011NEQ1	[0, 644, 643, 642, 641, 640, 722, 639, 638]
	 A0A011QAS2	[0, 644, 643, 642, 641, 640, 722, 639, 638]

 ### Operon type: 25

	 A0A010JSI3	[872, 873, 871, 870, 869, 868, 867, 866, 0]
	 A0A013T0M4	[872, 873, 871, 870, 869, 868, 867, 866, 0]
	 A0A009HDS5	[872, 873, 871, 870, 869, 868, 867, 866, 146]
	 A0A009RGL2	[872, 873, 871, 870, 869, 868, 867, 866, 146]

 ### Operon type: 26

	 A0A009SNL0	[130, 129, 356, 287, 286, 285, 284, 283, 282]

 ### Operon type: 27

	 A0A009T1I8	[356, 287, 286, 285, 284, 283, 282, 0, 0]

 ### Operon type: 28

	 A0A011VW71	[0, 207, 206, 205, 204, 203, 202, 741, 340]
	 A0A011VUV0	[207, 206, 205, 204, 203, 202, 741, 340, 0]

 ### Operon type: 29

	 A0A011UG71	[104, 109, 103, 201, 200, 199, 198, 197, 196]

 ### Operon type: 30

	 A0A011V8Z7	[0, 0, 104, 109, 103, 201, 200, 199, 198]

 ### Operon type: 31

	 A0A011V8Y9	[201, 200, 199, 198, 197, 196, 0, 0, 0]

 ### Operon type: 32

	 A0A011U8C0	[0, 199, 109, 0, 713, 197, 0, 0, 0]

 ### Operon type: 33

	 A0A011QSF0	[0, 538, 537, 536, 535, 534, 533, 618, 0]
	 A0A011QBB5	[525, 538, 537, 536, 535, 534, 533, 618, 524]
	 A0A011Q0X6	[525, 538, 537, 536, 535, 534, 533, 618, 524]
	 A0A011Q1X8	[538, 0, 537, 536, 535, 534, 533, 618, 524]

 ### Operon type: 34

	 A0A011PG87	[525, 538, 537, 536, 535, 534, 533, 0, 0]

 ### Operon type: 35

	 A0A011PCT1	[529, 528, 762, 0, 0, 0, 0, 758, 0]

 ### Operon type: 36

	 A0A011QU35	[0, 0, 0, 0, 764, 0, 529, 528, 762]

 ### Operon type: 37

	 A0A011Q2B1	[530, 486, 764, 763, 762, 761, 760, 759, 758]

 ### Operon type: 38

	 A0A011RLN8	[766, 765, 764, 763, 762, 761, 760, 759, 758]

 ### Operon type: 39

	 A0A011P700	[0, 0, 532, 531, 530, 486, 764, 763, 762]

 ### Operon type: 40

	 A0A011QSI4	[0, 0, 532, 531, 530, 0, 766, 765, 764]

 ### Operon type: 41

	 A0A013T337	[619, 862, 444, 443, 442, 688, 441, 805, 440]
	 A0A013TH30	[619, 862, 444, 443, 442, 688, 441, 805, 440]
	 A0A013S981	[367, 619, 862, 444, 443, 442, 688, 441, 805]

 ### Operon type: 42

	 A0A010JY00	[367, 619, 862, 444, 79, 688, 441, 805, 440]

 ### Operon type: 43

	 A0A013TPV4	[417, 416, 415, 414, 413, 412, 735, 861, 411]
	 A0A009SZB5	[417, 416, 415, 414, 413, 412, 735, 861, 411]
	 A0A009MGJ1	[417, 416, 415, 414, 413, 412, 735, 861, 411]
	 A0A009QQ47	[417, 416, 415, 414, 413, 412, 735, 861, 411]
	 A0A009HL81	[417, 416, 415, 414, 413, 412, 735, 861, 411]
	 A0A009HR98	[417, 416, 415, 414, 413, 412, 735, 861, 411]
	 A0A010IZE4	[417, 416, 415, 414, 413, 412, 735, 861, 411]

 ### Operon type: 44

	 A0A009Z8F7	[416, 415, 412, 0, 413, 273, 273, 0, 272]

 ### Operon type: 45

	 A0A009R016	[121, 120, 119, 118, 117, -1, 852, 116, 115]
	 A0A009HFU9	[121, 120, 119, 118, 117, 852, 116, 115, 0]

 ### Operon type: 46

	 A0A011UJN3	[0, 803, 0, 0, 701, 700, 699, 698, 697]

 ### Operon type: 47

	 A0A011W213	[701, 700, 699, 698, 697, 671, 0, 0, 0]

 ### Operon type: 48

	 A0A011QIT1	[564, 563, 562, 561, 560, 559, 558, 557, 556]
	 A0A011QUG8	[564, 563, 562, 561, 560, 559, 0, 558, 557]

 ### Operon type: 49

	 A0A011NVE7	[670, 669, 668, 667, 666, 665, 664, 663, 662]
	 A0A011PP01	[670, 669, 668, 667, 666, 665, 664, 663, 662]

 ### Operon type: 50

	 A0A011N9N8	[622, 621, 620, 662, 663, 664, 665, 666, 667]
	 A0A011P2I4	[622, 621, 620, 662, 663, 664, 665, 666, 667]

 ### Operon type: 51

	 A0A011PIY7	[469, 0, 620, 662, 663, 664, 665, 0, 667]

 ### Operon type: 52

	 A0A011Q3J4	[0, 469, 620, 662, 663, 664, 665, 666, 0]

 ### Operon type: 53

	 A0A011MH88	[289, 469, 620, 662, 663, 664, 665, 666, 667]

 ### Operon type: 54

	 A0A013SPM5	[438, 437, 436, 435, 434, 433, 432, 431, 430]
	 A0A009QFZ7	[438, 437, 436, 435, 434, 433, 432, 431, 430]
	 A0A009MH71	[438, 437, 436, 435, 434, 433, 432, 431, 430]
	 A0A009I6Z0	[438, 437, 436, 435, 434, 433, 432, 431, 430]
	 A0A009HSL1	[438, 437, 436, 435, 434, 433, 432, 431, 430]
	 A0A010IX62	[438, 437, 436, 435, 434, 433, 432, 431, 430]
	 A0A009TK03	[438, 437, 436, 435, 434, 433, 432, 431, 430]

 ### Operon type: 55

	 A0A009ZIX8	[0, 32, 436, 435, 434, 454, 0, 430, 0]

 ### Operon type: 56

	 A0A010JJN4	[850, 849, 848, 847, 846, 845, 844, 843, 842]
	 A0A013TPR7	[850, 849, 848, 847, 846, 845, 844, 843, 842]
	 A0A009PMT3	[850, 849, 848, 847, 846, 845, 844, 843, 842]
	 A0A009NI48	[850, 849, 848, 847, 846, 845, 844, 843, -1]
	 A0A009SEP4	[850, 849, 848, 847, 846, 0, 845, 844, 0]
	 A0A009RMI1	[850, 849, 848, 847, 846, 845, 844, 843, 0]
	 A0A009HJJ5	[850, 849, 848, 847, 846, 845, 844, 843, 80]
	 A0A009I8I7	[850, 849, 848, 847, 846, 845, 844, 843, 80]
	 A0A009YG45	[0, 850, 849, 848, 846, 0, 845, 844, 843]

 ### Operon type: 57

	 A0A013TPQ9	[423, 422, 421, 420, 419, 861, 807, 418, 623]
	 A0A013S8F0	[423, 422, 421, 420, 419, 861, 807, 418, 623]
	 A0A009PMU2	[423, 422, 421, -1, 419, 861, 807, 418, 623]
	 A0A009SZ84	[423, 422, 421, 420, 419, 861, 807, 418, 623]
	 A0A009HJM0	[423, 422, 421, 420, 419, 861, 807, 418, 623]
	 A0A010IZH1	[-1, 422, 421, 420, 419, 861, 807, 418, 623]

 ### Operon type: 58

	 A0A009HUS9	[422, 421, 0, 420, 419, 191, -1, 192, 193]

 ### Operon type: 59

	 A0A009ISE1	[845, 844, 843, 193, 192, -1, 191, 419, 420]

 ### Operon type: 60

	 A0A009NPS1	[423, 422, 421, 420, 419, -1, 843, 844, 845]

 ### Operon type: 61

	 A0A013SB36	[366, 365, 364, 363, 362, 650, 649, 361, 360]
	 A0A009QSI3	[366, 365, 364, 363, 362, 650, 649, 361, -1]

 ### Operon type: 62

	 A0A010ITP2	[366, 365, 364, 363, 362, 650, 649, 0, 0]

 ### Operon type: 63

	 A0A009SII9	[-1, 365, 364, 363, 362, 650, 649, 291, 290]

 ### Operon type: 64

	 A0A009T0Q9	[362, 650, 649, 291, 290, 360, 289, 861, 288]

 ### Operon type: 65

	 A0A009YJF4	[0, 650, 649, 47, 46, 289, 861, 0, 288]

 ### Operon type: 66

	 A0A009GP96	[0, 74, 861, 853, 73, 52, 852, 72, 71]

 ### Operon type: 67

	 A0A009GSR4	[853, 73, 52, 852, 72, 71, 71, 70, 0]

 ### Operon type: 68

	 A0A009IIT6	[74, 861, 853, 73, 72, 71, 71, 70, 0]

 ### Operon type: 69

	 A0A011SQL0	[716, 715, -1, 714, 713, 712, 711, 710, 709]
	 A0A011UZ49	[715, -1, 714, 713, 712, 711, 710, 709, 0]

 ### Operon type: 70

	 A0A009PT82	[621, 526, 250, 249, 248, 247, 246, 245, 270]
	 A0A009SIF9	[621, 526, 250, 249, 248, 247, 246, 245, 270]

 ### Operon type: 71

	 A0A009IS10	[341, 0, 0, 0, 248, 247, 246, 0, 0]

 ### Operon type: 72

	 A0A009QHW5	[0, 0, 0, 833, 248, 247, 246, 0, 271]

 ### Operon type: 73

	 A0A011UVB4	[0, 0, 0, 342, 0, 0, 341, 0, 340]

 ### Operon type: 74

	 A0A011V107	[328, -1, 508, 506, 509, 505, 327, 326, 0]
	 A0A011U7M7	[0, 328, -1, 508, 506, 509, 505, 327, 326]

 ### Operon type: 75

	 A0A011TLH0	[510, 509, 508, 507, 506, 505, 0, 0, 0]

 ### Operon type: 76

	 A0A011UG87	[502, 503, 504, 510, 509, 508, 507, 506, 505]

 ### Operon type: 77

	 A0A011TLH7	[504, 503, 502, 0, 0, 0, 0, 0, 0]

 ### Operon type: 78

	 A0A011TAF9	[0, 0, 521, 520, 519, 518, 517, 516, 515]
	 A0A011TWN2	[521, 520, 519, 518, 517, 516, 515, 0, 0]

 ### Operon type: 79

	 A0A011Q5V7	[464, 0, 0, 0, 757, 756, 755, 754, 753]

 ### Operon type: 80

	 A0A011RM25	[757, 756, 755, 754, 753, 752, 0, 751, 0]

 ### Operon type: 81

	 A0A011QIE8	[570, 569, 568, 807, 567, 566, 565, 0, 0]
	 A0A011QDV3	[570, 569, 568, 807, 567, 566, 526, 0, 565]

 ### Operon type: 82

	 A0A011QAB0	[636, 462, 461, 0, 460, 622, 740, 459, 0]
	 A0A011PL71	[449, 636, 462, 461, 460, 622, 740, 459, 0]

 ### Operon type: 83

	 A0A011Q6N5	[726, 725, 724, 0, 0, 0, 463, 705, 463]

 ### Operon type: 84

	 A0A011SGD5	[0, 0, 0, 0, 0, 0, 726, 725, 724]

 ### Operon type: 85

	 A0A011NYU6	[473, 472, 0, 471, 501, 457, 456, 0, 470]

 ### Operon type: 86

	 A0A011PYI6	[473, 472, 0, 471, 501, 470, 860, 728, 0]

 ### Operon type: 87

	 A0A011P1C0	[0, 0, 457, 456, 470, 0, 0, 0, 0]

 ### Operon type: 88

	 A0A011N4G4	[0, 0, 630, 629, 628, 627, 628, 626, 625]
	 A0A011PKU5	[630, 629, 628, 627, 628, 626, 625, 0, 0]

 ### Operon type: 89

	 A0A010ZWJ8	[11, 10, 9, 447, 8, 485, 494, 485, 7]

 ### Operon type: 90

	 A0A011AHW1	[8, 447, 9, 10, 11, 0, 0, 12, 0]

 ### Operon type: 91

	 A0A011AHU9	[494, 485, 7, 0, 0, 0, 0, 14, 289]

 ### Operon type: 92

	 A0A010ZX98	[6, 5, 4, 3, 2, 22, 807, 807, 0]

 ### Operon type: 93

	 A0A011AIL7	[2, 3, 4, 5, 6, 0, 0, 0, 0]

 ### Operon type: 94

	 A0A010YF95	[465, 28, 558, 27, 26, 26, 25, 702, 24]

 ### Operon type: 95

	 A0A010ZJQ6	[28, 558, 27, 26, 26, 25, 702, 24, 0]

 ### Operon type: 96

	 A0A009GXL8	[50, 49, 48, 47, 46, 173, 152, 151, 150]

 ### Operon type: 97

	 A0A010JIW7	[50, 49, 48, 47, 46, 0, 0, 152, 151]

 ### Operon type: 98

	 A0A011QNA5	[0, 553, 552, 551, 0, 824, 823, 822, 821]
	 A0A009ZLJ7	[821, 822, 823, 824, 0, 0, 553, 552, 551]

 ### Operon type: 99

	 A0A013T0T6	[824, 823, 822, 821, 820, 819, 446, 818, 445]
	 A0A009ISY0	[824, 823, 822, 821, 820, 190, 446, 818, 445]
	 A0A009HAX1	[824, 823, 822, 821, 820, 819, 446, 818, 445]
	 A0A009RMD0	[824, 823, 822, 821, 820, 190, 446, 818, 445]
	 A0A009QMH5	[824, 823, 822, 821, 820, 819, 446, 818, 445]
	 A0A009PE10	[824, 823, 822, 821, 820, 190, 446, 818, -1]

 ### Operon type: 100

	 A0A010ILW6	[824, 823, 822, 821, 820, 819, 0, 0, 818]

 ### Operon type: 101

	 A0A009Z9X7	[823, 822, 821, 0, 820, 0, 527, 0, 818]

 ### Operon type: 102

	 A0A013S8V2	[370, 369, 0, 0, 0, 368, 0, 0, 0]
	 A0A009R8E1	[0, 455, 0, 370, 369, 0, 0, 368, 0]

 ### Operon type: 103

	 A0A009ICH6	[786, 238, 237, 236, 79, 78, 77, 76, 805]
	 A0A009ZFR5	[786, 238, 237, 236, 79, 78, 77, 76, 805]

 ### Operon type: 104

	 A0A009NQA1	[786, 238, 237, 236, 235, 234, 444, 805, 688]
	 A0A009RR21	[786, 238, 237, 236, 235, 234, 444, 805, 688]

 ### Operon type: 105

	 A0A009HTN9	[786, 238, 237, 236, 235, 234, 54, 802, 53]
	 A0A009T3J5	[786, 238, 237, 236, 235, 234, 54, 802, 53]

 ### Operon type: 106

	 A0A009Q0U9	[786, 238, 237, 236, 235, 234, -1, -1, 0]

 ### Operon type: 107

	 A0A009IPC3	[139, 138, 161, 162, 163, 137, 136, 145, 144]
	 A0A009QEG7	[139, 138, 161, 162, 163, 137, 136, 145, 144]

 ### Operon type: 108

	 A0A009I573	[167, 0, 166, 165, 0, 164, 163, 162, 161]

 ### Operon type: 109

	 A0A009ILP9	[145, 0, 161, 162, 163, 164, 144, 165, 166]

 ### Operon type: 110

	 A0A009I953	[145, 0, 161, 162, 163, 164, 144, 0, -1]

 ### Operon type: 111

	 A0A009SX74	[479, 677, 0, 165, 144, 145, 138, 139, 180]

 ### Operon type: 112

	 A0A010IPH1	[801, 800, 799, 798, 797, 796, 795, 794, 793]
	 A0A009MMG9	[801, 800, 799, 798, 797, 796, 795, 794, 793]
	 A0A009QVK8	[801, 800, 799, 798, 797, 796, 795, 794, 793]
	 A0A009ICP5	[801, 800, 799, 798, 797, 796, 795, 794, 793]

 ### Operon type: 113

	 A0A009QLL2	[278, 279, 280, 114, 797, 796, 795, 794, 793]
	 A0A009SIV4	[278, 279, 280, 114, 797, 796, 795, 794, 793]
	 A0A009HTW0	[278, 279, 280, 114, 797, 796, 795, 794, 793]
	 A0A013TSJ4	[279, 280, 0, 114, 797, 796, 795, 794, 793]

 ### Operon type: 114

	 A0A010ITG1	[830, 772, 771, 770, 769, 768, 767, 861, 807]
	 A0A013TCN9	[830, 772, 771, 770, 769, 768, 767, 861, 807]
	 A0A009NIJ3	[830, 772, 771, 770, 769, 768, 767, 861, 807]
	 A0A009QNC9	[830, 772, 771, 770, 769, 768, 767, 861, 807]
	 A0A013TRC1	[830, 772, 771, 770, 769, 768, 767, 861, 807]

 ### Operon type: 115

	 A0A009H935	[0, 0, 771, 770, 769, 768, 767, 861, 807]

 ### Operon type: 116

	 A0A009IMX3	[792, 791, 790, 789, 788, 141, 141, 728, 140]
	 A0A009QEX0	[792, 791, 790, 789, 788, 141, 141, 728, 140]
	 A0A009SF48	[792, 791, 790, 789, 788, -1, 141, 728, 140]

 ### Operon type: 117

	 A0A010ISX2	[792, 791, 790, 789, 788, 787, 786, 785, 784]
	 A0A013S7V1	[792, 791, 790, 789, 788, 787, 786, 785, 784]
	 A0A009MR00	[792, 791, 790, 789, 788, 787, 786, 785, 784]
	 A0A009RES7	[792, 791, 790, 789, 788, 787, 786, 785, 784]

 ### Operon type: 118

	 A0A009YTT3	[31, 117, 790, 789, 788, 787, 786, 785, 784]

 ### Operon type: 119

	 A0A009GYP9	[0, 0, 0, 789, 788, 787, 786, 785, 784]

 ### Operon type: 120

	 A0A009ZZC8	[-1, 129, 130, 31, 117, 790, 789, 788, 787]

 ### Operon type: 121

	 A0A011UGX8	[215, 214, 213, 212, 211, 210, 209, 101, 100]
	 A0A011WSE5	[214, 213, 212, 211, 210, 209, 101, 100, 352]

 ### Operon type: 122

	 A0A011VZG0	[351, 0, 215, 214, 213, 212, 211, 210, 209]

 ### Operon type: 123

	 A0A009PJF7	[274, 275, 275, 276, 255, 277, 254, 253, 252]
	 A0A009SJZ7	[342, 274, 275, 276, 255, 277, 254, 253, 252]

 ### Operon type: 124

	 A0A009Z5G0	[277, 276, 275, 0, 719, 274, 342, 389]

 ### Operon type: 125

	 A0A010JJC1	[841, 840, 839, 838, 837, 836, 835, 851, 834]
	 A0A010IZ41	[840, 839, 838, 837, 836, 835, 851, 834, 403]

 ### Operon type: 126

	 A0A009QJL6	[841, 840, 839, 838, 0, 834, 403, 98, 0]

 ### Operon type: 127

	 A0A013TB41	[410, -1, 409, 408, 407, 621, 800, 783, 406]
	 A0A013SGL3	[410, 359, 409, 408, 407, 621, 800, 783, 406]
	 A0A009PG53	[410, 359, 409, 408, 407, 621, 800, 783, 406]
	 A0A009I5Z6	[410, 359, 409, 408, 407, 621, 800, 783, 406]
	 A0A009NE81	[410, 359, 409, 408, 407, 621, 800, 783, 406]
	 A0A009RQH3	[410, 359, 409, 408, 407, 621, 800, 783, 406]
	 A0A010KAV2	[410, 359, 409, 408, 407, 621, 800, 783, 406]
	 A0A009SHB3	[410, 359, 409, 408, 407, 621, 800, 783, 406]

 ### Operon type: 128

	 A0A009H3X4	[410, 359, 409, 408, 407, 621, -1, 863, -1]

 ### Operon type: 129

	 A0A009PIB4	[0, 0, 0, 244, 335, 243, 852, 861, 622]
	 A0A009SLR5	[0, 0, 0, 244, 335, 243, 852, 861, 622]

 ### Operon type: 130

	 A0A009HSU4	[0, 0, 706, 861, 0, 621, 783, 622, 852]

 ### Operon type: 131

	 A0A009I463	[736, 177, 176, 393, 393, 355, 354, 353, 233]
	 A0A009PAG1	[736, 177, 176, 393, 393, 355, 354, 353, 233]

 ### Operon type: 132

	 A0A013SKX6	[0, 0, 736, 0, 393, 393, 355, 354, 353]

 ### Operon type: 133

	 A0A011Q5S3	[556, 468, 0, 0, 0, 0, 467, 466, 465]

 ### Operon type: 134

	 A0A011UZZ4	[0, 467, 466, 0, 0, 0, 333, 333, 465]

 ### Operon type: 135

	 A0A011UTJ0	[0, 0, 0, 347, 346, 345, 612, 344, 343]

 ### Operon type: 136

	 A0A011VMV7	[347, 346, 345, 612, 344, 343, 314, 313, 312]

 ### Operon type: 137

	 A0A011NYT4	[859, 653, 652, 843, 0, 651, 651, 650, 649]

 ### Operon type: 138

	 A0A011P8E9	[0, 0, 859, 653, 0, 652, 843, 0, 0]

 ### Operon type: 139

	 A0A010TF34	[0, -1, 0, 0, 90, 89, 88, 87, 86]
	 A0A010SYH9	[90, 89, 88, 87, 86, 0, 0, 0, 0]

 ### Operon type: 140

	 A0A010TFJ4	[0, -1, 0, 95, 94, 93, 92, -1, 91]
	 A0A010S7A1	[95, 94, 93, 92, 0, 91, 0, 0, 0]

 ### Operon type: 141

	 A0A009PAV9	[85, -1, 799, 84, 393, 852, 126, 127, 128]
	 A0A009HJC2	[85, 807, 799, 84, 393, 852, 126, 127, 128]

 ### Operon type: 142

	 A0A009SE02	[0, 128, 0, 0, 0, 127, 126, 852, 393]

 ### Operon type: 143

	 A0A009SYU8	[783, 786, 782, 781, 261, 861, 861, 779, 778]
	 A0A009RSB7	[783, 786, 782, 781, 261, 861, 861, 779, 778]
	 A0A009HS41	[783, 786, 782, 781, 261, 861, 861, 779, 778]

 ### Operon type: 144

	 A0A010IT25	[783, 786, 782, 781, 780, 861, 861, 779, 778]
	 A0A013SHA9	[783, 786, 782, 781, 780, 861, 861, 779, 778]
	 A0A009I466	[783, 786, 782, 781, 780, 861, 861, 779, 778]

 ### Operon type: 145

	 A0A009NMQ9	[783, 786, 782, 781, 780, 0, 861, 861, 779]

 ### Operon type: 146

	 A0A009P8A9	[0, 0, 782, 781, 261, 861, 861, 779, 778]

 ### Operon type: 147

	 A0A009ITT8	[189, 188, 187, 292, 304, 302, 301, 300, 299]
	 A0A009NJ90	[189, 188, 187, 292, 304, 303, 302, 301, 300]

 ### Operon type: 148

	 A0A009IJ01	[301, 300, 299, 298, 296, 182, 181, 179, 178]
	 A0A009NCH6	[183, 301, 300, 299, 296, 182, 181, 179, 178]

 ### Operon type: 149

	 A0A009RQL5	[301, 300, 299, 122, 296, 182, 181, 179, 0]

 ### Operon type: 150

	 A0A009MGQ8	[304, 0, 183, 301, 300, 299, 296, 182, 181]

 ### Operon type: 151

	 A0A009S6G1	[295, 294, 293, 292, 304, 301, 300, 299, 296]
	 A0A009RHH7	[295, 294, 293, 292, 304, 303, 301, 300, 299]
	 A0A009IJ07	[295, 294, 293, 292, 304, 301, 300, 299, 298]

 ### Operon type: 152

	 A0A009HZK2	[293, 292, 304, 301, 300, 299, 298, 296, 182]

 ### Operon type: 153

	 A0A009R4N4	[292, 304, 303, 301, 300, 299, 122, 296, 182]

 ### Operon type: 154

	 A0A009S5A5	[304, 303, 302, 301, 300, 299, 298, 297, 296]

 ### Operon type: 155

	 A0A009RHH9	[0, 0, 0, 0, 311, 295, 294, 293, 292]

 ### Operon type: 156

	 A0A011PGU1	[0, 0, 478, 546, 545, 544, 477, 476, 475]
	 A0A011MDH1	[645, 0, 478, 546, 545, 544, 477, 476, 475]

 ### Operon type: 157

	 A0A011V0P4	[580, 332, 0, 0, 331, 0, 0, 330, 329]

 ### Operon type: 158

	 A0A011WPV7	[330, 329, 0, 0, 0, 0, 0, 0, 0]

 ### Operon type: 159

	 A0A011UDF3	[546, 108, 0, 0, 0, 499, 107, 106, 541]

 ### Operon type: 160

	 A0A011VSC9	[107, 106, 541, 0, 0, 0, 0, 0, 0]

 ### Operon type: 161

	 A0A011SF89	[733, 732, 731, 0, 0, 0, 0, 0, 0]

 ### Operon type: 162

	 A0A011UCX7	[0, 636, 733, 732, 0, 731, 135, 0, 0]

 ### Operon type: 163

	 A0A011RNP9	[0, 0, 0, 0, 0, 741, 740, 0, 0]

 ### Operon type: 164

	 A0A011V0B5	[736, 0, 0, 0, 0, 0, 741, 0, 0]

 ### Operon type: 165

	 A0A011RQC9	[0, 736, 735, 0, 0, 0, 0, 734, 0]

 ### Operon type: 166

	 A0A011QG28	[548, 547, 546, 0, 545, 544, 816, 543, 542]
	 A0A011RIM8	[548, 547, 0, 0, 545, 544, 816, 543, 542]

 ### Operon type: 167

	 A0A011PHI6	[493, 0, 572, 0, 0, 571, 561, 676, 0]

 ### Operon type: 168

	 A0A011QI68	[0, 0, 572, 571, 0, 0, 0, 0, 0]

 ### Operon type: 169

	 A0A011NVJ6	[661, 660, 659, 658, 657, 802, 0, 0, 656]

 ### Operon type: 170

	 A0A011PVP2	[0, 660, 659, 658, 657, 802, 0, 0, 646]

 ### Operon type: 171

	 A0A011NXY7	[0, 0, 659, 0, 657, 0, 0, 0, 0]

 ### Operon type: 172

	 A0A011NUB4	[673, 690, 805, 672, 689, 688, 0, 671, 0]
	 A0A011QR69	[673, 690, 805, 672, 689, 688, 0, 0, 0]

 ### Operon type: 173

	 A0A011NN36	[690, 805, 0, 0, 689, 688, 0, 0, 0]

 ### Operon type: 174

	 A0A011PK69	[805, 452, 0, 0, 689, 688, 0, 0, 0]

 ### Operon type: 175

	 A0A011RMI6	[750, 749, 748, 747, 746, 745, 744, 743, 742]
	 A0A011NYD6	[750, 749, 748, 747, 746, 745, 744, 743, 742]

 ### Operon type: 176

	 A0A011QB28	[458, 750, 749, 0, 0, 745, 744, 743, 742]

 ### Operon type: 177

	 A0A011NF33	[0, 745, 744, 0, 0, 0, 0, 0, 0]

 ### Operon type: 178

	 A0A011NBY4	[606, 0, 0, 695, 0, 0, 605, 0, 0]

 ### Operon type: 179

	 A0A011WRT0	[606, 0, 0, 0, 0, 0, 0, 728, 0]

 ### Operon type: 180

	 A0A011SHV5	[0, 0, 0, 0, 0, 723, 728, 841, 0]

 ### Operon type: 181

	 A0A011NB95	[0, 609, 0, 0, 0, 0, 799, 608, 607]

 ### Operon type: 182

	 A0A011UHT4	[98, 208, 608, 0, 0, 97, 97, 607, 0]

 ### Operon type: 183

	 A0A010Z1W7	[0, 0, 0, 0, 0, 37, 0, 226, 227]

 ### Operon type: 184

	 A0A011VY84	[0, 0, 227, 226, 0, 0, 0, 0, 0]

 ### Operon type: 185

	 A0A010YW85	[0, 0, 0, 0, 0, 348, 0, 226, 227]

 ### Operon type: 186

	 A0A010ZMA0	[226, 624, 0, 0, 0, 0, 0, 0, 0]

 ### Operon type: 187

	 A0A011N5L2	[0, 0, 0, 624, 0, 623, 842, 0, 0]

 ### Operon type: 188

	 A0A009MJ75	[0, 0, 233, 232, 231, 0, 0, 0, 853]

 ### Operon type: 189

	 A0A010IH51	[0, 793, 0, 0, 231, 0, 853, 0, 0]

 ### Operon type: 190

	 A0A011TYT7	[0, 0, 0, 0, 0, 0, 793, 707, 707]

 ### Operon type: 191

	 A0A010RRR9	[0, 0, 0, 0, 855, 0, 0, 854, 853]

 ### Operon type: 192

	 A0A010SIA7	[0, 0, 854, 92, 0, 0, 0, 0, 0]

 ### Operon type: 193

	 A0A010RFQ9	[0, 0, 865, 0, 864, 0, 0, 0, 0]

 ### Operon type: 194

	 A0A010SPR9	[35, 35, 0, 0, 0, 864, 0, 0, 0]

 ### Operon type: 195

	 A0A009LNU8	[186, 195, 711, 185, 0, 184, 0, 852, 0]

 ### Operon type: 196

	 A0A013SRG6	[69, 185, 711, 195, 0, 194, 0, 186, 687]

 ### Operon type: 197

	 A0A009IQU8	[0, 195, 0, 0, 0, 194, 687, 0, 0]

 ### Operon type: 198

	 A0A010K2K8	[711, 185, 69, 0, 0, 0, 0, -1, 852]

 ### Operon type: 199

	 A0A011NPR8	[0, 687, 0, 0, 0, 0, 686, 0, 0]

 ### Operon type: 200

	 A0A010SEA2	[468, 686, 57, 0, 0, 0, 0, 0, 0]

 ### Operon type: 201

	 A0A010IGH8	[0, 0, 0, 0, 0, 0, 0, 379, 779]

 ### Operon type: 202

	 A0A010STD3	[0, 0, 0, 498, 497, 496, 0, 779, 379]

 ### Operon type: 203

	 A0A010SQJ5	[371, 798, 0, 498, 497, 496, 0, 0, 0]

 ### Operon type: 204

	 A0A013RVV2	[830, 0, 381, 380, 0, 0, 779, 379, 0]

 ### Operon type: 205

	 A0A011TD67	[499, 0, 0, 498, 497, 496, 495, 0, 494]

 ### Operon type: 206

	 A0A009ZC12	[0, 0, 0, 498, 0, 496, 495, 269, 539]

 ### Operon type: 207

	 A0A009YSC7	[0, 0, 605, 29, 0, 29, 381, 380, 0]

 ### Operon type: 208

	 A0A009ZJK4	[0, 0, 0, 0, 0, 0, 786, 44, 0]

 ### Operon type: 209

	 A0A010SVN1	[-1, 44, 861, 228, 511, 0, 0, 786, 0]

 ### Operon type: 210

	 A0A009PFK7	[267, 266, 265, 264, 263, 0, 0, 262, 0]
	 A0A009QGN4	[267, 266, 265, 264, 263, 262, 0, 0, 0]

 ### Operon type: 211

	 A0A009YR20	[0, 262, 0, 0, 0, 0, 266, 0, 0]

 ### Operon type: 212

	 A0A009SCM5	[125, 124, 123, 0, 0, 0, 0, 0, 0]

 ### Operon type: 213

	 A0A009TJ77	[180, 36, 0, 0, 0, 0, 125, 124, 123]

 ### Operon type: 214

	 A0A009HZV2	[0, 0, 0, 0, 149, 148, 303, 0, 0]

 ### Operon type: 215

	 A0A009QPE7	[0, 0, 0, 0, 149, 148, 0, 0, 0]

 ### Operon type: 216

	 A0A009MGR3	[0, 0, 112, 0, 439, 297, 118, 111, 110]

 ### Operon type: 217

	 A0A009Q4G0	[0, 113, 112, 0, 439, 0, 111, 110, 111]

 ### Operon type: 218

	 A0A009PB53	[0, 0, 155, 154, 439, 111, 110, 111, 153]

 ### Operon type: 219

	 A0A009PUJ8	[0, 155, 154, 439, 0, 153, 152, 151, 150]

 ### Operon type: 220

	 A0A009QQC0	[147, 0, 230, 861, 357, 357, 229, 418, 228]
	 A0A009H7I0	[147, 0, 0, 861, 357, 357, 229, 418, 228]

 ### Operon type: 221

	 A0A009MVG4	[230, 0, 358, 861, 357, 357, 229, 418, 228]

 ### Operon type: 222

	 A0A009QA91	[307, 306, 783, 861, 357, 357, 229, 418, 228]
	 A0A010J377	[307, 306, 783, 861, 357, 357, 229, 418, 228]

 ### Operon type: 223

	 A0A009S1X4	[307, 306, 783, 861, 357, 357, 861, 0, 305]

 ### Operon type: 224

	 A0A013SHF4	[0, 0, 358, 861, 357, 357, 0, 356, 0]

 ### Operon type: 225

	 A0A011N3C3	[0, 0, 0, 706, 635, 634, 633, 632, 631]
	 A0A011PJK8	[706, 635, 634, 633, 632, 631, 0, 0, 0]

 ### Operon type: 226

	 A0A011UWH1	[448, 338, 337, 336, 0, 0, 0, 0, 0]
	 A0A011WKI4	[0, 0, 0, 0, 0, 448, 338, 337, 336]

 ### Operon type: 227

	 A0A010YKP2	[0, 0, 0, 0, 0, 0, 656, 325, 0]

 ### Operon type: 228

	 A0A011V1A2	[332, 0, 0, 325, 0, 0, 0, 0, 0]

 ### Operon type: 229

	 A0A011NGS0	[0, 0, 0, 0, 523, 522, 0, 0, 0]

 ### Operon type: 230

	 A0A011PW61	[0, 0, 0, 0, 523, 522, 0, 0, 589]

 ### Operon type: 231

	 A0A011UXI1	[0, 450, 0, 0, 523, 522, 492, 0, 0]

 ### Operon type: 232

	 A0A011SWI9	[-1, -1, 0, 493, 523, 522, 492, -1, -1]

 ### Operon type: 233

	 A0A011P952	[522, 0, 482, 0, 0, 482, 0, 0, 0]

 ### Operon type: 234

	 A0A011QVV5	[0, 0, 647, 676, 675, 674, 675, 646, 645]
	 A0A011Q1B3	[647, 676, 675, 674, 675, 646, 645, 0, 0]

 ### Operon type: 235

	 A0A011NSG8	[0, 0, 0, 676, 675, 674, 0, 675, 0]

 ### Operon type: 236

	 A0A011P0X4	[0, 0, 645, 0, 675, 0, 0, 674, 455]

 ### Operon type: 237

	 A0A010YNY9	[0, 0, 38, 23, 0, 0, 0, 0, 339]

 ### Operon type: 238

	 A0A011AC71	[305, 0, 0, 514, 0, 38, 23, 0, 783]

 ### Operon type: 239

	 A0A011QLX0	[0, 555, 0, 0, 554, 0, 749, 748, 0]
	 A0A011PRW6	[555, 0, 0, 0, 554, 749, 748, 0, 0]

 ### Operon type: 240

	 A0A010SML6	[0, 749, 748, -1, 0, 677, 0, 0, 0]

 ### Operon type: 241

	 A0A010RS09	[0, 0, 0, 0, 87, 0, 863, 863, 0]

 ### Operon type: 242

	 A0A010RTE7	[0, 0, 0, 0, 0, 0, 87, 36, 0]

 ### Operon type: 243

	 A0A009P817	[242, 0, 0, 0, 241, 0, 350, 240, 239]

 ### Operon type: 244

	 A0A009TIY0	[0, 0, 0, 0, 241, 0, 350, 240, 0]

 ### Operon type: 245

	 A0A009QKA3	[350, 240, 0, 239, 0, 0, 0, 0, 267]

 ### Operon type: 246

	 A0A009HSR2	[0, 133, 132, 0, 131, 157, 158, 303, 159]

 ### Operon type: 247

	 A0A009SWM1	[0, 133, 132, 0, 131, 0, 0, 158, 0]

 ### Operon type: 248

	 A0A009MYX0	[160, 159, 0, 706, 0, 0, 158, 157, 156]

 ### Operon type: 249

	 A0A009QK79	[0, 0, 156, 157, 0, 158, 0, 0, 159]

 ### Operon type: 250

	 A0A009GXJ1	[324, 323, 157, 158, 51, 303, 159, 160, 0]

 ### Operon type: 251

	 A0A010IT95	[0, 0, 0, 852, 777, 776, 775, 774, 773]
	 A0A013TKW8	[0, 549, 0, 852, 777, 776, 775, 774, 773]
	 A0A009S0T6	[0, 0, 852, 308, 777, 776, 775, 774, 773]
	 A0A009PRQ9	[0, 852, 308, 0, 777, 776, 775, 774, 773]
	 A0A009I5G9	[0, 0, 852, 308, 777, 776, 775, 774, 773]
	 A0A009QT77	[0, 0, -1, 852, 777, 776, 775, 774, 773]
	 A0A009MH36	[0, 0, 0, 852, 777, 776, 775, 774, 773]
	 A0A009GWD0	[303, 0, 0, 852, 777, 776, 775, 774, 773]

 ### Operon type: 252

	 A0A013TMJ7	[807, -1, 0, 852, 777, 774, 773, 0, 0]

 ### Operon type: 253

	 A0A011VXC2	[-1, 579, 0, 578, 577, 576, 575, 574, 573]
	 A0A011V392	[579, 0, 578, 577, 576, 575, 0, 574, 573]

 ### Operon type: 254

	 A0A011V490	[351, 390, 0, 573, 574, 575, 576, 577, 578]

 ### Operon type: 255

	 A0A011VZF5	[0, 0, 577, 576, 575, 636, 390, 636, 0]

 ### Operon type: 256

	 A0A011WLE7	[0, 0, 0, 0, 0, 216, 0, 0, 0]
	 A0A011VU44	[0, 0, 0, 0, 0, 216, 0, 0, 0]

 ### Operon type: 257

	 A0A011VAP2	[0, 0, 67, 0, 0, 0, 0, 0, 66]

 ### Operon type: 258

	 A0A011VRJ8	[0, 0, 0, 0, 0, 0, 67, 0, 0]

 ### Operon type: 259

	 A0A011RNU1	[0, 0, 0, 0, 0, 0, 739, 739, 738]

 ### Operon type: 260

	 A0A011VKJ9	[0, 0, 0, 0, 0, 0, 738, 739, -1]

 ### Operon type: 261

	 A0A011PQZ7	[0, 0, 0, 447, 501, 0, 500, 0, 0]

 ### Operon type: 262

	 A0A011TUX4	[0, 0, 0, 0, 501, 0, 0, 500, 0]

 ### Operon type: 263

	 A0A011STZ9	[0, 0, 0, 500, 0, 0, 0, 0, 0]

 ### Operon type: 264

	 A0A011PUJ9	[0, 0, 0, 0, 0, 0, 0, 0, 474]
	 A0A011PRF5	[474, 0, 0, 0, 0, 0, 0, 0, 0]

 ### Operon type: 265

	 A0A011PFY8	[0, 0, 0, 0, 0, 0, 0, 0, 481]

 ### Operon type: 266

	 A0A011PNS3	[581, 481, 0, 0, 0, 0, 0, 0, 0]

 ### Operon type: 267

	 A0A011T648	[0, 481, 0, 0, 0, 0, 0, 805, 0]

 ### Operon type: 268

	 A0A010YYJ5	[0, 0, 0, 636, 0, 0, 0, 56, 56]

 ### Operon type: 269

	 A0A011NDM5	[636, 0, 0, 0, 0, 0, 0, 0, 0]

 ### Operon type: 270

	 A0A011MSR2	[0, 0, 0, 637, 0, 0, 0, 636, 636]

 ### Operon type: 271

	 A0A011WSU6	[0, 636, 0, 0, 574, 0, 0, 0, 0]

 ### Operon type: 272

	 A0A011U3C2	[0, 0, 816, 0, 0, 0, 0, 0, 0]
	 A0A011AEN3	[0, 0, 0, 0, 0, 0, 816, 0, 0]

 ### Operon type: 273

	 A0A011AAZ2	[0, 693, 0, 0, 0, 816, 816, 816, 0]

 ### Operon type: 274

	 A0A011T698	[0, 0, 0, 0, 0, 783, 816, 0, 0]

 ### Operon type: 275

	 A0A010YRE8	[0, 0, 0, 0, 0, 0, 0, 22, 0]

 ### Operon type: 276

	 A0A011AF05	[0, 0, 305, 22, 0, 0, 0, 0, 0]

 ### Operon type: 277

	 A0A009ZG48	[0, 0, 0, 549, 0, 0, 0, 0, 0]

 ### Operon type: 278

	 A0A011PEJ8	[0, 0, 491, 549, 0, 0, 0, 0, 0]

 ### Operon type: 279

	 A0A011QNJ7	[550, 0, 0, 549, 0, 0, 0, 550, 0]

 ### Operon type: 280

	 A0A011MMJ4	[0, 0, 0, 0, 0, 0, 0, 550, 0]

 ### Operon type: 281

	 A0A011R8M3	[0, 0, 491, 549, 0, 490, 0, 550, 0]

 ### Operon type: 282

	 A0A009ZC82	[0, 0, 716, 0, 0, 0, 0, 0, 0]

 ### Operon type: 283

	 A0A011P3F6	[677, 0, 0, 716, 0, 0, 0, 0, 0]

 ### Operon type: 284

	 A0A009IG48	[0, 0, 0, 143, 142, 0, 0, 0, 677]

 ### Operon type: 285

	 A0A009IMQ0	[0, 0, 0, 143, 142, 0, 0, 0, 0]

 ### Operon type: 286

	 A0A009SWV1	[0, 0, 0, 0, 0, 0, 0, 143, 0]

 ### Operon type: 287

	 A0A009PMZ9	[251, 0, 0, 0, 0, 0, 0, 0, 0]
	 A0A009Q512	[0, 0, 0, 0, 251, 0, 0, 0, 0]

 ### Operon type: 288

	 A0A009IFL2	[0, 268, 0, 75, -1, 0, 0, 0]

 ### Operon type: 289

	 A0A009ZDS1	[-1, -1, 0, 268, 0, 0, 840, 0, 0]

 ### Operon type: 290

	 A0A010SNM6	[41, 42, -1, 0, 0, 0, 807, 0, 0]

 ### Operon type: 291

	 A0A010T5D8	[42, 41, 0, -1, 0, -1, 403, 0, 0]

 ### Operon type: 292

	 A0A011UB51	[694, 0, 0, 0, 0, 0, 0, 0, 0]
	 A0A011UFH1	[0, 0, 0, 0, 0, 694, 0, 0, 0]

 ### Operon type: 293

	 A0A011V965	[0, -1, -1, 0, 68, 0, -1, -1, 0]
	 A0A011VHP2	[0, -1, -1, -1, 68, 0, 0, 0, 0]

 ### Operon type: 294

	 A0A010RVD0	[-1, 0, 0, -1, 0, 618, 618, 0, 39]

 ### Operon type: 295

	 A0A010T7Q5	[0, 39, 0, 0, 0, 0, -1, 0, 0]

 ### Operon type: 296

	 A0A010SJH7	[0, 0, 807, -1, 0, 0, 229, 0, 0]

 ### Operon type: 297

	 A0A010SRR2	[0, 0, -1, 0, 0, 0, 0, 0, 807]

 ### Operon type: 298

	 A0A010RKP8	[0, 0, 0, 0, 0, 0, -1, 0, 0]
	 A0A011UZ32	[0, 0, 0, 0, 0, -1, 0, 0, 0]
	 A0A009HJU6	[0, 0, 0, 0, 0, 0, 0, 0, -1]
	 A0A010TF14	[-1, 0, 0, 0, 0, 0, 0, 0, 0]
	 A0A010RY47	[-1, 0, -1, 0, 0, 0, 0, 0, 0]

 ### Operon type: 299

	 A0A010SJF9	[0, 0, 0, 0, 0, -1, 0, 102, -1]

 ### Operon type: 300

	 A0A011ML54	[0, 0, 0, 217, 0, 0, 0, 0, -1]

 ### Operon type: 301

	 A0A011NHY1	[0, 0, 0, 0, 0, 807, 0, 0, 0]

 ### Operon type: 302

	 A0A010Z171	[0, 0, 0, 0, 0, 0, 807, 0, 706]

 ### Operon type: 303

	 A0A011T697	[807, 0, 0, 0, 0, 0, 0, 0, 350]

 ### Operon type: 304

	 A0A011TDD1	[0, 512, 807, 0, 0, 0, 0, 0, 0]

 ### Operon type: 305

	 A0A011VW24	[0, 0, 752, 0, 0, 0, 0, 0, -1]

 ### Operon type: 306

	 A0A011T8V3	[0, 0, 752, 0, 0, 0, 0, 0, 0]

 ### Operon type: 307

	 A0A010TH98	[589, 0, 0, 752, 0, 0, 0, 0, 0]

 ### Operon type: 308

	 A0A011QVR3	[0, 0, 0, 0, 0, 0, 0, 609, 752]

 ### Operon type: 309

	 A0A011VYF1	[752, 0, 0, 0, 0, 0, 694, 0, 0]

 ### Operon type: 310

	 A0A010S415	[-1, 752, 0, 228, 0, 0, 0, 0, 828]

 ### Operon type: 311

	 A0A011NMI8	[0, 0, 0, 0, 0, 0, 0, 0, 0]
	 A0A011NTU3	[0, 0, 0, 0, 0, 0, 0, 0, 0]
	 A0A011N2Z0	[0, 0, 0, 0, 0, 0, 0, 0, 0]
	 A0A011NAJ1	[0, 0, 0, 0, 0, 0, 0, 0, 0]
	 A0A011QMJ8	[0, 0, 0, 0, 0, 0, 0, 0, 0]
	 A0A011QSN2	[0, 0, 0, 0, 0, 0, 0, 0, 0]
	 A0A011P9Z5	[0, 0, 0, 0, 0, 0, 0, 0, 0]
	 A0A011PBM9	[0, 0, 0, 0, 0, 0, 0, 0, 0]
	 A0A011Q056	[0, 0, 0, 0, 0, 0, 0, 0, 0]
	 A0A011PNN2	[0, 0, 0, 0, 0, 0, 0, 0, 0]
	 A0A013TEV4	[0, 0, 0, 0, 0, 0, 0, 0, 0]
	 A0A013SL47	[0, 0, 0, 0, 0, 0, 0, 0, 0]
	 A0A011WUT3	[0, 0, 0, 0, 0, 0, 0, 0, 0]
	 A0A013S2B9	[0, 0, 0, 0, 0, 0, 0, 0, 0]
	 A0A013SBR8	[0, 0, 0, 0, 0, 0, 0, 0, 0]
	 A0A011UHL2	[0, 0, 0, 0, 0, 0, 0, 0, 0]
	 A0A011VYF6	[0, 0, 0, 0, 0, 0, 0, 0, 0]
	 A0A009M4K0	[0, 0, 0, 0, 0, 0, 0, 0, 0]
	 A0A009MH90	[0, 0, 0, 0, 0, 0, 0, 0, 0]
	 A0A011UBN9	[0, 0, 0, 0, 0, 0, 0, 0, 0]
	 A0A011UFM5	[0, 0, 0, 0, 0, 0, 0, 0, 0]
	 A0A009PDV4	[0, 0, 0, 0, 0, 0, 0, 0, 0]
	 A0A011VNE2	[0, 0, 0, 0, 0, 0, 0, 0, 0]
	 A0A010SHY1	[0, 0, 0, 0, 0, 0, 0, 0, 0]
	 A0A009HIL8	[0, 0, 0, 0, 0, 0, 0, 0, 0]
	 A0A010T025	[0, 0, 0, 0, 0, 0, 0, 0, 0]
	 A0A010SPJ7	[0, 0, 0, 0, 0, 0, 0, 0, 0]
	 A0A010SSQ8	[0, 0, 0, 0, 0, 0, 0, 0, 0]
	 A0A010YJA7	[0, 0, 0, 0, 0, 0, 0, 0, 0]
	 A0A010YZS8	[0, 0, 0, 0, 0, 0, 0, 0, 0]
	 A0A010Z120	[0, 0, 0, 0, 0, 0, 0, 0, 0]
	 A0A010ZTI3	[0, 0, 0, 0, 0, 0, 0, 0, 0]
	 A0A011A146	[0, 0, 0, 0, 0, 0, 0, 0, 0]

 ### Operon type: 312

	 A0A010TG27	[448, 0, 96, 0, 0, 0, 861, 0, 0]

 ### Operon type: 313

	 A0A011PMK1	[0, 0, 0, 0, 0, 0, 0, 448, 0]

 ### Operon type: 314

	 A0A009HM15	[0, 181, 179, 0, 0, 0, -1, 0, 0]

 ### Operon type: 315

	 A0A009HRU1	[0, 157, 0, 0, 0, 0, 0, 0, 0]

 ### Operon type: 316

	 A0A009HSN8	[0, 113, 0, 0, 0, -1, 0, 153, -1]

 ### Operon type: 317

	 A0A009HV82	[152, 0, 0, 0, 0, 0, 0, 0, 0]

 ### Operon type: 318

	 A0A009IG74	[0, 0, 232, 0, 393, -1, 0, 0, 0]

 ### Operon type: 319

	 A0A009IJ90	[0, 180, 0, 0, 0, 0, 0, 0, 0]

 ### Operon type: 320

	 A0A009NM94	[0, 730, 730, 0, 0, 0, 512, 0, 0]

 ### Operon type: 321

	 A0A009Q4N5	[0, 0, 242, 0, 0, 0, 0, 0, 0]

 ### Operon type: 322

	 A0A009SSZ9	[0, 167, 0, 0, 0, 0, 0, 0, 0]

 ### Operon type: 323

	 A0A009YIH1	[0, 0, 0, 0, 296, 0, -1, -1, 30]

 ### Operon type: 324

	 A0A009YR05	[0, 0, 0, 0, 346, 0, 0, 0, 0]

 ### Operon type: 325

	 A0A009Z004	[281, 0, 281, 0, 0, 706, 0, 0, 0]

 ### Operon type: 326

	 A0A010RUQ5	[0, 0, 0, 0, 0, 0, 0, 0, 310]

 ### Operon type: 327

	 A0A010S195	[716, 0, 37, 45, 0, 0, 0, 0, 0]

 ### Operon type: 328

	 A0A010SCZ2	[0, 0, 0, 0, 0, 0, 0, 60, 0]

 ### Operon type: 329

	 A0A010SN41	[0, 0, 0, 0, 58, 0, 0, 0, 0]

 ### Operon type: 330

	 A0A010SSU2	[0, 0, 0, 0, 51, 0, -1, 483, 0]

 ### Operon type: 331

	 A0A010SUP6	[0, 0, 0, 0, 0, 0, 0, 45, 0]

 ### Operon type: 332

	 A0A010SUY9	[0, 0, 0, 0, 0, 490, 491, 0]

 ### Operon type: 333

	 A0A010THK2	[0, 0, -1, 0, 0, 863, 706, 0, 0]

 ### Operon type: 334

	 A0A010SRL4	[96, 0, 0, -1, 0, 0, 0, 706, 134]

 ### Operon type: 335

	 A0A010YX61	[409, 816, 0, 752, 0, 0, 0, 0, 0]

 ### Operon type: 336

	 A0A010S5W8	[0, 0, 637, 646, 0, 0, 0, 0, 0]

 ### Operon type: 337

	 A0A011NE37	[815, 0, 0, 0, 0, 0, 0, 0, 0]

 ### Operon type: 338

	 A0A011NF78	[0, 0, 648, 0, 0, 0, 0, 0, 0]

 ### Operon type: 339

	 A0A011NVE2	[0, 0, 0, 805, 0, 0, 807, 0, 703]

 ### Operon type: 340

	 A0A011NXJ4	[0, 0, 0, 0, 0, 0, 0, 0, 654]

 ### Operon type: 341

	 A0A011P8I1	[0, 0, 542, 816, 0, 0, 0, 0, 485]

 ### Operon type: 342

	 A0A011P9Q7	[782, 0, 0, 0, 0, 0, 0, 0, 0]

 ### Operon type: 343

	 A0A011PJ75	[0, 805, 804, 805, 0, 0, 0, 0, 0]

 ### Operon type: 344

	 A0A011PRB4	[0, 0, 0, 0, 0, 0, 0, 578, 0]

 ### Operon type: 345

	 A0A011QVT2	[527, 0, 0, 0, 0, 0, 0, 581, 0]

 ### Operon type: 346

	 A0A011RP14	[0, 0, 0, 0, 0, 0, 0, 737, 0]

 ### Operon type: 347

	 A0A011SM49	[807, 0, 737, 0, 0, 0, 717, 0, 0]

 ### Operon type: 348

	 A0A011AM27	[500, 0, 0, 0, 846, 0, 0, 0, 40]

 ### Operon type: 349

	 A0A011T607	[0, 0, 646, 0, 0, 0, 0, 0, 512]

 ### Operon type: 350

	 A0A011TAW2	[0, 0, 0, 0, 0, 0, 513, 0, 0]

 ### Operon type: 351

	 A0A011TED9	[0, 0, 0, 0, 0, 520, 0, 0, 0]

 ### Operon type: 352

	 A0A011TXS5	[0, 708, 0, 0, 0, 0, 0, 0, 0]

 ### Operon type: 353

	 A0A011U144	[0, 310, 0, 0, 0, 0, 654, 434, 0]

 ### Operon type: 354

	 A0A011U1C8	[783, 0, 0, 0, 0, 0, 0, 0, 309]

 ### Operon type: 355

	 A0A011U483	[0, 0, 0, 0, 0, 487, 0, 0, 0]

 ### Operon type: 356

	 A0A011UG86	[0, 676, 0, 0, 0, 102, 0, 0, 0]

 ### Operon type: 357

	 A0A011UQB5	[727, 695, 0, 0, 0, 0, 0, 694, 0]

 ### Operon type: 358

	 A0A011UVI5	[0, 0, 0, 0, 0, 339, 805, 805, 0]

 ### Operon type: 359

	 A0A011UWI3	[0, 0, 0, 0, 335, 0, 334, 716, 0]

 ### Operon type: 360

	 A0A011V5E6	[0, 0, 0, 0, 0, 352, 0, 0, 0]

 ### Operon type: 361

	 A0A011M4H6	[66, 0, 858, 0, 0, 0, 0, 0, 0]

 ### Operon type: 362

	 A0A011VSV3	[0, 0, 0, 0, 0, 0, 546, 0, 0]

 ### Operon type: 363

	 A0A011VWI0	[0, 0, 0, 0, 0, 208, 0, 0, 0]

 ### Operon type: 364

	 A0A011VZ91	[336, 0, 0, 0, 0, 0, 0, 0, 0]

 ### Operon type: 365

	 A0A011WP76	[0, 0, 0, 0, 0, 0, 0, 0, 558]

 ### Operon type: 366

	 A0A011WSD4	[0, 0, 0, -1, 0, 636, 0, 0, 390]

 ### Operon type: 367

	 A0A011WT35	[390, 0, 0, 0, 0, 0, 0, 0, 0]

 ### Operon type: 368

	 A0A013S843	[0, 418, 0, 0, 0, 0, -1, 371, 0]

 ### Operon type: 369

	 A0A013T5E6	[0, 0, 0, 439, 0, 0, 0, 0, 0]

 ### Operon type: 370

	 A0A009T185	[690, 0, 804, 804, 806, 805, 804, 803, 802]

 ### Operon type: 371

	 A0A010IN36	[808, 807, 0, 0, 806, 805, 804, 803, 802]

 ### Operon type: 372

	 A0A009PG43	[805, 804, 692, 581, 0, 803, 802, 0, 0]

 ### Operon type: 373

	 A0A009INE0	[808, 0, 0, 0, 0, 0, 0, 804, 803]

 ### Operon type: 374

	 A0A009T9H0	[0, 30, 677, -1, 0, 0, 158, 0, 157]

 ### Operon type: 375

	 A0A010THH5	[0, 57, 268, 339, 0, 0, 841, 0, 840]

 ### Operon type: 376

	 A0A011VZE3	[0, 0, 0, 861, 219, 0, 0, 0, 0]
	 A0A011WSH8	[0, 0, 0, 861, 219, 0, 0, 0, 0]

 ### Operon type: 377

	 A0A011NAF3	[0, 0, 0, 0, 0, 0, 861, 0, 665]

 ### Operon type: 378

	 A0A009IQ93	[135, 0, 861, 0, 0, 134, 0, 0, 0]

 ### Operon type: 379

	 A0A009Q8S9	[0, 0, 677, 372, 0, 696, 0, 0, 0]

 ### Operon type: 380

	 A0A009TLU4	[0, 708, -1, 184, 0, 34, 0, -1, -1]

 ### Operon type: 381

	 A0A009ZB47	[271, 270, 0, 0, 0, 636, 838, 0, 0]

 ### Operon type: 382

	 A0A009ZVR4	[735, 0, 816, 0, 0, 56, 0, 0, 272]

 ### Operon type: 383

	 A0A010JIN9	[838, 0, 0, 36, 144, 0, 0, 0, 0]

 ### Operon type: 384

	 A0A010S003	[476, 0, 0, 0, 0, 676, 676, 798, 0]

 ### Operon type: 385

	 A0A010SMN8	[0, -1, 38, 0, 864, 0, 0, 480, 0]

 ### Operon type: 386

	 A0A010SXS1	[0, 692, 0, 0, 0, 699, 0, 0, 581]

 ### Operon type: 387

	 A0A010T689	[40, -1, 841, 741, 0, 0, 0, 0, 0]

 ### Operon type: 388

	 A0A010TBB4	[0, 383, 0, 102, 0, 0, 0, 0, 783]

 ### Operon type: 389

	 A0A010YFK3	[0, 754, 0, 0, 0, 0, 62, 0, 309]

 ### Operon type: 390

	 A0A010YVY1	[16, 0, 16, 0, 0, 0, 0, 798, 0]

 ### Operon type: 391

	 A0A010ZSZ2	[0, 693, 0, 454, 453, 0, 0, 0, 0]

 ### Operon type: 392

	 A0A010Z0Y7	[0, 0, 0, 0, 453, 228, 0, 0, 0]

 ### Operon type: 393

	 A0A011A0M8	[0, 0, 706, 0, 75, 0, 0, 1, 1]

 ### Operon type: 394

	 A0A011NFL4	[0, 729, 0, 0, 678, 448, 0, 64, 0]

 ### Operon type: 395

	 A0A011P407	[0, 0, 488, 728, 0, 0, 783, 0, 487]

 ### Operon type: 396

	 A0A011QGT2	[861, 0, 0, 633, 632, 0, 0, 0, 0]

 ### Operon type: 397

	 A0A011QSA4	[541, 0, 540, 539, 0, 0, 0, 0, 648]

 ### Operon type: 398

	 A0A011T6J6	[0, 464, 0, 816, 0, 0, 349, 0, 348]

 ### Operon type: 399

	 A0A011TAL2	[0, 646, 0, 0, 0, 514, 0, 656, 0]

 ### Operon type: 400

	 A0A011TZG0	[706, 705, 0, 0, 0, 0, 0, 704, 0]

 ### Operon type: 401

	 A0A011UGY3	[101, 100, 352, 99, 0, 0, 0, 99, 0]

 ### Operon type: 402

	 A0A011UII7	[0, 0, 0, 0, 0, 703, 702, 0, 0]

 ### Operon type: 403

	 A0A011UNT9	[696, 720, 0, 0, 0, 0, 0, 0, 0]

 ### Operon type: 404

	 A0A011SIS0	[0, 722, 721, 721, 0, 0, 0, 720, 0]

 ### Operon type: 405

	 A0A011UT49	[0, 693, 0, 0, 0, 0, 692, 691, 0]

 ### Operon type: 406

	 A0A011VU65	[105, 0, 0, 0, 0, 62, 0, 546, 108]

 ### Operon type: 407

	 A0A011VV03	[0, 61, 0, 0, 331, 66, 0, 0, 0]

 ### Operon type: 408

	 A0A011VVZ9	[0, 0, -1, 0, 0, 60, 59, 59, 719]

 ### Operon type: 409

	 A0A011VWX7	[581, 580, 0, 0, 0, 0, 0, 723, 0]

 ### Operon type: 410

	 A0A011VXK7	[730, 730, 0, 812, 0, 0, 0, 466, 0]

 ### Operon type: 411

	 A0A011W0I6	[218, 0, 0, 0, 0, 625, 0, 217, 0]

 ### Operon type: 412

	 A0A010YEF6	[0, 218, 0, 0, 0, 0, 0, 0, 43]

 ### Operon type: 413

	 A0A013SQH1	[0, 0, 0, 0, 58, 451, 0, 852, 799]

 ### Operon type: 414

	 A0A009QJA8	[151, 150, 0, 0, 0, 0, 0, 0, 872]

 ### Operon type: 415

	 A0A009YL68	[0, 0, 783, 410, 407, 0, 0, 269, 0]

 ### Operon type: 416

	 A0A010JNG7	[852, 0, 0, 851, 0, 0, 0, 0, 0]

 ### Operon type: 417

	 A0A010RM40	[862, 861, 860, 0, 0, 0, 0, -1, 859]

 ### Operon type: 418

	 A0A010RRQ6	[0, 858, 0, 0, 0, 864, 857, 856, 0]

 ### Operon type: 419

	 A0A010S423	[349, 0, 0, 0, 0, 0, 0, 334, 734]

 ### Operon type: 420

	 A0A010T0I7	[0, 0, 43, 0, 0, 542, 540, 861, 0]

 ### Operon type: 421

	 A0A010ZUR7	[61, 13, 0, 13, 0, 12, 798, 0, 0]

 ### Operon type: 422

	 A0A011NA78	[0, 619, 0, 0, 0, 618, 0, 0, 859]

 ### Operon type: 423

	 A0A011P8W7	[484, 488, 581, 0, 483, 0, 0, 0, 0]

 ### Operon type: 424

	 A0A011PG97	[480, 0, 0, 479, 0, 0, 0, 0, 0]

 ### Operon type: 425

	 A0A011PKT4	[0, 451, 0, 0, 0, 0, 450, 0, 0]

 ### Operon type: 426

	 A0A011PLB2	[0, 484, 0, 452, 0, 0, 0, 0, 0]

 ### Operon type: 427

	 A0A011R339	[0, 0, 0, 0, 0, 0, 324, 323, 0]

 ### Operon type: 428

	 A0A011SFE5	[0, 0, 0, 730, 0, 0, 729, 728, 727]

 ### Operon type: 429

	 A0A011SJT5	[0, 0, 0, 719, 718, 718, 718, 718, 718]

 ### Operon type: 430

	 A0A011TDQ5	[0, 0, 0, 0, 511, 627, 0, 0, 0]

 ### Operon type: 431

	 A0A011VT01	[0, 0, 63, 0, 0, 63, 0, 0, 277]

 ### Operon type: 432

	 A0A009Z3V9	[861, 0, 0, 0, 0, 280, 634, 279, 278]

 ### Operon type: 433

	 A0A010SRB2	[34, 33, 0, 0, 0, 33, 41, 0, 0]

 ### Operon type: 434

	 A0A010KA25	[838, 0, 841, 781, 73, 0, 0, 838, 422]

 ### Operon type: 435

	 A0A011TZN1	[314, 313, 312, 0, 311, 0, 0, 0, 0]

 ### Operon type: 436

	 A0A011VJ76	[65, 65, 691, 64, 0, 861, 706, 0, 488]

 ### Operon type: 437

	 A0A011UG17	[252, 0, 220, 0, 213, 105, 0, 0, 0]

 ### Operon type: 438

	 A0A011WUA8	[458, 0, 0, 389, 0, 0, 0, 388, 388]

 ### Operon type: 439

	 A0A010S4X6	[0, 228, 860, 676, 401, 0, 661, 449, 863]

 ### Operon type: 440

	 A0A010YY02	[0, 15, 0, 0, 15, 471, 32, 0, 14]
