
 ### Operon type: 1

	 A0A010ILU3	[383, 382, 381, 430, 380, 506, 379, 378, 435]
	 A0A009MW50	[383, 382, 381, 430, 380, 506, 379, 378, 435]
	 A0A009QS71	[383, 382, 381, 430, 380, 506, 379, 378, 435]
	 A0A009QBR9	[383, 382, 381, 430, 380, 506, 378, 435, 249]
	 A0A009H3B0	[383, 382, 381, 430, 380, 506, 379, 378, 435]
	 A0A009I8S2	[383, 382, 381, 430, 380, 506, 378, 435, 249]
	 A0A009TM70	[383, 382, 381, 430, 380, 506, 378, 435, 249]

 ### Operon type: 2

	 A0A013TH43	[423, 422, 513, 421, 420, 419, 418, 417, 416]
	 A0A009RAF0	[423, 422, 513, 421, 420, 419, 418, 417, 416]

 ### Operon type: 3

	 A0A011PVT3	[725, 724, 723, 722, 721, 720, 719, 718, 717]
	 A0A011MET3	[725, 724, 723, 722, 721, 720, 719, 718, 717]
	 A0A011R7V7	[725, 724, 723, 722, 721, 720, 719, 718, 717]

 ### Operon type: 4

	 A0A013SNJ8	[679, 436, 435, 434, 433, 546, 443, 432, 431]
	 A0A009MMM3	[679, 436, 435, 434, 433, 546, 443, 432, 431]
	 A0A013RZW2	[679, 436, 435, 434, 433, 546, 443, 432, 431]
	 A0A009RD69	[679, 436, 435, 434, 433, 546, 443, 432, 431]
	 A0A009SIZ4	[679, 436, 435, 434, 433, 546, 443, 432, 431]
	 A0A009HBT3	[679, 436, 435, 434, 433, 546, 443, 432, 431]
	 A0A009PH20	[679, 436, 435, 434, 433, 546, 443, 432, 431]
	 A0A010J9U3	[679, 436, 435, 434, 433, 546, 443, 432, 431]
	 A0A009IV03	[679, 436, 435, 434, 433, 546, 443, 432, 431]
	 A0A009YIZ0	[679, 436, 435, 434, 433, 546, 443, 432, 431]

 ### Operon type: 5

	 A0A009PH57	[112, 111, -1, 110, 109, 649, 108, 204, 107]
	 A0A009TG92	[112, 111, -1, 110, 109, 649, 108, 204, 107]

 ### Operon type: 6

	 A0A013SXT2	[550, 549, 548, 547, 546, 545, 544, 543, 542]
	 A0A009N031	[550, 549, 548, 547, 546, 545, 544, 543, 542]
	 A0A009PWG1	[550, 549, 548, 547, 546, 545, 544, 543, 542]
	 A0A013S288	[550, 549, 548, 547, 546, 545, 544, 543, 542]
	 A0A009SFX8	[550, 549, 548, 547, 175, 546, 545, 544, 543]
	 A0A009R2X0	[550, 549, 548, 547, 546, 545, 544, 543, 542]
	 A0A010J3I1	[550, 549, 548, 547, 546, 545, 544, 543, 542]
	 A0A009I0I9	[550, 549, 548, 547, 546, 545, 544, 543, 542]
	 A0A009TBM2	[549, 548, 547, 175, 546, 545, 544, 543, 542]

 ### Operon type: 7

	 A0A013SZ54	[541, 695, 540, 539, 538, 537, 536, 535, 534]
	 A0A013T8M5	[541, 695, 540, 539, 538, 537, 536, 535, 534]
	 A0A009N123	[541, 695, 540, 539, 538, 537, 536, 535, 534]
	 A0A009Q3K7	[541, 695, 540, 539, 538, 537, 536, 535, 534]
	 A0A009RBQ2	[541, 695, 540, 539, 538, 537, 536, 535, 534]
	 A0A010IMP8	[541, 695, 540, 539, 538, 537, 536, 535, 534]
	 A0A009IRJ6	[541, 695, 540, 539, 538, 537, 536, 535, 534]
	 A0A009SWU0	[541, 695, 540, 539, 538, 537, 536, 535, 534]
	 A0A009H7U0	[541, 695, 540, 539, 538, 537, 536, 535, 534]
	 A0A009ZM43	[-1, 695, 540, 539, 538, 537, 536, 535, 534]

 ### Operon type: 8

	 A0A009ZIC0	[671, 670, 669, 668, 667, 666, 665, 664, 663]
	 A0A009N9Z1	[-1, 670, 669, 668, 667, 666, 665, 664, 663]
	 A0A009QDV7	[-1, 670, 669, 668, 667, 666, 665, 664, 663]
	 A0A013RMD0	[-1, 670, 669, 668, 667, 666, 665, 664, 663]
	 A0A009RG92	[-1, 670, 669, 668, 667, 666, 665, 664, 663]
	 A0A010JDA6	[-1, 670, 669, 668, 667, 666, 665, 664, 663]
	 A0A009IHQ3	[-1, 670, 669, 668, 667, 666, 665, 664, 663]
	 A0A009S854	[-1, 670, 669, 668, 667, 666, 665, 664, 663]
	 A0A009H6M2	[-1, 670, 669, 668, 667, 666, 665, 664, 663]

 ### Operon type: 9

	 A0A011UIA1	[98, 97, 96, 95, 94, 93, 92, 91, 0]
	 A0A011V5V3	[0, 98, 97, 96, 95, 94, 93, 92, 91]

 ### Operon type: 10

	 A0A011PTE7	[869, 868, 867, 866, 865, 0, 864, 863, 862]
	 A0A011NE72	[869, 868, 867, 866, 865, 864, 863, 862, 0]

 ### Operon type: 11

	 A0A010JWJ1	[292, 87, 716, 86, 291, 290, 289, 288, 287]
	 A0A009I4A1	[292, 87, 716, 86, 291, 290, 289, 288, 287]

 ### Operon type: 12

	 A0A009QF22	[294, 293, 292, 0, 291, 290, 289, 288, 287]
	 A0A009TBY8	[294, 293, 292, 86, 291, 290, 289, 288, 287]

 ### Operon type: 13

	 A0A011NEY3	[533, 769, 768, 767, 767, 766, 765, 764, 0]

 ### Operon type: 14

	 A0A011PAN4	[769, 768, 0, 767, 767, 766, 765, 764, 763]

 ### Operon type: 15

	 A0A011RCD5	[533, 769, 768, 767, 767, 766, 765, 764, 763]

 ### Operon type: 16

	 A0A011P4U7	[0, 830, 829, 828, 827, 826, 825, 824, 823]
	 A0A011NAY5	[830, 829, 828, 827, 826, 825, 824, 823, 0]

 ### Operon type: 17

	 A0A011PF67	[759, 758, 757, 756, 755, 0, 0, 0, 0]
	 A0A011NW66	[759, 758, 757, 756, 755, 612, 0, 0, 0]
	 A0A011NBX7	[759, 758, 757, 756, 755, 612, 0, 0, 0]

 ### Operon type: 18

	 A0A011NS68	[759, 758, 757, 756, 755, 595, 594, 616, 836]
	 A0A011RHX4	[759, 758, 757, 756, 755, 595, 594, 616, 0]

 ### Operon type: 19

	 A0A010YT39	[0, 615, 481, 480, 479, 478, 477, 476, 475]

 ### Operon type: 20

	 A0A010Z7T4	[481, 480, 479, 478, 477, 476, 475, 474, 846]

 ### Operon type: 21

	 A0A013SP43	[445, 444, 443, 442, 441, 440, 439, 438, 437]
	 A0A010K6G6	[445, 444, 443, 442, 441, 440, 439, 0, 437]
	 A0A009RUN3	[445, 444, 443, 442, 441, 440, 439, 438, 437]

 ### Operon type: 22

	 A0A011VWR4	[0, 0, 0, 0, 195, 194, 193, 192, 191]

 ### Operon type: 23

	 A0A011VYP6	[195, 194, 193, 192, 191, 0, 190, 722, 0]

 ### Operon type: 24

	 A0A011QAS2	[0, 639, 638, 637, 636, 635, 634, 633, 632]
	 A0A011NEQ1	[0, 639, 638, 637, 636, 635, 634, 633, 632]

 ### Operon type: 25

	 A0A010JSI3	[572, 571, 570, 569, 568, 567, 566, 565, 0]
	 A0A013T0M4	[572, 571, 570, 569, 568, 567, 566, 565, 0]
	 A0A009HDS5	[572, 571, 570, 569, 568, 567, 566, 565, 118]
	 A0A009RGL2	[572, 571, 570, 569, 568, 567, 566, 565, 118]

 ### Operon type: 26

	 A0A009SNL0	[66, 65, 254, 132, 131, 130, 129, 128, 127]

 ### Operon type: 27

	 A0A009T1I8	[254, 132, 131, 130, 129, 128, 127, 0, 0]

 ### Operon type: 28

	 A0A011VUV0	[521, 520, 519, 518, 517, 516, 515, 514, 0]
	 A0A011VW71	[0, 521, 520, 519, 518, 517, 516, 515, 514]

 ### Operon type: 29

	 A0A011UG71	[73, 140, 72, 77, 76, 141, 75, 139, 74]

 ### Operon type: 30

	 A0A011V8Z7	[0, 0, 73, 140, 72, 77, 76, 141, 75]

 ### Operon type: 31

	 A0A011V8Y9	[77, 76, 141, 75, 139, 74, 0, 0, 0]

 ### Operon type: 32

	 A0A011U8C0	[0, 141, 140, 0, 201, 139, 0, 0, 0]

 ### Operon type: 33

	 A0A011QSF0	[0, 750, 749, 748, 747, 746, 745, 744, 0]
	 A0A011QBB5	[692, 750, 749, 748, 747, 746, 745, 744, 654]
	 A0A011Q0X6	[692, 750, 749, 748, 747, 746, 745, 744, 654]
	 A0A011Q1X8	[750, 0, 749, 748, 747, 746, 745, 744, 654]

 ### Operon type: 34

	 A0A011PG87	[692, 750, 749, 748, 747, 746, 745, 0, 0]

 ### Operon type: 35

	 A0A011PCT1	[784, 783, 816, 0, 0, 0, 0, 762, 0]

 ### Operon type: 36

	 A0A011QU35	[0, 0, 0, 0, 818, 0, 784, 783, 816]

 ### Operon type: 37

	 A0A011Q2B1	[820, 819, 818, 817, 816, 642, 641, 640, 762]

 ### Operon type: 38

	 A0A011RLN8	[743, 742, 818, 817, 816, 642, 641, 640, 762]

 ### Operon type: 39

	 A0A011P700	[0, 0, 822, 821, 820, 819, 818, 817, 816]

 ### Operon type: 40

	 A0A011QSI4	[0, 0, 822, 821, 820, 0, 743, 742, 818]

 ### Operon type: 41

	 A0A013T337	[590, 500, 499, 498, 497, 809, 496, 861, 495]
	 A0A013TH30	[590, 500, 499, 498, 497, 809, 496, 861, 495]
	 A0A013S981	[232, 590, 500, 499, 498, 497, 809, 496, 861]

 ### Operon type: 42

	 A0A010JY00	[232, 590, 500, 499, 675, 809, 496, 861, 495]

 ### Operon type: 43

	 A0A013TPV4	[458, 457, 456, 455, 454, 453, 581, 716, 452]
	 A0A009QQ47	[458, 457, 456, 455, 454, 453, 581, 716, 452]
	 A0A009MGJ1	[458, 457, 456, 455, 454, 453, 581, 716, 452]
	 A0A009HR98	[458, 457, 456, 455, 454, 453, 581, 716, 452]
	 A0A010IZE4	[458, 457, 456, 455, 454, 453, 581, 716, 452]
	 A0A009HL81	[458, 457, 456, 455, 454, 453, 581, 716, 452]
	 A0A009SZB5	[458, 457, 456, 455, 454, 453, 581, 716, 452]

 ### Operon type: 44

	 A0A009Z8F7	[457, 456, 453, 0, 454, 172, 172, 0, 176]

 ### Operon type: 45

	 A0A009R016	[85, 84, 83, 82, 671, -1, 557, 81, 80]
	 A0A009HFU9	[85, 84, 83, 82, 671, 557, 81, 80, 0]

 ### Operon type: 46

	 A0A011UJN3	[0, 186, 0, 0, 410, 409, 408, 407, 406]

 ### Operon type: 47

	 A0A011W213	[410, 409, 408, 407, 406, 605, 0, 0, 0]

 ### Operon type: 48

	 A0A011QUG8	[782, 781, 780, 838, 779, 778, 0, 777, 776]
	 A0A011QIT1	[782, 781, 780, 838, 779, 778, 777, 776, 741]

 ### Operon type: 49

	 A0A011PP01	[850, 849, 848, 853, 847, 854, 855, 856, 857]
	 A0A011NVE7	[850, 849, 848, 853, 847, 854, 855, 856, 857]

 ### Operon type: 50

	 A0A011P2I4	[795, 685, 858, 857, 856, 855, 854, 847, 853]
	 A0A011N9N8	[795, 685, 858, 857, 856, 855, 854, 847, 853]

 ### Operon type: 51

	 A0A011PIY7	[859, 0, 858, 857, 856, 855, 854, 0, 853]

 ### Operon type: 52

	 A0A011Q3J4	[0, 859, 858, 857, 856, 855, 854, 847, 0]

 ### Operon type: 53

	 A0A011MH88	[620, 859, 858, 857, 856, 855, 854, 847, 853]

 ### Operon type: 54

	 A0A013SPM5	[493, 492, 661, 660, 659, 491, 490, 489, 657]
	 A0A009QFZ7	[493, 492, 661, 660, 659, 491, 490, 489, 657]
	 A0A009HSL1	[493, 492, 661, 660, 659, 491, 490, 489, 657]
	 A0A010IX62	[493, 492, 661, 660, 659, 491, 490, 489, 657]
	 A0A009MH71	[493, 492, 661, 660, 659, 491, 490, 489, 657]
	 A0A009I6Z0	[493, 492, 661, 660, 659, 491, 490, 489, 657]
	 A0A009TK03	[493, 492, 661, 660, 659, 491, 490, 489, 657]

 ### Operon type: 55

	 A0A009ZIX8	[0, 662, 661, 660, 659, 658, 0, 657, 0]

 ### Operon type: 56

	 A0A013TPR7	[464, 463, 462, 461, 563, 460, 459, 812, 591]
	 A0A010JJN4	[464, 463, 462, 461, 563, 460, 459, 812, 591]
	 A0A009NI48	[464, 463, 462, 461, 563, 460, 459, 812, -1]
	 A0A009PMT3	[464, 463, 462, 461, 563, 460, 459, 812, 591]
	 A0A009SEP4	[464, 463, 462, 461, 563, 0, 460, 459, 0]
	 A0A009HJJ5	[464, 463, 462, 461, 563, 460, 459, 812, 63]
	 A0A009RMI1	[464, 463, 462, 461, 563, 460, 459, 812, 0]
	 A0A009I8I7	[464, 463, 462, 461, 563, 460, 459, 812, 63]
	 A0A009YG45	[0, 464, 463, 462, 563, 0, 460, 459, 812]

 ### Operon type: 57

	 A0A013TPQ9	[470, 469, 468, 467, 466, 716, 712, 465, 592]
	 A0A013S8F0	[470, 469, 468, 467, 466, 716, 712, 465, 592]
	 A0A010IZH1	[-1, 469, 468, 467, 466, 716, 712, 465, 592]
	 A0A009PMU2	[470, 469, 468, -1, 466, 716, 712, 465, 592]
	 A0A009SZ84	[470, 469, 468, 467, 466, 716, 712, 465, 592]
	 A0A009HJM0	[470, 469, 468, 467, 466, 716, 712, 465, 592]

 ### Operon type: 58

	 A0A009HUS9	[469, 468, 0, 467, 466, 38, -1, 37, 36]

 ### Operon type: 59

	 A0A009ISE1	[460, 459, 812, 36, 37, -1, 38, 466, 467]

 ### Operon type: 60

	 A0A009NPS1	[470, 469, 468, 467, 466, -1, 812, 459, 460]

 ### Operon type: 61

	 A0A009QSI3	[302, 301, 300, 299, 298, 607, 606, 297, -1]
	 A0A013SB36	[302, 301, 300, 299, 298, 607, 606, 297, 231]

 ### Operon type: 62

	 A0A010ITP2	[302, 301, 300, 299, 298, 607, 606, 0, 0]

 ### Operon type: 63

	 A0A009SII9	[-1, 301, 300, 299, 298, 607, 606, 174, 173]

 ### Operon type: 64

	 A0A009T0Q9	[298, 607, 606, 174, 173, 231, 620, 716, 51]

 ### Operon type: 65

	 A0A009YJF4	[0, 607, 606, 46, 45, 620, 716, 0, 51]

 ### Operon type: 66

	 A0A009GP96	[0, 58, 716, 474, 188, 35, 557, 57, 56]

 ### Operon type: 67

	 A0A009GSR4	[474, 188, 35, 557, 57, 56, 56, 55, 0]

 ### Operon type: 68

	 A0A009IIT6	[58, 716, 474, 188, 57, 56, 56, 55, 0]

 ### Operon type: 69

	 A0A011SQL0	[835, 203, -1, 202, 201, 200, 554, 199, 198]
	 A0A011UZ49	[203, -1, 202, 201, 200, 554, 199, 198, 0]

 ### Operon type: 70

	 A0A009PT82	[685, 655, 275, 274, 273, 272, 271, 270, 269]
	 A0A009SIF9	[685, 655, 275, 274, 273, 272, 271, 270, 269]

 ### Operon type: 71

	 A0A009IS10	[119, 0, 0, 0, 273, 272, 271, 0, 0]

 ### Operon type: 72

	 A0A009QHW5	[0, 0, 0, 383, 273, 272, 271, 0, 171]

 ### Operon type: 73

	 A0A011UVB4	[0, 0, 0, 151, 0, 0, 119, 0, 514]

 ### Operon type: 74

	 A0A011V107	[373, -1, 372, 371, 370, 369, 368, 367, 0]
	 A0A011U7M7	[0, 373, -1, 372, 371, 370, 369, 368, 367]

 ### Operon type: 75

	 A0A011TLH0	[237, 370, 372, 236, 371, 369, 0, 0, 0]

 ### Operon type: 76

	 A0A011UG87	[356, 357, 358, 237, 370, 372, 236, 371, 369]

 ### Operon type: 77

	 A0A011TLH7	[358, 357, 356, 0, 0, 0, 0, 0, 0]

 ### Operon type: 78

	 A0A011TWN2	[355, 354, 353, 352, 351, 350, 349, 0, 0]
	 A0A011TAF9	[0, 0, 355, 354, 353, 352, 351, 350, 349]

 ### Operon type: 79

	 A0A011Q5V7	[736, 0, 0, 0, 735, 734, 733, 732, 731]

 ### Operon type: 80

	 A0A011RM25	[735, 734, 733, 732, 731, 774, 0, 513, 0]

 ### Operon type: 81

	 A0A011QIE8	[715, 714, 713, 712, 711, 710, 709, 0, 0]
	 A0A011QDV3	[715, 714, 713, 712, 711, 710, 655, 0, 709]

 ### Operon type: 82

	 A0A011PL71	[800, 799, 798, 797, 796, 795, 794, 793, 0]
	 A0A011QAB0	[799, 798, 797, 0, 796, 795, 794, 793, 0]

 ### Operon type: 83

	 A0A011Q6N5	[730, 729, 728, 0, 0, 0, 727, 726, 727]

 ### Operon type: 84

	 A0A011SGD5	[0, 0, 0, 0, 0, 0, 730, 729, 728]

 ### Operon type: 85

	 A0A011NYU6	[651, 650, 0, 649, 845, 589, 588, 0, 648]

 ### Operon type: 86

	 A0A011PYI6	[651, 650, 0, 649, 845, 648, 647, 833, 0]

 ### Operon type: 87

	 A0A011P1C0	[0, 0, 589, 588, 648, 0, 0, 0, 0]

 ### Operon type: 88

	 A0A011PKU5	[806, 805, 804, 803, 804, 802, 801, 0, 0]
	 A0A011N4G4	[0, 0, 806, 805, 804, 803, 804, 802, 801]

 ### Operon type: 89

	 A0A010ZWJ8	[14, 13, 12, 846, 11, 684, 343, 684, 10]

 ### Operon type: 90

	 A0A011AHW1	[11, 846, 12, 13, 14, 0, 0, 15, 0]

 ### Operon type: 91

	 A0A011AHU9	[343, 684, 10, 0, 0, 0, 0, 17, 620]

 ### Operon type: 92

	 A0A010ZX98	[9, 8, 7, 6, 5, 20, 712, 712, 0]

 ### Operon type: 93

	 A0A011AIL7	[5, 6, 7, 8, 9, 0, 0, 0, 0]

 ### Operon type: 94

	 A0A010YF95	[737, 487, 777, 486, 485, 485, 484, 483, 482]

 ### Operon type: 95

	 A0A010ZJQ6	[487, 777, 486, 485, 485, 484, 483, 482, 0]

 ### Operon type: 96

	 A0A009GXL8	[49, 48, 47, 46, 45, 86, 331, 330, 329]

 ### Operon type: 97

	 A0A010JIW7	[49, 48, 47, 46, 45, 0, 0, 331, 330]

 ### Operon type: 98

	 A0A011QNA5	[0, 708, 707, 706, 0, 705, 704, 703, 702]
	 A0A009ZLJ7	[702, 703, 704, 705, 0, 0, 708, 707, 706]

 ### Operon type: 99

	 A0A013T0T6	[705, 704, 703, 702, 505, 504, 503, 502, 501]
	 A0A009QMH5	[705, 704, 703, 702, 505, 504, 503, 502, 501]
	 A0A009HAX1	[705, 704, 703, 702, 505, 504, 503, 502, 501]
	 A0A009PE10	[705, 704, 703, 702, 505, 78, 503, 502, -1]
	 A0A009RMD0	[705, 704, 703, 702, 505, 78, 503, 502, 501]
	 A0A009ISY0	[705, 704, 703, 702, 505, 78, 503, 502, 501]

 ### Operon type: 100

	 A0A010ILW6	[705, 704, 703, 702, 505, 504, 0, 0, 502]

 ### Operon type: 101

	 A0A009Z9X7	[704, 703, 702, 0, 505, 0, 773, 0, 502]

 ### Operon type: 102

	 A0A013S8V2	[235, 234, 0, 0, 0, 233, 0, 0, 0]
	 A0A009R8E1	[0, 587, 0, 235, 234, 0, 0, 233, 0]

 ### Operon type: 103

	 A0A009ZFR5	[679, 678, 677, 676, 675, 674, 673, 672, 861]
	 A0A009ICH6	[679, 678, 677, 676, 675, 674, 673, 672, 861]

 ### Operon type: 104

	 A0A009NQA1	[679, 678, 677, 676, 260, 259, 499, 861, 809]
	 A0A009RR21	[679, 678, 677, 676, 260, 259, 499, 861, 809]

 ### Operon type: 105

	 A0A009HTN9	[679, 678, 677, 676, 260, 259, 40, 621, 39]
	 A0A009T3J5	[679, 678, 677, 676, 260, 259, 40, 621, 39]

 ### Operon type: 106

	 A0A009Q0U9	[679, 678, 677, 676, 260, 259, -1, -1, 0]

 ### Operon type: 107

	 A0A009QEG7	[248, 247, 246, 245, 244, 243, 242, 241, 240]
	 A0A009IPC3	[248, 247, 246, 245, 244, 243, 242, 241, 240]

 ### Operon type: 108

	 A0A009I573	[71, 0, 41, 68, 0, 42, 244, 245, 246]

 ### Operon type: 109

	 A0A009ILP9	[241, 0, 246, 245, 244, 42, 240, 68, 41]

 ### Operon type: 110

	 A0A009I953	[241, 0, 246, 245, 244, 42, 240, 0, -1]

 ### Operon type: 111

	 A0A009SX74	[690, 836, 0, 68, 240, 241, 247, 248, 67]

 ### Operon type: 112

	 A0A009MMG9	[320, 447, 603, 510, 319, 318, 317, 316, 315]
	 A0A009QVK8	[320, 447, 603, 510, 319, 318, 317, 316, 315]
	 A0A010IPH1	[320, 447, 603, 510, 319, 318, 317, 316, 315]
	 A0A009ICP5	[320, 447, 603, 510, 319, 318, 317, 316, 315]

 ### Operon type: 113

	 A0A009QLL2	[159, 158, 157, 156, 319, 318, 317, 316, 315]
	 A0A009SIV4	[159, 158, 157, 156, 319, 318, 317, 316, 315]
	 A0A009HTW0	[159, 158, 157, 156, 319, 318, 317, 316, 315]
	 A0A013TSJ4	[158, 157, 0, 156, 319, 318, 317, 316, 315]

 ### Operon type: 114

	 A0A013TCN9	[430, 429, 428, 427, 426, 425, 424, 716, 712]
	 A0A009QNC9	[430, 429, 428, 427, 426, 425, 424, 716, 712]
	 A0A009NIJ3	[430, 429, 428, 427, 426, 425, 424, 716, 712]
	 A0A010ITG1	[430, 429, 428, 427, 426, 425, 424, 716, 712]
	 A0A013TRC1	[430, 429, 428, 427, 426, 425, 424, 716, 712]

 ### Operon type: 115

	 A0A009H935	[0, 0, 428, 427, 426, 425, 424, 716, 712]

 ### Operon type: 116

	 A0A009QEX0	[314, 313, 312, 311, 310, 296, 296, 833, 295]
	 A0A009SF48	[314, 313, 312, 311, 310, -1, 296, 833, 295]
	 A0A009IMX3	[314, 313, 312, 311, 310, 296, 296, 833, 295]

 ### Operon type: 117

	 A0A009MR00	[314, 313, 312, 311, 310, 309, 679, 308, 307]
	 A0A013S7V1	[314, 313, 312, 311, 310, 309, 679, 308, 307]
	 A0A010ISX2	[314, 313, 312, 311, 310, 309, 679, 308, 307]
	 A0A009RES7	[314, 313, 312, 311, 310, 309, 679, 308, 307]

 ### Operon type: 118

	 A0A009YTT3	[3, 671, 312, 311, 310, 309, 679, 308, 307]

 ### Operon type: 119

	 A0A009GYP9	[0, 0, 0, 311, 310, 309, 679, 308, 307]

 ### Operon type: 120

	 A0A009ZZC8	[-1, 65, 66, 3, 671, 312, 311, 310, 309]

 ### Operon type: 121

	 A0A011WSE5	[397, 396, 395, 394, 393, 392, 324, 323, 322]
	 A0A011UGX8	[398, 397, 396, 395, 394, 393, 392, 324, 323]

 ### Operon type: 122

	 A0A011VZG0	[399, 0, 398, 397, 396, 395, 394, 393, 392]

 ### Operon type: 123

	 A0A009SJZ7	[151, 150, 149, 148, 147, 526, 146, 145, 144]
	 A0A009PJF7	[150, 149, 149, 148, 147, 526, 146, 145, 144]

 ### Operon type: 124

	 A0A009Z5G0	[526, 148, 149, 0, 325, 150, 151, 183]

 ### Operon type: 125

	 A0A010JJC1	[573, 471, 389, 388, 387, 386, 385, 390, 384]
	 A0A010IZ41	[471, 389, 388, 387, 386, 385, 390, 384, 443]

 ### Operon type: 126

	 A0A009QJL6	[573, 471, 389, 388, 0, 384, 443, 52, 0]

 ### Operon type: 127

	 A0A013TB41	[451, -1, 450, 449, 448, 685, 447, 832, 446]
	 A0A013SGL3	[451, 230, 450, 449, 448, 685, 447, 832, 446]
	 A0A009NE81	[451, 230, 450, 449, 448, 685, 447, 832, 446]
	 A0A010KAV2	[451, 230, 450, 449, 448, 685, 447, 832, 446]
	 A0A009SHB3	[451, 230, 450, 449, 448, 685, 447, 832, 446]
	 A0A009PG53	[451, 230, 450, 449, 448, 685, 447, 832, 446]
	 A0A009RQH3	[451, 230, 450, 449, 448, 685, 447, 832, 446]
	 A0A009I5Z6	[451, 230, 450, 449, 448, 685, 447, 832, 446]

 ### Operon type: 128

	 A0A009H3X4	[451, 230, 450, 449, 448, 685, -1, 618, -1]

 ### Operon type: 129

	 A0A009PIB4	[0, 0, 0, 268, 267, 266, 557, 716, 795]
	 A0A009SLR5	[0, 0, 0, 268, 267, 266, 557, 716, 795]

 ### Operon type: 130

	 A0A009HSU4	[0, 0, 790, 716, 0, 685, 832, 795, 557]

 ### Operon type: 131

	 A0A009I463	[582, 54, 53, 546, 546, 475, 253, 252, 258]
	 A0A009PAG1	[582, 54, 53, 546, 546, 475, 253, 252, 258]

 ### Operon type: 132

	 A0A013SKX6	[0, 0, 582, 0, 546, 546, 475, 253, 252]

 ### Operon type: 133

	 A0A011Q5S3	[741, 740, 0, 0, 0, 0, 739, 738, 737]

 ### Operon type: 134

	 A0A011UZZ4	[0, 739, 738, 0, 0, 0, 377, 377, 737]

 ### Operon type: 135

	 A0A011UTJ0	[0, 0, 0, 124, 123, 122, 825, 121, 120]

 ### Operon type: 136

	 A0A011VMV7	[124, 123, 122, 825, 121, 120, 104, 103, 102]

 ### Operon type: 137

	 A0A011NYT4	[815, 814, 813, 812, 0, 608, 608, 607, 606]

 ### Operon type: 138

	 A0A011P8E9	[0, 0, 815, 814, 0, 813, 812, 0, 0]

 ### Operon type: 139

	 A0A010SYH9	[32, 31, 30, 29, 28, 0, 0, 0, 0]
	 A0A010TF34	[0, -1, 0, 0, 32, 31, 30, 29, 28]

 ### Operon type: 140

	 A0A010S7A1	[211, 210, 209, 530, 0, 208, 0, 0, 0]
	 A0A010TFJ4	[0, -1, 0, 211, 210, 209, 530, -1, 208]

 ### Operon type: 141

	 A0A009HJC2	[164, 712, 603, 163, 546, 557, 162, 161, 160]
	 A0A009PAV9	[164, -1, 603, 163, 546, 557, 162, 161, 160]

 ### Operon type: 142

	 A0A009SE02	[0, 160, 0, 0, 0, 161, 162, 557, 546]

 ### Operon type: 143

	 A0A009HS41	[832, 679, 680, 337, 136, 716, 716, 335, 255]
	 A0A009RSB7	[832, 679, 680, 337, 136, 716, 716, 335, 255]
	 A0A009SYU8	[832, 679, 680, 337, 136, 716, 716, 335, 255]

 ### Operon type: 144

	 A0A013SHA9	[832, 679, 680, 337, 336, 716, 716, 335, 255]
	 A0A010IT25	[832, 679, 680, 337, 336, 716, 716, 335, 255]
	 A0A009I466	[832, 679, 680, 337, 336, 716, 716, 335, 255]

 ### Operon type: 145

	 A0A009NMQ9	[832, 679, 680, 337, 336, 0, 716, 716, 335]

 ### Operon type: 146

	 A0A009P8A9	[0, 0, 680, 337, 136, 716, 716, 335, 255]

 ### Operon type: 147

	 A0A009NJ90	[220, 219, 218, 217, 216, 215, 214, 228, 227]
	 A0A009ITT8	[220, 219, 218, 217, 216, 214, 228, 227, 226]

 ### Operon type: 148

	 A0A009NCH6	[229, 228, 227, 226, 225, 224, 223, 222, 221]
	 A0A009IJ01	[228, 227, 226, 116, 225, 224, 223, 222, 221]

 ### Operon type: 149

	 A0A009RQL5	[228, 227, 226, 113, 225, 224, 223, 222, 0]

 ### Operon type: 150

	 A0A009MGQ8	[216, 0, 229, 228, 227, 226, 225, 224, 223]

 ### Operon type: 151

	 A0A009IJ07	[89, 88, 117, 217, 216, 228, 227, 226, 116]
	 A0A009RHH7	[89, 88, 117, 217, 216, 215, 228, 227, 226]
	 A0A009S6G1	[89, 88, 117, 217, 216, 228, 227, 226, 225]

 ### Operon type: 152

	 A0A009HZK2	[117, 217, 216, 228, 227, 226, 116, 225, 224]

 ### Operon type: 153

	 A0A009R4N4	[217, 216, 215, 228, 227, 226, 113, 225, 224]

 ### Operon type: 154

	 A0A009S5A5	[216, 215, 214, 228, 227, 226, 116, 64, 225]

 ### Operon type: 155

	 A0A009RHH9	[0, 0, 0, 0, 90, 89, 88, 117, 217]

 ### Operon type: 156

	 A0A011PGU1	[0, 0, 689, 698, 697, 696, 688, 687, 686]
	 A0A011MDH1	[643, 0, 689, 698, 697, 696, 688, 687, 686]

 ### Operon type: 157

	 A0A011V0P4	[376, 375, 0, 0, 374, 0, 0, 402, 401]

 ### Operon type: 158

	 A0A011WPV7	[402, 401, 0, 0, 0, 0, 0, 0, 0]

 ### Operon type: 159

	 A0A011UDF3	[698, 522, 0, 0, 0, 348, 529, 528, 754]

 ### Operon type: 160

	 A0A011VSC9	[529, 528, 754, 0, 0, 0, 0, 0, 0]

 ### Operon type: 161

	 A0A011SF89	[579, 578, 577, 0, 0, 0, 0, 0, 0]

 ### Operon type: 162

	 A0A011UCX7	[0, 799, 579, 578, 0, 577, 115, 0, 0]

 ### Operon type: 163

	 A0A011RNP9	[0, 0, 0, 0, 0, 515, 794, 0, 0]

 ### Operon type: 164

	 A0A011V0B5	[582, 0, 0, 0, 0, 0, 515, 0, 0]

 ### Operon type: 165

	 A0A011RQC9	[0, 582, 581, 0, 0, 0, 0, 580, 0]

 ### Operon type: 166

	 A0A011QG28	[700, 699, 698, 0, 697, 696, 695, 694, 693]
	 A0A011RIM8	[700, 699, 0, 0, 697, 696, 695, 694, 693]

 ### Operon type: 167

	 A0A011PHI6	[841, 0, 840, 0, 0, 839, 838, 837, 0]

 ### Operon type: 168

	 A0A011QI68	[0, 0, 840, 839, 0, 0, 0, 0, 0]

 ### Operon type: 169

	 A0A011NVJ6	[614, 625, 624, 623, 622, 621, 0, 0, 613]

 ### Operon type: 170

	 A0A011PVP2	[0, 625, 624, 623, 622, 621, 0, 0, 725]

 ### Operon type: 171

	 A0A011NXY7	[0, 0, 624, 0, 622, 0, 0, 0, 0]

 ### Operon type: 172

	 A0A011QR69	[772, 771, 861, 770, 810, 809, 0, 0, 0]
	 A0A011NUB4	[772, 771, 861, 770, 810, 809, 0, 605, 0]

 ### Operon type: 173

	 A0A011NN36	[771, 861, 0, 0, 810, 809, 0, 0, 0]

 ### Operon type: 174

	 A0A011PK69	[861, 811, 0, 0, 810, 809, 0, 0, 0]

 ### Operon type: 175

	 A0A011NYD6	[630, 871, 870, 610, 609, 629, 628, 627, 626]
	 A0A011RMI6	[630, 871, 870, 610, 609, 629, 628, 627, 626]

 ### Operon type: 176

	 A0A011QB28	[631, 630, 871, 0, 0, 629, 628, 627, 626]

 ### Operon type: 177

	 A0A011NF33	[0, 629, 628, 0, 0, 0, 0, 0, 0]

 ### Operon type: 178

	 A0A011NBY4	[600, 0, 0, 599, 0, 0, 598, 0, 0]

 ### Operon type: 179

	 A0A011WRT0	[600, 0, 0, 0, 0, 0, 0, 833, 0]

 ### Operon type: 180

	 A0A011SHV5	[0, 0, 0, 0, 0, 574, 833, 573, 0]

 ### Operon type: 181

	 A0A011NB95	[0, 775, 0, 0, 0, 0, 603, 602, 601]

 ### Operon type: 182

	 A0A011UHT4	[52, 391, 602, 0, 0, 25, 25, 601, 0]

 ### Operon type: 183

	 A0A010Z1W7	[0, 0, 0, 0, 0, 509, 0, 488, 360]

 ### Operon type: 184

	 A0A011VY84	[0, 0, 360, 488, 0, 0, 0, 0, 0]

 ### Operon type: 185

	 A0A010YW85	[0, 0, 0, 0, 0, 184, 0, 488, 360]

 ### Operon type: 186

	 A0A010ZMA0	[488, 593, 0, 0, 0, 0, 0, 0, 0]

 ### Operon type: 187

	 A0A011N5L2	[0, 0, 0, 593, 0, 592, 591, 0, 0]

 ### Operon type: 188

	 A0A009MJ75	[0, 0, 258, 257, 256, 0, 0, 0, 474]

 ### Operon type: 189

	 A0A010IH51	[0, 315, 0, 0, 256, 0, 474, 0, 0]

 ### Operon type: 190

	 A0A011TYT7	[0, 0, 0, 0, 0, 0, 315, 187, 187]

 ### Operon type: 191

	 A0A010RRR9	[0, 0, 0, 0, 721, 0, 0, 531, 474]

 ### Operon type: 192

	 A0A010SIA7	[0, 0, 531, 530, 0, 0, 0, 0, 0]

 ### Operon type: 193

	 A0A010RFQ9	[0, 0, 666, 0, 564, 0, 0, 0, 0]

 ### Operon type: 194

	 A0A010SPR9	[23, 23, 0, 0, 0, 564, 0, 0, 0]

 ### Operon type: 195

	 A0A009LNU8	[551, 553, 554, 555, 0, 33, 0, 557, 0]

 ### Operon type: 196

	 A0A013SRG6	[556, 555, 554, 553, 0, 552, 0, 551, 597]

 ### Operon type: 197

	 A0A009IQU8	[0, 553, 0, 0, 0, 552, 597, 0, 0]

 ### Operon type: 198

	 A0A010K2K8	[554, 555, 556, 0, 0, 0, 0, -1, 557]

 ### Operon type: 199

	 A0A011NPR8	[0, 597, 0, 0, 0, 0, 596, 0, 0]

 ### Operon type: 200

	 A0A010SEA2	[740, 596, 532, 0, 0, 0, 0, 0, 0]

 ### Operon type: 201

	 A0A010IGH8	[0, 0, 0, 0, 0, 0, 0, 179, 335]

 ### Operon type: 202

	 A0A010STD3	[0, 0, 0, 347, 346, 345, 0, 335, 179]

 ### Operon type: 203

	 A0A010SQJ5	[178, 510, 0, 347, 346, 345, 0, 0, 0]

 ### Operon type: 204

	 A0A013RVV2	[430, 0, 181, 180, 0, 0, 335, 179, 0]

 ### Operon type: 205

	 A0A011TD67	[348, 0, 0, 347, 346, 345, 344, 0, 343]

 ### Operon type: 206

	 A0A009ZC12	[0, 0, 0, 347, 0, 345, 344, 170, 752]

 ### Operon type: 207

	 A0A009YSC7	[0, 0, 598, 1, 0, 1, 181, 180, 0]

 ### Operon type: 208

	 A0A009ZJK4	[0, 0, 0, 0, 0, 0, 679, 656, 0]

 ### Operon type: 209

	 A0A010SVN1	[-1, 656, 716, 507, 238, 0, 0, 679, 0]

 ### Operon type: 210

	 A0A009QGN4	[286, 285, 284, 283, 282, 281, 0, 0, 0]
	 A0A009PFK7	[286, 285, 284, 283, 282, 0, 0, 281, 0]

 ### Operon type: 211

	 A0A009YR20	[0, 281, 0, 0, 0, 0, 285, 0, 0]

 ### Operon type: 212

	 A0A009SCM5	[62, 61, 60, 0, 0, 0, 0, 0, 0]

 ### Operon type: 213

	 A0A009TJ77	[67, 79, 0, 0, 0, 0, 62, 61, 60]

 ### Operon type: 214

	 A0A009HZV2	[0, 0, 0, 0, 280, 279, 215, 0, 0]

 ### Operon type: 215

	 A0A009QPE7	[0, 0, 0, 0, 280, 279, 0, 0, 0]

 ### Operon type: 216

	 A0A009MGR3	[0, 0, 168, 0, 494, 64, 82, 167, 166]

 ### Operon type: 217

	 A0A009Q4G0	[0, 169, 168, 0, 494, 0, 167, 166, 167]

 ### Operon type: 218

	 A0A009PB53	[0, 0, 334, 333, 494, 167, 166, 167, 332]

 ### Operon type: 219

	 A0A009PUJ8	[0, 334, 333, 494, 0, 332, 331, 330, 329]

 ### Operon type: 220

	 A0A009QQC0	[278, 0, 306, 716, 304, 304, 303, 465, 507]
	 A0A009H7I0	[278, 0, 0, 716, 304, 304, 303, 465, 507]

 ### Operon type: 221

	 A0A009MVG4	[306, 0, 305, 716, 304, 304, 303, 465, 507]

 ### Operon type: 222

	 A0A009QA91	[251, 250, 832, 716, 304, 304, 303, 465, 507]
	 A0A010J377	[251, 250, 832, 716, 304, 304, 303, 465, 507]

 ### Operon type: 223

	 A0A009S1X4	[251, 250, 832, 716, 304, 304, 716, 0, 108]

 ### Operon type: 224

	 A0A013SHF4	[0, 0, 305, 716, 304, 304, 0, 254, 0]

 ### Operon type: 225

	 A0A011PJK8	[790, 789, 788, 787, 786, 785, 0, 0, 0]
	 A0A011N3C3	[0, 0, 0, 790, 789, 788, 787, 786, 785]

 ### Operon type: 226

	 A0A011WKI4	[0, 0, 0, 0, 0, 791, 405, 404, 403]
	 A0A011UWH1	[791, 405, 404, 403, 0, 0, 0, 0, 0]

 ### Operon type: 227

	 A0A010YKP2	[0, 0, 0, 0, 0, 0, 613, 366, 0]

 ### Operon type: 228

	 A0A011V1A2	[375, 0, 0, 366, 0, 0, 0, 0, 0]

 ### Operon type: 229

	 A0A011NGS0	[0, 0, 0, 0, 653, 682, 0, 0, 0]

 ### Operon type: 230

	 A0A011PW61	[0, 0, 0, 0, 653, 682, 0, 0, 652]

 ### Operon type: 231

	 A0A011UXI1	[0, 807, 0, 0, 653, 682, 277, 0, 0]

 ### Operon type: 232

	 A0A011SWI9	[-1, -1, 0, 841, 653, 682, 277, -1, -1]

 ### Operon type: 233

	 A0A011P952	[682, 0, 681, 0, 0, 681, 0, 0, 0]

 ### Operon type: 234

	 A0A011Q1B3	[646, 837, 645, 644, 645, 725, 643, 0, 0]
	 A0A011QVV5	[0, 0, 646, 837, 645, 644, 645, 725, 643]

 ### Operon type: 235

	 A0A011NSG8	[0, 0, 0, 837, 645, 644, 0, 645, 0]

 ### Operon type: 236

	 A0A011P0X4	[0, 0, 643, 0, 645, 0, 0, 644, 587]

 ### Operon type: 237

	 A0A010YNY9	[0, 0, 152, 43, 0, 0, 0, 0, 472]

 ### Operon type: 238

	 A0A011AC71	[108, 0, 0, 196, 0, 152, 43, 0, 832]

 ### Operon type: 239

	 A0A011PRW6	[873, 0, 0, 0, 872, 871, 870, 0, 0]
	 A0A011QLX0	[0, 873, 0, 0, 872, 0, 871, 870, 0]

 ### Operon type: 240

	 A0A010SML6	[0, 871, 870, -1, 0, 836, 0, 0, 0]

 ### Operon type: 241

	 A0A010RS09	[0, 0, 0, 0, 29, 0, 618, 618, 0]

 ### Operon type: 242

	 A0A010RTE7	[0, 0, 0, 0, 0, 0, 29, 79, 0]

 ### Operon type: 243

	 A0A009P817	[265, 0, 0, 0, 264, 0, 263, 262, 261]

 ### Operon type: 244

	 A0A009TIY0	[0, 0, 0, 0, 264, 0, 263, 262, 0]

 ### Operon type: 245

	 A0A009QKA3	[263, 262, 0, 261, 0, 0, 0, 0, 286]

 ### Operon type: 246

	 A0A009HSR2	[0, 135, 134, 0, 133, 339, 340, 215, 341]

 ### Operon type: 247

	 A0A009SWM1	[0, 135, 134, 0, 133, 0, 0, 340, 0]

 ### Operon type: 248

	 A0A009MYX0	[342, 341, 0, 790, 0, 0, 340, 339, 338]

 ### Operon type: 249

	 A0A009QK79	[0, 0, 338, 339, 0, 340, 0, 0, 341]

 ### Operon type: 250

	 A0A009GXJ1	[100, 99, 339, 340, 50, 215, 341, 342, 0]

 ### Operon type: 251

	 A0A013TKW8	[0, 760, 0, 557, 415, 414, 413, 412, 411]
	 A0A009QT77	[0, 0, -1, 557, 415, 414, 413, 412, 411]
	 A0A010IT95	[0, 0, 0, 557, 415, 414, 413, 412, 411]
	 A0A009PRQ9	[0, 557, 69, 0, 415, 414, 413, 412, 411]
	 A0A009MH36	[0, 0, 0, 557, 415, 414, 413, 412, 411]
	 A0A009S0T6	[0, 0, 557, 69, 415, 414, 413, 412, 411]
	 A0A009GWD0	[215, 0, 0, 557, 415, 414, 413, 412, 411]
	 A0A009I5G9	[0, 0, 557, 69, 415, 414, 413, 412, 411]

 ### Operon type: 252

	 A0A013TMJ7	[712, -1, 0, 557, 415, 412, 411, 0, 0]

 ### Operon type: 253

	 A0A011VXC2	[-1, 365, 0, 843, 364, 363, 362, 559, 361]
	 A0A011V392	[365, 0, 843, 364, 363, 362, 0, 559, 361]

 ### Operon type: 254

	 A0A011V490	[399, 400, 0, 361, 559, 362, 363, 364, 843]

 ### Operon type: 255

	 A0A011VZF5	[0, 0, 364, 363, 362, 799, 400, 799, 0]

 ### Operon type: 256

	 A0A011VU44	[0, 0, 0, 0, 0, 525, 0, 0, 0]
	 A0A011WLE7	[0, 0, 0, 0, 0, 525, 0, 0, 0]

 ### Operon type: 257

	 A0A011VAP2	[0, 0, 101, 0, 0, 0, 0, 0, 561]

 ### Operon type: 258

	 A0A011VRJ8	[0, 0, 0, 0, 0, 0, 101, 0, 0]

 ### Operon type: 259

	 A0A011RNU1	[0, 0, 0, 0, 0, 0, 512, 512, 511]

 ### Operon type: 260

	 A0A011VKJ9	[0, 0, 0, 0, 0, 0, 511, 512, -1]

 ### Operon type: 261

	 A0A011PQZ7	[0, 0, 0, 846, 845, 0, 844, 0, 0]

 ### Operon type: 262

	 A0A011TUX4	[0, 0, 0, 0, 845, 0, 0, 844, 0]

 ### Operon type: 263

	 A0A011STZ9	[0, 0, 0, 844, 0, 0, 0, 0, 0]

 ### Operon type: 264

	 A0A011PRF5	[842, 0, 0, 0, 0, 0, 0, 0, 0]
	 A0A011PUJ9	[0, 0, 0, 0, 0, 0, 0, 0, 842]

 ### Operon type: 265

	 A0A011PFY8	[0, 0, 0, 0, 0, 0, 0, 0, 851]

 ### Operon type: 266

	 A0A011PNS3	[852, 851, 0, 0, 0, 0, 0, 0, 0]

 ### Operon type: 267

	 A0A011T648	[0, 851, 0, 0, 0, 0, 0, 861, 0]

 ### Operon type: 268

	 A0A010YYJ5	[0, 0, 0, 799, 0, 0, 0, 177, 177]

 ### Operon type: 269

	 A0A011NDM5	[799, 0, 0, 0, 0, 0, 0, 0, 0]

 ### Operon type: 270

	 A0A011MSR2	[0, 0, 0, 584, 0, 0, 0, 799, 799]

 ### Operon type: 271

	 A0A011WSU6	[0, 799, 0, 0, 559, 0, 0, 0, 0]

 ### Operon type: 272

	 A0A011AEN3	[0, 0, 0, 0, 0, 0, 695, 0, 0]
	 A0A011U3C2	[0, 0, 695, 0, 0, 0, 0, 0, 0]

 ### Operon type: 273

	 A0A011AAZ2	[0, 586, 0, 0, 0, 695, 695, 695, 0]

 ### Operon type: 274

	 A0A011T698	[0, 0, 0, 0, 0, 832, 695, 0, 0]

 ### Operon type: 275

	 A0A010YRE8	[0, 0, 0, 0, 0, 0, 0, 20, 0]

 ### Operon type: 276

	 A0A011AF05	[0, 0, 108, 20, 0, 0, 0, 0, 0]

 ### Operon type: 277

	 A0A009ZG48	[0, 0, 0, 760, 0, 0, 0, 0, 0]

 ### Operon type: 278

	 A0A011PEJ8	[0, 0, 761, 760, 0, 0, 0, 0, 0]

 ### Operon type: 279

	 A0A011QNJ7	[701, 0, 0, 760, 0, 0, 0, 701, 0]

 ### Operon type: 280

	 A0A011MMJ4	[0, 0, 0, 0, 0, 0, 0, 701, 0]

 ### Operon type: 281

	 A0A011R8M3	[0, 0, 761, 760, 0, 276, 0, 701, 0]

 ### Operon type: 282

	 A0A009ZC82	[0, 0, 835, 0, 0, 0, 0, 0, 0]

 ### Operon type: 283

	 A0A011P3F6	[836, 0, 0, 835, 0, 0, 0, 0, 0]

 ### Operon type: 284

	 A0A009IG48	[0, 0, 0, 70, 59, 0, 0, 0, 836]

 ### Operon type: 285

	 A0A009IMQ0	[0, 0, 0, 70, 59, 0, 0, 0, 0]

 ### Operon type: 286

	 A0A009SWV1	[0, 0, 0, 0, 0, 0, 0, 70, 0]

 ### Operon type: 287

	 A0A009Q512	[0, 0, 0, 0, 165, 0, 0, 0, 0]
	 A0A009PMZ9	[165, 0, 0, 0, 0, 0, 0, 0, 0]

 ### Operon type: 288

	 A0A009IFL2	[0, 473, 0, 34, -1, 0, 0, 0]

 ### Operon type: 289

	 A0A009ZDS1	[-1, -1, 0, 473, 0, 0, 471, 0, 0]

 ### Operon type: 290

	 A0A010SNM6	[154, 153, -1, 0, 0, 0, 712, 0, 0]

 ### Operon type: 291

	 A0A010T5D8	[153, 154, 0, -1, 0, -1, 443, 0, 0]

 ### Operon type: 292

	 A0A011UB51	[359, 0, 0, 0, 0, 0, 0, 0, 0]
	 A0A011UFH1	[0, 0, 0, 0, 0, 359, 0, 0, 0]

 ### Operon type: 293

	 A0A011VHP2	[0, -1, -1, -1, 106, 0, 0, 0, 0]
	 A0A011V965	[0, -1, -1, 0, 106, 0, -1, -1, 0]

 ### Operon type: 294

	 A0A010RVD0	[-1, 0, 0, -1, 0, 744, 744, 0, 27]

 ### Operon type: 295

	 A0A010T7Q5	[0, 27, 0, 0, 0, 0, -1, 0, 0]

 ### Operon type: 296

	 A0A010SJH7	[0, 0, 712, -1, 0, 0, 303, 0, 0]

 ### Operon type: 297

	 A0A010SRR2	[0, 0, -1, 0, 0, 0, 0, 0, 712]

 ### Operon type: 298

	 A0A010RY47	[-1, 0, -1, 0, 0, 0, 0, 0, 0]
	 A0A010TF14	[-1, 0, 0, 0, 0, 0, 0, 0, 0]
	 A0A010RKP8	[0, 0, 0, 0, 0, 0, -1, 0, 0]
	 A0A011UZ32	[0, 0, 0, 0, 0, -1, 0, 0, 0]
	 A0A009HJU6	[0, 0, 0, 0, 0, 0, 0, 0, -1]

 ### Operon type: 299

	 A0A010SJF9	[0, 0, 0, 0, 0, -1, 0, 155, -1]

 ### Operon type: 300

	 A0A011ML54	[0, 0, 0, 619, 0, 0, 0, 0, -1]

 ### Operon type: 301

	 A0A011NHY1	[0, 0, 0, 0, 0, 712, 0, 0, 0]

 ### Operon type: 302

	 A0A010Z171	[0, 0, 0, 0, 0, 0, 712, 0, 790]

 ### Operon type: 303

	 A0A011T697	[712, 0, 0, 0, 0, 0, 0, 0, 263]

 ### Operon type: 304

	 A0A011TDD1	[0, 239, 712, 0, 0, 0, 0, 0, 0]

 ### Operon type: 305

	 A0A011VW24	[0, 0, 774, 0, 0, 0, 0, 0, -1]

 ### Operon type: 306

	 A0A011T8V3	[0, 0, 774, 0, 0, 0, 0, 0, 0]

 ### Operon type: 307

	 A0A010TH98	[652, 0, 0, 774, 0, 0, 0, 0, 0]

 ### Operon type: 308

	 A0A011QVR3	[0, 0, 0, 0, 0, 0, 0, 775, 774]

 ### Operon type: 309

	 A0A011VYF1	[774, 0, 0, 0, 0, 0, 359, 0, 0]

 ### Operon type: 310

	 A0A010S415	[-1, 774, 0, 507, 0, 0, 0, 0, 506]

 ### Operon type: 311

	 A0A011PNN2	[0, 0, 0, 0, 0, 0, 0, 0, 0]
	 A0A011PBM9	[0, 0, 0, 0, 0, 0, 0, 0, 0]
	 A0A011QSN2	[0, 0, 0, 0, 0, 0, 0, 0, 0]
	 A0A011QMJ8	[0, 0, 0, 0, 0, 0, 0, 0, 0]
	 A0A011P9Z5	[0, 0, 0, 0, 0, 0, 0, 0, 0]
	 A0A011Q056	[0, 0, 0, 0, 0, 0, 0, 0, 0]
	 A0A011NTU3	[0, 0, 0, 0, 0, 0, 0, 0, 0]
	 A0A011NAJ1	[0, 0, 0, 0, 0, 0, 0, 0, 0]
	 A0A011NMI8	[0, 0, 0, 0, 0, 0, 0, 0, 0]
	 A0A010ZTI3	[0, 0, 0, 0, 0, 0, 0, 0, 0]
	 A0A011N2Z0	[0, 0, 0, 0, 0, 0, 0, 0, 0]
	 A0A010SHY1	[0, 0, 0, 0, 0, 0, 0, 0, 0]
	 A0A013TEV4	[0, 0, 0, 0, 0, 0, 0, 0, 0]
	 A0A011VYF6	[0, 0, 0, 0, 0, 0, 0, 0, 0]
	 A0A009MH90	[0, 0, 0, 0, 0, 0, 0, 0, 0]
	 A0A013SBR8	[0, 0, 0, 0, 0, 0, 0, 0, 0]
	 A0A009M4K0	[0, 0, 0, 0, 0, 0, 0, 0, 0]
	 A0A013SL47	[0, 0, 0, 0, 0, 0, 0, 0, 0]
	 A0A011WUT3	[0, 0, 0, 0, 0, 0, 0, 0, 0]
	 A0A013S2B9	[0, 0, 0, 0, 0, 0, 0, 0, 0]
	 A0A011UBN9	[0, 0, 0, 0, 0, 0, 0, 0, 0]
	 A0A011VNE2	[0, 0, 0, 0, 0, 0, 0, 0, 0]
	 A0A011UHL2	[0, 0, 0, 0, 0, 0, 0, 0, 0]
	 A0A009PDV4	[0, 0, 0, 0, 0, 0, 0, 0, 0]
	 A0A011UFM5	[0, 0, 0, 0, 0, 0, 0, 0, 0]
	 A0A010YJA7	[0, 0, 0, 0, 0, 0, 0, 0, 0]
	 A0A009HIL8	[0, 0, 0, 0, 0, 0, 0, 0, 0]
	 A0A010T025	[0, 0, 0, 0, 0, 0, 0, 0, 0]
	 A0A010SPJ7	[0, 0, 0, 0, 0, 0, 0, 0, 0]
	 A0A010SSQ8	[0, 0, 0, 0, 0, 0, 0, 0, 0]
	 A0A011A146	[0, 0, 0, 0, 0, 0, 0, 0, 0]
	 A0A010YZS8	[0, 0, 0, 0, 0, 0, 0, 0, 0]
	 A0A010Z120	[0, 0, 0, 0, 0, 0, 0, 0, 0]

 ### Operon type: 312

	 A0A010TG27	[791, 0, 24, 0, 0, 0, 716, 0, 0]

 ### Operon type: 313

	 A0A011PMK1	[0, 0, 0, 0, 0, 0, 0, 791, 0]

 ### Operon type: 314

	 A0A009HM15	[0, 223, 222, 0, 0, 0, -1, 0, 0]

 ### Operon type: 315

	 A0A009HRU1	[0, 339, 0, 0, 0, 0, 0, 0, 0]

 ### Operon type: 316

	 A0A009HSN8	[0, 169, 0, 0, 0, -1, 0, 332, -1]

 ### Operon type: 317

	 A0A009HV82	[331, 0, 0, 0, 0, 0, 0, 0, 0]

 ### Operon type: 318

	 A0A009IG74	[0, 0, 257, 0, 546, -1, 0, 0, 0]

 ### Operon type: 319

	 A0A009IJ90	[0, 67, 0, 0, 0, 0, 0, 0, 0]

 ### Operon type: 320

	 A0A009NM94	[0, 576, 576, 0, 0, 0, 239, 0, 0]

 ### Operon type: 321

	 A0A009Q4N5	[0, 0, 265, 0, 0, 0, 0, 0, 0]

 ### Operon type: 322

	 A0A009SSZ9	[0, 71, 0, 0, 0, 0, 0, 0, 0]

 ### Operon type: 323

	 A0A009YIH1	[0, 0, 0, 0, 225, 0, -1, -1, 2]

 ### Operon type: 324

	 A0A009YR05	[0, 0, 0, 0, 123, 0, 0, 0, 0]

 ### Operon type: 325

	 A0A009Z004	[126, 0, 126, 0, 0, 790, 0, 0, 0]

 ### Operon type: 326

	 A0A010RUQ5	[0, 0, 0, 0, 0, 0, 0, 0, 143]

 ### Operon type: 327

	 A0A010S195	[835, 0, 509, 508, 0, 0, 0, 0, 0]

 ### Operon type: 328

	 A0A010SCZ2	[0, 0, 0, 0, 0, 0, 0, 327, 0]

 ### Operon type: 329

	 A0A010SN41	[0, 0, 0, 0, 558, 0, 0, 0, 0]

 ### Operon type: 330

	 A0A010SSU2	[0, 0, 0, 0, 50, 0, -1, 683, 0]

 ### Operon type: 331

	 A0A010SUP6	[0, 0, 0, 0, 0, 0, 0, 508, 0]

 ### Operon type: 332

	 A0A010SUY9	[0, 0, 0, 0, 0, 276, 761, 0]

 ### Operon type: 333

	 A0A010THK2	[0, 0, -1, 0, 0, 618, 790, 0, 0]

 ### Operon type: 334

	 A0A010SRL4	[24, 0, 0, -1, 0, 0, 0, 790, 114]

 ### Operon type: 335

	 A0A010YX61	[450, 695, 0, 774, 0, 0, 0, 0, 0]

 ### Operon type: 336

	 A0A010S5W8	[0, 0, 584, 725, 0, 0, 0, 0, 0]

 ### Operon type: 337

	 A0A011NE37	[540, 0, 0, 0, 0, 0, 0, 0, 0]

 ### Operon type: 338

	 A0A011NF78	[0, 0, 751, 0, 0, 0, 0, 0, 0]

 ### Operon type: 339

	 A0A011NVE2	[0, 0, 0, 861, 0, 0, 712, 0, 604]

 ### Operon type: 340

	 A0A011NXJ4	[0, 0, 0, 0, 0, 0, 0, 0, 611]

 ### Operon type: 341

	 A0A011P8I1	[0, 0, 693, 695, 0, 0, 0, 0, 684]

 ### Operon type: 342

	 A0A011P9Q7	[680, 0, 0, 0, 0, 0, 0, 0, 0]

 ### Operon type: 343

	 A0A011PJ75	[0, 861, 860, 861, 0, 0, 0, 0, 0]

 ### Operon type: 344

	 A0A011PRB4	[0, 0, 0, 0, 0, 0, 0, 843, 0]

 ### Operon type: 345

	 A0A011QVT2	[773, 0, 0, 0, 0, 0, 0, 852, 0]

 ### Operon type: 346

	 A0A011RP14	[0, 0, 0, 0, 0, 0, 0, 583, 0]

 ### Operon type: 347

	 A0A011SM49	[712, 0, 583, 0, 0, 0, 204, 0, 0]

 ### Operon type: 348

	 A0A011AM27	[844, 0, 0, 0, 563, 0, 0, 0, 562]

 ### Operon type: 349

	 A0A011T607	[0, 0, 725, 0, 0, 0, 0, 0, 239]

 ### Operon type: 350

	 A0A011TAW2	[0, 0, 0, 0, 0, 0, 550, 0, 0]

 ### Operon type: 351

	 A0A011TED9	[0, 0, 0, 0, 0, 354, 0, 0, 0]

 ### Operon type: 352

	 A0A011TXS5	[0, 197, 0, 0, 0, 0, 0, 0, 0]

 ### Operon type: 353

	 A0A011U144	[0, 143, 0, 0, 0, 0, 611, 659, 0]

 ### Operon type: 354

	 A0A011U1C8	[832, 0, 0, 0, 0, 0, 0, 0, 142]

 ### Operon type: 355

	 A0A011U483	[0, 0, 0, 0, 0, 831, 0, 0, 0]

 ### Operon type: 356

	 A0A011UG86	[0, 837, 0, 0, 0, 155, 0, 0, 0]

 ### Operon type: 357

	 A0A011UQB5	[575, 599, 0, 0, 0, 0, 0, 359, 0]

 ### Operon type: 358

	 A0A011UVI5	[0, 0, 0, 0, 0, 472, 861, 861, 0]

 ### Operon type: 359

	 A0A011UWI3	[0, 0, 0, 0, 267, 0, 212, 835, 0]

 ### Operon type: 360

	 A0A011V5E6	[0, 0, 0, 0, 0, 322, 0, 0, 0]

 ### Operon type: 361

	 A0A011M4H6	[561, 0, 560, 0, 0, 0, 0, 0, 0]

 ### Operon type: 362

	 A0A011VSV3	[0, 0, 0, 0, 0, 0, 698, 0, 0]

 ### Operon type: 363

	 A0A011VWI0	[0, 0, 0, 0, 0, 391, 0, 0, 0]

 ### Operon type: 364

	 A0A011VZ91	[403, 0, 0, 0, 0, 0, 0, 0, 0]

 ### Operon type: 365

	 A0A011WP76	[0, 0, 0, 0, 0, 0, 0, 0, 777]

 ### Operon type: 366

	 A0A011WSD4	[0, 0, 0, -1, 0, 799, 0, 0, 400]

 ### Operon type: 367

	 A0A011WT35	[400, 0, 0, 0, 0, 0, 0, 0, 0]

 ### Operon type: 368

	 A0A013S843	[0, 465, 0, 0, 0, 0, -1, 178, 0]

 ### Operon type: 369

	 A0A013T5E6	[0, 0, 0, 494, 0, 0, 0, 0, 0]

 ### Operon type: 370

	 A0A009T185	[771, 0, 860, 860, 137, 861, 860, 186, 621]

 ### Operon type: 371

	 A0A010IN36	[138, 712, 0, 0, 137, 861, 860, 186, 621]

 ### Operon type: 372

	 A0A009PG43	[861, 860, 421, 852, 0, 186, 621, 0, 0]

 ### Operon type: 373

	 A0A009INE0	[138, 0, 0, 0, 0, 0, 0, 860, 186]

 ### Operon type: 374

	 A0A009T9H0	[0, 2, 836, -1, 0, 0, 340, 0, 339]

 ### Operon type: 375

	 A0A010THH5	[0, 532, 473, 472, 0, 0, 573, 0, 471]

 ### Operon type: 376

	 A0A011WSH8	[0, 0, 0, 716, 321, 0, 0, 0, 0]
	 A0A011VZE3	[0, 0, 0, 716, 321, 0, 0, 0, 0]

 ### Operon type: 377

	 A0A011NAF3	[0, 0, 0, 0, 0, 0, 716, 0, 854]

 ### Operon type: 378

	 A0A009IQ93	[115, 0, 716, 0, 0, 114, 0, 0, 0]

 ### Operon type: 379

	 A0A009Q8S9	[0, 0, 836, 542, 0, 185, 0, 0, 0]

 ### Operon type: 380

	 A0A009TLU4	[0, 197, -1, 33, 0, 22, 0, -1, -1]

 ### Operon type: 381

	 A0A009ZB47	[171, 269, 0, 0, 0, 799, 388, 0, 0]

 ### Operon type: 382

	 A0A009ZVR4	[581, 0, 695, 0, 0, 177, 0, 0, 176]

 ### Operon type: 383

	 A0A010JIN9	[388, 0, 0, 79, 240, 0, 0, 0, 0]

 ### Operon type: 384

	 A0A010S003	[687, 0, 0, 0, 0, 837, 837, 510, 0]

 ### Operon type: 385

	 A0A010SMN8	[0, -1, 152, 0, 564, 0, 0, 691, 0]

 ### Operon type: 386

	 A0A010SXS1	[0, 421, 0, 0, 0, 408, 0, 0, 852]

 ### Operon type: 387

	 A0A010T689	[562, -1, 573, 515, 0, 0, 0, 0, 0]

 ### Operon type: 388

	 A0A010TBB4	[0, 664, 0, 155, 0, 0, 0, 0, 832]

 ### Operon type: 389

	 A0A010YFK3	[0, 732, 0, 0, 0, 0, 523, 0, 142]

 ### Operon type: 390

	 A0A010YVY1	[19, 0, 19, 0, 0, 0, 0, 510, 0]

 ### Operon type: 391

	 A0A010ZSZ2	[0, 586, 0, 658, 585, 0, 0, 0, 0]

 ### Operon type: 392

	 A0A010Z0Y7	[0, 0, 0, 0, 585, 507, 0, 0, 0]

 ### Operon type: 393

	 A0A011A0M8	[0, 0, 790, 0, 34, 0, 0, 4, 4]

 ### Operon type: 394

	 A0A011NFL4	[0, 617, 0, 0, 616, 791, 0, 615, 0]

 ### Operon type: 395

	 A0A011P407	[0, 0, 834, 833, 0, 0, 832, 0, 831]

 ### Operon type: 396

	 A0A011QGT2	[716, 0, 0, 787, 786, 0, 0, 0, 0]

 ### Operon type: 397

	 A0A011QSA4	[754, 0, 753, 752, 0, 0, 0, 0, 751]

 ### Operon type: 398

	 A0A011T6J6	[0, 736, 0, 695, 0, 0, 213, 0, 184]

 ### Operon type: 399

	 A0A011TAL2	[0, 725, 0, 0, 0, 196, 0, 613, 0]

 ### Operon type: 400

	 A0A011TZG0	[790, 726, 0, 0, 0, 0, 0, 416, 0]

 ### Operon type: 401

	 A0A011UGY3	[324, 323, 322, 26, 0, 0, 0, 26, 0]

 ### Operon type: 402

	 A0A011UII7	[0, 0, 0, 0, 0, 604, 483, 0, 0]

 ### Operon type: 403

	 A0A011UNT9	[185, 206, 0, 0, 0, 0, 0, 0, 0]

 ### Operon type: 404

	 A0A011SIS0	[0, 634, 207, 207, 0, 0, 0, 206, 0]

 ### Operon type: 405

	 A0A011UT49	[0, 586, 0, 0, 0, 0, 421, 125, 0]

 ### Operon type: 406

	 A0A011VU65	[524, 0, 0, 0, 0, 523, 0, 698, 522]

 ### Operon type: 407

	 A0A011VV03	[0, 328, 0, 0, 374, 561, 0, 0, 0]

 ### Operon type: 408

	 A0A011VVZ9	[0, 0, -1, 0, 0, 327, 326, 326, 325]

 ### Operon type: 409

	 A0A011VWX7	[852, 376, 0, 0, 0, 0, 0, 574, 0]

 ### Operon type: 410

	 A0A011VXK7	[576, 576, 0, 537, 0, 0, 0, 738, 0]

 ### Operon type: 411

	 A0A011W0I6	[189, 0, 0, 0, 0, 801, 0, 619, 0]

 ### Operon type: 412

	 A0A010YEF6	[0, 189, 0, 0, 0, 0, 0, 0, 44]

 ### Operon type: 413

	 A0A013SQH1	[0, 0, 0, 0, 558, 808, 0, 557, 603]

 ### Operon type: 414

	 A0A009QJA8	[330, 329, 0, 0, 0, 0, 0, 0, 572]

 ### Operon type: 415

	 A0A009YL68	[0, 0, 832, 451, 448, 0, 0, 170, 0]

 ### Operon type: 416

	 A0A010JNG7	[557, 0, 0, 390, 0, 0, 0, 0, 0]

 ### Operon type: 417

	 A0A010RM40	[500, 716, 647, 0, 0, 0, 0, -1, 815]

 ### Operon type: 418

	 A0A010RRQ6	[0, 560, 0, 0, 0, 564, 669, 480, 0]

 ### Operon type: 419

	 A0A010S423	[213, 0, 0, 0, 0, 0, 0, 212, 580]

 ### Operon type: 420

	 A0A010T0I7	[0, 0, 44, 0, 0, 693, 753, 716, 0]

 ### Operon type: 421

	 A0A010ZUR7	[328, 16, 0, 16, 0, 15, 510, 0, 0]

 ### Operon type: 422

	 A0A011NA78	[0, 590, 0, 0, 0, 744, 0, 0, 815]

 ### Operon type: 423

	 A0A011P8W7	[792, 834, 852, 0, 683, 0, 0, 0, 0]

 ### Operon type: 424

	 A0A011PG97	[691, 0, 0, 690, 0, 0, 0, 0, 0]

 ### Operon type: 425

	 A0A011PKT4	[0, 808, 0, 0, 0, 0, 807, 0, 0]

 ### Operon type: 426

	 A0A011PLB2	[0, 792, 0, 811, 0, 0, 0, 0, 0]

 ### Operon type: 427

	 A0A011R339	[0, 0, 0, 0, 0, 0, 100, 99, 0]

 ### Operon type: 428

	 A0A011SFE5	[0, 0, 0, 576, 0, 0, 617, 833, 575]

 ### Operon type: 429

	 A0A011SJT5	[0, 0, 0, 325, 205, 205, 205, 205, 205]

 ### Operon type: 430

	 A0A011TDQ5	[0, 0, 0, 0, 238, 803, 0, 0, 0]

 ### Operon type: 431

	 A0A011VT01	[0, 0, 527, 0, 0, 527, 0, 0, 526]

 ### Operon type: 432

	 A0A009Z3V9	[716, 0, 0, 0, 0, 157, 788, 158, 159]

 ### Operon type: 433

	 A0A010SRB2	[22, 21, 0, 0, 0, 21, 154, 0, 0]

 ### Operon type: 434

	 A0A010KA25	[388, 0, 573, 337, 188, 0, 0, 388, 469]

 ### Operon type: 435

	 A0A011TZN1	[104, 103, 102, 0, 90, 0, 0, 0, 0]

 ### Operon type: 436

	 A0A011VJ76	[105, 105, 125, 615, 0, 716, 790, 0, 834]

 ### Operon type: 437

	 A0A011UG17	[144, 0, 190, 0, 396, 524, 0, 0, 0]

 ### Operon type: 438

	 A0A011WUA8	[631, 0, 0, 183, 0, 0, 0, 182, 182]

 ### Operon type: 439

	 A0A010S4X6	[0, 507, 647, 837, 441, 0, 614, 800, 618]

 ### Operon type: 440

	 A0A010YY02	[0, 18, 0, 0, 18, 649, 662, 0, 17]
