
 ### Operon type: 1

	 A0A010ILU3	[833, 832, 831, 830, 829, 828, 827, 826, 825]
	 A0A009H3B0	[833, 832, 831, 830, 829, 828, 827, 826, 825]
	 A0A009MW50	[833, 832, 831, 830, 829, 828, 827, 826, 825]
	 A0A009QS71	[833, 832, 831, 830, 829, 828, 827, 826, 825]
	 A0A009QBR9	[833, 832, 831, 830, 829, 828, 826, 825, 109]
	 A0A009I8S2	[833, 832, 831, 830, 829, 828, 826, 825, 109]
	 A0A009TM70	[833, 832, 831, 830, 829, 828, 826, 825, 109]

 ### Operon type: 2

	 A0A013TH43	[390, 389, 630, 582, 388, 387, 386, 385, 593]
	 A0A009RAF0	[390, 389, 630, 582, 388, 387, 386, 385, 593]

 ### Operon type: 3

	 A0A011PVT3	[712, 546, 545, 544, 855, 543, 542, 541, 540]
	 A0A011R7V7	[712, 546, 545, 544, 855, 543, 542, 541, 540]
	 A0A011MET3	[712, 546, 545, 544, 855, 543, 542, 541, 540]

 ### Operon type: 4

	 A0A013SNJ8	[786, 357, 825, 356, 355, 354, 364, 353, 352]
	 A0A013RZW2	[786, 357, 825, 356, 355, 354, 364, 353, 352]
	 A0A009IV03	[786, 357, 825, 356, 355, 354, 364, 353, 352]
	 A0A009HBT3	[786, 357, 825, 356, 355, 354, 364, 353, 352]
	 A0A009PH20	[786, 357, 825, 356, 355, 354, 364, 353, 352]
	 A0A009MMM3	[786, 357, 825, 356, 355, 354, 364, 353, 352]
	 A0A009RD69	[786, 357, 825, 356, 355, 354, 364, 353, 352]
	 A0A009SIZ4	[786, 357, 825, 356, 355, 354, 364, 353, 352]
	 A0A010J9U3	[786, 357, 825, 356, 355, 354, 364, 353, 352]
	 A0A009YIZ0	[786, 357, 825, 356, 355, 354, 364, 353, 352]

 ### Operon type: 5

	 A0A009PH57	[140, 139, -1, 138, 137, 488, 305, 606, 136]
	 A0A009TG92	[140, 139, -1, 138, 137, 488, 305, 606, 136]

 ### Operon type: 6

	 A0A013S288	[466, 339, 338, 337, 354, 336, 335, 334, 333]
	 A0A009I0I9	[466, 339, 338, 337, 354, 336, 335, 334, 333]
	 A0A009N031	[466, 339, 338, 337, 354, 336, 335, 334, 333]
	 A0A009PWG1	[466, 339, 338, 337, 354, 336, 335, 334, 333]
	 A0A009R2X0	[466, 339, 338, 337, 354, 336, 335, 334, 333]
	 A0A009SFX8	[466, 339, 338, 337, 83, 354, 336, 335, 334]
	 A0A013SXT2	[466, 339, 338, 337, 354, 336, 335, 334, 333]
	 A0A010J3I1	[466, 339, 338, 337, 354, 336, 335, 334, 333]
	 A0A009TBM2	[339, 338, 337, 83, 354, 336, 335, 334, 333]

 ### Operon type: 7

	 A0A010IMP8	[817, 816, 815, 814, 813, 812, 811, 810, 809]
	 A0A013SZ54	[817, 816, 815, 814, 813, 812, 811, 810, 809]
	 A0A013T8M5	[817, 816, 815, 814, 813, 812, 811, 810, 809]
	 A0A009IRJ6	[817, 816, 815, 814, 813, 812, 811, 810, 809]
	 A0A009SWU0	[817, 816, 815, 814, 813, 812, 811, 810, 809]
	 A0A009H7U0	[817, 816, 815, 814, 813, 812, 811, 810, 809]
	 A0A009N123	[817, 816, 815, 814, 813, 812, 811, 810, 809]
	 A0A009Q3K7	[817, 816, 815, 814, 813, 812, 811, 810, 809]
	 A0A009RBQ2	[817, 816, 815, 814, 813, 812, 811, 810, 809]
	 A0A009ZM43	[-1, 816, 815, 814, 813, 812, 811, 810, 809]

 ### Operon type: 8

	 A0A013RMD0	[-1, 348, 857, 347, 346, 865, 345, 344, 343]
	 A0A009S854	[-1, 348, 857, 347, 346, 865, 345, 344, 343]
	 A0A009H6M2	[-1, 348, 857, 347, 346, 865, 345, 344, 343]
	 A0A009N9Z1	[-1, 348, 857, 347, 346, 865, 345, 344, 343]
	 A0A009QDV7	[-1, 348, 857, 347, 346, 865, 345, 344, 343]
	 A0A009IHQ3	[-1, 348, 857, 347, 346, 865, 345, 344, 343]
	 A0A009RG92	[-1, 348, 857, 347, 346, 865, 345, 344, 343]
	 A0A010JDA6	[-1, 348, 857, 347, 346, 865, 345, 344, 343]
	 A0A009ZIC0	[117, 348, 857, 347, 346, 865, 345, 344, 343]

 ### Operon type: 9

	 A0A011UIA1	[421, 420, 419, 418, 417, 416, 415, 414, 0]
	 A0A011V5V3	[0, 421, 420, 419, 418, 417, 416, 415, 414]

 ### Operon type: 10

	 A0A011PTE7	[516, 515, 514, 513, 512, 0, 511, 510, 509]
	 A0A011NE72	[516, 515, 514, 513, 512, 511, 510, 509, 0]

 ### Operon type: 11

	 A0A009I4A1	[243, 242, 861, 241, 240, 239, 238, 237, 236]
	 A0A010JWJ1	[243, 242, 861, 241, 240, 239, 238, 237, 236]

 ### Operon type: 12

	 A0A009QF22	[108, 107, 243, 0, 240, 239, 238, 237, 236]
	 A0A009TBY8	[108, 107, 243, 241, 240, 239, 238, 237, 236]

 ### Operon type: 13

	 A0A011NEY3	[498, 565, 564, 563, 563, 562, 561, 560, 0]

 ### Operon type: 14

	 A0A011PAN4	[565, 564, 0, 563, 563, 562, 561, 560, 559]

 ### Operon type: 15

	 A0A011RCD5	[498, 565, 564, 563, 563, 562, 561, 560, 559]

 ### Operon type: 16

	 A0A011P4U7	[0, 578, 577, 576, 575, 574, 573, 572, 571]
	 A0A011NAY5	[578, 577, 576, 575, 574, 573, 572, 571, 0]

 ### Operon type: 17

	 A0A011NW66	[761, 760, 759, 758, 757, 730, 0, 0, 0]
	 A0A011PF67	[761, 760, 759, 758, 757, 0, 0, 0, 0]
	 A0A011NBX7	[761, 760, 759, 758, 757, 730, 0, 0, 0]

 ### Operon type: 18

	 A0A011NS68	[761, 760, 759, 758, 757, 756, 755, 754, 753]
	 A0A011RHX4	[761, 760, 759, 758, 757, 756, 755, 754, 0]

 ### Operon type: 19

	 A0A010YT39	[0, 50, 21, 856, 20, 19, 18, 17, 316]

 ### Operon type: 20

	 A0A010Z7T4	[21, 856, 20, 19, 18, 17, 316, 853, 520]

 ### Operon type: 21

	 A0A013SP43	[366, 365, 364, 363, 362, 361, 360, 359, 358]
	 A0A009RUN3	[366, 365, 364, 363, 362, 361, 360, 359, 358]
	 A0A010K6G6	[366, 365, 364, 363, 362, 361, 360, 0, 358]

 ### Operon type: 22

	 A0A011VWR4	[0, 0, 0, 0, 176, 175, 174, 173, 172]

 ### Operon type: 23

	 A0A011VYP6	[176, 175, 174, 173, 172, 0, 171, 544, 0]

 ### Operon type: 24

	 A0A011NEQ1	[0, 710, 709, 708, 707, 706, 705, 704, 703]
	 A0A011QAS2	[0, 710, 709, 708, 707, 706, 705, 704, 703]

 ### Operon type: 25

	 A0A010JSI3	[872, 873, 871, 870, 869, 868, 867, 866, 0]
	 A0A013T0M4	[872, 873, 871, 870, 869, 868, 867, 866, 0]
	 A0A009HDS5	[872, 873, 871, 870, 869, 868, 867, 866, 199]
	 A0A009RGL2	[872, 873, 871, 870, 869, 868, 867, 866, 199]

 ### Operon type: 26

	 A0A009SNL0	[216, 215, 317, 287, 286, 285, 284, 283, 282]

 ### Operon type: 27

	 A0A009T1I8	[317, 287, 286, 285, 284, 283, 282, 0, 0]

 ### Operon type: 28

	 A0A011VW71	[0, 158, 157, 156, 155, 154, 153, 629, 439]
	 A0A011VUV0	[158, 157, 156, 155, 154, 153, 629, 439, 0]

 ### Operon type: 29

	 A0A011UG71	[66, 71, 65, 152, 151, 150, 149, 148, 147]

 ### Operon type: 30

	 A0A011V8Z7	[0, 0, 66, 71, 65, 152, 151, 150, 149]

 ### Operon type: 31

	 A0A011V8Y9	[152, 151, 150, 149, 148, 147, 0, 0, 0]

 ### Operon type: 32

	 A0A011U8C0	[0, 150, 71, 0, 602, 148, 0, 0, 0]

 ### Operon type: 33

	 A0A011QSF0	[0, 666, 665, 664, 663, 662, 661, 660, 0]
	 A0A011QBB5	[645, 666, 665, 664, 663, 662, 661, 660, 644]
	 A0A011Q0X6	[645, 666, 665, 664, 663, 662, 661, 660, 644]
	 A0A011Q1X8	[666, 0, 665, 664, 663, 662, 661, 660, 644]

 ### Operon type: 34

	 A0A011PG87	[645, 666, 665, 664, 663, 662, 661, 0, 0]

 ### Operon type: 35

	 A0A011PCT1	[653, 652, 651, 0, 0, 0, 0, 636, 0]

 ### Operon type: 36

	 A0A011QU35	[0, 0, 0, 0, 654, 0, 653, 652, 651]

 ### Operon type: 37

	 A0A011Q2B1	[657, 570, 654, 640, 651, 639, 638, 637, 636]

 ### Operon type: 38

	 A0A011RLN8	[656, 655, 654, 640, 651, 639, 638, 637, 636]

 ### Operon type: 39

	 A0A011P700	[0, 0, 659, 658, 657, 570, 654, 640, 651]

 ### Operon type: 40

	 A0A011QSI4	[0, 0, 659, 658, 657, 0, 656, 655, 654]

 ### Operon type: 41

	 A0A013T337	[503, 862, 404, 403, 402, 764, 401, 805, 400]
	 A0A013TH30	[503, 862, 404, 403, 402, 764, 401, 805, 400]
	 A0A013S981	[328, 503, 862, 404, 403, 402, 764, 401, 805]

 ### Operon type: 42

	 A0A010JY00	[328, 503, 862, 404, 104, 764, 401, 805, 400]

 ### Operon type: 43

	 A0A013TPV4	[378, 377, 376, 375, 374, 373, 623, 861, 372]
	 A0A009SZB5	[378, 377, 376, 375, 374, 373, 623, 861, 372]
	 A0A009MGJ1	[378, 377, 376, 375, 374, 373, 623, 861, 372]
	 A0A009QQ47	[378, 377, 376, 375, 374, 373, 623, 861, 372]
	 A0A009HL81	[378, 377, 376, 375, 374, 373, 623, 861, 372]
	 A0A009HR98	[378, 377, 376, 375, 374, 373, 623, 861, 372]
	 A0A010IZE4	[378, 377, 376, 375, 374, 373, 623, 861, 372]

 ### Operon type: 44

	 A0A009Z8F7	[377, 376, 373, 0, 374, 273, 273, 0, 272]

 ### Operon type: 45

	 A0A009R016	[121, 120, 119, 118, 117, -1, 852, 116, 115]
	 A0A009HFU9	[121, 120, 119, 118, 117, 852, 116, 115, 0]

 ### Operon type: 46

	 A0A011UJN3	[0, 803, 0, 0, 591, 590, 589, 588, 587]

 ### Operon type: 47

	 A0A011W213	[591, 590, 589, 588, 587, 747, 0, 0, 0]

 ### Operon type: 48

	 A0A011QIT1	[692, 691, 690, 689, 688, 687, 686, 685, 684]
	 A0A011QUG8	[692, 691, 690, 689, 688, 687, 0, 686, 685]

 ### Operon type: 49

	 A0A011NVE7	[745, 744, 743, 742, 741, 740, 739, 738, 737]
	 A0A011PP01	[745, 744, 743, 742, 741, 740, 739, 738, 737]

 ### Operon type: 50

	 A0A011P2I4	[550, 549, 548, 737, 738, 739, 740, 741, 742]
	 A0A011N9N8	[550, 549, 548, 737, 738, 739, 740, 741, 742]

 ### Operon type: 51

	 A0A011PIY7	[508, 0, 548, 737, 738, 739, 740, 0, 742]

 ### Operon type: 52

	 A0A011Q3J4	[0, 508, 548, 737, 738, 739, 740, 741, 0]

 ### Operon type: 53

	 A0A011MH88	[289, 508, 548, 737, 738, 739, 740, 741, 742]

 ### Operon type: 54

	 A0A013SPM5	[398, 397, 396, 395, 408, 394, 393, 392, 391]
	 A0A009QFZ7	[398, 397, 396, 395, 408, 394, 393, 392, 391]
	 A0A009MH71	[398, 397, 396, 395, 408, 394, 393, 392, 391]
	 A0A009I6Z0	[398, 397, 396, 395, 408, 394, 393, 392, 391]
	 A0A009HSL1	[398, 397, 396, 395, 408, 394, 393, 392, 391]
	 A0A010IX62	[398, 397, 396, 395, 408, 394, 393, 392, 391]
	 A0A009TK03	[398, 397, 396, 395, 408, 394, 393, 392, 391]

 ### Operon type: 55

	 A0A009ZIX8	[0, 32, 396, 395, 408, 476, 0, 391, 0]

 ### Operon type: 56

	 A0A010JJN4	[850, 849, 848, 847, 846, 845, 844, 843, 842]
	 A0A013TPR7	[850, 849, 848, 847, 846, 845, 844, 843, 842]
	 A0A009SEP4	[850, 849, 848, 847, 846, 0, 845, 844, 0]
	 A0A009RMI1	[850, 849, 848, 847, 846, 845, 844, 843, 0]
	 A0A009NI48	[850, 849, 848, 847, 846, 845, 844, 843, -1]
	 A0A009PMT3	[850, 849, 848, 847, 846, 845, 844, 843, 842]
	 A0A009HJJ5	[850, 849, 848, 847, 846, 845, 844, 843, 105]
	 A0A009I8I7	[850, 849, 848, 847, 846, 845, 844, 843, 105]
	 A0A009YG45	[0, 850, 849, 848, 846, 0, 845, 844, 843]

 ### Operon type: 57

	 A0A013TPQ9	[384, 383, 382, 381, 380, 861, 807, 379, 504]
	 A0A013S8F0	[384, 383, 382, 381, 380, 861, 807, 379, 504]
	 A0A009SZ84	[384, 383, 382, 381, 380, 861, 807, 379, 504]
	 A0A009PMU2	[384, 383, 382, -1, 380, 861, 807, 379, 504]
	 A0A009HJM0	[384, 383, 382, 381, 380, 861, 807, 379, 504]
	 A0A010IZH1	[-1, 383, 382, 381, 380, 861, 807, 379, 504]

 ### Operon type: 58

	 A0A009HUS9	[383, 382, 0, 381, 380, 260, -1, 261, 262]

 ### Operon type: 59

	 A0A009ISE1	[845, 844, 843, 262, 261, -1, 260, 380, 381]

 ### Operon type: 60

	 A0A009NPS1	[384, 383, 382, 381, 380, -1, 843, 844, 845]

 ### Operon type: 61

	 A0A013SB36	[327, 326, 325, 324, 323, 716, 715, 322, 321]
	 A0A009QSI3	[327, 326, 325, 324, 323, 716, 715, 322, -1]

 ### Operon type: 62

	 A0A010ITP2	[327, 326, 325, 324, 323, 716, 715, 0, 0]

 ### Operon type: 63

	 A0A009SII9	[-1, 326, 325, 324, 323, 716, 715, 291, 290]

 ### Operon type: 64

	 A0A009T0Q9	[323, 716, 715, 291, 290, 321, 289, 861, 288]

 ### Operon type: 65

	 A0A009YJF4	[0, 716, 715, 73, 72, 289, 861, 0, 288]

 ### Operon type: 66

	 A0A009GP96	[0, 99, 861, 853, 98, 78, 852, 97, 96]

 ### Operon type: 67

	 A0A009GSR4	[853, 98, 78, 852, 97, 96, 96, 95, 0]

 ### Operon type: 68

	 A0A009IIT6	[99, 861, 853, 98, 97, 96, 96, 95, 0]

 ### Operon type: 69

	 A0A011SQL0	[605, 604, -1, 603, 602, 601, 600, 599, 598]
	 A0A011UZ49	[604, -1, 603, 602, 601, 600, 599, 598, 0]

 ### Operon type: 70

	 A0A009PT82	[549, 646, 130, 129, 265, 264, 263, 128, 270]
	 A0A009SIF9	[549, 646, 130, 129, 265, 264, 263, 128, 270]

 ### Operon type: 71

	 A0A009IS10	[440, 0, 0, 0, 265, 264, 263, 0, 0]

 ### Operon type: 72

	 A0A009QHW5	[0, 0, 0, 833, 265, 264, 263, 0, 271]

 ### Operon type: 73

	 A0A011UVB4	[0, 0, 0, 441, 0, 0, 440, 0, 439]

 ### Operon type: 74

	 A0A011V107	[427, -1, 461, 459, 462, 458, 426, 425, 0]
	 A0A011U7M7	[0, 427, -1, 461, 459, 462, 458, 426, 425]

 ### Operon type: 75

	 A0A011TLH0	[463, 462, 461, 460, 459, 458, 0, 0, 0]

 ### Operon type: 76

	 A0A011UG87	[455, 456, 457, 463, 462, 461, 460, 459, 458]

 ### Operon type: 77

	 A0A011TLH7	[457, 456, 455, 0, 0, 0, 0, 0, 0]

 ### Operon type: 78

	 A0A011TAF9	[0, 0, 474, 473, 472, 471, 470, 469, 468]
	 A0A011TWN2	[474, 473, 472, 471, 470, 469, 468, 0, 0]

 ### Operon type: 79

	 A0A011Q5V7	[482, 0, 0, 0, 635, 634, 633, 632, 631]

 ### Operon type: 80

	 A0A011RM25	[635, 634, 633, 632, 631, 649, 0, 630, 0]

 ### Operon type: 81

	 A0A011QIE8	[698, 697, 696, 807, 695, 694, 693, 0, 0]
	 A0A011QDV3	[698, 697, 696, 807, 695, 694, 646, 0, 693]

 ### Operon type: 82

	 A0A011PL71	[530, 529, 528, 527, 526, 550, 628, 525, 0]
	 A0A011QAB0	[529, 528, 527, 0, 526, 550, 628, 525, 0]

 ### Operon type: 83

	 A0A011Q6N5	[614, 613, 612, 0, 0, 0, 481, 594, 481]

 ### Operon type: 84

	 A0A011SGD5	[0, 0, 0, 0, 0, 0, 614, 613, 612]

 ### Operon type: 85

	 A0A011NYU6	[490, 489, 0, 488, 519, 479, 478, 0, 487]

 ### Operon type: 86

	 A0A011PYI6	[490, 489, 0, 488, 519, 487, 860, 616, 0]

 ### Operon type: 87

	 A0A011P1C0	[0, 0, 479, 478, 487, 0, 0, 0, 0]

 ### Operon type: 88

	 A0A011PKU5	[536, 535, 534, 533, 534, 532, 531, 0, 0]
	 A0A011N4G4	[0, 0, 536, 535, 534, 533, 534, 532, 531]

 ### Operon type: 89

	 A0A010ZWJ8	[11, 10, 9, 520, 8, 569, 449, 569, 7]

 ### Operon type: 90

	 A0A011AHW1	[8, 520, 9, 10, 11, 0, 0, 12, 0]

 ### Operon type: 91

	 A0A011AHU9	[449, 569, 7, 0, 0, 0, 0, 14, 289]

 ### Operon type: 92

	 A0A010ZX98	[6, 5, 4, 3, 2, 22, 807, 807, 0]

 ### Operon type: 93

	 A0A011AIL7	[2, 3, 4, 5, 6, 0, 0, 0, 0]

 ### Operon type: 94

	 A0A010YF95	[483, 28, 686, 27, 26, 26, 25, 592, 24]

 ### Operon type: 95

	 A0A010ZJQ6	[28, 686, 27, 26, 26, 25, 592, 24, 0]

 ### Operon type: 96

	 A0A009GXL8	[76, 75, 74, 73, 72, 241, 198, 181, 180]

 ### Operon type: 97

	 A0A010JIW7	[76, 75, 74, 73, 72, 0, 0, 198, 181]

 ### Operon type: 98

	 A0A011QNA5	[0, 681, 680, 679, 0, 824, 823, 822, 821]
	 A0A009ZLJ7	[821, 822, 823, 824, 0, 0, 681, 680, 679]

 ### Operon type: 99

	 A0A013T0T6	[824, 823, 822, 821, 820, 819, 406, 818, 405]
	 A0A009ISY0	[824, 823, 822, 821, 820, 259, 406, 818, 405]
	 A0A009RMD0	[824, 823, 822, 821, 820, 259, 406, 818, 405]
	 A0A009HAX1	[824, 823, 822, 821, 820, 819, 406, 818, 405]
	 A0A009QMH5	[824, 823, 822, 821, 820, 819, 406, 818, 405]
	 A0A009PE10	[824, 823, 822, 821, 820, 259, 406, 818, -1]

 ### Operon type: 100

	 A0A010ILW6	[824, 823, 822, 821, 820, 819, 0, 0, 818]

 ### Operon type: 101

	 A0A009Z9X7	[823, 822, 821, 0, 820, 0, 648, 0, 818]

 ### Operon type: 102

	 A0A013S8V2	[331, 330, 0, 0, 0, 329, 0, 0, 0]
	 A0A009R8E1	[0, 477, 0, 331, 330, 0, 0, 329, 0]

 ### Operon type: 103

	 A0A009ICH6	[786, 207, 206, 205, 104, 103, 102, 101, 805]
	 A0A009ZFR5	[786, 207, 206, 205, 104, 103, 102, 101, 805]

 ### Operon type: 104

	 A0A009RR21	[786, 207, 206, 205, 204, 203, 404, 805, 764]
	 A0A009NQA1	[786, 207, 206, 205, 204, 203, 404, 805, 764]

 ### Operon type: 105

	 A0A009HTN9	[786, 207, 206, 205, 204, 203, 80, 802, 79]
	 A0A009T3J5	[786, 207, 206, 205, 204, 203, 80, 802, 79]

 ### Operon type: 106

	 A0A009Q0U9	[786, 207, 206, 205, 204, 203, -1, -1, 0]

 ### Operon type: 107

	 A0A009IPC3	[218, 219, 229, 230, 231, 192, 191, 220, 221]
	 A0A009QEG7	[218, 219, 229, 230, 231, 192, 191, 220, 221]

 ### Operon type: 108

	 A0A009I573	[235, 0, 234, 233, 0, 232, 231, 230, 229]

 ### Operon type: 109

	 A0A009ILP9	[220, 0, 229, 230, 231, 232, 221, 233, 234]

 ### Operon type: 110

	 A0A009I953	[220, 0, 229, 230, 231, 232, 221, 0, -1]

 ### Operon type: 111

	 A0A009SX74	[555, 753, 0, 233, 221, 220, 219, 218, 249]

 ### Operon type: 112

	 A0A010IPH1	[801, 800, 799, 798, 797, 796, 795, 794, 793]
	 A0A009MMG9	[801, 800, 799, 798, 797, 796, 795, 794, 793]
	 A0A009QVK8	[801, 800, 799, 798, 797, 796, 795, 794, 793]
	 A0A009ICP5	[801, 800, 799, 798, 797, 796, 795, 794, 793]

 ### Operon type: 113

	 A0A009QLL2	[278, 279, 280, 114, 797, 796, 795, 794, 793]
	 A0A009SIV4	[278, 279, 280, 114, 797, 796, 795, 794, 793]
	 A0A009HTW0	[278, 279, 280, 114, 797, 796, 795, 794, 793]
	 A0A013TSJ4	[279, 280, 0, 114, 797, 796, 795, 794, 793]

 ### Operon type: 114

	 A0A010ITG1	[830, 772, 771, 770, 769, 768, 767, 861, 807]
	 A0A013TCN9	[830, 772, 771, 770, 769, 768, 767, 861, 807]
	 A0A009NIJ3	[830, 772, 771, 770, 769, 768, 767, 861, 807]
	 A0A009QNC9	[830, 772, 771, 770, 769, 768, 767, 861, 807]
	 A0A013TRC1	[830, 772, 771, 770, 769, 768, 767, 861, 807]

 ### Operon type: 115

	 A0A009H935	[0, 0, 771, 770, 769, 768, 767, 861, 807]

 ### Operon type: 116

	 A0A009IMX3	[792, 791, 790, 789, 788, 194, 194, 616, 193]
	 A0A009QEX0	[792, 791, 790, 789, 788, 194, 194, 616, 193]
	 A0A009SF48	[792, 791, 790, 789, 788, -1, 194, 616, 193]

 ### Operon type: 117

	 A0A010ISX2	[792, 791, 790, 789, 788, 787, 786, 785, 784]
	 A0A013S7V1	[792, 791, 790, 789, 788, 787, 786, 785, 784]
	 A0A009MR00	[792, 791, 790, 789, 788, 787, 786, 785, 784]
	 A0A009RES7	[792, 791, 790, 789, 788, 787, 786, 785, 784]

 ### Operon type: 118

	 A0A009YTT3	[31, 117, 790, 789, 788, 787, 786, 785, 784]

 ### Operon type: 119

	 A0A009GYP9	[0, 0, 0, 789, 788, 787, 786, 785, 784]

 ### Operon type: 120

	 A0A009ZZC8	[-1, 215, 216, 31, 117, 790, 789, 788, 787]

 ### Operon type: 121

	 A0A011UGX8	[166, 165, 164, 163, 162, 161, 160, 64, 63]
	 A0A011WSE5	[165, 164, 163, 162, 161, 160, 64, 63, 313]

 ### Operon type: 122

	 A0A011VZG0	[312, 0, 166, 165, 164, 163, 162, 161, 160]

 ### Operon type: 123

	 A0A009PJF7	[274, 275, 275, 276, 135, 277, 134, 133, 132]
	 A0A009SJZ7	[441, 274, 275, 276, 135, 277, 134, 133, 132]

 ### Operon type: 124

	 A0A009Z5G0	[277, 276, 275, 0, 608, 274, 441, 350]

 ### Operon type: 125

	 A0A010JJC1	[841, 840, 839, 838, 837, 836, 835, 851, 834]
	 A0A010IZ41	[840, 839, 838, 837, 836, 835, 851, 834, 364]

 ### Operon type: 126

	 A0A009QJL6	[841, 840, 839, 838, 0, 834, 364, 106, 0]

 ### Operon type: 127

	 A0A013TB41	[371, -1, 370, 369, 368, 549, 800, 783, 367]
	 A0A013SGL3	[371, 320, 370, 369, 368, 549, 800, 783, 367]
	 A0A009I5Z6	[371, 320, 370, 369, 368, 549, 800, 783, 367]
	 A0A009RQH3	[371, 320, 370, 369, 368, 549, 800, 783, 367]
	 A0A009NE81	[371, 320, 370, 369, 368, 549, 800, 783, 367]
	 A0A009PG53	[371, 320, 370, 369, 368, 549, 800, 783, 367]
	 A0A010KAV2	[371, 320, 370, 369, 368, 549, 800, 783, 367]
	 A0A009SHB3	[371, 320, 370, 369, 368, 549, 800, 783, 367]

 ### Operon type: 128

	 A0A009H3X4	[371, 320, 370, 369, 368, 549, -1, 863, -1]

 ### Operon type: 129

	 A0A009SLR5	[0, 0, 0, 228, 434, 227, 852, 861, 550]
	 A0A009PIB4	[0, 0, 0, 228, 434, 227, 852, 861, 550]

 ### Operon type: 130

	 A0A009HSU4	[0, 0, 595, 861, 0, 549, 783, 550, 852]

 ### Operon type: 131

	 A0A009I463	[624, 246, 245, 354, 354, 316, 315, 314, 244]
	 A0A009PAG1	[624, 246, 245, 354, 354, 316, 315, 314, 244]

 ### Operon type: 132

	 A0A013SKX6	[0, 0, 624, 0, 354, 354, 316, 315, 314]

 ### Operon type: 133

	 A0A011Q5S3	[684, 486, 0, 0, 0, 0, 485, 484, 483]

 ### Operon type: 134

	 A0A011UZZ4	[0, 485, 484, 0, 0, 0, 432, 432, 483]

 ### Operon type: 135

	 A0A011UTJ0	[0, 0, 0, 446, 445, 444, 573, 443, 442]

 ### Operon type: 136

	 A0A011VMV7	[446, 445, 444, 573, 443, 442, 413, 412, 411]

 ### Operon type: 137

	 A0A011NYT4	[859, 719, 718, 843, 0, 717, 717, 716, 715]

 ### Operon type: 138

	 A0A011P8E9	[0, 0, 859, 719, 0, 718, 843, 0, 0]

 ### Operon type: 139

	 A0A010TF34	[0, -1, 0, 0, 59, 58, 57, 56, 55]
	 A0A010SYH9	[59, 58, 57, 56, 55, 0, 0, 0, 0]

 ### Operon type: 140

	 A0A010S7A1	[93, 92, 91, 90, 0, 89, 0, 0, 0]
	 A0A010TFJ4	[0, -1, 0, 93, 92, 91, 90, -1, 89]

 ### Operon type: 141

	 A0A009HJC2	[82, 807, 799, 81, 354, 852, 212, 213, 214]
	 A0A009PAV9	[82, -1, 799, 81, 354, 852, 212, 213, 214]

 ### Operon type: 142

	 A0A009SE02	[0, 214, 0, 0, 0, 213, 212, 852, 354]

 ### Operon type: 143

	 A0A009SYU8	[783, 786, 782, 781, 217, 861, 861, 779, 778]
	 A0A009RSB7	[783, 786, 782, 781, 217, 861, 861, 779, 778]
	 A0A009HS41	[783, 786, 782, 781, 217, 861, 861, 779, 778]

 ### Operon type: 144

	 A0A010IT25	[783, 786, 782, 781, 780, 861, 861, 779, 778]
	 A0A013SHA9	[783, 786, 782, 781, 780, 861, 861, 779, 778]
	 A0A009I466	[783, 786, 782, 781, 780, 861, 861, 779, 778]

 ### Operon type: 145

	 A0A009NMQ9	[783, 786, 782, 781, 780, 0, 861, 861, 779]

 ### Operon type: 146

	 A0A009P8A9	[0, 0, 782, 781, 217, 861, 861, 779, 778]

 ### Operon type: 147

	 A0A009ITT8	[258, 257, 256, 292, 304, 302, 301, 300, 299]
	 A0A009NJ90	[258, 257, 256, 292, 304, 303, 302, 301, 300]

 ### Operon type: 148

	 A0A009IJ01	[301, 300, 299, 298, 296, 251, 250, 248, 247]
	 A0A009NCH6	[252, 301, 300, 299, 296, 251, 250, 248, 247]

 ### Operon type: 149

	 A0A009RQL5	[301, 300, 299, 208, 296, 251, 250, 248, 0]

 ### Operon type: 150

	 A0A009MGQ8	[304, 0, 252, 301, 300, 299, 296, 251, 250]

 ### Operon type: 151

	 A0A009S6G1	[295, 294, 293, 292, 304, 301, 300, 299, 296]
	 A0A009RHH7	[295, 294, 293, 292, 304, 303, 301, 300, 299]
	 A0A009IJ07	[295, 294, 293, 292, 304, 301, 300, 299, 298]

 ### Operon type: 152

	 A0A009HZK2	[293, 292, 304, 301, 300, 299, 298, 296, 251]

 ### Operon type: 153

	 A0A009R4N4	[292, 304, 303, 301, 300, 299, 208, 296, 251]

 ### Operon type: 154

	 A0A009S5A5	[304, 303, 302, 301, 300, 299, 298, 297, 296]

 ### Operon type: 155

	 A0A009RHH9	[0, 0, 0, 0, 410, 295, 294, 293, 292]

 ### Operon type: 156

	 A0A011PGU1	[0, 0, 554, 674, 673, 672, 553, 552, 551]
	 A0A011MDH1	[711, 0, 554, 674, 673, 672, 553, 552, 551]

 ### Operon type: 157

	 A0A011V0P4	[497, 431, 0, 0, 430, 0, 0, 429, 428]

 ### Operon type: 158

	 A0A011WPV7	[429, 428, 0, 0, 0, 0, 0, 0, 0]

 ### Operon type: 159

	 A0A011UDF3	[674, 70, 0, 0, 0, 454, 69, 68, 669]

 ### Operon type: 160

	 A0A011VSC9	[69, 68, 669, 0, 0, 0, 0, 0, 0]

 ### Operon type: 161

	 A0A011SF89	[621, 620, 619, 0, 0, 0, 0, 0, 0]

 ### Operon type: 162

	 A0A011UCX7	[0, 529, 621, 620, 0, 619, 190, 0, 0]

 ### Operon type: 163

	 A0A011RNP9	[0, 0, 0, 0, 0, 629, 628, 0, 0]

 ### Operon type: 164

	 A0A011V0B5	[624, 0, 0, 0, 0, 0, 629, 0, 0]

 ### Operon type: 165

	 A0A011RQC9	[0, 624, 623, 0, 0, 0, 0, 622, 0]

 ### Operon type: 166

	 A0A011QG28	[676, 675, 674, 0, 673, 672, 816, 671, 670]
	 A0A011RIM8	[676, 675, 0, 0, 673, 672, 816, 671, 670]

 ### Operon type: 167

	 A0A011PHI6	[507, 0, 700, 0, 0, 699, 689, 752, 0]

 ### Operon type: 168

	 A0A011QI68	[0, 0, 700, 699, 0, 0, 0, 0, 0]

 ### Operon type: 169

	 A0A011NVJ6	[736, 735, 734, 733, 732, 802, 0, 0, 731]

 ### Operon type: 170

	 A0A011PVP2	[0, 735, 734, 733, 732, 802, 0, 0, 712]

 ### Operon type: 171

	 A0A011NXY7	[0, 0, 734, 0, 732, 0, 0, 0, 0]

 ### Operon type: 172

	 A0A011NUB4	[749, 766, 805, 748, 765, 764, 0, 747, 0]
	 A0A011QR69	[749, 766, 805, 748, 765, 764, 0, 0, 0]

 ### Operon type: 173

	 A0A011NN36	[766, 805, 0, 0, 765, 764, 0, 0, 0]

 ### Operon type: 174

	 A0A011PK69	[805, 539, 0, 0, 765, 764, 0, 0, 0]

 ### Operon type: 175

	 A0A011NYD6	[728, 727, 726, 725, 724, 723, 722, 721, 720]
	 A0A011RMI6	[728, 727, 726, 725, 724, 723, 722, 721, 720]

 ### Operon type: 176

	 A0A011QB28	[480, 728, 727, 0, 0, 723, 722, 721, 720]

 ### Operon type: 177

	 A0A011NF33	[0, 723, 722, 0, 0, 0, 0, 0, 0]

 ### Operon type: 178

	 A0A011NBY4	[500, 0, 0, 585, 0, 0, 499, 0, 0]

 ### Operon type: 179

	 A0A011WRT0	[500, 0, 0, 0, 0, 0, 0, 616, 0]

 ### Operon type: 180

	 A0A011SHV5	[0, 0, 0, 0, 0, 611, 616, 841, 0]

 ### Operon type: 181

	 A0A011NB95	[0, 650, 0, 0, 0, 0, 799, 502, 501]

 ### Operon type: 182

	 A0A011UHT4	[106, 159, 502, 0, 0, 61, 61, 501, 0]

 ### Operon type: 183

	 A0A010Z1W7	[0, 0, 0, 0, 0, 33, 0, 177, 178]

 ### Operon type: 184

	 A0A011VY84	[0, 0, 178, 177, 0, 0, 0, 0, 0]

 ### Operon type: 185

	 A0A010YW85	[0, 0, 0, 0, 0, 309, 0, 177, 178]

 ### Operon type: 186

	 A0A010ZMA0	[177, 505, 0, 0, 0, 0, 0, 0, 0]

 ### Operon type: 187

	 A0A011N5L2	[0, 0, 0, 505, 0, 504, 842, 0, 0]

 ### Operon type: 188

	 A0A009MJ75	[0, 0, 244, 123, 122, 0, 0, 0, 853]

 ### Operon type: 189

	 A0A010IH51	[0, 793, 0, 0, 122, 0, 853, 0, 0]

 ### Operon type: 190

	 A0A011TYT7	[0, 0, 0, 0, 0, 0, 793, 596, 596]

 ### Operon type: 191

	 A0A010RRR9	[0, 0, 0, 0, 855, 0, 0, 854, 853]

 ### Operon type: 192

	 A0A010SIA7	[0, 0, 854, 90, 0, 0, 0, 0, 0]

 ### Operon type: 193

	 A0A010RFQ9	[0, 0, 865, 0, 864, 0, 0, 0, 0]

 ### Operon type: 194

	 A0A010SPR9	[43, 43, 0, 0, 0, 864, 0, 0, 0]

 ### Operon type: 195

	 A0A009LNU8	[255, 267, 600, 254, 0, 253, 0, 852, 0]

 ### Operon type: 196

	 A0A013SRG6	[94, 254, 600, 267, 0, 266, 0, 255, 763]

 ### Operon type: 197

	 A0A009IQU8	[0, 267, 0, 0, 0, 266, 763, 0, 0]

 ### Operon type: 198

	 A0A010K2K8	[600, 254, 94, 0, 0, 0, 0, -1, 852]

 ### Operon type: 199

	 A0A011NPR8	[0, 763, 0, 0, 0, 0, 762, 0, 0]

 ### Operon type: 200

	 A0A010SEA2	[486, 762, 87, 0, 0, 0, 0, 0, 0]

 ### Operon type: 201

	 A0A010IGH8	[0, 0, 0, 0, 0, 0, 0, 340, 779]

 ### Operon type: 202

	 A0A010STD3	[0, 0, 0, 453, 452, 451, 0, 779, 340]

 ### Operon type: 203

	 A0A010SQJ5	[332, 798, 0, 453, 452, 451, 0, 0, 0]

 ### Operon type: 204

	 A0A013RVV2	[830, 0, 342, 341, 0, 0, 779, 340, 0]

 ### Operon type: 205

	 A0A011TD67	[454, 0, 0, 453, 452, 451, 450, 0, 449]

 ### Operon type: 206

	 A0A009ZC12	[0, 0, 0, 453, 0, 451, 450, 269, 667]

 ### Operon type: 207

	 A0A009YSC7	[0, 0, 499, 29, 0, 29, 342, 341, 0]

 ### Operon type: 208

	 A0A009ZJK4	[0, 0, 0, 0, 0, 0, 786, 38, 0]

 ### Operon type: 209

	 A0A010SVN1	[-1, 38, 861, 200, 464, 0, 0, 786, 0]

 ### Operon type: 210

	 A0A009PFK7	[146, 145, 144, 143, 142, 0, 0, 141, 0]
	 A0A009QGN4	[146, 145, 144, 143, 142, 141, 0, 0, 0]

 ### Operon type: 211

	 A0A009YR20	[0, 141, 0, 0, 0, 0, 145, 0, 0]

 ### Operon type: 212

	 A0A009SCM5	[211, 210, 209, 0, 0, 0, 0, 0, 0]

 ### Operon type: 213

	 A0A009TJ77	[249, 45, 0, 0, 0, 0, 211, 210, 209]

 ### Operon type: 214

	 A0A009HZV2	[0, 0, 0, 0, 197, 196, 303, 0, 0]

 ### Operon type: 215

	 A0A009QPE7	[0, 0, 0, 0, 197, 196, 0, 0, 0]

 ### Operon type: 216

	 A0A009MGR3	[0, 0, 112, 0, 399, 297, 118, 111, 110]

 ### Operon type: 217

	 A0A009Q4G0	[0, 113, 112, 0, 399, 0, 111, 110, 111]

 ### Operon type: 218

	 A0A009PB53	[0, 0, 184, 183, 399, 111, 110, 111, 182]

 ### Operon type: 219

	 A0A009PUJ8	[0, 184, 183, 399, 0, 182, 198, 181, 180]

 ### Operon type: 220

	 A0A009H7I0	[202, 0, 0, 861, 318, 318, 201, 379, 200]
	 A0A009QQC0	[202, 0, 179, 861, 318, 318, 201, 379, 200]

 ### Operon type: 221

	 A0A009MVG4	[179, 0, 319, 861, 318, 318, 201, 379, 200]

 ### Operon type: 222

	 A0A009QA91	[307, 306, 783, 861, 318, 318, 201, 379, 200]
	 A0A010J377	[307, 306, 783, 861, 318, 318, 201, 379, 200]

 ### Operon type: 223

	 A0A009S1X4	[307, 306, 783, 861, 318, 318, 861, 0, 305]

 ### Operon type: 224

	 A0A013SHF4	[0, 0, 319, 861, 318, 318, 0, 317, 0]

 ### Operon type: 225

	 A0A011PJK8	[595, 523, 522, 702, 701, 521, 0, 0, 0]
	 A0A011N3C3	[0, 0, 0, 595, 523, 522, 702, 701, 521]

 ### Operon type: 226

	 A0A011UWH1	[524, 437, 436, 435, 0, 0, 0, 0, 0]
	 A0A011WKI4	[0, 0, 0, 0, 0, 524, 437, 436, 435]

 ### Operon type: 227

	 A0A010YKP2	[0, 0, 0, 0, 0, 0, 731, 424, 0]

 ### Operon type: 228

	 A0A011V1A2	[431, 0, 0, 424, 0, 0, 0, 0, 0]

 ### Operon type: 229

	 A0A011NGS0	[0, 0, 0, 0, 643, 642, 0, 0, 0]

 ### Operon type: 230

	 A0A011PW61	[0, 0, 0, 0, 643, 642, 0, 0, 641]

 ### Operon type: 231

	 A0A011UXI1	[0, 537, 0, 0, 643, 642, 448, 0, 0]

 ### Operon type: 232

	 A0A011SWI9	[-1, -1, 0, 507, 643, 642, 448, -1, -1]

 ### Operon type: 233

	 A0A011P952	[642, 0, 566, 0, 0, 566, 0, 0, 0]

 ### Operon type: 234

	 A0A011QVV5	[0, 0, 713, 752, 751, 750, 751, 712, 711]
	 A0A011Q1B3	[713, 752, 751, 750, 751, 712, 711, 0, 0]

 ### Operon type: 235

	 A0A011NSG8	[0, 0, 0, 752, 751, 750, 0, 751, 0]

 ### Operon type: 236

	 A0A011P0X4	[0, 0, 711, 0, 751, 0, 0, 750, 477]

 ### Operon type: 237

	 A0A010YNY9	[0, 0, 34, 23, 0, 0, 0, 0, 438]

 ### Operon type: 238

	 A0A011AC71	[305, 0, 0, 467, 0, 34, 23, 0, 783]

 ### Operon type: 239

	 A0A011QLX0	[0, 683, 0, 0, 682, 0, 727, 726, 0]
	 A0A011PRW6	[683, 0, 0, 0, 682, 727, 726, 0, 0]

 ### Operon type: 240

	 A0A010SML6	[0, 727, 726, -1, 0, 753, 0, 0, 0]

 ### Operon type: 241

	 A0A010RS09	[0, 0, 0, 0, 56, 0, 863, 863, 0]

 ### Operon type: 242

	 A0A010RTE7	[0, 0, 0, 0, 0, 0, 56, 45, 0]

 ### Operon type: 243

	 A0A009P817	[127, 0, 0, 0, 126, 0, 311, 125, 124]

 ### Operon type: 244

	 A0A009TIY0	[0, 0, 0, 0, 126, 0, 311, 125, 0]

 ### Operon type: 245

	 A0A009QKA3	[311, 125, 0, 124, 0, 0, 0, 0, 146]

 ### Operon type: 246

	 A0A009HSR2	[0, 226, 225, 0, 224, 186, 223, 303, 187]

 ### Operon type: 247

	 A0A009SWM1	[0, 226, 225, 0, 224, 0, 0, 223, 0]

 ### Operon type: 248

	 A0A009MYX0	[188, 187, 0, 595, 0, 0, 223, 186, 185]

 ### Operon type: 249

	 A0A009QK79	[0, 0, 185, 186, 0, 223, 0, 0, 187]

 ### Operon type: 250

	 A0A009GXJ1	[423, 422, 186, 223, 77, 303, 187, 188, 0]

 ### Operon type: 251

	 A0A010IT95	[0, 0, 0, 852, 777, 776, 775, 774, 773]
	 A0A013TKW8	[0, 677, 0, 852, 777, 776, 775, 774, 773]
	 A0A009S0T6	[0, 0, 852, 308, 777, 776, 775, 774, 773]
	 A0A009I5G9	[0, 0, 852, 308, 777, 776, 775, 774, 773]
	 A0A009PRQ9	[0, 852, 308, 0, 777, 776, 775, 774, 773]
	 A0A009QT77	[0, 0, -1, 852, 777, 776, 775, 774, 773]
	 A0A009MH36	[0, 0, 0, 852, 777, 776, 775, 774, 773]
	 A0A009GWD0	[303, 0, 0, 852, 777, 776, 775, 774, 773]

 ### Operon type: 252

	 A0A013TMJ7	[807, -1, 0, 852, 777, 774, 773, 0, 0]

 ### Operon type: 253

	 A0A011VXC2	[-1, 496, 0, 517, 495, 494, 493, 492, 491]
	 A0A011V392	[496, 0, 517, 495, 494, 493, 0, 492, 491]

 ### Operon type: 254

	 A0A011V490	[312, 351, 0, 491, 492, 493, 494, 495, 517]

 ### Operon type: 255

	 A0A011VZF5	[0, 0, 495, 494, 493, 529, 351, 529, 0]

 ### Operon type: 256

	 A0A011WLE7	[0, 0, 0, 0, 0, 167, 0, 0, 0]
	 A0A011VU44	[0, 0, 0, 0, 0, 167, 0, 0, 0]

 ### Operon type: 257

	 A0A011VAP2	[0, 0, 53, 0, 0, 0, 0, 0, 52]

 ### Operon type: 258

	 A0A011VRJ8	[0, 0, 0, 0, 0, 0, 53, 0, 0]

 ### Operon type: 259

	 A0A011RNU1	[0, 0, 0, 0, 0, 0, 627, 627, 626]

 ### Operon type: 260

	 A0A011VKJ9	[0, 0, 0, 0, 0, 0, 626, 627, -1]

 ### Operon type: 261

	 A0A011PQZ7	[0, 0, 0, 520, 519, 0, 518, 0, 0]

 ### Operon type: 262

	 A0A011TUX4	[0, 0, 0, 0, 519, 0, 0, 518, 0]

 ### Operon type: 263

	 A0A011STZ9	[0, 0, 0, 518, 0, 0, 0, 0, 0]

 ### Operon type: 264

	 A0A011PUJ9	[0, 0, 0, 0, 0, 0, 0, 0, 547]
	 A0A011PRF5	[547, 0, 0, 0, 0, 0, 0, 0, 0]

 ### Operon type: 265

	 A0A011PFY8	[0, 0, 0, 0, 0, 0, 0, 0, 557]

 ### Operon type: 266

	 A0A011PNS3	[647, 557, 0, 0, 0, 0, 0, 0, 0]

 ### Operon type: 267

	 A0A011T648	[0, 557, 0, 0, 0, 0, 0, 805, 0]

 ### Operon type: 268

	 A0A010YYJ5	[0, 0, 0, 529, 0, 0, 0, 84, 84]

 ### Operon type: 269

	 A0A011NDM5	[529, 0, 0, 0, 0, 0, 0, 0, 0]

 ### Operon type: 270

	 A0A011MSR2	[0, 0, 0, 506, 0, 0, 0, 529, 529]

 ### Operon type: 271

	 A0A011WSU6	[0, 529, 0, 0, 492, 0, 0, 0, 0]

 ### Operon type: 272

	 A0A011U3C2	[0, 0, 816, 0, 0, 0, 0, 0, 0]
	 A0A011AEN3	[0, 0, 0, 0, 0, 0, 816, 0, 0]

 ### Operon type: 273

	 A0A011AAZ2	[0, 583, 0, 0, 0, 816, 816, 816, 0]

 ### Operon type: 274

	 A0A011T698	[0, 0, 0, 0, 0, 783, 816, 0, 0]

 ### Operon type: 275

	 A0A010YRE8	[0, 0, 0, 0, 0, 0, 0, 22, 0]

 ### Operon type: 276

	 A0A011AF05	[0, 0, 305, 22, 0, 0, 0, 0, 0]

 ### Operon type: 277

	 A0A009ZG48	[0, 0, 0, 677, 0, 0, 0, 0, 0]

 ### Operon type: 278

	 A0A011PEJ8	[0, 0, 558, 677, 0, 0, 0, 0, 0]

 ### Operon type: 279

	 A0A011QNJ7	[678, 0, 0, 677, 0, 0, 0, 678, 0]

 ### Operon type: 280

	 A0A011MMJ4	[0, 0, 0, 0, 0, 0, 0, 678, 0]

 ### Operon type: 281

	 A0A011R8M3	[0, 0, 558, 677, 0, 447, 0, 678, 0]

 ### Operon type: 282

	 A0A009ZC82	[0, 0, 605, 0, 0, 0, 0, 0, 0]

 ### Operon type: 283

	 A0A011P3F6	[753, 0, 0, 605, 0, 0, 0, 0, 0]

 ### Operon type: 284

	 A0A009IG48	[0, 0, 0, 222, 195, 0, 0, 0, 753]

 ### Operon type: 285

	 A0A009IMQ0	[0, 0, 0, 222, 195, 0, 0, 0, 0]

 ### Operon type: 286

	 A0A009SWV1	[0, 0, 0, 0, 0, 0, 0, 222, 0]

 ### Operon type: 287

	 A0A009PMZ9	[131, 0, 0, 0, 0, 0, 0, 0, 0]
	 A0A009Q512	[0, 0, 0, 0, 131, 0, 0, 0, 0]

 ### Operon type: 288

	 A0A009IFL2	[0, 268, 0, 100, -1, 0, 0, 0]

 ### Operon type: 289

	 A0A009ZDS1	[-1, -1, 0, 268, 0, 0, 840, 0, 0]

 ### Operon type: 290

	 A0A010SNM6	[40, 36, -1, 0, 0, 0, 807, 0, 0]

 ### Operon type: 291

	 A0A010T5D8	[36, 40, 0, -1, 0, -1, 364, 0, 0]

 ### Operon type: 292

	 A0A011UB51	[584, 0, 0, 0, 0, 0, 0, 0, 0]
	 A0A011UFH1	[0, 0, 0, 0, 0, 584, 0, 0, 0]

 ### Operon type: 293

	 A0A011V965	[0, -1, -1, 0, 54, 0, -1, -1, 0]
	 A0A011VHP2	[0, -1, -1, -1, 54, 0, 0, 0, 0]

 ### Operon type: 294

	 A0A010RVD0	[-1, 0, 0, -1, 0, 660, 660, 0, 44]

 ### Operon type: 295

	 A0A010T7Q5	[0, 44, 0, 0, 0, 0, -1, 0, 0]

 ### Operon type: 296

	 A0A010SJH7	[0, 0, 807, -1, 0, 0, 201, 0, 0]

 ### Operon type: 297

	 A0A010SRR2	[0, 0, -1, 0, 0, 0, 0, 0, 807]

 ### Operon type: 298

	 A0A010RKP8	[0, 0, 0, 0, 0, 0, -1, 0, 0]
	 A0A011UZ32	[0, 0, 0, 0, 0, -1, 0, 0, 0]
	 A0A009HJU6	[0, 0, 0, 0, 0, 0, 0, 0, -1]
	 A0A010TF14	[-1, 0, 0, 0, 0, 0, 0, 0, 0]
	 A0A010RY47	[-1, 0, -1, 0, 0, 0, 0, 0, 0]

 ### Operon type: 299

	 A0A010SJF9	[0, 0, 0, 0, 0, -1, 0, 86, -1]

 ### Operon type: 300

	 A0A011ML54	[0, 0, 0, 168, 0, 0, 0, 0, -1]

 ### Operon type: 301

	 A0A011NHY1	[0, 0, 0, 0, 0, 807, 0, 0, 0]

 ### Operon type: 302

	 A0A010Z171	[0, 0, 0, 0, 0, 0, 807, 0, 595]

 ### Operon type: 303

	 A0A011T697	[807, 0, 0, 0, 0, 0, 0, 0, 311]

 ### Operon type: 304

	 A0A011TDD1	[0, 465, 807, 0, 0, 0, 0, 0, 0]

 ### Operon type: 305

	 A0A011VW24	[0, 0, 649, 0, 0, 0, 0, 0, -1]

 ### Operon type: 306

	 A0A011T8V3	[0, 0, 649, 0, 0, 0, 0, 0, 0]

 ### Operon type: 307

	 A0A010TH98	[641, 0, 0, 649, 0, 0, 0, 0, 0]

 ### Operon type: 308

	 A0A011QVR3	[0, 0, 0, 0, 0, 0, 0, 650, 649]

 ### Operon type: 309

	 A0A011VYF1	[649, 0, 0, 0, 0, 0, 584, 0, 0]

 ### Operon type: 310

	 A0A010S415	[-1, 649, 0, 200, 0, 0, 0, 0, 828]

 ### Operon type: 311

	 A0A011NMI8	[0, 0, 0, 0, 0, 0, 0, 0, 0]
	 A0A011NTU3	[0, 0, 0, 0, 0, 0, 0, 0, 0]
	 A0A011QMJ8	[0, 0, 0, 0, 0, 0, 0, 0, 0]
	 A0A011QSN2	[0, 0, 0, 0, 0, 0, 0, 0, 0]
	 A0A011P9Z5	[0, 0, 0, 0, 0, 0, 0, 0, 0]
	 A0A011PBM9	[0, 0, 0, 0, 0, 0, 0, 0, 0]
	 A0A011PNN2	[0, 0, 0, 0, 0, 0, 0, 0, 0]
	 A0A011N2Z0	[0, 0, 0, 0, 0, 0, 0, 0, 0]
	 A0A011NAJ1	[0, 0, 0, 0, 0, 0, 0, 0, 0]
	 A0A011Q056	[0, 0, 0, 0, 0, 0, 0, 0, 0]
	 A0A011UHL2	[0, 0, 0, 0, 0, 0, 0, 0, 0]
	 A0A013TEV4	[0, 0, 0, 0, 0, 0, 0, 0, 0]
	 A0A013SL47	[0, 0, 0, 0, 0, 0, 0, 0, 0]
	 A0A011WUT3	[0, 0, 0, 0, 0, 0, 0, 0, 0]
	 A0A013S2B9	[0, 0, 0, 0, 0, 0, 0, 0, 0]
	 A0A013SBR8	[0, 0, 0, 0, 0, 0, 0, 0, 0]
	 A0A009M4K0	[0, 0, 0, 0, 0, 0, 0, 0, 0]
	 A0A009MH90	[0, 0, 0, 0, 0, 0, 0, 0, 0]
	 A0A011VYF6	[0, 0, 0, 0, 0, 0, 0, 0, 0]
	 A0A010SHY1	[0, 0, 0, 0, 0, 0, 0, 0, 0]
	 A0A009HIL8	[0, 0, 0, 0, 0, 0, 0, 0, 0]
	 A0A011UBN9	[0, 0, 0, 0, 0, 0, 0, 0, 0]
	 A0A011UFM5	[0, 0, 0, 0, 0, 0, 0, 0, 0]
	 A0A009PDV4	[0, 0, 0, 0, 0, 0, 0, 0, 0]
	 A0A011VNE2	[0, 0, 0, 0, 0, 0, 0, 0, 0]
	 A0A010SPJ7	[0, 0, 0, 0, 0, 0, 0, 0, 0]
	 A0A010SSQ8	[0, 0, 0, 0, 0, 0, 0, 0, 0]
	 A0A010T025	[0, 0, 0, 0, 0, 0, 0, 0, 0]
	 A0A010YJA7	[0, 0, 0, 0, 0, 0, 0, 0, 0]
	 A0A010YZS8	[0, 0, 0, 0, 0, 0, 0, 0, 0]
	 A0A010Z120	[0, 0, 0, 0, 0, 0, 0, 0, 0]
	 A0A010ZTI3	[0, 0, 0, 0, 0, 0, 0, 0, 0]
	 A0A011A146	[0, 0, 0, 0, 0, 0, 0, 0, 0]

 ### Operon type: 312

	 A0A010TG27	[524, 0, 60, 0, 0, 0, 861, 0, 0]

 ### Operon type: 313

	 A0A011PMK1	[0, 0, 0, 0, 0, 0, 0, 524, 0]

 ### Operon type: 314

	 A0A009HM15	[0, 250, 248, 0, 0, 0, -1, 0, 0]

 ### Operon type: 315

	 A0A009HRU1	[0, 186, 0, 0, 0, 0, 0, 0, 0]

 ### Operon type: 316

	 A0A009HSN8	[0, 113, 0, 0, 0, -1, 0, 182, -1]

 ### Operon type: 317

	 A0A009HV82	[198, 0, 0, 0, 0, 0, 0, 0, 0]

 ### Operon type: 318

	 A0A009IG74	[0, 0, 123, 0, 354, -1, 0, 0, 0]

 ### Operon type: 319

	 A0A009IJ90	[0, 249, 0, 0, 0, 0, 0, 0, 0]

 ### Operon type: 320

	 A0A009NM94	[0, 618, 618, 0, 0, 0, 465, 0, 0]

 ### Operon type: 321

	 A0A009Q4N5	[0, 0, 127, 0, 0, 0, 0, 0, 0]

 ### Operon type: 322

	 A0A009SSZ9	[0, 235, 0, 0, 0, 0, 0, 0, 0]

 ### Operon type: 323

	 A0A009YIH1	[0, 0, 0, 0, 296, 0, -1, -1, 30]

 ### Operon type: 324

	 A0A009YR05	[0, 0, 0, 0, 445, 0, 0, 0, 0]

 ### Operon type: 325

	 A0A009Z004	[281, 0, 281, 0, 0, 595, 0, 0, 0]

 ### Operon type: 326

	 A0A010RUQ5	[0, 0, 0, 0, 0, 0, 0, 0, 409]

 ### Operon type: 327

	 A0A010S195	[605, 0, 33, 39, 0, 0, 0, 0, 0]

 ### Operon type: 328

	 A0A010SCZ2	[0, 0, 0, 0, 0, 0, 0, 88, 0]

 ### Operon type: 329

	 A0A010SN41	[0, 0, 0, 0, 85, 0, 0, 0, 0]

 ### Operon type: 330

	 A0A010SSU2	[0, 0, 0, 0, 77, 0, -1, 567, 0]

 ### Operon type: 331

	 A0A010SUP6	[0, 0, 0, 0, 0, 0, 0, 39, 0]

 ### Operon type: 332

	 A0A010SUY9	[0, 0, 0, 0, 0, 447, 558, 0]

 ### Operon type: 333

	 A0A010THK2	[0, 0, -1, 0, 0, 863, 595, 0, 0]

 ### Operon type: 334

	 A0A010SRL4	[60, 0, 0, -1, 0, 0, 0, 595, 189]

 ### Operon type: 335

	 A0A010YX61	[370, 816, 0, 649, 0, 0, 0, 0, 0]

 ### Operon type: 336

	 A0A010S5W8	[0, 0, 506, 712, 0, 0, 0, 0, 0]

 ### Operon type: 337

	 A0A011NE37	[815, 0, 0, 0, 0, 0, 0, 0, 0]

 ### Operon type: 338

	 A0A011NF78	[0, 0, 714, 0, 0, 0, 0, 0, 0]

 ### Operon type: 339

	 A0A011NVE2	[0, 0, 0, 805, 0, 0, 807, 0, 746]

 ### Operon type: 340

	 A0A011NXJ4	[0, 0, 0, 0, 0, 0, 0, 0, 729]

 ### Operon type: 341

	 A0A011P8I1	[0, 0, 670, 816, 0, 0, 0, 0, 569]

 ### Operon type: 342

	 A0A011P9Q7	[782, 0, 0, 0, 0, 0, 0, 0, 0]

 ### Operon type: 343

	 A0A011PJ75	[0, 805, 804, 805, 0, 0, 0, 0, 0]

 ### Operon type: 344

	 A0A011PRB4	[0, 0, 0, 0, 0, 0, 0, 517, 0]

 ### Operon type: 345

	 A0A011QVT2	[648, 0, 0, 0, 0, 0, 0, 647, 0]

 ### Operon type: 346

	 A0A011RP14	[0, 0, 0, 0, 0, 0, 0, 625, 0]

 ### Operon type: 347

	 A0A011SM49	[807, 0, 625, 0, 0, 0, 606, 0, 0]

 ### Operon type: 348

	 A0A011AM27	[518, 0, 0, 0, 846, 0, 0, 0, 35]

 ### Operon type: 349

	 A0A011T607	[0, 0, 712, 0, 0, 0, 0, 0, 465]

 ### Operon type: 350

	 A0A011TAW2	[0, 0, 0, 0, 0, 0, 466, 0, 0]

 ### Operon type: 351

	 A0A011TED9	[0, 0, 0, 0, 0, 473, 0, 0, 0]

 ### Operon type: 352

	 A0A011TXS5	[0, 597, 0, 0, 0, 0, 0, 0, 0]

 ### Operon type: 353

	 A0A011U144	[0, 409, 0, 0, 0, 0, 729, 408, 0]

 ### Operon type: 354

	 A0A011U1C8	[783, 0, 0, 0, 0, 0, 0, 0, 407]

 ### Operon type: 355

	 A0A011U483	[0, 0, 0, 0, 0, 579, 0, 0, 0]

 ### Operon type: 356

	 A0A011UG86	[0, 752, 0, 0, 0, 86, 0, 0, 0]

 ### Operon type: 357

	 A0A011UQB5	[615, 585, 0, 0, 0, 0, 0, 584, 0]

 ### Operon type: 358

	 A0A011UVI5	[0, 0, 0, 0, 0, 438, 805, 805, 0]

 ### Operon type: 359

	 A0A011UWI3	[0, 0, 0, 0, 434, 0, 433, 605, 0]

 ### Operon type: 360

	 A0A011V5E6	[0, 0, 0, 0, 0, 313, 0, 0, 0]

 ### Operon type: 361

	 A0A011M4H6	[52, 0, 858, 0, 0, 0, 0, 0, 0]

 ### Operon type: 362

	 A0A011VSV3	[0, 0, 0, 0, 0, 0, 674, 0, 0]

 ### Operon type: 363

	 A0A011VWI0	[0, 0, 0, 0, 0, 159, 0, 0, 0]

 ### Operon type: 364

	 A0A011VZ91	[435, 0, 0, 0, 0, 0, 0, 0, 0]

 ### Operon type: 365

	 A0A011WP76	[0, 0, 0, 0, 0, 0, 0, 0, 686]

 ### Operon type: 366

	 A0A011WSD4	[0, 0, 0, -1, 0, 529, 0, 0, 351]

 ### Operon type: 367

	 A0A011WT35	[351, 0, 0, 0, 0, 0, 0, 0, 0]

 ### Operon type: 368

	 A0A013S843	[0, 379, 0, 0, 0, 0, -1, 332, 0]

 ### Operon type: 369

	 A0A013T5E6	[0, 0, 0, 399, 0, 0, 0, 0, 0]

 ### Operon type: 370

	 A0A009T185	[766, 0, 804, 804, 806, 805, 804, 803, 802]

 ### Operon type: 371

	 A0A010IN36	[808, 807, 0, 0, 806, 805, 804, 803, 802]

 ### Operon type: 372

	 A0A009PG43	[805, 804, 582, 647, 0, 803, 802, 0, 0]

 ### Operon type: 373

	 A0A009INE0	[808, 0, 0, 0, 0, 0, 0, 804, 803]

 ### Operon type: 374

	 A0A009T9H0	[0, 30, 753, -1, 0, 0, 223, 0, 186]

 ### Operon type: 375

	 A0A010THH5	[0, 87, 268, 438, 0, 0, 841, 0, 840]

 ### Operon type: 376

	 A0A011VZE3	[0, 0, 0, 861, 170, 0, 0, 0, 0]
	 A0A011WSH8	[0, 0, 0, 861, 170, 0, 0, 0, 0]

 ### Operon type: 377

	 A0A011NAF3	[0, 0, 0, 0, 0, 0, 861, 0, 740]

 ### Operon type: 378

	 A0A009IQ93	[190, 0, 861, 0, 0, 189, 0, 0, 0]

 ### Operon type: 379

	 A0A009Q8S9	[0, 0, 753, 333, 0, 586, 0, 0, 0]

 ### Operon type: 380

	 A0A009TLU4	[0, 597, -1, 253, 0, 42, 0, -1, -1]

 ### Operon type: 381

	 A0A009ZB47	[271, 270, 0, 0, 0, 529, 838, 0, 0]

 ### Operon type: 382

	 A0A009ZVR4	[623, 0, 816, 0, 0, 84, 0, 0, 272]

 ### Operon type: 383

	 A0A010JIN9	[838, 0, 0, 45, 221, 0, 0, 0, 0]

 ### Operon type: 384

	 A0A010S003	[552, 0, 0, 0, 0, 752, 752, 798, 0]

 ### Operon type: 385

	 A0A010SMN8	[0, -1, 34, 0, 864, 0, 0, 556, 0]

 ### Operon type: 386

	 A0A010SXS1	[0, 582, 0, 0, 0, 589, 0, 0, 647]

 ### Operon type: 387

	 A0A010T689	[35, -1, 841, 629, 0, 0, 0, 0, 0]

 ### Operon type: 388

	 A0A010TBB4	[0, 344, 0, 86, 0, 0, 0, 0, 783]

 ### Operon type: 389

	 A0A010YFK3	[0, 632, 0, 0, 0, 0, 48, 0, 407]

 ### Operon type: 390

	 A0A010YVY1	[16, 0, 16, 0, 0, 0, 0, 798, 0]

 ### Operon type: 391

	 A0A010ZSZ2	[0, 583, 0, 476, 475, 0, 0, 0, 0]

 ### Operon type: 392

	 A0A010Z0Y7	[0, 0, 0, 0, 475, 200, 0, 0, 0]

 ### Operon type: 393

	 A0A011A0M8	[0, 0, 595, 0, 100, 0, 0, 1, 1]

 ### Operon type: 394

	 A0A011NFL4	[0, 617, 0, 0, 754, 524, 0, 50, 0]

 ### Operon type: 395

	 A0A011P407	[0, 0, 580, 616, 0, 0, 783, 0, 579]

 ### Operon type: 396

	 A0A011QGT2	[861, 0, 0, 702, 701, 0, 0, 0, 0]

 ### Operon type: 397

	 A0A011QSA4	[669, 0, 668, 667, 0, 0, 0, 0, 714]

 ### Operon type: 398

	 A0A011T6J6	[0, 482, 0, 816, 0, 0, 310, 0, 309]

 ### Operon type: 399

	 A0A011TAL2	[0, 712, 0, 0, 0, 467, 0, 731, 0]

 ### Operon type: 400

	 A0A011TZG0	[595, 594, 0, 0, 0, 0, 0, 593, 0]

 ### Operon type: 401

	 A0A011UGY3	[64, 63, 313, 62, 0, 0, 0, 62, 0]

 ### Operon type: 402

	 A0A011UII7	[0, 0, 0, 0, 0, 746, 592, 0, 0]

 ### Operon type: 403

	 A0A011UNT9	[586, 609, 0, 0, 0, 0, 0, 0, 0]

 ### Operon type: 404

	 A0A011SIS0	[0, 705, 610, 610, 0, 0, 0, 609, 0]

 ### Operon type: 405

	 A0A011UT49	[0, 583, 0, 0, 0, 0, 582, 581, 0]

 ### Operon type: 406

	 A0A011VU65	[67, 0, 0, 0, 0, 48, 0, 674, 70]

 ### Operon type: 407

	 A0A011VV03	[0, 47, 0, 0, 430, 52, 0, 0, 0]

 ### Operon type: 408

	 A0A011VVZ9	[0, 0, -1, 0, 0, 88, 46, 46, 608]

 ### Operon type: 409

	 A0A011VWX7	[647, 497, 0, 0, 0, 0, 0, 611, 0]

 ### Operon type: 410

	 A0A011VXK7	[618, 618, 0, 812, 0, 0, 0, 484, 0]

 ### Operon type: 411

	 A0A011W0I6	[169, 0, 0, 0, 0, 531, 0, 168, 0]

 ### Operon type: 412

	 A0A010YEF6	[0, 169, 0, 0, 0, 0, 0, 0, 37]

 ### Operon type: 413

	 A0A013SQH1	[0, 0, 0, 0, 85, 538, 0, 852, 799]

 ### Operon type: 414

	 A0A009QJA8	[181, 180, 0, 0, 0, 0, 0, 0, 872]

 ### Operon type: 415

	 A0A009YL68	[0, 0, 783, 371, 368, 0, 0, 269, 0]

 ### Operon type: 416

	 A0A010JNG7	[852, 0, 0, 851, 0, 0, 0, 0, 0]

 ### Operon type: 417

	 A0A010RM40	[862, 861, 860, 0, 0, 0, 0, -1, 859]

 ### Operon type: 418

	 A0A010RRQ6	[0, 858, 0, 0, 0, 864, 857, 856, 0]

 ### Operon type: 419

	 A0A010S423	[310, 0, 0, 0, 0, 0, 0, 433, 622]

 ### Operon type: 420

	 A0A010T0I7	[0, 0, 37, 0, 0, 670, 668, 861, 0]

 ### Operon type: 421

	 A0A010ZUR7	[47, 13, 0, 13, 0, 12, 798, 0, 0]

 ### Operon type: 422

	 A0A011NA78	[0, 503, 0, 0, 0, 660, 0, 0, 859]

 ### Operon type: 423

	 A0A011P8W7	[568, 580, 647, 0, 567, 0, 0, 0, 0]

 ### Operon type: 424

	 A0A011PG97	[556, 0, 0, 555, 0, 0, 0, 0, 0]

 ### Operon type: 425

	 A0A011PKT4	[0, 538, 0, 0, 0, 0, 537, 0, 0]

 ### Operon type: 426

	 A0A011PLB2	[0, 568, 0, 539, 0, 0, 0, 0, 0]

 ### Operon type: 427

	 A0A011R339	[0, 0, 0, 0, 0, 0, 423, 422, 0]

 ### Operon type: 428

	 A0A011SFE5	[0, 0, 0, 618, 0, 0, 617, 616, 615]

 ### Operon type: 429

	 A0A011SJT5	[0, 0, 0, 608, 607, 607, 607, 607, 607]

 ### Operon type: 430

	 A0A011TDQ5	[0, 0, 0, 0, 464, 533, 0, 0, 0]

 ### Operon type: 431

	 A0A011VT01	[0, 0, 49, 0, 0, 49, 0, 0, 277]

 ### Operon type: 432

	 A0A009Z3V9	[861, 0, 0, 0, 0, 280, 522, 279, 278]

 ### Operon type: 433

	 A0A010SRB2	[42, 41, 0, 0, 0, 41, 40, 0, 0]

 ### Operon type: 434

	 A0A010KA25	[838, 0, 841, 781, 98, 0, 0, 838, 383]

 ### Operon type: 435

	 A0A011TZN1	[413, 412, 411, 0, 410, 0, 0, 0, 0]

 ### Operon type: 436

	 A0A011VJ76	[51, 51, 581, 50, 0, 861, 595, 0, 580]

 ### Operon type: 437

	 A0A011UG17	[132, 0, 171, 0, 164, 67, 0, 0, 0]

 ### Operon type: 438

	 A0A011WUA8	[480, 0, 0, 350, 0, 0, 0, 349, 349]

 ### Operon type: 439

	 A0A010S4X6	[0, 200, 860, 752, 362, 0, 736, 530, 863]

 ### Operon type: 440

	 A0A010YY02	[0, 15, 0, 0, 15, 488, 32, 0, 14]
