
 ### Operon type: 1

	 A0A010ILU3	[517, 516, 515, 557, 514, 513, 512, 511, 510]
	 A0A009QBR9	[517, 516, 515, 557, 514, 513, 511, 510, 237]
	 A0A009QS71	[517, 516, 515, 557, 514, 513, 512, 511, 510]
	 A0A009MW50	[517, 516, 515, 557, 514, 513, 512, 511, 510]
	 A0A009H3B0	[517, 516, 515, 557, 514, 513, 512, 511, 510]
	 A0A009I8S2	[517, 516, 515, 557, 514, 513, 511, 510, 237]
	 A0A009TM70	[517, 516, 515, 557, 514, 513, 511, 510, 237]

 ### Operon type: 2

	 A0A013TH43	[550, 549, 825, 548, 547, 546, 545, 544, 543]
	 A0A009RAF0	[550, 549, 825, 548, 547, 546, 545, 544, 543]

 ### Operon type: 3

	 A0A011PVT3	[767, 702, 701, 700, 699, 698, 697, 696, 695]
	 A0A011R7V7	[767, 702, 701, 700, 699, 698, 697, 696, 695]
	 A0A011MET3	[767, 702, 701, 700, 699, 698, 697, 696, 695]

 ### Operon type: 4

	 A0A013SNJ8	[492, 458, 510, 457, 456, 455, 465, 454, 453]
	 A0A013RZW2	[492, 458, 510, 457, 456, 455, 465, 454, 453]
	 A0A009PH20	[492, 458, 510, 457, 456, 455, 465, 454, 453]
	 A0A009IV03	[492, 458, 510, 457, 456, 455, 465, 454, 453]
	 A0A009MMM3	[492, 458, 510, 457, 456, 455, 465, 454, 453]
	 A0A010J9U3	[492, 458, 510, 457, 456, 455, 465, 454, 453]
	 A0A009HBT3	[492, 458, 510, 457, 456, 455, 465, 454, 453]
	 A0A009SIZ4	[492, 458, 510, 457, 456, 455, 465, 454, 453]
	 A0A009RD69	[492, 458, 510, 457, 456, 455, 465, 454, 453]
	 A0A009YIZ0	[492, 458, 510, 457, 456, 455, 465, 454, 453]

 ### Operon type: 5

	 A0A009PH57	[286, 285, -1, 284, 283, 612, 282, 352, 281]
	 A0A009TG92	[286, 285, -1, 284, 283, 612, 282, 352, 281]

 ### Operon type: 6

	 A0A013S288	[440, 439, 438, 437, 455, 436, 435, 434, 433]
	 A0A009N031	[440, 439, 438, 437, 455, 436, 435, 434, 433]
	 A0A013SXT2	[440, 439, 438, 437, 455, 436, 435, 434, 433]
	 A0A010J3I1	[440, 439, 438, 437, 455, 436, 435, 434, 433]
	 A0A009I0I9	[440, 439, 438, 437, 455, 436, 435, 434, 433]
	 A0A009PWG1	[440, 439, 438, 437, 455, 436, 435, 434, 433]
	 A0A009R2X0	[440, 439, 438, 437, 455, 436, 435, 434, 433]
	 A0A009SFX8	[440, 439, 438, 437, 46, 455, 436, 435, 434]
	 A0A009TBM2	[439, 438, 437, 46, 455, 436, 435, 434, 433]

 ### Operon type: 7

	 A0A013T8M5	[565, 710, 564, 563, 562, 561, 560, 559, 558]
	 A0A010IMP8	[565, 710, 564, 563, 562, 561, 560, 559, 558]
	 A0A009N123	[565, 710, 564, 563, 562, 561, 560, 559, 558]
	 A0A013SZ54	[565, 710, 564, 563, 562, 561, 560, 559, 558]
	 A0A009IRJ6	[565, 710, 564, 563, 562, 561, 560, 559, 558]
	 A0A009Q3K7	[565, 710, 564, 563, 562, 561, 560, 559, 558]
	 A0A009H7U0	[565, 710, 564, 563, 562, 561, 560, 559, 558]
	 A0A009SWU0	[565, 710, 564, 563, 562, 561, 560, 559, 558]
	 A0A009RBQ2	[565, 710, 564, 563, 562, 561, 560, 559, 558]
	 A0A009ZM43	[-1, 710, 564, 563, 562, 561, 560, 559, 558]

 ### Operon type: 8

	 A0A013RMD0	[-1, 449, 629, 448, 447, 635, 446, 445, 444]
	 A0A009RG92	[-1, 449, 629, 448, 447, 635, 446, 445, 444]
	 A0A009QDV7	[-1, 449, 629, 448, 447, 635, 446, 445, 444]
	 A0A009N9Z1	[-1, 449, 629, 448, 447, 635, 446, 445, 444]
	 A0A010JDA6	[-1, 449, 629, 448, 447, 635, 446, 445, 444]
	 A0A009H6M2	[-1, 449, 629, 448, 447, 635, 446, 445, 444]
	 A0A009S854	[-1, 449, 629, 448, 447, 635, 446, 445, 444]
	 A0A009IHQ3	[-1, 449, 629, 448, 447, 635, 446, 445, 444]
	 A0A009ZIC0	[143, 449, 629, 448, 447, 635, 446, 445, 444]

 ### Operon type: 9

	 A0A011UIA1	[316, 315, 314, 313, 312, 311, 310, 309, 0]
	 A0A011V5V3	[0, 316, 315, 314, 313, 312, 311, 310, 309]

 ### Operon type: 10

	 A0A011PTE7	[664, 663, 662, 661, 660, 0, 659, 658, 657]
	 A0A011NE72	[664, 663, 662, 661, 660, 659, 658, 657, 0]

 ### Operon type: 11

	 A0A010JWJ1	[369, 368, 694, 367, 366, 365, 364, 363, 362]
	 A0A009I4A1	[369, 368, 694, 367, 366, 365, 364, 363, 362]

 ### Operon type: 12

	 A0A009QF22	[158, 157, 369, 0, 366, 365, 364, 363, 362]
	 A0A009TBY8	[158, 157, 369, 367, 366, 365, 364, 363, 362]

 ### Operon type: 13

	 A0A011NEY3	[419, 766, 765, 764, 764, 763, 762, 761, 0]

 ### Operon type: 14

	 A0A011PAN4	[766, 765, 0, 764, 764, 763, 762, 761, 760]

 ### Operon type: 15

	 A0A011RCD5	[419, 766, 765, 764, 764, 763, 762, 761, 760]

 ### Operon type: 16

	 A0A011P4U7	[0, 724, 723, 722, 721, 720, 719, 718, 717]
	 A0A011NAY5	[724, 723, 722, 721, 720, 719, 718, 717, 0]

 ### Operon type: 17

	 A0A011PF67	[757, 756, 755, 754, 753, 0, 0, 0, 0]
	 A0A011NBX7	[757, 756, 755, 754, 753, 647, 0, 0, 0]
	 A0A011NW66	[757, 756, 755, 754, 753, 647, 0, 0, 0]

 ### Operon type: 18

	 A0A011NS68	[757, 756, 755, 754, 753, 587, 586, 592, 729]
	 A0A011RHX4	[757, 756, 755, 754, 753, 587, 586, 592, 0]

 ### Operon type: 19

	 A0A010YT39	[0, 590, 33, 628, 32, 31, 30, 29, 387]

 ### Operon type: 20

	 A0A010Z7T4	[33, 628, 32, 31, 30, 29, 387, 626, 668]

 ### Operon type: 21

	 A0A013SP43	[467, 466, 465, 464, 463, 462, 461, 460, 459]
	 A0A010K6G6	[467, 466, 465, 464, 463, 462, 461, 0, 459]
	 A0A009RUN3	[467, 466, 465, 464, 463, 462, 461, 460, 459]

 ### Operon type: 22

	 A0A011VWR4	[0, 0, 0, 0, 169, 168, 167, 166, 165]

 ### Operon type: 23

	 A0A011VYP6	[169, 168, 167, 166, 165, 0, 164, 700, 0]

 ### Operon type: 24

	 A0A011QAS2	[0, 781, 780, 779, 778, 777, 776, 775, 774]
	 A0A011NEQ1	[0, 781, 780, 779, 778, 777, 776, 775, 774]

 ### Operon type: 25

	 A0A010JSI3	[643, 642, 641, 640, 639, 638, 637, 636, 0]
	 A0A009RGL2	[643, 642, 641, 640, 639, 638, 637, 636, 370]
	 A0A013T0M4	[643, 642, 641, 640, 639, 638, 637, 636, 0]
	 A0A009HDS5	[643, 642, 641, 640, 639, 638, 637, 636, 370]

 ### Operon type: 26

	 A0A009SNL0	[91, 90, 388, 120, 119, 118, 117, 116, 115]

 ### Operon type: 27

	 A0A009T1I8	[388, 120, 119, 118, 117, 116, 115, 0, 0]

 ### Operon type: 28

	 A0A011VW71	[0, 84, 83, 82, 81, 80, 79, 815, 78]
	 A0A011VUV0	[84, 83, 82, 81, 80, 79, 815, 78, 0]

 ### Operon type: 29

	 A0A011UG71	[73, 251, 72, 77, 76, 252, 75, 250, 74]

 ### Operon type: 30

	 A0A011V8Z7	[0, 0, 73, 251, 72, 77, 76, 252, 75]

 ### Operon type: 31

	 A0A011V8Y9	[77, 76, 252, 75, 250, 74, 0, 0, 0]

 ### Operon type: 32

	 A0A011U8C0	[0, 252, 251, 0, 349, 250, 0, 0, 0]

 ### Operon type: 33

	 A0A011QSF0	[0, 869, 868, 867, 866, 865, 864, 863, 0]
	 A0A011QBB5	[751, 869, 868, 867, 866, 865, 864, 863, 617]
	 A0A011Q0X6	[751, 869, 868, 867, 866, 865, 864, 863, 617]
	 A0A011Q1X8	[869, 0, 868, 867, 866, 865, 864, 863, 617]

 ### Operon type: 34

	 A0A011PG87	[751, 869, 868, 867, 866, 865, 864, 0, 0]

 ### Operon type: 35

	 A0A011PCT1	[856, 855, 854, 0, 0, 0, 0, 831, 0]

 ### Operon type: 36

	 A0A011QU35	[0, 0, 0, 0, 857, 0, 856, 855, 854]

 ### Operon type: 37

	 A0A011Q2B1	[860, 716, 857, 835, 854, 834, 833, 832, 831]

 ### Operon type: 38

	 A0A011RLN8	[859, 858, 857, 835, 854, 834, 833, 832, 831]

 ### Operon type: 39

	 A0A011P700	[0, 0, 862, 861, 860, 716, 857, 835, 854]

 ### Operon type: 40

	 A0A011QSI4	[0, 0, 862, 861, 860, 0, 859, 858, 857]

 ### Operon type: 41

	 A0A013T337	[651, 632, 580, 579, 578, 836, 577, 839, 576]
	 A0A013TH30	[651, 632, 580, 579, 578, 836, 577, 839, 576]
	 A0A013S981	[428, 651, 632, 580, 579, 578, 836, 577, 839]

 ### Operon type: 42

	 A0A010JY00	[428, 651, 632, 580, 361, 836, 577, 839, 576]

 ### Operon type: 43

	 A0A013TPV4	[479, 478, 477, 476, 475, 474, 809, 694, 473]
	 A0A009MGJ1	[479, 478, 477, 476, 475, 474, 809, 694, 473]
	 A0A009QQ47	[479, 478, 477, 476, 475, 474, 809, 694, 473]
	 A0A010IZE4	[479, 478, 477, 476, 475, 474, 809, 694, 473]
	 A0A009SZB5	[479, 478, 477, 476, 475, 474, 809, 694, 473]
	 A0A009HL81	[479, 478, 477, 476, 475, 474, 809, 694, 473]
	 A0A009HR98	[479, 478, 477, 476, 475, 474, 809, 694, 473]

 ### Operon type: 44

	 A0A009Z8F7	[478, 477, 474, 0, 475, 5, 5, 0, 47]

 ### Operon type: 45

	 A0A009HFU9	[147, 146, 145, 144, 143, 542, 142, 141, 0]
	 A0A009R016	[147, 146, 145, 144, 143, -1, 542, 142, 141]

 ### Operon type: 46

	 A0A011UJN3	[0, 507, 0, 0, 342, 341, 340, 339, 338]

 ### Operon type: 47

	 A0A011W213	[342, 341, 340, 339, 338, 623, 0, 0, 0]

 ### Operon type: 48

	 A0A011QUG8	[853, 852, 851, 850, 849, 848, 0, 847, 846]
	 A0A011QIT1	[853, 852, 851, 850, 849, 848, 847, 846, 795]

 ### Operon type: 49

	 A0A011PP01	[671, 670, 669, 734, 735, 736, 737, 738, 739]
	 A0A011NVE7	[671, 670, 669, 734, 735, 736, 737, 738, 739]

 ### Operon type: 50

	 A0A011P2I4	[783, 741, 740, 739, 738, 737, 736, 735, 734]
	 A0A011N9N8	[783, 741, 740, 739, 738, 737, 736, 735, 734]

 ### Operon type: 51

	 A0A011PIY7	[655, 0, 740, 739, 738, 737, 736, 0, 734]

 ### Operon type: 52

	 A0A011Q3J4	[0, 655, 740, 739, 738, 737, 736, 735, 0]

 ### Operon type: 53

	 A0A011MH88	[594, 655, 740, 739, 738, 737, 736, 735, 734]

 ### Operon type: 54

	 A0A013SPM5	[574, 573, 572, 571, 570, 569, 568, 567, 566]
	 A0A010IX62	[574, 573, 572, 571, 570, 569, 568, 567, 566]
	 A0A009QFZ7	[574, 573, 572, 571, 570, 569, 568, 567, 566]
	 A0A009MH71	[574, 573, 572, 571, 570, 569, 568, 567, 566]
	 A0A009I6Z0	[574, 573, 572, 571, 570, 569, 568, 567, 566]
	 A0A009HSL1	[574, 573, 572, 571, 570, 569, 568, 567, 566]
	 A0A009TK03	[574, 573, 572, 571, 570, 569, 568, 567, 566]

 ### Operon type: 55

	 A0A009ZIX8	[0, 6, 572, 571, 570, 25, 0, 566, 0]

 ### Operon type: 56

	 A0A010JJN4	[531, 530, 529, 528, 527, 526, 525, 712, 652]
	 A0A013TPR7	[531, 530, 529, 528, 527, 526, 525, 712, 652]
	 A0A009PMT3	[531, 530, 529, 528, 527, 526, 525, 712, 652]
	 A0A009NI48	[531, 530, 529, 528, 527, 526, 525, 712, -1]
	 A0A009I8I7	[531, 530, 529, 528, 527, 526, 525, 712, 97]
	 A0A009SEP4	[531, 530, 529, 528, 527, 0, 526, 525, 0]
	 A0A009RMI1	[531, 530, 529, 528, 527, 526, 525, 712, 0]
	 A0A009HJJ5	[531, 530, 529, 528, 527, 526, 525, 712, 97]
	 A0A009YG45	[0, 531, 530, 529, 527, 0, 526, 525, 712]

 ### Operon type: 57

	 A0A013TPQ9	[485, 484, 483, 482, 481, 694, 688, 480, 653]
	 A0A013S8F0	[485, 484, 483, 482, 481, 694, 688, 480, 653]
	 A0A010IZH1	[-1, 484, 483, 482, 481, 694, 688, 480, 653]
	 A0A009PMU2	[485, 484, 483, -1, 481, 694, 688, 480, 653]
	 A0A009SZ84	[485, 484, 483, 482, 481, 694, 688, 480, 653]
	 A0A009HJM0	[485, 484, 483, 482, 481, 694, 688, 480, 653]

 ### Operon type: 58

	 A0A009HUS9	[484, 483, 0, 482, 481, 266, -1, 267, 268]

 ### Operon type: 59

	 A0A009ISE1	[526, 525, 712, 268, 267, -1, 266, 481, 482]

 ### Operon type: 60

	 A0A009NPS1	[485, 484, 483, 482, 481, -1, 712, 525, 526]

 ### Operon type: 61

	 A0A013SB36	[427, 426, 425, 424, 423, 607, 606, 422, 421]
	 A0A009QSI3	[427, 426, 425, 424, 423, 607, 606, 422, -1]

 ### Operon type: 62

	 A0A010ITP2	[427, 426, 425, 424, 423, 607, 606, 0, 0]

 ### Operon type: 63

	 A0A009SII9	[-1, 426, 425, 424, 423, 607, 606, 123, 122]

 ### Operon type: 64

	 A0A009T0Q9	[423, 607, 606, 123, 122, 421, 594, 694, 121]

 ### Operon type: 65

	 A0A009YJF4	[0, 607, 606, 131, 130, 594, 694, 0, 121]

 ### Operon type: 66

	 A0A009GP96	[0, 140, 694, 626, 357, 139, 542, 138, 137]

 ### Operon type: 67

	 A0A009GSR4	[626, 357, 139, 542, 138, 137, 137, 136, 0]

 ### Operon type: 68

	 A0A009IIT6	[140, 694, 626, 357, 138, 137, 137, 136, 0]

 ### Operon type: 69

	 A0A011SQL0	[728, 351, -1, 350, 349, 348, 360, 347, 346]
	 A0A011UZ49	[351, -1, 350, 349, 348, 360, 347, 346, 0]

 ### Operon type: 70

	 A0A009PT82	[741, 618, 192, 191, 271, 270, 269, 190, 189]
	 A0A009SIF9	[741, 618, 192, 191, 271, 270, 269, 190, 189]

 ### Operon type: 71

	 A0A009IS10	[272, 0, 0, 0, 271, 270, 269, 0, 0]

 ### Operon type: 72

	 A0A009QHW5	[0, 0, 0, 517, 271, 270, 269, 0, 156]

 ### Operon type: 73

	 A0A011UVB4	[0, 0, 0, 110, 0, 0, 272, 0, 78]

 ### Operon type: 74

	 A0A011V107	[322, -1, 331, 329, 332, 328, 321, 320, 0]
	 A0A011U7M7	[0, 322, -1, 331, 329, 332, 328, 321, 320]

 ### Operon type: 75

	 A0A011TLH0	[333, 332, 331, 330, 329, 328, 0, 0, 0]

 ### Operon type: 76

	 A0A011UG87	[406, 407, 408, 333, 332, 331, 330, 329, 328]

 ### Operon type: 77

	 A0A011TLH7	[408, 407, 406, 0, 0, 0, 0, 0, 0]

 ### Operon type: 78

	 A0A011TWN2	[405, 404, 403, 402, 401, 400, 399, 0, 0]
	 A0A011TAF9	[0, 0, 405, 404, 403, 402, 401, 400, 399]

 ### Operon type: 79

	 A0A011Q5V7	[790, 0, 0, 0, 830, 829, 828, 827, 826]

 ### Operon type: 80

	 A0A011RM25	[830, 829, 828, 827, 826, 844, 0, 825, 0]

 ### Operon type: 81

	 A0A011QIE8	[691, 690, 689, 688, 687, 686, 685, 0, 0]
	 A0A011QDV3	[691, 690, 689, 688, 687, 686, 618, 0, 685]

 ### Operon type: 82

	 A0A011QAB0	[787, 786, 785, 0, 784, 783, 814, 782, 0]
	 A0A011PL71	[533, 787, 786, 785, 784, 783, 814, 782, 0]

 ### Operon type: 83

	 A0A011Q6N5	[800, 799, 798, 0, 0, 0, 789, 788, 789]

 ### Operon type: 84

	 A0A011SGD5	[0, 0, 0, 0, 0, 0, 800, 799, 798]

 ### Operon type: 85

	 A0A011NYU6	[614, 613, 0, 612, 667, 27, 26, 0, 611]

 ### Operon type: 86

	 A0A011PYI6	[614, 613, 0, 612, 667, 611, 631, 802, 0]

 ### Operon type: 87

	 A0A011P1C0	[0, 0, 27, 26, 611, 0, 0, 0, 0]

 ### Operon type: 88

	 A0A011N4G4	[0, 0, 600, 599, 598, 597, 598, 596, 595]
	 A0A011PKU5	[600, 599, 598, 597, 598, 596, 595, 0, 0]

 ### Operon type: 89

	 A0A010ZWJ8	[21, 20, 19, 668, 18, 709, 393, 709, 17]

 ### Operon type: 90

	 A0A011AHW1	[18, 668, 19, 20, 21, 0, 0, 22, 0]

 ### Operon type: 91

	 A0A011AHU9	[393, 709, 17, 0, 0, 0, 0, 9, 594]

 ### Operon type: 92

	 A0A010ZX98	[16, 15, 14, 13, 12, 11, 688, 688, 0]

 ### Operon type: 93

	 A0A011AIL7	[12, 13, 14, 15, 16, 0, 0, 0, 0]

 ### Operon type: 94

	 A0A010YF95	[791, 38, 847, 37, 36, 36, 35, 343, 34]

 ### Operon type: 95

	 A0A010ZJQ6	[38, 847, 37, 36, 36, 35, 343, 34, 0]

 ### Operon type: 96

	 A0A009GXL8	[134, 133, 132, 131, 130, 367, 172, 171, 170]

 ### Operon type: 97

	 A0A010JIW7	[134, 133, 132, 131, 130, 0, 0, 172, 171]

 ### Operon type: 98

	 A0A011QNA5	[0, 682, 681, 680, 0, 679, 678, 677, 676]
	 A0A009ZLJ7	[676, 677, 678, 679, 0, 0, 682, 681, 680]

 ### Operon type: 99

	 A0A013T0T6	[679, 678, 677, 676, 585, 584, 583, 582, 581]
	 A0A009PE10	[679, 678, 677, 676, 585, 294, 583, 582, -1]
	 A0A009ISY0	[679, 678, 677, 676, 585, 294, 583, 582, 581]
	 A0A009QMH5	[679, 678, 677, 676, 585, 584, 583, 582, 581]
	 A0A009HAX1	[679, 678, 677, 676, 585, 584, 583, 582, 581]
	 A0A009RMD0	[679, 678, 677, 676, 585, 294, 583, 582, 581]

 ### Operon type: 100

	 A0A010ILW6	[679, 678, 677, 676, 585, 584, 0, 0, 582]

 ### Operon type: 101

	 A0A009Z9X7	[678, 677, 676, 0, 585, 0, 843, 0, 582]

 ### Operon type: 102

	 A0A013S8V2	[431, 430, 0, 0, 0, 429, 0, 0, 0]
	 A0A009R8E1	[0, 59, 0, 431, 430, 0, 0, 429, 0]

 ### Operon type: 103

	 A0A009ICH6	[492, 182, 181, 180, 361, 96, 95, 94, 839]
	 A0A009ZFR5	[492, 182, 181, 180, 361, 96, 95, 94, 839]

 ### Operon type: 104

	 A0A009NQA1	[492, 182, 181, 180, 179, 178, 580, 839, 836]
	 A0A009RR21	[492, 182, 181, 180, 179, 178, 580, 839, 836]

 ### Operon type: 105

	 A0A009HTN9	[492, 182, 181, 180, 179, 178, 105, 768, 104]
	 A0A009T3J5	[492, 182, 181, 180, 179, 178, 105, 768, 104]

 ### Operon type: 106

	 A0A009Q0U9	[492, 182, 181, 180, 179, 178, -1, -1, 0]

 ### Operon type: 107

	 A0A009QEG7	[236, 235, 234, 233, 232, 231, 230, 229, 228]
	 A0A009IPC3	[236, 235, 234, 233, 232, 231, 230, 229, 228]

 ### Operon type: 108

	 A0A009I573	[126, 0, 199, 200, 0, 201, 232, 233, 234]

 ### Operon type: 109

	 A0A009ILP9	[229, 0, 234, 233, 232, 201, 228, 200, 199]

 ### Operon type: 110

	 A0A009I953	[229, 0, 234, 233, 232, 201, 228, 0, -1]

 ### Operon type: 111

	 A0A009SX74	[749, 729, 0, 200, 228, 229, 235, 236, 129]

 ### Operon type: 112

	 A0A010IPH1	[506, 505, 650, 504, 503, 502, 501, 500, 499]
	 A0A009MMG9	[506, 505, 650, 504, 503, 502, 501, 500, 499]
	 A0A009ICP5	[506, 505, 650, 504, 503, 502, 501, 500, 499]
	 A0A009QVK8	[506, 505, 650, 504, 503, 502, 501, 500, 499]

 ### Operon type: 113

	 A0A009SIV4	[111, 112, 113, 109, 503, 502, 501, 500, 499]
	 A0A009HTW0	[111, 112, 113, 109, 503, 502, 501, 500, 499]
	 A0A009QLL2	[111, 112, 113, 109, 503, 502, 501, 500, 499]
	 A0A013TSJ4	[112, 113, 0, 109, 503, 502, 501, 500, 499]

 ### Operon type: 114

	 A0A013TCN9	[557, 556, 555, 554, 553, 552, 551, 694, 688]
	 A0A009QNC9	[557, 556, 555, 554, 553, 552, 551, 694, 688]
	 A0A010ITG1	[557, 556, 555, 554, 553, 552, 551, 694, 688]
	 A0A009NIJ3	[557, 556, 555, 554, 553, 552, 551, 694, 688]
	 A0A013TRC1	[557, 556, 555, 554, 553, 552, 551, 694, 688]

 ### Operon type: 115

	 A0A009H935	[0, 0, 555, 554, 553, 552, 551, 694, 688]

 ### Operon type: 116

	 A0A009IMX3	[498, 497, 496, 495, 494, 196, 196, 802, 195]
	 A0A009QEX0	[498, 497, 496, 495, 494, 196, 196, 802, 195]
	 A0A009SF48	[498, 497, 496, 495, 494, -1, 196, 802, 195]

 ### Operon type: 117

	 A0A010ISX2	[498, 497, 496, 495, 494, 493, 492, 491, 490]
	 A0A013S7V1	[498, 497, 496, 495, 494, 493, 492, 491, 490]
	 A0A009RES7	[498, 497, 496, 495, 494, 493, 492, 491, 490]
	 A0A009MR00	[498, 497, 496, 495, 494, 493, 492, 491, 490]

 ### Operon type: 118

	 A0A009YTT3	[3, 143, 496, 495, 494, 493, 492, 491, 490]

 ### Operon type: 119

	 A0A009GYP9	[0, 0, 0, 495, 494, 493, 492, 491, 490]

 ### Operon type: 120

	 A0A009ZZC8	[-1, 90, 91, 3, 143, 496, 495, 494, 493]

 ### Operon type: 121

	 A0A011WSE5	[214, 213, 212, 211, 210, 209, 208, 207, 384]
	 A0A011UGX8	[86, 214, 213, 212, 211, 210, 209, 208, 207]

 ### Operon type: 122

	 A0A011VZG0	[383, 0, 86, 214, 213, 212, 211, 210, 209]

 ### Operon type: 123

	 A0A009PJF7	[280, 279, 279, 278, 277, 276, 275, 274, 273]
	 A0A009SJZ7	[110, 280, 279, 278, 277, 276, 275, 274, 273]

 ### Operon type: 124

	 A0A009Z5G0	[276, 278, 279, 0, 354, 280, 110, 451]

 ### Operon type: 125

	 A0A010JJC1	[796, 524, 523, 522, 521, 520, 519, 532, 518]
	 A0A010IZ41	[524, 523, 522, 521, 520, 519, 532, 518, 465]

 ### Operon type: 126

	 A0A009QJL6	[796, 524, 523, 522, 0, 518, 465, 155, 0]

 ### Operon type: 127

	 A0A013TB41	[472, -1, 471, 470, 469, 741, 505, 726, 468]
	 A0A013SGL3	[472, 420, 471, 470, 469, 741, 505, 726, 468]
	 A0A010KAV2	[472, 420, 471, 470, 469, 741, 505, 726, 468]
	 A0A009PG53	[472, 420, 471, 470, 469, 741, 505, 726, 468]
	 A0A009NE81	[472, 420, 471, 470, 469, 741, 505, 726, 468]
	 A0A009I5Z6	[472, 420, 471, 470, 469, 741, 505, 726, 468]
	 A0A009RQH3	[472, 420, 471, 470, 469, 741, 505, 726, 468]
	 A0A009SHB3	[472, 420, 471, 470, 469, 741, 505, 726, 468]

 ### Operon type: 128

	 A0A009H3X4	[472, 420, 471, 470, 469, 741, -1, 633, -1]

 ### Operon type: 129

	 A0A009PIB4	[0, 0, 0, 188, 187, 186, 542, 694, 783]
	 A0A009SLR5	[0, 0, 0, 188, 187, 186, 542, 694, 783]

 ### Operon type: 130

	 A0A009HSU4	[0, 0, 604, 694, 0, 741, 726, 783, 542]

 ### Operon type: 131

	 A0A009I463	[810, 128, 127, 455, 455, 387, 386, 385, 177]
	 A0A009PAG1	[810, 128, 127, 455, 455, 387, 386, 385, 177]

 ### Operon type: 132

	 A0A013SKX6	[0, 0, 810, 0, 455, 455, 387, 386, 385]

 ### Operon type: 133

	 A0A011Q5S3	[795, 794, 0, 0, 0, 0, 793, 792, 791]

 ### Operon type: 134

	 A0A011UZZ4	[0, 793, 792, 0, 0, 0, 327, 327, 791]

 ### Operon type: 135

	 A0A011UTJ0	[0, 0, 0, 67, 66, 65, 719, 64, 63]

 ### Operon type: 136

	 A0A011VMV7	[67, 66, 65, 719, 64, 63, 308, 307, 306]

 ### Operon type: 137

	 A0A011NYT4	[715, 714, 713, 712, 0, 608, 608, 607, 606]

 ### Operon type: 138

	 A0A011P8E9	[0, 0, 715, 714, 0, 713, 712, 0, 0]

 ### Operon type: 139

	 A0A010TF34	[0, -1, 0, 0, 53, 52, 51, 50, 49]
	 A0A010SYH9	[53, 52, 51, 50, 49, 0, 0, 0, 0]

 ### Operon type: 140

	 A0A010S7A1	[153, 152, 151, 150, 0, 149, 0, 0, 0]
	 A0A010TFJ4	[0, -1, 0, 153, 152, 151, 150, -1, 149]

 ### Operon type: 141

	 A0A009PAV9	[304, -1, 650, 303, 455, 542, 302, 301, 300]
	 A0A009HJC2	[304, 688, 650, 303, 455, 542, 302, 301, 300]

 ### Operon type: 142

	 A0A009SE02	[0, 300, 0, 0, 0, 301, 302, 542, 455]

 ### Operon type: 143

	 A0A009RSB7	[726, 492, 704, 489, 287, 694, 694, 487, 486]
	 A0A009HS41	[726, 492, 704, 489, 287, 694, 694, 487, 486]
	 A0A009SYU8	[726, 492, 704, 489, 287, 694, 694, 487, 486]

 ### Operon type: 144

	 A0A010IT25	[726, 492, 704, 489, 488, 694, 694, 487, 486]
	 A0A013SHA9	[726, 492, 704, 489, 488, 694, 694, 487, 486]
	 A0A009I466	[726, 492, 704, 489, 488, 694, 694, 487, 486]

 ### Operon type: 145

	 A0A009NMQ9	[726, 492, 704, 489, 488, 0, 694, 694, 487]

 ### Operon type: 146

	 A0A009P8A9	[0, 0, 704, 489, 287, 694, 694, 487, 486]

 ### Operon type: 147

	 A0A009ITT8	[265, 264, 263, 376, 375, 262, 374, 373, 372]
	 A0A009NJ90	[265, 264, 263, 376, 375, 202, 262, 374, 373]

 ### Operon type: 148

	 A0A009NCH6	[258, 374, 373, 372, 257, 256, 255, 174, 173]
	 A0A009IJ01	[374, 373, 372, 371, 257, 256, 255, 174, 173]

 ### Operon type: 149

	 A0A009RQL5	[374, 373, 372, 125, 257, 256, 255, 174, 0]

 ### Operon type: 150

	 A0A009MGQ8	[375, 0, 258, 374, 373, 372, 257, 256, 255]

 ### Operon type: 151

	 A0A009IJ07	[379, 378, 377, 376, 375, 374, 373, 372, 371]
	 A0A009S6G1	[379, 378, 377, 376, 375, 374, 373, 372, 257]
	 A0A009RHH7	[379, 378, 377, 376, 375, 202, 374, 373, 372]

 ### Operon type: 152

	 A0A009HZK2	[377, 376, 375, 374, 373, 372, 371, 257, 256]

 ### Operon type: 153

	 A0A009R4N4	[376, 375, 202, 374, 373, 372, 125, 257, 256]

 ### Operon type: 154

	 A0A009S5A5	[375, 202, 262, 374, 373, 372, 371, 124, 257]

 ### Operon type: 155

	 A0A009RHH9	[0, 0, 0, 0, 305, 379, 378, 377, 376]

 ### Operon type: 156

	 A0A011PGU1	[0, 0, 748, 747, 746, 745, 744, 743, 742]
	 A0A011MDH1	[609, 0, 748, 747, 746, 745, 744, 743, 742]

 ### Operon type: 157

	 A0A011V0P4	[418, 326, 0, 0, 325, 0, 0, 324, 323]

 ### Operon type: 158

	 A0A011WPV7	[324, 323, 0, 0, 0, 0, 0, 0, 0]

 ### Operon type: 159

	 A0A011UDF3	[747, 248, 0, 0, 0, 398, 247, 246, 873]

 ### Operon type: 160

	 A0A011VSC9	[247, 246, 873, 0, 0, 0, 0, 0, 0]

 ### Operon type: 161

	 A0A011SF89	[807, 806, 805, 0, 0, 0, 0, 0, 0]

 ### Operon type: 162

	 A0A011UCX7	[0, 787, 807, 806, 0, 805, 249, 0, 0]

 ### Operon type: 163

	 A0A011RNP9	[0, 0, 0, 0, 0, 815, 814, 0, 0]

 ### Operon type: 164

	 A0A011V0B5	[810, 0, 0, 0, 0, 0, 815, 0, 0]

 ### Operon type: 165

	 A0A011RQC9	[0, 810, 809, 0, 0, 0, 0, 808, 0]

 ### Operon type: 166

	 A0A011QG28	[674, 673, 747, 0, 746, 745, 710, 672, 711]
	 A0A011RIM8	[674, 673, 0, 0, 746, 745, 710, 672, 711]

 ### Operon type: 167

	 A0A011PHI6	[733, 0, 732, 0, 0, 731, 850, 730, 0]

 ### Operon type: 168

	 A0A011QI68	[0, 0, 732, 731, 0, 0, 0, 0, 0]

 ### Operon type: 169

	 A0A011NVJ6	[621, 772, 771, 770, 769, 768, 0, 0, 620]

 ### Operon type: 170

	 A0A011PVP2	[0, 772, 771, 770, 769, 768, 0, 0, 767]

 ### Operon type: 171

	 A0A011NXY7	[0, 0, 771, 0, 769, 0, 0, 0, 0]

 ### Operon type: 172

	 A0A011QR69	[841, 840, 839, 838, 837, 836, 0, 0, 0]
	 A0A011NUB4	[841, 840, 839, 838, 837, 836, 0, 623, 0]

 ### Operon type: 173

	 A0A011NN36	[840, 839, 0, 0, 837, 836, 0, 0, 0]

 ### Operon type: 174

	 A0A011PK69	[839, 536, 0, 0, 837, 836, 0, 0, 0]

 ### Operon type: 175

	 A0A011RMI6	[824, 823, 822, 821, 820, 819, 818, 817, 816]
	 A0A011NYD6	[824, 823, 822, 821, 820, 819, 818, 817, 816]

 ### Operon type: 176

	 A0A011QB28	[773, 824, 823, 0, 0, 819, 818, 817, 816]

 ### Operon type: 177

	 A0A011NF33	[0, 819, 818, 0, 0, 0, 0, 0, 0]

 ### Operon type: 178

	 A0A011NBY4	[646, 0, 0, 645, 0, 0, 644, 0, 0]

 ### Operon type: 179

	 A0A011WRT0	[646, 0, 0, 0, 0, 0, 0, 802, 0]

 ### Operon type: 180

	 A0A011SHV5	[0, 0, 0, 0, 0, 797, 802, 796, 0]

 ### Operon type: 181

	 A0A011NB95	[0, 845, 0, 0, 0, 0, 650, 649, 648]

 ### Operon type: 182

	 A0A011UHT4	[155, 85, 649, 0, 0, 55, 55, 648, 0]

 ### Operon type: 183

	 A0A010Z1W7	[0, 0, 0, 0, 0, 99, 0, 410, 411]

 ### Operon type: 184

	 A0A011VY84	[0, 0, 411, 410, 0, 0, 0, 0, 0]

 ### Operon type: 185

	 A0A010YW85	[0, 0, 0, 0, 0, 380, 0, 410, 411]

 ### Operon type: 186

	 A0A010ZMA0	[410, 654, 0, 0, 0, 0, 0, 0, 0]

 ### Operon type: 187

	 A0A011N5L2	[0, 0, 0, 654, 0, 653, 652, 0, 0]

 ### Operon type: 188

	 A0A009MJ75	[0, 0, 177, 176, 175, 0, 0, 0, 626]

 ### Operon type: 189

	 A0A010IH51	[0, 499, 0, 0, 175, 0, 626, 0, 0]

 ### Operon type: 190

	 A0A011TYT7	[0, 0, 0, 0, 0, 0, 499, 344, 344]

 ### Operon type: 191

	 A0A010RRR9	[0, 0, 0, 0, 699, 0, 0, 627, 626]

 ### Operon type: 192

	 A0A010SIA7	[0, 0, 627, 150, 0, 0, 0, 0, 0]

 ### Operon type: 193

	 A0A010RFQ9	[0, 0, 635, 0, 634, 0, 0, 0, 0]

 ### Operon type: 194

	 A0A010SPR9	[44, 44, 0, 0, 0, 634, 0, 0, 0]

 ### Operon type: 195

	 A0A009LNU8	[261, 260, 360, 359, 0, 259, 0, 542, 0]

 ### Operon type: 196

	 A0A013SRG6	[358, 359, 360, 260, 0, 204, 0, 261, 589]

 ### Operon type: 197

	 A0A009IQU8	[0, 260, 0, 0, 0, 204, 589, 0, 0]

 ### Operon type: 198

	 A0A010K2K8	[360, 359, 358, 0, 0, 0, 0, -1, 542]

 ### Operon type: 199

	 A0A011NPR8	[0, 589, 0, 0, 0, 0, 588, 0, 0]

 ### Operon type: 200

	 A0A010SEA2	[794, 588, 148, 0, 0, 0, 0, 0, 0]

 ### Operon type: 201

	 A0A010IGH8	[0, 0, 0, 0, 0, 0, 0, 441, 487]

 ### Operon type: 202

	 A0A010STD3	[0, 0, 0, 397, 396, 395, 0, 487, 441]

 ### Operon type: 203

	 A0A010SQJ5	[432, 504, 0, 397, 396, 395, 0, 0, 0]

 ### Operon type: 204

	 A0A013RVV2	[557, 0, 443, 442, 0, 0, 487, 441, 0]

 ### Operon type: 205

	 A0A011TD67	[398, 0, 0, 397, 396, 395, 394, 0, 393]

 ### Operon type: 206

	 A0A009ZC12	[0, 0, 0, 397, 0, 395, 394, 4, 871]

 ### Operon type: 207

	 A0A009YSC7	[0, 0, 644, 1, 0, 1, 443, 442, 0]

 ### Operon type: 208

	 A0A009ZJK4	[0, 0, 0, 0, 0, 0, 492, 41, 0]

 ### Operon type: 209

	 A0A010SVN1	[-1, 41, 694, 238, 334, 0, 0, 492, 0]

 ### Operon type: 210

	 A0A009PFK7	[293, 292, 291, 290, 289, 0, 0, 288, 0]
	 A0A009QGN4	[293, 292, 291, 290, 289, 288, 0, 0, 0]

 ### Operon type: 211

	 A0A009YR20	[0, 288, 0, 0, 0, 0, 292, 0, 0]

 ### Operon type: 212

	 A0A009SCM5	[89, 88, 87, 0, 0, 0, 0, 0, 0]

 ### Operon type: 213

	 A0A009TJ77	[129, 203, 0, 0, 0, 0, 89, 88, 87]

 ### Operon type: 214

	 A0A009HZV2	[0, 0, 0, 0, 227, 226, 202, 0, 0]

 ### Operon type: 215

	 A0A009QPE7	[0, 0, 0, 0, 227, 226, 0, 0, 0]

 ### Operon type: 216

	 A0A009MGR3	[0, 0, 244, 0, 575, 124, 144, 297, 296]

 ### Operon type: 217

	 A0A009Q4G0	[0, 245, 244, 0, 575, 0, 297, 296, 297]

 ### Operon type: 218

	 A0A009PB53	[0, 0, 299, 298, 575, 297, 296, 297, 295]

 ### Operon type: 219

	 A0A009PUJ8	[0, 299, 298, 575, 0, 295, 172, 171, 170]

 ### Operon type: 220

	 A0A009QQC0	[225, 0, 224, 694, 389, 389, 239, 480, 238]
	 A0A009H7I0	[225, 0, 0, 694, 389, 389, 239, 480, 238]

 ### Operon type: 221

	 A0A009MVG4	[224, 0, 390, 694, 389, 389, 239, 480, 238]

 ### Operon type: 222

	 A0A009QA91	[241, 240, 726, 694, 389, 389, 239, 480, 238]
	 A0A010J377	[241, 240, 726, 694, 389, 389, 239, 480, 238]

 ### Operon type: 223

	 A0A009S1X4	[241, 240, 726, 694, 389, 389, 694, 0, 282]

 ### Operon type: 224

	 A0A013SHF4	[0, 0, 390, 694, 389, 389, 0, 388, 0]

 ### Operon type: 225

	 A0A011N3C3	[0, 0, 0, 604, 603, 602, 693, 692, 601]
	 A0A011PJK8	[604, 603, 602, 693, 692, 601, 0, 0, 0]

 ### Operon type: 226

	 A0A011WKI4	[0, 0, 0, 0, 0, 591, 161, 160, 163]
	 A0A011UWH1	[591, 161, 160, 163, 0, 0, 0, 0, 0]

 ### Operon type: 227

	 A0A010YKP2	[0, 0, 0, 0, 0, 0, 620, 319, 0]

 ### Operon type: 228

	 A0A011V1A2	[326, 0, 0, 319, 0, 0, 0, 0, 0]

 ### Operon type: 229

	 A0A011NGS0	[0, 0, 0, 0, 616, 706, 0, 0, 0]

 ### Operon type: 230

	 A0A011PW61	[0, 0, 0, 0, 616, 706, 0, 0, 615]

 ### Operon type: 231

	 A0A011UXI1	[0, 534, 0, 0, 616, 706, 392, 0, 0]

 ### Operon type: 232

	 A0A011SWI9	[-1, -1, 0, 733, 616, 706, 392, -1, -1]

 ### Operon type: 233

	 A0A011P952	[706, 0, 705, 0, 0, 705, 0, 0, 0]

 ### Operon type: 234

	 A0A011Q1B3	[610, 730, 625, 624, 625, 767, 609, 0, 0]
	 A0A011QVV5	[0, 0, 610, 730, 625, 624, 625, 767, 609]

 ### Operon type: 235

	 A0A011NSG8	[0, 0, 0, 730, 625, 624, 0, 625, 0]

 ### Operon type: 236

	 A0A011P0X4	[0, 0, 609, 0, 625, 0, 0, 624, 59]

 ### Operon type: 237

	 A0A010YNY9	[0, 0, 100, 28, 0, 0, 0, 0, 57]

 ### Operon type: 238

	 A0A011AC71	[282, 0, 0, 336, 0, 100, 28, 0, 726]

 ### Operon type: 239

	 A0A011QLX0	[0, 684, 0, 0, 683, 0, 823, 822, 0]
	 A0A011PRW6	[684, 0, 0, 0, 683, 823, 822, 0, 0]

 ### Operon type: 240

	 A0A010SML6	[0, 823, 822, -1, 0, 729, 0, 0, 0]

 ### Operon type: 241

	 A0A010RS09	[0, 0, 0, 0, 50, 0, 633, 633, 0]

 ### Operon type: 242

	 A0A010RTE7	[0, 0, 0, 0, 0, 0, 50, 203, 0]

 ### Operon type: 243

	 A0A009P817	[243, 0, 0, 0, 185, 0, 382, 184, 183]

 ### Operon type: 244

	 A0A009TIY0	[0, 0, 0, 0, 185, 0, 382, 184, 0]

 ### Operon type: 245

	 A0A009QKA3	[382, 184, 0, 183, 0, 0, 0, 0, 293]

 ### Operon type: 246

	 A0A009HSR2	[0, 108, 107, 0, 106, 220, 221, 202, 222]

 ### Operon type: 247

	 A0A009SWM1	[0, 108, 107, 0, 106, 0, 0, 221, 0]

 ### Operon type: 248

	 A0A009MYX0	[223, 222, 0, 604, 0, 0, 221, 220, 219]

 ### Operon type: 249

	 A0A009QK79	[0, 0, 219, 220, 0, 221, 0, 0, 222]

 ### Operon type: 250

	 A0A009GXJ1	[318, 317, 220, 221, 135, 202, 222, 223, 0]

 ### Operon type: 251

	 A0A013TKW8	[0, 758, 0, 542, 541, 540, 539, 538, 537]
	 A0A010IT95	[0, 0, 0, 542, 541, 540, 539, 538, 537]
	 A0A009QT77	[0, 0, -1, 542, 541, 540, 539, 538, 537]
	 A0A009PRQ9	[0, 542, 193, 0, 541, 540, 539, 538, 537]
	 A0A009MH36	[0, 0, 0, 542, 541, 540, 539, 538, 537]
	 A0A009GWD0	[202, 0, 0, 542, 541, 540, 539, 538, 537]
	 A0A009I5G9	[0, 0, 542, 193, 541, 540, 539, 538, 537]
	 A0A009S0T6	[0, 0, 542, 193, 541, 540, 539, 538, 537]

 ### Operon type: 252

	 A0A013TMJ7	[688, -1, 0, 542, 541, 538, 537, 0, 0]

 ### Operon type: 253

	 A0A011VXC2	[-1, 417, 0, 665, 416, 415, 414, 413, 412]
	 A0A011V392	[417, 0, 665, 416, 415, 414, 0, 413, 412]

 ### Operon type: 254

	 A0A011V490	[383, 452, 0, 412, 413, 414, 415, 416, 665]

 ### Operon type: 255

	 A0A011VZF5	[0, 0, 416, 415, 414, 787, 452, 787, 0]

 ### Operon type: 256

	 A0A011WLE7	[0, 0, 0, 0, 0, 159, 0, 0, 0]
	 A0A011VU44	[0, 0, 0, 0, 0, 159, 0, 0, 0]

 ### Operon type: 257

	 A0A011VAP2	[0, 0, 70, 0, 0, 0, 0, 0, 217]

 ### Operon type: 258

	 A0A011VRJ8	[0, 0, 0, 0, 0, 0, 70, 0, 0]

 ### Operon type: 259

	 A0A011RNU1	[0, 0, 0, 0, 0, 0, 813, 813, 812]

 ### Operon type: 260

	 A0A011VKJ9	[0, 0, 0, 0, 0, 0, 812, 813, -1]

 ### Operon type: 261

	 A0A011PQZ7	[0, 0, 0, 668, 667, 0, 666, 0, 0]

 ### Operon type: 262

	 A0A011TUX4	[0, 0, 0, 0, 667, 0, 0, 666, 0]

 ### Operon type: 263

	 A0A011STZ9	[0, 0, 0, 666, 0, 0, 0, 0, 0]

 ### Operon type: 264

	 A0A011PUJ9	[0, 0, 0, 0, 0, 0, 0, 0, 703]
	 A0A011PRF5	[703, 0, 0, 0, 0, 0, 0, 0, 0]

 ### Operon type: 265

	 A0A011PFY8	[0, 0, 0, 0, 0, 0, 0, 0, 752]

 ### Operon type: 266

	 A0A011PNS3	[842, 752, 0, 0, 0, 0, 0, 0, 0]

 ### Operon type: 267

	 A0A011T648	[0, 752, 0, 0, 0, 0, 0, 839, 0]

 ### Operon type: 268

	 A0A010YYJ5	[0, 0, 0, 787, 0, 0, 0, 48, 48]

 ### Operon type: 269

	 A0A011NDM5	[787, 0, 0, 0, 0, 0, 0, 0, 0]

 ### Operon type: 270

	 A0A011MSR2	[0, 0, 0, 605, 0, 0, 0, 787, 787]

 ### Operon type: 271

	 A0A011WSU6	[0, 787, 0, 0, 413, 0, 0, 0, 0]

 ### Operon type: 272

	 A0A011U3C2	[0, 0, 710, 0, 0, 0, 0, 0, 0]
	 A0A011AEN3	[0, 0, 0, 0, 0, 0, 710, 0, 0]

 ### Operon type: 273

	 A0A011AAZ2	[0, 58, 0, 0, 0, 710, 710, 710, 0]

 ### Operon type: 274

	 A0A011T698	[0, 0, 0, 0, 0, 726, 710, 0, 0]

 ### Operon type: 275

	 A0A010YRE8	[0, 0, 0, 0, 0, 0, 0, 11, 0]

 ### Operon type: 276

	 A0A011AF05	[0, 0, 282, 11, 0, 0, 0, 0, 0]

 ### Operon type: 277

	 A0A009ZG48	[0, 0, 0, 758, 0, 0, 0, 0, 0]

 ### Operon type: 278

	 A0A011PEJ8	[0, 0, 759, 758, 0, 0, 0, 0, 0]

 ### Operon type: 279

	 A0A011QNJ7	[675, 0, 0, 758, 0, 0, 0, 675, 0]

 ### Operon type: 280

	 A0A011MMJ4	[0, 0, 0, 0, 0, 0, 0, 675, 0]

 ### Operon type: 281

	 A0A011R8M3	[0, 0, 759, 758, 0, 391, 0, 675, 0]

 ### Operon type: 282

	 A0A009ZC82	[0, 0, 728, 0, 0, 0, 0, 0, 0]

 ### Operon type: 283

	 A0A011P3F6	[729, 0, 0, 728, 0, 0, 0, 0, 0]

 ### Operon type: 284

	 A0A009IG48	[0, 0, 0, 198, 197, 0, 0, 0, 729]

 ### Operon type: 285

	 A0A009IMQ0	[0, 0, 0, 198, 197, 0, 0, 0, 0]

 ### Operon type: 286

	 A0A009SWV1	[0, 0, 0, 0, 0, 0, 0, 198, 0]

 ### Operon type: 287

	 A0A009Q512	[0, 0, 0, 0, 242, 0, 0, 0, 0]
	 A0A009PMZ9	[242, 0, 0, 0, 0, 0, 0, 0, 0]

 ### Operon type: 288

	 A0A009IFL2	[0, 93, 0, 92, -1, 0, 0, 0]

 ### Operon type: 289

	 A0A009ZDS1	[-1, -1, 0, 93, 0, 0, 524, 0, 0]

 ### Operon type: 290

	 A0A010SNM6	[102, 101, -1, 0, 0, 0, 688, 0, 0]

 ### Operon type: 291

	 A0A010T5D8	[101, 102, 0, -1, 0, -1, 465, 0, 0]

 ### Operon type: 292

	 A0A011UB51	[409, 0, 0, 0, 0, 0, 0, 0, 0]
	 A0A011UFH1	[0, 0, 0, 0, 0, 409, 0, 0, 0]

 ### Operon type: 293

	 A0A011V965	[0, -1, -1, 0, 71, 0, -1, -1, 0]
	 A0A011VHP2	[0, -1, -1, -1, 71, 0, 0, 0, 0]

 ### Operon type: 294

	 A0A010RVD0	[-1, 0, 0, -1, 0, 863, 863, 0, 45]

 ### Operon type: 295

	 A0A010T7Q5	[0, 45, 0, 0, 0, 0, -1, 0, 0]

 ### Operon type: 296

	 A0A010SJH7	[0, 0, 688, -1, 0, 0, 239, 0, 0]

 ### Operon type: 297

	 A0A010SRR2	[0, 0, -1, 0, 0, 0, 0, 0, 688]

 ### Operon type: 298

	 A0A010RKP8	[0, 0, 0, 0, 0, 0, -1, 0, 0]
	 A0A010TF14	[-1, 0, 0, 0, 0, 0, 0, 0, 0]
	 A0A010RY47	[-1, 0, -1, 0, 0, 0, 0, 0, 0]
	 A0A009HJU6	[0, 0, 0, 0, 0, 0, 0, 0, -1]
	 A0A011UZ32	[0, 0, 0, 0, 0, -1, 0, 0, 0]

 ### Operon type: 299

	 A0A010SJF9	[0, 0, 0, 0, 0, -1, 0, 103, -1]

 ### Operon type: 300

	 A0A011ML54	[0, 0, 0, 593, 0, 0, 0, 0, -1]

 ### Operon type: 301

	 A0A011NHY1	[0, 0, 0, 0, 0, 688, 0, 0, 0]

 ### Operon type: 302

	 A0A010Z171	[0, 0, 0, 0, 0, 0, 688, 0, 604]

 ### Operon type: 303

	 A0A011T697	[688, 0, 0, 0, 0, 0, 0, 0, 382]

 ### Operon type: 304

	 A0A011TDD1	[0, 335, 688, 0, 0, 0, 0, 0, 0]

 ### Operon type: 305

	 A0A011VW24	[0, 0, 844, 0, 0, 0, 0, 0, -1]

 ### Operon type: 306

	 A0A011T8V3	[0, 0, 844, 0, 0, 0, 0, 0, 0]

 ### Operon type: 307

	 A0A010TH98	[615, 0, 0, 844, 0, 0, 0, 0, 0]

 ### Operon type: 308

	 A0A011QVR3	[0, 0, 0, 0, 0, 0, 0, 845, 844]

 ### Operon type: 309

	 A0A011VYF1	[844, 0, 0, 0, 0, 0, 409, 0, 0]

 ### Operon type: 310

	 A0A010S415	[-1, 844, 0, 238, 0, 0, 0, 0, 513]

 ### Operon type: 311

	 A0A011QSN2	[0, 0, 0, 0, 0, 0, 0, 0, 0]
	 A0A011PBM9	[0, 0, 0, 0, 0, 0, 0, 0, 0]
	 A0A011P9Z5	[0, 0, 0, 0, 0, 0, 0, 0, 0]
	 A0A011QMJ8	[0, 0, 0, 0, 0, 0, 0, 0, 0]
	 A0A011NAJ1	[0, 0, 0, 0, 0, 0, 0, 0, 0]
	 A0A011NTU3	[0, 0, 0, 0, 0, 0, 0, 0, 0]
	 A0A011Q056	[0, 0, 0, 0, 0, 0, 0, 0, 0]
	 A0A011N2Z0	[0, 0, 0, 0, 0, 0, 0, 0, 0]
	 A0A011NMI8	[0, 0, 0, 0, 0, 0, 0, 0, 0]
	 A0A013TEV4	[0, 0, 0, 0, 0, 0, 0, 0, 0]
	 A0A011PNN2	[0, 0, 0, 0, 0, 0, 0, 0, 0]
	 A0A013SL47	[0, 0, 0, 0, 0, 0, 0, 0, 0]
	 A0A011WUT3	[0, 0, 0, 0, 0, 0, 0, 0, 0]
	 A0A013S2B9	[0, 0, 0, 0, 0, 0, 0, 0, 0]
	 A0A013SBR8	[0, 0, 0, 0, 0, 0, 0, 0, 0]
	 A0A011VYF6	[0, 0, 0, 0, 0, 0, 0, 0, 0]
	 A0A011UHL2	[0, 0, 0, 0, 0, 0, 0, 0, 0]
	 A0A009PDV4	[0, 0, 0, 0, 0, 0, 0, 0, 0]
	 A0A009M4K0	[0, 0, 0, 0, 0, 0, 0, 0, 0]
	 A0A011UBN9	[0, 0, 0, 0, 0, 0, 0, 0, 0]
	 A0A009MH90	[0, 0, 0, 0, 0, 0, 0, 0, 0]
	 A0A010SHY1	[0, 0, 0, 0, 0, 0, 0, 0, 0]
	 A0A009HIL8	[0, 0, 0, 0, 0, 0, 0, 0, 0]
	 A0A011VNE2	[0, 0, 0, 0, 0, 0, 0, 0, 0]
	 A0A011UFM5	[0, 0, 0, 0, 0, 0, 0, 0, 0]
	 A0A010SPJ7	[0, 0, 0, 0, 0, 0, 0, 0, 0]
	 A0A010SSQ8	[0, 0, 0, 0, 0, 0, 0, 0, 0]
	 A0A010T025	[0, 0, 0, 0, 0, 0, 0, 0, 0]
	 A0A010YJA7	[0, 0, 0, 0, 0, 0, 0, 0, 0]
	 A0A010ZTI3	[0, 0, 0, 0, 0, 0, 0, 0, 0]
	 A0A011A146	[0, 0, 0, 0, 0, 0, 0, 0, 0]
	 A0A010YZS8	[0, 0, 0, 0, 0, 0, 0, 0, 0]
	 A0A010Z120	[0, 0, 0, 0, 0, 0, 0, 0, 0]

 ### Operon type: 312

	 A0A010TG27	[591, 0, 54, 0, 0, 0, 694, 0, 0]

 ### Operon type: 313

	 A0A011PMK1	[0, 0, 0, 0, 0, 0, 0, 591, 0]

 ### Operon type: 314

	 A0A009HM15	[0, 255, 174, 0, 0, 0, -1, 0, 0]

 ### Operon type: 315

	 A0A009HRU1	[0, 220, 0, 0, 0, 0, 0, 0, 0]

 ### Operon type: 316

	 A0A009HSN8	[0, 245, 0, 0, 0, -1, 0, 295, -1]

 ### Operon type: 317

	 A0A009HV82	[172, 0, 0, 0, 0, 0, 0, 0, 0]

 ### Operon type: 318

	 A0A009IG74	[0, 0, 176, 0, 455, -1, 0, 0, 0]

 ### Operon type: 319

	 A0A009IJ90	[0, 129, 0, 0, 0, 0, 0, 0, 0]

 ### Operon type: 320

	 A0A009NM94	[0, 804, 804, 0, 0, 0, 335, 0, 0]

 ### Operon type: 321

	 A0A009Q4N5	[0, 0, 243, 0, 0, 0, 0, 0, 0]

 ### Operon type: 322

	 A0A009SSZ9	[0, 126, 0, 0, 0, 0, 0, 0, 0]

 ### Operon type: 323

	 A0A009YIH1	[0, 0, 0, 0, 257, 0, -1, -1, 2]

 ### Operon type: 324

	 A0A009YR05	[0, 0, 0, 0, 66, 0, 0, 0, 0]

 ### Operon type: 325

	 A0A009Z004	[114, 0, 114, 0, 0, 604, 0, 0, 0]

 ### Operon type: 326

	 A0A010RUQ5	[0, 0, 0, 0, 0, 0, 0, 0, 254]

 ### Operon type: 327

	 A0A010S195	[728, 0, 99, 98, 0, 0, 0, 0, 0]

 ### Operon type: 328

	 A0A010SCZ2	[0, 0, 0, 0, 0, 0, 0, 216, 0]

 ### Operon type: 329

	 A0A010SN41	[0, 0, 0, 0, 205, 0, 0, 0, 0]

 ### Operon type: 330

	 A0A010SSU2	[0, 0, 0, 0, 135, 0, -1, 707, 0]

 ### Operon type: 331

	 A0A010SUP6	[0, 0, 0, 0, 0, 0, 0, 98, 0]

 ### Operon type: 332

	 A0A010SUY9	[0, 0, 0, 0, 0, 391, 759, 0]

 ### Operon type: 333

	 A0A010THK2	[0, 0, -1, 0, 0, 633, 604, 0, 0]

 ### Operon type: 334

	 A0A010SRL4	[54, 0, 0, -1, 0, 0, 0, 604, 194]

 ### Operon type: 335

	 A0A010YX61	[471, 710, 0, 844, 0, 0, 0, 0, 0]

 ### Operon type: 336

	 A0A010S5W8	[0, 0, 605, 767, 0, 0, 0, 0, 0]

 ### Operon type: 337

	 A0A011NE37	[564, 0, 0, 0, 0, 0, 0, 0, 0]

 ### Operon type: 338

	 A0A011NF78	[0, 0, 870, 0, 0, 0, 0, 0, 0]

 ### Operon type: 339

	 A0A011NVE2	[0, 0, 0, 839, 0, 0, 688, 0, 622]

 ### Operon type: 340

	 A0A011NXJ4	[0, 0, 0, 0, 0, 0, 0, 0, 619]

 ### Operon type: 341

	 A0A011P8I1	[0, 0, 711, 710, 0, 0, 0, 0, 709]

 ### Operon type: 342

	 A0A011P9Q7	[704, 0, 0, 0, 0, 0, 0, 0, 0]

 ### Operon type: 343

	 A0A011PJ75	[0, 839, 656, 839, 0, 0, 0, 0, 0]

 ### Operon type: 344

	 A0A011PRB4	[0, 0, 0, 0, 0, 0, 0, 665, 0]

 ### Operon type: 345

	 A0A011QVT2	[843, 0, 0, 0, 0, 0, 0, 842, 0]

 ### Operon type: 346

	 A0A011RP14	[0, 0, 0, 0, 0, 0, 0, 811, 0]

 ### Operon type: 347

	 A0A011SM49	[688, 0, 811, 0, 0, 0, 352, 0, 0]

 ### Operon type: 348

	 A0A011AM27	[666, 0, 0, 0, 527, 0, 0, 0, 39]

 ### Operon type: 349

	 A0A011T607	[0, 0, 767, 0, 0, 0, 0, 0, 335]

 ### Operon type: 350

	 A0A011TAW2	[0, 0, 0, 0, 0, 0, 440, 0, 0]

 ### Operon type: 351

	 A0A011TED9	[0, 0, 0, 0, 0, 404, 0, 0, 0]

 ### Operon type: 352

	 A0A011TXS5	[0, 345, 0, 0, 0, 0, 0, 0, 0]

 ### Operon type: 353

	 A0A011U144	[0, 254, 0, 0, 0, 0, 619, 570, 0]

 ### Operon type: 354

	 A0A011U1C8	[726, 0, 0, 0, 0, 0, 0, 0, 253]

 ### Operon type: 355

	 A0A011U483	[0, 0, 0, 0, 0, 725, 0, 0, 0]

 ### Operon type: 356

	 A0A011UG86	[0, 730, 0, 0, 0, 103, 0, 0, 0]

 ### Operon type: 357

	 A0A011UQB5	[801, 645, 0, 0, 0, 0, 0, 409, 0]

 ### Operon type: 358

	 A0A011UVI5	[0, 0, 0, 0, 0, 57, 839, 839, 0]

 ### Operon type: 359

	 A0A011UWI3	[0, 0, 0, 0, 187, 0, 154, 728, 0]

 ### Operon type: 360

	 A0A011V5E6	[0, 0, 0, 0, 0, 384, 0, 0, 0]

 ### Operon type: 361

	 A0A011M4H6	[217, 0, 630, 0, 0, 0, 0, 0, 0]

 ### Operon type: 362

	 A0A011VSV3	[0, 0, 0, 0, 0, 0, 747, 0, 0]

 ### Operon type: 363

	 A0A011VWI0	[0, 0, 0, 0, 0, 85, 0, 0, 0]

 ### Operon type: 364

	 A0A011VZ91	[163, 0, 0, 0, 0, 0, 0, 0, 0]

 ### Operon type: 365

	 A0A011WP76	[0, 0, 0, 0, 0, 0, 0, 0, 847]

 ### Operon type: 366

	 A0A011WSD4	[0, 0, 0, -1, 0, 787, 0, 0, 452]

 ### Operon type: 367

	 A0A011WT35	[452, 0, 0, 0, 0, 0, 0, 0, 0]

 ### Operon type: 368

	 A0A013S843	[0, 480, 0, 0, 0, 0, -1, 432, 0]

 ### Operon type: 369

	 A0A013T5E6	[0, 0, 0, 575, 0, 0, 0, 0, 0]

 ### Operon type: 370

	 A0A009T185	[840, 0, 656, 656, 508, 839, 656, 507, 768]

 ### Operon type: 371

	 A0A010IN36	[509, 688, 0, 0, 508, 839, 656, 507, 768]

 ### Operon type: 372

	 A0A009PG43	[839, 656, 548, 842, 0, 507, 768, 0, 0]

 ### Operon type: 373

	 A0A009INE0	[509, 0, 0, 0, 0, 0, 0, 656, 507]

 ### Operon type: 374

	 A0A009T9H0	[0, 2, 729, -1, 0, 0, 221, 0, 220]

 ### Operon type: 375

	 A0A010THH5	[0, 148, 93, 57, 0, 0, 796, 0, 524]

 ### Operon type: 376

	 A0A011WSH8	[0, 0, 0, 694, 206, 0, 0, 0, 0]
	 A0A011VZE3	[0, 0, 0, 694, 206, 0, 0, 0, 0]

 ### Operon type: 377

	 A0A011NAF3	[0, 0, 0, 0, 0, 0, 694, 0, 736]

 ### Operon type: 378

	 A0A009IQ93	[249, 0, 694, 0, 0, 194, 0, 0, 0]

 ### Operon type: 379

	 A0A009Q8S9	[0, 0, 729, 433, 0, 337, 0, 0, 0]

 ### Operon type: 380

	 A0A009TLU4	[0, 345, -1, 259, 0, 43, 0, -1, -1]

 ### Operon type: 381

	 A0A009ZB47	[156, 189, 0, 0, 0, 787, 522, 0, 0]

 ### Operon type: 382

	 A0A009ZVR4	[809, 0, 710, 0, 0, 48, 0, 0, 47]

 ### Operon type: 383

	 A0A010JIN9	[522, 0, 0, 203, 228, 0, 0, 0, 0]

 ### Operon type: 384

	 A0A010S003	[743, 0, 0, 0, 0, 730, 730, 504, 0]

 ### Operon type: 385

	 A0A010SMN8	[0, -1, 100, 0, 634, 0, 0, 750, 0]

 ### Operon type: 386

	 A0A010SXS1	[0, 548, 0, 0, 0, 340, 0, 0, 842]

 ### Operon type: 387

	 A0A010T689	[39, -1, 796, 815, 0, 0, 0, 0, 0]

 ### Operon type: 388

	 A0A010TBB4	[0, 445, 0, 103, 0, 0, 0, 0, 726]

 ### Operon type: 389

	 A0A010YFK3	[0, 827, 0, 0, 0, 0, 60, 0, 253]

 ### Operon type: 390

	 A0A010YVY1	[8, 0, 8, 0, 0, 0, 0, 504, 0]

 ### Operon type: 391

	 A0A010ZSZ2	[0, 58, 0, 25, 24, 0, 0, 0, 0]

 ### Operon type: 392

	 A0A010Z0Y7	[0, 0, 0, 0, 24, 238, 0, 0, 0]

 ### Operon type: 393

	 A0A011A0M8	[0, 0, 604, 0, 92, 0, 0, 10, 10]

 ### Operon type: 394

	 A0A011NFL4	[0, 803, 0, 0, 592, 591, 0, 590, 0]

 ### Operon type: 395

	 A0A011P407	[0, 0, 727, 802, 0, 0, 726, 0, 725]

 ### Operon type: 396

	 A0A011QGT2	[694, 0, 0, 693, 692, 0, 0, 0, 0]

 ### Operon type: 397

	 A0A011QSA4	[873, 0, 872, 871, 0, 0, 0, 0, 870]

 ### Operon type: 398

	 A0A011T6J6	[0, 790, 0, 710, 0, 0, 381, 0, 380]

 ### Operon type: 399

	 A0A011TAL2	[0, 767, 0, 0, 0, 336, 0, 620, 0]

 ### Operon type: 400

	 A0A011TZG0	[604, 788, 0, 0, 0, 0, 0, 543, 0]

 ### Operon type: 401

	 A0A011UGY3	[208, 207, 384, 56, 0, 0, 0, 56, 0]

 ### Operon type: 402

	 A0A011UII7	[0, 0, 0, 0, 0, 622, 343, 0, 0]

 ### Operon type: 403

	 A0A011UNT9	[337, 355, 0, 0, 0, 0, 0, 0, 0]

 ### Operon type: 404

	 A0A011SIS0	[0, 776, 356, 356, 0, 0, 0, 355, 0]

 ### Operon type: 405

	 A0A011UT49	[0, 58, 0, 0, 0, 0, 548, 68, 0]

 ### Operon type: 406

	 A0A011VU65	[61, 0, 0, 0, 0, 60, 0, 747, 248]

 ### Operon type: 407

	 A0A011VV03	[0, 218, 0, 0, 325, 217, 0, 0, 0]

 ### Operon type: 408

	 A0A011VVZ9	[0, 0, -1, 0, 0, 216, 215, 215, 354]

 ### Operon type: 409

	 A0A011VWX7	[842, 418, 0, 0, 0, 0, 0, 797, 0]

 ### Operon type: 410

	 A0A011VXK7	[804, 804, 0, 561, 0, 0, 0, 792, 0]

 ### Operon type: 411

	 A0A011W0I6	[162, 0, 0, 0, 0, 595, 0, 593, 0]

 ### Operon type: 412

	 A0A010YEF6	[0, 162, 0, 0, 0, 0, 0, 0, 40]

 ### Operon type: 413

	 A0A013SQH1	[0, 0, 0, 0, 205, 535, 0, 542, 650]

 ### Operon type: 414

	 A0A009QJA8	[171, 170, 0, 0, 0, 0, 0, 0, 643]

 ### Operon type: 415

	 A0A009YL68	[0, 0, 726, 472, 469, 0, 0, 4, 0]

 ### Operon type: 416

	 A0A010JNG7	[542, 0, 0, 532, 0, 0, 0, 0, 0]

 ### Operon type: 417

	 A0A010RM40	[632, 694, 631, 0, 0, 0, 0, -1, 715]

 ### Operon type: 418

	 A0A010RRQ6	[0, 630, 0, 0, 0, 634, 629, 628, 0]

 ### Operon type: 419

	 A0A010S423	[381, 0, 0, 0, 0, 0, 0, 154, 808]

 ### Operon type: 420

	 A0A010T0I7	[0, 0, 40, 0, 0, 711, 872, 694, 0]

 ### Operon type: 421

	 A0A010ZUR7	[218, 23, 0, 23, 0, 22, 504, 0, 0]

 ### Operon type: 422

	 A0A011NA78	[0, 651, 0, 0, 0, 863, 0, 0, 715]

 ### Operon type: 423

	 A0A011P8W7	[708, 727, 842, 0, 707, 0, 0, 0, 0]

 ### Operon type: 424

	 A0A011PG97	[750, 0, 0, 749, 0, 0, 0, 0, 0]

 ### Operon type: 425

	 A0A011PKT4	[0, 535, 0, 0, 0, 0, 534, 0, 0]

 ### Operon type: 426

	 A0A011PLB2	[0, 708, 0, 536, 0, 0, 0, 0, 0]

 ### Operon type: 427

	 A0A011R339	[0, 0, 0, 0, 0, 0, 318, 317, 0]

 ### Operon type: 428

	 A0A011SFE5	[0, 0, 0, 804, 0, 0, 803, 802, 801]

 ### Operon type: 429

	 A0A011SJT5	[0, 0, 0, 354, 353, 353, 353, 353, 353]

 ### Operon type: 430

	 A0A011TDQ5	[0, 0, 0, 0, 334, 597, 0, 0, 0]

 ### Operon type: 431

	 A0A011VT01	[0, 0, 62, 0, 0, 62, 0, 0, 276]

 ### Operon type: 432

	 A0A009Z3V9	[694, 0, 0, 0, 0, 113, 602, 112, 111]

 ### Operon type: 433

	 A0A010SRB2	[43, 42, 0, 0, 0, 42, 102, 0, 0]

 ### Operon type: 434

	 A0A010KA25	[522, 0, 796, 489, 357, 0, 0, 522, 484]

 ### Operon type: 435

	 A0A011TZN1	[308, 307, 306, 0, 305, 0, 0, 0, 0]

 ### Operon type: 436

	 A0A011VJ76	[69, 69, 68, 590, 0, 694, 604, 0, 727]

 ### Operon type: 437

	 A0A011UG17	[273, 0, 164, 0, 213, 61, 0, 0, 0]

 ### Operon type: 438

	 A0A011WUA8	[773, 0, 0, 451, 0, 0, 0, 450, 450]

 ### Operon type: 439

	 A0A010S4X6	[0, 238, 631, 730, 463, 0, 621, 533, 633]

 ### Operon type: 440

	 A0A010YY02	[0, 7, 0, 0, 7, 612, 6, 0, 9]
