
 ### Operon type: 1

	 A0A010ILU3	[833, 832, 831, 830, 829, 828, 827, 826, 825]
	 A0A009H3B0	[833, 832, 831, 830, 829, 828, 827, 826, 825]
	 A0A009MW50	[833, 832, 831, 830, 829, 828, 827, 826, 825]
	 A0A009QS71	[833, 832, 831, 830, 829, 828, 827, 826, 825]
	 A0A009QBR9	[833, 832, 831, 830, 829, 828, 826, 825, 109]
	 A0A009I8S2	[833, 832, 831, 830, 829, 828, 826, 825, 109]
	 A0A009TM70	[833, 832, 831, 830, 829, 828, 826, 825, 109]

 ### Operon type: 2

	 A0A013TH43	[356, 355, 751, 692, 354, 353, 352, 351, 704]
	 A0A009RAF0	[356, 355, 751, 692, 354, 353, 352, 351, 704]

 ### Operon type: 3

	 A0A011R7V7	[571, 570, 569, 568, 855, 567, 566, 565, 564]
	 A0A011PVT3	[571, 570, 569, 568, 855, 567, 566, 565, 564]
	 A0A011MET3	[571, 570, 569, 568, 855, 567, 566, 565, 564]

 ### Operon type: 4

	 A0A013SNJ8	[786, 323, 825, 322, 321, 320, 330, 319, 318]
	 A0A013RZW2	[786, 323, 825, 322, 321, 320, 330, 319, 318]
	 A0A009PH20	[786, 323, 825, 322, 321, 320, 330, 319, 318]
	 A0A009MMM3	[786, 323, 825, 322, 321, 320, 330, 319, 318]
	 A0A009IV03	[786, 323, 825, 322, 321, 320, 330, 319, 318]
	 A0A009HBT3	[786, 323, 825, 322, 321, 320, 330, 319, 318]
	 A0A009RD69	[786, 323, 825, 322, 321, 320, 330, 319, 318]
	 A0A009SIZ4	[786, 323, 825, 322, 321, 320, 330, 319, 318]
	 A0A010J9U3	[786, 323, 825, 322, 321, 320, 330, 319, 318]
	 A0A009YIZ0	[786, 323, 825, 322, 321, 320, 330, 319, 318]

 ### Operon type: 5

	 A0A009PH57	[228, 227, -1, 226, 225, 515, 273, 717, 224]
	 A0A009TG92	[228, 227, -1, 226, 225, 515, 273, 717, 224]

 ### Operon type: 6

	 A0A013S288	[421, 306, 305, 304, 320, 303, 302, 301, 300]
	 A0A009I0I9	[421, 306, 305, 304, 320, 303, 302, 301, 300]
	 A0A009N031	[421, 306, 305, 304, 320, 303, 302, 301, 300]
	 A0A009PWG1	[421, 306, 305, 304, 320, 303, 302, 301, 300]
	 A0A009R2X0	[421, 306, 305, 304, 320, 303, 302, 301, 300]
	 A0A009SFX8	[421, 306, 305, 304, 64, 320, 303, 302, 301]
	 A0A013SXT2	[421, 306, 305, 304, 320, 303, 302, 301, 300]
	 A0A010J3I1	[421, 306, 305, 304, 320, 303, 302, 301, 300]
	 A0A009TBM2	[306, 305, 304, 64, 320, 303, 302, 301, 300]

 ### Operon type: 7

	 A0A010IMP8	[817, 816, 815, 814, 813, 812, 811, 810, 809]
	 A0A013SZ54	[817, 816, 815, 814, 813, 812, 811, 810, 809]
	 A0A013T8M5	[817, 816, 815, 814, 813, 812, 811, 810, 809]
	 A0A009IRJ6	[817, 816, 815, 814, 813, 812, 811, 810, 809]
	 A0A009H7U0	[817, 816, 815, 814, 813, 812, 811, 810, 809]
	 A0A009N123	[817, 816, 815, 814, 813, 812, 811, 810, 809]
	 A0A009Q3K7	[817, 816, 815, 814, 813, 812, 811, 810, 809]
	 A0A009RBQ2	[817, 816, 815, 814, 813, 812, 811, 810, 809]
	 A0A009SWU0	[817, 816, 815, 814, 813, 812, 811, 810, 809]
	 A0A009ZM43	[-1, 816, 815, 814, 813, 812, 811, 810, 809]

 ### Operon type: 8

	 A0A013RMD0	[-1, 315, 857, 314, 313, 865, 312, 311, 310]
	 A0A009S854	[-1, 315, 857, 314, 313, 865, 312, 311, 310]
	 A0A009H6M2	[-1, 315, 857, 314, 313, 865, 312, 311, 310]
	 A0A009N9Z1	[-1, 315, 857, 314, 313, 865, 312, 311, 310]
	 A0A009QDV7	[-1, 315, 857, 314, 313, 865, 312, 311, 310]
	 A0A009IHQ3	[-1, 315, 857, 314, 313, 865, 312, 311, 310]
	 A0A009RG92	[-1, 315, 857, 314, 313, 865, 312, 311, 310]
	 A0A010JDA6	[-1, 315, 857, 314, 313, 865, 312, 311, 310]
	 A0A009ZIC0	[129, 315, 857, 314, 313, 865, 312, 311, 310]

 ### Operon type: 9

	 A0A011UIA1	[456, 455, 454, 453, 452, 451, 450, 449, 0]
	 A0A011V5V3	[0, 456, 455, 454, 453, 452, 451, 450, 449]

 ### Operon type: 10

	 A0A011NE72	[586, 585, 584, 583, 582, 581, 580, 579, 0]
	 A0A011PTE7	[586, 585, 584, 583, 582, 0, 581, 580, 579]

 ### Operon type: 11

	 A0A009I4A1	[175, 174, 861, 173, 172, 171, 170, 169, 168]
	 A0A010JWJ1	[175, 174, 861, 173, 172, 171, 170, 169, 168]

 ### Operon type: 12

	 A0A009QF22	[108, 107, 175, 0, 172, 171, 170, 169, 168]
	 A0A009TBY8	[108, 107, 175, 173, 172, 171, 170, 169, 168]

 ### Operon type: 13

	 A0A011NEY3	[578, 577, 576, 575, 575, 574, 573, 572, 0]

 ### Operon type: 14

	 A0A011PAN4	[577, 576, 0, 575, 575, 574, 573, 572, 545]

 ### Operon type: 15

	 A0A011RCD5	[578, 577, 576, 575, 575, 574, 573, 572, 545]

 ### Operon type: 16

	 A0A011NAY5	[604, 603, 602, 601, 600, 599, 598, 597, 0]
	 A0A011P4U7	[0, 604, 603, 602, 601, 600, 599, 598, 597]

 ### Operon type: 17

	 A0A011NBX7	[594, 593, 592, 591, 590, 589, 0, 0, 0]
	 A0A011PF67	[594, 593, 592, 591, 590, 0, 0, 0, 0]
	 A0A011NW66	[594, 593, 592, 591, 590, 589, 0, 0, 0]

 ### Operon type: 18

	 A0A011NS68	[594, 593, 592, 591, 590, 438, 437, 436, 555]
	 A0A011RHX4	[594, 593, 592, 591, 590, 438, 437, 436, 0]

 ### Operon type: 19

	 A0A010YT39	[0, 59, 21, 856, 20, 19, 18, 17, 283]

 ### Operon type: 20

	 A0A010Z7T4	[21, 856, 20, 19, 18, 17, 283, 853, 523]

 ### Operon type: 21

	 A0A013SP43	[332, 331, 330, 329, 328, 327, 326, 325, 324]
	 A0A009RUN3	[332, 331, 330, 329, 328, 327, 326, 325, 324]
	 A0A010K6G6	[332, 331, 330, 329, 328, 327, 326, 0, 324]

 ### Operon type: 22

	 A0A011VWR4	[0, 0, 0, 0, 404, 403, 402, 401, 400]

 ### Operon type: 23

	 A0A011VYP6	[404, 403, 402, 401, 400, 0, 399, 568, 0]

 ### Operon type: 24

	 A0A011QAS2	[0, 503, 502, 501, 500, 499, 722, 498, 497]
	 A0A011NEQ1	[0, 503, 502, 501, 500, 499, 722, 498, 497]

 ### Operon type: 25

	 A0A010JSI3	[872, 873, 871, 870, 869, 868, 867, 866, 0]
	 A0A013T0M4	[872, 873, 871, 870, 869, 868, 867, 866, 0]
	 A0A009HDS5	[872, 873, 871, 870, 869, 868, 867, 866, 159]
	 A0A009RGL2	[872, 873, 871, 870, 869, 868, 867, 866, 159]

 ### Operon type: 26

	 A0A009SNL0	[117, 116, 284, 255, 254, 253, 252, 251, 250]

 ### Operon type: 27

	 A0A009T1I8	[284, 255, 254, 253, 252, 251, 250, 0, 0]

 ### Operon type: 28

	 A0A011VW71	[0, 384, 383, 382, 381, 380, 379, 741, 479]
	 A0A011VUV0	[384, 383, 382, 381, 380, 379, 741, 479, 0]

 ### Operon type: 29

	 A0A011UG71	[88, 93, 87, 378, 377, 376, 375, 374, 373]

 ### Operon type: 30

	 A0A011V8Z7	[0, 0, 88, 93, 87, 378, 377, 376, 375]

 ### Operon type: 31

	 A0A011V8Y9	[378, 377, 376, 375, 374, 373, 0, 0, 0]

 ### Operon type: 32

	 A0A011U8C0	[0, 376, 93, 0, 713, 374, 0, 0, 0]

 ### Operon type: 33

	 A0A011QSF0	[0, 653, 652, 651, 650, 649, 648, 647, 0]
	 A0A011QBB5	[632, 653, 652, 651, 650, 649, 648, 647, 631]
	 A0A011Q0X6	[632, 653, 652, 651, 650, 649, 648, 647, 631]
	 A0A011Q1X8	[653, 0, 652, 651, 650, 649, 648, 647, 631]

 ### Operon type: 34

	 A0A011PG87	[632, 653, 652, 651, 650, 649, 648, 0, 0]

 ### Operon type: 35

	 A0A011PCT1	[643, 642, 762, 0, 0, 0, 0, 758, 0]

 ### Operon type: 36

	 A0A011QU35	[0, 0, 0, 0, 764, 0, 643, 642, 762]

 ### Operon type: 37

	 A0A011Q2B1	[644, 552, 764, 763, 762, 761, 760, 759, 758]

 ### Operon type: 38

	 A0A011RLN8	[766, 765, 764, 763, 762, 761, 760, 759, 758]

 ### Operon type: 39

	 A0A011P700	[0, 0, 646, 645, 644, 552, 764, 763, 762]

 ### Operon type: 40

	 A0A011QSI4	[0, 0, 646, 645, 644, 0, 766, 765, 764]

 ### Operon type: 41

	 A0A013T337	[605, 862, 370, 369, 368, 634, 367, 805, 366]
	 A0A013TH30	[605, 862, 370, 369, 368, 634, 367, 805, 366]
	 A0A013S981	[295, 605, 862, 370, 369, 368, 634, 367, 805]

 ### Operon type: 42

	 A0A010JY00	[295, 605, 862, 370, 104, 634, 367, 805, 366]

 ### Operon type: 43

	 A0A013TPV4	[344, 343, 342, 341, 340, 339, 735, 861, 338]
	 A0A009SZB5	[344, 343, 342, 341, 340, 339, 735, 861, 338]
	 A0A009MGJ1	[344, 343, 342, 341, 340, 339, 735, 861, 338]
	 A0A009QQ47	[344, 343, 342, 341, 340, 339, 735, 861, 338]
	 A0A009HL81	[344, 343, 342, 341, 340, 339, 735, 861, 338]
	 A0A009HR98	[344, 343, 342, 341, 340, 339, 735, 861, 338]
	 A0A010IZE4	[344, 343, 342, 341, 340, 339, 735, 861, 338]

 ### Operon type: 44

	 A0A009Z8F7	[343, 342, 339, 0, 340, 241, 241, 0, 240]

 ### Operon type: 45

	 A0A009R016	[133, 132, 131, 130, 129, -1, 852, 128, 127]
	 A0A009HFU9	[133, 132, 131, 130, 129, 852, 128, 127, 0]

 ### Operon type: 46

	 A0A011UJN3	[0, 803, 0, 0, 701, 700, 699, 698, 697]

 ### Operon type: 47

	 A0A011W213	[701, 700, 699, 698, 697, 435, 0, 0, 0]

 ### Operon type: 48

	 A0A011QIT1	[680, 679, 678, 677, 676, 675, 674, 673, 672]
	 A0A011QUG8	[680, 679, 678, 677, 676, 675, 0, 674, 673]

 ### Operon type: 49

	 A0A011PP01	[526, 525, 524, 606, 607, 608, 609, 610, 611]
	 A0A011NVE7	[526, 525, 524, 606, 607, 608, 609, 610, 611]

 ### Operon type: 50

	 A0A011N9N8	[614, 613, 612, 611, 610, 609, 608, 607, 606]
	 A0A011P2I4	[614, 613, 612, 611, 610, 609, 608, 607, 606]

 ### Operon type: 51

	 A0A011PIY7	[520, 0, 612, 611, 610, 609, 608, 0, 606]

 ### Operon type: 52

	 A0A011Q3J4	[0, 520, 612, 611, 610, 609, 608, 607, 0]

 ### Operon type: 53

	 A0A011MH88	[257, 520, 612, 611, 610, 609, 608, 607, 606]

 ### Operon type: 54

	 A0A013SPM5	[364, 363, 362, 361, 442, 360, 359, 358, 357]
	 A0A009QFZ7	[364, 363, 362, 361, 442, 360, 359, 358, 357]
	 A0A009MH71	[364, 363, 362, 361, 442, 360, 359, 358, 357]
	 A0A009I6Z0	[364, 363, 362, 361, 442, 360, 359, 358, 357]
	 A0A009HSL1	[364, 363, 362, 361, 442, 360, 359, 358, 357]
	 A0A010IX62	[364, 363, 362, 361, 442, 360, 359, 358, 357]
	 A0A009TK03	[364, 363, 362, 361, 442, 360, 359, 358, 357]

 ### Operon type: 55

	 A0A009ZIX8	[0, 32, 362, 361, 442, 488, 0, 357, 0]

 ### Operon type: 56

	 A0A010JJN4	[850, 849, 848, 847, 846, 845, 844, 843, 842]
	 A0A013TPR7	[850, 849, 848, 847, 846, 845, 844, 843, 842]
	 A0A009PMT3	[850, 849, 848, 847, 846, 845, 844, 843, 842]
	 A0A009NI48	[850, 849, 848, 847, 846, 845, 844, 843, -1]
	 A0A009SEP4	[850, 849, 848, 847, 846, 0, 845, 844, 0]
	 A0A009RMI1	[850, 849, 848, 847, 846, 845, 844, 843, 0]
	 A0A009HJJ5	[850, 849, 848, 847, 846, 845, 844, 843, 105]
	 A0A009I8I7	[850, 849, 848, 847, 846, 845, 844, 843, 105]
	 A0A009YG45	[0, 850, 849, 848, 846, 0, 845, 844, 843]

 ### Operon type: 57

	 A0A013TPQ9	[350, 349, 348, 347, 346, 861, 807, 345, 615]
	 A0A013S8F0	[350, 349, 348, 347, 346, 861, 807, 345, 615]
	 A0A009PMU2	[350, 349, 348, -1, 346, 861, 807, 345, 615]
	 A0A009SZ84	[350, 349, 348, 347, 346, 861, 807, 345, 615]
	 A0A009HJM0	[350, 349, 348, 347, 346, 861, 807, 345, 615]
	 A0A010IZH1	[-1, 349, 348, 347, 346, 861, 807, 345, 615]

 ### Operon type: 58

	 A0A009HUS9	[349, 348, 0, 347, 346, 191, -1, 192, 193]

 ### Operon type: 59

	 A0A009ISE1	[845, 844, 843, 193, 192, -1, 191, 346, 347]

 ### Operon type: 60

	 A0A009NPS1	[350, 349, 348, 347, 346, -1, 843, 844, 845]

 ### Operon type: 61

	 A0A013SB36	[294, 293, 292, 291, 290, 431, 430, 289, 288]
	 A0A009QSI3	[294, 293, 292, 291, 290, 431, 430, 289, -1]

 ### Operon type: 62

	 A0A010ITP2	[294, 293, 292, 291, 290, 431, 430, 0, 0]

 ### Operon type: 63

	 A0A009SII9	[-1, 293, 292, 291, 290, 431, 430, 259, 258]

 ### Operon type: 64

	 A0A009T0Q9	[290, 431, 430, 259, 258, 288, 257, 861, 256]

 ### Operon type: 65

	 A0A009YJF4	[0, 431, 430, 47, 46, 257, 861, 0, 256]

 ### Operon type: 66

	 A0A009GP96	[0, 99, 861, 853, 98, 52, 852, 97, 96]

 ### Operon type: 67

	 A0A009GSR4	[853, 98, 52, 852, 97, 96, 96, 95, 0]

 ### Operon type: 68

	 A0A009IIT6	[99, 861, 853, 98, 97, 96, 96, 95, 0]

 ### Operon type: 69

	 A0A011SQL0	[716, 715, -1, 714, 713, 712, 711, 710, 709]
	 A0A011UZ49	[715, -1, 714, 713, 712, 711, 710, 709, 0]

 ### Operon type: 70

	 A0A009PT82	[613, 633, 218, 217, 216, 215, 214, 213, 238]
	 A0A009SIF9	[613, 633, 218, 217, 216, 215, 214, 213, 238]

 ### Operon type: 71

	 A0A009IS10	[480, 0, 0, 0, 216, 215, 214, 0, 0]

 ### Operon type: 72

	 A0A009QHW5	[0, 0, 0, 833, 216, 215, 214, 0, 239]

 ### Operon type: 73

	 A0A011UVB4	[0, 0, 0, 481, 0, 0, 480, 0, 479]

 ### Operon type: 74

	 A0A011V107	[466, -1, 465, 464, 463, 462, 461, 460, 0]
	 A0A011U7M7	[0, 466, -1, 465, 464, 463, 462, 461, 460]

 ### Operon type: 75

	 A0A011TLH0	[418, 463, 465, 417, 464, 462, 0, 0, 0]

 ### Operon type: 76

	 A0A011UG87	[414, 415, 416, 418, 463, 465, 417, 464, 462]

 ### Operon type: 77

	 A0A011TLH7	[416, 415, 414, 0, 0, 0, 0, 0, 0]

 ### Operon type: 78

	 A0A011TAF9	[0, 0, 429, 428, 427, 426, 425, 424, 423]
	 A0A011TWN2	[429, 428, 427, 426, 425, 424, 423, 0, 0]

 ### Operon type: 79

	 A0A011Q5V7	[505, 0, 0, 0, 757, 756, 755, 754, 753]

 ### Operon type: 80

	 A0A011RM25	[757, 756, 755, 754, 753, 752, 0, 751, 0]

 ### Operon type: 81

	 A0A011QIE8	[686, 685, 684, 807, 683, 682, 681, 0, 0]
	 A0A011QDV3	[686, 685, 684, 807, 683, 682, 633, 0, 681]

 ### Operon type: 82

	 A0A011PL71	[532, 626, 531, 530, 529, 614, 740, 528, 0]
	 A0A011QAB0	[626, 531, 530, 0, 529, 614, 740, 528, 0]

 ### Operon type: 83

	 A0A011Q6N5	[726, 725, 724, 0, 0, 0, 504, 705, 504]

 ### Operon type: 84

	 A0A011SGD5	[0, 0, 0, 0, 0, 0, 726, 725, 724]

 ### Operon type: 85

	 A0A011NYU6	[517, 516, 0, 515, 522, 491, 490, 0, 514]

 ### Operon type: 86

	 A0A011PYI6	[517, 516, 0, 515, 522, 514, 860, 728, 0]

 ### Operon type: 87

	 A0A011P1C0	[0, 0, 491, 490, 514, 0, 0, 0, 0]

 ### Operon type: 88

	 A0A011N4G4	[0, 0, 622, 621, 620, 619, 620, 618, 617]
	 A0A011PKU5	[622, 621, 620, 619, 620, 618, 617, 0, 0]

 ### Operon type: 89

	 A0A010ZWJ8	[11, 10, 9, 523, 8, 549, 408, 549, 7]

 ### Operon type: 90

	 A0A011AHW1	[8, 523, 9, 10, 11, 0, 0, 12, 0]

 ### Operon type: 91

	 A0A011AHU9	[408, 549, 7, 0, 0, 0, 0, 14, 257]

 ### Operon type: 92

	 A0A010ZX98	[6, 5, 4, 3, 2, 22, 807, 807, 0]

 ### Operon type: 93

	 A0A011AIL7	[2, 3, 4, 5, 6, 0, 0, 0, 0]

 ### Operon type: 94

	 A0A010YF95	[506, 28, 674, 27, 26, 26, 25, 702, 24]

 ### Operon type: 95

	 A0A010ZJQ6	[28, 674, 27, 26, 26, 25, 702, 24, 0]

 ### Operon type: 96

	 A0A009GXL8	[50, 49, 48, 47, 46, 173, 158, 135, 134]

 ### Operon type: 97

	 A0A010JIW7	[50, 49, 48, 47, 46, 0, 0, 158, 135]

 ### Operon type: 98

	 A0A011QNA5	[0, 669, 668, 667, 0, 824, 823, 822, 821]
	 A0A009ZLJ7	[821, 822, 823, 824, 0, 0, 669, 668, 667]

 ### Operon type: 99

	 A0A013T0T6	[824, 823, 822, 821, 820, 819, 372, 818, 371]
	 A0A009ISY0	[824, 823, 822, 821, 820, 190, 372, 818, 371]
	 A0A009HAX1	[824, 823, 822, 821, 820, 819, 372, 818, 371]
	 A0A009QMH5	[824, 823, 822, 821, 820, 819, 372, 818, 371]
	 A0A009RMD0	[824, 823, 822, 821, 820, 190, 372, 818, 371]
	 A0A009PE10	[824, 823, 822, 821, 820, 190, 372, 818, -1]

 ### Operon type: 100

	 A0A010ILW6	[824, 823, 822, 821, 820, 819, 0, 0, 818]

 ### Operon type: 101

	 A0A009Z9X7	[823, 822, 821, 0, 820, 0, 640, 0, 818]

 ### Operon type: 102

	 A0A013S8V2	[298, 297, 0, 0, 0, 296, 0, 0, 0]
	 A0A009R8E1	[0, 489, 0, 298, 297, 0, 0, 296, 0]

 ### Operon type: 103

	 A0A009ICH6	[786, 206, 205, 204, 104, 103, 102, 101, 805]
	 A0A009ZFR5	[786, 206, 205, 204, 104, 103, 102, 101, 805]

 ### Operon type: 104

	 A0A009NQA1	[786, 206, 205, 204, 203, 202, 370, 805, 634]
	 A0A009RR21	[786, 206, 205, 204, 203, 202, 370, 805, 634]

 ### Operon type: 105

	 A0A009HTN9	[786, 206, 205, 204, 203, 202, 54, 802, 53]
	 A0A009T3J5	[786, 206, 205, 204, 203, 202, 54, 802, 53]

 ### Operon type: 106

	 A0A009Q0U9	[786, 206, 205, 204, 203, 202, -1, -1, 0]

 ### Operon type: 107

	 A0A009IPC3	[149, 148, 161, 162, 163, 147, 146, 155, 154]
	 A0A009QEG7	[149, 148, 161, 162, 163, 147, 146, 155, 154]

 ### Operon type: 108

	 A0A009I573	[167, 0, 166, 165, 0, 164, 163, 162, 161]

 ### Operon type: 109

	 A0A009ILP9	[155, 0, 161, 162, 163, 164, 154, 165, 166]

 ### Operon type: 110

	 A0A009I953	[155, 0, 161, 162, 163, 164, 154, 0, -1]

 ### Operon type: 111

	 A0A009SX74	[541, 555, 0, 165, 154, 155, 148, 149, 180]

 ### Operon type: 112

	 A0A010IPH1	[801, 800, 799, 798, 797, 796, 795, 794, 793]
	 A0A009MMG9	[801, 800, 799, 798, 797, 796, 795, 794, 793]
	 A0A009QVK8	[801, 800, 799, 798, 797, 796, 795, 794, 793]
	 A0A009ICP5	[801, 800, 799, 798, 797, 796, 795, 794, 793]

 ### Operon type: 113

	 A0A009QLL2	[246, 247, 248, 125, 797, 796, 795, 794, 793]
	 A0A009SIV4	[246, 247, 248, 125, 797, 796, 795, 794, 793]
	 A0A009HTW0	[246, 247, 248, 125, 797, 796, 795, 794, 793]
	 A0A013TSJ4	[247, 248, 0, 125, 797, 796, 795, 794, 793]

 ### Operon type: 114

	 A0A010ITG1	[830, 772, 771, 770, 769, 768, 767, 861, 807]
	 A0A013TCN9	[830, 772, 771, 770, 769, 768, 767, 861, 807]
	 A0A009NIJ3	[830, 772, 771, 770, 769, 768, 767, 861, 807]
	 A0A009QNC9	[830, 772, 771, 770, 769, 768, 767, 861, 807]
	 A0A013TRC1	[830, 772, 771, 770, 769, 768, 767, 861, 807]

 ### Operon type: 115

	 A0A009H935	[0, 0, 771, 770, 769, 768, 767, 861, 807]

 ### Operon type: 116

	 A0A009IMX3	[792, 791, 790, 789, 788, 151, 151, 728, 150]
	 A0A009QEX0	[792, 791, 790, 789, 788, 151, 151, 728, 150]
	 A0A009SF48	[792, 791, 790, 789, 788, -1, 151, 728, 150]

 ### Operon type: 117

	 A0A010ISX2	[792, 791, 790, 789, 788, 787, 786, 785, 784]
	 A0A013S7V1	[792, 791, 790, 789, 788, 787, 786, 785, 784]
	 A0A009MR00	[792, 791, 790, 789, 788, 787, 786, 785, 784]
	 A0A009RES7	[792, 791, 790, 789, 788, 787, 786, 785, 784]

 ### Operon type: 118

	 A0A009YTT3	[31, 129, 790, 789, 788, 787, 786, 785, 784]

 ### Operon type: 119

	 A0A009GYP9	[0, 0, 0, 789, 788, 787, 786, 785, 784]

 ### Operon type: 120

	 A0A009ZZC8	[-1, 116, 117, 31, 129, 790, 789, 788, 787]

 ### Operon type: 121

	 A0A011UGX8	[392, 391, 390, 389, 388, 387, 386, 85, 84]
	 A0A011WSE5	[391, 390, 389, 388, 387, 386, 85, 84, 280]

 ### Operon type: 122

	 A0A011VZG0	[393, 0, 392, 391, 390, 389, 388, 387, 386]

 ### Operon type: 123

	 A0A009PJF7	[242, 243, 243, 244, 223, 245, 222, 221, 220]
	 A0A009SJZ7	[481, 242, 243, 244, 223, 245, 222, 221, 220]

 ### Operon type: 124

	 A0A009Z5G0	[245, 244, 243, 0, 719, 242, 481, 317]

 ### Operon type: 125

	 A0A010JJC1	[841, 840, 839, 838, 837, 836, 835, 851, 834]
	 A0A010IZ41	[840, 839, 838, 837, 836, 835, 851, 834, 330]

 ### Operon type: 126

	 A0A009QJL6	[841, 840, 839, 838, 0, 834, 330, 106, 0]

 ### Operon type: 127

	 A0A013TB41	[337, -1, 336, 335, 334, 613, 800, 783, 333]
	 A0A013SGL3	[337, 287, 336, 335, 334, 613, 800, 783, 333]
	 A0A009PG53	[337, 287, 336, 335, 334, 613, 800, 783, 333]
	 A0A009I5Z6	[337, 287, 336, 335, 334, 613, 800, 783, 333]
	 A0A009NE81	[337, 287, 336, 335, 334, 613, 800, 783, 333]
	 A0A009RQH3	[337, 287, 336, 335, 334, 613, 800, 783, 333]
	 A0A010KAV2	[337, 287, 336, 335, 334, 613, 800, 783, 333]
	 A0A009SHB3	[337, 287, 336, 335, 334, 613, 800, 783, 333]

 ### Operon type: 128

	 A0A009H3X4	[337, 287, 336, 335, 334, 613, -1, 863, -1]

 ### Operon type: 129

	 A0A009PIB4	[0, 0, 0, 212, 474, 211, 852, 861, 614]
	 A0A009SLR5	[0, 0, 0, 212, 474, 211, 852, 861, 614]

 ### Operon type: 130

	 A0A009HSU4	[0, 0, 706, 861, 0, 613, 783, 614, 852]

 ### Operon type: 131

	 A0A009I463	[736, 177, 176, 320, 320, 283, 282, 281, 201]
	 A0A009PAG1	[736, 177, 176, 320, 320, 283, 282, 281, 201]

 ### Operon type: 132

	 A0A013SKX6	[0, 0, 736, 0, 320, 320, 283, 282, 281]

 ### Operon type: 133

	 A0A011Q5S3	[672, 509, 0, 0, 0, 0, 508, 507, 506]

 ### Operon type: 134

	 A0A011UZZ4	[0, 508, 507, 0, 0, 0, 471, 471, 506]

 ### Operon type: 135

	 A0A011UTJ0	[0, 0, 0, 486, 485, 484, 599, 483, 482]

 ### Operon type: 136

	 A0A011VMV7	[486, 485, 484, 599, 483, 482, 448, 447, 446]

 ### Operon type: 137

	 A0A011NYT4	[859, 551, 550, 843, 0, 432, 432, 431, 430]

 ### Operon type: 138

	 A0A011P8E9	[0, 0, 859, 551, 0, 550, 843, 0, 0]

 ### Operon type: 139

	 A0A010TF34	[0, -1, 0, 0, 75, 74, 73, 72, 71]
	 A0A010SYH9	[75, 74, 73, 72, 71, 0, 0, 0, 0]

 ### Operon type: 140

	 A0A010TFJ4	[0, -1, 0, 80, 79, 78, 77, -1, 76]
	 A0A010S7A1	[80, 79, 78, 77, 0, 76, 0, 0, 0]

 ### Operon type: 141

	 A0A009PAV9	[70, -1, 799, 69, 320, 852, 113, 114, 115]
	 A0A009HJC2	[70, 807, 799, 69, 320, 852, 113, 114, 115]

 ### Operon type: 142

	 A0A009SE02	[0, 115, 0, 0, 0, 114, 113, 852, 320]

 ### Operon type: 143

	 A0A009SYU8	[783, 786, 782, 781, 229, 861, 861, 779, 778]
	 A0A009RSB7	[783, 786, 782, 781, 229, 861, 861, 779, 778]
	 A0A009HS41	[783, 786, 782, 781, 229, 861, 861, 779, 778]

 ### Operon type: 144

	 A0A010IT25	[783, 786, 782, 781, 780, 861, 861, 779, 778]
	 A0A013SHA9	[783, 786, 782, 781, 780, 861, 861, 779, 778]
	 A0A009I466	[783, 786, 782, 781, 780, 861, 861, 779, 778]

 ### Operon type: 145

	 A0A009NMQ9	[783, 786, 782, 781, 780, 0, 861, 861, 779]

 ### Operon type: 146

	 A0A009P8A9	[0, 0, 782, 781, 229, 861, 861, 779, 778]

 ### Operon type: 147

	 A0A009ITT8	[189, 188, 187, 260, 272, 270, 269, 268, 267]
	 A0A009NJ90	[189, 188, 187, 260, 272, 271, 270, 269, 268]

 ### Operon type: 148

	 A0A009IJ01	[269, 268, 267, 266, 264, 182, 181, 179, 178]
	 A0A009NCH6	[183, 269, 268, 267, 264, 182, 181, 179, 178]

 ### Operon type: 149

	 A0A009RQL5	[269, 268, 267, 126, 264, 182, 181, 179, 0]

 ### Operon type: 150

	 A0A009MGQ8	[272, 0, 183, 269, 268, 267, 264, 182, 181]

 ### Operon type: 151

	 A0A009S6G1	[263, 262, 261, 260, 272, 269, 268, 267, 264]
	 A0A009RHH7	[263, 262, 261, 260, 272, 271, 269, 268, 267]
	 A0A009IJ07	[263, 262, 261, 260, 272, 269, 268, 267, 266]

 ### Operon type: 152

	 A0A009HZK2	[261, 260, 272, 269, 268, 267, 266, 264, 182]

 ### Operon type: 153

	 A0A009R4N4	[260, 272, 271, 269, 268, 267, 126, 264, 182]

 ### Operon type: 154

	 A0A009S5A5	[272, 271, 270, 269, 268, 267, 266, 265, 264]

 ### Operon type: 155

	 A0A009RHH9	[0, 0, 0, 0, 445, 263, 262, 261, 260]

 ### Operon type: 156

	 A0A011PGU1	[0, 0, 540, 662, 661, 660, 539, 538, 537]
	 A0A011MDH1	[510, 0, 540, 662, 661, 660, 539, 538, 537]

 ### Operon type: 157

	 A0A011V0P4	[563, 470, 0, 0, 469, 0, 0, 468, 467]

 ### Operon type: 158

	 A0A011WPV7	[468, 467, 0, 0, 0, 0, 0, 0, 0]

 ### Operon type: 159

	 A0A011UDF3	[662, 92, 0, 0, 0, 413, 91, 90, 657]

 ### Operon type: 160

	 A0A011VSC9	[91, 90, 657, 0, 0, 0, 0, 0, 0]

 ### Operon type: 161

	 A0A011SF89	[733, 732, 731, 0, 0, 0, 0, 0, 0]

 ### Operon type: 162

	 A0A011UCX7	[0, 626, 733, 732, 0, 731, 145, 0, 0]

 ### Operon type: 163

	 A0A011RNP9	[0, 0, 0, 0, 0, 741, 740, 0, 0]

 ### Operon type: 164

	 A0A011V0B5	[736, 0, 0, 0, 0, 0, 741, 0, 0]

 ### Operon type: 165

	 A0A011RQC9	[0, 736, 735, 0, 0, 0, 0, 734, 0]

 ### Operon type: 166

	 A0A011QG28	[664, 663, 662, 0, 661, 660, 816, 659, 658]
	 A0A011RIM8	[664, 663, 0, 0, 661, 660, 816, 659, 658]

 ### Operon type: 167

	 A0A011PHI6	[519, 0, 688, 0, 0, 687, 677, 518, 0]

 ### Operon type: 168

	 A0A011QI68	[0, 0, 688, 687, 0, 0, 0, 0, 0]

 ### Operon type: 169

	 A0A011NVJ6	[434, 495, 494, 493, 492, 802, 0, 0, 433]

 ### Operon type: 170

	 A0A011PVP2	[0, 495, 494, 493, 492, 802, 0, 0, 571]

 ### Operon type: 171

	 A0A011NXY7	[0, 0, 494, 0, 492, 0, 0, 0, 0]

 ### Operon type: 172

	 A0A011QR69	[638, 637, 805, 636, 635, 634, 0, 0, 0]
	 A0A011NUB4	[638, 637, 805, 636, 635, 634, 0, 435, 0]

 ### Operon type: 173

	 A0A011NN36	[637, 805, 0, 0, 635, 634, 0, 0, 0]

 ### Operon type: 174

	 A0A011PK69	[805, 535, 0, 0, 635, 634, 0, 0, 0]

 ### Operon type: 175

	 A0A011RMI6	[750, 749, 748, 747, 746, 745, 744, 743, 742]
	 A0A011NYD6	[750, 749, 748, 747, 746, 745, 744, 743, 742]

 ### Operon type: 176

	 A0A011QB28	[496, 750, 749, 0, 0, 745, 744, 743, 742]

 ### Operon type: 177

	 A0A011NF33	[0, 745, 744, 0, 0, 0, 0, 0, 0]

 ### Operon type: 178

	 A0A011NBY4	[588, 0, 0, 695, 0, 0, 587, 0, 0]

 ### Operon type: 179

	 A0A011WRT0	[588, 0, 0, 0, 0, 0, 0, 728, 0]

 ### Operon type: 180

	 A0A011SHV5	[0, 0, 0, 0, 0, 723, 728, 841, 0]

 ### Operon type: 181

	 A0A011NB95	[0, 641, 0, 0, 0, 0, 799, 596, 595]

 ### Operon type: 182

	 A0A011UHT4	[106, 385, 596, 0, 0, 82, 82, 595, 0]

 ### Operon type: 183

	 A0A010Z1W7	[0, 0, 0, 0, 0, 33, 0, 405, 406]

 ### Operon type: 184

	 A0A011VY84	[0, 0, 406, 405, 0, 0, 0, 0, 0]

 ### Operon type: 185

	 A0A010YW85	[0, 0, 0, 0, 0, 277, 0, 405, 406]

 ### Operon type: 186

	 A0A010ZMA0	[405, 616, 0, 0, 0, 0, 0, 0, 0]

 ### Operon type: 187

	 A0A011N5L2	[0, 0, 0, 616, 0, 615, 842, 0, 0]

 ### Operon type: 188

	 A0A009MJ75	[0, 0, 201, 200, 199, 0, 0, 0, 853]

 ### Operon type: 189

	 A0A010IH51	[0, 793, 0, 0, 199, 0, 853, 0, 0]

 ### Operon type: 190

	 A0A011TYT7	[0, 0, 0, 0, 0, 0, 793, 707, 707]

 ### Operon type: 191

	 A0A010RRR9	[0, 0, 0, 0, 855, 0, 0, 854, 853]

 ### Operon type: 192

	 A0A010SIA7	[0, 0, 854, 77, 0, 0, 0, 0, 0]

 ### Operon type: 193

	 A0A010RFQ9	[0, 0, 865, 0, 864, 0, 0, 0, 0]

 ### Operon type: 194

	 A0A010SPR9	[43, 43, 0, 0, 0, 864, 0, 0, 0]

 ### Operon type: 195

	 A0A009LNU8	[186, 195, 711, 185, 0, 184, 0, 852, 0]

 ### Operon type: 196

	 A0A013SRG6	[94, 185, 711, 195, 0, 194, 0, 186, 440]

 ### Operon type: 197

	 A0A009IQU8	[0, 195, 0, 0, 0, 194, 440, 0, 0]

 ### Operon type: 198

	 A0A010K2K8	[711, 185, 94, 0, 0, 0, 0, -1, 852]

 ### Operon type: 199

	 A0A011NPR8	[0, 440, 0, 0, 0, 0, 439, 0, 0]

 ### Operon type: 200

	 A0A010SEA2	[509, 439, 67, 0, 0, 0, 0, 0, 0]

 ### Operon type: 201

	 A0A010IGH8	[0, 0, 0, 0, 0, 0, 0, 307, 779]

 ### Operon type: 202

	 A0A010STD3	[0, 0, 0, 412, 411, 410, 0, 779, 307]

 ### Operon type: 203

	 A0A010SQJ5	[299, 798, 0, 412, 411, 410, 0, 0, 0]

 ### Operon type: 204

	 A0A013RVV2	[830, 0, 309, 308, 0, 0, 779, 307, 0]

 ### Operon type: 205

	 A0A011TD67	[413, 0, 0, 412, 411, 410, 409, 0, 408]

 ### Operon type: 206

	 A0A009ZC12	[0, 0, 0, 412, 0, 410, 409, 237, 655]

 ### Operon type: 207

	 A0A009YSC7	[0, 0, 587, 29, 0, 29, 309, 308, 0]

 ### Operon type: 208

	 A0A009ZJK4	[0, 0, 0, 0, 0, 0, 786, 38, 0]

 ### Operon type: 209

	 A0A010SVN1	[-1, 38, 861, 196, 419, 0, 0, 786, 0]

 ### Operon type: 210

	 A0A009PFK7	[235, 234, 233, 232, 231, 0, 0, 230, 0]
	 A0A009QGN4	[235, 234, 233, 232, 231, 230, 0, 0, 0]

 ### Operon type: 211

	 A0A009YR20	[0, 230, 0, 0, 0, 0, 234, 0, 0]

 ### Operon type: 212

	 A0A009SCM5	[112, 111, 110, 0, 0, 0, 0, 0, 0]

 ### Operon type: 213

	 A0A009TJ77	[180, 45, 0, 0, 0, 0, 112, 111, 110]

 ### Operon type: 214

	 A0A009HZV2	[0, 0, 0, 0, 157, 156, 271, 0, 0]

 ### Operon type: 215

	 A0A009QPE7	[0, 0, 0, 0, 157, 156, 0, 0, 0]

 ### Operon type: 216

	 A0A009MGR3	[0, 0, 123, 0, 365, 265, 130, 122, 121]

 ### Operon type: 217

	 A0A009Q4G0	[0, 124, 123, 0, 365, 0, 122, 121, 122]

 ### Operon type: 218

	 A0A009PB53	[0, 0, 138, 137, 365, 122, 121, 122, 136]

 ### Operon type: 219

	 A0A009PUJ8	[0, 138, 137, 365, 0, 136, 158, 135, 134]

 ### Operon type: 220

	 A0A009H7I0	[160, 0, 0, 861, 285, 285, 197, 345, 196]
	 A0A009QQC0	[160, 0, 198, 861, 285, 285, 197, 345, 196]

 ### Operon type: 221

	 A0A009MVG4	[198, 0, 286, 861, 285, 285, 197, 345, 196]

 ### Operon type: 222

	 A0A009QA91	[275, 274, 783, 861, 285, 285, 197, 345, 196]
	 A0A010J377	[275, 274, 783, 861, 285, 285, 197, 345, 196]

 ### Operon type: 223

	 A0A009S1X4	[275, 274, 783, 861, 285, 285, 861, 0, 273]

 ### Operon type: 224

	 A0A013SHF4	[0, 0, 286, 861, 285, 285, 0, 284, 0]

 ### Operon type: 225

	 A0A011N3C3	[0, 0, 0, 706, 625, 624, 690, 689, 623]
	 A0A011PJK8	[706, 625, 624, 690, 689, 623, 0, 0, 0]

 ### Operon type: 226

	 A0A011UWH1	[527, 477, 476, 475, 0, 0, 0, 0, 0]
	 A0A011WKI4	[0, 0, 0, 0, 0, 527, 477, 476, 475]

 ### Operon type: 227

	 A0A010YKP2	[0, 0, 0, 0, 0, 0, 433, 459, 0]

 ### Operon type: 228

	 A0A011V1A2	[470, 0, 0, 459, 0, 0, 0, 0, 0]

 ### Operon type: 229

	 A0A011NGS0	[0, 0, 0, 0, 630, 629, 0, 0, 0]

 ### Operon type: 230

	 A0A011PW61	[0, 0, 0, 0, 630, 629, 0, 0, 628]

 ### Operon type: 231

	 A0A011UXI1	[0, 533, 0, 0, 630, 629, 472, 0, 0]

 ### Operon type: 232

	 A0A011SWI9	[-1, -1, 0, 519, 630, 629, 472, -1, -1]

 ### Operon type: 233

	 A0A011P952	[629, 0, 546, 0, 0, 546, 0, 0, 0]

 ### Operon type: 234

	 A0A011Q1B3	[513, 518, 512, 511, 512, 571, 510, 0, 0]
	 A0A011QVV5	[0, 0, 513, 518, 512, 511, 512, 571, 510]

 ### Operon type: 235

	 A0A011NSG8	[0, 0, 0, 518, 512, 511, 0, 512, 0]

 ### Operon type: 236

	 A0A011P0X4	[0, 0, 510, 0, 512, 0, 0, 511, 489]

 ### Operon type: 237

	 A0A010YNY9	[0, 0, 34, 23, 0, 0, 0, 0, 478]

 ### Operon type: 238

	 A0A011AC71	[273, 0, 0, 422, 0, 34, 23, 0, 783]

 ### Operon type: 239

	 A0A011QLX0	[0, 671, 0, 0, 670, 0, 749, 748, 0]
	 A0A011PRW6	[671, 0, 0, 0, 670, 749, 748, 0, 0]

 ### Operon type: 240

	 A0A010SML6	[0, 749, 748, -1, 0, 555, 0, 0, 0]

 ### Operon type: 241

	 A0A010RS09	[0, 0, 0, 0, 72, 0, 863, 863, 0]

 ### Operon type: 242

	 A0A010RTE7	[0, 0, 0, 0, 0, 0, 72, 45, 0]

 ### Operon type: 243

	 A0A009P817	[210, 0, 0, 0, 209, 0, 279, 208, 207]

 ### Operon type: 244

	 A0A009TIY0	[0, 0, 0, 0, 209, 0, 279, 208, 0]

 ### Operon type: 245

	 A0A009QKA3	[279, 208, 0, 207, 0, 0, 0, 0, 235]

 ### Operon type: 246

	 A0A009HSR2	[0, 120, 119, 0, 118, 140, 141, 271, 142]

 ### Operon type: 247

	 A0A009SWM1	[0, 120, 119, 0, 118, 0, 0, 141, 0]

 ### Operon type: 248

	 A0A009MYX0	[143, 142, 0, 706, 0, 0, 141, 140, 139]

 ### Operon type: 249

	 A0A009QK79	[0, 0, 139, 140, 0, 141, 0, 0, 142]

 ### Operon type: 250

	 A0A009GXJ1	[458, 457, 140, 141, 51, 271, 142, 143, 0]

 ### Operon type: 251

	 A0A010IT95	[0, 0, 0, 852, 777, 776, 775, 774, 773]
	 A0A013TKW8	[0, 665, 0, 852, 777, 776, 775, 774, 773]
	 A0A009S0T6	[0, 0, 852, 276, 777, 776, 775, 774, 773]
	 A0A009PRQ9	[0, 852, 276, 0, 777, 776, 775, 774, 773]
	 A0A009I5G9	[0, 0, 852, 276, 777, 776, 775, 774, 773]
	 A0A009QT77	[0, 0, -1, 852, 777, 776, 775, 774, 773]
	 A0A009MH36	[0, 0, 0, 852, 777, 776, 775, 774, 773]
	 A0A009GWD0	[271, 0, 0, 852, 777, 776, 775, 774, 773]

 ### Operon type: 252

	 A0A013TMJ7	[807, -1, 0, 852, 777, 774, 773, 0, 0]

 ### Operon type: 253

	 A0A011VXC2	[-1, 562, 0, 561, 560, 559, 558, 557, 556]
	 A0A011V392	[562, 0, 561, 560, 559, 558, 0, 557, 556]

 ### Operon type: 254

	 A0A011V490	[393, 397, 0, 556, 557, 558, 559, 560, 561]

 ### Operon type: 255

	 A0A011VZF5	[0, 0, 560, 559, 558, 626, 397, 626, 0]

 ### Operon type: 256

	 A0A011WLE7	[0, 0, 0, 0, 0, 394, 0, 0, 0]
	 A0A011VU44	[0, 0, 0, 0, 0, 394, 0, 0, 0]

 ### Operon type: 257

	 A0A011VAP2	[0, 0, 62, 0, 0, 0, 0, 0, 61]

 ### Operon type: 258

	 A0A011VRJ8	[0, 0, 0, 0, 0, 0, 62, 0, 0]

 ### Operon type: 259

	 A0A011RNU1	[0, 0, 0, 0, 0, 0, 739, 739, 738]

 ### Operon type: 260

	 A0A011VKJ9	[0, 0, 0, 0, 0, 0, 738, 739, -1]

 ### Operon type: 261

	 A0A011PQZ7	[0, 0, 0, 523, 522, 0, 521, 0, 0]

 ### Operon type: 262

	 A0A011TUX4	[0, 0, 0, 0, 522, 0, 0, 521, 0]

 ### Operon type: 263

	 A0A011STZ9	[0, 0, 0, 521, 0, 0, 0, 0, 0]

 ### Operon type: 264

	 A0A011PUJ9	[0, 0, 0, 0, 0, 0, 0, 0, 536]
	 A0A011PRF5	[536, 0, 0, 0, 0, 0, 0, 0, 0]

 ### Operon type: 265

	 A0A011PFY8	[0, 0, 0, 0, 0, 0, 0, 0, 543]

 ### Operon type: 266

	 A0A011PNS3	[639, 543, 0, 0, 0, 0, 0, 0, 0]

 ### Operon type: 267

	 A0A011T648	[0, 543, 0, 0, 0, 0, 0, 805, 0]

 ### Operon type: 268

	 A0A010YYJ5	[0, 0, 0, 626, 0, 0, 0, 65, 65]

 ### Operon type: 269

	 A0A011NDM5	[626, 0, 0, 0, 0, 0, 0, 0, 0]

 ### Operon type: 270

	 A0A011MSR2	[0, 0, 0, 627, 0, 0, 0, 626, 626]

 ### Operon type: 271

	 A0A011WSU6	[0, 626, 0, 0, 557, 0, 0, 0, 0]

 ### Operon type: 272

	 A0A011U3C2	[0, 0, 816, 0, 0, 0, 0, 0, 0]
	 A0A011AEN3	[0, 0, 0, 0, 0, 0, 816, 0, 0]

 ### Operon type: 273

	 A0A011AAZ2	[0, 693, 0, 0, 0, 816, 816, 816, 0]

 ### Operon type: 274

	 A0A011T698	[0, 0, 0, 0, 0, 783, 816, 0, 0]

 ### Operon type: 275

	 A0A010YRE8	[0, 0, 0, 0, 0, 0, 0, 22, 0]

 ### Operon type: 276

	 A0A011AF05	[0, 0, 273, 22, 0, 0, 0, 0, 0]

 ### Operon type: 277

	 A0A009ZG48	[0, 0, 0, 665, 0, 0, 0, 0, 0]

 ### Operon type: 278

	 A0A011PEJ8	[0, 0, 544, 665, 0, 0, 0, 0, 0]

 ### Operon type: 279

	 A0A011QNJ7	[666, 0, 0, 665, 0, 0, 0, 666, 0]

 ### Operon type: 280

	 A0A011MMJ4	[0, 0, 0, 0, 0, 0, 0, 666, 0]

 ### Operon type: 281

	 A0A011R8M3	[0, 0, 544, 665, 0, 407, 0, 666, 0]

 ### Operon type: 282

	 A0A009ZC82	[0, 0, 716, 0, 0, 0, 0, 0, 0]

 ### Operon type: 283

	 A0A011P3F6	[555, 0, 0, 716, 0, 0, 0, 0, 0]

 ### Operon type: 284

	 A0A009IG48	[0, 0, 0, 153, 152, 0, 0, 0, 555]

 ### Operon type: 285

	 A0A009IMQ0	[0, 0, 0, 153, 152, 0, 0, 0, 0]

 ### Operon type: 286

	 A0A009SWV1	[0, 0, 0, 0, 0, 0, 0, 153, 0]

 ### Operon type: 287

	 A0A009PMZ9	[219, 0, 0, 0, 0, 0, 0, 0, 0]
	 A0A009Q512	[0, 0, 0, 0, 219, 0, 0, 0, 0]

 ### Operon type: 288

	 A0A009IFL2	[0, 236, 0, 100, -1, 0, 0, 0]

 ### Operon type: 289

	 A0A009ZDS1	[-1, -1, 0, 236, 0, 0, 840, 0, 0]

 ### Operon type: 290

	 A0A010SNM6	[40, 36, -1, 0, 0, 0, 807, 0, 0]

 ### Operon type: 291

	 A0A010T5D8	[36, 40, 0, -1, 0, -1, 330, 0, 0]

 ### Operon type: 292

	 A0A011UB51	[694, 0, 0, 0, 0, 0, 0, 0, 0]
	 A0A011UFH1	[0, 0, 0, 0, 0, 694, 0, 0, 0]

 ### Operon type: 293

	 A0A011V965	[0, -1, -1, 0, 63, 0, -1, -1, 0]
	 A0A011VHP2	[0, -1, -1, -1, 63, 0, 0, 0, 0]

 ### Operon type: 294

	 A0A010RVD0	[-1, 0, 0, -1, 0, 647, 647, 0, 44]

 ### Operon type: 295

	 A0A010T7Q5	[0, 44, 0, 0, 0, 0, -1, 0, 0]

 ### Operon type: 296

	 A0A010SJH7	[0, 0, 807, -1, 0, 0, 197, 0, 0]

 ### Operon type: 297

	 A0A010SRR2	[0, 0, -1, 0, 0, 0, 0, 0, 807]

 ### Operon type: 298

	 A0A010RKP8	[0, 0, 0, 0, 0, 0, -1, 0, 0]
	 A0A011UZ32	[0, 0, 0, 0, 0, -1, 0, 0, 0]
	 A0A009HJU6	[0, 0, 0, 0, 0, 0, 0, 0, -1]
	 A0A010TF14	[-1, 0, 0, 0, 0, 0, 0, 0, 0]
	 A0A010RY47	[-1, 0, -1, 0, 0, 0, 0, 0, 0]

 ### Operon type: 299

	 A0A010SJF9	[0, 0, 0, 0, 0, -1, 0, 86, -1]

 ### Operon type: 300

	 A0A011ML54	[0, 0, 0, 395, 0, 0, 0, 0, -1]

 ### Operon type: 301

	 A0A011NHY1	[0, 0, 0, 0, 0, 807, 0, 0, 0]

 ### Operon type: 302

	 A0A010Z171	[0, 0, 0, 0, 0, 0, 807, 0, 706]

 ### Operon type: 303

	 A0A011T697	[807, 0, 0, 0, 0, 0, 0, 0, 279]

 ### Operon type: 304

	 A0A011TDD1	[0, 420, 807, 0, 0, 0, 0, 0, 0]

 ### Operon type: 305

	 A0A011VW24	[0, 0, 752, 0, 0, 0, 0, 0, -1]

 ### Operon type: 306

	 A0A011T8V3	[0, 0, 752, 0, 0, 0, 0, 0, 0]

 ### Operon type: 307

	 A0A010TH98	[628, 0, 0, 752, 0, 0, 0, 0, 0]

 ### Operon type: 308

	 A0A011QVR3	[0, 0, 0, 0, 0, 0, 0, 641, 752]

 ### Operon type: 309

	 A0A011VYF1	[752, 0, 0, 0, 0, 0, 694, 0, 0]

 ### Operon type: 310

	 A0A010S415	[-1, 752, 0, 196, 0, 0, 0, 0, 828]

 ### Operon type: 311

	 A0A011QMJ8	[0, 0, 0, 0, 0, 0, 0, 0, 0]
	 A0A011QSN2	[0, 0, 0, 0, 0, 0, 0, 0, 0]
	 A0A011N2Z0	[0, 0, 0, 0, 0, 0, 0, 0, 0]
	 A0A011NAJ1	[0, 0, 0, 0, 0, 0, 0, 0, 0]
	 A0A011P9Z5	[0, 0, 0, 0, 0, 0, 0, 0, 0]
	 A0A011PBM9	[0, 0, 0, 0, 0, 0, 0, 0, 0]
	 A0A011PNN2	[0, 0, 0, 0, 0, 0, 0, 0, 0]
	 A0A011Q056	[0, 0, 0, 0, 0, 0, 0, 0, 0]
	 A0A011UHL2	[0, 0, 0, 0, 0, 0, 0, 0, 0]
	 A0A011NMI8	[0, 0, 0, 0, 0, 0, 0, 0, 0]
	 A0A011NTU3	[0, 0, 0, 0, 0, 0, 0, 0, 0]
	 A0A011VYF6	[0, 0, 0, 0, 0, 0, 0, 0, 0]
	 A0A013TEV4	[0, 0, 0, 0, 0, 0, 0, 0, 0]
	 A0A013SL47	[0, 0, 0, 0, 0, 0, 0, 0, 0]
	 A0A011WUT3	[0, 0, 0, 0, 0, 0, 0, 0, 0]
	 A0A013S2B9	[0, 0, 0, 0, 0, 0, 0, 0, 0]
	 A0A013SBR8	[0, 0, 0, 0, 0, 0, 0, 0, 0]
	 A0A009M4K0	[0, 0, 0, 0, 0, 0, 0, 0, 0]
	 A0A009MH90	[0, 0, 0, 0, 0, 0, 0, 0, 0]
	 A0A011UBN9	[0, 0, 0, 0, 0, 0, 0, 0, 0]
	 A0A011UFM5	[0, 0, 0, 0, 0, 0, 0, 0, 0]
	 A0A009PDV4	[0, 0, 0, 0, 0, 0, 0, 0, 0]
	 A0A010SHY1	[0, 0, 0, 0, 0, 0, 0, 0, 0]
	 A0A011VNE2	[0, 0, 0, 0, 0, 0, 0, 0, 0]
	 A0A009HIL8	[0, 0, 0, 0, 0, 0, 0, 0, 0]
	 A0A010SPJ7	[0, 0, 0, 0, 0, 0, 0, 0, 0]
	 A0A010SSQ8	[0, 0, 0, 0, 0, 0, 0, 0, 0]
	 A0A010T025	[0, 0, 0, 0, 0, 0, 0, 0, 0]
	 A0A010YJA7	[0, 0, 0, 0, 0, 0, 0, 0, 0]
	 A0A010YZS8	[0, 0, 0, 0, 0, 0, 0, 0, 0]
	 A0A010Z120	[0, 0, 0, 0, 0, 0, 0, 0, 0]
	 A0A010ZTI3	[0, 0, 0, 0, 0, 0, 0, 0, 0]
	 A0A011A146	[0, 0, 0, 0, 0, 0, 0, 0, 0]

 ### Operon type: 312

	 A0A010TG27	[527, 0, 81, 0, 0, 0, 861, 0, 0]

 ### Operon type: 313

	 A0A011PMK1	[0, 0, 0, 0, 0, 0, 0, 527, 0]

 ### Operon type: 314

	 A0A009HM15	[0, 181, 179, 0, 0, 0, -1, 0, 0]

 ### Operon type: 315

	 A0A009HRU1	[0, 140, 0, 0, 0, 0, 0, 0, 0]

 ### Operon type: 316

	 A0A009HSN8	[0, 124, 0, 0, 0, -1, 0, 136, -1]

 ### Operon type: 317

	 A0A009HV82	[158, 0, 0, 0, 0, 0, 0, 0, 0]

 ### Operon type: 318

	 A0A009IG74	[0, 0, 200, 0, 320, -1, 0, 0, 0]

 ### Operon type: 319

	 A0A009IJ90	[0, 180, 0, 0, 0, 0, 0, 0, 0]

 ### Operon type: 320

	 A0A009NM94	[0, 730, 730, 0, 0, 0, 420, 0, 0]

 ### Operon type: 321

	 A0A009Q4N5	[0, 0, 210, 0, 0, 0, 0, 0, 0]

 ### Operon type: 322

	 A0A009SSZ9	[0, 167, 0, 0, 0, 0, 0, 0, 0]

 ### Operon type: 323

	 A0A009YIH1	[0, 0, 0, 0, 264, 0, -1, -1, 30]

 ### Operon type: 324

	 A0A009YR05	[0, 0, 0, 0, 485, 0, 0, 0, 0]

 ### Operon type: 325

	 A0A009Z004	[249, 0, 249, 0, 0, 706, 0, 0, 0]

 ### Operon type: 326

	 A0A010RUQ5	[0, 0, 0, 0, 0, 0, 0, 0, 444]

 ### Operon type: 327

	 A0A010S195	[716, 0, 33, 39, 0, 0, 0, 0, 0]

 ### Operon type: 328

	 A0A010SCZ2	[0, 0, 0, 0, 0, 0, 0, 68, 0]

 ### Operon type: 329

	 A0A010SN41	[0, 0, 0, 0, 66, 0, 0, 0, 0]

 ### Operon type: 330

	 A0A010SSU2	[0, 0, 0, 0, 51, 0, -1, 547, 0]

 ### Operon type: 331

	 A0A010SUP6	[0, 0, 0, 0, 0, 0, 0, 39, 0]

 ### Operon type: 332

	 A0A010SUY9	[0, 0, 0, 0, 0, 407, 544, 0]

 ### Operon type: 333

	 A0A010THK2	[0, 0, -1, 0, 0, 863, 706, 0, 0]

 ### Operon type: 334

	 A0A010SRL4	[81, 0, 0, -1, 0, 0, 0, 706, 144]

 ### Operon type: 335

	 A0A010YX61	[336, 816, 0, 752, 0, 0, 0, 0, 0]

 ### Operon type: 336

	 A0A010S5W8	[0, 0, 627, 571, 0, 0, 0, 0, 0]

 ### Operon type: 337

	 A0A011NE37	[815, 0, 0, 0, 0, 0, 0, 0, 0]

 ### Operon type: 338

	 A0A011NF78	[0, 0, 654, 0, 0, 0, 0, 0, 0]

 ### Operon type: 339

	 A0A011NVE2	[0, 0, 0, 805, 0, 0, 807, 0, 703]

 ### Operon type: 340

	 A0A011NXJ4	[0, 0, 0, 0, 0, 0, 0, 0, 443]

 ### Operon type: 341

	 A0A011P8I1	[0, 0, 658, 816, 0, 0, 0, 0, 549]

 ### Operon type: 342

	 A0A011P9Q7	[782, 0, 0, 0, 0, 0, 0, 0, 0]

 ### Operon type: 343

	 A0A011PJ75	[0, 805, 804, 805, 0, 0, 0, 0, 0]

 ### Operon type: 344

	 A0A011PRB4	[0, 0, 0, 0, 0, 0, 0, 561, 0]

 ### Operon type: 345

	 A0A011QVT2	[640, 0, 0, 0, 0, 0, 0, 639, 0]

 ### Operon type: 346

	 A0A011RP14	[0, 0, 0, 0, 0, 0, 0, 737, 0]

 ### Operon type: 347

	 A0A011SM49	[807, 0, 737, 0, 0, 0, 717, 0, 0]

 ### Operon type: 348

	 A0A011AM27	[521, 0, 0, 0, 846, 0, 0, 0, 35]

 ### Operon type: 349

	 A0A011T607	[0, 0, 571, 0, 0, 0, 0, 0, 420]

 ### Operon type: 350

	 A0A011TAW2	[0, 0, 0, 0, 0, 0, 421, 0, 0]

 ### Operon type: 351

	 A0A011TED9	[0, 0, 0, 0, 0, 428, 0, 0, 0]

 ### Operon type: 352

	 A0A011TXS5	[0, 708, 0, 0, 0, 0, 0, 0, 0]

 ### Operon type: 353

	 A0A011U144	[0, 444, 0, 0, 0, 0, 443, 442, 0]

 ### Operon type: 354

	 A0A011U1C8	[783, 0, 0, 0, 0, 0, 0, 0, 441]

 ### Operon type: 355

	 A0A011U483	[0, 0, 0, 0, 0, 553, 0, 0, 0]

 ### Operon type: 356

	 A0A011UG86	[0, 518, 0, 0, 0, 86, 0, 0, 0]

 ### Operon type: 357

	 A0A011UQB5	[727, 695, 0, 0, 0, 0, 0, 694, 0]

 ### Operon type: 358

	 A0A011UVI5	[0, 0, 0, 0, 0, 478, 805, 805, 0]

 ### Operon type: 359

	 A0A011UWI3	[0, 0, 0, 0, 474, 0, 473, 716, 0]

 ### Operon type: 360

	 A0A011V5E6	[0, 0, 0, 0, 0, 280, 0, 0, 0]

 ### Operon type: 361

	 A0A011M4H6	[61, 0, 858, 0, 0, 0, 0, 0, 0]

 ### Operon type: 362

	 A0A011VSV3	[0, 0, 0, 0, 0, 0, 662, 0, 0]

 ### Operon type: 363

	 A0A011VWI0	[0, 0, 0, 0, 0, 385, 0, 0, 0]

 ### Operon type: 364

	 A0A011VZ91	[475, 0, 0, 0, 0, 0, 0, 0, 0]

 ### Operon type: 365

	 A0A011WP76	[0, 0, 0, 0, 0, 0, 0, 0, 674]

 ### Operon type: 366

	 A0A011WSD4	[0, 0, 0, -1, 0, 626, 0, 0, 397]

 ### Operon type: 367

	 A0A011WT35	[397, 0, 0, 0, 0, 0, 0, 0, 0]

 ### Operon type: 368

	 A0A013S843	[0, 345, 0, 0, 0, 0, -1, 299, 0]

 ### Operon type: 369

	 A0A013T5E6	[0, 0, 0, 365, 0, 0, 0, 0, 0]

 ### Operon type: 370

	 A0A009T185	[637, 0, 804, 804, 806, 805, 804, 803, 802]

 ### Operon type: 371

	 A0A010IN36	[808, 807, 0, 0, 806, 805, 804, 803, 802]

 ### Operon type: 372

	 A0A009PG43	[805, 804, 692, 639, 0, 803, 802, 0, 0]

 ### Operon type: 373

	 A0A009INE0	[808, 0, 0, 0, 0, 0, 0, 804, 803]

 ### Operon type: 374

	 A0A009T9H0	[0, 30, 555, -1, 0, 0, 141, 0, 140]

 ### Operon type: 375

	 A0A010THH5	[0, 67, 236, 478, 0, 0, 841, 0, 840]

 ### Operon type: 376

	 A0A011VZE3	[0, 0, 0, 861, 398, 0, 0, 0, 0]
	 A0A011WSH8	[0, 0, 0, 861, 398, 0, 0, 0, 0]

 ### Operon type: 377

	 A0A011NAF3	[0, 0, 0, 0, 0, 0, 861, 0, 608]

 ### Operon type: 378

	 A0A009IQ93	[145, 0, 861, 0, 0, 144, 0, 0, 0]

 ### Operon type: 379

	 A0A009Q8S9	[0, 0, 555, 300, 0, 696, 0, 0, 0]

 ### Operon type: 380

	 A0A009TLU4	[0, 708, -1, 184, 0, 42, 0, -1, -1]

 ### Operon type: 381

	 A0A009ZB47	[239, 238, 0, 0, 0, 626, 838, 0, 0]

 ### Operon type: 382

	 A0A009ZVR4	[735, 0, 816, 0, 0, 65, 0, 0, 240]

 ### Operon type: 383

	 A0A010JIN9	[838, 0, 0, 45, 154, 0, 0, 0, 0]

 ### Operon type: 384

	 A0A010S003	[538, 0, 0, 0, 0, 518, 518, 798, 0]

 ### Operon type: 385

	 A0A010SMN8	[0, -1, 34, 0, 864, 0, 0, 542, 0]

 ### Operon type: 386

	 A0A010SXS1	[0, 692, 0, 0, 0, 699, 0, 0, 639]

 ### Operon type: 387

	 A0A010T689	[35, -1, 841, 741, 0, 0, 0, 0, 0]

 ### Operon type: 388

	 A0A010TBB4	[0, 311, 0, 86, 0, 0, 0, 0, 783]

 ### Operon type: 389

	 A0A010YFK3	[0, 754, 0, 0, 0, 0, 57, 0, 441]

 ### Operon type: 390

	 A0A010YVY1	[16, 0, 16, 0, 0, 0, 0, 798, 0]

 ### Operon type: 391

	 A0A010ZSZ2	[0, 693, 0, 488, 487, 0, 0, 0, 0]

 ### Operon type: 392

	 A0A010Z0Y7	[0, 0, 0, 0, 487, 196, 0, 0, 0]

 ### Operon type: 393

	 A0A011A0M8	[0, 0, 706, 0, 100, 0, 0, 1, 1]

 ### Operon type: 394

	 A0A011NFL4	[0, 729, 0, 0, 436, 527, 0, 59, 0]

 ### Operon type: 395

	 A0A011P407	[0, 0, 554, 728, 0, 0, 783, 0, 553]

 ### Operon type: 396

	 A0A011QGT2	[861, 0, 0, 690, 689, 0, 0, 0, 0]

 ### Operon type: 397

	 A0A011QSA4	[657, 0, 656, 655, 0, 0, 0, 0, 654]

 ### Operon type: 398

	 A0A011T6J6	[0, 505, 0, 816, 0, 0, 278, 0, 277]

 ### Operon type: 399

	 A0A011TAL2	[0, 571, 0, 0, 0, 422, 0, 433, 0]

 ### Operon type: 400

	 A0A011TZG0	[706, 705, 0, 0, 0, 0, 0, 704, 0]

 ### Operon type: 401

	 A0A011UGY3	[85, 84, 280, 83, 0, 0, 0, 83, 0]

 ### Operon type: 402

	 A0A011UII7	[0, 0, 0, 0, 0, 703, 702, 0, 0]

 ### Operon type: 403

	 A0A011UNT9	[696, 720, 0, 0, 0, 0, 0, 0, 0]

 ### Operon type: 404

	 A0A011SIS0	[0, 722, 721, 721, 0, 0, 0, 720, 0]

 ### Operon type: 405

	 A0A011UT49	[0, 693, 0, 0, 0, 0, 692, 691, 0]

 ### Operon type: 406

	 A0A011VU65	[89, 0, 0, 0, 0, 57, 0, 662, 92]

 ### Operon type: 407

	 A0A011VV03	[0, 56, 0, 0, 469, 61, 0, 0, 0]

 ### Operon type: 408

	 A0A011VVZ9	[0, 0, -1, 0, 0, 68, 55, 55, 719]

 ### Operon type: 409

	 A0A011VWX7	[639, 563, 0, 0, 0, 0, 0, 723, 0]

 ### Operon type: 410

	 A0A011VXK7	[730, 730, 0, 812, 0, 0, 0, 507, 0]

 ### Operon type: 411

	 A0A011W0I6	[396, 0, 0, 0, 0, 617, 0, 395, 0]

 ### Operon type: 412

	 A0A010YEF6	[0, 396, 0, 0, 0, 0, 0, 0, 37]

 ### Operon type: 413

	 A0A013SQH1	[0, 0, 0, 0, 66, 534, 0, 852, 799]

 ### Operon type: 414

	 A0A009QJA8	[135, 134, 0, 0, 0, 0, 0, 0, 872]

 ### Operon type: 415

	 A0A009YL68	[0, 0, 783, 337, 334, 0, 0, 237, 0]

 ### Operon type: 416

	 A0A010JNG7	[852, 0, 0, 851, 0, 0, 0, 0, 0]

 ### Operon type: 417

	 A0A010RM40	[862, 861, 860, 0, 0, 0, 0, -1, 859]

 ### Operon type: 418

	 A0A010RRQ6	[0, 858, 0, 0, 0, 864, 857, 856, 0]

 ### Operon type: 419

	 A0A010S423	[278, 0, 0, 0, 0, 0, 0, 473, 734]

 ### Operon type: 420

	 A0A010T0I7	[0, 0, 37, 0, 0, 658, 656, 861, 0]

 ### Operon type: 421

	 A0A010ZUR7	[56, 13, 0, 13, 0, 12, 798, 0, 0]

 ### Operon type: 422

	 A0A011NA78	[0, 605, 0, 0, 0, 647, 0, 0, 859]

 ### Operon type: 423

	 A0A011P8W7	[548, 554, 639, 0, 547, 0, 0, 0, 0]

 ### Operon type: 424

	 A0A011PG97	[542, 0, 0, 541, 0, 0, 0, 0, 0]

 ### Operon type: 425

	 A0A011PKT4	[0, 534, 0, 0, 0, 0, 533, 0, 0]

 ### Operon type: 426

	 A0A011PLB2	[0, 548, 0, 535, 0, 0, 0, 0, 0]

 ### Operon type: 427

	 A0A011R339	[0, 0, 0, 0, 0, 0, 458, 457, 0]

 ### Operon type: 428

	 A0A011SFE5	[0, 0, 0, 730, 0, 0, 729, 728, 727]

 ### Operon type: 429

	 A0A011SJT5	[0, 0, 0, 719, 718, 718, 718, 718, 718]

 ### Operon type: 430

	 A0A011TDQ5	[0, 0, 0, 0, 419, 619, 0, 0, 0]

 ### Operon type: 431

	 A0A011VT01	[0, 0, 58, 0, 0, 58, 0, 0, 245]

 ### Operon type: 432

	 A0A009Z3V9	[861, 0, 0, 0, 0, 248, 624, 247, 246]

 ### Operon type: 433

	 A0A010SRB2	[42, 41, 0, 0, 0, 41, 40, 0, 0]

 ### Operon type: 434

	 A0A010KA25	[838, 0, 841, 781, 98, 0, 0, 838, 349]

 ### Operon type: 435

	 A0A011TZN1	[448, 447, 446, 0, 445, 0, 0, 0, 0]

 ### Operon type: 436

	 A0A011VJ76	[60, 60, 691, 59, 0, 861, 706, 0, 554]

 ### Operon type: 437

	 A0A011UG17	[220, 0, 399, 0, 390, 89, 0, 0, 0]

 ### Operon type: 438

	 A0A011WUA8	[496, 0, 0, 317, 0, 0, 0, 316, 316]

 ### Operon type: 439

	 A0A010S4X6	[0, 196, 860, 518, 328, 0, 434, 532, 863]

 ### Operon type: 440

	 A0A010YY02	[0, 15, 0, 0, 15, 515, 32, 0, 14]
