
 ### Operon type: 1

	 A0A010ILU3	[465, 464, 463, 529, 462, 461, 460, 459, 458]
	 A0A009MW50	[465, 464, 463, 529, 462, 461, 460, 459, 458]
	 A0A009QBR9	[465, 464, 463, 529, 462, 461, 459, 458, 199]
	 A0A009QS71	[465, 464, 463, 529, 462, 461, 460, 459, 458]
	 A0A009H3B0	[465, 464, 463, 529, 462, 461, 460, 459, 458]
	 A0A009I8S2	[465, 464, 463, 529, 462, 461, 459, 458, 199]
	 A0A009TM70	[465, 464, 463, 529, 462, 461, 459, 458, 199]

 ### Operon type: 2

	 A0A013TH43	[522, 521, 858, 520, 519, 518, 517, 516, 566]
	 A0A009RAF0	[522, 521, 858, 520, 519, 518, 517, 516, 566]

 ### Operon type: 3

	 A0A011PVT3	[767, 619, 618, 617, 616, 615, 614, 613, 612]
	 A0A011R7V7	[767, 619, 618, 617, 616, 615, 614, 613, 612]
	 A0A011MET3	[767, 619, 618, 617, 616, 615, 614, 613, 612]

 ### Operon type: 4

	 A0A013RZW2	[442, 363, 458, 362, 361, 422, 360, 359, 358]
	 A0A013SNJ8	[442, 363, 458, 362, 361, 422, 360, 359, 358]
	 A0A009PH20	[442, 363, 458, 362, 361, 422, 360, 359, 358]
	 A0A009MMM3	[442, 363, 458, 362, 361, 422, 360, 359, 358]
	 A0A009IV03	[442, 363, 458, 362, 361, 422, 360, 359, 358]
	 A0A010J9U3	[442, 363, 458, 362, 361, 422, 360, 359, 358]
	 A0A009SIZ4	[442, 363, 458, 362, 361, 422, 360, 359, 358]
	 A0A009HBT3	[442, 363, 458, 362, 361, 422, 360, 359, 358]
	 A0A009RD69	[442, 363, 458, 362, 361, 422, 360, 359, 358]
	 A0A009YIZ0	[442, 363, 458, 362, 361, 422, 360, 359, 358]

 ### Operon type: 5

	 A0A009PH57	[249, 248, -1, 247, 246, 622, 245, 577, 244]
	 A0A009TG92	[249, 248, -1, 247, 246, 622, 245, 577, 244]

 ### Operon type: 6

	 A0A013SXT2	[434, 370, 369, 368, 422, 367, 366, 365, 364]
	 A0A013S288	[434, 370, 369, 368, 422, 367, 366, 365, 364]
	 A0A009N031	[434, 370, 369, 368, 422, 367, 366, 365, 364]
	 A0A009PWG1	[434, 370, 369, 368, 422, 367, 366, 365, 364]
	 A0A009I0I9	[434, 370, 369, 368, 422, 367, 366, 365, 364]
	 A0A010J3I1	[434, 370, 369, 368, 422, 367, 366, 365, 364]
	 A0A009R2X0	[434, 370, 369, 368, 422, 367, 366, 365, 364]
	 A0A009SFX8	[434, 370, 369, 368, 46, 422, 367, 366, 365]
	 A0A009TBM2	[370, 369, 368, 46, 422, 367, 366, 365, 364]

 ### Operon type: 7

	 A0A013T8M5	[537, 703, 536, 535, 534, 533, 532, 531, 530]
	 A0A010IMP8	[537, 703, 536, 535, 534, 533, 532, 531, 530]
	 A0A013SZ54	[537, 703, 536, 535, 534, 533, 532, 531, 530]
	 A0A009N123	[537, 703, 536, 535, 534, 533, 532, 531, 530]
	 A0A009Q3K7	[537, 703, 536, 535, 534, 533, 532, 531, 530]
	 A0A009IRJ6	[537, 703, 536, 535, 534, 533, 532, 531, 530]
	 A0A009SWU0	[537, 703, 536, 535, 534, 533, 532, 531, 530]
	 A0A009H7U0	[537, 703, 536, 535, 534, 533, 532, 531, 530]
	 A0A009RBQ2	[537, 703, 536, 535, 534, 533, 532, 531, 530]
	 A0A009ZM43	[-1, 703, 536, 535, 534, 533, 532, 531, 530]

 ### Operon type: 8

	 A0A013RMD0	[-1, 316, 589, 315, 314, 593, 313, 312, 311]
	 A0A009RG92	[-1, 316, 589, 315, 314, 593, 313, 312, 311]
	 A0A009N9Z1	[-1, 316, 589, 315, 314, 593, 313, 312, 311]
	 A0A009QDV7	[-1, 316, 589, 315, 314, 593, 313, 312, 311]
	 A0A009S854	[-1, 316, 589, 315, 314, 593, 313, 312, 311]
	 A0A010JDA6	[-1, 316, 589, 315, 314, 593, 313, 312, 311]
	 A0A009H6M2	[-1, 316, 589, 315, 314, 593, 313, 312, 311]
	 A0A009IHQ3	[-1, 316, 589, 315, 314, 593, 313, 312, 311]
	 A0A009ZIC0	[95, 316, 589, 315, 314, 593, 313, 312, 311]

 ### Operon type: 9

	 A0A011UIA1	[401, 400, 399, 398, 397, 396, 395, 394, 0]
	 A0A011V5V3	[0, 401, 400, 399, 398, 397, 396, 395, 394]

 ### Operon type: 10

	 A0A011PTE7	[642, 641, 640, 639, 638, 0, 637, 636, 635]
	 A0A011NE72	[642, 641, 640, 639, 638, 637, 636, 635, 0]

 ### Operon type: 11

	 A0A010JWJ1	[277, 276, 753, 275, 274, 273, 272, 271, 270]
	 A0A009I4A1	[277, 276, 753, 275, 274, 273, 272, 271, 270]

 ### Operon type: 12

	 A0A009QF22	[117, 116, 277, 0, 274, 273, 272, 271, 270]
	 A0A009TBY8	[117, 116, 277, 275, 274, 273, 272, 271, 270]

 ### Operon type: 13

	 A0A011NEY3	[491, 687, 686, 685, 685, 684, 683, 682, 0]

 ### Operon type: 14

	 A0A011PAN4	[687, 686, 0, 685, 685, 684, 683, 682, 681]

 ### Operon type: 15

	 A0A011RCD5	[491, 687, 686, 685, 685, 684, 683, 682, 681]

 ### Operon type: 16

	 A0A011NAY5	[752, 751, 750, 749, 748, 747, 746, 745, 0]
	 A0A011P4U7	[0, 752, 751, 750, 749, 748, 747, 746, 745]

 ### Operon type: 17

	 A0A011NBX7	[741, 740, 739, 738, 737, 736, 0, 0, 0]
	 A0A011NW66	[741, 740, 739, 738, 737, 736, 0, 0, 0]
	 A0A011PF67	[741, 740, 739, 738, 737, 0, 0, 0, 0]

 ### Operon type: 18

	 A0A011NS68	[741, 740, 739, 738, 737, 719, 718, 727, 717]
	 A0A011RHX4	[741, 740, 739, 738, 737, 719, 718, 727, 0]

 ### Operon type: 19

	 A0A010YT39	[0, 725, 36, 588, 35, 34, 33, 32, 421]

 ### Operon type: 20

	 A0A010Z7T4	[36, 588, 35, 34, 33, 32, 421, 586, 649]

 ### Operon type: 21

	 A0A013SP43	[326, 325, 360, 324, 323, 322, 321, 320, 319]
	 A0A010K6G6	[326, 325, 360, 324, 323, 322, 321, 0, 319]
	 A0A009RUN3	[326, 325, 360, 324, 323, 322, 321, 320, 319]

 ### Operon type: 22

	 A0A011VWR4	[0, 0, 0, 0, 307, 306, 305, 304, 303]

 ### Operon type: 23

	 A0A011VYP6	[307, 306, 305, 304, 303, 0, 302, 617, 0]

 ### Operon type: 24

	 A0A011QAS2	[0, 781, 780, 779, 778, 777, 776, 775, 774]
	 A0A011NEQ1	[0, 781, 780, 779, 778, 777, 776, 775, 774]

 ### Operon type: 25

	 A0A010JSI3	[601, 600, 599, 598, 597, 596, 595, 594, 0]
	 A0A013T0M4	[601, 600, 599, 598, 597, 596, 595, 594, 0]
	 A0A009RGL2	[601, 600, 599, 598, 597, 596, 595, 594, 278]
	 A0A009HDS5	[601, 600, 599, 598, 597, 596, 595, 594, 278]

 ### Operon type: 26

	 A0A009SNL0	[80, 79, 423, 164, 163, 162, 161, 160, 159]

 ### Operon type: 27

	 A0A009T1I8	[423, 164, 163, 162, 161, 160, 159, 0, 0]

 ### Operon type: 28

	 A0A011VW71	[0, 151, 150, 149, 148, 147, 146, 848, 145]
	 A0A011VUV0	[151, 150, 149, 148, 147, 146, 848, 145, 0]

 ### Operon type: 29

	 A0A011UG71	[140, 293, 139, 144, 143, 294, 142, 292, 141]

 ### Operon type: 30

	 A0A011V8Z7	[0, 0, 140, 293, 139, 144, 143, 294, 142]

 ### Operon type: 31

	 A0A011V8Y9	[144, 143, 294, 142, 292, 141, 0, 0, 0]

 ### Operon type: 32

	 A0A011U8C0	[0, 294, 293, 0, 574, 292, 0, 0, 0]

 ### Operon type: 33

	 A0A011QSF0	[0, 824, 823, 822, 821, 820, 819, 818, 0]
	 A0A011QBB5	[677, 824, 823, 822, 821, 820, 819, 818, 626]
	 A0A011Q0X6	[677, 824, 823, 822, 821, 820, 819, 818, 626]
	 A0A011Q1X8	[824, 0, 823, 822, 821, 820, 819, 818, 626]

 ### Operon type: 34

	 A0A011PG87	[677, 824, 823, 822, 821, 820, 819, 0, 0]

 ### Operon type: 35

	 A0A011PCT1	[814, 813, 869, 0, 0, 0, 0, 865, 0]

 ### Operon type: 36

	 A0A011QU35	[0, 0, 0, 0, 871, 0, 814, 813, 869]

 ### Operon type: 37

	 A0A011Q2B1	[815, 708, 871, 870, 869, 868, 867, 866, 865]

 ### Operon type: 38

	 A0A011RLN8	[872, 873, 871, 870, 869, 868, 867, 866, 865]

 ### Operon type: 39

	 A0A011P700	[0, 0, 817, 816, 815, 708, 871, 870, 869]

 ### Operon type: 40

	 A0A011QSI4	[0, 0, 817, 816, 815, 0, 872, 873, 871]

 ### Operon type: 41

	 A0A013T337	[755, 591, 552, 551, 550, 796, 549, 799, 548]
	 A0A013TH30	[755, 591, 552, 551, 550, 796, 549, 799, 548]
	 A0A013S981	[347, 755, 591, 552, 551, 550, 796, 549, 799]

 ### Operon type: 42

	 A0A010JY00	[347, 755, 591, 552, 269, 796, 549, 799, 548]

 ### Operon type: 43

	 A0A013TPV4	[333, 332, 331, 330, 329, 328, 842, 753, 327]
	 A0A009MGJ1	[333, 332, 331, 330, 329, 328, 842, 753, 327]
	 A0A009QQ47	[333, 332, 331, 330, 329, 328, 842, 753, 327]
	 A0A009SZB5	[333, 332, 331, 330, 329, 328, 842, 753, 327]
	 A0A010IZE4	[333, 332, 331, 330, 329, 328, 842, 753, 327]
	 A0A009HL81	[333, 332, 331, 330, 329, 328, 842, 753, 327]
	 A0A009HR98	[333, 332, 331, 330, 329, 328, 842, 753, 327]

 ### Operon type: 44

	 A0A009Z8F7	[332, 331, 328, 0, 329, 5, 5, 0, 47]

 ### Operon type: 45

	 A0A009HFU9	[99, 98, 97, 96, 95, 515, 94, 93, 0]
	 A0A009R016	[99, 98, 97, 96, 95, -1, 515, 94, 93]

 ### Operon type: 46

	 A0A011UJN3	[0, 564, 0, 0, 563, 562, 561, 560, 559]

 ### Operon type: 47

	 A0A011W213	[563, 562, 561, 560, 559, 695, 0, 0, 0]

 ### Operon type: 48

	 A0A011QUG8	[812, 811, 810, 809, 808, 807, 0, 806, 805]
	 A0A011QIT1	[812, 811, 810, 809, 808, 807, 806, 805, 795]

 ### Operon type: 49

	 A0A011NVE7	[693, 692, 691, 756, 757, 758, 759, 760, 761]
	 A0A011PP01	[693, 692, 691, 756, 757, 758, 759, 760, 761]

 ### Operon type: 50

	 A0A011N9N8	[783, 763, 762, 761, 760, 759, 758, 757, 756]
	 A0A011P2I4	[783, 763, 762, 761, 760, 759, 758, 757, 756]

 ### Operon type: 51

	 A0A011PIY7	[731, 0, 762, 761, 760, 759, 758, 0, 756]

 ### Operon type: 52

	 A0A011Q3J4	[0, 731, 762, 761, 760, 759, 758, 757, 0]

 ### Operon type: 53

	 A0A011MH88	[732, 731, 762, 761, 760, 759, 758, 757, 756]

 ### Operon type: 54

	 A0A013SPM5	[546, 545, 544, 543, 542, 541, 540, 539, 538]
	 A0A010IX62	[546, 545, 544, 543, 542, 541, 540, 539, 538]
	 A0A009QFZ7	[546, 545, 544, 543, 542, 541, 540, 539, 538]
	 A0A009MH71	[546, 545, 544, 543, 542, 541, 540, 539, 538]
	 A0A009I6Z0	[546, 545, 544, 543, 542, 541, 540, 539, 538]
	 A0A009HSL1	[546, 545, 544, 543, 542, 541, 540, 539, 538]
	 A0A009TK03	[546, 545, 544, 543, 542, 541, 540, 539, 538]

 ### Operon type: 55

	 A0A009ZIX8	[0, 6, 544, 543, 542, 25, 0, 538, 0]

 ### Operon type: 56

	 A0A010JJN4	[479, 478, 477, 476, 475, 474, 473, 705, 764]
	 A0A013TPR7	[479, 478, 477, 476, 475, 474, 473, 705, 764]
	 A0A009PMT3	[479, 478, 477, 476, 475, 474, 473, 705, 764]
	 A0A009NI48	[479, 478, 477, 476, 475, 474, 473, 705, -1]
	 A0A009SEP4	[479, 478, 477, 476, 475, 0, 474, 473, 0]
	 A0A009RMI1	[479, 478, 477, 476, 475, 474, 473, 705, 0]
	 A0A009HJJ5	[479, 478, 477, 476, 475, 474, 473, 705, 72]
	 A0A009I8I7	[479, 478, 477, 476, 475, 474, 473, 705, 72]
	 A0A009YG45	[0, 479, 478, 477, 475, 0, 474, 473, 705]

 ### Operon type: 57

	 A0A013S8F0	[355, 354, 353, 352, 351, 753, 722, 357, 765]
	 A0A013TPQ9	[355, 354, 353, 352, 351, 753, 722, 357, 765]
	 A0A009PMU2	[355, 354, 353, -1, 351, 753, 722, 357, 765]
	 A0A010IZH1	[-1, 354, 353, 352, 351, 753, 722, 357, 765]
	 A0A009SZ84	[355, 354, 353, 352, 351, 753, 722, 357, 765]
	 A0A009HJM0	[355, 354, 353, 352, 351, 753, 722, 357, 765]

 ### Operon type: 58

	 A0A009HUS9	[354, 353, 0, 352, 351, 186, -1, 187, 188]

 ### Operon type: 59

	 A0A009ISE1	[474, 473, 705, 188, 187, -1, 186, 351, 352]

 ### Operon type: 60

	 A0A009NPS1	[355, 354, 353, 352, 351, -1, 705, 473, 474]

 ### Operon type: 61

	 A0A013SB36	[346, 345, 344, 343, 342, 666, 665, 341, 340]
	 A0A009QSI3	[346, 345, 344, 343, 342, 666, 665, 341, -1]

 ### Operon type: 62

	 A0A010ITP2	[346, 345, 344, 343, 342, 666, 665, 0, 0]

 ### Operon type: 63

	 A0A009SII9	[-1, 345, 344, 343, 342, 666, 665, 167, 166]

 ### Operon type: 64

	 A0A009T0Q9	[342, 666, 665, 167, 166, 340, 732, 753, 165]

 ### Operon type: 65

	 A0A009YJF4	[0, 666, 665, 83, 82, 732, 753, 0, 165]

 ### Operon type: 66

	 A0A009GP96	[0, 92, 753, 586, 268, 91, 515, 90, 89]

 ### Operon type: 67

	 A0A009GSR4	[586, 268, 91, 515, 90, 89, 89, 88, 0]

 ### Operon type: 68

	 A0A009IIT6	[92, 753, 586, 268, 90, 89, 89, 88, 0]

 ### Operon type: 69

	 A0A011SQL0	[712, 576, -1, 575, 574, 573, 572, 571, 570]
	 A0A011UZ49	[576, -1, 575, 574, 573, 572, 571, 570, 0]

 ### Operon type: 70

	 A0A009PT82	[763, 628, 225, 224, 223, 222, 221, 220, 219]
	 A0A009SIF9	[763, 628, 225, 224, 223, 222, 221, 220, 219]

 ### Operon type: 71

	 A0A009IS10	[189, 0, 0, 0, 223, 222, 221, 0, 0]

 ### Operon type: 72

	 A0A009QHW5	[0, 0, 0, 465, 223, 222, 221, 0, 115]

 ### Operon type: 73

	 A0A011UVB4	[0, 0, 0, 154, 0, 0, 189, 0, 145]

 ### Operon type: 74

	 A0A011V107	[407, -1, 429, 427, 430, 426, 406, 405, 0]
	 A0A011U7M7	[0, 407, -1, 429, 427, 430, 426, 406, 405]

 ### Operon type: 75

	 A0A011TLH0	[431, 430, 429, 428, 427, 426, 0, 0, 0]

 ### Operon type: 76

	 A0A011UG87	[507, 508, 509, 431, 430, 429, 428, 427, 426]

 ### Operon type: 77

	 A0A011TLH7	[509, 508, 507, 0, 0, 0, 0, 0, 0]

 ### Operon type: 78

	 A0A011TWN2	[506, 505, 504, 503, 502, 501, 500, 0, 0]
	 A0A011TAF9	[0, 0, 506, 505, 504, 503, 502, 501, 500]

 ### Operon type: 79

	 A0A011Q5V7	[790, 0, 0, 0, 864, 863, 862, 861, 860]

 ### Operon type: 80

	 A0A011RM25	[864, 863, 862, 861, 860, 859, 0, 858, 0]

 ### Operon type: 81

	 A0A011QDV3	[633, 632, 631, 722, 630, 629, 628, 0, 627]
	 A0A011QIE8	[633, 632, 631, 722, 630, 629, 627, 0, 0]

 ### Operon type: 82

	 A0A011QAB0	[787, 786, 785, 0, 784, 783, 847, 782, 0]
	 A0A011PL71	[582, 787, 786, 785, 784, 783, 847, 782, 0]

 ### Operon type: 83

	 A0A011Q6N5	[833, 832, 831, 0, 0, 0, 789, 788, 789]

 ### Operon type: 84

	 A0A011SGD5	[0, 0, 0, 0, 0, 0, 833, 832, 831]

 ### Operon type: 85

	 A0A011NYU6	[624, 623, 0, 622, 648, 27, 26, 0, 621]

 ### Operon type: 86

	 A0A011PYI6	[624, 623, 0, 622, 648, 621, 620, 835, 0]

 ### Operon type: 87

	 A0A011P1C0	[0, 0, 27, 26, 621, 0, 0, 0, 0]

 ### Operon type: 88

	 A0A011N4G4	[0, 0, 655, 654, 653, 652, 653, 651, 650]
	 A0A011PKU5	[655, 654, 653, 652, 653, 651, 650, 0, 0]

 ### Operon type: 89

	 A0A010ZWJ8	[21, 20, 19, 649, 18, 702, 494, 702, 17]

 ### Operon type: 90

	 A0A011AHW1	[18, 649, 19, 20, 21, 0, 0, 22, 0]

 ### Operon type: 91

	 A0A011AHU9	[494, 702, 17, 0, 0, 0, 0, 9, 732]

 ### Operon type: 92

	 A0A010ZX98	[16, 15, 14, 13, 12, 11, 722, 722, 0]

 ### Operon type: 93

	 A0A011AIL7	[12, 13, 14, 15, 16, 0, 0, 0, 0]

 ### Operon type: 94

	 A0A010YF95	[791, 41, 806, 40, 39, 39, 38, 565, 37]

 ### Operon type: 95

	 A0A010ZJQ6	[41, 806, 40, 39, 39, 38, 565, 37, 0]

 ### Operon type: 96

	 A0A009GXL8	[86, 85, 84, 83, 82, 275, 170, 169, 168]

 ### Operon type: 97

	 A0A010JIW7	[86, 85, 84, 83, 82, 0, 0, 170, 169]

 ### Operon type: 98

	 A0A011QNA5	[0, 611, 610, 609, 0, 608, 607, 606, 605]
	 A0A009ZLJ7	[605, 606, 607, 608, 0, 0, 611, 610, 609]

 ### Operon type: 99

	 A0A013T0T6	[608, 607, 606, 605, 557, 556, 555, 554, 553]
	 A0A009PE10	[608, 607, 606, 605, 557, 257, 555, 554, -1]
	 A0A009ISY0	[608, 607, 606, 605, 557, 257, 555, 554, 553]
	 A0A009QMH5	[608, 607, 606, 605, 557, 556, 555, 554, 553]
	 A0A009HAX1	[608, 607, 606, 605, 557, 556, 555, 554, 553]
	 A0A009RMD0	[608, 607, 606, 605, 557, 257, 555, 554, 553]

 ### Operon type: 100

	 A0A010ILW6	[608, 607, 606, 605, 557, 556, 0, 0, 554]

 ### Operon type: 101

	 A0A009Z9X7	[607, 606, 605, 0, 557, 0, 803, 0, 554]

 ### Operon type: 102

	 A0A013S8V2	[350, 349, 0, 0, 0, 348, 0, 0, 0]
	 A0A009R8E1	[0, 49, 0, 350, 349, 0, 0, 348, 0]

 ### Operon type: 103

	 A0A009ICH6	[442, 211, 210, 209, 269, 68, 67, 66, 799]
	 A0A009ZFR5	[442, 211, 210, 209, 269, 68, 67, 66, 799]

 ### Operon type: 104

	 A0A009NQA1	[442, 211, 210, 209, 208, 207, 552, 799, 796]
	 A0A009RR21	[442, 211, 210, 209, 208, 207, 552, 799, 796]

 ### Operon type: 105

	 A0A009HTN9	[442, 211, 210, 209, 208, 207, 70, 768, 69]
	 A0A009T3J5	[442, 211, 210, 209, 208, 207, 70, 768, 69]

 ### Operon type: 106

	 A0A009Q0U9	[442, 211, 210, 209, 208, 207, -1, -1, 0]

 ### Operon type: 107

	 A0A009QEG7	[198, 197, 196, 195, 194, 193, 192, 191, 190]
	 A0A009IPC3	[198, 197, 196, 195, 194, 193, 192, 191, 190]

 ### Operon type: 108

	 A0A009I573	[112, 0, 134, 135, 0, 136, 194, 195, 196]

 ### Operon type: 109

	 A0A009ILP9	[191, 0, 196, 195, 194, 136, 190, 135, 134]

 ### Operon type: 110

	 A0A009I953	[191, 0, 196, 195, 194, 136, 190, 0, -1]

 ### Operon type: 111

	 A0A009SX74	[675, 717, 0, 135, 190, 191, 197, 198, 81]

 ### Operon type: 112

	 A0A010IPH1	[455, 454, 744, 453, 452, 451, 450, 449, 568]
	 A0A009MMG9	[455, 454, 744, 453, 452, 451, 450, 449, 568]
	 A0A009ICP5	[455, 454, 744, 453, 452, 451, 450, 449, 568]
	 A0A009QVK8	[455, 454, 744, 453, 452, 451, 450, 449, 568]

 ### Operon type: 113

	 A0A009SIV4	[155, 156, 157, 113, 452, 451, 450, 449, 568]
	 A0A009HTW0	[155, 156, 157, 113, 452, 451, 450, 449, 568]
	 A0A009QLL2	[155, 156, 157, 113, 452, 451, 450, 449, 568]
	 A0A013TSJ4	[156, 157, 0, 113, 452, 451, 450, 449, 568]

 ### Operon type: 114

	 A0A013TCN9	[529, 528, 527, 526, 525, 524, 523, 753, 722]
	 A0A009QNC9	[529, 528, 527, 526, 525, 524, 523, 753, 722]
	 A0A009NIJ3	[529, 528, 527, 526, 525, 524, 523, 753, 722]
	 A0A010ITG1	[529, 528, 527, 526, 525, 524, 523, 753, 722]
	 A0A013TRC1	[529, 528, 527, 526, 525, 524, 523, 753, 722]

 ### Operon type: 115

	 A0A009H935	[0, 0, 527, 526, 525, 524, 523, 753, 722]

 ### Operon type: 116

	 A0A009IMX3	[448, 447, 446, 445, 444, 131, 131, 835, 130]
	 A0A009QEX0	[448, 447, 446, 445, 444, 131, 131, 835, 130]
	 A0A009SF48	[448, 447, 446, 445, 444, -1, 131, 835, 130]

 ### Operon type: 117

	 A0A010ISX2	[448, 447, 446, 445, 444, 443, 442, 441, 440]
	 A0A013S7V1	[448, 447, 446, 445, 444, 443, 442, 441, 440]
	 A0A009RES7	[448, 447, 446, 445, 444, 443, 442, 441, 440]
	 A0A009MR00	[448, 447, 446, 445, 444, 443, 442, 441, 440]

 ### Operon type: 118

	 A0A009YTT3	[3, 95, 446, 445, 444, 443, 442, 441, 440]

 ### Operon type: 119

	 A0A009GYP9	[0, 0, 0, 445, 444, 443, 442, 441, 440]

 ### Operon type: 120

	 A0A009ZZC8	[-1, 79, 80, 3, 95, 446, 445, 444, 443]

 ### Operon type: 121

	 A0A011WSE5	[385, 384, 383, 382, 381, 380, 379, 378, 418]
	 A0A011UGX8	[153, 385, 384, 383, 382, 381, 380, 379, 378]

 ### Operon type: 122

	 A0A011VZG0	[417, 0, 153, 385, 384, 383, 382, 381, 380]

 ### Operon type: 123

	 A0A009PJF7	[243, 242, 242, 241, 240, 239, 238, 237, 236]
	 A0A009SJZ7	[154, 243, 242, 241, 240, 239, 238, 237, 236]

 ### Operon type: 124

	 A0A009Z5G0	[239, 241, 242, 0, 579, 243, 154, 318]

 ### Operon type: 125

	 A0A010JJC1	[829, 472, 471, 470, 469, 468, 467, 480, 466]
	 A0A010IZ41	[472, 471, 470, 469, 468, 467, 480, 466, 360]

 ### Operon type: 126

	 A0A009QJL6	[829, 472, 471, 470, 0, 466, 360, 114, 0]

 ### Operon type: 127

	 A0A013SGL3	[339, 338, 337, 336, 335, 763, 454, 710, 334]
	 A0A013TB41	[339, -1, 337, 336, 335, 763, 454, 710, 334]
	 A0A010KAV2	[339, 338, 337, 336, 335, 763, 454, 710, 334]
	 A0A009PG53	[339, 338, 337, 336, 335, 763, 454, 710, 334]
	 A0A009NE81	[339, 338, 337, 336, 335, 763, 454, 710, 334]
	 A0A009RQH3	[339, 338, 337, 336, 335, 763, 454, 710, 334]
	 A0A009I5Z6	[339, 338, 337, 336, 335, 763, 454, 710, 334]
	 A0A009SHB3	[339, 338, 337, 336, 335, 763, 454, 710, 334]

 ### Operon type: 128

	 A0A009H3X4	[339, 338, 337, 336, 335, 763, -1, 729, -1]

 ### Operon type: 129

	 A0A009PIB4	[0, 0, 0, 218, 217, 216, 515, 753, 783]
	 A0A009SLR5	[0, 0, 0, 218, 217, 216, 515, 753, 783]

 ### Operon type: 130

	 A0A009HSU4	[0, 0, 661, 753, 0, 763, 710, 783, 515]

 ### Operon type: 131

	 A0A009I463	[843, 75, 74, 422, 422, 421, 420, 419, 206]
	 A0A009PAG1	[843, 75, 74, 422, 422, 421, 420, 419, 206]

 ### Operon type: 132

	 A0A013SKX6	[0, 0, 843, 0, 422, 422, 421, 420, 419]

 ### Operon type: 133

	 A0A011Q5S3	[795, 794, 0, 0, 0, 0, 793, 792, 791]

 ### Operon type: 134

	 A0A011UZZ4	[0, 793, 792, 0, 0, 0, 412, 412, 791]

 ### Operon type: 135

	 A0A011UTJ0	[0, 0, 0, 126, 125, 124, 747, 123, 122]

 ### Operon type: 136

	 A0A011VMV7	[126, 125, 124, 747, 123, 122, 393, 392, 391]

 ### Operon type: 137

	 A0A011NYT4	[754, 707, 706, 705, 0, 667, 667, 666, 665]

 ### Operon type: 138

	 A0A011P8E9	[0, 0, 754, 707, 0, 706, 705, 0, 0]

 ### Operon type: 139

	 A0A010TF34	[0, -1, 0, 0, 54, 53, 52, 51, 50]
	 A0A010SYH9	[54, 53, 52, 51, 50, 0, 0, 0, 0]

 ### Operon type: 140

	 A0A010S7A1	[105, 104, 103, 102, 0, 101, 0, 0, 0]
	 A0A010TFJ4	[0, -1, 0, 105, 104, 103, 102, -1, 101]

 ### Operon type: 141

	 A0A009PAV9	[267, -1, 744, 266, 422, 515, 265, 264, 263]
	 A0A009HJC2	[267, 722, 744, 266, 422, 515, 265, 264, 263]

 ### Operon type: 142

	 A0A009SE02	[0, 263, 0, 0, 0, 264, 265, 515, 422]

 ### Operon type: 143

	 A0A009SYU8	[710, 442, 698, 439, 250, 753, 753, 437, 436]
	 A0A009RSB7	[710, 442, 698, 439, 250, 753, 753, 437, 436]
	 A0A009HS41	[710, 442, 698, 439, 250, 753, 753, 437, 436]

 ### Operon type: 144

	 A0A010IT25	[710, 442, 698, 439, 438, 753, 753, 437, 436]
	 A0A013SHA9	[710, 442, 698, 439, 438, 753, 753, 437, 436]
	 A0A009I466	[710, 442, 698, 439, 438, 753, 753, 437, 436]

 ### Operon type: 145

	 A0A009NMQ9	[710, 442, 698, 439, 438, 0, 753, 753, 437]

 ### Operon type: 146

	 A0A009P8A9	[0, 0, 698, 439, 250, 753, 753, 437, 436]

 ### Operon type: 147

	 A0A009ITT8	[185, 184, 183, 284, 283, 182, 282, 281, 280]
	 A0A009NJ90	[185, 184, 183, 284, 283, 171, 182, 282, 281]

 ### Operon type: 148

	 A0A009NCH6	[180, 282, 281, 280, 179, 178, 177, 173, 172]
	 A0A009IJ01	[282, 281, 280, 279, 179, 178, 177, 173, 172]

 ### Operon type: 149

	 A0A009RQL5	[282, 281, 280, 71, 179, 178, 177, 173, 0]

 ### Operon type: 150

	 A0A009MGQ8	[283, 0, 180, 282, 281, 280, 179, 178, 177]

 ### Operon type: 151

	 A0A009IJ07	[287, 286, 285, 284, 283, 282, 281, 280, 279]
	 A0A009S6G1	[287, 286, 285, 284, 283, 282, 281, 280, 179]
	 A0A009RHH7	[287, 286, 285, 284, 283, 171, 282, 281, 280]

 ### Operon type: 152

	 A0A009HZK2	[285, 284, 283, 282, 281, 280, 279, 179, 178]

 ### Operon type: 153

	 A0A009R4N4	[284, 283, 171, 282, 281, 280, 71, 179, 178]

 ### Operon type: 154

	 A0A009S5A5	[283, 171, 182, 282, 281, 280, 279, 73, 179]

 ### Operon type: 155

	 A0A009RHH9	[0, 0, 0, 0, 390, 287, 286, 285, 284]

 ### Operon type: 156

	 A0A011PGU1	[0, 0, 674, 673, 672, 671, 670, 669, 668]
	 A0A011MDH1	[663, 0, 674, 673, 672, 671, 670, 669, 668]

 ### Operon type: 157

	 A0A011V0P4	[490, 411, 0, 0, 410, 0, 0, 409, 408]

 ### Operon type: 158

	 A0A011WPV7	[409, 408, 0, 0, 0, 0, 0, 0, 0]

 ### Operon type: 159

	 A0A011UDF3	[673, 290, 0, 0, 0, 499, 289, 288, 828]

 ### Operon type: 160

	 A0A011VSC9	[289, 288, 828, 0, 0, 0, 0, 0, 0]

 ### Operon type: 161

	 A0A011SF89	[840, 839, 838, 0, 0, 0, 0, 0, 0]

 ### Operon type: 162

	 A0A011UCX7	[0, 787, 840, 839, 0, 838, 291, 0, 0]

 ### Operon type: 163

	 A0A011RNP9	[0, 0, 0, 0, 0, 848, 847, 0, 0]

 ### Operon type: 164

	 A0A011V0B5	[843, 0, 0, 0, 0, 0, 848, 0, 0]

 ### Operon type: 165

	 A0A011RQC9	[0, 843, 842, 0, 0, 0, 0, 841, 0]

 ### Operon type: 166

	 A0A011QG28	[604, 603, 673, 0, 672, 671, 703, 602, 704]
	 A0A011RIM8	[604, 603, 0, 0, 672, 671, 703, 602, 704]

 ### Operon type: 167

	 A0A011PHI6	[716, 0, 715, 0, 0, 714, 809, 713, 0]

 ### Operon type: 168

	 A0A011QI68	[0, 0, 715, 714, 0, 0, 0, 0, 0]

 ### Operon type: 169

	 A0A011NVJ6	[690, 772, 771, 770, 769, 768, 0, 0, 689]

 ### Operon type: 170

	 A0A011PVP2	[0, 772, 771, 770, 769, 768, 0, 0, 767]

 ### Operon type: 171

	 A0A011NXY7	[0, 0, 771, 0, 769, 0, 0, 0, 0]

 ### Operon type: 172

	 A0A011QR69	[801, 800, 799, 798, 797, 796, 0, 0, 0]
	 A0A011NUB4	[801, 800, 799, 798, 797, 796, 0, 695, 0]

 ### Operon type: 173

	 A0A011NN36	[800, 799, 0, 0, 797, 796, 0, 0, 0]

 ### Operon type: 174

	 A0A011PK69	[799, 585, 0, 0, 797, 796, 0, 0, 0]

 ### Operon type: 175

	 A0A011RMI6	[857, 856, 855, 854, 853, 852, 851, 850, 849]
	 A0A011NYD6	[857, 856, 855, 854, 853, 852, 851, 850, 849]

 ### Operon type: 176

	 A0A011QB28	[773, 857, 856, 0, 0, 852, 851, 850, 849]

 ### Operon type: 177

	 A0A011NF33	[0, 852, 851, 0, 0, 0, 0, 0, 0]

 ### Operon type: 178

	 A0A011NBY4	[735, 0, 0, 734, 0, 0, 733, 0, 0]

 ### Operon type: 179

	 A0A011WRT0	[735, 0, 0, 0, 0, 0, 0, 835, 0]

 ### Operon type: 180

	 A0A011SHV5	[0, 0, 0, 0, 0, 830, 835, 829, 0]

 ### Operon type: 181

	 A0A011NB95	[0, 804, 0, 0, 0, 0, 744, 743, 742]

 ### Operon type: 182

	 A0A011UHT4	[114, 152, 743, 0, 0, 56, 56, 742, 0]

 ### Operon type: 183

	 A0A010Z1W7	[0, 0, 0, 0, 0, 59, 0, 482, 483]

 ### Operon type: 184

	 A0A011VY84	[0, 0, 483, 482, 0, 0, 0, 0, 0]

 ### Operon type: 185

	 A0A010YW85	[0, 0, 0, 0, 0, 413, 0, 482, 483]

 ### Operon type: 186

	 A0A010ZMA0	[482, 766, 0, 0, 0, 0, 0, 0, 0]

 ### Operon type: 187

	 A0A011N5L2	[0, 0, 0, 766, 0, 765, 764, 0, 0]

 ### Operon type: 188

	 A0A009MJ75	[0, 0, 206, 205, 204, 0, 0, 0, 586]

 ### Operon type: 189

	 A0A010IH51	[0, 568, 0, 0, 204, 0, 586, 0, 0]

 ### Operon type: 190

	 A0A011TYT7	[0, 0, 0, 0, 0, 0, 568, 567, 567]

 ### Operon type: 191

	 A0A010RRR9	[0, 0, 0, 0, 616, 0, 0, 587, 586]

 ### Operon type: 192

	 A0A010SIA7	[0, 0, 587, 102, 0, 0, 0, 0, 0]

 ### Operon type: 193

	 A0A010RFQ9	[0, 0, 593, 0, 592, 0, 0, 0, 0]

 ### Operon type: 194

	 A0A010SPR9	[44, 44, 0, 0, 0, 592, 0, 0, 0]

 ### Operon type: 195

	 A0A009LNU8	[371, 373, 572, 374, 0, 181, 0, 515, 0]

 ### Operon type: 196

	 A0A013SRG6	[375, 374, 572, 373, 0, 372, 0, 371, 721]

 ### Operon type: 197

	 A0A009IQU8	[0, 373, 0, 0, 0, 372, 721, 0, 0]

 ### Operon type: 198

	 A0A010K2K8	[572, 374, 375, 0, 0, 0, 0, -1, 515]

 ### Operon type: 199

	 A0A011NPR8	[0, 721, 0, 0, 0, 0, 720, 0, 0]

 ### Operon type: 200

	 A0A010SEA2	[794, 720, 100, 0, 0, 0, 0, 0, 0]

 ### Operon type: 201

	 A0A010IGH8	[0, 0, 0, 0, 0, 0, 0, 308, 437]

 ### Operon type: 202

	 A0A010STD3	[0, 0, 0, 498, 497, 496, 0, 437, 308]

 ### Operon type: 203

	 A0A010SQJ5	[356, 453, 0, 498, 497, 496, 0, 0, 0]

 ### Operon type: 204

	 A0A013RVV2	[529, 0, 310, 309, 0, 0, 437, 308, 0]

 ### Operon type: 205

	 A0A011TD67	[499, 0, 0, 498, 497, 496, 495, 0, 494]

 ### Operon type: 206

	 A0A009ZC12	[0, 0, 0, 498, 0, 496, 495, 4, 826]

 ### Operon type: 207

	 A0A009YSC7	[0, 0, 733, 1, 0, 1, 310, 309, 0]

 ### Operon type: 208

	 A0A009ZJK4	[0, 0, 0, 0, 0, 0, 442, 29, 0]

 ### Operon type: 209

	 A0A010SVN1	[-1, 29, 753, 233, 432, 0, 0, 442, 0]

 ### Operon type: 210

	 A0A009PFK7	[256, 255, 254, 253, 252, 0, 0, 251, 0]
	 A0A009QGN4	[256, 255, 254, 253, 252, 251, 0, 0, 0]

 ### Operon type: 211

	 A0A009YR20	[0, 251, 0, 0, 0, 0, 255, 0, 0]

 ### Operon type: 212

	 A0A009SCM5	[78, 77, 76, 0, 0, 0, 0, 0, 0]

 ### Operon type: 213

	 A0A009TJ77	[81, 118, 0, 0, 0, 0, 78, 77, 76]

 ### Operon type: 214

	 A0A009HZV2	[0, 0, 0, 0, 176, 175, 171, 0, 0]

 ### Operon type: 215

	 A0A009QPE7	[0, 0, 0, 0, 176, 175, 0, 0, 0]

 ### Operon type: 216

	 A0A009MGR3	[0, 0, 202, 0, 547, 73, 96, 260, 259]

 ### Operon type: 217

	 A0A009Q4G0	[0, 203, 202, 0, 547, 0, 260, 259, 260]

 ### Operon type: 218

	 A0A009PB53	[0, 0, 262, 261, 547, 260, 259, 260, 258]

 ### Operon type: 219

	 A0A009PUJ8	[0, 262, 261, 547, 0, 258, 170, 169, 168]

 ### Operon type: 220

	 A0A009QQC0	[174, 0, 235, 753, 424, 424, 234, 357, 233]
	 A0A009H7I0	[174, 0, 0, 753, 424, 424, 234, 357, 233]

 ### Operon type: 221

	 A0A009MVG4	[235, 0, 425, 753, 424, 424, 234, 357, 233]

 ### Operon type: 222

	 A0A009QA91	[201, 200, 710, 753, 424, 424, 234, 357, 233]
	 A0A010J377	[201, 200, 710, 753, 424, 424, 234, 357, 233]

 ### Operon type: 223

	 A0A009S1X4	[201, 200, 710, 753, 424, 424, 753, 0, 245]

 ### Operon type: 224

	 A0A013SHF4	[0, 0, 425, 753, 424, 424, 0, 423, 0]

 ### Operon type: 225

	 A0A011N3C3	[0, 0, 0, 661, 660, 659, 658, 657, 656]
	 A0A011PJK8	[661, 660, 659, 658, 657, 656, 0, 0, 0]

 ### Operon type: 226

	 A0A011WKI4	[0, 0, 0, 0, 0, 726, 299, 298, 301]
	 A0A011UWH1	[726, 299, 298, 301, 0, 0, 0, 0, 0]

 ### Operon type: 227

	 A0A010YKP2	[0, 0, 0, 0, 0, 0, 689, 404, 0]

 ### Operon type: 228

	 A0A011V1A2	[411, 0, 0, 404, 0, 0, 0, 0, 0]

 ### Operon type: 229

	 A0A011NGS0	[0, 0, 0, 0, 724, 723, 0, 0, 0]

 ### Operon type: 230

	 A0A011PW61	[0, 0, 0, 0, 724, 723, 0, 0, 625]

 ### Operon type: 231

	 A0A011UXI1	[0, 583, 0, 0, 724, 723, 493, 0, 0]

 ### Operon type: 232

	 A0A011SWI9	[-1, -1, 0, 716, 724, 723, 493, -1, -1]

 ### Operon type: 233

	 A0A011P952	[723, 0, 699, 0, 0, 699, 0, 0, 0]

 ### Operon type: 234

	 A0A011QVV5	[0, 0, 664, 713, 697, 696, 697, 767, 663]
	 A0A011Q1B3	[664, 713, 697, 696, 697, 767, 663, 0, 0]

 ### Operon type: 235

	 A0A011NSG8	[0, 0, 0, 713, 697, 696, 0, 697, 0]

 ### Operon type: 236

	 A0A011P0X4	[0, 0, 663, 0, 697, 0, 0, 696, 49]

 ### Operon type: 237

	 A0A010YNY9	[0, 0, 60, 30, 0, 0, 0, 0, 107]

 ### Operon type: 238

	 A0A011AC71	[245, 0, 0, 435, 0, 60, 30, 0, 710]

 ### Operon type: 239

	 A0A011PRW6	[644, 0, 0, 0, 643, 856, 855, 0, 0]
	 A0A011QLX0	[0, 644, 0, 0, 643, 0, 856, 855, 0]

 ### Operon type: 240

	 A0A010SML6	[0, 856, 855, -1, 0, 717, 0, 0, 0]

 ### Operon type: 241

	 A0A010RS09	[0, 0, 0, 0, 51, 0, 729, 729, 0]

 ### Operon type: 242

	 A0A010RTE7	[0, 0, 0, 0, 0, 0, 51, 118, 0]

 ### Operon type: 243

	 A0A009P817	[215, 0, 0, 0, 214, 0, 415, 213, 212]

 ### Operon type: 244

	 A0A009TIY0	[0, 0, 0, 0, 214, 0, 415, 213, 0]

 ### Operon type: 245

	 A0A009QKA3	[415, 213, 0, 212, 0, 0, 0, 0, 256]

 ### Operon type: 246

	 A0A009HSR2	[0, 111, 110, 0, 109, 229, 230, 171, 231]

 ### Operon type: 247

	 A0A009SWM1	[0, 111, 110, 0, 109, 0, 0, 230, 0]

 ### Operon type: 248

	 A0A009MYX0	[232, 231, 0, 661, 0, 0, 230, 229, 228]

 ### Operon type: 249

	 A0A009QK79	[0, 0, 228, 229, 0, 230, 0, 0, 231]

 ### Operon type: 250

	 A0A009GXJ1	[403, 402, 229, 230, 87, 171, 231, 232, 0]

 ### Operon type: 251

	 A0A013TKW8	[0, 679, 0, 515, 514, 513, 512, 511, 510]
	 A0A010IT95	[0, 0, 0, 515, 514, 513, 512, 511, 510]
	 A0A009PRQ9	[0, 515, 226, 0, 514, 513, 512, 511, 510]
	 A0A009QT77	[0, 0, -1, 515, 514, 513, 512, 511, 510]
	 A0A009MH36	[0, 0, 0, 515, 514, 513, 512, 511, 510]
	 A0A009GWD0	[171, 0, 0, 515, 514, 513, 512, 511, 510]
	 A0A009I5G9	[0, 0, 515, 226, 514, 513, 512, 511, 510]
	 A0A009S0T6	[0, 0, 515, 226, 514, 513, 512, 511, 510]

 ### Operon type: 252

	 A0A013TMJ7	[722, -1, 0, 515, 514, 511, 510, 0, 0]

 ### Operon type: 253

	 A0A011VXC2	[-1, 489, 0, 646, 488, 487, 486, 485, 484]
	 A0A011V392	[489, 0, 646, 488, 487, 486, 0, 485, 484]

 ### Operon type: 254

	 A0A011V490	[417, 416, 0, 484, 485, 486, 487, 488, 646]

 ### Operon type: 255

	 A0A011VZF5	[0, 0, 488, 487, 486, 787, 416, 787, 0]

 ### Operon type: 256

	 A0A011WLE7	[0, 0, 0, 0, 0, 297, 0, 0, 0]
	 A0A011VU44	[0, 0, 0, 0, 0, 297, 0, 0, 0]

 ### Operon type: 257

	 A0A011VAP2	[0, 0, 137, 0, 0, 0, 0, 0, 388]

 ### Operon type: 258

	 A0A011VRJ8	[0, 0, 0, 0, 0, 0, 137, 0, 0]

 ### Operon type: 259

	 A0A011RNU1	[0, 0, 0, 0, 0, 0, 846, 846, 845]

 ### Operon type: 260

	 A0A011VKJ9	[0, 0, 0, 0, 0, 0, 845, 846, -1]

 ### Operon type: 261

	 A0A011PQZ7	[0, 0, 0, 649, 648, 0, 647, 0, 0]

 ### Operon type: 262

	 A0A011TUX4	[0, 0, 0, 0, 648, 0, 0, 647, 0]

 ### Operon type: 263

	 A0A011STZ9	[0, 0, 0, 647, 0, 0, 0, 0, 0]

 ### Operon type: 264

	 A0A011PRF5	[645, 0, 0, 0, 0, 0, 0, 0, 0]
	 A0A011PUJ9	[0, 0, 0, 0, 0, 0, 0, 0, 645]

 ### Operon type: 265

	 A0A011PFY8	[0, 0, 0, 0, 0, 0, 0, 0, 678]

 ### Operon type: 266

	 A0A011PNS3	[802, 678, 0, 0, 0, 0, 0, 0, 0]

 ### Operon type: 267

	 A0A011T648	[0, 678, 0, 0, 0, 0, 0, 799, 0]

 ### Operon type: 268

	 A0A010YYJ5	[0, 0, 0, 787, 0, 0, 0, 48, 48]

 ### Operon type: 269

	 A0A011NDM5	[787, 0, 0, 0, 0, 0, 0, 0, 0]

 ### Operon type: 270

	 A0A011MSR2	[0, 0, 0, 662, 0, 0, 0, 787, 787]

 ### Operon type: 271

	 A0A011WSU6	[0, 787, 0, 0, 485, 0, 0, 0, 0]

 ### Operon type: 272

	 A0A011U3C2	[0, 0, 703, 0, 0, 0, 0, 0, 0]
	 A0A011AEN3	[0, 0, 0, 0, 0, 0, 703, 0, 0]

 ### Operon type: 273

	 A0A011AAZ2	[0, 108, 0, 0, 0, 703, 703, 703, 0]

 ### Operon type: 274

	 A0A011T698	[0, 0, 0, 0, 0, 710, 703, 0, 0]

 ### Operon type: 275

	 A0A010YRE8	[0, 0, 0, 0, 0, 0, 0, 11, 0]

 ### Operon type: 276

	 A0A011AF05	[0, 0, 245, 11, 0, 0, 0, 0, 0]

 ### Operon type: 277

	 A0A009ZG48	[0, 0, 0, 679, 0, 0, 0, 0, 0]

 ### Operon type: 278

	 A0A011PEJ8	[0, 0, 680, 679, 0, 0, 0, 0, 0]

 ### Operon type: 279

	 A0A011QNJ7	[728, 0, 0, 679, 0, 0, 0, 728, 0]

 ### Operon type: 280

	 A0A011MMJ4	[0, 0, 0, 0, 0, 0, 0, 728, 0]

 ### Operon type: 281

	 A0A011R8M3	[0, 0, 680, 679, 0, 492, 0, 728, 0]

 ### Operon type: 282

	 A0A009ZC82	[0, 0, 712, 0, 0, 0, 0, 0, 0]

 ### Operon type: 283

	 A0A011P3F6	[717, 0, 0, 712, 0, 0, 0, 0, 0]

 ### Operon type: 284

	 A0A009IG48	[0, 0, 0, 133, 132, 0, 0, 0, 717]

 ### Operon type: 285

	 A0A009IMQ0	[0, 0, 0, 133, 132, 0, 0, 0, 0]

 ### Operon type: 286

	 A0A009SWV1	[0, 0, 0, 0, 0, 0, 0, 133, 0]

 ### Operon type: 287

	 A0A009PMZ9	[227, 0, 0, 0, 0, 0, 0, 0, 0]
	 A0A009Q512	[0, 0, 0, 0, 227, 0, 0, 0, 0]

 ### Operon type: 288

	 A0A009IFL2	[0, 65, 0, 64, -1, 0, 0, 0]

 ### Operon type: 289

	 A0A009ZDS1	[-1, -1, 0, 65, 0, 0, 472, 0, 0]

 ### Operon type: 290

	 A0A010SNM6	[62, 61, -1, 0, 0, 0, 722, 0, 0]

 ### Operon type: 291

	 A0A010T5D8	[61, 62, 0, -1, 0, -1, 360, 0, 0]

 ### Operon type: 292

	 A0A011UB51	[481, 0, 0, 0, 0, 0, 0, 0, 0]
	 A0A011UFH1	[0, 0, 0, 0, 0, 481, 0, 0, 0]

 ### Operon type: 293

	 A0A011V965	[0, -1, -1, 0, 138, 0, -1, -1, 0]
	 A0A011VHP2	[0, -1, -1, -1, 138, 0, 0, 0, 0]

 ### Operon type: 294

	 A0A010RVD0	[-1, 0, 0, -1, 0, 818, 818, 0, 45]

 ### Operon type: 295

	 A0A010T7Q5	[0, 45, 0, 0, 0, 0, -1, 0, 0]

 ### Operon type: 296

	 A0A010SJH7	[0, 0, 722, -1, 0, 0, 234, 0, 0]

 ### Operon type: 297

	 A0A010SRR2	[0, 0, -1, 0, 0, 0, 0, 0, 722]

 ### Operon type: 298

	 A0A010RKP8	[0, 0, 0, 0, 0, 0, -1, 0, 0]
	 A0A011UZ32	[0, 0, 0, 0, 0, -1, 0, 0, 0]
	 A0A009HJU6	[0, 0, 0, 0, 0, 0, 0, 0, -1]
	 A0A010TF14	[-1, 0, 0, 0, 0, 0, 0, 0, 0]
	 A0A010RY47	[-1, 0, -1, 0, 0, 0, 0, 0, 0]

 ### Operon type: 299

	 A0A010SJF9	[0, 0, 0, 0, 0, -1, 0, 63, -1]

 ### Operon type: 300

	 A0A011ML54	[0, 0, 0, 730, 0, 0, 0, 0, -1]

 ### Operon type: 301

	 A0A011NHY1	[0, 0, 0, 0, 0, 722, 0, 0, 0]

 ### Operon type: 302

	 A0A010Z171	[0, 0, 0, 0, 0, 0, 722, 0, 661]

 ### Operon type: 303

	 A0A011T697	[722, 0, 0, 0, 0, 0, 0, 0, 415]

 ### Operon type: 304

	 A0A011TDD1	[0, 433, 722, 0, 0, 0, 0, 0, 0]

 ### Operon type: 305

	 A0A011VW24	[0, 0, 859, 0, 0, 0, 0, 0, -1]

 ### Operon type: 306

	 A0A011T8V3	[0, 0, 859, 0, 0, 0, 0, 0, 0]

 ### Operon type: 307

	 A0A010TH98	[625, 0, 0, 859, 0, 0, 0, 0, 0]

 ### Operon type: 308

	 A0A011QVR3	[0, 0, 0, 0, 0, 0, 0, 804, 859]

 ### Operon type: 309

	 A0A011VYF1	[859, 0, 0, 0, 0, 0, 481, 0, 0]

 ### Operon type: 310

	 A0A010S415	[-1, 859, 0, 233, 0, 0, 0, 0, 461]

 ### Operon type: 311

	 A0A011QSN2	[0, 0, 0, 0, 0, 0, 0, 0, 0]
	 A0A011NAJ1	[0, 0, 0, 0, 0, 0, 0, 0, 0]
	 A0A011NMI8	[0, 0, 0, 0, 0, 0, 0, 0, 0]
	 A0A011P9Z5	[0, 0, 0, 0, 0, 0, 0, 0, 0]
	 A0A011NTU3	[0, 0, 0, 0, 0, 0, 0, 0, 0]
	 A0A011PBM9	[0, 0, 0, 0, 0, 0, 0, 0, 0]
	 A0A011N2Z0	[0, 0, 0, 0, 0, 0, 0, 0, 0]
	 A0A011Q056	[0, 0, 0, 0, 0, 0, 0, 0, 0]
	 A0A011QMJ8	[0, 0, 0, 0, 0, 0, 0, 0, 0]
	 A0A011PNN2	[0, 0, 0, 0, 0, 0, 0, 0, 0]
	 A0A013TEV4	[0, 0, 0, 0, 0, 0, 0, 0, 0]
	 A0A011VYF6	[0, 0, 0, 0, 0, 0, 0, 0, 0]
	 A0A011UHL2	[0, 0, 0, 0, 0, 0, 0, 0, 0]
	 A0A013S2B9	[0, 0, 0, 0, 0, 0, 0, 0, 0]
	 A0A013SBR8	[0, 0, 0, 0, 0, 0, 0, 0, 0]
	 A0A013SL47	[0, 0, 0, 0, 0, 0, 0, 0, 0]
	 A0A011WUT3	[0, 0, 0, 0, 0, 0, 0, 0, 0]
	 A0A011UBN9	[0, 0, 0, 0, 0, 0, 0, 0, 0]
	 A0A009PDV4	[0, 0, 0, 0, 0, 0, 0, 0, 0]
	 A0A009M4K0	[0, 0, 0, 0, 0, 0, 0, 0, 0]
	 A0A009MH90	[0, 0, 0, 0, 0, 0, 0, 0, 0]
	 A0A011VNE2	[0, 0, 0, 0, 0, 0, 0, 0, 0]
	 A0A010SHY1	[0, 0, 0, 0, 0, 0, 0, 0, 0]
	 A0A009HIL8	[0, 0, 0, 0, 0, 0, 0, 0, 0]
	 A0A011UFM5	[0, 0, 0, 0, 0, 0, 0, 0, 0]
	 A0A010SPJ7	[0, 0, 0, 0, 0, 0, 0, 0, 0]
	 A0A010SSQ8	[0, 0, 0, 0, 0, 0, 0, 0, 0]
	 A0A010YJA7	[0, 0, 0, 0, 0, 0, 0, 0, 0]
	 A0A010T025	[0, 0, 0, 0, 0, 0, 0, 0, 0]
	 A0A010ZTI3	[0, 0, 0, 0, 0, 0, 0, 0, 0]
	 A0A011A146	[0, 0, 0, 0, 0, 0, 0, 0, 0]
	 A0A010YZS8	[0, 0, 0, 0, 0, 0, 0, 0, 0]
	 A0A010Z120	[0, 0, 0, 0, 0, 0, 0, 0, 0]

 ### Operon type: 312

	 A0A010TG27	[726, 0, 55, 0, 0, 0, 753, 0, 0]

 ### Operon type: 313

	 A0A011PMK1	[0, 0, 0, 0, 0, 0, 0, 726, 0]

 ### Operon type: 314

	 A0A009HM15	[0, 177, 173, 0, 0, 0, -1, 0, 0]

 ### Operon type: 315

	 A0A009HRU1	[0, 229, 0, 0, 0, 0, 0, 0, 0]

 ### Operon type: 316

	 A0A009HSN8	[0, 203, 0, 0, 0, -1, 0, 258, -1]

 ### Operon type: 317

	 A0A009HV82	[170, 0, 0, 0, 0, 0, 0, 0, 0]

 ### Operon type: 318

	 A0A009IG74	[0, 0, 205, 0, 422, -1, 0, 0, 0]

 ### Operon type: 319

	 A0A009IJ90	[0, 81, 0, 0, 0, 0, 0, 0, 0]

 ### Operon type: 320

	 A0A009NM94	[0, 837, 837, 0, 0, 0, 433, 0, 0]

 ### Operon type: 321

	 A0A009Q4N5	[0, 0, 215, 0, 0, 0, 0, 0, 0]

 ### Operon type: 322

	 A0A009SSZ9	[0, 112, 0, 0, 0, 0, 0, 0, 0]

 ### Operon type: 323

	 A0A009YIH1	[0, 0, 0, 0, 179, 0, -1, -1, 2]

 ### Operon type: 324

	 A0A009YR05	[0, 0, 0, 0, 125, 0, 0, 0, 0]

 ### Operon type: 325

	 A0A009Z004	[158, 0, 158, 0, 0, 661, 0, 0, 0]

 ### Operon type: 326

	 A0A010RUQ5	[0, 0, 0, 0, 0, 0, 0, 0, 296]

 ### Operon type: 327

	 A0A010S195	[712, 0, 59, 58, 0, 0, 0, 0, 0]

 ### Operon type: 328

	 A0A010SCZ2	[0, 0, 0, 0, 0, 0, 0, 387, 0]

 ### Operon type: 329

	 A0A010SN41	[0, 0, 0, 0, 376, 0, 0, 0, 0]

 ### Operon type: 330

	 A0A010SSU2	[0, 0, 0, 0, 87, 0, -1, 700, 0]

 ### Operon type: 331

	 A0A010SUP6	[0, 0, 0, 0, 0, 0, 0, 58, 0]

 ### Operon type: 332

	 A0A010SUY9	[0, 0, 0, 0, 0, 492, 680, 0]

 ### Operon type: 333

	 A0A010THK2	[0, 0, -1, 0, 0, 729, 661, 0, 0]

 ### Operon type: 334

	 A0A010SRL4	[55, 0, 0, -1, 0, 0, 0, 661, 129]

 ### Operon type: 335

	 A0A010YX61	[337, 703, 0, 859, 0, 0, 0, 0, 0]

 ### Operon type: 336

	 A0A010S5W8	[0, 0, 662, 767, 0, 0, 0, 0, 0]

 ### Operon type: 337

	 A0A011NE37	[536, 0, 0, 0, 0, 0, 0, 0, 0]

 ### Operon type: 338

	 A0A011NF78	[0, 0, 825, 0, 0, 0, 0, 0, 0]

 ### Operon type: 339

	 A0A011NVE2	[0, 0, 0, 799, 0, 0, 722, 0, 694]

 ### Operon type: 340

	 A0A011NXJ4	[0, 0, 0, 0, 0, 0, 0, 0, 688]

 ### Operon type: 341

	 A0A011P8I1	[0, 0, 704, 703, 0, 0, 0, 0, 702]

 ### Operon type: 342

	 A0A011P9Q7	[698, 0, 0, 0, 0, 0, 0, 0, 0]

 ### Operon type: 343

	 A0A011PJ75	[0, 799, 634, 799, 0, 0, 0, 0, 0]

 ### Operon type: 344

	 A0A011PRB4	[0, 0, 0, 0, 0, 0, 0, 646, 0]

 ### Operon type: 345

	 A0A011QVT2	[803, 0, 0, 0, 0, 0, 0, 802, 0]

 ### Operon type: 346

	 A0A011RP14	[0, 0, 0, 0, 0, 0, 0, 844, 0]

 ### Operon type: 347

	 A0A011SM49	[722, 0, 844, 0, 0, 0, 577, 0, 0]

 ### Operon type: 348

	 A0A011AM27	[647, 0, 0, 0, 475, 0, 0, 0, 28]

 ### Operon type: 349

	 A0A011T607	[0, 0, 767, 0, 0, 0, 0, 0, 433]

 ### Operon type: 350

	 A0A011TAW2	[0, 0, 0, 0, 0, 0, 434, 0, 0]

 ### Operon type: 351

	 A0A011TED9	[0, 0, 0, 0, 0, 505, 0, 0, 0]

 ### Operon type: 352

	 A0A011TXS5	[0, 569, 0, 0, 0, 0, 0, 0, 0]

 ### Operon type: 353

	 A0A011U144	[0, 296, 0, 0, 0, 0, 688, 542, 0]

 ### Operon type: 354

	 A0A011U1C8	[710, 0, 0, 0, 0, 0, 0, 0, 295]

 ### Operon type: 355

	 A0A011U483	[0, 0, 0, 0, 0, 709, 0, 0, 0]

 ### Operon type: 356

	 A0A011UG86	[0, 713, 0, 0, 0, 63, 0, 0, 0]

 ### Operon type: 357

	 A0A011UQB5	[834, 734, 0, 0, 0, 0, 0, 481, 0]

 ### Operon type: 358

	 A0A011UVI5	[0, 0, 0, 0, 0, 107, 799, 799, 0]

 ### Operon type: 359

	 A0A011UWI3	[0, 0, 0, 0, 217, 0, 106, 712, 0]

 ### Operon type: 360

	 A0A011V5E6	[0, 0, 0, 0, 0, 418, 0, 0, 0]

 ### Operon type: 361

	 A0A011M4H6	[388, 0, 590, 0, 0, 0, 0, 0, 0]

 ### Operon type: 362

	 A0A011VSV3	[0, 0, 0, 0, 0, 0, 673, 0, 0]

 ### Operon type: 363

	 A0A011VWI0	[0, 0, 0, 0, 0, 152, 0, 0, 0]

 ### Operon type: 364

	 A0A011VZ91	[301, 0, 0, 0, 0, 0, 0, 0, 0]

 ### Operon type: 365

	 A0A011WP76	[0, 0, 0, 0, 0, 0, 0, 0, 806]

 ### Operon type: 366

	 A0A011WSD4	[0, 0, 0, -1, 0, 787, 0, 0, 416]

 ### Operon type: 367

	 A0A011WT35	[416, 0, 0, 0, 0, 0, 0, 0, 0]

 ### Operon type: 368

	 A0A013S843	[0, 357, 0, 0, 0, 0, -1, 356, 0]

 ### Operon type: 369

	 A0A013T5E6	[0, 0, 0, 547, 0, 0, 0, 0, 0]

 ### Operon type: 370

	 A0A009T185	[800, 0, 634, 634, 456, 799, 634, 564, 768]

 ### Operon type: 371

	 A0A010IN36	[457, 722, 0, 0, 456, 799, 634, 564, 768]

 ### Operon type: 372

	 A0A009PG43	[799, 634, 520, 802, 0, 564, 768, 0, 0]

 ### Operon type: 373

	 A0A009INE0	[457, 0, 0, 0, 0, 0, 0, 634, 564]

 ### Operon type: 374

	 A0A009T9H0	[0, 2, 717, -1, 0, 0, 230, 0, 229]

 ### Operon type: 375

	 A0A010THH5	[0, 100, 65, 107, 0, 0, 829, 0, 472]

 ### Operon type: 376

	 A0A011WSH8	[0, 0, 0, 753, 377, 0, 0, 0, 0]
	 A0A011VZE3	[0, 0, 0, 753, 377, 0, 0, 0, 0]

 ### Operon type: 377

	 A0A011NAF3	[0, 0, 0, 0, 0, 0, 753, 0, 758]

 ### Operon type: 378

	 A0A009IQ93	[291, 0, 753, 0, 0, 129, 0, 0, 0]

 ### Operon type: 379

	 A0A009Q8S9	[0, 0, 717, 364, 0, 558, 0, 0, 0]

 ### Operon type: 380

	 A0A009TLU4	[0, 569, -1, 181, 0, 43, 0, -1, -1]

 ### Operon type: 381

	 A0A009ZB47	[115, 219, 0, 0, 0, 787, 470, 0, 0]

 ### Operon type: 382

	 A0A009ZVR4	[842, 0, 703, 0, 0, 48, 0, 0, 47]

 ### Operon type: 383

	 A0A010JIN9	[470, 0, 0, 118, 190, 0, 0, 0, 0]

 ### Operon type: 384

	 A0A010S003	[669, 0, 0, 0, 0, 713, 713, 453, 0]

 ### Operon type: 385

	 A0A010SMN8	[0, -1, 60, 0, 592, 0, 0, 676, 0]

 ### Operon type: 386

	 A0A010SXS1	[0, 520, 0, 0, 0, 561, 0, 0, 802]

 ### Operon type: 387

	 A0A010T689	[28, -1, 829, 848, 0, 0, 0, 0, 0]

 ### Operon type: 388

	 A0A010TBB4	[0, 312, 0, 63, 0, 0, 0, 0, 710]

 ### Operon type: 389

	 A0A010YFK3	[0, 861, 0, 0, 0, 0, 119, 0, 295]

 ### Operon type: 390

	 A0A010YVY1	[8, 0, 8, 0, 0, 0, 0, 453, 0]

 ### Operon type: 391

	 A0A010ZSZ2	[0, 108, 0, 25, 24, 0, 0, 0, 0]

 ### Operon type: 392

	 A0A010Z0Y7	[0, 0, 0, 0, 24, 233, 0, 0, 0]

 ### Operon type: 393

	 A0A011A0M8	[0, 0, 661, 0, 64, 0, 0, 10, 10]

 ### Operon type: 394

	 A0A011NFL4	[0, 836, 0, 0, 727, 726, 0, 725, 0]

 ### Operon type: 395

	 A0A011P407	[0, 0, 711, 835, 0, 0, 710, 0, 709]

 ### Operon type: 396

	 A0A011QGT2	[753, 0, 0, 658, 657, 0, 0, 0, 0]

 ### Operon type: 397

	 A0A011QSA4	[828, 0, 827, 826, 0, 0, 0, 0, 825]

 ### Operon type: 398

	 A0A011T6J6	[0, 790, 0, 703, 0, 0, 414, 0, 413]

 ### Operon type: 399

	 A0A011TAL2	[0, 767, 0, 0, 0, 435, 0, 689, 0]

 ### Operon type: 400

	 A0A011TZG0	[661, 788, 0, 0, 0, 0, 0, 566, 0]

 ### Operon type: 401

	 A0A011UGY3	[379, 378, 418, 57, 0, 0, 0, 57, 0]

 ### Operon type: 402

	 A0A011UII7	[0, 0, 0, 0, 0, 694, 565, 0, 0]

 ### Operon type: 403

	 A0A011UNT9	[558, 580, 0, 0, 0, 0, 0, 0, 0]

 ### Operon type: 404

	 A0A011SIS0	[0, 776, 581, 581, 0, 0, 0, 580, 0]

 ### Operon type: 405

	 A0A011UT49	[0, 108, 0, 0, 0, 0, 520, 127, 0]

 ### Operon type: 406

	 A0A011VU65	[120, 0, 0, 0, 0, 119, 0, 673, 290]

 ### Operon type: 407

	 A0A011VV03	[0, 389, 0, 0, 410, 388, 0, 0, 0]

 ### Operon type: 408

	 A0A011VVZ9	[0, 0, -1, 0, 0, 387, 386, 386, 579]

 ### Operon type: 409

	 A0A011VWX7	[802, 490, 0, 0, 0, 0, 0, 830, 0]

 ### Operon type: 410

	 A0A011VXK7	[837, 837, 0, 533, 0, 0, 0, 792, 0]

 ### Operon type: 411

	 A0A011W0I6	[300, 0, 0, 0, 0, 650, 0, 730, 0]

 ### Operon type: 412

	 A0A010YEF6	[0, 300, 0, 0, 0, 0, 0, 0, 31]

 ### Operon type: 413

	 A0A013SQH1	[0, 0, 0, 0, 376, 584, 0, 515, 744]

 ### Operon type: 414

	 A0A009QJA8	[169, 168, 0, 0, 0, 0, 0, 0, 601]

 ### Operon type: 415

	 A0A009YL68	[0, 0, 710, 339, 335, 0, 0, 4, 0]

 ### Operon type: 416

	 A0A010JNG7	[515, 0, 0, 480, 0, 0, 0, 0, 0]

 ### Operon type: 417

	 A0A010RM40	[591, 753, 620, 0, 0, 0, 0, -1, 754]

 ### Operon type: 418

	 A0A010RRQ6	[0, 590, 0, 0, 0, 592, 589, 588, 0]

 ### Operon type: 419

	 A0A010S423	[414, 0, 0, 0, 0, 0, 0, 106, 841]

 ### Operon type: 420

	 A0A010T0I7	[0, 0, 31, 0, 0, 704, 827, 753, 0]

 ### Operon type: 421

	 A0A010ZUR7	[389, 23, 0, 23, 0, 22, 453, 0, 0]

 ### Operon type: 422

	 A0A011NA78	[0, 755, 0, 0, 0, 818, 0, 0, 754]

 ### Operon type: 423

	 A0A011P8W7	[701, 711, 802, 0, 700, 0, 0, 0, 0]

 ### Operon type: 424

	 A0A011PG97	[676, 0, 0, 675, 0, 0, 0, 0, 0]

 ### Operon type: 425

	 A0A011PKT4	[0, 584, 0, 0, 0, 0, 583, 0, 0]

 ### Operon type: 426

	 A0A011PLB2	[0, 701, 0, 585, 0, 0, 0, 0, 0]

 ### Operon type: 427

	 A0A011R339	[0, 0, 0, 0, 0, 0, 403, 402, 0]

 ### Operon type: 428

	 A0A011SFE5	[0, 0, 0, 837, 0, 0, 836, 835, 834]

 ### Operon type: 429

	 A0A011SJT5	[0, 0, 0, 579, 578, 578, 578, 578, 578]

 ### Operon type: 430

	 A0A011TDQ5	[0, 0, 0, 0, 432, 652, 0, 0, 0]

 ### Operon type: 431

	 A0A011VT01	[0, 0, 121, 0, 0, 121, 0, 0, 239]

 ### Operon type: 432

	 A0A009Z3V9	[753, 0, 0, 0, 0, 157, 659, 156, 155]

 ### Operon type: 433

	 A0A010SRB2	[43, 42, 0, 0, 0, 42, 62, 0, 0]

 ### Operon type: 434

	 A0A010KA25	[470, 0, 829, 439, 268, 0, 0, 470, 354]

 ### Operon type: 435

	 A0A011TZN1	[393, 392, 391, 0, 390, 0, 0, 0, 0]

 ### Operon type: 436

	 A0A011VJ76	[128, 128, 127, 725, 0, 753, 661, 0, 711]

 ### Operon type: 437

	 A0A011UG17	[236, 0, 302, 0, 384, 120, 0, 0, 0]

 ### Operon type: 438

	 A0A011WUA8	[773, 0, 0, 318, 0, 0, 0, 317, 317]

 ### Operon type: 439

	 A0A010S4X6	[0, 233, 620, 713, 323, 0, 690, 582, 729]

 ### Operon type: 440

	 A0A010YY02	[0, 7, 0, 0, 7, 622, 6, 0, 9]
