
 ### Operon type: 1

	 A0A011PVT3	[482, 481, 480, 479, 706, 478, 477, 476, 475]
	 A0A011R7V7	[482, 481, 480, 479, 706, 478, 477, 476, 475]
	 A0A011MET3	[482, 481, 480, 479, 706, 478, 477, 476, 475]

 ### Operon type: 2

	 A0A011UIA1	[419, 418, 417, 416, 415, 414, 413, 412, 0]
	 A0A011V5V3	[0, 419, 418, 417, 416, 415, 414, 413, 412]

 ### Operon type: 3

	 A0A011PTE7	[451, 450, 449, 448, 447, 0, 446, 445, 444]
	 A0A011NE72	[451, 450, 449, 448, 447, 446, 445, 444, 0]

 ### Operon type: 4

	 A0A011NEY3	[364, 506, 505, 504, 504, 503, 502, 501, 0]

 ### Operon type: 5

	 A0A011PAN4	[506, 505, 0, 504, 504, 503, 502, 501, 500]

 ### Operon type: 6

	 A0A011RCD5	[364, 506, 505, 504, 504, 503, 502, 501, 500]

 ### Operon type: 7

	 A0A010JSI3	[723, 724, 722, 721, 720, 719, 718, 717, 0]
	 A0A013T0M4	[723, 724, 722, 721, 720, 719, 718, 717, 0]
	 A0A009HDS5	[723, 724, 722, 721, 720, 719, 718, 717, 0]
	 A0A009RGL2	[0, 724, 722, 721, 720, 719, 718, 717, 0]

 ### Operon type: 8

	 A0A011PF67	[498, 497, 496, 495, 494, 0, 0, 0, 0]
	 A0A011NBX7	[498, 497, 496, 495, 494, 368, 0, 0, 0]
	 A0A011NW66	[498, 497, 496, 495, 494, 368, 0, 0, 0]

 ### Operon type: 9

	 A0A011NS68	[498, 497, 496, 495, 494, 360, 359, 358, 515]
	 A0A011RHX4	[498, 497, 496, 495, 494, 360, 359, 358, 0]

 ### Operon type: 10

	 A0A010JY00	[240, 372, 713, 277, 66, 522, 274, 663, 286]

 ### Operon type: 11

	 A0A013TH30	[372, 713, 277, 276, 275, 522, 274, 663, 286]

 ### Operon type: 12

	 A0A011QAS2	[0, 398, 397, 396, 395, 394, 599, 393, 392]
	 A0A011NEQ1	[0, 398, 397, 396, 395, 394, 599, 393, 392]

 ### Operon type: 13

	 A0A011QSF0	[0, 540, 539, 538, 537, 536, 535, 534, 0]
	 A0A011QBB5	[520, 540, 539, 538, 537, 536, 535, 534, 519]
	 A0A011Q0X6	[520, 540, 539, 538, 537, 536, 535, 534, 519]
	 A0A011Q1X8	[540, 0, 539, 538, 537, 536, 535, 534, 519]

 ### Operon type: 14

	 A0A011PG87	[520, 540, 539, 538, 537, 536, 535, 0, 0]

 ### Operon type: 15

	 A0A013SP43	[265, 264, 327, 263, 262, 261, 260, 259, 258]
	 A0A009RUN3	[265, 264, 327, 263, 262, 261, 260, 259, 258]
	 A0A010K6G6	[265, 264, 327, 263, 262, 261, 260, 0, 258]

 ### Operon type: 16

	 A0A009SZB5	[0, 0, 200, 199, 198, 0, 0, 0, 197]
	 A0A009HR98	[0, 0, 200, 199, 198, 0, 0, 0, 197]

 ### Operon type: 17

	 A0A009Z8F7	[189, 200, 188, 0, 198, 187, 187, 0, 0]

 ### Operon type: 18

	 A0A011QIT1	[568, 567, 566, 565, 564, 563, 562, 561, 560]
	 A0A011QUG8	[568, 567, 566, 565, 564, 563, 0, 562, 561]

 ### Operon type: 19

	 A0A011PL71	[471, 470, 469, 468, 467, 486, 614, 466, 0]
	 A0A011QAB0	[470, 469, 468, 0, 467, 486, 614, 466, 0]

 ### Operon type: 20

	 A0A011PIY7	[443, 0, 484, 456, 457, 458, 459, 0, 461]

 ### Operon type: 21

	 A0A011Q3J4	[0, 443, 484, 456, 457, 458, 459, 460, 0]

 ### Operon type: 22

	 A0A011MH88	[195, 443, 484, 456, 457, 458, 459, 460, 461]

 ### Operon type: 23

	 A0A009QBR9	[0, 0, 685, 639, 684, 0, 0, 680, 67]
	 A0A009TM70	[0, 686, 685, 639, 684, 0, 0, 680, 67]

 ### Operon type: 24

	 A0A010ILU3	[687, 686, 685, 0, 684, 683, 682, 681, 680]
	 A0A009H3B0	[0, 686, 685, 0, 684, 683, 682, 681, 680]
	 A0A009MW50	[0, 686, 685, 639, 684, 683, 0, 681, 680]
	 A0A009QS71	[687, 686, 685, 639, 684, 683, 0, 681, 680]

 ### Operon type: 25

	 A0A009I8S2	[0, 0, 685, 639, 684, 683, 681, 680, 67]

 ### Operon type: 26

	 A0A009ICH6	[653, 138, 137, 136, 66, 65, 64, 63, 663]
	 A0A009ZFR5	[653, 138, 137, 136, 66, 65, 64, 63, 663]

 ### Operon type: 27

	 A0A009GP96	[0, 61, 712, 704, 60, 40, 703, 59, 58]

 ### Operon type: 28

	 A0A009GSR4	[704, 60, 40, 703, 59, 58, 58, 57, 0]

 ### Operon type: 29

	 A0A009IIT6	[61, 712, 704, 60, 59, 58, 58, 57, 0]

 ### Operon type: 30

	 A0A009IS10	[439, 0, 0, 0, 180, 179, 178, 0, 0]

 ### Operon type: 31

	 A0A009QHW5	[0, 0, 0, 687, 180, 179, 178, 0, 186]

 ### Operon type: 32

	 A0A011UVB4	[0, 0, 0, 440, 0, 0, 439, 0, 438]

 ### Operon type: 33

	 A0A011TLH7	[346, 345, 344, 0, 0, 0, 0, 0, 0]
	 A0A011UG87	[344, 345, 346, 0, 0, 0, 0, 0, 0]

 ### Operon type: 34

	 A0A011QIE8	[574, 573, 572, 665, 571, 570, 569, 0, 0]
	 A0A011QDV3	[574, 573, 572, 665, 571, 570, 521, 0, 569]

 ### Operon type: 35

	 A0A011NYU6	[406, 405, 0, 404, 454, 386, 385, 0, 403]

 ### Operon type: 36

	 A0A011PYI6	[406, 405, 0, 404, 454, 403, 711, 602, 0]

 ### Operon type: 37

	 A0A011P1C0	[0, 0, 386, 385, 403, 0, 0, 0, 0]

 ### Operon type: 38

	 A0A011PP01	[464, 463, 462, 0, 0, 0, 0, 0, 0]
	 A0A011NVE7	[464, 463, 462, 0, 0, 0, 0, 0, 0]

 ### Operon type: 39

	 A0A013TH43	[273, 0, 0, 0, 272, 271, 270, 0, 587]
	 A0A009RAF0	[273, 0, 0, 0, 272, 271, 270, 0, 587]

 ### Operon type: 40

	 A0A013S8V2	[243, 242, 0, 0, 0, 241, 0, 0, 0]
	 A0A009R8E1	[0, 381, 0, 243, 242, 0, 0, 241, 0]

 ### Operon type: 41

	 A0A009QFZ7	[284, 283, 0, 0, 408, 0, 279, 278, 0]
	 A0A009TK03	[284, 283, 0, 0, 408, 0, 279, 278, 0]

 ### Operon type: 42

	 A0A013SPM5	[284, 283, 282, 281, 408, 280, 279, 278, 0]
	 A0A009MH71	[284, 283, 0, 281, 408, 280, 279, 278, 0]
	 A0A009HSL1	[284, 283, 282, 281, 408, 0, 279, 278, 0]
	 A0A010IX62	[284, 283, 282, 281, 408, 0, 279, 278, 0]

 ### Operon type: 43

	 A0A009I6Z0	[284, 283, 0, 281, 408, 0, 279, 278, 69]

 ### Operon type: 44

	 A0A009ZIX8	[0, 11, 282, 281, 408, 380, 0, 69, 0]

 ### Operon type: 45

	 A0A009I573	[161, 0, 160, 159, 0, 158, 157, 156, 155]

 ### Operon type: 46

	 A0A009ILP9	[148, 0, 155, 156, 157, 158, 149, 159, 160]

 ### Operon type: 47

	 A0A009I953	[148, 0, 155, 156, 157, 158, 149, 0, -1]

 ### Operon type: 48

	 A0A009IPC3	[146, 147, 0, 0, 157, 86, 85, 0, 149]
	 A0A009QEG7	[146, 147, 0, 0, 157, 86, 85, 0, 149]

 ### Operon type: 49

	 A0A009SX74	[491, 515, 0, 159, 149, 148, 147, 146, 0]

 ### Operon type: 50

	 A0A009I4A1	[0, 166, 712, 0, 165, 164, 163, 162, 0]
	 A0A010JWJ1	[0, 166, 712, 0, 165, 164, 163, 162, 0]

 ### Operon type: 51

	 A0A009QF22	[43, 42, 56, 0, 165, 164, 163, 162, 54]
	 A0A009TBY8	[43, 42, 56, 55, 165, 164, 163, 162, 54]

 ### Operon type: 52

	 A0A009ITT8	[177, 176, 175, 202, 214, 212, 211, 210, 209]

 ### Operon type: 53

	 A0A009NJ90	[177, 176, 175, 202, 0, 213, 212, 211, 210]

 ### Operon type: 54

	 A0A009HZK2	[203, 202, 214, 0, 0, 0, 0, 0, 0]

 ### Operon type: 55

	 A0A009IJ07	[205, 204, 203, 202, 214, 0, 0, 0, 0]

 ### Operon type: 56

	 A0A009S6G1	[205, 204, 203, 202, 214, 211, 210, 209, 206]

 ### Operon type: 57

	 A0A009S5A5	[214, 213, 212, 211, 210, 209, 208, 207, 206]

 ### Operon type: 58

	 A0A010ITG1	[639, 638, 637, 636, 635, 634, 633, 712, 665]
	 A0A013TCN9	[639, 638, 637, 636, 635, 634, 633, 712, 665]
	 A0A009NIJ3	[639, 638, 637, 636, 635, 634, 633, 712, 665]
	 A0A009QNC9	[639, 638, 637, 636, 635, 634, 633, 712, 665]
	 A0A013TRC1	[639, 638, 637, 636, 635, 634, 633, 712, 665]

 ### Operon type: 59

	 A0A009H935	[0, 0, 637, 636, 635, 634, 633, 712, 665]

 ### Operon type: 60

	 A0A009PJF7	[325, 324, 324, 323, 322, 321, 320, 319, 318]
	 A0A009SJZ7	[440, 325, 324, 323, 322, 321, 320, 319, 318]

 ### Operon type: 61

	 A0A009Z5G0	[321, 323, 324, 0, 596, 325, 440, 256]

 ### Operon type: 62

	 A0A010JJC1	[695, 694, 693, 692, 691, 690, 689, 702, 688]
	 A0A010IZ41	[694, 693, 692, 691, 690, 689, 702, 688, 327]

 ### Operon type: 63

	 A0A009QJL6	[695, 694, 693, 692, 0, 688, 327, 124, 0]

 ### Operon type: 64

	 A0A011P2I4	[486, 485, 484, 0, 0, 0, 0, 0, 0]
	 A0A011N9N8	[486, 485, 484, 0, 0, 0, 0, 0, 0]

 ### Operon type: 65

	 A0A009PIB4	[0, 0, 0, 308, 436, 307, 703, 712, 486]
	 A0A009SLR5	[0, 0, 0, 308, 436, 307, 703, 712, 486]

 ### Operon type: 66

	 A0A009HSU4	[0, 0, 589, 712, 0, 485, 650, 486, 703]

 ### Operon type: 67

	 A0A011SF89	[607, 606, 605, 0, 0, 0, 0, 0, 0]

 ### Operon type: 68

	 A0A011UCX7	[0, 470, 607, 606, 0, 605, 130, 0, 0]

 ### Operon type: 69

	 A0A011NYT4	[710, 512, 511, 697, 0, 354, 354, 353, 352]

 ### Operon type: 70

	 A0A011P8E9	[0, 0, 710, 512, 0, 511, 697, 0, 0]

 ### Operon type: 71

	 A0A010TF34	[0, -1, 0, 0, 115, 114, 113, 112, 111]
	 A0A010SYH9	[115, 114, 113, 112, 111, 0, 0, 0, 0]

 ### Operon type: 72

	 A0A010TFJ4	[0, -1, 0, 120, 119, 118, 117, -1, 116]
	 A0A010S7A1	[120, 119, 118, 117, 0, 116, 0, 0, 0]

 ### Operon type: 73

	 A0A009ICP5	[298, 297, 371, 296, 295, 0, 0, 293, 0]

 ### Operon type: 74

	 A0A009MMG9	[298, 297, 371, 296, 295, 0, 294, 293, 591]

 ### Operon type: 75

	 A0A009QLL2	[0, 191, 192, 0, 295, 0, 0, 293, 0]
	 A0A009HTW0	[0, 191, 192, 0, 295, 0, 0, 293, 0]

 ### Operon type: 76

	 A0A009SIV4	[190, 191, 192, 48, 295, 47, 0, 293, 591]

 ### Operon type: 77

	 A0A013TSJ4	[191, 192, 0, 48, 295, 0, 0, 293, 591]

 ### Operon type: 78

	 A0A009Z3V9	[712, 0, 0, 0, 0, 192, 377, 191, 190]

 ### Operon type: 79

	 A0A009T0Q9	[0, 0, 0, 0, 196, 233, 195, 712, 194]

 ### Operon type: 80

	 A0A009YJF4	[0, 353, 352, 23, 35, 195, 712, 0, 194]

 ### Operon type: 81

	 A0A009PAV9	[110, -1, 371, 109, 328, 703, 140, 141, 142]
	 A0A009HJC2	[110, 665, 371, 109, 328, 703, 140, 141, 142]

 ### Operon type: 82

	 A0A009SE02	[0, 142, 0, 0, 0, 141, 140, 703, 328]

 ### Operon type: 83

	 A0A011QNA5	[0, 557, 556, 555, 0, 679, 678, 677, 676]
	 A0A009ZLJ7	[676, 677, 678, 679, 0, 0, 557, 556, 555]

 ### Operon type: 84

	 A0A013T0T6	[679, 678, 677, 676, 675, 674, 288, 673, 287]
	 A0A009HAX1	[679, 678, 677, 676, 675, 674, 288, 673, 287]
	 A0A009QMH5	[679, 678, 677, 676, 675, 674, 288, 673, 287]

 ### Operon type: 85

	 A0A010ILW6	[679, 678, 677, 676, 675, 674, 0, 0, 673]

 ### Operon type: 86

	 A0A009Z9X7	[678, 677, 676, 0, 675, 0, 528, 0, 673]

 ### Operon type: 87

	 A0A009PE10	[0, 0, 0, 676, 675, 139, 288, 673, -1]

 ### Operon type: 88

	 A0A009SYU8	[650, 653, 649, 648, 326, 712, 712, 646, 645]
	 A0A009RSB7	[650, 653, 649, 648, 326, 712, 712, 646, 645]
	 A0A009HS41	[650, 653, 649, 648, 326, 712, 712, 646, 645]

 ### Operon type: 89

	 A0A010IT25	[650, 653, 649, 648, 647, 712, 712, 646, 645]
	 A0A013SHA9	[650, 653, 649, 648, 647, 712, 712, 646, 645]
	 A0A009I466	[650, 653, 649, 648, 647, 712, 712, 646, 645]

 ### Operon type: 90

	 A0A009NMQ9	[650, 653, 649, 648, 647, 0, 712, 712, 646]

 ### Operon type: 91

	 A0A009P8A9	[0, 0, 649, 648, 326, 712, 712, 646, 645]

 ### Operon type: 92

	 A0A011PGU1	[0, 0, 490, 550, 549, 548, 489, 488, 487]
	 A0A011MDH1	[384, 0, 490, 550, 549, 548, 489, 488, 487]

 ### Operon type: 93

	 A0A011V0P4	[427, 426, 0, 0, 425, 0, 0, 424, 423]

 ### Operon type: 94

	 A0A011WPV7	[424, 423, 0, 0, 0, 0, 0, 0, 0]

 ### Operon type: 95

	 A0A011RNP9	[0, 0, 0, 0, 0, 615, 614, 0, 0]

 ### Operon type: 96

	 A0A011V0B5	[610, 0, 0, 0, 0, 0, 615, 0, 0]

 ### Operon type: 97

	 A0A011RQC9	[0, 610, 609, 0, 0, 0, 0, 608, 0]

 ### Operon type: 98

	 A0A011QG28	[552, 551, 550, 0, 549, 548, 547, 546, 545]
	 A0A011RIM8	[552, 551, 0, 0, 549, 548, 547, 546, 545]

 ### Operon type: 99

	 A0A011PHI6	[442, 0, 576, 0, 0, 575, 565, 441, 0]

 ### Operon type: 100

	 A0A011QI68	[0, 0, 576, 575, 0, 0, 0, 0, 0]

 ### Operon type: 101

	 A0A011P700	[0, 0, 533, 532, 0, 0, 0, 0, 0]

 ### Operon type: 102

	 A0A011QSI4	[0, 0, 533, 532, 531, 0, 0, 0, 0]

 ### Operon type: 103

	 A0A011NVJ6	[356, 390, 389, 388, 387, 660, 0, 0, 355]

 ### Operon type: 104

	 A0A011PVP2	[0, 390, 389, 388, 387, 660, 0, 0, 482]

 ### Operon type: 105

	 A0A011NXY7	[0, 0, 389, 0, 387, 0, 0, 0, 0]

 ### Operon type: 106

	 A0A011QR69	[526, 525, 663, 524, 523, 522, 0, 0, 0]
	 A0A011NUB4	[526, 525, 663, 524, 523, 522, 0, 357, 0]

 ### Operon type: 107

	 A0A011NN36	[525, 663, 0, 0, 523, 522, 0, 0, 0]

 ### Operon type: 108

	 A0A011PK69	[663, 474, 0, 0, 523, 522, 0, 0, 0]

 ### Operon type: 109

	 A0A011RMI6	[624, 623, 622, 621, 620, 619, 618, 617, 616]
	 A0A011NYD6	[624, 623, 622, 621, 620, 619, 618, 617, 616]

 ### Operon type: 110

	 A0A011QB28	[391, 624, 623, 0, 0, 619, 618, 617, 616]

 ### Operon type: 111

	 A0A011NF33	[0, 619, 618, 0, 0, 0, 0, 0, 0]

 ### Operon type: 112

	 A0A011NBY4	[367, 0, 0, 583, 0, 0, 366, 0, 0]

 ### Operon type: 113

	 A0A011WRT0	[367, 0, 0, 0, 0, 0, 0, 602, 0]

 ### Operon type: 114

	 A0A011SHV5	[0, 0, 0, 0, 0, 600, 602, 695, 0]

 ### Operon type: 115

	 A0A011NB95	[0, 529, 0, 0, 0, 0, 371, 370, 369]

 ### Operon type: 116

	 A0A011UHT4	[124, 123, 370, 0, 0, 122, 122, 369, 0]

 ### Operon type: 117

	 A0A010Z1W7	[0, 0, 0, 0, 0, 12, 0, 103, 104]

 ### Operon type: 118

	 A0A011VY84	[0, 0, 104, 103, 0, 0, 0, 0, 0]

 ### Operon type: 119

	 A0A010YW85	[0, 0, 0, 0, 0, 218, 0, 103, 104]

 ### Operon type: 120

	 A0A010ZMA0	[103, 374, 0, 0, 0, 0, 0, 0, 0]

 ### Operon type: 121

	 A0A011N5L2	[0, 0, 0, 374, 0, 373, 696, 0, 0]

 ### Operon type: 122

	 A0A010SQJ5	[244, 296, 0, 342, 341, 340, 0, 0, 0]

 ### Operon type: 123

	 A0A010STD3	[0, 0, 0, 342, 341, 340, 0, 646, 250]

 ### Operon type: 124

	 A0A011TD67	[343, 0, 0, 342, 341, 340, 339, 0, 338]

 ### Operon type: 125

	 A0A009ZC12	[0, 0, 0, 342, 0, 340, 339, 184, 542]

 ### Operon type: 126

	 A0A010RFQ9	[0, 0, 716, 0, 715, 0, 0, 0, 0]

 ### Operon type: 127

	 A0A010SPR9	[21, 21, 0, 0, 0, 715, 0, 0, 0]

 ### Operon type: 128

	 A0A013S288	[0, 0, 0, 248, 328, 247, 246, 0, 245]
	 A0A010J3I1	[0, 0, 0, 248, 328, 247, 246, 0, 245]

 ### Operon type: 129

	 A0A009PWG1	[350, 77, 76, 248, 328, 247, 246, 75, 245]
	 A0A013SXT2	[350, 77, 76, 248, 328, 247, 246, 75, 245]

 ### Operon type: 130

	 A0A009ZJK4	[0, 0, 0, 0, 0, 0, 653, 16, 0]

 ### Operon type: 131

	 A0A010SVN1	[-1, 16, 712, 289, 348, 0, 0, 653, 0]

 ### Operon type: 132

	 A0A009IMX3	[659, 0, 657, 0, 655, 88, 88, 602, 87]
	 A0A009SF48	[659, 0, 657, 0, 655, -1, 88, 602, 87]

 ### Operon type: 133

	 A0A009QEX0	[659, 658, 657, 656, 655, 88, 88, 602, 87]

 ### Operon type: 134

	 A0A010ISX2	[659, 658, 657, 656, 655, 654, 653, 652, 651]
	 A0A009MR00	[659, 658, 657, 656, 655, 654, 653, 652, 651]
	 A0A013S7V1	[659, 658, 657, 656, 655, 654, 653, 652, 651]
	 A0A009RES7	[659, 658, 657, 656, 655, 654, 653, 652, 651]

 ### Operon type: 135

	 A0A009GYP9	[0, 0, 0, 656, 655, 654, 653, 652, 651]

 ### Operon type: 136

	 A0A009YTT3	[0, 0, 0, 0, 0, 0, 653, 652, 651]

 ### Operon type: 137

	 A0A009PFK7	[336, 335, 334, 333, 332, 0, 0, 331, 0]
	 A0A009QGN4	[336, 335, 334, 333, 332, 331, 0, 0, 0]

 ### Operon type: 138

	 A0A009YR20	[0, 331, 0, 0, 0, 0, 335, 0, 0]

 ### Operon type: 139

	 A0A013SB36	[239, 238, 237, 236, 235, 0, 352, 234, 233]
	 A0A009QSI3	[239, 238, 237, 236, 235, 0, 352, 234, -1]

 ### Operon type: 140

	 A0A010ITP2	[239, 238, 237, 236, 235, 0, 352, 0, 0]

 ### Operon type: 141

	 A0A009SII9	[-1, 238, 237, 236, 0, 0, 0, 0, 196]

 ### Operon type: 142

	 A0A009HZV2	[0, 0, 0, 0, 91, 90, 213, 0, 0]

 ### Operon type: 143

	 A0A009QPE7	[0, 0, 0, 0, 91, 90, 0, 0, 0]

 ### Operon type: 144

	 A0A009GXL8	[38, 37, 36, 0, 35, 55, 92, 79, 78]

 ### Operon type: 145

	 A0A010JIW7	[38, 37, 36, 0, 35, 0, 0, 92, 79]

 ### Operon type: 146

	 A0A009MGR3	[0, 0, 70, 0, 285, 207, 41, 107, 106]

 ### Operon type: 147

	 A0A009Q4G0	[0, 71, 70, 0, 285, 0, 107, 106, 107]

 ### Operon type: 148

	 A0A009PUJ8	[0, 108, 0, 0, 0, 105, 92, 79, 78]

 ### Operon type: 149

	 A0A009QJA8	[79, 78, 0, 0, 0, 0, 0, 0, 0]

 ### Operon type: 150

	 A0A009PB53	[0, 0, 108, 0, 0, 107, 106, 107, 105]

 ### Operon type: 151

	 A0A013SNJ8	[653, 0, 0, 330, 329, 328, 327, 0, 0]
	 A0A013RZW2	[653, 249, 0, 330, 329, 328, 327, 0, 0]
	 A0A009RD69	[653, 249, 0, 330, 329, 328, 327, 174, 0]
	 A0A009SIZ4	[653, 249, 0, 330, 329, 0, 327, 174, 0]
	 A0A010J9U3	[653, 0, 0, 330, 329, 328, 327, 0, 0]

 ### Operon type: 152

	 A0A009PH20	[0, 0, 680, 330, 329, 328, 327, 0, 0]
	 A0A009IV03	[0, 0, 680, 330, 329, 0, 327, 0, 0]

 ### Operon type: 153

	 A0A009YIZ0	[653, 249, 680, 330, 329, 328, 327, 174, 93]

 ### Operon type: 154

	 A0A009QA91	[217, 216, 650, 712, 290, 290, 94, 311, 289]
	 A0A010J377	[217, 216, 650, 712, 290, 290, 94, 311, 289]

 ### Operon type: 155

	 A0A009MVG4	[292, 0, 291, 712, 290, 290, 0, 311, 289]
	 A0A009QQC0	[0, 0, 292, 712, 290, 290, 0, 311, 289]

 ### Operon type: 156

	 A0A009H7I0	[0, 0, 0, 712, 290, 290, 94, 311, 289]

 ### Operon type: 157

	 A0A009S1X4	[217, 216, 650, 712, 290, 290, 712, 0, 215]

 ### Operon type: 158

	 A0A013SHF4	[0, 0, 291, 712, 290, 290, 0, 229, 0]

 ### Operon type: 159

	 A0A009H7U0	[672, 547, 0, 671, 670, 669, 668, 0, 0]

 ### Operon type: 160

	 A0A010IMP8	[672, 0, 0, 671, 670, 669, 668, 0, 667]

 ### Operon type: 161

	 A0A013SZ54	[672, 0, 365, 671, 670, 0, 0, 0, 0]

 ### Operon type: 162

	 A0A009ZM43	[-1, 547, 365, 671, 670, 669, 668, 74, 667]

 ### Operon type: 163

	 A0A009YSC7	[0, 0, 366, 9, 0, 9, 252, 251, 0]

 ### Operon type: 164

	 A0A013RVV2	[639, 0, 252, 251, 0, 0, 0, 250, 0]

 ### Operon type: 165

	 A0A011Q5S3	[560, 402, 0, 0, 0, 0, 431, 430, 428]

 ### Operon type: 166

	 A0A011UZZ4	[0, 431, 430, 0, 0, 0, 429, 429, 428]

 ### Operon type: 167

	 A0A010YKP2	[0, 0, 0, 0, 0, 0, 355, 422, 0]

 ### Operon type: 168

	 A0A011V1A2	[426, 0, 0, 422, 0, 0, 0, 0, 0]

 ### Operon type: 169

	 A0A011Q2B1	[0, 0, 0, 0, 0, 630, 629, 628, 627]

 ### Operon type: 170

	 A0A011RLN8	[0, 0, 0, 632, 631, 630, 629, 628, 627]

 ### Operon type: 171

	 A0A011NGS0	[0, 0, 0, 0, 518, 517, 0, 0, 0]

 ### Operon type: 172

	 A0A011PW61	[0, 0, 0, 0, 518, 517, 0, 0, 516]

 ### Operon type: 173

	 A0A011UXI1	[0, 472, 0, 0, 518, 517, 434, 0, 0]

 ### Operon type: 174

	 A0A011SWI9	[-1, -1, 0, 442, 518, 517, 434, -1, -1]

 ### Operon type: 175

	 A0A011P952	[517, 0, 507, 0, 0, 507, 0, 0, 0]

 ### Operon type: 176

	 A0A011NSG8	[0, 0, 0, 441, 383, 382, 0, 383, 0]

 ### Operon type: 177

	 A0A011P0X4	[0, 0, 384, 0, 383, 0, 0, 382, 381]

 ### Operon type: 178

	 A0A009MJ75	[0, 0, 301, 300, 299, 0, 0, 0, 704]

 ### Operon type: 179

	 A0A010IH51	[0, 591, 0, 0, 299, 0, 704, 0, 0]

 ### Operon type: 180

	 A0A010YNY9	[0, 0, 13, 8, 0, 0, 0, 0, 437]

 ### Operon type: 181

	 A0A011AC71	[215, 0, 0, 351, 0, 13, 8, 0, 650]

 ### Operon type: 182

	 A0A011QLX0	[0, 559, 0, 0, 558, 0, 623, 622, 0]
	 A0A011PRW6	[559, 0, 0, 0, 558, 623, 622, 0, 0]

 ### Operon type: 183

	 A0A010SML6	[0, 623, 622, -1, 0, 515, 0, 0, 0]

 ### Operon type: 184

	 A0A009P817	[306, 0, 0, 0, 305, 0, 304, 303, 302]

 ### Operon type: 185

	 A0A009TIY0	[0, 0, 0, 0, 305, 0, 304, 303, 0]

 ### Operon type: 186

	 A0A009QKA3	[304, 303, 0, 302, 0, 0, 0, 0, 336]

 ### Operon type: 187

	 A0A009S854	[-1, 0, 0, 201, 254, 0, 0, 0, 253]

 ### Operon type: 188

	 A0A013RMD0	[-1, 0, 708, 0, 254, 716, 0, 0, 253]

 ### Operon type: 189

	 A0A009R016	[0, 73, 0, 0, 72, -1, 703, 0, 0]
	 A0A009HFU9	[0, 73, 0, 0, 72, 703, 0, 0, 0]

 ### Operon type: 190

	 A0A009HSR2	[0, 154, 153, 0, 152, 81, 151, 213, 82]

 ### Operon type: 191

	 A0A009SWM1	[0, 154, 153, 0, 152, 0, 0, 151, 0]

 ### Operon type: 192

	 A0A009MYX0	[83, 82, 0, 589, 0, 0, 151, 81, 80]

 ### Operon type: 193

	 A0A009QK79	[0, 0, 80, 81, 0, 151, 0, 0, 82]

 ### Operon type: 194

	 A0A009GXJ1	[421, 420, 81, 151, 39, 213, 82, 83, 0]

 ### Operon type: 195

	 A0A010IT95	[0, 0, 0, 703, 644, 643, 642, 641, 640]
	 A0A009PRQ9	[0, 703, 309, 0, 644, 643, 642, 641, 640]
	 A0A013TKW8	[0, 553, 0, 703, 644, 643, 642, 641, 640]
	 A0A009S0T6	[0, 0, 703, 309, 644, 643, 642, 641, 640]
	 A0A009I5G9	[0, 0, 703, 309, 644, 643, 642, 641, 640]
	 A0A009QT77	[0, 0, -1, 703, 644, 643, 642, 641, 640]
	 A0A009MH36	[0, 0, 0, 703, 644, 643, 642, 641, 640]
	 A0A009GWD0	[213, 0, 0, 703, 644, 643, 642, 641, 640]

 ### Operon type: 196

	 A0A013TMJ7	[665, -1, 0, 703, 644, 641, 640, 0, 0]

 ### Operon type: 197

	 A0A009I8I7	[317, 701, 700, 143, 699, 698, 0, 697, 68]
	 A0A009HJJ5	[317, 701, 700, 0, 699, 698, 0, 697, 68]

 ### Operon type: 198

	 A0A010JJN4	[0, 701, 700, 0, 699, 698, 0, 697, 696]
	 A0A009PMT3	[317, 701, 700, 0, 699, 698, 316, 697, 696]
	 A0A013TPR7	[317, 701, 700, 0, 699, 698, 0, 697, 696]
	 A0A009RMI1	[0, 701, 700, 0, 699, 698, 0, 697, 0]
	 A0A009YG45	[0, 317, 701, 700, 699, 0, 698, 316, 697]

 ### Operon type: 199

	 A0A009SEP4	[317, 701, 700, 143, 699, 0, 698, 316, 0]

 ### Operon type: 200

	 A0A009NI48	[317, 701, 700, 0, 699, 0, 0, 0, -1]

 ### Operon type: 201

	 A0A011WLE7	[0, 0, 0, 0, 0, 97, 0, 0, 0]
	 A0A011VU44	[0, 0, 0, 0, 0, 97, 0, 0, 0]

 ### Operon type: 202

	 A0A011VAP2	[0, 0, 33, 0, 0, 0, 0, 0, 32]

 ### Operon type: 203

	 A0A011VRJ8	[0, 0, 0, 0, 0, 0, 33, 0, 0]

 ### Operon type: 204

	 A0A011RNU1	[0, 0, 0, 0, 0, 0, 613, 613, 612]

 ### Operon type: 205

	 A0A011VKJ9	[0, 0, 0, 0, 0, 0, 612, 613, -1]

 ### Operon type: 206

	 A0A011WT35	[257, 0, 0, 0, 0, 0, 0, 0, 0]
	 A0A011V490	[0, 257, 0, 0, 0, 0, 0, 0, 0]

 ### Operon type: 207

	 A0A009T185	[525, 0, 662, 662, 664, 663, 662, 661, 660]

 ### Operon type: 208

	 A0A010IN36	[666, 665, 0, 0, 664, 663, 662, 661, 660]

 ### Operon type: 209

	 A0A009PG43	[663, 662, 580, 527, 0, 661, 660, 0, 0]

 ### Operon type: 210

	 A0A011PQZ7	[0, 0, 0, 455, 454, 0, 453, 0, 0]

 ### Operon type: 211

	 A0A011TUX4	[0, 0, 0, 0, 454, 0, 0, 453, 0]

 ### Operon type: 212

	 A0A011STZ9	[0, 0, 0, 453, 0, 0, 0, 0, 0]

 ### Operon type: 213

	 A0A011PUJ9	[0, 0, 0, 0, 0, 0, 0, 0, 483]
	 A0A011PRF5	[483, 0, 0, 0, 0, 0, 0, 0, 0]

 ### Operon type: 214

	 A0A011PFY8	[0, 0, 0, 0, 0, 0, 0, 0, 493]

 ### Operon type: 215

	 A0A011PNS3	[527, 493, 0, 0, 0, 0, 0, 0, 0]

 ### Operon type: 216

	 A0A011T648	[0, 493, 0, 0, 0, 0, 0, 663, 0]

 ### Operon type: 217

	 A0A011U3C2	[0, 0, 547, 0, 0, 0, 0, 0, 0]
	 A0A011AEN3	[0, 0, 0, 0, 0, 0, 547, 0, 0]

 ### Operon type: 218

	 A0A011AAZ2	[0, 581, 0, 0, 0, 547, 547, 547, 0]

 ### Operon type: 219

	 A0A011T698	[0, 0, 0, 0, 0, 650, 547, 0, 0]

 ### Operon type: 220

	 A0A009SNL0	[145, 144, 0, 0, 0, 0, 0, 0, 0]

 ### Operon type: 221

	 A0A009ZZC8	[-1, 144, 145, 0, 0, 0, 0, 0, 0]

 ### Operon type: 222

	 A0A009ZG48	[0, 0, 0, 553, 0, 0, 0, 0, 0]

 ### Operon type: 223

	 A0A011PEJ8	[0, 0, 499, 553, 0, 0, 0, 0, 0]

 ### Operon type: 224

	 A0A011QNJ7	[554, 0, 0, 553, 0, 0, 0, 554, 0]

 ### Operon type: 225

	 A0A011MMJ4	[0, 0, 0, 0, 0, 0, 0, 554, 0]

 ### Operon type: 226

	 A0A011R8M3	[0, 0, 499, 553, 0, 337, 0, 554, 0]

 ### Operon type: 227

	 A0A009TJ77	[0, 24, 0, 0, 0, 0, 0, 0, 0]

 ### Operon type: 228

	 A0A010RTE7	[0, 0, 0, 0, 0, 0, 112, 24, 0]

 ### Operon type: 229

	 A0A009PMU2	[315, 314, 313, -1, 312, 712, 665, 311, 373]
	 A0A013TPQ9	[315, 314, 313, 269, 312, 712, 665, 311, 373]
	 A0A013S8F0	[315, 314, 313, 269, 312, 712, 665, 311, 373]
	 A0A009SZ84	[315, 314, 313, 269, 312, 712, 665, 311, 373]

 ### Operon type: 230

	 A0A009IG48	[0, 0, 0, 150, 89, 0, 0, 0, 515]

 ### Operon type: 231

	 A0A009IMQ0	[0, 0, 0, 150, 89, 0, 0, 0, 0]

 ### Operon type: 232

	 A0A009SWV1	[0, 0, 0, 0, 0, 0, 0, 150, 0]

 ### Operon type: 233

	 A0A011TAW2	[0, 0, 0, 0, 0, 0, 350, 0, 0]
	 A0A009SFX8	[350, 0, 0, 0, 0, 0, 0, 0, 0]

 ### Operon type: 234

	 A0A011TZN1	[0, 0, 0, 0, 411, 0, 0, 0, 0]
	 A0A009RHH9	[0, 0, 0, 0, 411, 0, 0, 0, 0]

 ### Operon type: 235

	 A0A009PMZ9	[310, 0, 0, 0, 0, 0, 0, 0, 0]
	 A0A009Q512	[0, 0, 0, 0, 310, 0, 0, 0, 0]

 ### Operon type: 236

	 A0A009IFL2	[0, 183, 0, 62, -1, 0, 0, 0]

 ### Operon type: 237

	 A0A009ZDS1	[-1, -1, 0, 183, 0, 0, 694, 0, 0]

 ### Operon type: 238

	 A0A009NPS1	[0, 314, 313, 269, 312, -1, 0, 0, 0]
	 A0A009HJM0	[0, 314, 313, 269, 312, 712, 0, 0, 0]
	 A0A010IZH1	[-1, 314, 313, 269, 312, 712, 0, 0, 0]

 ### Operon type: 239

	 A0A009HUS9	[314, 313, 0, 0, 0, 0, -1, 0, 0]

 ### Operon type: 240

	 A0A009HM15	[0, 169, 168, 0, 0, 0, -1, 0, 0]

 ### Operon type: 241

	 A0A009RQL5	[0, 0, 0, 0, 0, 0, 169, 168, 0]

 ### Operon type: 242

	 A0A009IJ01	[0, 0, 0, 0, 0, 0, 169, 168, 167]

 ### Operon type: 243

	 A0A009NCH6	[0, 0, 0, 0, 0, 0, 0, 168, 167]

 ### Operon type: 244

	 A0A011UB51	[582, 0, 0, 0, 0, 0, 0, 0, 0]
	 A0A011UFH1	[0, 0, 0, 0, 0, 582, 0, 0, 0]

 ### Operon type: 245

	 A0A011V965	[0, -1, -1, 0, 34, 0, -1, -1, 0]
	 A0A011VHP2	[0, -1, -1, -1, 34, 0, 0, 0, 0]

 ### Operon type: 246

	 A0A010RVD0	[-1, 0, 0, -1, 0, 534, 534, 0, 22]

 ### Operon type: 247

	 A0A010T7Q5	[0, 22, 0, 0, 0, 0, -1, 0, 0]

 ### Operon type: 248

	 A0A010SRR2	[0, 0, -1, 0, 0, 0, 0, 0, 665]
	 A0A010SNM6	[0, 0, -1, 0, 0, 0, 665, 0, 0]

 ### Operon type: 249

	 A0A010SJH7	[0, 0, 665, -1, 0, 0, 94, 0, 0]

 ### Operon type: 250

	 A0A010RKP8	[0, 0, 0, 0, 0, 0, -1, 0, 0]
	 A0A011UZ32	[0, 0, 0, 0, 0, -1, 0, 0, 0]
	 A0A011UZ49	[0, -1, 0, 0, 0, 0, 0, 0, 0]
	 A0A011V107	[0, -1, 0, 0, 0, 0, 0, 0, 0]
	 A0A009PH57	[0, 0, -1, 0, 0, 0, 0, 0, 0]
	 A0A011U7M7	[0, 0, -1, 0, 0, 0, 0, 0, 0]
	 A0A009H6M2	[-1, 0, 0, 0, 0, 0, 0, 0, 0]
	 A0A009N9Z1	[-1, 0, 0, 0, 0, 0, 0, 0, 0]
	 A0A009IHQ3	[-1, 0, 0, 0, 0, 0, 0, 0, 0]
	 A0A009RG92	[-1, 0, 0, 0, 0, 0, 0, 0, 0]
	 A0A009QDV7	[-1, 0, 0, 0, 0, 0, 0, 0, 0]
	 A0A009HJU6	[0, 0, 0, 0, 0, 0, 0, 0, -1]
	 A0A010JDA6	[-1, 0, 0, 0, 0, 0, 0, 0, 0]
	 A0A010TF14	[-1, 0, 0, 0, 0, 0, 0, 0, 0]
	 A0A010RY47	[-1, 0, -1, 0, 0, 0, 0, 0, 0]
	 A0A009TG92	[0, 0, -1, 0, 0, 0, 0, 0, 0]

 ### Operon type: 251

	 A0A010SJF9	[0, 0, 0, 0, 0, -1, 0, 126, -1]

 ### Operon type: 252

	 A0A010T5D8	[0, 0, 0, -1, 0, -1, 327, 0, 0]

 ### Operon type: 253

	 A0A011ML54	[0, 0, 0, 99, 0, 0, 0, 0, -1]

 ### Operon type: 254

	 A0A011NHY1	[0, 0, 0, 0, 0, 665, 0, 0, 0]

 ### Operon type: 255

	 A0A010Z171	[0, 0, 0, 0, 0, 0, 665, 0, 589]

 ### Operon type: 256

	 A0A010ZX98	[0, 0, 0, 0, 0, 7, 665, 665, 0]

 ### Operon type: 257

	 A0A010YRE8	[0, 0, 0, 0, 0, 0, 0, 7, 0]

 ### Operon type: 258

	 A0A011AF05	[0, 0, 215, 7, 0, 0, 0, 0, 0]

 ### Operon type: 259

	 A0A011SQL0	[593, 0, -1, 0, 0, 0, 0, 0, 0]

 ### Operon type: 260

	 A0A009ZC82	[0, 0, 593, 0, 0, 0, 0, 0, 0]

 ### Operon type: 261

	 A0A011P3F6	[515, 0, 0, 593, 0, 0, 0, 0, 0]

 ### Operon type: 262

	 A0A011T697	[665, 0, 0, 0, 0, 0, 0, 0, 304]

 ### Operon type: 263

	 A0A011TDD1	[0, 349, 665, 0, 0, 0, 0, 0, 0]

 ### Operon type: 264

	 A0A011VW24	[0, 0, 626, 0, 0, 0, 0, 0, -1]

 ### Operon type: 265

	 A0A011T8V3	[0, 0, 626, 0, 0, 0, 0, 0, 0]

 ### Operon type: 266

	 A0A010TH98	[516, 0, 0, 626, 0, 0, 0, 0, 0]

 ### Operon type: 267

	 A0A011QVR3	[0, 0, 0, 0, 0, 0, 0, 529, 626]

 ### Operon type: 268

	 A0A011RM25	[0, 0, 0, 0, 0, 626, 0, 625, 0]

 ### Operon type: 269

	 A0A011VXC2	[-1, 363, 0, 0, 0, 0, 0, 0, 0]

 ### Operon type: 270

	 A0A011VYF1	[626, 0, 0, 0, 0, 0, 582, 0, 0]

 ### Operon type: 271

	 A0A010S415	[-1, 626, 0, 289, 0, 0, 0, 0, 683]

 ### Operon type: 272

	 A0A010IPH1	[0, 0, 0, 0, 0, 0, 0, 0, 0]
	 A0A011SGD5	[0, 0, 0, 0, 0, 0, 0, 0, 0]
	 A0A011QMJ8	[0, 0, 0, 0, 0, 0, 0, 0, 0]
	 A0A011QSN2	[0, 0, 0, 0, 0, 0, 0, 0, 0]
	 A0A011P4U7	[0, 0, 0, 0, 0, 0, 0, 0, 0]
	 A0A011P9Z5	[0, 0, 0, 0, 0, 0, 0, 0, 0]
	 A0A011PBM9	[0, 0, 0, 0, 0, 0, 0, 0, 0]
	 A0A011PKU5	[0, 0, 0, 0, 0, 0, 0, 0, 0]
	 A0A011PJK8	[0, 0, 0, 0, 0, 0, 0, 0, 0]
	 A0A011PNN2	[0, 0, 0, 0, 0, 0, 0, 0, 0]
	 A0A011UTJ0	[0, 0, 0, 0, 0, 0, 0, 0, 0]
	 A0A011UWH1	[0, 0, 0, 0, 0, 0, 0, 0, 0]
	 A0A011UHL2	[0, 0, 0, 0, 0, 0, 0, 0, 0]
	 A0A011Q056	[0, 0, 0, 0, 0, 0, 0, 0, 0]
	 A0A011Q1B3	[0, 0, 0, 0, 0, 0, 0, 0, 0]
	 A0A011N2Z0	[0, 0, 0, 0, 0, 0, 0, 0, 0]
	 A0A011N3C3	[0, 0, 0, 0, 0, 0, 0, 0, 0]
	 A0A011N4G4	[0, 0, 0, 0, 0, 0, 0, 0, 0]
	 A0A011NAJ1	[0, 0, 0, 0, 0, 0, 0, 0, 0]
	 A0A011NAY5	[0, 0, 0, 0, 0, 0, 0, 0, 0]
	 A0A011NDM5	[0, 0, 0, 0, 0, 0, 0, 0, 0]
	 A0A011NMI8	[0, 0, 0, 0, 0, 0, 0, 0, 0]
	 A0A011NTU3	[0, 0, 0, 0, 0, 0, 0, 0, 0]
	 A0A011QVV5	[0, 0, 0, 0, 0, 0, 0, 0, 0]
	 A0A011TAF9	[0, 0, 0, 0, 0, 0, 0, 0, 0]
	 A0A011TLH0	[0, 0, 0, 0, 0, 0, 0, 0, 0]
	 A0A011TWN2	[0, 0, 0, 0, 0, 0, 0, 0, 0]
	 A0A009PG53	[0, 0, 0, 0, 0, 0, 0, 0, 0]
	 A0A009PT82	[0, 0, 0, 0, 0, 0, 0, 0, 0]
	 A0A009NQA1	[0, 0, 0, 0, 0, 0, 0, 0, 0]
	 A0A009MMM3	[0, 0, 0, 0, 0, 0, 0, 0, 0]
	 A0A013T8M5	[0, 0, 0, 0, 0, 0, 0, 0, 0]
	 A0A013TEV4	[0, 0, 0, 0, 0, 0, 0, 0, 0]
	 A0A013TPV4	[0, 0, 0, 0, 0, 0, 0, 0, 0]
	 A0A013SL47	[0, 0, 0, 0, 0, 0, 0, 0, 0]
	 A0A011WUT3	[0, 0, 0, 0, 0, 0, 0, 0, 0]
	 A0A013S2B9	[0, 0, 0, 0, 0, 0, 0, 0, 0]
	 A0A013SBR8	[0, 0, 0, 0, 0, 0, 0, 0, 0]
	 A0A009T1I8	[0, 0, 0, 0, 0, 0, 0, 0, 0]
	 A0A009IRJ6	[0, 0, 0, 0, 0, 0, 0, 0, 0]
	 A0A009ISY0	[0, 0, 0, 0, 0, 0, 0, 0, 0]
	 A0A009M4K0	[0, 0, 0, 0, 0, 0, 0, 0, 0]
	 A0A009MGJ1	[0, 0, 0, 0, 0, 0, 0, 0, 0]
	 A0A009MGQ8	[0, 0, 0, 0, 0, 0, 0, 0, 0]
	 A0A009I463	[0, 0, 0, 0, 0, 0, 0, 0, 0]
	 A0A009SWU0	[0, 0, 0, 0, 0, 0, 0, 0, 0]
	 A0A009SCM5	[0, 0, 0, 0, 0, 0, 0, 0, 0]
	 A0A009RHH7	[0, 0, 0, 0, 0, 0, 0, 0, 0]
	 A0A009RMD0	[0, 0, 0, 0, 0, 0, 0, 0, 0]
	 A0A009RR21	[0, 0, 0, 0, 0, 0, 0, 0, 0]
	 A0A011UBN9	[0, 0, 0, 0, 0, 0, 0, 0, 0]
	 A0A011UFM5	[0, 0, 0, 0, 0, 0, 0, 0, 0]
	 A0A011UG71	[0, 0, 0, 0, 0, 0, 0, 0, 0]
	 A0A011UGX8	[0, 0, 0, 0, 0, 0, 0, 0, 0]
	 A0A009PAG1	[0, 0, 0, 0, 0, 0, 0, 0, 0]
	 A0A009PDV4	[0, 0, 0, 0, 0, 0, 0, 0, 0]
	 A0A011VYF6	[0, 0, 0, 0, 0, 0, 0, 0, 0]
	 A0A011VWR4	[0, 0, 0, 0, 0, 0, 0, 0, 0]
	 A0A011WKI4	[0, 0, 0, 0, 0, 0, 0, 0, 0]
	 A0A011VZG0	[0, 0, 0, 0, 0, 0, 0, 0, 0]
	 A0A011VW71	[0, 0, 0, 0, 0, 0, 0, 0, 0]
	 A0A011V8Y9	[0, 0, 0, 0, 0, 0, 0, 0, 0]
	 A0A009HBT3	[0, 0, 0, 0, 0, 0, 0, 0, 0]
	 A0A009I0I9	[0, 0, 0, 0, 0, 0, 0, 0, 0]
	 A0A009N031	[0, 0, 0, 0, 0, 0, 0, 0, 0]
	 A0A009N123	[0, 0, 0, 0, 0, 0, 0, 0, 0]
	 A0A009MH90	[0, 0, 0, 0, 0, 0, 0, 0, 0]
	 A0A009Q3K7	[0, 0, 0, 0, 0, 0, 0, 0, 0]
	 A0A009QQ47	[0, 0, 0, 0, 0, 0, 0, 0, 0]
	 A0A009R2X0	[0, 0, 0, 0, 0, 0, 0, 0, 0]
	 A0A009R4N4	[0, 0, 0, 0, 0, 0, 0, 0, 0]
	 A0A009RBQ2	[0, 0, 0, 0, 0, 0, 0, 0, 0]
	 A0A009QVK8	[0, 0, 0, 0, 0, 0, 0, 0, 0]
	 A0A010SHY1	[0, 0, 0, 0, 0, 0, 0, 0, 0]
	 A0A009SHB3	[0, 0, 0, 0, 0, 0, 0, 0, 0]
	 A0A009SIF9	[0, 0, 0, 0, 0, 0, 0, 0, 0]
	 A0A009HL81	[0, 0, 0, 0, 0, 0, 0, 0, 0]
	 A0A009HTN9	[0, 0, 0, 0, 0, 0, 0, 0, 0]
	 A0A009HIL8	[0, 0, 0, 0, 0, 0, 0, 0, 0]
	 A0A011VMV7	[0, 0, 0, 0, 0, 0, 0, 0, 0]
	 A0A011VNE2	[0, 0, 0, 0, 0, 0, 0, 0, 0]
	 A0A011VSC9	[0, 0, 0, 0, 0, 0, 0, 0, 0]
	 A0A011VUV0	[0, 0, 0, 0, 0, 0, 0, 0, 0]
	 A0A011WSE5	[0, 0, 0, 0, 0, 0, 0, 0, 0]
	 A0A010IZE4	[0, 0, 0, 0, 0, 0, 0, 0, 0]
	 A0A010SPJ7	[0, 0, 0, 0, 0, 0, 0, 0, 0]
	 A0A010SSQ8	[0, 0, 0, 0, 0, 0, 0, 0, 0]
	 A0A010T025	[0, 0, 0, 0, 0, 0, 0, 0, 0]
	 A0A009T3J5	[0, 0, 0, 0, 0, 0, 0, 0, 0]
	 A0A010YJA7	[0, 0, 0, 0, 0, 0, 0, 0, 0]
	 A0A010YZS8	[0, 0, 0, 0, 0, 0, 0, 0, 0]
	 A0A010Z120	[0, 0, 0, 0, 0, 0, 0, 0, 0]
	 A0A010ZTI3	[0, 0, 0, 0, 0, 0, 0, 0, 0]
	 A0A011A146	[0, 0, 0, 0, 0, 0, 0, 0, 0]
	 A0A011AIL7	[0, 0, 0, 0, 0, 0, 0, 0, 0]
	 A0A010ZJQ6	[0, 0, 0, 0, 0, 0, 0, 0, 0]

 ### Operon type: 273

	 A0A010TG27	[465, 0, 121, 0, 0, 0, 712, 0, 0]

 ### Operon type: 274

	 A0A011PMK1	[0, 0, 0, 0, 0, 0, 0, 465, 0]

 ### Operon type: 275

	 A0A009HRU1	[0, 81, 0, 0, 0, 0, 0, 0, 0]

 ### Operon type: 276

	 A0A009HSN8	[0, 71, 0, 0, 0, -1, 0, 105, -1]

 ### Operon type: 277

	 A0A009HV82	[92, 0, 0, 0, 0, 0, 0, 0, 0]

 ### Operon type: 278

	 A0A009IG74	[0, 0, 300, 0, 328, -1, 0, 0, 0]

 ### Operon type: 279

	 A0A009IJ90	[0, 170, 0, 0, 0, 0, 0, 0, 0]

 ### Operon type: 280

	 A0A009ISE1	[698, 0, 697, 0, 0, -1, 0, 0, 0]

 ### Operon type: 281

	 A0A009NM94	[0, 604, 604, 0, 0, 0, 349, 0, 0]

 ### Operon type: 282

	 A0A009Q4N5	[0, 0, 306, 0, 0, 0, 0, 0, 0]

 ### Operon type: 283

	 A0A009SSZ9	[0, 161, 0, 0, 0, 0, 0, 0, 0]

 ### Operon type: 284

	 A0A009TBM2	[0, 0, 0, 0, 0, 0, 0, 0, 245]

 ### Operon type: 285

	 A0A009Q8S9	[0, 0, 515, 245, 0, 584, 0, 0, 0]

 ### Operon type: 286

	 A0A009YIH1	[0, 0, 0, 0, 206, 0, -1, -1, 10]

 ### Operon type: 287

	 A0A009YR05	[0, 0, 0, 0, 29, 0, 0, 0, 0]

 ### Operon type: 288

	 A0A009Z004	[193, 0, 193, 0, 0, 589, 0, 0, 0]

 ### Operon type: 289

	 A0A010IGH8	[0, 0, 0, 0, 0, 0, 0, 250, 0]

 ### Operon type: 290

	 A0A010JIN9	[692, 0, 0, 24, 149, 0, 0, 0, 0]

 ### Operon type: 291

	 A0A010RS09	[0, 0, 0, 0, 112, 0, 714, 714, 0]

 ### Operon type: 292

	 A0A010RUQ5	[0, 0, 0, 0, 0, 0, 0, 0, 410]

 ### Operon type: 293

	 A0A010S195	[593, 0, 12, 17, 0, 0, 0, 0, 0]

 ### Operon type: 294

	 A0A010SCZ2	[0, 0, 0, 0, 0, 0, 0, 52, 0]

 ### Operon type: 295

	 A0A010SN41	[0, 0, 0, 0, 50, 0, 0, 0, 0]

 ### Operon type: 296

	 A0A010SSU2	[0, 0, 0, 0, 39, 0, -1, 508, 0]

 ### Operon type: 297

	 A0A010SUP6	[0, 0, 0, 0, 0, 0, 0, 17, 0]

 ### Operon type: 298

	 A0A010SUY9	[0, 0, 0, 0, 0, 337, 499, 0]

 ### Operon type: 299

	 A0A010THK2	[0, 0, -1, 0, 0, 714, 589, 0, 0]

 ### Operon type: 300

	 A0A010SRL4	[121, 0, 0, -1, 0, 0, 0, 589, 84]

 ### Operon type: 301

	 A0A010YF95	[428, 0, 0, 0, 0, 0, 0, 0, 0]

 ### Operon type: 302

	 A0A010YT39	[0, 30, 0, 0, 0, 0, 0, 0, 0]

 ### Operon type: 303

	 A0A010YX61	[231, 547, 0, 626, 0, 0, 0, 0, 0]

 ### Operon type: 304

	 A0A010ZWJ8	[0, 0, 0, 0, 0, 510, 0, 0, 0]

 ### Operon type: 305

	 A0A009ZVR4	[609, 0, 547, 0, 0, 49, 0, 0, 0]

 ### Operon type: 306

	 A0A011AHW1	[0, 0, 0, 0, 0, 0, 0, 2, 0]

 ### Operon type: 307

	 A0A011NE37	[365, 0, 0, 0, 0, 0, 0, 0, 0]

 ### Operon type: 308

	 A0A011NF78	[0, 0, 541, 0, 0, 0, 0, 0, 0]

 ### Operon type: 309

	 A0A011NVE2	[0, 0, 0, 663, 0, 0, 665, 0, 586]

 ### Operon type: 310

	 A0A011NXJ4	[0, 0, 0, 0, 0, 0, 0, 0, 409]

 ### Operon type: 311

	 A0A011P8I1	[0, 0, 545, 547, 0, 0, 0, 0, 510]

 ### Operon type: 312

	 A0A011P9Q7	[649, 0, 0, 0, 0, 0, 0, 0, 0]

 ### Operon type: 313

	 A0A011PCT1	[0, 0, 0, 0, 0, 0, 0, 627, 0]

 ### Operon type: 314

	 A0A011PJ75	[0, 663, 662, 663, 0, 0, 0, 0, 0]

 ### Operon type: 315

	 A0A011PRB4	[0, 0, 0, 0, 0, 0, 0, 452, 0]

 ### Operon type: 316

	 A0A011Q5V7	[401, 0, 0, 0, 0, 0, 0, 0, 0]

 ### Operon type: 317

	 A0A011QU35	[0, 0, 0, 0, 530, 0, 0, 0, 0]

 ### Operon type: 318

	 A0A011QVT2	[528, 0, 0, 0, 0, 0, 0, 527, 0]

 ### Operon type: 319

	 A0A011RP14	[0, 0, 0, 0, 0, 0, 0, 611, 0]

 ### Operon type: 320

	 A0A011SM49	[665, 0, 611, 0, 0, 0, 594, 0, 0]

 ### Operon type: 321

	 A0A011AM27	[453, 0, 0, 0, 699, 0, 0, 0, 14]

 ### Operon type: 322

	 A0A011T607	[0, 0, 482, 0, 0, 0, 0, 0, 349]

 ### Operon type: 323

	 A0A010S5W8	[0, 0, 378, 482, 0, 0, 0, 0, 0]

 ### Operon type: 324

	 A0A011MSR2	[0, 0, 0, 378, 0, 0, 0, 470, 0]

 ### Operon type: 325

	 A0A010YYJ5	[0, 0, 0, 470, 0, 0, 0, 49, 49]

 ### Operon type: 326

	 A0A011TED9	[0, 0, 0, 0, 0, 347, 0, 0, 0]

 ### Operon type: 327

	 A0A011TXS5	[0, 592, 0, 0, 0, 0, 0, 0, 0]

 ### Operon type: 328

	 A0A011U144	[0, 410, 0, 0, 0, 0, 409, 408, 0]

 ### Operon type: 329

	 A0A011U1C8	[650, 0, 0, 0, 0, 0, 0, 0, 407]

 ### Operon type: 330

	 A0A011U483	[0, 0, 0, 0, 0, 513, 0, 0, 0]

 ### Operon type: 331

	 A0A011UDF3	[0, 0, 0, 0, 0, 343, 0, 0, 0]

 ### Operon type: 332

	 A0A011UG86	[0, 441, 0, 0, 0, 126, 0, 0, 0]

 ### Operon type: 333

	 A0A011UGY3	[0, 0, 0, 125, 0, 0, 0, 125, 0]

 ### Operon type: 334

	 A0A011UJN3	[0, 661, 0, 0, 0, 0, 0, 0, 0]

 ### Operon type: 335

	 A0A009INE0	[666, 0, 0, 0, 0, 0, 0, 662, 661]

 ### Operon type: 336

	 A0A011UQB5	[601, 583, 0, 0, 0, 0, 0, 582, 0]

 ### Operon type: 337

	 A0A011UVI5	[0, 0, 0, 0, 0, 437, 663, 663, 0]

 ### Operon type: 338

	 A0A011UWI3	[0, 0, 0, 0, 436, 0, 435, 593, 0]

 ### Operon type: 339

	 A0A011V5E6	[0, 0, 0, 0, 0, 225, 0, 0, 0]

 ### Operon type: 340

	 A0A011M4H6	[32, 0, 709, 0, 0, 0, 0, 0, 0]

 ### Operon type: 341

	 A0A011VSV3	[0, 0, 0, 0, 0, 0, 550, 0, 0]

 ### Operon type: 342

	 A0A011VWI0	[0, 0, 0, 0, 0, 123, 0, 0, 0]

 ### Operon type: 343

	 A0A011VZ91	[102, 0, 0, 0, 0, 0, 0, 0, 0]

 ### Operon type: 344

	 A0A011W213	[0, 0, 0, 0, 0, 357, 0, 0, 0]

 ### Operon type: 345

	 A0A011WP76	[0, 0, 0, 0, 0, 0, 0, 0, 562]

 ### Operon type: 346

	 A0A011WSD4	[0, 0, 0, -1, 0, 470, 0, 0, 257]

 ### Operon type: 347

	 A0A011VZF5	[0, 0, 221, 222, 0, 470, 257, 470, 0]

 ### Operon type: 348

	 A0A011WSU6	[0, 470, 0, 0, 223, 0, 0, 0, 0]

 ### Operon type: 349

	 A0A013S843	[0, 311, 0, 0, 0, 0, -1, 244, 0]

 ### Operon type: 350

	 A0A013S981	[240, 0, 0, 0, 0, 0, 0, 0, 0]

 ### Operon type: 351

	 A0A013T337	[0, 0, 0, 0, 0, 0, 0, 0, 286]

 ### Operon type: 352

	 A0A013T5E6	[0, 0, 0, 285, 0, 0, 0, 0, 0]

 ### Operon type: 353

	 A0A013SGL3	[268, 232, 231, 230, 267, 485, 297, 650, 266]
	 A0A009I5Z6	[268, 0, 231, 230, 267, 485, 297, 650, 266]
	 A0A009RQH3	[268, 0, 0, 230, 267, 485, 297, 650, 266]
	 A0A009NE81	[268, 232, 231, 230, 267, 485, 297, 650, 266]
	 A0A010KAV2	[268, 0, 0, 230, 267, 485, 297, 650, 266]

 ### Operon type: 354

	 A0A013TB41	[268, -1, 0, 0, 267, 485, 297, 650, 266]

 ### Operon type: 355

	 A0A009H3X4	[268, 0, 0, 0, 267, 485, -1, 714, -1]

 ### Operon type: 356

	 A0A009YL68	[0, 0, 650, 268, 267, 0, 0, 184, 0]

 ### Operon type: 357

	 A0A009T9H0	[0, 10, 515, -1, 0, 0, 151, 0, 81]

 ### Operon type: 358

	 A0A010THH5	[0, 51, 183, 437, 0, 0, 695, 0, 694]

 ### Operon type: 359

	 A0A011VZE3	[0, 0, 0, 712, 101, 0, 0, 0, 0]
	 A0A011WSH8	[0, 0, 0, 712, 101, 0, 0, 0, 0]

 ### Operon type: 360

	 A0A011NAF3	[0, 0, 0, 0, 0, 0, 712, 0, 459]

 ### Operon type: 361

	 A0A009IQ93	[130, 0, 712, 0, 0, 84, 0, 0, 0]

 ### Operon type: 362

	 A0A009TLU4	[0, 592, -1, 171, 0, 20, 0, -1, -1]

 ### Operon type: 363

	 A0A010JNG7	[703, 0, 0, 702, 0, 0, 0, 0, 0]

 ### Operon type: 364

	 A0A010S003	[488, 0, 0, 0, 0, 441, 441, 296, 0]

 ### Operon type: 365

	 A0A010SMN8	[0, -1, 13, 0, 715, 0, 0, 492, 0]

 ### Operon type: 366

	 A0A010SXS1	[0, 580, 0, 0, 0, 98, 0, 0, 527]

 ### Operon type: 367

	 A0A010T689	[14, -1, 695, 615, 0, 0, 0, 0, 0]

 ### Operon type: 368

	 A0A010TBB4	[0, 44, 0, 126, 0, 0, 0, 0, 650]

 ### Operon type: 369

	 A0A010YFK3	[0, 400, 0, 0, 0, 0, 27, 0, 407]

 ### Operon type: 370

	 A0A010YVY1	[6, 0, 6, 0, 0, 0, 0, 296, 0]

 ### Operon type: 371

	 A0A010Z7T4	[0, 0, 0, 0, 0, 0, 0, 704, 455]

 ### Operon type: 372

	 A0A010RRR9	[0, 0, 0, 0, 706, 0, 0, 705, 704]

 ### Operon type: 373

	 A0A010SIA7	[0, 0, 705, 117, 0, 0, 0, 0, 0]

 ### Operon type: 374

	 A0A010ZSZ2	[0, 581, 0, 380, 379, 0, 0, 0, 0]

 ### Operon type: 375

	 A0A010Z0Y7	[0, 0, 0, 0, 379, 289, 0, 0, 0]

 ### Operon type: 376

	 A0A010ZUR7	[26, 3, 0, 3, 0, 2, 296, 0, 0]

 ### Operon type: 377

	 A0A011A0M8	[0, 0, 589, 0, 62, 0, 0, 1, 1]

 ### Operon type: 378

	 A0A011NFL4	[0, 603, 0, 0, 358, 465, 0, 30, 0]

 ### Operon type: 379

	 A0A011P407	[0, 0, 514, 602, 0, 0, 650, 0, 513]

 ### Operon type: 380

	 A0A011QGT2	[712, 0, 0, 578, 577, 0, 0, 0, 0]

 ### Operon type: 381

	 A0A011QSA4	[544, 0, 543, 542, 0, 0, 0, 0, 541]

 ### Operon type: 382

	 A0A011T6J6	[0, 401, 0, 547, 0, 0, 219, 0, 218]

 ### Operon type: 383

	 A0A011TAL2	[0, 482, 0, 0, 0, 351, 0, 355, 0]

 ### Operon type: 384

	 A0A011TYT7	[0, 0, 0, 0, 0, 0, 591, 590, 590]

 ### Operon type: 385

	 A0A011TZG0	[589, 588, 0, 0, 0, 0, 0, 587, 0]

 ### Operon type: 386

	 A0A011Q6N5	[0, 0, 0, 0, 0, 0, 399, 588, 399]

 ### Operon type: 387

	 A0A011UII7	[0, 0, 0, 0, 0, 586, 585, 0, 0]

 ### Operon type: 388

	 A0A011UNT9	[584, 597, 0, 0, 0, 0, 0, 0, 0]

 ### Operon type: 389

	 A0A011SIS0	[0, 599, 598, 598, 0, 0, 0, 597, 0]

 ### Operon type: 390

	 A0A011UT49	[0, 581, 0, 0, 0, 0, 580, 579, 0]

 ### Operon type: 391

	 A0A011VU65	[127, 0, 0, 0, 0, 27, 0, 0, 0]

 ### Operon type: 392

	 A0A011VV03	[0, 26, 0, 0, 425, 32, 0, 0, 0]

 ### Operon type: 393

	 A0A011VVZ9	[0, 0, -1, 0, 0, 52, 25, 25, 596]

 ### Operon type: 394

	 A0A011VWX7	[527, 427, 0, 0, 0, 0, 0, 600, 0]

 ### Operon type: 395

	 A0A011VXK7	[604, 604, 0, 669, 0, 0, 0, 430, 0]

 ### Operon type: 396

	 A0A011W0I6	[100, 0, 0, 0, 0, 375, 0, 99, 0]

 ### Operon type: 397

	 A0A010YEF6	[0, 100, 0, 0, 0, 0, 0, 0, 15]

 ### Operon type: 398

	 A0A013SQH1	[0, 0, 0, 0, 50, 473, 0, 703, 371]

 ### Operon type: 399

	 A0A009LNU8	[173, 182, 432, 172, 0, 171, 0, 703, 0]

 ### Operon type: 400

	 A0A013SRG6	[53, 172, 432, 182, 0, 181, 0, 173, 362]

 ### Operon type: 401

	 A0A009IQU8	[0, 182, 0, 0, 0, 181, 362, 0, 0]

 ### Operon type: 402

	 A0A010K2K8	[432, 172, 53, 0, 0, 0, 0, -1, 703]

 ### Operon type: 403

	 A0A011NPR8	[0, 362, 0, 0, 0, 0, 361, 0, 0]

 ### Operon type: 404

	 A0A010SEA2	[402, 361, 51, 0, 0, 0, 0, 0, 0]

 ### Operon type: 405

	 A0A009ZIC0	[72, 46, 708, 201, 254, 716, 45, 44, 253]

 ### Operon type: 406

	 A0A009ZB47	[186, 185, 0, 0, 0, 470, 692, 0, 0]

 ### Operon type: 407

	 A0A010RM40	[713, 712, 711, 0, 0, 0, 0, -1, 710]

 ### Operon type: 408

	 A0A010RRQ6	[0, 709, 0, 0, 0, 715, 708, 707, 0]

 ### Operon type: 409

	 A0A010S423	[219, 0, 0, 0, 0, 0, 0, 435, 608]

 ### Operon type: 410

	 A0A010T0I7	[0, 0, 15, 0, 0, 545, 543, 712, 0]

 ### Operon type: 411

	 A0A011AHU9	[0, 0, 0, 0, 0, 0, 0, 4, 195]

 ### Operon type: 412

	 A0A010YY02	[0, 5, 0, 0, 5, 404, 11, 0, 4]

 ### Operon type: 413

	 A0A011NA78	[0, 372, 0, 0, 0, 534, 0, 0, 710]

 ### Operon type: 414

	 A0A011P8W7	[509, 514, 527, 0, 508, 0, 0, 0, 0]

 ### Operon type: 415

	 A0A011PG97	[492, 0, 0, 491, 0, 0, 0, 0, 0]

 ### Operon type: 416

	 A0A011PKT4	[0, 473, 0, 0, 0, 0, 472, 0, 0]

 ### Operon type: 417

	 A0A011PLB2	[0, 509, 0, 474, 0, 0, 0, 0, 0]

 ### Operon type: 418

	 A0A011R339	[0, 0, 0, 0, 0, 0, 421, 420, 0]

 ### Operon type: 419

	 A0A011SFE5	[0, 0, 0, 604, 0, 0, 603, 602, 601]

 ### Operon type: 420

	 A0A011SJT5	[0, 0, 0, 596, 595, 595, 595, 595, 595]

 ### Operon type: 421

	 A0A011TDQ5	[0, 0, 0, 0, 348, 376, 0, 0, 0]

 ### Operon type: 422

	 A0A011UG17	[318, 0, 129, 0, 128, 127, 0, 0, 0]

 ### Operon type: 423

	 A0A011V8Z7	[0, 0, 0, 0, 0, 96, 95, 0, 0]

 ### Operon type: 424

	 A0A011VT01	[0, 0, 28, 0, 0, 28, 0, 0, 321]

 ### Operon type: 425

	 A0A011VYP6	[0, 0, 0, 0, 0, 0, 129, 479, 0]

 ### Operon type: 426

	 A0A011V392	[363, 0, 452, 221, 222, 220, 0, 223, 224]

 ### Operon type: 427

	 A0A009Q0U9	[653, 138, 137, 0, 135, 134, -1, -1, 0]

 ### Operon type: 428

	 A0A010SRB2	[20, 19, 0, 0, 0, 19, 18, 0, 0]

 ### Operon type: 429

	 A0A011VJ76	[31, 31, 579, 30, 0, 712, 589, 0, 514]

 ### Operon type: 430

	 A0A013SKX6	[0, 0, 610, 0, 328, 328, 228, 227, 226]

 ### Operon type: 431

	 A0A010KA25	[692, 0, 695, 648, 60, 0, 0, 692, 314]

 ### Operon type: 432

	 A0A011WUA8	[391, 0, 0, 256, 0, 0, 0, 255, 255]

 ### Operon type: 433

	 A0A010S4X6	[0, 289, 711, 441, 262, 0, 356, 471, 714]

 ### Operon type: 434

	 A0A011U8C0	[0, 133, 132, 0, 433, 131, 0, 0, 0]
