
 ### Operon type: 1

	 A0A010ILU3	[439, 438, 437, 553, 436, 435, 434, 433, 466]
	 A0A009QS71	[439, 438, 437, 553, 436, 435, 434, 433, 466]
	 A0A009QBR9	[439, 438, 437, 553, 436, 435, 433, 466, 250]
	 A0A009MW50	[439, 438, 437, 553, 436, 435, 434, 433, 466]
	 A0A009H3B0	[439, 438, 437, 553, 436, 435, 434, 433, 466]
	 A0A009I8S2	[439, 438, 437, 553, 436, 435, 433, 466, 250]
	 A0A009TM70	[439, 438, 437, 553, 436, 435, 433, 466, 250]

 ### Operon type: 2

	 A0A013TH43	[546, 545, 786, 544, 543, 542, 541, 540, 539]
	 A0A009RAF0	[546, 545, 786, 544, 543, 542, 541, 540, 539]

 ### Operon type: 3

	 A0A011PVT3	[792, 640, 639, 638, 637, 636, 635, 634, 633]
	 A0A011R7V7	[792, 640, 639, 638, 637, 636, 635, 634, 633]
	 A0A011MET3	[792, 640, 639, 638, 637, 636, 635, 634, 633]

 ### Operon type: 4

	 A0A013SNJ8	[468, 467, 466, 465, 464, 463, 475, 462, 461]
	 A0A013RZW2	[468, 467, 466, 465, 464, 463, 475, 462, 461]
	 A0A009IV03	[468, 467, 466, 465, 464, 463, 475, 462, 461]
	 A0A009PH20	[468, 467, 466, 465, 464, 463, 475, 462, 461]
	 A0A009SIZ4	[468, 467, 466, 465, 464, 463, 475, 462, 461]
	 A0A009MMM3	[468, 467, 466, 465, 464, 463, 475, 462, 461]
	 A0A010J9U3	[468, 467, 466, 465, 464, 463, 475, 462, 461]
	 A0A009HBT3	[468, 467, 466, 465, 464, 463, 475, 462, 461]
	 A0A009RD69	[468, 467, 466, 465, 464, 463, 475, 462, 461]
	 A0A009YIZ0	[468, 467, 466, 465, 464, 463, 475, 462, 461]

 ### Operon type: 5

	 A0A009PH57	[197, 196, -1, 195, 194, 751, 193, 407, 192]
	 A0A009TG92	[197, 196, -1, 195, 194, 751, 193, 407, 192]

 ### Operon type: 6

	 A0A013S288	[390, 389, 388, 387, 463, 386, 385, 384, 383]
	 A0A013SXT2	[390, 389, 388, 387, 463, 386, 385, 384, 383]
	 A0A009I0I9	[390, 389, 388, 387, 463, 386, 385, 384, 383]
	 A0A009N031	[390, 389, 388, 387, 463, 386, 385, 384, 383]
	 A0A010J3I1	[390, 389, 388, 387, 463, 386, 385, 384, 383]
	 A0A009PWG1	[390, 389, 388, 387, 463, 386, 385, 384, 383]
	 A0A009R2X0	[390, 389, 388, 387, 463, 386, 385, 384, 383]
	 A0A009SFX8	[390, 389, 388, 387, 46, 463, 386, 385, 384]
	 A0A009TBM2	[389, 388, 387, 46, 463, 386, 385, 384, 383]

 ### Operon type: 7

	 A0A013T8M5	[561, 713, 560, 559, 558, 557, 556, 555, 554]
	 A0A010IMP8	[561, 713, 560, 559, 558, 557, 556, 555, 554]
	 A0A013SZ54	[561, 713, 560, 559, 558, 557, 556, 555, 554]
	 A0A009IRJ6	[561, 713, 560, 559, 558, 557, 556, 555, 554]
	 A0A009SWU0	[561, 713, 560, 559, 558, 557, 556, 555, 554]
	 A0A009N123	[561, 713, 560, 559, 558, 557, 556, 555, 554]
	 A0A009Q3K7	[561, 713, 560, 559, 558, 557, 556, 555, 554]
	 A0A009H7U0	[561, 713, 560, 559, 558, 557, 556, 555, 554]
	 A0A009RBQ2	[561, 713, 560, 559, 558, 557, 556, 555, 554]
	 A0A009ZM43	[-1, 713, 560, 559, 558, 557, 556, 555, 554]

 ### Operon type: 8

	 A0A013RMD0	[-1, 457, 589, 456, 455, 593, 454, 453, 452]
	 A0A009RG92	[-1, 457, 589, 456, 455, 593, 454, 453, 452]
	 A0A009QDV7	[-1, 457, 589, 456, 455, 593, 454, 453, 452]
	 A0A009N9Z1	[-1, 457, 589, 456, 455, 593, 454, 453, 452]
	 A0A010JDA6	[-1, 457, 589, 456, 455, 593, 454, 453, 452]
	 A0A009H6M2	[-1, 457, 589, 456, 455, 593, 454, 453, 452]
	 A0A009S854	[-1, 457, 589, 456, 455, 593, 454, 453, 452]
	 A0A009IHQ3	[-1, 457, 589, 456, 455, 593, 454, 453, 452]
	 A0A009ZIC0	[114, 457, 589, 456, 455, 593, 454, 453, 452]

 ### Operon type: 9

	 A0A011UIA1	[354, 353, 352, 351, 350, 349, 348, 347, 0]
	 A0A011V5V3	[0, 354, 353, 352, 351, 350, 349, 348, 347]

 ### Operon type: 10

	 A0A011PTE7	[661, 660, 659, 658, 657, 0, 656, 655, 654]
	 A0A011NE72	[661, 660, 659, 658, 657, 656, 655, 654, 0]

 ### Operon type: 11

	 A0A010JWJ1	[298, 297, 648, 296, 295, 294, 293, 292, 291]
	 A0A009I4A1	[298, 297, 648, 296, 295, 294, 293, 292, 291]

 ### Operon type: 12

	 A0A009QF22	[138, 137, 298, 0, 295, 294, 293, 292, 291]
	 A0A009TBY8	[138, 137, 298, 296, 295, 294, 293, 292, 291]

 ### Operon type: 13

	 A0A011NEY3	[514, 707, 706, 705, 705, 704, 703, 702, 0]

 ### Operon type: 14

	 A0A011PAN4	[707, 706, 0, 705, 705, 704, 703, 702, 701]

 ### Operon type: 15

	 A0A011RCD5	[514, 707, 706, 705, 705, 704, 703, 702, 701]

 ### Operon type: 16

	 A0A011P4U7	[0, 726, 725, 724, 723, 722, 721, 720, 719]
	 A0A011NAY5	[726, 725, 724, 723, 722, 721, 720, 719, 0]

 ### Operon type: 17

	 A0A011PF67	[698, 697, 696, 695, 694, 0, 0, 0, 0]
	 A0A011NBX7	[698, 697, 696, 695, 694, 644, 0, 0, 0]
	 A0A011NW66	[698, 697, 696, 695, 694, 644, 0, 0, 0]

 ### Operon type: 18

	 A0A011NS68	[698, 697, 696, 695, 694, 672, 671, 677, 731]
	 A0A011RHX4	[698, 697, 696, 695, 694, 672, 671, 677, 0]

 ### Operon type: 19

	 A0A010YT39	[0, 675, 33, 588, 32, 31, 30, 29, 339]

 ### Operon type: 20

	 A0A010Z7T4	[33, 588, 32, 31, 30, 29, 339, 586, 667]

 ### Operon type: 21

	 A0A013SP43	[477, 476, 475, 474, 473, 472, 471, 470, 469]
	 A0A010K6G6	[477, 476, 475, 474, 473, 472, 471, 0, 469]
	 A0A009RUN3	[477, 476, 475, 474, 473, 472, 471, 470, 469]

 ### Operon type: 22

	 A0A011VWR4	[0, 0, 0, 0, 223, 222, 221, 220, 219]

 ### Operon type: 23

	 A0A011VYP6	[223, 222, 221, 220, 219, 0, 218, 638, 0]

 ### Operon type: 24

	 A0A011QAS2	[0, 812, 811, 810, 809, 808, 807, 806, 805]
	 A0A011NEQ1	[0, 812, 811, 810, 809, 808, 807, 806, 805]

 ### Operon type: 25

	 A0A010JSI3	[601, 600, 599, 598, 597, 596, 595, 594, 0]
	 A0A009RGL2	[601, 600, 599, 598, 597, 596, 595, 594, 299]
	 A0A013T0M4	[601, 600, 599, 598, 597, 596, 595, 594, 0]
	 A0A009HDS5	[601, 600, 599, 598, 597, 596, 595, 594, 299]

 ### Operon type: 26

	 A0A009SNL0	[129, 128, 340, 127, 126, 125, 124, 123, 122]

 ### Operon type: 27

	 A0A009T1I8	[340, 127, 126, 125, 124, 123, 122, 0, 0]

 ### Operon type: 28

	 A0A011VW71	[0, 94, 93, 92, 91, 90, 89, 782, 88]
	 A0A011VUV0	[94, 93, 92, 91, 90, 89, 782, 88, 0]

 ### Operon type: 29

	 A0A011UG71	[83, 314, 82, 87, 86, 315, 85, 313, 84]

 ### Operon type: 30

	 A0A011V8Z7	[0, 0, 83, 314, 82, 87, 86, 315, 85]

 ### Operon type: 31

	 A0A011V8Y9	[87, 86, 315, 85, 313, 84, 0, 0, 0]

 ### Operon type: 32

	 A0A011U8C0	[0, 315, 314, 0, 404, 313, 0, 0, 0]

 ### Operon type: 33

	 A0A011QSF0	[0, 869, 868, 867, 866, 865, 864, 863, 0]
	 A0A011QBB5	[758, 869, 868, 867, 866, 865, 864, 863, 757]
	 A0A011Q0X6	[758, 869, 868, 867, 866, 865, 864, 863, 757]
	 A0A011Q1X8	[869, 0, 868, 867, 866, 865, 864, 863, 757]

 ### Operon type: 34

	 A0A011PG87	[758, 869, 868, 867, 866, 865, 864, 0, 0]

 ### Operon type: 35

	 A0A011PCT1	[856, 855, 854, 0, 0, 0, 0, 787, 0]

 ### Operon type: 36

	 A0A011QU35	[0, 0, 0, 0, 857, 0, 856, 855, 854]

 ### Operon type: 37

	 A0A011Q2B1	[860, 742, 857, 791, 854, 790, 789, 788, 787]

 ### Operon type: 38

	 A0A011RLN8	[859, 858, 857, 791, 854, 790, 789, 788, 787]

 ### Operon type: 39

	 A0A011P700	[0, 0, 862, 861, 860, 742, 857, 791, 854]

 ### Operon type: 40

	 A0A011QSI4	[0, 0, 862, 861, 860, 0, 859, 858, 857]

 ### Operon type: 41

	 A0A013T337	[649, 591, 576, 575, 574, 836, 573, 839, 572]
	 A0A013TH30	[649, 591, 576, 575, 574, 836, 573, 839, 572]
	 A0A013S981	[378, 649, 591, 576, 575, 574, 836, 573, 839]

 ### Operon type: 42

	 A0A010JY00	[378, 649, 591, 576, 290, 836, 573, 839, 572]

 ### Operon type: 43

	 A0A013TPV4	[490, 489, 488, 487, 486, 485, 777, 648, 484]
	 A0A009QQ47	[490, 489, 488, 487, 486, 485, 777, 648, 484]
	 A0A009MGJ1	[490, 489, 488, 487, 486, 485, 777, 648, 484]
	 A0A010IZE4	[490, 489, 488, 487, 486, 485, 777, 648, 484]
	 A0A009SZB5	[490, 489, 488, 487, 486, 485, 777, 648, 484]
	 A0A009HL81	[490, 489, 488, 487, 486, 485, 777, 648, 484]
	 A0A009HR98	[490, 489, 488, 487, 486, 485, 777, 648, 484]

 ### Operon type: 44

	 A0A009Z8F7	[489, 488, 485, 0, 486, 5, 5, 0, 47]

 ### Operon type: 45

	 A0A009HFU9	[118, 117, 116, 115, 114, 538, 113, 112, 0]
	 A0A009R016	[118, 117, 116, 115, 114, -1, 538, 113, 112]

 ### Operon type: 46

	 A0A011UJN3	[0, 430, 0, 0, 396, 395, 394, 393, 392]

 ### Operon type: 47

	 A0A011W213	[396, 395, 394, 393, 392, 620, 0, 0, 0]

 ### Operon type: 48

	 A0A011QUG8	[853, 852, 851, 850, 849, 848, 0, 847, 846]
	 A0A011QIT1	[853, 852, 851, 850, 849, 848, 847, 846, 835]

 ### Operon type: 49

	 A0A011PP01	[670, 669, 668, 682, 735, 736, 737, 738, 739]
	 A0A011NVE7	[670, 669, 668, 682, 735, 736, 737, 738, 739]

 ### Operon type: 50

	 A0A011P2I4	[815, 683, 740, 739, 738, 737, 736, 735, 682]
	 A0A011N9N8	[815, 683, 740, 739, 738, 737, 736, 735, 682]

 ### Operon type: 51

	 A0A011PIY7	[741, 0, 740, 739, 738, 737, 736, 0, 682]

 ### Operon type: 52

	 A0A011Q3J4	[0, 741, 740, 739, 738, 737, 736, 735, 0]

 ### Operon type: 53

	 A0A011MH88	[681, 741, 740, 739, 738, 737, 736, 735, 682]

 ### Operon type: 54

	 A0A013SPM5	[570, 569, 568, 567, 566, 565, 564, 563, 562]
	 A0A010IX62	[570, 569, 568, 567, 566, 565, 564, 563, 562]
	 A0A009QFZ7	[570, 569, 568, 567, 566, 565, 564, 563, 562]
	 A0A009MH71	[570, 569, 568, 567, 566, 565, 564, 563, 562]
	 A0A009HSL1	[570, 569, 568, 567, 566, 565, 564, 563, 562]
	 A0A009I6Z0	[570, 569, 568, 567, 566, 565, 564, 563, 562]
	 A0A009TK03	[570, 569, 568, 567, 566, 565, 564, 563, 562]

 ### Operon type: 55

	 A0A009ZIX8	[0, 6, 568, 567, 566, 25, 0, 562, 0]

 ### Operon type: 56

	 A0A013TPR7	[497, 496, 495, 494, 493, 492, 491, 715, 650]
	 A0A010JJN4	[497, 496, 495, 494, 493, 492, 491, 715, 650]
	 A0A009PMT3	[497, 496, 495, 494, 493, 492, 491, 715, 650]
	 A0A009NI48	[497, 496, 495, 494, 493, 492, 491, 715, -1]
	 A0A009SEP4	[497, 496, 495, 494, 493, 0, 492, 491, 0]
	 A0A009RMI1	[497, 496, 495, 494, 493, 492, 491, 715, 0]
	 A0A009HJJ5	[497, 496, 495, 494, 493, 492, 491, 715, 63]
	 A0A009I8I7	[497, 496, 495, 494, 493, 492, 491, 715, 63]
	 A0A009YG45	[0, 497, 496, 495, 493, 0, 492, 491, 715]

 ### Operon type: 57

	 A0A013TPQ9	[503, 502, 501, 500, 499, 648, 763, 498, 651]
	 A0A013S8F0	[503, 502, 501, 500, 499, 648, 763, 498, 651]
	 A0A009PMU2	[503, 502, 501, -1, 499, 648, 763, 498, 651]
	 A0A010IZH1	[-1, 502, 501, 500, 499, 648, 763, 498, 651]
	 A0A009SZ84	[503, 502, 501, 500, 499, 648, 763, 498, 651]
	 A0A009HJM0	[503, 502, 501, 500, 499, 648, 763, 498, 651]

 ### Operon type: 58

	 A0A009HUS9	[502, 501, 0, 500, 499, 234, -1, 235, 236]

 ### Operon type: 59

	 A0A009ISE1	[492, 491, 715, 236, 235, -1, 234, 499, 500]

 ### Operon type: 60

	 A0A009NPS1	[503, 502, 501, 500, 499, -1, 715, 491, 492]

 ### Operon type: 61

	 A0A013SB36	[377, 376, 375, 374, 373, 614, 613, 372, 371]
	 A0A009QSI3	[377, 376, 375, 374, 373, 614, 613, 372, -1]

 ### Operon type: 62

	 A0A010ITP2	[377, 376, 375, 374, 373, 614, 613, 0, 0]

 ### Operon type: 63

	 A0A009SII9	[-1, 376, 375, 374, 373, 614, 613, 100, 99]

 ### Operon type: 64

	 A0A009T0Q9	[373, 614, 613, 100, 99, 371, 681, 648, 98]

 ### Operon type: 65

	 A0A009YJF4	[0, 614, 613, 102, 101, 681, 648, 0, 98]

 ### Operon type: 66

	 A0A009GP96	[0, 111, 648, 586, 287, 110, 538, 109, 108]

 ### Operon type: 67

	 A0A009GSR4	[586, 287, 110, 538, 109, 108, 108, 107, 0]

 ### Operon type: 68

	 A0A009IIT6	[111, 648, 586, 287, 109, 108, 108, 107, 0]

 ### Operon type: 69

	 A0A011SQL0	[730, 406, -1, 405, 404, 403, 402, 401, 400]
	 A0A011UZ49	[406, -1, 405, 404, 403, 402, 401, 400, 0]

 ### Operon type: 70

	 A0A009PT82	[683, 760, 173, 172, 239, 238, 237, 171, 170]
	 A0A009SIF9	[683, 760, 173, 172, 239, 238, 237, 171, 170]

 ### Operon type: 71

	 A0A009IS10	[240, 0, 0, 0, 239, 238, 237, 0, 0]

 ### Operon type: 72

	 A0A009QHW5	[0, 0, 0, 439, 239, 238, 237, 0, 136]

 ### Operon type: 73

	 A0A011UVB4	[0, 0, 0, 152, 0, 0, 240, 0, 88]

 ### Operon type: 74

	 A0A011V107	[364, -1, 363, 362, 361, 360, 359, 358, 0]
	 A0A011U7M7	[0, 364, -1, 363, 362, 361, 360, 359, 358]

 ### Operon type: 75

	 A0A011TLH0	[328, 361, 363, 327, 362, 360, 0, 0, 0]

 ### Operon type: 76

	 A0A011UG87	[530, 531, 532, 328, 361, 363, 327, 362, 360]

 ### Operon type: 77

	 A0A011TLH7	[532, 531, 530, 0, 0, 0, 0, 0, 0]

 ### Operon type: 78

	 A0A011TWN2	[529, 528, 527, 526, 525, 524, 523, 0, 0]
	 A0A011TAF9	[0, 0, 529, 528, 527, 526, 525, 524, 523]

 ### Operon type: 79

	 A0A011Q5V7	[830, 0, 0, 0, 829, 828, 827, 826, 825]

 ### Operon type: 80

	 A0A011RM25	[829, 828, 827, 826, 825, 844, 0, 786, 0]

 ### Operon type: 81

	 A0A011QDV3	[766, 765, 764, 763, 762, 761, 760, 0, 759]
	 A0A011QIE8	[766, 765, 764, 763, 762, 761, 759, 0, 0]

 ### Operon type: 82

	 A0A011QAB0	[819, 818, 817, 0, 816, 815, 814, 813, 0]
	 A0A011PL71	[582, 819, 818, 817, 816, 815, 814, 813, 0]

 ### Operon type: 83

	 A0A011Q6N5	[824, 823, 822, 0, 0, 0, 821, 820, 821]

 ### Operon type: 84

	 A0A011SGD5	[0, 0, 0, 0, 0, 0, 824, 823, 822]

 ### Operon type: 85

	 A0A011NYU6	[753, 752, 0, 751, 750, 27, 26, 0, 749]

 ### Operon type: 86

	 A0A011PYI6	[753, 752, 0, 751, 750, 749, 748, 770, 0]

 ### Operon type: 87

	 A0A011P1C0	[0, 0, 27, 26, 749, 0, 0, 0, 0]

 ### Operon type: 88

	 A0A011N4G4	[0, 0, 607, 606, 605, 604, 605, 603, 602]
	 A0A011PKU5	[607, 606, 605, 604, 605, 603, 602, 0, 0]

 ### Operon type: 89

	 A0A010ZWJ8	[21, 20, 19, 667, 18, 712, 517, 712, 17]

 ### Operon type: 90

	 A0A011AHW1	[18, 667, 19, 20, 21, 0, 0, 22, 0]

 ### Operon type: 91

	 A0A011AHU9	[517, 712, 17, 0, 0, 0, 0, 9, 681]

 ### Operon type: 92

	 A0A010ZX98	[16, 15, 14, 13, 12, 11, 763, 763, 0]

 ### Operon type: 93

	 A0A011AIL7	[12, 13, 14, 15, 16, 0, 0, 0, 0]

 ### Operon type: 94

	 A0A010YF95	[831, 38, 847, 37, 36, 36, 35, 397, 34]

 ### Operon type: 95

	 A0A010ZJQ6	[38, 847, 37, 36, 36, 35, 397, 34, 0]

 ### Operon type: 96

	 A0A009GXL8	[105, 104, 103, 102, 101, 296, 131, 135, 134]

 ### Operon type: 97

	 A0A010JIW7	[105, 104, 103, 102, 101, 0, 0, 131, 135]

 ### Operon type: 98

	 A0A011QNA5	[0, 630, 629, 628, 0, 627, 626, 625, 624]
	 A0A009ZLJ7	[624, 625, 626, 627, 0, 0, 630, 629, 628]

 ### Operon type: 99

	 A0A013T0T6	[627, 626, 625, 624, 581, 580, 579, 578, 577]
	 A0A009QMH5	[627, 626, 625, 624, 581, 580, 579, 578, 577]
	 A0A009ISY0	[627, 626, 625, 624, 581, 233, 579, 578, 577]
	 A0A009PE10	[627, 626, 625, 624, 581, 233, 579, 578, -1]
	 A0A009RMD0	[627, 626, 625, 624, 581, 233, 579, 578, 577]
	 A0A009HAX1	[627, 626, 625, 624, 581, 580, 579, 578, 577]

 ### Operon type: 100

	 A0A010ILW6	[627, 626, 625, 624, 581, 580, 0, 0, 578]

 ### Operon type: 101

	 A0A009Z9X7	[626, 625, 624, 0, 581, 0, 843, 0, 578]

 ### Operon type: 102

	 A0A013S8V2	[381, 380, 0, 0, 0, 379, 0, 0, 0]
	 A0A009R8E1	[0, 57, 0, 381, 380, 0, 0, 379, 0]

 ### Operon type: 103

	 A0A009ICH6	[468, 163, 162, 161, 290, 62, 61, 60, 839]
	 A0A009ZFR5	[468, 163, 162, 161, 290, 62, 61, 60, 839]

 ### Operon type: 104

	 A0A009NQA1	[468, 163, 162, 161, 160, 159, 576, 839, 836]
	 A0A009RR21	[468, 163, 162, 161, 160, 159, 576, 839, 836]

 ### Operon type: 105

	 A0A009HTN9	[468, 163, 162, 161, 160, 159, 69, 793, 68]
	 A0A009T3J5	[468, 163, 162, 161, 160, 159, 69, 793, 68]

 ### Operon type: 106

	 A0A009Q0U9	[468, 163, 162, 161, 160, 159, -1, -1, 0]

 ### Operon type: 107

	 A0A009QEG7	[249, 248, 247, 246, 245, 244, 243, 242, 241]
	 A0A009IPC3	[249, 248, 247, 246, 245, 244, 243, 242, 241]

 ### Operon type: 108

	 A0A009I573	[151, 0, 180, 181, 0, 182, 245, 246, 247]

 ### Operon type: 109

	 A0A009ILP9	[242, 0, 247, 246, 245, 182, 241, 181, 180]

 ### Operon type: 110

	 A0A009I953	[242, 0, 247, 246, 245, 182, 241, 0, -1]

 ### Operon type: 111

	 A0A009SX74	[691, 731, 0, 181, 241, 242, 248, 249, 130]

 ### Operon type: 112

	 A0A010IPH1	[429, 479, 647, 428, 427, 426, 425, 424, 423]
	 A0A009MMG9	[429, 479, 647, 428, 427, 426, 425, 424, 423]
	 A0A009ICP5	[429, 479, 647, 428, 427, 426, 425, 424, 423]
	 A0A009QVK8	[429, 479, 647, 428, 427, 426, 425, 424, 423]

 ### Operon type: 113

	 A0A009SIV4	[156, 155, 154, 153, 427, 426, 425, 424, 423]
	 A0A009HTW0	[156, 155, 154, 153, 427, 426, 425, 424, 423]
	 A0A009QLL2	[156, 155, 154, 153, 427, 426, 425, 424, 423]
	 A0A013TSJ4	[155, 154, 0, 153, 427, 426, 425, 424, 423]

 ### Operon type: 114

	 A0A013TCN9	[553, 552, 551, 550, 549, 548, 547, 648, 763]
	 A0A009QNC9	[553, 552, 551, 550, 549, 548, 547, 648, 763]
	 A0A010ITG1	[553, 552, 551, 550, 549, 548, 547, 648, 763]
	 A0A009NIJ3	[553, 552, 551, 550, 549, 548, 547, 648, 763]
	 A0A013TRC1	[553, 552, 551, 550, 549, 548, 547, 648, 763]

 ### Operon type: 115

	 A0A009H935	[0, 0, 551, 550, 549, 548, 547, 648, 763]

 ### Operon type: 116

	 A0A009IMX3	[422, 421, 420, 419, 418, 177, 177, 770, 176]
	 A0A009QEX0	[422, 421, 420, 419, 418, 177, 177, 770, 176]
	 A0A009SF48	[422, 421, 420, 419, 418, -1, 177, 770, 176]

 ### Operon type: 117

	 A0A010ISX2	[422, 421, 420, 419, 418, 417, 468, 416, 415]
	 A0A013S7V1	[422, 421, 420, 419, 418, 417, 468, 416, 415]
	 A0A009RES7	[422, 421, 420, 419, 418, 417, 468, 416, 415]
	 A0A009MR00	[422, 421, 420, 419, 418, 417, 468, 416, 415]

 ### Operon type: 118

	 A0A009YTT3	[3, 114, 420, 419, 418, 417, 468, 416, 415]

 ### Operon type: 119

	 A0A009GYP9	[0, 0, 0, 419, 418, 417, 468, 416, 415]

 ### Operon type: 120

	 A0A009ZZC8	[-1, 128, 129, 3, 114, 420, 419, 418, 417]

 ### Operon type: 121

	 A0A011WSE5	[283, 282, 281, 280, 279, 278, 277, 276, 336]
	 A0A011UGX8	[96, 283, 282, 281, 280, 279, 278, 277, 276]

 ### Operon type: 122

	 A0A011VZG0	[335, 0, 96, 283, 282, 281, 280, 279, 278]

 ### Operon type: 123

	 A0A009PJF7	[191, 190, 190, 189, 188, 187, 186, 185, 184]
	 A0A009SJZ7	[152, 191, 190, 189, 188, 187, 186, 185, 184]

 ### Operon type: 124

	 A0A009Z5G0	[187, 189, 190, 0, 409, 191, 152, 459]

 ### Operon type: 125

	 A0A010JJC1	[767, 446, 445, 444, 443, 442, 441, 447, 440]
	 A0A010IZ41	[446, 445, 444, 443, 442, 441, 447, 440, 475]

 ### Operon type: 126

	 A0A009QJL6	[767, 446, 445, 444, 0, 440, 475, 133, 0]

 ### Operon type: 127

	 A0A013TB41	[483, -1, 482, 481, 480, 683, 479, 728, 478]
	 A0A013SGL3	[483, 370, 482, 481, 480, 683, 479, 728, 478]
	 A0A010KAV2	[483, 370, 482, 481, 480, 683, 479, 728, 478]
	 A0A009PG53	[483, 370, 482, 481, 480, 683, 479, 728, 478]
	 A0A009NE81	[483, 370, 482, 481, 480, 683, 479, 728, 478]
	 A0A009RQH3	[483, 370, 482, 481, 480, 683, 479, 728, 478]
	 A0A009I5Z6	[483, 370, 482, 481, 480, 683, 479, 728, 478]
	 A0A009SHB3	[483, 370, 482, 481, 480, 683, 479, 728, 478]

 ### Operon type: 128

	 A0A009H3X4	[483, 370, 482, 481, 480, 683, -1, 679, -1]

 ### Operon type: 129

	 A0A009PIB4	[0, 0, 0, 169, 168, 167, 538, 648, 815]
	 A0A009SLR5	[0, 0, 0, 169, 168, 167, 538, 648, 815]

 ### Operon type: 130

	 A0A009HSU4	[0, 0, 611, 648, 0, 683, 728, 815, 538]

 ### Operon type: 131

	 A0A009I463	[778, 65, 64, 463, 463, 339, 338, 337, 158]
	 A0A009PAG1	[778, 65, 64, 463, 463, 339, 338, 337, 158]

 ### Operon type: 132

	 A0A013SKX6	[0, 0, 778, 0, 463, 463, 339, 338, 337]

 ### Operon type: 133

	 A0A011Q5S3	[835, 834, 0, 0, 0, 0, 833, 832, 831]

 ### Operon type: 134

	 A0A011UZZ4	[0, 833, 832, 0, 0, 0, 369, 369, 831]

 ### Operon type: 135

	 A0A011UTJ0	[0, 0, 0, 77, 76, 75, 721, 74, 73]

 ### Operon type: 136

	 A0A011VMV7	[77, 76, 75, 721, 74, 73, 346, 345, 344]

 ### Operon type: 137

	 A0A011NYT4	[718, 717, 716, 715, 0, 615, 615, 614, 613]

 ### Operon type: 138

	 A0A011P8E9	[0, 0, 718, 717, 0, 716, 715, 0, 0]

 ### Operon type: 139

	 A0A010TF34	[0, -1, 0, 0, 53, 52, 51, 50, 49]
	 A0A010SYH9	[53, 52, 51, 50, 49, 0, 0, 0, 0]

 ### Operon type: 140

	 A0A010S7A1	[324, 323, 322, 321, 0, 320, 0, 0, 0]
	 A0A010TFJ4	[0, -1, 0, 324, 323, 322, 321, -1, 320]

 ### Operon type: 141

	 A0A009PAV9	[212, -1, 647, 211, 463, 538, 210, 209, 208]
	 A0A009HJC2	[212, 763, 647, 211, 463, 538, 210, 209, 208]

 ### Operon type: 142

	 A0A009SE02	[0, 208, 0, 0, 0, 209, 210, 538, 463]

 ### Operon type: 143

	 A0A009RSB7	[728, 468, 708, 414, 198, 648, 648, 449, 412]
	 A0A009SYU8	[728, 468, 708, 414, 198, 648, 648, 449, 412]
	 A0A009HS41	[728, 468, 708, 414, 198, 648, 648, 449, 412]

 ### Operon type: 144

	 A0A010IT25	[728, 468, 708, 414, 413, 648, 648, 449, 412]
	 A0A013SHA9	[728, 468, 708, 414, 413, 648, 648, 449, 412]
	 A0A009I466	[728, 468, 708, 414, 413, 648, 648, 449, 412]

 ### Operon type: 145

	 A0A009NMQ9	[728, 468, 708, 414, 413, 0, 648, 648, 449]

 ### Operon type: 146

	 A0A009P8A9	[0, 0, 708, 414, 198, 648, 648, 449, 412]

 ### Operon type: 147

	 A0A009ITT8	[232, 231, 230, 305, 304, 229, 303, 302, 301]
	 A0A009NJ90	[232, 231, 230, 305, 304, 183, 229, 303, 302]

 ### Operon type: 148

	 A0A009NCH6	[227, 303, 302, 301, 226, 225, 224, 145, 132]
	 A0A009IJ01	[303, 302, 301, 300, 226, 225, 224, 145, 132]

 ### Operon type: 149

	 A0A009RQL5	[303, 302, 301, 146, 226, 225, 224, 145, 0]

 ### Operon type: 150

	 A0A009MGQ8	[304, 0, 227, 303, 302, 301, 226, 225, 224]

 ### Operon type: 151

	 A0A009IJ07	[308, 307, 306, 305, 304, 303, 302, 301, 300]
	 A0A009RHH7	[308, 307, 306, 305, 304, 183, 303, 302, 301]
	 A0A009S6G1	[308, 307, 306, 305, 304, 303, 302, 301, 226]

 ### Operon type: 152

	 A0A009HZK2	[306, 305, 304, 303, 302, 301, 300, 226, 225]

 ### Operon type: 153

	 A0A009R4N4	[305, 304, 183, 303, 302, 301, 146, 226, 225]

 ### Operon type: 154

	 A0A009S5A5	[304, 183, 229, 303, 302, 301, 300, 144, 226]

 ### Operon type: 155

	 A0A009RHH9	[0, 0, 0, 0, 343, 308, 307, 306, 305]

 ### Operon type: 156

	 A0A011PGU1	[0, 0, 690, 689, 688, 687, 686, 685, 684]
	 A0A011MDH1	[743, 0, 690, 689, 688, 687, 686, 685, 684]

 ### Operon type: 157

	 A0A011V0P4	[513, 368, 0, 0, 367, 0, 0, 366, 365]

 ### Operon type: 158

	 A0A011WPV7	[366, 365, 0, 0, 0, 0, 0, 0, 0]

 ### Operon type: 159

	 A0A011UDF3	[689, 311, 0, 0, 0, 522, 310, 309, 873]

 ### Operon type: 160

	 A0A011VSC9	[310, 309, 873, 0, 0, 0, 0, 0, 0]

 ### Operon type: 161

	 A0A011SF89	[775, 774, 773, 0, 0, 0, 0, 0, 0]

 ### Operon type: 162

	 A0A011UCX7	[0, 819, 775, 774, 0, 773, 312, 0, 0]

 ### Operon type: 163

	 A0A011RNP9	[0, 0, 0, 0, 0, 782, 814, 0, 0]

 ### Operon type: 164

	 A0A011V0B5	[778, 0, 0, 0, 0, 0, 782, 0, 0]

 ### Operon type: 165

	 A0A011RQC9	[0, 778, 777, 0, 0, 0, 0, 776, 0]

 ### Operon type: 166

	 A0A011QG28	[623, 622, 689, 0, 688, 687, 713, 621, 714]
	 A0A011RIM8	[623, 622, 0, 0, 688, 687, 713, 621, 714]

 ### Operon type: 167

	 A0A011PHI6	[734, 0, 733, 0, 0, 732, 850, 746, 0]

 ### Operon type: 168

	 A0A011QI68	[0, 0, 733, 732, 0, 0, 0, 0, 0]

 ### Operon type: 169

	 A0A011NVJ6	[618, 797, 796, 795, 794, 793, 0, 0, 617]

 ### Operon type: 170

	 A0A011PVP2	[0, 797, 796, 795, 794, 793, 0, 0, 792]

 ### Operon type: 171

	 A0A011NXY7	[0, 0, 796, 0, 794, 0, 0, 0, 0]

 ### Operon type: 172

	 A0A011QR69	[841, 840, 839, 838, 837, 836, 0, 0, 0]
	 A0A011NUB4	[841, 840, 839, 838, 837, 836, 0, 620, 0]

 ### Operon type: 173

	 A0A011NN36	[840, 839, 0, 0, 837, 836, 0, 0, 0]

 ### Operon type: 174

	 A0A011PK69	[839, 585, 0, 0, 837, 836, 0, 0, 0]

 ### Operon type: 175

	 A0A011RMI6	[803, 802, 785, 784, 783, 801, 800, 799, 798]
	 A0A011NYD6	[803, 802, 785, 784, 783, 801, 800, 799, 798]

 ### Operon type: 176

	 A0A011QB28	[804, 803, 802, 0, 0, 801, 800, 799, 798]

 ### Operon type: 177

	 A0A011NF33	[0, 801, 800, 0, 0, 0, 0, 0, 0]

 ### Operon type: 178

	 A0A011NBY4	[643, 0, 0, 642, 0, 0, 641, 0, 0]

 ### Operon type: 179

	 A0A011WRT0	[643, 0, 0, 0, 0, 0, 0, 770, 0]

 ### Operon type: 180

	 A0A011SHV5	[0, 0, 0, 0, 0, 768, 770, 767, 0]

 ### Operon type: 181

	 A0A011NB95	[0, 845, 0, 0, 0, 0, 647, 646, 645]

 ### Operon type: 182

	 A0A011UHT4	[133, 95, 646, 0, 0, 55, 55, 645, 0]

 ### Operon type: 183

	 A0A010Z1W7	[0, 0, 0, 0, 0, 265, 0, 505, 506]

 ### Operon type: 184

	 A0A011VY84	[0, 0, 506, 505, 0, 0, 0, 0, 0]

 ### Operon type: 185

	 A0A010YW85	[0, 0, 0, 0, 0, 332, 0, 505, 506]

 ### Operon type: 186

	 A0A010ZMA0	[505, 652, 0, 0, 0, 0, 0, 0, 0]

 ### Operon type: 187

	 A0A011N5L2	[0, 0, 0, 652, 0, 651, 650, 0, 0]

 ### Operon type: 188

	 A0A009MJ75	[0, 0, 158, 157, 269, 0, 0, 0, 586]

 ### Operon type: 189

	 A0A010IH51	[0, 423, 0, 0, 269, 0, 586, 0, 0]

 ### Operon type: 190

	 A0A011TYT7	[0, 0, 0, 0, 0, 0, 423, 398, 398]

 ### Operon type: 191

	 A0A010RRR9	[0, 0, 0, 0, 637, 0, 0, 587, 586]

 ### Operon type: 192

	 A0A010SIA7	[0, 0, 587, 321, 0, 0, 0, 0, 0]

 ### Operon type: 193

	 A0A010RFQ9	[0, 0, 593, 0, 592, 0, 0, 0, 0]

 ### Operon type: 194

	 A0A010SPR9	[44, 44, 0, 0, 0, 592, 0, 0, 0]

 ### Operon type: 195

	 A0A009LNU8	[271, 273, 402, 289, 0, 228, 0, 538, 0]

 ### Operon type: 196

	 A0A013SRG6	[288, 289, 402, 273, 0, 272, 0, 271, 674]

 ### Operon type: 197

	 A0A009IQU8	[0, 273, 0, 0, 0, 272, 674, 0, 0]

 ### Operon type: 198

	 A0A010K2K8	[402, 289, 288, 0, 0, 0, 0, -1, 538]

 ### Operon type: 199

	 A0A011NPR8	[0, 674, 0, 0, 0, 0, 673, 0, 0]

 ### Operon type: 200

	 A0A010SEA2	[834, 673, 318, 0, 0, 0, 0, 0, 0]

 ### Operon type: 201

	 A0A010IGH8	[0, 0, 0, 0, 0, 0, 0, 448, 449]

 ### Operon type: 202

	 A0A010STD3	[0, 0, 0, 521, 520, 519, 0, 449, 448]

 ### Operon type: 203

	 A0A010SQJ5	[382, 428, 0, 521, 520, 519, 0, 0, 0]

 ### Operon type: 204

	 A0A013RVV2	[553, 0, 451, 450, 0, 0, 449, 448, 0]

 ### Operon type: 205

	 A0A011TD67	[522, 0, 0, 521, 520, 519, 518, 0, 517]

 ### Operon type: 206

	 A0A009ZC12	[0, 0, 0, 521, 0, 519, 518, 4, 871]

 ### Operon type: 207

	 A0A009YSC7	[0, 0, 641, 1, 0, 1, 451, 450, 0]

 ### Operon type: 208

	 A0A009ZJK4	[0, 0, 0, 0, 0, 0, 468, 41, 0]

 ### Operon type: 209

	 A0A010SVN1	[-1, 41, 648, 325, 329, 0, 0, 468, 0]

 ### Operon type: 210

	 A0A009PFK7	[204, 203, 202, 201, 200, 0, 0, 199, 0]
	 A0A009QGN4	[204, 203, 202, 201, 200, 199, 0, 0, 0]

 ### Operon type: 211

	 A0A009YR20	[0, 199, 0, 0, 0, 0, 203, 0, 0]

 ### Operon type: 212

	 A0A009SCM5	[121, 120, 119, 0, 0, 0, 0, 0, 0]

 ### Operon type: 213

	 A0A009TJ77	[130, 139, 0, 0, 0, 0, 121, 120, 119]

 ### Operon type: 214

	 A0A009HZV2	[0, 0, 0, 0, 263, 262, 183, 0, 0]

 ### Operon type: 215

	 A0A009QPE7	[0, 0, 0, 0, 263, 262, 0, 0, 0]

 ### Operon type: 216

	 A0A009MGR3	[0, 0, 257, 0, 571, 144, 115, 256, 255]

 ### Operon type: 217

	 A0A009Q4G0	[0, 258, 257, 0, 571, 0, 256, 255, 256]

 ### Operon type: 218

	 A0A009PB53	[0, 0, 207, 206, 571, 256, 255, 256, 205]

 ### Operon type: 219

	 A0A009PUJ8	[0, 207, 206, 571, 0, 205, 131, 135, 134]

 ### Operon type: 220

	 A0A009QQC0	[261, 0, 260, 648, 341, 341, 259, 498, 325]
	 A0A009H7I0	[261, 0, 0, 648, 341, 341, 259, 498, 325]

 ### Operon type: 221

	 A0A009MVG4	[260, 0, 342, 648, 341, 341, 259, 498, 325]

 ### Operon type: 222

	 A0A009QA91	[252, 251, 728, 648, 341, 341, 259, 498, 325]
	 A0A010J377	[252, 251, 728, 648, 341, 341, 259, 498, 325]

 ### Operon type: 223

	 A0A009S1X4	[252, 251, 728, 648, 341, 341, 648, 0, 193]

 ### Operon type: 224

	 A0A013SHF4	[0, 0, 342, 648, 341, 341, 0, 340, 0]

 ### Operon type: 225

	 A0A011N3C3	[0, 0, 0, 611, 610, 609, 632, 631, 608]
	 A0A011PJK8	[611, 610, 609, 632, 631, 608, 0, 0, 0]

 ### Operon type: 226

	 A0A011WKI4	[0, 0, 0, 0, 0, 676, 215, 214, 217]
	 A0A011UWH1	[676, 215, 214, 217, 0, 0, 0, 0, 0]

 ### Operon type: 227

	 A0A010YKP2	[0, 0, 0, 0, 0, 0, 617, 357, 0]

 ### Operon type: 228

	 A0A011V1A2	[368, 0, 0, 357, 0, 0, 0, 0, 0]

 ### Operon type: 229

	 A0A011NGS0	[0, 0, 0, 0, 756, 755, 0, 0, 0]

 ### Operon type: 230

	 A0A011PW61	[0, 0, 0, 0, 756, 755, 0, 0, 754]

 ### Operon type: 231

	 A0A011UXI1	[0, 583, 0, 0, 756, 755, 516, 0, 0]

 ### Operon type: 232

	 A0A011SWI9	[-1, -1, 0, 734, 756, 755, 516, -1, -1]

 ### Operon type: 233

	 A0A011P952	[755, 0, 709, 0, 0, 709, 0, 0, 0]

 ### Operon type: 234

	 A0A011Q1B3	[747, 746, 745, 744, 745, 792, 743, 0, 0]
	 A0A011QVV5	[0, 0, 747, 746, 745, 744, 745, 792, 743]

 ### Operon type: 235

	 A0A011NSG8	[0, 0, 0, 746, 745, 744, 0, 745, 0]

 ### Operon type: 236

	 A0A011P0X4	[0, 0, 743, 0, 745, 0, 0, 744, 57]

 ### Operon type: 237

	 A0A010YNY9	[0, 0, 266, 28, 0, 0, 0, 0, 66]

 ### Operon type: 238

	 A0A011AC71	[193, 0, 0, 331, 0, 266, 28, 0, 728]

 ### Operon type: 239

	 A0A011PRW6	[663, 0, 0, 0, 662, 802, 785, 0, 0]
	 A0A011QLX0	[0, 663, 0, 0, 662, 0, 802, 785, 0]

 ### Operon type: 240

	 A0A010SML6	[0, 802, 785, -1, 0, 731, 0, 0, 0]

 ### Operon type: 241

	 A0A010RS09	[0, 0, 0, 0, 50, 0, 679, 679, 0]

 ### Operon type: 242

	 A0A010RTE7	[0, 0, 0, 0, 0, 0, 50, 139, 0]

 ### Operon type: 243

	 A0A009P817	[254, 0, 0, 0, 166, 0, 334, 165, 164]

 ### Operon type: 244

	 A0A009TIY0	[0, 0, 0, 0, 166, 0, 334, 165, 0]

 ### Operon type: 245

	 A0A009QKA3	[334, 165, 0, 164, 0, 0, 0, 0, 204]

 ### Operon type: 246

	 A0A009HSR2	[0, 150, 149, 0, 148, 141, 147, 183, 142]

 ### Operon type: 247

	 A0A009SWM1	[0, 150, 149, 0, 148, 0, 0, 147, 0]

 ### Operon type: 248

	 A0A009MYX0	[143, 142, 0, 611, 0, 0, 147, 141, 140]

 ### Operon type: 249

	 A0A009QK79	[0, 0, 140, 141, 0, 147, 0, 0, 142]

 ### Operon type: 250

	 A0A009GXJ1	[356, 355, 141, 147, 106, 183, 142, 143, 0]

 ### Operon type: 251

	 A0A013TKW8	[0, 699, 0, 538, 537, 536, 535, 534, 533]
	 A0A010IT95	[0, 0, 0, 538, 537, 536, 535, 534, 533]
	 A0A009QT77	[0, 0, -1, 538, 537, 536, 535, 534, 533]
	 A0A009PRQ9	[0, 538, 174, 0, 537, 536, 535, 534, 533]
	 A0A009S0T6	[0, 0, 538, 174, 537, 536, 535, 534, 533]
	 A0A009MH36	[0, 0, 0, 538, 537, 536, 535, 534, 533]
	 A0A009GWD0	[183, 0, 0, 538, 537, 536, 535, 534, 533]
	 A0A009I5G9	[0, 0, 538, 174, 537, 536, 535, 534, 533]

 ### Operon type: 252

	 A0A013TMJ7	[763, -1, 0, 538, 537, 534, 533, 0, 0]

 ### Operon type: 253

	 A0A011VXC2	[-1, 512, 0, 665, 511, 510, 509, 508, 507]
	 A0A011V392	[512, 0, 665, 511, 510, 509, 0, 508, 507]

 ### Operon type: 254

	 A0A011V490	[335, 460, 0, 507, 508, 509, 510, 511, 665]

 ### Operon type: 255

	 A0A011VZF5	[0, 0, 511, 510, 509, 819, 460, 819, 0]

 ### Operon type: 256

	 A0A011WLE7	[0, 0, 0, 0, 0, 213, 0, 0, 0]
	 A0A011VU44	[0, 0, 0, 0, 0, 213, 0, 0, 0]

 ### Operon type: 257

	 A0A011VAP2	[0, 0, 80, 0, 0, 0, 0, 0, 285]

 ### Operon type: 258

	 A0A011VRJ8	[0, 0, 0, 0, 0, 0, 80, 0, 0]

 ### Operon type: 259

	 A0A011RNU1	[0, 0, 0, 0, 0, 0, 781, 781, 780]

 ### Operon type: 260

	 A0A011VKJ9	[0, 0, 0, 0, 0, 0, 780, 781, -1]

 ### Operon type: 261

	 A0A011PQZ7	[0, 0, 0, 667, 750, 0, 666, 0, 0]

 ### Operon type: 262

	 A0A011TUX4	[0, 0, 0, 0, 750, 0, 0, 666, 0]

 ### Operon type: 263

	 A0A011STZ9	[0, 0, 0, 666, 0, 0, 0, 0, 0]

 ### Operon type: 264

	 A0A011PRF5	[664, 0, 0, 0, 0, 0, 0, 0, 0]
	 A0A011PUJ9	[0, 0, 0, 0, 0, 0, 0, 0, 664]

 ### Operon type: 265

	 A0A011PFY8	[0, 0, 0, 0, 0, 0, 0, 0, 693]

 ### Operon type: 266

	 A0A011PNS3	[842, 693, 0, 0, 0, 0, 0, 0, 0]

 ### Operon type: 267

	 A0A011T648	[0, 693, 0, 0, 0, 0, 0, 839, 0]

 ### Operon type: 268

	 A0A010YYJ5	[0, 0, 0, 819, 0, 0, 0, 48, 48]

 ### Operon type: 269

	 A0A011NDM5	[819, 0, 0, 0, 0, 0, 0, 0, 0]

 ### Operon type: 270

	 A0A011MSR2	[0, 0, 0, 612, 0, 0, 0, 819, 819]

 ### Operon type: 271

	 A0A011WSU6	[0, 819, 0, 0, 508, 0, 0, 0, 0]

 ### Operon type: 272

	 A0A011U3C2	[0, 0, 713, 0, 0, 0, 0, 0, 0]
	 A0A011AEN3	[0, 0, 0, 0, 0, 0, 713, 0, 0]

 ### Operon type: 273

	 A0A011AAZ2	[0, 67, 0, 0, 0, 713, 713, 713, 0]

 ### Operon type: 274

	 A0A011T698	[0, 0, 0, 0, 0, 728, 713, 0, 0]

 ### Operon type: 275

	 A0A010YRE8	[0, 0, 0, 0, 0, 0, 0, 11, 0]

 ### Operon type: 276

	 A0A011AF05	[0, 0, 193, 11, 0, 0, 0, 0, 0]

 ### Operon type: 277

	 A0A009ZG48	[0, 0, 0, 699, 0, 0, 0, 0, 0]

 ### Operon type: 278

	 A0A011PEJ8	[0, 0, 700, 699, 0, 0, 0, 0, 0]

 ### Operon type: 279

	 A0A011QNJ7	[678, 0, 0, 699, 0, 0, 0, 678, 0]

 ### Operon type: 280

	 A0A011MMJ4	[0, 0, 0, 0, 0, 0, 0, 678, 0]

 ### Operon type: 281

	 A0A011R8M3	[0, 0, 700, 699, 0, 515, 0, 678, 0]

 ### Operon type: 282

	 A0A009ZC82	[0, 0, 730, 0, 0, 0, 0, 0, 0]

 ### Operon type: 283

	 A0A011P3F6	[731, 0, 0, 730, 0, 0, 0, 0, 0]

 ### Operon type: 284

	 A0A009IG48	[0, 0, 0, 179, 178, 0, 0, 0, 731]

 ### Operon type: 285

	 A0A009IMQ0	[0, 0, 0, 179, 178, 0, 0, 0, 0]

 ### Operon type: 286

	 A0A009SWV1	[0, 0, 0, 0, 0, 0, 0, 179, 0]

 ### Operon type: 287

	 A0A009Q512	[0, 0, 0, 0, 253, 0, 0, 0, 0]
	 A0A009PMZ9	[253, 0, 0, 0, 0, 0, 0, 0, 0]

 ### Operon type: 288

	 A0A009IFL2	[0, 59, 0, 58, -1, 0, 0, 0]

 ### Operon type: 289

	 A0A009ZDS1	[-1, -1, 0, 59, 0, 0, 446, 0, 0]

 ### Operon type: 290

	 A0A010SNM6	[268, 267, -1, 0, 0, 0, 763, 0, 0]

 ### Operon type: 291

	 A0A010T5D8	[267, 268, 0, -1, 0, -1, 475, 0, 0]

 ### Operon type: 292

	 A0A011UB51	[504, 0, 0, 0, 0, 0, 0, 0, 0]
	 A0A011UFH1	[0, 0, 0, 0, 0, 504, 0, 0, 0]

 ### Operon type: 293

	 A0A011V965	[0, -1, -1, 0, 81, 0, -1, -1, 0]
	 A0A011VHP2	[0, -1, -1, -1, 81, 0, 0, 0, 0]

 ### Operon type: 294

	 A0A010RVD0	[-1, 0, 0, -1, 0, 863, 863, 0, 45]

 ### Operon type: 295

	 A0A010T7Q5	[0, 45, 0, 0, 0, 0, -1, 0, 0]

 ### Operon type: 296

	 A0A010SJH7	[0, 0, 763, -1, 0, 0, 259, 0, 0]

 ### Operon type: 297

	 A0A010SRR2	[0, 0, -1, 0, 0, 0, 0, 0, 763]

 ### Operon type: 298

	 A0A010RKP8	[0, 0, 0, 0, 0, 0, -1, 0, 0]
	 A0A010TF14	[-1, 0, 0, 0, 0, 0, 0, 0, 0]
	 A0A010RY47	[-1, 0, -1, 0, 0, 0, 0, 0, 0]
	 A0A011UZ32	[0, 0, 0, 0, 0, -1, 0, 0, 0]
	 A0A009HJU6	[0, 0, 0, 0, 0, 0, 0, 0, -1]

 ### Operon type: 299

	 A0A010SJF9	[0, 0, 0, 0, 0, -1, 0, 270, -1]

 ### Operon type: 300

	 A0A011ML54	[0, 0, 0, 680, 0, 0, 0, 0, -1]

 ### Operon type: 301

	 A0A011NHY1	[0, 0, 0, 0, 0, 763, 0, 0, 0]

 ### Operon type: 302

	 A0A010Z171	[0, 0, 0, 0, 0, 0, 763, 0, 611]

 ### Operon type: 303

	 A0A011T697	[763, 0, 0, 0, 0, 0, 0, 0, 334]

 ### Operon type: 304

	 A0A011TDD1	[0, 330, 763, 0, 0, 0, 0, 0, 0]

 ### Operon type: 305

	 A0A011VW24	[0, 0, 844, 0, 0, 0, 0, 0, -1]

 ### Operon type: 306

	 A0A011T8V3	[0, 0, 844, 0, 0, 0, 0, 0, 0]

 ### Operon type: 307

	 A0A010TH98	[754, 0, 0, 844, 0, 0, 0, 0, 0]

 ### Operon type: 308

	 A0A011QVR3	[0, 0, 0, 0, 0, 0, 0, 845, 844]

 ### Operon type: 309

	 A0A011VYF1	[844, 0, 0, 0, 0, 0, 504, 0, 0]

 ### Operon type: 310

	 A0A010S415	[-1, 844, 0, 325, 0, 0, 0, 0, 435]

 ### Operon type: 311

	 A0A011QSN2	[0, 0, 0, 0, 0, 0, 0, 0, 0]
	 A0A011Q056	[0, 0, 0, 0, 0, 0, 0, 0, 0]
	 A0A011P9Z5	[0, 0, 0, 0, 0, 0, 0, 0, 0]
	 A0A011PBM9	[0, 0, 0, 0, 0, 0, 0, 0, 0]
	 A0A011NMI8	[0, 0, 0, 0, 0, 0, 0, 0, 0]
	 A0A011NAJ1	[0, 0, 0, 0, 0, 0, 0, 0, 0]
	 A0A011QMJ8	[0, 0, 0, 0, 0, 0, 0, 0, 0]
	 A0A011NTU3	[0, 0, 0, 0, 0, 0, 0, 0, 0]
	 A0A011N2Z0	[0, 0, 0, 0, 0, 0, 0, 0, 0]
	 A0A011PNN2	[0, 0, 0, 0, 0, 0, 0, 0, 0]
	 A0A013TEV4	[0, 0, 0, 0, 0, 0, 0, 0, 0]
	 A0A011VYF6	[0, 0, 0, 0, 0, 0, 0, 0, 0]
	 A0A013SL47	[0, 0, 0, 0, 0, 0, 0, 0, 0]
	 A0A011WUT3	[0, 0, 0, 0, 0, 0, 0, 0, 0]
	 A0A013S2B9	[0, 0, 0, 0, 0, 0, 0, 0, 0]
	 A0A013SBR8	[0, 0, 0, 0, 0, 0, 0, 0, 0]
	 A0A011UHL2	[0, 0, 0, 0, 0, 0, 0, 0, 0]
	 A0A010SHY1	[0, 0, 0, 0, 0, 0, 0, 0, 0]
	 A0A011UBN9	[0, 0, 0, 0, 0, 0, 0, 0, 0]
	 A0A009M4K0	[0, 0, 0, 0, 0, 0, 0, 0, 0]
	 A0A009PDV4	[0, 0, 0, 0, 0, 0, 0, 0, 0]
	 A0A009MH90	[0, 0, 0, 0, 0, 0, 0, 0, 0]
	 A0A011VNE2	[0, 0, 0, 0, 0, 0, 0, 0, 0]
	 A0A009HIL8	[0, 0, 0, 0, 0, 0, 0, 0, 0]
	 A0A011UFM5	[0, 0, 0, 0, 0, 0, 0, 0, 0]
	 A0A010SPJ7	[0, 0, 0, 0, 0, 0, 0, 0, 0]
	 A0A010SSQ8	[0, 0, 0, 0, 0, 0, 0, 0, 0]
	 A0A010T025	[0, 0, 0, 0, 0, 0, 0, 0, 0]
	 A0A010YJA7	[0, 0, 0, 0, 0, 0, 0, 0, 0]
	 A0A010ZTI3	[0, 0, 0, 0, 0, 0, 0, 0, 0]
	 A0A011A146	[0, 0, 0, 0, 0, 0, 0, 0, 0]
	 A0A010YZS8	[0, 0, 0, 0, 0, 0, 0, 0, 0]
	 A0A010Z120	[0, 0, 0, 0, 0, 0, 0, 0, 0]

 ### Operon type: 312

	 A0A010TG27	[676, 0, 54, 0, 0, 0, 648, 0, 0]

 ### Operon type: 313

	 A0A011PMK1	[0, 0, 0, 0, 0, 0, 0, 676, 0]

 ### Operon type: 314

	 A0A009HM15	[0, 224, 145, 0, 0, 0, -1, 0, 0]

 ### Operon type: 315

	 A0A009HRU1	[0, 141, 0, 0, 0, 0, 0, 0, 0]

 ### Operon type: 316

	 A0A009HSN8	[0, 258, 0, 0, 0, -1, 0, 205, -1]

 ### Operon type: 317

	 A0A009HV82	[131, 0, 0, 0, 0, 0, 0, 0, 0]

 ### Operon type: 318

	 A0A009IG74	[0, 0, 157, 0, 463, -1, 0, 0, 0]

 ### Operon type: 319

	 A0A009IJ90	[0, 130, 0, 0, 0, 0, 0, 0, 0]

 ### Operon type: 320

	 A0A009NM94	[0, 772, 772, 0, 0, 0, 330, 0, 0]

 ### Operon type: 321

	 A0A009Q4N5	[0, 0, 254, 0, 0, 0, 0, 0, 0]

 ### Operon type: 322

	 A0A009SSZ9	[0, 151, 0, 0, 0, 0, 0, 0, 0]

 ### Operon type: 323

	 A0A009YIH1	[0, 0, 0, 0, 226, 0, -1, -1, 2]

 ### Operon type: 324

	 A0A009YR05	[0, 0, 0, 0, 76, 0, 0, 0, 0]

 ### Operon type: 325

	 A0A009Z004	[97, 0, 97, 0, 0, 611, 0, 0, 0]

 ### Operon type: 326

	 A0A010RUQ5	[0, 0, 0, 0, 0, 0, 0, 0, 317]

 ### Operon type: 327

	 A0A010S195	[730, 0, 265, 264, 0, 0, 0, 0, 0]

 ### Operon type: 328

	 A0A010SCZ2	[0, 0, 0, 0, 0, 0, 0, 319, 0]

 ### Operon type: 329

	 A0A010SN41	[0, 0, 0, 0, 274, 0, 0, 0, 0]

 ### Operon type: 330

	 A0A010SSU2	[0, 0, 0, 0, 106, 0, -1, 710, 0]

 ### Operon type: 331

	 A0A010SUP6	[0, 0, 0, 0, 0, 0, 0, 264, 0]

 ### Operon type: 332

	 A0A010SUY9	[0, 0, 0, 0, 0, 515, 700, 0]

 ### Operon type: 333

	 A0A010THK2	[0, 0, -1, 0, 0, 679, 611, 0, 0]

 ### Operon type: 334

	 A0A010SRL4	[54, 0, 0, -1, 0, 0, 0, 611, 175]

 ### Operon type: 335

	 A0A010YX61	[482, 713, 0, 844, 0, 0, 0, 0, 0]

 ### Operon type: 336

	 A0A010S5W8	[0, 0, 612, 792, 0, 0, 0, 0, 0]

 ### Operon type: 337

	 A0A011NE37	[560, 0, 0, 0, 0, 0, 0, 0, 0]

 ### Operon type: 338

	 A0A011NF78	[0, 0, 870, 0, 0, 0, 0, 0, 0]

 ### Operon type: 339

	 A0A011NVE2	[0, 0, 0, 839, 0, 0, 763, 0, 619]

 ### Operon type: 340

	 A0A011NXJ4	[0, 0, 0, 0, 0, 0, 0, 0, 616]

 ### Operon type: 341

	 A0A011P8I1	[0, 0, 714, 713, 0, 0, 0, 0, 712]

 ### Operon type: 342

	 A0A011P9Q7	[708, 0, 0, 0, 0, 0, 0, 0, 0]

 ### Operon type: 343

	 A0A011PJ75	[0, 839, 653, 839, 0, 0, 0, 0, 0]

 ### Operon type: 344

	 A0A011PRB4	[0, 0, 0, 0, 0, 0, 0, 665, 0]

 ### Operon type: 345

	 A0A011QVT2	[843, 0, 0, 0, 0, 0, 0, 842, 0]

 ### Operon type: 346

	 A0A011RP14	[0, 0, 0, 0, 0, 0, 0, 779, 0]

 ### Operon type: 347

	 A0A011SM49	[763, 0, 779, 0, 0, 0, 407, 0, 0]

 ### Operon type: 348

	 A0A011AM27	[666, 0, 0, 0, 493, 0, 0, 0, 39]

 ### Operon type: 349

	 A0A011T607	[0, 0, 792, 0, 0, 0, 0, 0, 330]

 ### Operon type: 350

	 A0A011TAW2	[0, 0, 0, 0, 0, 0, 390, 0, 0]

 ### Operon type: 351

	 A0A011TED9	[0, 0, 0, 0, 0, 528, 0, 0, 0]

 ### Operon type: 352

	 A0A011TXS5	[0, 399, 0, 0, 0, 0, 0, 0, 0]

 ### Operon type: 353

	 A0A011U144	[0, 317, 0, 0, 0, 0, 616, 566, 0]

 ### Operon type: 354

	 A0A011U1C8	[728, 0, 0, 0, 0, 0, 0, 0, 316]

 ### Operon type: 355

	 A0A011U483	[0, 0, 0, 0, 0, 727, 0, 0, 0]

 ### Operon type: 356

	 A0A011UG86	[0, 746, 0, 0, 0, 270, 0, 0, 0]

 ### Operon type: 357

	 A0A011UQB5	[769, 642, 0, 0, 0, 0, 0, 504, 0]

 ### Operon type: 358

	 A0A011UVI5	[0, 0, 0, 0, 0, 66, 839, 839, 0]

 ### Operon type: 359

	 A0A011UWI3	[0, 0, 0, 0, 168, 0, 326, 730, 0]

 ### Operon type: 360

	 A0A011V5E6	[0, 0, 0, 0, 0, 336, 0, 0, 0]

 ### Operon type: 361

	 A0A011M4H6	[285, 0, 590, 0, 0, 0, 0, 0, 0]

 ### Operon type: 362

	 A0A011VSV3	[0, 0, 0, 0, 0, 0, 689, 0, 0]

 ### Operon type: 363

	 A0A011VWI0	[0, 0, 0, 0, 0, 95, 0, 0, 0]

 ### Operon type: 364

	 A0A011VZ91	[217, 0, 0, 0, 0, 0, 0, 0, 0]

 ### Operon type: 365

	 A0A011WP76	[0, 0, 0, 0, 0, 0, 0, 0, 847]

 ### Operon type: 366

	 A0A011WSD4	[0, 0, 0, -1, 0, 819, 0, 0, 460]

 ### Operon type: 367

	 A0A011WT35	[460, 0, 0, 0, 0, 0, 0, 0, 0]

 ### Operon type: 368

	 A0A013S843	[0, 498, 0, 0, 0, 0, -1, 382, 0]

 ### Operon type: 369

	 A0A013T5E6	[0, 0, 0, 571, 0, 0, 0, 0, 0]

 ### Operon type: 370

	 A0A009T185	[840, 0, 653, 653, 431, 839, 653, 430, 793]

 ### Operon type: 371

	 A0A010IN36	[432, 763, 0, 0, 431, 839, 653, 430, 793]

 ### Operon type: 372

	 A0A009PG43	[839, 653, 544, 842, 0, 430, 793, 0, 0]

 ### Operon type: 373

	 A0A009INE0	[432, 0, 0, 0, 0, 0, 0, 653, 430]

 ### Operon type: 374

	 A0A009T9H0	[0, 2, 731, -1, 0, 0, 147, 0, 141]

 ### Operon type: 375

	 A0A010THH5	[0, 318, 59, 66, 0, 0, 767, 0, 446]

 ### Operon type: 376

	 A0A011WSH8	[0, 0, 0, 648, 275, 0, 0, 0, 0]
	 A0A011VZE3	[0, 0, 0, 648, 275, 0, 0, 0, 0]

 ### Operon type: 377

	 A0A011NAF3	[0, 0, 0, 0, 0, 0, 648, 0, 736]

 ### Operon type: 378

	 A0A009IQ93	[312, 0, 648, 0, 0, 175, 0, 0, 0]

 ### Operon type: 379

	 A0A009Q8S9	[0, 0, 731, 383, 0, 391, 0, 0, 0]

 ### Operon type: 380

	 A0A009TLU4	[0, 399, -1, 228, 0, 43, 0, -1, -1]

 ### Operon type: 381

	 A0A009ZB47	[136, 170, 0, 0, 0, 819, 444, 0, 0]

 ### Operon type: 382

	 A0A009ZVR4	[777, 0, 713, 0, 0, 48, 0, 0, 47]

 ### Operon type: 383

	 A0A010JIN9	[444, 0, 0, 139, 241, 0, 0, 0, 0]

 ### Operon type: 384

	 A0A010S003	[685, 0, 0, 0, 0, 746, 746, 428, 0]

 ### Operon type: 385

	 A0A010SMN8	[0, -1, 266, 0, 592, 0, 0, 692, 0]

 ### Operon type: 386

	 A0A010SXS1	[0, 544, 0, 0, 0, 394, 0, 0, 842]

 ### Operon type: 387

	 A0A010T689	[39, -1, 767, 782, 0, 0, 0, 0, 0]

 ### Operon type: 388

	 A0A010TBB4	[0, 453, 0, 270, 0, 0, 0, 0, 728]

 ### Operon type: 389

	 A0A010YFK3	[0, 826, 0, 0, 0, 0, 70, 0, 316]

 ### Operon type: 390

	 A0A010YVY1	[8, 0, 8, 0, 0, 0, 0, 428, 0]

 ### Operon type: 391

	 A0A010ZSZ2	[0, 67, 0, 25, 24, 0, 0, 0, 0]

 ### Operon type: 392

	 A0A010Z0Y7	[0, 0, 0, 0, 24, 325, 0, 0, 0]

 ### Operon type: 393

	 A0A011A0M8	[0, 0, 611, 0, 58, 0, 0, 10, 10]

 ### Operon type: 394

	 A0A011NFL4	[0, 771, 0, 0, 677, 676, 0, 675, 0]

 ### Operon type: 395

	 A0A011P407	[0, 0, 729, 770, 0, 0, 728, 0, 727]

 ### Operon type: 396

	 A0A011QGT2	[648, 0, 0, 632, 631, 0, 0, 0, 0]

 ### Operon type: 397

	 A0A011QSA4	[873, 0, 872, 871, 0, 0, 0, 0, 870]

 ### Operon type: 398

	 A0A011T6J6	[0, 830, 0, 713, 0, 0, 333, 0, 332]

 ### Operon type: 399

	 A0A011TAL2	[0, 792, 0, 0, 0, 331, 0, 617, 0]

 ### Operon type: 400

	 A0A011TZG0	[611, 820, 0, 0, 0, 0, 0, 539, 0]

 ### Operon type: 401

	 A0A011UGY3	[277, 276, 336, 56, 0, 0, 0, 56, 0]

 ### Operon type: 402

	 A0A011UII7	[0, 0, 0, 0, 0, 619, 397, 0, 0]

 ### Operon type: 403

	 A0A011UNT9	[391, 410, 0, 0, 0, 0, 0, 0, 0]

 ### Operon type: 404

	 A0A011SIS0	[0, 807, 411, 411, 0, 0, 0, 410, 0]

 ### Operon type: 405

	 A0A011UT49	[0, 67, 0, 0, 0, 0, 544, 78, 0]

 ### Operon type: 406

	 A0A011VU65	[71, 0, 0, 0, 0, 70, 0, 689, 311]

 ### Operon type: 407

	 A0A011VV03	[0, 286, 0, 0, 367, 285, 0, 0, 0]

 ### Operon type: 408

	 A0A011VVZ9	[0, 0, -1, 0, 0, 319, 284, 284, 409]

 ### Operon type: 409

	 A0A011VWX7	[842, 513, 0, 0, 0, 0, 0, 768, 0]

 ### Operon type: 410

	 A0A011VXK7	[772, 772, 0, 557, 0, 0, 0, 832, 0]

 ### Operon type: 411

	 A0A011W0I6	[216, 0, 0, 0, 0, 602, 0, 680, 0]

 ### Operon type: 412

	 A0A010YEF6	[0, 216, 0, 0, 0, 0, 0, 0, 40]

 ### Operon type: 413

	 A0A013SQH1	[0, 0, 0, 0, 274, 584, 0, 538, 647]

 ### Operon type: 414

	 A0A009QJA8	[135, 134, 0, 0, 0, 0, 0, 0, 601]

 ### Operon type: 415

	 A0A009YL68	[0, 0, 728, 483, 480, 0, 0, 4, 0]

 ### Operon type: 416

	 A0A010JNG7	[538, 0, 0, 447, 0, 0, 0, 0, 0]

 ### Operon type: 417

	 A0A010RM40	[591, 648, 748, 0, 0, 0, 0, -1, 718]

 ### Operon type: 418

	 A0A010RRQ6	[0, 590, 0, 0, 0, 592, 589, 588, 0]

 ### Operon type: 419

	 A0A010S423	[333, 0, 0, 0, 0, 0, 0, 326, 776]

 ### Operon type: 420

	 A0A010T0I7	[0, 0, 40, 0, 0, 714, 872, 648, 0]

 ### Operon type: 421

	 A0A010ZUR7	[286, 23, 0, 23, 0, 22, 428, 0, 0]

 ### Operon type: 422

	 A0A011NA78	[0, 649, 0, 0, 0, 863, 0, 0, 718]

 ### Operon type: 423

	 A0A011P8W7	[711, 729, 842, 0, 710, 0, 0, 0, 0]

 ### Operon type: 424

	 A0A011PG97	[692, 0, 0, 691, 0, 0, 0, 0, 0]

 ### Operon type: 425

	 A0A011PKT4	[0, 584, 0, 0, 0, 0, 583, 0, 0]

 ### Operon type: 426

	 A0A011PLB2	[0, 711, 0, 585, 0, 0, 0, 0, 0]

 ### Operon type: 427

	 A0A011R339	[0, 0, 0, 0, 0, 0, 356, 355, 0]

 ### Operon type: 428

	 A0A011SFE5	[0, 0, 0, 772, 0, 0, 771, 770, 769]

 ### Operon type: 429

	 A0A011SJT5	[0, 0, 0, 409, 408, 408, 408, 408, 408]

 ### Operon type: 430

	 A0A011TDQ5	[0, 0, 0, 0, 329, 604, 0, 0, 0]

 ### Operon type: 431

	 A0A011VT01	[0, 0, 72, 0, 0, 72, 0, 0, 187]

 ### Operon type: 432

	 A0A009Z3V9	[648, 0, 0, 0, 0, 154, 609, 155, 156]

 ### Operon type: 433

	 A0A010SRB2	[43, 42, 0, 0, 0, 42, 268, 0, 0]

 ### Operon type: 434

	 A0A010KA25	[444, 0, 767, 414, 287, 0, 0, 444, 502]

 ### Operon type: 435

	 A0A011TZN1	[346, 345, 344, 0, 343, 0, 0, 0, 0]

 ### Operon type: 436

	 A0A011VJ76	[79, 79, 78, 675, 0, 648, 611, 0, 729]

 ### Operon type: 437

	 A0A011UG17	[184, 0, 218, 0, 282, 71, 0, 0, 0]

 ### Operon type: 438

	 A0A011WUA8	[804, 0, 0, 459, 0, 0, 0, 458, 458]

 ### Operon type: 439

	 A0A010S4X6	[0, 325, 748, 746, 473, 0, 618, 582, 679]

 ### Operon type: 440

	 A0A010YY02	[0, 7, 0, 0, 7, 751, 6, 0, 9]
