
 ### Operon type: 1

	 A0A010ILU3	[408, 407, 406, 482, 405, 404, 403, 402, 487]
	 A0A009H3B0	[408, 407, 406, 482, 405, 404, 403, 402, 487]
	 A0A009QS71	[408, 407, 406, 482, 405, 404, 403, 402, 487]
	 A0A009MW50	[408, 407, 406, 482, 405, 404, 403, 402, 487]
	 A0A009QBR9	[408, 407, 406, 482, 405, 404, 402, 487, 98]
	 A0A009I8S2	[408, 407, 406, 482, 405, 404, 402, 487, 98]
	 A0A009TM70	[408, 407, 406, 482, 405, 404, 402, 487, 98]

 ### Operon type: 2

	 A0A013TH43	[475, 474, 473, 472, 471, 470, 469, 468, 467]
	 A0A009RAF0	[475, 474, 473, 472, 471, 470, 469, 468, 467]

 ### Operon type: 3

	 A0A011PVT3	[819, 818, 817, 816, 815, 814, 813, 812, 811]
	 A0A011R7V7	[819, 818, 817, 816, 815, 814, 813, 812, 811]
	 A0A011MET3	[819, 818, 817, 816, 815, 814, 813, 812, 811]

 ### Operon type: 4

	 A0A013SNJ8	[489, 488, 487, 486, 485, 596, 496, 484, 483]
	 A0A009HBT3	[489, 488, 487, 486, 485, 596, 496, 484, 483]
	 A0A013RZW2	[489, 488, 487, 486, 485, 596, 496, 484, 483]
	 A0A009MMM3	[489, 488, 487, 486, 485, 596, 496, 484, 483]
	 A0A009PH20	[489, 488, 487, 486, 485, 596, 496, 484, 483]
	 A0A009IV03	[489, 488, 487, 486, 485, 596, 496, 484, 483]
	 A0A010J9U3	[489, 488, 487, 486, 485, 596, 496, 484, 483]
	 A0A009RD69	[489, 488, 487, 486, 485, 596, 496, 484, 483]
	 A0A009SIZ4	[489, 488, 487, 486, 485, 596, 496, 484, 483]
	 A0A009YIZ0	[489, 488, 487, 486, 485, 596, 496, 484, 483]

 ### Operon type: 5

	 A0A009PH57	[126, 125, -1, 124, 123, 747, 122, 267, 121]
	 A0A009TG92	[126, 125, -1, 124, 123, 747, 122, 267, 121]

 ### Operon type: 6

	 A0A013SXT2	[600, 599, 598, 597, 596, 595, 594, 593, 592]
	 A0A013S288	[600, 599, 598, 597, 596, 595, 594, 593, 592]
	 A0A009PWG1	[600, 599, 598, 597, 596, 595, 594, 593, 592]
	 A0A009N031	[600, 599, 598, 597, 596, 595, 594, 593, 592]
	 A0A009I0I9	[600, 599, 598, 597, 596, 595, 594, 593, 592]
	 A0A010J3I1	[600, 599, 598, 597, 596, 595, 594, 593, 592]
	 A0A009SFX8	[600, 599, 598, 597, 68, 596, 595, 594, 593]
	 A0A009R2X0	[600, 599, 598, 597, 596, 595, 594, 593, 592]
	 A0A009TBM2	[599, 598, 597, 68, 596, 595, 594, 593, 592]

 ### Operon type: 7

	 A0A013SZ54	[591, 780, 590, 589, 588, 587, 586, 585, 584]
	 A0A013T8M5	[591, 780, 590, 589, 588, 587, 586, 585, 584]
	 A0A009IRJ6	[591, 780, 590, 589, 588, 587, 586, 585, 584]
	 A0A009Q3K7	[591, 780, 590, 589, 588, 587, 586, 585, 584]
	 A0A010IMP8	[591, 780, 590, 589, 588, 587, 586, 585, 584]
	 A0A009N123	[591, 780, 590, 589, 588, 587, 586, 585, 584]
	 A0A009H7U0	[591, 780, 590, 589, 588, 587, 586, 585, 584]
	 A0A009RBQ2	[591, 780, 590, 589, 588, 587, 586, 585, 584]
	 A0A009SWU0	[591, 780, 590, 589, 588, 587, 586, 585, 584]
	 A0A009ZM43	[-1, 780, 590, 589, 588, 587, 586, 585, 584]

 ### Operon type: 8

	 A0A009ZIC0	[448, 447, 446, 445, 444, 650, 443, 442, 441]
	 A0A013RMD0	[-1, 447, 446, 445, 444, 650, 443, 442, 441]
	 A0A009N9Z1	[-1, 447, 446, 445, 444, 650, 443, 442, 441]
	 A0A009RG92	[-1, 447, 446, 445, 444, 650, 443, 442, 441]
	 A0A009QDV7	[-1, 447, 446, 445, 444, 650, 443, 442, 441]
	 A0A009H6M2	[-1, 447, 446, 445, 444, 650, 443, 442, 441]
	 A0A010JDA6	[-1, 447, 446, 445, 444, 650, 443, 442, 441]
	 A0A009IHQ3	[-1, 447, 446, 445, 444, 650, 443, 442, 441]
	 A0A009S854	[-1, 447, 446, 445, 444, 650, 443, 442, 441]

 ### Operon type: 9

	 A0A011V5V3	[0, 436, 435, 434, 433, 432, 431, 430, 429]
	 A0A011UIA1	[436, 435, 434, 433, 432, 431, 430, 429, 0]

 ### Operon type: 10

	 A0A011PTE7	[547, 546, 545, 544, 543, 0, 542, 541, 540]
	 A0A011NE72	[547, 546, 545, 544, 543, 542, 541, 540, 0]

 ### Operon type: 11

	 A0A010JWJ1	[158, 103, 810, 243, 157, 156, 155, 154, 153]
	 A0A009I4A1	[158, 103, 810, 243, 157, 156, 155, 154, 153]

 ### Operon type: 12

	 A0A009QF22	[160, 159, 158, 0, 157, 156, 155, 154, 153]
	 A0A009TBY8	[160, 159, 158, 243, 157, 156, 155, 154, 153]

 ### Operon type: 13

	 A0A011NEY3	[292, 872, 873, 871, 871, 870, 869, 868, 0]

 ### Operon type: 14

	 A0A011PAN4	[872, 873, 0, 871, 871, 870, 869, 868, 867]

 ### Operon type: 15

	 A0A011RCD5	[292, 872, 873, 871, 871, 870, 869, 868, 867]

 ### Operon type: 16

	 A0A011P4U7	[0, 668, 667, 666, 665, 664, 663, 662, 661]
	 A0A011NAY5	[668, 667, 666, 665, 664, 663, 662, 661, 0]

 ### Operon type: 17

	 A0A011PF67	[860, 859, 858, 857, 856, 0, 0, 0, 0]
	 A0A011NW66	[860, 859, 858, 857, 856, 727, 0, 0, 0]
	 A0A011NBX7	[860, 859, 858, 857, 856, 727, 0, 0, 0]

 ### Operon type: 18

	 A0A011NS68	[860, 859, 858, 857, 856, 708, 707, 737, 706]
	 A0A011RHX4	[860, 859, 858, 857, 856, 708, 707, 737, 0]

 ### Operon type: 19

	 A0A010YT39	[0, 735, 38, 128, 37, 36, 35, 34, 297]

 ### Operon type: 20

	 A0A010Z7T4	[38, 128, 37, 36, 35, 34, 297, 205, 630]

 ### Operon type: 21

	 A0A013SP43	[498, 497, 496, 495, 494, 493, 492, 491, 490]
	 A0A010K6G6	[498, 497, 496, 495, 494, 493, 492, 0, 490]
	 A0A009RUN3	[498, 497, 496, 495, 494, 493, 492, 491, 490]

 ### Operon type: 22

	 A0A011VWR4	[0, 0, 0, 0, 146, 145, 144, 143, 142]

 ### Operon type: 23

	 A0A011VYP6	[146, 145, 144, 143, 142, 0, 141, 816, 0]

 ### Operon type: 24

	 A0A011NEQ1	[0, 696, 695, 694, 693, 692, 691, 690, 689]
	 A0A011QAS2	[0, 696, 695, 694, 693, 692, 691, 690, 689]

 ### Operon type: 25

	 A0A010JSI3	[658, 657, 656, 655, 654, 653, 652, 651, 0]
	 A0A013T0M4	[658, 657, 656, 655, 654, 653, 652, 651, 0]
	 A0A009HDS5	[658, 657, 656, 655, 654, 653, 652, 651, 348]
	 A0A009RGL2	[658, 657, 656, 655, 654, 653, 652, 651, 348]

 ### Operon type: 26

	 A0A009SNL0	[62, 61, 298, 96, 95, 94, 93, 92, 91]

 ### Operon type: 27

	 A0A009T1I8	[298, 96, 95, 94, 93, 92, 91, 0, 0]

 ### Operon type: 28

	 A0A011VUV0	[680, 679, 678, 677, 676, 675, 674, 673, 0]
	 A0A011VW71	[0, 680, 679, 678, 677, 676, 675, 674, 673]

 ### Operon type: 29

	 A0A011UG71	[422, 421, 420, 428, 427, 426, 425, 424, 423]

 ### Operon type: 30

	 A0A011V8Z7	[0, 0, 422, 421, 420, 428, 427, 426, 425]

 ### Operon type: 31

	 A0A011V8Y9	[428, 427, 426, 425, 424, 423, 0, 0, 0]

 ### Operon type: 32

	 A0A011U8C0	[0, 426, 421, 0, 264, 424, 0, 0, 0]

 ### Operon type: 33

	 A0A011QSF0	[0, 832, 831, 830, 829, 828, 827, 826, 0]
	 A0A011QBB5	[776, 832, 831, 830, 829, 828, 827, 826, 752]
	 A0A011Q0X6	[776, 832, 831, 830, 829, 828, 827, 826, 752]
	 A0A011Q1X8	[832, 0, 831, 830, 829, 828, 827, 826, 752]

 ### Operon type: 34

	 A0A011PG87	[776, 832, 831, 830, 829, 828, 827, 0, 0]

 ### Operon type: 35

	 A0A011PCT1	[866, 865, 864, 0, 0, 0, 0, 863, 0]

 ### Operon type: 36

	 A0A011QU35	[0, 0, 0, 0, 855, 0, 866, 865, 864]

 ### Operon type: 37

	 A0A011Q2B1	[823, 660, 855, 659, 864, 461, 460, 459, 863]

 ### Operon type: 38

	 A0A011RLN8	[822, 821, 855, 659, 864, 461, 460, 459, 863]

 ### Operon type: 39

	 A0A011P700	[0, 0, 825, 824, 823, 660, 855, 659, 864]

 ### Operon type: 40

	 A0A011QSI4	[0, 0, 825, 824, 823, 0, 822, 821, 855]

 ### Operon type: 41

	 A0A013T337	[578, 577, 576, 575, 574, 837, 573, 840, 572]
	 A0A013TH30	[578, 577, 576, 575, 574, 837, 573, 840, 572]
	 A0A013S981	[291, 578, 577, 576, 575, 574, 837, 573, 840]

 ### Operon type: 42

	 A0A010JY00	[291, 578, 577, 576, 452, 837, 573, 840, 572]

 ### Operon type: 43

	 A0A013TPV4	[511, 510, 509, 508, 507, 506, 559, 810, 505]
	 A0A009MGJ1	[511, 510, 509, 508, 507, 506, 559, 810, 505]
	 A0A009QQ47	[511, 510, 509, 508, 507, 506, 559, 810, 505]
	 A0A010IZE4	[511, 510, 509, 508, 507, 506, 559, 810, 505]
	 A0A009HR98	[511, 510, 509, 508, 507, 506, 559, 810, 505]
	 A0A009SZB5	[511, 510, 509, 508, 507, 506, 559, 810, 505]
	 A0A009HL81	[511, 510, 509, 508, 507, 506, 559, 810, 505]

 ### Operon type: 44

	 A0A009Z8F7	[510, 509, 506, 0, 507, 204, 204, 0, 203]

 ### Operon type: 45

	 A0A009HFU9	[181, 180, 179, 178, 448, 608, 177, 176, 0]
	 A0A009R016	[181, 180, 179, 178, 448, -1, 608, 177, 176]

 ### Operon type: 46

	 A0A011UJN3	[0, 328, 0, 0, 337, 336, 335, 334, 333]

 ### Operon type: 47

	 A0A011W213	[337, 336, 335, 334, 333, 715, 0, 0, 0]

 ### Operon type: 48

	 A0A011QUG8	[854, 853, 852, 851, 850, 849, 0, 848, 847]
	 A0A011QIT1	[854, 853, 852, 851, 850, 849, 848, 847, 798]

 ### Operon type: 49

	 A0A011NVE7	[713, 712, 711, 761, 762, 763, 764, 765, 766]
	 A0A011PP01	[713, 712, 711, 761, 762, 763, 764, 765, 766]

 ### Operon type: 50

	 A0A011P2I4	[769, 768, 767, 766, 765, 764, 763, 762, 761]
	 A0A011N9N8	[769, 768, 767, 766, 765, 764, 763, 762, 761]

 ### Operon type: 51

	 A0A011PIY7	[741, 0, 767, 766, 765, 764, 763, 0, 761]

 ### Operon type: 52

	 A0A011Q3J4	[0, 741, 767, 766, 765, 764, 763, 762, 0]

 ### Operon type: 53

	 A0A011MH88	[742, 741, 767, 766, 765, 764, 763, 762, 761]

 ### Operon type: 54

	 A0A013SPM5	[570, 569, 568, 567, 566, 565, 564, 563, 562]
	 A0A009QFZ7	[570, 569, 568, 567, 566, 565, 564, 563, 562]
	 A0A010IX62	[570, 569, 568, 567, 566, 565, 564, 563, 562]
	 A0A009HSL1	[570, 569, 568, 567, 566, 565, 564, 563, 562]
	 A0A009I6Z0	[570, 569, 568, 567, 566, 565, 564, 563, 562]
	 A0A009MH71	[570, 569, 568, 567, 566, 565, 564, 563, 562]
	 A0A009TK03	[570, 569, 568, 567, 566, 565, 564, 563, 562]

 ### Operon type: 55

	 A0A009ZIX8	[0, 440, 568, 567, 566, 439, 0, 562, 0]

 ### Operon type: 56

	 A0A013TPR7	[519, 518, 517, 516, 515, 514, 513, 702, 512]
	 A0A010JJN4	[519, 518, 517, 516, 515, 514, 513, 702, 512]
	 A0A009NI48	[519, 518, 517, 516, 515, 514, 513, 702, -1]
	 A0A009PMT3	[519, 518, 517, 516, 515, 514, 513, 702, 512]
	 A0A009SEP4	[519, 518, 517, 516, 515, 0, 514, 513, 0]
	 A0A009I8I7	[519, 518, 517, 516, 515, 514, 513, 702, 48]
	 A0A009RMI1	[519, 518, 517, 516, 515, 514, 513, 702, 0]
	 A0A009HJJ5	[519, 518, 517, 516, 515, 514, 513, 702, 48]
	 A0A009YG45	[0, 519, 518, 517, 515, 0, 514, 513, 702]

 ### Operon type: 57

	 A0A013TPQ9	[526, 525, 524, 523, 522, 810, 802, 521, 520]
	 A0A013S8F0	[526, 525, 524, 523, 522, 810, 802, 521, 520]
	 A0A010IZH1	[-1, 525, 524, 523, 522, 810, 802, 521, 520]
	 A0A009PMU2	[526, 525, 524, -1, 522, 810, 802, 521, 520]
	 A0A009SZ84	[526, 525, 524, 523, 522, 810, 802, 521, 520]
	 A0A009HJM0	[526, 525, 524, 523, 522, 810, 802, 521, 520]

 ### Operon type: 58

	 A0A009HUS9	[525, 524, 0, 523, 522, 189, -1, 188, 187]

 ### Operon type: 59

	 A0A009ISE1	[514, 513, 702, 187, 188, -1, 189, 522, 523]

 ### Operon type: 60

	 A0A009NPS1	[526, 525, 524, 523, 522, -1, 702, 513, 514]

 ### Operon type: 61

	 A0A013SB36	[282, 281, 280, 279, 278, 700, 699, 277, 276]
	 A0A009QSI3	[282, 281, 280, 279, 278, 700, 699, 277, -1]

 ### Operon type: 62

	 A0A010ITP2	[282, 281, 280, 279, 278, 700, 699, 0, 0]

 ### Operon type: 63

	 A0A009SII9	[-1, 281, 280, 279, 278, 700, 699, 67, 66]

 ### Operon type: 64

	 A0A009T0Q9	[278, 700, 699, 67, 66, 276, 742, 810, 44]

 ### Operon type: 65

	 A0A009YJF4	[0, 700, 699, 245, 244, 742, 810, 0, 44]

 ### Operon type: 66

	 A0A009GP96	[0, 175, 810, 205, 290, 174, 608, 173, 172]

 ### Operon type: 67

	 A0A009GSR4	[205, 290, 174, 608, 173, 172, 172, 171, 0]

 ### Operon type: 68

	 A0A009IIT6	[175, 810, 205, 290, 173, 172, 172, 171, 0]

 ### Operon type: 69

	 A0A011SQL0	[671, 266, -1, 265, 264, 263, 604, 262, 261]
	 A0A011UZ49	[266, -1, 265, 264, 263, 604, 262, 261, 0]

 ### Operon type: 70

	 A0A009PT82	[768, 753, 224, 223, 222, 221, 220, 219, 218]
	 A0A009SIF9	[768, 753, 224, 223, 222, 221, 220, 219, 218]

 ### Operon type: 71

	 A0A009IS10	[112, 0, 0, 0, 222, 221, 220, 0, 0]

 ### Operon type: 72

	 A0A009QHW5	[0, 0, 0, 408, 222, 221, 220, 0, 202]

 ### Operon type: 73

	 A0A011UVB4	[0, 0, 0, 113, 0, 0, 112, 0, 673]

 ### Operon type: 74

	 A0A011V107	[356, -1, 355, 354, 353, 352, 351, 350, 0]
	 A0A011U7M7	[0, 356, -1, 355, 354, 353, 352, 351, 350]

 ### Operon type: 75

	 A0A011TLH0	[310, 353, 355, 309, 354, 352, 0, 0, 0]

 ### Operon type: 76

	 A0A011UG87	[398, 399, 400, 310, 353, 355, 309, 354, 352]

 ### Operon type: 77

	 A0A011TLH7	[400, 399, 398, 0, 0, 0, 0, 0, 0]

 ### Operon type: 78

	 A0A011TWN2	[397, 396, 395, 394, 393, 392, 391, 0, 0]
	 A0A011TAF9	[0, 0, 397, 396, 395, 394, 393, 392, 391]

 ### Operon type: 79

	 A0A011Q5V7	[534, 0, 0, 0, 533, 532, 531, 530, 529]

 ### Operon type: 80

	 A0A011RM25	[533, 532, 531, 530, 529, 845, 0, 473, 0]

 ### Operon type: 81

	 A0A011QIE8	[805, 804, 803, 802, 801, 800, 799, 0, 0]
	 A0A011QDV3	[805, 804, 803, 802, 801, 800, 753, 0, 799]

 ### Operon type: 82

	 A0A011PL71	[642, 641, 640, 639, 638, 769, 637, 636, 0]
	 A0A011QAB0	[641, 640, 639, 0, 638, 769, 637, 636, 0]

 ### Operon type: 83

	 A0A011Q6N5	[552, 551, 550, 0, 0, 0, 528, 527, 528]

 ### Operon type: 84

	 A0A011SGD5	[0, 0, 0, 0, 0, 0, 552, 551, 550]

 ### Operon type: 85

	 A0A011NYU6	[749, 748, 0, 747, 746, 134, 133, 0, 745]

 ### Operon type: 86

	 A0A011PYI6	[749, 748, 0, 747, 746, 745, 744, 743, 0]

 ### Operon type: 87

	 A0A011P1C0	[0, 0, 134, 133, 745, 0, 0, 0, 0]

 ### Operon type: 88

	 A0A011PKU5	[648, 647, 646, 645, 646, 644, 643, 0, 0]
	 A0A011N4G4	[0, 0, 648, 647, 646, 645, 646, 644, 643]

 ### Operon type: 89

	 A0A010ZWJ8	[14, 13, 12, 630, 11, 760, 385, 760, 10]

 ### Operon type: 90

	 A0A011AHW1	[11, 630, 12, 13, 14, 0, 0, 15, 0]

 ### Operon type: 91

	 A0A011AHU9	[385, 760, 10, 0, 0, 0, 0, 17, 742]

 ### Operon type: 92

	 A0A010ZX98	[9, 8, 7, 6, 5, 20, 802, 802, 0]

 ### Operon type: 93

	 A0A011AIL7	[5, 6, 7, 8, 9, 0, 0, 0, 0]

 ### Operon type: 94

	 A0A010YF95	[535, 55, 848, 54, 53, 53, 52, 233, 51]

 ### Operon type: 95

	 A0A010ZJQ6	[55, 848, 54, 53, 53, 52, 233, 51, 0]

 ### Operon type: 96

	 A0A009GXL8	[248, 247, 246, 245, 244, 243, 347, 242, 241]

 ### Operon type: 97

	 A0A010JIW7	[248, 247, 246, 245, 244, 0, 0, 347, 242]

 ### Operon type: 98

	 A0A011QNA5	[0, 793, 792, 791, 0, 790, 789, 788, 787]
	 A0A009ZLJ7	[787, 788, 789, 790, 0, 0, 793, 792, 791]

 ### Operon type: 99

	 A0A013T0T6	[790, 789, 788, 787, 583, 582, 581, 580, 579]
	 A0A009HAX1	[790, 789, 788, 787, 583, 582, 581, 580, 579]
	 A0A009QMH5	[790, 789, 788, 787, 583, 582, 581, 580, 579]
	 A0A009ISY0	[790, 789, 788, 787, 583, 102, 581, 580, 579]
	 A0A009PE10	[790, 789, 788, 787, 583, 102, 581, 580, -1]
	 A0A009RMD0	[790, 789, 788, 787, 583, 102, 581, 580, 579]

 ### Operon type: 100

	 A0A010ILW6	[790, 789, 788, 787, 583, 582, 0, 0, 580]

 ### Operon type: 101

	 A0A009Z9X7	[789, 788, 787, 0, 583, 0, 844, 0, 580]

 ### Operon type: 102

	 A0A013S8V2	[285, 284, 0, 0, 0, 283, 0, 0, 0]
	 A0A009R8E1	[0, 132, 0, 285, 284, 0, 0, 283, 0]

 ### Operon type: 103

	 A0A009ZFR5	[489, 455, 454, 453, 452, 451, 450, 449, 840]
	 A0A009ICH6	[489, 455, 454, 453, 452, 451, 450, 449, 840]

 ### Operon type: 104

	 A0A009NQA1	[489, 455, 454, 453, 210, 209, 576, 840, 837]
	 A0A009RR21	[489, 455, 454, 453, 210, 209, 576, 840, 837]

 ### Operon type: 105

	 A0A009HTN9	[489, 455, 454, 453, 210, 209, 199, 729, 198]
	 A0A009T3J5	[489, 455, 454, 453, 210, 209, 199, 729, 198]

 ### Operon type: 106

	 A0A009Q0U9	[489, 455, 454, 453, 210, 209, -1, -1, 0]

 ### Operon type: 107

	 A0A009IPC3	[327, 326, 325, 324, 323, 322, 321, 320, 319]
	 A0A009QEG7	[327, 326, 325, 324, 323, 322, 321, 320, 319]

 ### Operon type: 108

	 A0A009I573	[46, 0, 137, 138, 0, 139, 323, 324, 325]

 ### Operon type: 109

	 A0A009ILP9	[320, 0, 325, 324, 323, 139, 319, 138, 137]

 ### Operon type: 110

	 A0A009I953	[320, 0, 325, 324, 323, 139, 319, 0, -1]

 ### Operon type: 111

	 A0A009SX74	[774, 706, 0, 138, 319, 320, 326, 327, 78]

 ### Operon type: 112

	 A0A010IPH1	[182, 500, 607, 308, 193, 192, 191, 190, 235]
	 A0A009MMG9	[182, 500, 607, 308, 193, 192, 191, 190, 235]
	 A0A009QVK8	[182, 500, 607, 308, 193, 192, 191, 190, 235]
	 A0A009ICP5	[182, 500, 607, 308, 193, 192, 191, 190, 235]

 ### Operon type: 113

	 A0A009HTW0	[197, 196, 195, 194, 193, 192, 191, 190, 235]
	 A0A009QLL2	[197, 196, 195, 194, 193, 192, 191, 190, 235]
	 A0A009SIV4	[197, 196, 195, 194, 193, 192, 191, 190, 235]
	 A0A013TSJ4	[196, 195, 0, 194, 193, 192, 191, 190, 235]

 ### Operon type: 114

	 A0A013TCN9	[482, 481, 480, 479, 478, 477, 476, 810, 802]
	 A0A009QNC9	[482, 481, 480, 479, 478, 477, 476, 810, 802]
	 A0A010ITG1	[482, 481, 480, 479, 478, 477, 476, 810, 802]
	 A0A009NIJ3	[482, 481, 480, 479, 478, 477, 476, 810, 802]
	 A0A013TRC1	[482, 481, 480, 479, 478, 477, 476, 810, 802]

 ### Operon type: 115

	 A0A009H935	[0, 0, 480, 479, 478, 477, 476, 810, 802]

 ### Operon type: 116

	 A0A009QEX0	[231, 230, 229, 240, 239, 162, 162, 743, 161]
	 A0A009IMX3	[231, 230, 229, 240, 239, 162, 162, 743, 161]
	 A0A009SF48	[231, 230, 229, 240, 239, -1, 162, 743, 161]

 ### Operon type: 117

	 A0A013S7V1	[231, 230, 229, 240, 239, 238, 489, 237, 236]
	 A0A010ISX2	[231, 230, 229, 240, 239, 238, 489, 237, 236]
	 A0A009MR00	[231, 230, 229, 240, 239, 238, 489, 237, 236]
	 A0A009RES7	[231, 230, 229, 240, 239, 238, 489, 237, 236]

 ### Operon type: 118

	 A0A009YTT3	[3, 448, 229, 240, 239, 238, 489, 237, 236]

 ### Operon type: 119

	 A0A009GYP9	[0, 0, 0, 240, 239, 238, 489, 237, 236]

 ### Operon type: 120

	 A0A009ZZC8	[-1, 61, 62, 3, 448, 229, 240, 239, 238]

 ### Operon type: 121

	 A0A011WSE5	[621, 620, 619, 618, 617, 616, 615, 614, 613]
	 A0A011UGX8	[314, 621, 620, 619, 618, 617, 616, 615, 614]

 ### Operon type: 122

	 A0A011VZG0	[315, 0, 314, 621, 620, 619, 618, 617, 616]

 ### Operon type: 123

	 A0A009PJF7	[120, 119, 119, 118, 117, 685, 116, 115, 114]
	 A0A009SJZ7	[113, 120, 119, 118, 117, 685, 116, 115, 114]

 ### Operon type: 124

	 A0A009Z5G0	[685, 118, 119, 0, 622, 120, 113, 275]

 ### Operon type: 125

	 A0A010JJC1	[548, 415, 414, 413, 412, 411, 410, 416, 409]
	 A0A010IZ41	[415, 414, 413, 412, 411, 410, 416, 409, 496]

 ### Operon type: 126

	 A0A009QJL6	[548, 415, 414, 413, 0, 409, 496, 33, 0]

 ### Operon type: 127

	 A0A013TB41	[504, -1, 503, 502, 501, 768, 500, 670, 499]
	 A0A010KAV2	[504, 289, 503, 502, 501, 768, 500, 670, 499]
	 A0A013SGL3	[504, 289, 503, 502, 501, 768, 500, 670, 499]
	 A0A009PG53	[504, 289, 503, 502, 501, 768, 500, 670, 499]
	 A0A009NE81	[504, 289, 503, 502, 501, 768, 500, 670, 499]
	 A0A009SHB3	[504, 289, 503, 502, 501, 768, 500, 670, 499]
	 A0A009I5Z6	[504, 289, 503, 502, 501, 768, 500, 670, 499]
	 A0A009RQH3	[504, 289, 503, 502, 501, 768, 500, 670, 499]

 ### Operon type: 128

	 A0A009H3X4	[504, 289, 503, 502, 501, 768, -1, 739, -1]

 ### Operon type: 129

	 A0A009PIB4	[0, 0, 0, 217, 216, 215, 608, 810, 769]
	 A0A009SLR5	[0, 0, 0, 217, 216, 215, 608, 810, 769]

 ### Operon type: 130

	 A0A009HSU4	[0, 0, 634, 810, 0, 768, 670, 769, 608]

 ### Operon type: 131

	 A0A009I463	[560, 77, 76, 596, 596, 297, 296, 295, 208]
	 A0A009PAG1	[560, 77, 76, 596, 596, 297, 296, 295, 208]

 ### Operon type: 132

	 A0A013SKX6	[0, 0, 560, 0, 596, 596, 297, 296, 295]

 ### Operon type: 133

	 A0A011Q5S3	[798, 538, 0, 0, 0, 0, 537, 536, 535]

 ### Operon type: 134

	 A0A011UZZ4	[0, 537, 536, 0, 0, 0, 360, 360, 535]

 ### Operon type: 135

	 A0A011UTJ0	[0, 0, 0, 382, 381, 380, 663, 379, 378]

 ### Operon type: 136

	 A0A011VMV7	[382, 381, 380, 663, 379, 378, 377, 376, 375]

 ### Operon type: 137

	 A0A011NYT4	[705, 704, 703, 702, 0, 701, 701, 700, 699]

 ### Operon type: 138

	 A0A011P8E9	[0, 0, 705, 704, 0, 703, 702, 0, 0]

 ### Operon type: 139

	 A0A010TF34	[0, -1, 0, 0, 29, 28, 27, 26, 25]
	 A0A010SYH9	[29, 28, 27, 26, 25, 0, 0, 0, 0]

 ### Operon type: 140

	 A0A010S7A1	[73, 72, 71, 225, 0, 70, 0, 0, 0]
	 A0A010TFJ4	[0, -1, 0, 73, 72, 71, 225, -1, 70]

 ### Operon type: 141

	 A0A009PAV9	[89, -1, 607, 88, 596, 608, 87, 86, 85]
	 A0A009HJC2	[89, 802, 607, 88, 596, 608, 87, 86, 85]

 ### Operon type: 142

	 A0A009SE02	[0, 85, 0, 0, 0, 86, 87, 608, 596]

 ### Operon type: 143

	 A0A009RSB7	[670, 489, 754, 304, 127, 810, 810, 302, 301]
	 A0A009SYU8	[670, 489, 754, 304, 127, 810, 810, 302, 301]
	 A0A009HS41	[670, 489, 754, 304, 127, 810, 810, 302, 301]

 ### Operon type: 144

	 A0A013SHA9	[670, 489, 754, 304, 303, 810, 810, 302, 301]
	 A0A010IT25	[670, 489, 754, 304, 303, 810, 810, 302, 301]
	 A0A009I466	[670, 489, 754, 304, 303, 810, 810, 302, 301]

 ### Operon type: 145

	 A0A009NMQ9	[670, 489, 754, 304, 303, 0, 810, 810, 302]

 ### Operon type: 146

	 A0A009P8A9	[0, 0, 754, 304, 127, 810, 810, 302, 301]

 ### Operon type: 147

	 A0A009NJ90	[109, 108, 107, 345, 344, 256, 106, 343, 342]
	 A0A009ITT8	[109, 108, 107, 345, 344, 106, 343, 342, 341]

 ### Operon type: 148

	 A0A009NCH6	[288, 343, 342, 341, 339, 338, 287, 111, 110]
	 A0A009IJ01	[343, 342, 341, 340, 339, 338, 287, 111, 110]

 ### Operon type: 149

	 A0A009RQL5	[343, 342, 341, 64, 339, 338, 287, 111, 0]

 ### Operon type: 150

	 A0A009MGQ8	[344, 0, 288, 343, 342, 341, 339, 338, 287]

 ### Operon type: 151

	 A0A009IJ07	[105, 104, 346, 345, 344, 343, 342, 341, 340]
	 A0A009S6G1	[105, 104, 346, 345, 344, 343, 342, 341, 339]
	 A0A009RHH7	[105, 104, 346, 345, 344, 256, 343, 342, 341]

 ### Operon type: 152

	 A0A009HZK2	[346, 345, 344, 343, 342, 341, 340, 339, 338]

 ### Operon type: 153

	 A0A009R4N4	[345, 344, 256, 343, 342, 341, 64, 339, 338]

 ### Operon type: 154

	 A0A009S5A5	[344, 256, 106, 343, 342, 341, 340, 45, 339]

 ### Operon type: 155

	 A0A009RHH9	[0, 0, 0, 0, 97, 105, 104, 346, 345]

 ### Operon type: 156

	 A0A011PGU1	[0, 0, 773, 783, 782, 781, 772, 771, 770]
	 A0A011MDH1	[697, 0, 773, 783, 782, 781, 772, 771, 770]

 ### Operon type: 157

	 A0A011V0P4	[369, 359, 0, 0, 626, 0, 0, 358, 357]

 ### Operon type: 158

	 A0A011WPV7	[358, 357, 0, 0, 0, 0, 0, 0, 0]

 ### Operon type: 159

	 A0A011UDF3	[783, 681, 0, 0, 0, 390, 688, 687, 836]

 ### Operon type: 160

	 A0A011VSC9	[688, 687, 836, 0, 0, 0, 0, 0, 0]

 ### Operon type: 161

	 A0A011SF89	[557, 556, 555, 0, 0, 0, 0, 0, 0]

 ### Operon type: 162

	 A0A011UCX7	[0, 641, 557, 556, 0, 555, 318, 0, 0]

 ### Operon type: 163

	 A0A011RNP9	[0, 0, 0, 0, 0, 674, 637, 0, 0]

 ### Operon type: 164

	 A0A011V0B5	[560, 0, 0, 0, 0, 0, 674, 0, 0]

 ### Operon type: 165

	 A0A011RQC9	[0, 560, 559, 0, 0, 0, 0, 558, 0]

 ### Operon type: 166

	 A0A011QG28	[785, 784, 783, 0, 782, 781, 780, 779, 778]
	 A0A011RIM8	[785, 784, 0, 0, 782, 781, 780, 779, 778]

 ### Operon type: 167

	 A0A011PHI6	[672, 0, 807, 0, 0, 806, 851, 718, 0]

 ### Operon type: 168

	 A0A011QI68	[0, 0, 807, 806, 0, 0, 0, 0, 0]

 ### Operon type: 169

	 A0A011NVJ6	[734, 733, 732, 731, 730, 729, 0, 0, 728]

 ### Operon type: 170

	 A0A011PVP2	[0, 733, 732, 731, 730, 729, 0, 0, 819]

 ### Operon type: 171

	 A0A011NXY7	[0, 0, 732, 0, 730, 0, 0, 0, 0]

 ### Operon type: 172

	 A0A011QR69	[842, 841, 840, 839, 838, 837, 0, 0, 0]
	 A0A011NUB4	[842, 841, 840, 839, 838, 837, 0, 715, 0]

 ### Operon type: 173

	 A0A011NN36	[841, 840, 0, 0, 838, 837, 0, 0, 0]

 ### Operon type: 174

	 A0A011PK69	[840, 635, 0, 0, 838, 837, 0, 0, 0]

 ### Operon type: 175

	 A0A011NYD6	[725, 795, 794, 724, 723, 722, 721, 720, 719]
	 A0A011RMI6	[725, 795, 794, 724, 723, 722, 721, 720, 719]

 ### Operon type: 176

	 A0A011QB28	[456, 725, 795, 0, 0, 722, 721, 720, 719]

 ### Operon type: 177

	 A0A011NF33	[0, 722, 721, 0, 0, 0, 0, 0, 0]

 ### Operon type: 178

	 A0A011NBY4	[372, 0, 0, 371, 0, 0, 370, 0, 0]

 ### Operon type: 179

	 A0A011WRT0	[372, 0, 0, 0, 0, 0, 0, 743, 0]

 ### Operon type: 180

	 A0A011SHV5	[0, 0, 0, 0, 0, 549, 743, 548, 0]

 ### Operon type: 181

	 A0A011NB95	[0, 846, 0, 0, 0, 0, 607, 374, 373]

 ### Operon type: 182

	 A0A011UHT4	[33, 313, 374, 0, 0, 31, 31, 373, 0]

 ### Operon type: 183

	 A0A010Z1W7	[0, 0, 0, 0, 0, 307, 0, 362, 363]

 ### Operon type: 184

	 A0A011VY84	[0, 0, 363, 362, 0, 0, 0, 0, 0]

 ### Operon type: 185

	 A0A010YW85	[0, 0, 0, 0, 0, 257, 0, 362, 363]

 ### Operon type: 186

	 A0A010ZMA0	[362, 437, 0, 0, 0, 0, 0, 0, 0]

 ### Operon type: 187

	 A0A011N5L2	[0, 0, 0, 437, 0, 520, 512, 0, 0]

 ### Operon type: 188

	 A0A009MJ75	[0, 0, 208, 207, 206, 0, 0, 0, 205]

 ### Operon type: 189

	 A0A010IH51	[0, 235, 0, 0, 206, 0, 205, 0, 0]

 ### Operon type: 190

	 A0A011TYT7	[0, 0, 0, 0, 0, 0, 235, 234, 234]

 ### Operon type: 191

	 A0A010RRR9	[0, 0, 0, 0, 815, 0, 0, 226, 205]

 ### Operon type: 192

	 A0A010SIA7	[0, 0, 226, 225, 0, 0, 0, 0, 0]

 ### Operon type: 193

	 A0A010RFQ9	[0, 0, 650, 0, 649, 0, 0, 0, 0]

 ### Operon type: 194

	 A0A010SPR9	[23, 23, 0, 0, 0, 649, 0, 0, 0]

 ### Operon type: 195

	 A0A009LNU8	[601, 603, 604, 605, 0, 101, 0, 608, 0]

 ### Operon type: 196

	 A0A013SRG6	[606, 605, 604, 603, 0, 602, 0, 601, 710]

 ### Operon type: 197

	 A0A009IQU8	[0, 603, 0, 0, 0, 602, 710, 0, 0]

 ### Operon type: 198

	 A0A010K2K8	[604, 605, 606, 0, 0, 0, 0, -1, 608]

 ### Operon type: 199

	 A0A011NPR8	[0, 710, 0, 0, 0, 0, 709, 0, 0]

 ### Operon type: 200

	 A0A010SEA2	[538, 709, 227, 0, 0, 0, 0, 0, 0]

 ### Operon type: 201

	 A0A010IGH8	[0, 0, 0, 0, 0, 0, 0, 271, 302]

 ### Operon type: 202

	 A0A010STD3	[0, 0, 0, 389, 388, 387, 0, 302, 271]

 ### Operon type: 203

	 A0A010SQJ5	[228, 308, 0, 389, 388, 387, 0, 0, 0]

 ### Operon type: 204

	 A0A013RVV2	[482, 0, 273, 272, 0, 0, 302, 271, 0]

 ### Operon type: 205

	 A0A011TD67	[390, 0, 0, 389, 388, 387, 386, 0, 385]

 ### Operon type: 206

	 A0A009ZC12	[0, 0, 0, 389, 0, 387, 386, 201, 834]

 ### Operon type: 207

	 A0A009YSC7	[0, 0, 370, 1, 0, 1, 273, 272, 0]

 ### Operon type: 208

	 A0A009ZJK4	[0, 0, 0, 0, 0, 0, 489, 438, 0]

 ### Operon type: 209

	 A0A010SVN1	[-1, 438, 810, 305, 311, 0, 0, 489, 0]

 ### Operon type: 210

	 A0A009QGN4	[152, 151, 150, 149, 148, 147, 0, 0, 0]
	 A0A009PFK7	[152, 151, 150, 149, 148, 0, 0, 147, 0]

 ### Operon type: 211

	 A0A009YR20	[0, 147, 0, 0, 0, 0, 151, 0, 0]

 ### Operon type: 212

	 A0A009SCM5	[41, 40, 39, 0, 0, 0, 0, 0, 0]

 ### Operon type: 213

	 A0A009TJ77	[78, 79, 0, 0, 0, 0, 41, 40, 39]

 ### Operon type: 214

	 A0A009HZV2	[0, 0, 0, 0, 167, 166, 256, 0, 0]

 ### Operon type: 215

	 A0A009QPE7	[0, 0, 0, 0, 167, 166, 0, 0, 0]

 ### Operon type: 216

	 A0A009MGR3	[0, 0, 81, 0, 571, 45, 178, 84, 83]

 ### Operon type: 217

	 A0A009Q4G0	[0, 82, 81, 0, 571, 0, 84, 83, 84]

 ### Operon type: 218

	 A0A009PB53	[0, 0, 186, 185, 571, 84, 83, 84, 184]

 ### Operon type: 219

	 A0A009PUJ8	[0, 186, 185, 571, 0, 184, 347, 242, 241]

 ### Operon type: 220

	 A0A009QQC0	[165, 0, 164, 810, 299, 299, 163, 521, 305]
	 A0A009H7I0	[165, 0, 0, 810, 299, 299, 163, 521, 305]

 ### Operon type: 221

	 A0A009MVG4	[164, 0, 300, 810, 299, 299, 163, 521, 305]

 ### Operon type: 222

	 A0A009QA91	[100, 99, 670, 810, 299, 299, 163, 521, 305]
	 A0A010J377	[100, 99, 670, 810, 299, 299, 163, 521, 305]

 ### Operon type: 223

	 A0A009S1X4	[100, 99, 670, 810, 299, 299, 810, 0, 122]

 ### Operon type: 224

	 A0A013SHF4	[0, 0, 300, 810, 299, 299, 0, 298, 0]

 ### Operon type: 225

	 A0A011PJK8	[634, 633, 632, 809, 808, 631, 0, 0, 0]
	 A0A011N3C3	[0, 0, 0, 634, 633, 632, 809, 808, 631]

 ### Operon type: 226

	 A0A011WKI4	[0, 0, 0, 0, 0, 736, 332, 331, 330]
	 A0A011UWH1	[736, 332, 331, 330, 0, 0, 0, 0, 0]

 ### Operon type: 227

	 A0A010YKP2	[0, 0, 0, 0, 0, 0, 728, 349, 0]

 ### Operon type: 228

	 A0A011V1A2	[359, 0, 0, 349, 0, 0, 0, 0, 0]

 ### Operon type: 229

	 A0A011NGS0	[0, 0, 0, 0, 751, 756, 0, 0, 0]

 ### Operon type: 230

	 A0A011PW61	[0, 0, 0, 0, 751, 756, 0, 0, 750]

 ### Operon type: 231

	 A0A011UXI1	[0, 401, 0, 0, 751, 756, 294, 0, 0]

 ### Operon type: 232

	 A0A011SWI9	[-1, -1, 0, 672, 751, 756, 294, -1, -1]

 ### Operon type: 233

	 A0A011P952	[756, 0, 755, 0, 0, 755, 0, 0, 0]

 ### Operon type: 234

	 A0A011QVV5	[0, 0, 698, 718, 717, 716, 717, 819, 697]
	 A0A011Q1B3	[698, 718, 717, 716, 717, 819, 697, 0, 0]

 ### Operon type: 235

	 A0A011NSG8	[0, 0, 0, 718, 717, 716, 0, 717, 0]

 ### Operon type: 236

	 A0A011P0X4	[0, 0, 697, 0, 717, 0, 0, 716, 132]

 ### Operon type: 237

	 A0A010YNY9	[0, 0, 50, 49, 0, 0, 0, 0, 65]

 ### Operon type: 238

	 A0A011AC71	[122, 0, 0, 286, 0, 50, 49, 0, 670]

 ### Operon type: 239

	 A0A011QLX0	[0, 797, 0, 0, 796, 0, 795, 794, 0]
	 A0A011PRW6	[797, 0, 0, 0, 796, 795, 794, 0, 0]

 ### Operon type: 240

	 A0A010SML6	[0, 795, 794, -1, 0, 706, 0, 0, 0]

 ### Operon type: 241

	 A0A010RS09	[0, 0, 0, 0, 26, 0, 739, 739, 0]

 ### Operon type: 242

	 A0A010RTE7	[0, 0, 0, 0, 0, 0, 26, 79, 0]

 ### Operon type: 243

	 A0A009P817	[214, 0, 0, 0, 213, 0, 259, 212, 211]

 ### Operon type: 244

	 A0A009TIY0	[0, 0, 0, 0, 213, 0, 259, 212, 0]

 ### Operon type: 245

	 A0A009QKA3	[259, 212, 0, 211, 0, 0, 0, 0, 152]

 ### Operon type: 246

	 A0A009HSR2	[0, 60, 59, 0, 58, 253, 252, 256, 250]

 ### Operon type: 247

	 A0A009SWM1	[0, 60, 59, 0, 58, 0, 0, 252, 0]

 ### Operon type: 248

	 A0A009MYX0	[249, 250, 0, 634, 0, 0, 252, 253, 168]

 ### Operon type: 249

	 A0A009QK79	[0, 0, 168, 253, 0, 252, 0, 0, 250]

 ### Operon type: 250

	 A0A009GXJ1	[255, 254, 253, 252, 251, 256, 250, 249, 0]

 ### Operon type: 251

	 A0A013TKW8	[0, 861, 0, 608, 466, 465, 464, 463, 462]
	 A0A009GWD0	[256, 0, 0, 608, 466, 465, 464, 463, 462]
	 A0A009QT77	[0, 0, -1, 608, 466, 465, 464, 463, 462]
	 A0A010IT95	[0, 0, 0, 608, 466, 465, 464, 463, 462]
	 A0A009PRQ9	[0, 608, 75, 0, 466, 465, 464, 463, 462]
	 A0A009S0T6	[0, 0, 608, 75, 466, 465, 464, 463, 462]
	 A0A009I5G9	[0, 0, 608, 75, 466, 465, 464, 463, 462]
	 A0A009MH36	[0, 0, 0, 608, 466, 465, 464, 463, 462]

 ### Operon type: 252

	 A0A013TMJ7	[802, -1, 0, 608, 466, 463, 462, 0, 0]

 ### Operon type: 253

	 A0A011VXC2	[-1, 368, 0, 628, 367, 366, 365, 611, 364]
	 A0A011V392	[368, 0, 628, 367, 366, 365, 0, 611, 364]

 ### Operon type: 254

	 A0A011V490	[315, 316, 0, 364, 611, 365, 366, 367, 628]

 ### Operon type: 255

	 A0A011VZF5	[0, 0, 367, 366, 365, 641, 316, 641, 0]

 ### Operon type: 256

	 A0A011VU44	[0, 0, 0, 0, 0, 684, 0, 0, 0]
	 A0A011WLE7	[0, 0, 0, 0, 0, 684, 0, 0, 0]

 ### Operon type: 257

	 A0A011VAP2	[0, 0, 418, 0, 0, 0, 0, 0, 625]

 ### Operon type: 258

	 A0A011VRJ8	[0, 0, 0, 0, 0, 0, 418, 0, 0]

 ### Operon type: 259

	 A0A011RNU1	[0, 0, 0, 0, 0, 0, 458, 458, 457]

 ### Operon type: 260

	 A0A011VKJ9	[0, 0, 0, 0, 0, 0, 457, 458, -1]

 ### Operon type: 261

	 A0A011PQZ7	[0, 0, 0, 630, 746, 0, 629, 0, 0]

 ### Operon type: 262

	 A0A011TUX4	[0, 0, 0, 0, 746, 0, 0, 629, 0]

 ### Operon type: 263

	 A0A011STZ9	[0, 0, 0, 629, 0, 0, 0, 0, 0]

 ### Operon type: 264

	 A0A011PUJ9	[0, 0, 0, 0, 0, 0, 0, 0, 820]
	 A0A011PRF5	[820, 0, 0, 0, 0, 0, 0, 0, 0]

 ### Operon type: 265

	 A0A011PFY8	[0, 0, 0, 0, 0, 0, 0, 0, 777]

 ### Operon type: 266

	 A0A011PNS3	[843, 777, 0, 0, 0, 0, 0, 0, 0]

 ### Operon type: 267

	 A0A011T648	[0, 777, 0, 0, 0, 0, 0, 840, 0]

 ### Operon type: 268

	 A0A010YYJ5	[0, 0, 0, 641, 0, 0, 0, 69, 69]

 ### Operon type: 269

	 A0A011NDM5	[641, 0, 0, 0, 0, 0, 0, 0, 0]

 ### Operon type: 270

	 A0A011MSR2	[0, 0, 0, 417, 0, 0, 0, 641, 641]

 ### Operon type: 271

	 A0A011WSU6	[0, 641, 0, 0, 611, 0, 0, 0, 0]

 ### Operon type: 272

	 A0A011U3C2	[0, 0, 780, 0, 0, 0, 0, 0, 0]
	 A0A011AEN3	[0, 0, 0, 0, 0, 0, 780, 0, 0]

 ### Operon type: 273

	 A0A011AAZ2	[0, 131, 0, 0, 0, 780, 780, 780, 0]

 ### Operon type: 274

	 A0A011T698	[0, 0, 0, 0, 0, 670, 780, 0, 0]

 ### Operon type: 275

	 A0A010YRE8	[0, 0, 0, 0, 0, 0, 0, 20, 0]

 ### Operon type: 276

	 A0A011AF05	[0, 0, 122, 20, 0, 0, 0, 0, 0]

 ### Operon type: 277

	 A0A009ZG48	[0, 0, 0, 861, 0, 0, 0, 0, 0]

 ### Operon type: 278

	 A0A011PEJ8	[0, 0, 862, 861, 0, 0, 0, 0, 0]

 ### Operon type: 279

	 A0A011QNJ7	[786, 0, 0, 861, 0, 0, 0, 786, 0]

 ### Operon type: 280

	 A0A011MMJ4	[0, 0, 0, 0, 0, 0, 0, 786, 0]

 ### Operon type: 281

	 A0A011R8M3	[0, 0, 862, 861, 0, 293, 0, 786, 0]

 ### Operon type: 282

	 A0A009ZC82	[0, 0, 671, 0, 0, 0, 0, 0, 0]

 ### Operon type: 283

	 A0A011P3F6	[706, 0, 0, 671, 0, 0, 0, 0, 0]

 ### Operon type: 284

	 A0A009IG48	[0, 0, 0, 136, 135, 0, 0, 0, 706]

 ### Operon type: 285

	 A0A009IMQ0	[0, 0, 0, 136, 135, 0, 0, 0, 0]

 ### Operon type: 286

	 A0A009SWV1	[0, 0, 0, 0, 0, 0, 0, 136, 0]

 ### Operon type: 287

	 A0A009Q512	[0, 0, 0, 0, 80, 0, 0, 0, 0]
	 A0A009PMZ9	[80, 0, 0, 0, 0, 0, 0, 0, 0]

 ### Operon type: 288

	 A0A009IFL2	[0, 200, 0, 47, -1, 0, 0, 0]

 ### Operon type: 289

	 A0A009ZDS1	[-1, -1, 0, 200, 0, 0, 415, 0, 0]

 ### Operon type: 290

	 A0A010SNM6	[43, 42, -1, 0, 0, 0, 802, 0, 0]

 ### Operon type: 291

	 A0A010T5D8	[42, 43, 0, -1, 0, -1, 496, 0, 0]

 ### Operon type: 292

	 A0A011UB51	[361, 0, 0, 0, 0, 0, 0, 0, 0]
	 A0A011UFH1	[0, 0, 0, 0, 0, 361, 0, 0, 0]

 ### Operon type: 293

	 A0A011V965	[0, -1, -1, 0, 419, 0, -1, -1, 0]
	 A0A011VHP2	[0, -1, -1, -1, 419, 0, 0, 0, 0]

 ### Operon type: 294

	 A0A010RVD0	[-1, 0, 0, -1, 0, 826, 826, 0, 24]

 ### Operon type: 295

	 A0A010T7Q5	[0, 24, 0, 0, 0, 0, -1, 0, 0]

 ### Operon type: 296

	 A0A010SJH7	[0, 0, 802, -1, 0, 0, 163, 0, 0]

 ### Operon type: 297

	 A0A010SRR2	[0, 0, -1, 0, 0, 0, 0, 0, 802]

 ### Operon type: 298

	 A0A010RY47	[-1, 0, -1, 0, 0, 0, 0, 0, 0]
	 A0A010RKP8	[0, 0, 0, 0, 0, 0, -1, 0, 0]
	 A0A011UZ32	[0, 0, 0, 0, 0, -1, 0, 0, 0]
	 A0A010TF14	[-1, 0, 0, 0, 0, 0, 0, 0, 0]
	 A0A009HJU6	[0, 0, 0, 0, 0, 0, 0, 0, -1]

 ### Operon type: 299

	 A0A010SJF9	[0, 0, 0, 0, 0, -1, 0, 57, -1]

 ### Operon type: 300

	 A0A011ML54	[0, 0, 0, 740, 0, 0, 0, 0, -1]

 ### Operon type: 301

	 A0A011NHY1	[0, 0, 0, 0, 0, 802, 0, 0, 0]

 ### Operon type: 302

	 A0A010Z171	[0, 0, 0, 0, 0, 0, 802, 0, 634]

 ### Operon type: 303

	 A0A011T697	[802, 0, 0, 0, 0, 0, 0, 0, 259]

 ### Operon type: 304

	 A0A011TDD1	[0, 312, 802, 0, 0, 0, 0, 0, 0]

 ### Operon type: 305

	 A0A011VW24	[0, 0, 845, 0, 0, 0, 0, 0, -1]

 ### Operon type: 306

	 A0A011T8V3	[0, 0, 845, 0, 0, 0, 0, 0, 0]

 ### Operon type: 307

	 A0A010TH98	[750, 0, 0, 845, 0, 0, 0, 0, 0]

 ### Operon type: 308

	 A0A011QVR3	[0, 0, 0, 0, 0, 0, 0, 846, 845]

 ### Operon type: 309

	 A0A011VYF1	[845, 0, 0, 0, 0, 0, 361, 0, 0]

 ### Operon type: 310

	 A0A010S415	[-1, 845, 0, 305, 0, 0, 0, 0, 404]

 ### Operon type: 311

	 A0A011PBM9	[0, 0, 0, 0, 0, 0, 0, 0, 0]
	 A0A011QSN2	[0, 0, 0, 0, 0, 0, 0, 0, 0]
	 A0A011QMJ8	[0, 0, 0, 0, 0, 0, 0, 0, 0]
	 A0A011P9Z5	[0, 0, 0, 0, 0, 0, 0, 0, 0]
	 A0A011Q056	[0, 0, 0, 0, 0, 0, 0, 0, 0]
	 A0A011NTU3	[0, 0, 0, 0, 0, 0, 0, 0, 0]
	 A0A011NMI8	[0, 0, 0, 0, 0, 0, 0, 0, 0]
	 A0A011PNN2	[0, 0, 0, 0, 0, 0, 0, 0, 0]
	 A0A013TEV4	[0, 0, 0, 0, 0, 0, 0, 0, 0]
	 A0A011N2Z0	[0, 0, 0, 0, 0, 0, 0, 0, 0]
	 A0A011VNE2	[0, 0, 0, 0, 0, 0, 0, 0, 0]
	 A0A011NAJ1	[0, 0, 0, 0, 0, 0, 0, 0, 0]
	 A0A011VYF6	[0, 0, 0, 0, 0, 0, 0, 0, 0]
	 A0A009M4K0	[0, 0, 0, 0, 0, 0, 0, 0, 0]
	 A0A013SBR8	[0, 0, 0, 0, 0, 0, 0, 0, 0]
	 A0A013SL47	[0, 0, 0, 0, 0, 0, 0, 0, 0]
	 A0A011WUT3	[0, 0, 0, 0, 0, 0, 0, 0, 0]
	 A0A013S2B9	[0, 0, 0, 0, 0, 0, 0, 0, 0]
	 A0A010SHY1	[0, 0, 0, 0, 0, 0, 0, 0, 0]
	 A0A009HIL8	[0, 0, 0, 0, 0, 0, 0, 0, 0]
	 A0A009MH90	[0, 0, 0, 0, 0, 0, 0, 0, 0]
	 A0A010ZTI3	[0, 0, 0, 0, 0, 0, 0, 0, 0]
	 A0A011UHL2	[0, 0, 0, 0, 0, 0, 0, 0, 0]
	 A0A009PDV4	[0, 0, 0, 0, 0, 0, 0, 0, 0]
	 A0A011UBN9	[0, 0, 0, 0, 0, 0, 0, 0, 0]
	 A0A011UFM5	[0, 0, 0, 0, 0, 0, 0, 0, 0]
	 A0A010YJA7	[0, 0, 0, 0, 0, 0, 0, 0, 0]
	 A0A010SPJ7	[0, 0, 0, 0, 0, 0, 0, 0, 0]
	 A0A010SSQ8	[0, 0, 0, 0, 0, 0, 0, 0, 0]
	 A0A010T025	[0, 0, 0, 0, 0, 0, 0, 0, 0]
	 A0A010YZS8	[0, 0, 0, 0, 0, 0, 0, 0, 0]
	 A0A010Z120	[0, 0, 0, 0, 0, 0, 0, 0, 0]
	 A0A011A146	[0, 0, 0, 0, 0, 0, 0, 0, 0]

 ### Operon type: 312

	 A0A010TG27	[736, 0, 30, 0, 0, 0, 810, 0, 0]

 ### Operon type: 313

	 A0A011PMK1	[0, 0, 0, 0, 0, 0, 0, 736, 0]

 ### Operon type: 314

	 A0A009HM15	[0, 287, 111, 0, 0, 0, -1, 0, 0]

 ### Operon type: 315

	 A0A009HRU1	[0, 253, 0, 0, 0, 0, 0, 0, 0]

 ### Operon type: 316

	 A0A009HSN8	[0, 82, 0, 0, 0, -1, 0, 184, -1]

 ### Operon type: 317

	 A0A009HV82	[347, 0, 0, 0, 0, 0, 0, 0, 0]

 ### Operon type: 318

	 A0A009IG74	[0, 0, 207, 0, 596, -1, 0, 0, 0]

 ### Operon type: 319

	 A0A009IJ90	[0, 78, 0, 0, 0, 0, 0, 0, 0]

 ### Operon type: 320

	 A0A009NM94	[0, 554, 554, 0, 0, 0, 312, 0, 0]

 ### Operon type: 321

	 A0A009Q4N5	[0, 0, 214, 0, 0, 0, 0, 0, 0]

 ### Operon type: 322

	 A0A009SSZ9	[0, 46, 0, 0, 0, 0, 0, 0, 0]

 ### Operon type: 323

	 A0A009YIH1	[0, 0, 0, 0, 339, 0, -1, -1, 2]

 ### Operon type: 324

	 A0A009YR05	[0, 0, 0, 0, 381, 0, 0, 0, 0]

 ### Operon type: 325

	 A0A009Z004	[90, 0, 90, 0, 0, 634, 0, 0, 0]

 ### Operon type: 326

	 A0A010RUQ5	[0, 0, 0, 0, 0, 0, 0, 0, 170]

 ### Operon type: 327

	 A0A010S195	[671, 0, 307, 306, 0, 0, 0, 0, 0]

 ### Operon type: 328

	 A0A010SCZ2	[0, 0, 0, 0, 0, 0, 0, 624, 0]

 ### Operon type: 329

	 A0A010SN41	[0, 0, 0, 0, 610, 0, 0, 0, 0]

 ### Operon type: 330

	 A0A010SSU2	[0, 0, 0, 0, 251, 0, -1, 757, 0]

 ### Operon type: 331

	 A0A010SUP6	[0, 0, 0, 0, 0, 0, 0, 306, 0]

 ### Operon type: 332

	 A0A010SUY9	[0, 0, 0, 0, 0, 293, 862, 0]

 ### Operon type: 333

	 A0A010THK2	[0, 0, -1, 0, 0, 739, 634, 0, 0]

 ### Operon type: 334

	 A0A010SRL4	[30, 0, 0, -1, 0, 0, 0, 634, 317]

 ### Operon type: 335

	 A0A010YX61	[503, 780, 0, 845, 0, 0, 0, 0, 0]

 ### Operon type: 336

	 A0A010S5W8	[0, 0, 417, 819, 0, 0, 0, 0, 0]

 ### Operon type: 337

	 A0A011NE37	[590, 0, 0, 0, 0, 0, 0, 0, 0]

 ### Operon type: 338

	 A0A011NF78	[0, 0, 833, 0, 0, 0, 0, 0, 0]

 ### Operon type: 339

	 A0A011NVE2	[0, 0, 0, 840, 0, 0, 802, 0, 714]

 ### Operon type: 340

	 A0A011NXJ4	[0, 0, 0, 0, 0, 0, 0, 0, 726]

 ### Operon type: 341

	 A0A011P8I1	[0, 0, 778, 780, 0, 0, 0, 0, 760]

 ### Operon type: 342

	 A0A011P9Q7	[754, 0, 0, 0, 0, 0, 0, 0, 0]

 ### Operon type: 343

	 A0A011PJ75	[0, 840, 539, 840, 0, 0, 0, 0, 0]

 ### Operon type: 344

	 A0A011PRB4	[0, 0, 0, 0, 0, 0, 0, 628, 0]

 ### Operon type: 345

	 A0A011QVT2	[844, 0, 0, 0, 0, 0, 0, 843, 0]

 ### Operon type: 346

	 A0A011RP14	[0, 0, 0, 0, 0, 0, 0, 561, 0]

 ### Operon type: 347

	 A0A011SM49	[802, 0, 561, 0, 0, 0, 267, 0, 0]

 ### Operon type: 348

	 A0A011AM27	[629, 0, 0, 0, 515, 0, 0, 0, 63]

 ### Operon type: 349

	 A0A011T607	[0, 0, 819, 0, 0, 0, 0, 0, 312]

 ### Operon type: 350

	 A0A011TAW2	[0, 0, 0, 0, 0, 0, 600, 0, 0]

 ### Operon type: 351

	 A0A011TED9	[0, 0, 0, 0, 0, 396, 0, 0, 0]

 ### Operon type: 352

	 A0A011TXS5	[0, 260, 0, 0, 0, 0, 0, 0, 0]

 ### Operon type: 353

	 A0A011U144	[0, 170, 0, 0, 0, 0, 726, 566, 0]

 ### Operon type: 354

	 A0A011U1C8	[670, 0, 0, 0, 0, 0, 0, 0, 169]

 ### Operon type: 355

	 A0A011U483	[0, 0, 0, 0, 0, 669, 0, 0, 0]

 ### Operon type: 356

	 A0A011UG86	[0, 718, 0, 0, 0, 57, 0, 0, 0]

 ### Operon type: 357

	 A0A011UQB5	[553, 371, 0, 0, 0, 0, 0, 361, 0]

 ### Operon type: 358

	 A0A011UVI5	[0, 0, 0, 0, 0, 65, 840, 840, 0]

 ### Operon type: 359

	 A0A011UWI3	[0, 0, 0, 0, 216, 0, 74, 671, 0]

 ### Operon type: 360

	 A0A011V5E6	[0, 0, 0, 0, 0, 613, 0, 0, 0]

 ### Operon type: 361

	 A0A011M4H6	[625, 0, 129, 0, 0, 0, 0, 0, 0]

 ### Operon type: 362

	 A0A011VSV3	[0, 0, 0, 0, 0, 0, 783, 0, 0]

 ### Operon type: 363

	 A0A011VWI0	[0, 0, 0, 0, 0, 313, 0, 0, 0]

 ### Operon type: 364

	 A0A011VZ91	[330, 0, 0, 0, 0, 0, 0, 0, 0]

 ### Operon type: 365

	 A0A011WP76	[0, 0, 0, 0, 0, 0, 0, 0, 848]

 ### Operon type: 366

	 A0A011WSD4	[0, 0, 0, -1, 0, 641, 0, 0, 316]

 ### Operon type: 367

	 A0A011WT35	[316, 0, 0, 0, 0, 0, 0, 0, 0]

 ### Operon type: 368

	 A0A013S843	[0, 521, 0, 0, 0, 0, -1, 228, 0]

 ### Operon type: 369

	 A0A013T5E6	[0, 0, 0, 571, 0, 0, 0, 0, 0]

 ### Operon type: 370

	 A0A009T185	[841, 0, 539, 539, 183, 840, 539, 328, 729]

 ### Operon type: 371

	 A0A010IN36	[329, 802, 0, 0, 183, 840, 539, 328, 729]

 ### Operon type: 372

	 A0A009PG43	[840, 539, 472, 843, 0, 328, 729, 0, 0]

 ### Operon type: 373

	 A0A009INE0	[329, 0, 0, 0, 0, 0, 0, 539, 328]

 ### Operon type: 374

	 A0A009T9H0	[0, 2, 706, -1, 0, 0, 252, 0, 253]

 ### Operon type: 375

	 A0A010THH5	[0, 227, 200, 65, 0, 0, 548, 0, 415]

 ### Operon type: 376

	 A0A011WSH8	[0, 0, 0, 810, 612, 0, 0, 0, 0]
	 A0A011VZE3	[0, 0, 0, 810, 612, 0, 0, 0, 0]

 ### Operon type: 377

	 A0A011NAF3	[0, 0, 0, 0, 0, 0, 810, 0, 763]

 ### Operon type: 378

	 A0A009IQ93	[318, 0, 810, 0, 0, 317, 0, 0, 0]

 ### Operon type: 379

	 A0A009Q8S9	[0, 0, 706, 592, 0, 232, 0, 0, 0]

 ### Operon type: 380

	 A0A009TLU4	[0, 260, -1, 101, 0, 22, 0, -1, -1]

 ### Operon type: 381

	 A0A009ZB47	[202, 218, 0, 0, 0, 641, 413, 0, 0]

 ### Operon type: 382

	 A0A009ZVR4	[559, 0, 780, 0, 0, 69, 0, 0, 203]

 ### Operon type: 383

	 A0A010JIN9	[413, 0, 0, 79, 319, 0, 0, 0, 0]

 ### Operon type: 384

	 A0A010S003	[771, 0, 0, 0, 0, 718, 718, 308, 0]

 ### Operon type: 385

	 A0A010SMN8	[0, -1, 50, 0, 649, 0, 0, 775, 0]

 ### Operon type: 386

	 A0A010SXS1	[0, 472, 0, 0, 0, 335, 0, 0, 843]

 ### Operon type: 387

	 A0A010T689	[63, -1, 548, 674, 0, 0, 0, 0, 0]

 ### Operon type: 388

	 A0A010TBB4	[0, 442, 0, 57, 0, 0, 0, 0, 670]

 ### Operon type: 389

	 A0A010YFK3	[0, 530, 0, 0, 0, 0, 682, 0, 169]

 ### Operon type: 390

	 A0A010YVY1	[19, 0, 19, 0, 0, 0, 0, 308, 0]

 ### Operon type: 391

	 A0A010ZSZ2	[0, 131, 0, 439, 130, 0, 0, 0, 0]

 ### Operon type: 392

	 A0A010Z0Y7	[0, 0, 0, 0, 130, 305, 0, 0, 0]

 ### Operon type: 393

	 A0A011A0M8	[0, 0, 634, 0, 47, 0, 0, 4, 4]

 ### Operon type: 394

	 A0A011NFL4	[0, 738, 0, 0, 737, 736, 0, 735, 0]

 ### Operon type: 395

	 A0A011P407	[0, 0, 758, 743, 0, 0, 670, 0, 669]

 ### Operon type: 396

	 A0A011QGT2	[810, 0, 0, 809, 808, 0, 0, 0, 0]

 ### Operon type: 397

	 A0A011QSA4	[836, 0, 835, 834, 0, 0, 0, 0, 833]

 ### Operon type: 398

	 A0A011T6J6	[0, 534, 0, 780, 0, 0, 258, 0, 257]

 ### Operon type: 399

	 A0A011TAL2	[0, 819, 0, 0, 0, 286, 0, 728, 0]

 ### Operon type: 400

	 A0A011TZG0	[634, 527, 0, 0, 0, 0, 0, 467, 0]

 ### Operon type: 401

	 A0A011UGY3	[615, 614, 613, 32, 0, 0, 0, 32, 0]

 ### Operon type: 402

	 A0A011UII7	[0, 0, 0, 0, 0, 714, 233, 0, 0]

 ### Operon type: 403

	 A0A011UNT9	[232, 269, 0, 0, 0, 0, 0, 0, 0]

 ### Operon type: 404

	 A0A011SIS0	[0, 691, 270, 270, 0, 0, 0, 269, 0]

 ### Operon type: 405

	 A0A011UT49	[0, 131, 0, 0, 0, 0, 472, 383, 0]

 ### Operon type: 406

	 A0A011VU65	[683, 0, 0, 0, 0, 682, 0, 783, 681]

 ### Operon type: 407

	 A0A011VV03	[0, 627, 0, 0, 626, 625, 0, 0, 0]

 ### Operon type: 408

	 A0A011VVZ9	[0, 0, -1, 0, 0, 624, 623, 623, 622]

 ### Operon type: 409

	 A0A011VWX7	[843, 369, 0, 0, 0, 0, 0, 549, 0]

 ### Operon type: 410

	 A0A011VXK7	[554, 554, 0, 587, 0, 0, 0, 536, 0]

 ### Operon type: 411

	 A0A011W0I6	[140, 0, 0, 0, 0, 643, 0, 740, 0]

 ### Operon type: 412

	 A0A010YEF6	[0, 140, 0, 0, 0, 0, 0, 0, 56]

 ### Operon type: 413

	 A0A013SQH1	[0, 0, 0, 0, 610, 609, 0, 608, 607]

 ### Operon type: 414

	 A0A009QJA8	[242, 241, 0, 0, 0, 0, 0, 0, 658]

 ### Operon type: 415

	 A0A009YL68	[0, 0, 670, 504, 501, 0, 0, 201, 0]

 ### Operon type: 416

	 A0A010JNG7	[608, 0, 0, 416, 0, 0, 0, 0, 0]

 ### Operon type: 417

	 A0A010RM40	[577, 810, 744, 0, 0, 0, 0, -1, 705]

 ### Operon type: 418

	 A0A010RRQ6	[0, 129, 0, 0, 0, 649, 446, 128, 0]

 ### Operon type: 419

	 A0A010S423	[258, 0, 0, 0, 0, 0, 0, 74, 558]

 ### Operon type: 420

	 A0A010T0I7	[0, 0, 56, 0, 0, 778, 835, 810, 0]

 ### Operon type: 421

	 A0A010ZUR7	[627, 16, 0, 16, 0, 15, 308, 0, 0]

 ### Operon type: 422

	 A0A011NA78	[0, 578, 0, 0, 0, 826, 0, 0, 705]

 ### Operon type: 423

	 A0A011P8W7	[759, 758, 843, 0, 757, 0, 0, 0, 0]

 ### Operon type: 424

	 A0A011PG97	[775, 0, 0, 774, 0, 0, 0, 0, 0]

 ### Operon type: 425

	 A0A011PKT4	[0, 609, 0, 0, 0, 0, 401, 0, 0]

 ### Operon type: 426

	 A0A011PLB2	[0, 759, 0, 635, 0, 0, 0, 0, 0]

 ### Operon type: 427

	 A0A011R339	[0, 0, 0, 0, 0, 0, 255, 254, 0]

 ### Operon type: 428

	 A0A011SFE5	[0, 0, 0, 554, 0, 0, 738, 743, 553]

 ### Operon type: 429

	 A0A011SJT5	[0, 0, 0, 622, 268, 268, 268, 268, 268]

 ### Operon type: 430

	 A0A011TDQ5	[0, 0, 0, 0, 311, 645, 0, 0, 0]

 ### Operon type: 431

	 A0A011VT01	[0, 0, 686, 0, 0, 686, 0, 0, 685]

 ### Operon type: 432

	 A0A009Z3V9	[810, 0, 0, 0, 0, 195, 632, 196, 197]

 ### Operon type: 433

	 A0A010SRB2	[22, 21, 0, 0, 0, 21, 43, 0, 0]

 ### Operon type: 434

	 A0A010KA25	[413, 0, 548, 304, 290, 0, 0, 413, 525]

 ### Operon type: 435

	 A0A011TZN1	[377, 376, 375, 0, 97, 0, 0, 0, 0]

 ### Operon type: 436

	 A0A011VJ76	[384, 384, 383, 735, 0, 810, 634, 0, 758]

 ### Operon type: 437

	 A0A011UG17	[114, 0, 141, 0, 620, 683, 0, 0, 0]

 ### Operon type: 438

	 A0A011WUA8	[456, 0, 0, 275, 0, 0, 0, 274, 274]

 ### Operon type: 439

	 A0A010S4X6	[0, 305, 744, 718, 494, 0, 734, 642, 739]

 ### Operon type: 440

	 A0A010YY02	[0, 18, 0, 0, 18, 747, 440, 0, 17]
