
 ### Operon type: 1

	 A0A010ILU3	[492, 491, 490, 553, 489, 488, 487, 486, 485]
	 A0A009QBR9	[492, 491, 490, 553, 489, 488, 486, 485, 313]
	 A0A009QS71	[492, 491, 490, 553, 489, 488, 487, 486, 485]
	 A0A009MW50	[492, 491, 490, 553, 489, 488, 487, 486, 485]
	 A0A009H3B0	[492, 491, 490, 553, 489, 488, 487, 486, 485]
	 A0A009I8S2	[492, 491, 490, 553, 489, 488, 486, 485, 313]
	 A0A009TM70	[492, 491, 490, 553, 489, 488, 486, 485, 313]

 ### Operon type: 2

	 A0A013TH43	[367, 366, 548, 365, 364, 363, 362, 361, 360]
	 A0A009RAF0	[367, 366, 548, 365, 364, 363, 362, 361, 360]

 ### Operon type: 3

	 A0A011PVT3	[834, 833, 832, 831, 830, 829, 828, 827, 826]
	 A0A011R7V7	[834, 833, 832, 831, 830, 829, 828, 827, 826]
	 A0A011MET3	[834, 833, 832, 831, 830, 829, 828, 827, 826]

 ### Operon type: 4

	 A0A013SNJ8	[647, 425, 485, 424, 423, 465, 432, 422, 421]
	 A0A013RZW2	[647, 425, 485, 424, 423, 465, 432, 422, 421]
	 A0A009PH20	[647, 425, 485, 424, 423, 465, 432, 422, 421]
	 A0A009MMM3	[647, 425, 485, 424, 423, 465, 432, 422, 421]
	 A0A009HBT3	[647, 425, 485, 424, 423, 465, 432, 422, 421]
	 A0A009RD69	[647, 425, 485, 424, 423, 465, 432, 422, 421]
	 A0A010J9U3	[647, 425, 485, 424, 423, 465, 432, 422, 421]
	 A0A009SIZ4	[647, 425, 485, 424, 423, 465, 432, 422, 421]
	 A0A009IV03	[647, 425, 485, 424, 423, 465, 432, 422, 421]
	 A0A009YIZ0	[647, 425, 485, 424, 423, 465, 432, 422, 421]

 ### Operon type: 5

	 A0A009PH57	[200, 199, -1, 198, 197, 789, 196, 288, 195]
	 A0A009TG92	[200, 199, -1, 198, 197, 789, 196, 288, 195]

 ### Operon type: 6

	 A0A013SXT2	[469, 468, 467, 466, 465, 464, 463, 462, 461]
	 A0A013S288	[469, 468, 467, 466, 465, 464, 463, 462, 461]
	 A0A009N031	[469, 468, 467, 466, 465, 464, 463, 462, 461]
	 A0A009PWG1	[469, 468, 467, 466, 465, 464, 463, 462, 461]
	 A0A009SFX8	[469, 468, 467, 466, 88, 465, 464, 463, 462]
	 A0A010J3I1	[469, 468, 467, 466, 465, 464, 463, 462, 461]
	 A0A009I0I9	[469, 468, 467, 466, 465, 464, 463, 462, 461]
	 A0A009R2X0	[469, 468, 467, 466, 465, 464, 463, 462, 461]
	 A0A009TBM2	[468, 467, 466, 88, 465, 464, 463, 462, 461]

 ### Operon type: 7

	 A0A013SZ54	[460, 838, 459, 458, 457, 480, 456, 455, 454]
	 A0A013T8M5	[460, 838, 459, 458, 457, 480, 456, 455, 454]
	 A0A009IRJ6	[460, 838, 459, 458, 457, 480, 456, 455, 454]
	 A0A009N123	[460, 838, 459, 458, 457, 480, 456, 455, 454]
	 A0A009Q3K7	[460, 838, 459, 458, 457, 480, 456, 455, 454]
	 A0A009RBQ2	[460, 838, 459, 458, 457, 480, 456, 455, 454]
	 A0A010IMP8	[460, 838, 459, 458, 457, 480, 456, 455, 454]
	 A0A009SWU0	[460, 838, 459, 458, 457, 480, 456, 455, 454]
	 A0A009H7U0	[460, 838, 459, 458, 457, 480, 456, 455, 454]
	 A0A009ZM43	[-1, 838, 459, 458, 457, 480, 456, 455, 454]

 ### Operon type: 8

	 A0A009ZIC0	[639, 638, 637, 636, 635, 634, 633, 632, 631]
	 A0A013RMD0	[-1, 638, 637, 636, 635, 634, 633, 632, 631]
	 A0A009QDV7	[-1, 638, 637, 636, 635, 634, 633, 632, 631]
	 A0A009N9Z1	[-1, 638, 637, 636, 635, 634, 633, 632, 631]
	 A0A010JDA6	[-1, 638, 637, 636, 635, 634, 633, 632, 631]
	 A0A009RG92	[-1, 638, 637, 636, 635, 634, 633, 632, 631]
	 A0A009IHQ3	[-1, 638, 637, 636, 635, 634, 633, 632, 631]
	 A0A009H6M2	[-1, 638, 637, 636, 635, 634, 633, 632, 631]
	 A0A009S854	[-1, 638, 637, 636, 635, 634, 633, 632, 631]

 ### Operon type: 9

	 A0A011UIA1	[222, 221, 220, 219, 218, 217, 216, 215, 0]
	 A0A011V5V3	[0, 222, 221, 220, 219, 218, 217, 216, 215]

 ### Operon type: 10

	 A0A011PTE7	[742, 741, 740, 739, 738, 0, 737, 736, 735]
	 A0A011NE72	[742, 741, 740, 739, 738, 737, 736, 735, 0]

 ### Operon type: 11

	 A0A010JWJ1	[172, 76, 825, 75, 171, 170, 169, 168, 167]
	 A0A009I4A1	[172, 76, 825, 75, 171, 170, 169, 168, 167]

 ### Operon type: 12

	 A0A009QF22	[174, 173, 172, 0, 171, 170, 169, 168, 167]
	 A0A009TBY8	[174, 173, 172, 75, 171, 170, 169, 168, 167]

 ### Operon type: 13

	 A0A011NEY3	[420, 872, 873, 871, 871, 870, 869, 868, 0]

 ### Operon type: 14

	 A0A011PAN4	[872, 873, 0, 871, 871, 870, 869, 868, 867]

 ### Operon type: 15

	 A0A011RCD5	[420, 872, 873, 871, 871, 870, 869, 868, 867]

 ### Operon type: 16

	 A0A011P4U7	[0, 717, 716, 715, 714, 713, 712, 711, 710]
	 A0A011NAY5	[717, 716, 715, 714, 713, 712, 711, 710, 0]

 ### Operon type: 17

	 A0A011PF67	[860, 859, 858, 857, 856, 0, 0, 0, 0]
	 A0A011NBX7	[860, 859, 858, 857, 856, 585, 0, 0, 0]
	 A0A011NW66	[860, 859, 858, 857, 856, 585, 0, 0, 0]

 ### Operon type: 18

	 A0A011NS68	[860, 859, 858, 857, 856, 558, 557, 649, 721]
	 A0A011RHX4	[860, 859, 858, 857, 856, 558, 557, 649, 0]

 ### Operon type: 19

	 A0A010YT39	[0, 648, 265, 264, 263, 262, 261, 260, 259]

 ### Operon type: 20

	 A0A010Z7T4	[265, 264, 263, 262, 261, 260, 259, 258, 754]

 ### Operon type: 21

	 A0A013SP43	[434, 433, 432, 431, 430, 429, 428, 427, 426]
	 A0A010K6G6	[434, 433, 432, 431, 430, 429, 428, 0, 426]
	 A0A009RUN3	[434, 433, 432, 431, 430, 429, 428, 427, 426]

 ### Operon type: 22

	 A0A011VWR4	[0, 0, 0, 0, 325, 324, 323, 322, 321]

 ### Operon type: 23

	 A0A011VYP6	[325, 324, 323, 322, 321, 0, 320, 831, 0]

 ### Operon type: 24

	 A0A011QAS2	[0, 607, 606, 605, 604, 603, 602, 601, 600]
	 A0A011NEQ1	[0, 607, 606, 605, 604, 603, 602, 601, 600]

 ### Operon type: 25

	 A0A010JSI3	[623, 622, 621, 620, 619, 618, 617, 616, 0]
	 A0A013T0M4	[623, 622, 621, 620, 619, 618, 617, 616, 0]
	 A0A009HDS5	[623, 622, 621, 620, 619, 618, 617, 616, 145]
	 A0A009RGL2	[623, 622, 621, 620, 619, 618, 617, 616, 145]

 ### Operon type: 26

	 A0A009SNL0	[104, 103, 242, 102, 101, 100, 99, 98, 97]

 ### Operon type: 27

	 A0A009T1I8	[242, 102, 101, 100, 99, 98, 97, 0, 0]

 ### Operon type: 28

	 A0A011VUV0	[676, 675, 674, 673, 672, 671, 670, 669, 0]
	 A0A011VW71	[0, 676, 675, 674, 673, 672, 671, 670, 669]

 ### Operon type: 29

	 A0A011UG71	[147, 210, 146, 151, 150, 211, 149, 209, 148]

 ### Operon type: 30

	 A0A011V8Z7	[0, 0, 147, 210, 146, 151, 150, 211, 149]

 ### Operon type: 31

	 A0A011V8Y9	[151, 150, 211, 149, 209, 148, 0, 0, 0]

 ### Operon type: 32

	 A0A011U8C0	[0, 211, 210, 0, 285, 209, 0, 0, 0]

 ### Operon type: 33

	 A0A011QBB5	[803, 802, 801, 800, 799, 798, 797, 796, 795]
	 A0A011QSF0	[0, 802, 801, 800, 799, 798, 797, 796, 0]
	 A0A011Q0X6	[803, 802, 801, 800, 799, 798, 797, 796, 795]
	 A0A011Q1X8	[802, 0, 801, 800, 799, 798, 797, 796, 795]

 ### Operon type: 34

	 A0A011PG87	[803, 802, 801, 800, 799, 798, 797, 0, 0]

 ### Operon type: 35

	 A0A011PCT1	[866, 865, 864, 0, 0, 0, 0, 863, 0]

 ### Operon type: 36

	 A0A011QU35	[0, 0, 0, 0, 768, 0, 866, 865, 864]

 ### Operon type: 37

	 A0A011Q2B1	[745, 709, 768, 708, 864, 610, 609, 608, 863]

 ### Operon type: 38

	 A0A011RLN8	[744, 743, 768, 708, 864, 610, 609, 608, 863]

 ### Operon type: 39

	 A0A011P700	[0, 0, 747, 746, 745, 709, 768, 708, 864]

 ### Operon type: 40

	 A0A011QSI4	[0, 0, 747, 746, 745, 0, 744, 743, 768]

 ### Operon type: 41

	 A0A013T337	[537, 395, 394, 393, 392, 758, 391, 761, 390]
	 A0A013TH30	[537, 395, 394, 393, 392, 758, 391, 761, 390]
	 A0A013S981	[303, 537, 395, 394, 393, 392, 758, 391, 761]

 ### Operon type: 42

	 A0A010JY00	[303, 537, 395, 394, 643, 758, 391, 761, 390]

 ### Operon type: 43

	 A0A013TPV4	[447, 446, 445, 444, 443, 442, 576, 825, 441]
	 A0A009MGJ1	[447, 446, 445, 444, 443, 442, 576, 825, 441]
	 A0A009QQ47	[447, 446, 445, 444, 443, 442, 576, 825, 441]
	 A0A010IZE4	[447, 446, 445, 444, 443, 442, 576, 825, 441]
	 A0A009HR98	[447, 446, 445, 444, 443, 442, 576, 825, 441]
	 A0A009SZB5	[447, 446, 445, 444, 443, 442, 576, 825, 441]
	 A0A009HL81	[447, 446, 445, 444, 443, 442, 576, 825, 441]

 ### Operon type: 44

	 A0A009Z8F7	[446, 445, 442, 0, 443, 187, 187, 0, 186]

 ### Operon type: 45

	 A0A009HFU9	[60, 59, 58, 57, 639, 508, 56, 55, 0]
	 A0A009R016	[60, 59, 58, 57, 639, -1, 508, 56, 55]

 ### Operon type: 46

	 A0A011UJN3	[0, 353, 0, 0, 536, 535, 534, 533, 532]

 ### Operon type: 47

	 A0A011W213	[536, 535, 534, 533, 532, 562, 0, 0, 0]

 ### Operon type: 48

	 A0A011QIT1	[813, 812, 811, 810, 809, 808, 807, 806, 805]
	 A0A011QUG8	[813, 812, 811, 810, 809, 808, 0, 807, 806]

 ### Operon type: 49

	 A0A011PP01	[757, 756, 755, 769, 770, 771, 772, 773, 774]
	 A0A011NVE7	[757, 756, 755, 769, 770, 771, 772, 773, 774]

 ### Operon type: 50

	 A0A011P2I4	[777, 776, 775, 774, 773, 772, 771, 770, 769]
	 A0A011N9N8	[777, 776, 775, 774, 773, 772, 771, 770, 769]

 ### Operon type: 51

	 A0A011PIY7	[733, 0, 775, 774, 773, 772, 771, 0, 769]

 ### Operon type: 52

	 A0A011Q3J4	[0, 733, 775, 774, 773, 772, 771, 770, 0]

 ### Operon type: 53

	 A0A011MH88	[653, 733, 775, 774, 773, 772, 771, 770, 769]

 ### Operon type: 54

	 A0A013SPM5	[388, 387, 629, 628, 627, 386, 385, 384, 625]
	 A0A009QFZ7	[388, 387, 629, 628, 627, 386, 385, 384, 625]
	 A0A010IX62	[388, 387, 629, 628, 627, 386, 385, 384, 625]
	 A0A009HSL1	[388, 387, 629, 628, 627, 386, 385, 384, 625]
	 A0A009I6Z0	[388, 387, 629, 628, 627, 386, 385, 384, 625]
	 A0A009MH71	[388, 387, 629, 628, 627, 386, 385, 384, 625]
	 A0A009TK03	[388, 387, 629, 628, 627, 386, 385, 384, 625]

 ### Operon type: 55

	 A0A009ZIX8	[0, 630, 629, 628, 627, 626, 0, 625, 0]

 ### Operon type: 56

	 A0A010JJN4	[506, 505, 504, 503, 502, 501, 500, 704, 538]
	 A0A013TPR7	[506, 505, 504, 503, 502, 501, 500, 704, 538]
	 A0A009NI48	[506, 505, 504, 503, 502, 501, 500, 704, -1]
	 A0A009SEP4	[506, 505, 504, 503, 502, 0, 501, 500, 0]
	 A0A009PMT3	[506, 505, 504, 503, 502, 501, 500, 704, 538]
	 A0A009RMI1	[506, 505, 504, 503, 502, 501, 500, 704, 0]
	 A0A009I8I7	[506, 505, 504, 503, 502, 501, 500, 704, 28]
	 A0A009HJJ5	[506, 505, 504, 503, 502, 501, 500, 704, 28]
	 A0A009YG45	[0, 506, 505, 504, 502, 0, 501, 500, 704]

 ### Operon type: 57

	 A0A013TPQ9	[453, 452, 451, 450, 449, 825, 817, 448, 539]
	 A0A013S8F0	[453, 452, 451, 450, 449, 825, 817, 448, 539]
	 A0A010IZH1	[-1, 452, 451, 450, 449, 825, 817, 448, 539]
	 A0A009SZ84	[453, 452, 451, 450, 449, 825, 817, 448, 539]
	 A0A009PMU2	[453, 452, 451, -1, 449, 825, 817, 448, 539]
	 A0A009HJM0	[453, 452, 451, 450, 449, 825, 817, 448, 539]

 ### Operon type: 58

	 A0A009HUS9	[452, 451, 0, 450, 449, 82, -1, 81, 80]

 ### Operon type: 59

	 A0A009ISE1	[501, 500, 704, 80, 81, -1, 82, 449, 450]

 ### Operon type: 60

	 A0A009NPS1	[453, 452, 451, 450, 449, -1, 704, 500, 501]

 ### Operon type: 61

	 A0A013SB36	[302, 301, 300, 299, 298, 580, 579, 297, 296]
	 A0A009QSI3	[302, 301, 300, 299, 298, 580, 579, 297, -1]

 ### Operon type: 62

	 A0A010ITP2	[302, 301, 300, 299, 298, 580, 579, 0, 0]

 ### Operon type: 63

	 A0A009SII9	[-1, 301, 300, 299, 298, 580, 579, 87, 86]

 ### Operon type: 64

	 A0A009T0Q9	[298, 580, 579, 87, 86, 296, 653, 825, 40]

 ### Operon type: 65

	 A0A009YJF4	[0, 580, 579, 68, 67, 653, 825, 0, 40]

 ### Operon type: 66

	 A0A009GP96	[0, 64, 825, 258, 254, 54, 508, 63, 62]

 ### Operon type: 67

	 A0A009GSR4	[258, 254, 54, 508, 63, 62, 62, 61, 0]

 ### Operon type: 68

	 A0A009IIT6	[64, 825, 258, 254, 63, 62, 62, 61, 0]

 ### Operon type: 69

	 A0A011SQL0	[720, 287, -1, 286, 285, 284, 473, 283, 282]
	 A0A011UZ49	[287, -1, 286, 285, 284, 473, 283, 282, 0]

 ### Operon type: 70

	 A0A009PT82	[776, 804, 141, 140, 139, 138, 137, 136, 184]
	 A0A009SIF9	[776, 804, 141, 140, 139, 138, 137, 136, 184]

 ### Operon type: 71

	 A0A009IS10	[202, 0, 0, 0, 139, 138, 137, 0, 0]

 ### Operon type: 72

	 A0A009QHW5	[0, 0, 0, 492, 139, 138, 137, 0, 185]

 ### Operon type: 73

	 A0A011UVB4	[0, 0, 0, 203, 0, 0, 202, 0, 669]

 ### Operon type: 74

	 A0A011V107	[381, -1, 380, 379, 378, 377, 376, 375, 0]
	 A0A011U7M7	[0, 381, -1, 380, 379, 378, 377, 376, 375]

 ### Operon type: 75

	 A0A011TLH0	[310, 378, 380, 309, 379, 377, 0, 0, 0]

 ### Operon type: 76

	 A0A011UG87	[339, 340, 341, 310, 378, 380, 309, 379, 377]

 ### Operon type: 77

	 A0A011TLH7	[341, 340, 339, 0, 0, 0, 0, 0, 0]

 ### Operon type: 78

	 A0A011TWN2	[338, 337, 336, 335, 334, 333, 332, 0, 0]
	 A0A011TAF9	[0, 0, 338, 337, 336, 335, 334, 333, 332]

 ### Operon type: 79

	 A0A011Q5V7	[664, 0, 0, 0, 663, 662, 661, 660, 659]

 ### Operon type: 80

	 A0A011RM25	[663, 662, 661, 660, 659, 766, 0, 548, 0]

 ### Operon type: 81

	 A0A011QIE8	[820, 819, 818, 817, 816, 815, 814, 0, 0]
	 A0A011QDV3	[820, 819, 818, 817, 816, 815, 804, 0, 814]

 ### Operon type: 82

	 A0A011PL71	[697, 696, 695, 694, 693, 777, 692, 691, 0]
	 A0A011QAB0	[696, 695, 694, 0, 693, 777, 692, 691, 0]

 ### Operon type: 83

	 A0A011Q6N5	[658, 657, 656, 0, 0, 0, 655, 654, 655]

 ### Operon type: 84

	 A0A011SGD5	[0, 0, 0, 0, 0, 0, 658, 657, 656]

 ### Operon type: 85

	 A0A011NYU6	[791, 790, 0, 789, 788, 545, 544, 0, 787]

 ### Operon type: 86

	 A0A011PYI6	[791, 790, 0, 789, 788, 787, 786, 785, 0]

 ### Operon type: 87

	 A0A011P1C0	[0, 0, 545, 544, 787, 0, 0, 0, 0]

 ### Operon type: 88

	 A0A011PKU5	[703, 702, 701, 700, 701, 699, 698, 0, 0]
	 A0A011N4G4	[0, 0, 703, 702, 701, 700, 701, 699, 698]

 ### Operon type: 89

	 A0A010ZWJ8	[14, 13, 12, 754, 11, 732, 326, 732, 10]

 ### Operon type: 90

	 A0A011AHW1	[11, 754, 12, 13, 14, 0, 0, 15, 0]

 ### Operon type: 91

	 A0A011AHU9	[326, 732, 10, 0, 0, 0, 0, 21, 653]

 ### Operon type: 92

	 A0A010ZX98	[9, 8, 7, 6, 5, 24, 817, 817, 0]

 ### Operon type: 93

	 A0A011AIL7	[5, 6, 7, 8, 9, 0, 0, 0, 0]

 ### Operon type: 94

	 A0A010YF95	[665, 270, 807, 269, 268, 268, 267, 275, 266]

 ### Operon type: 95

	 A0A010ZJQ6	[270, 807, 269, 268, 268, 267, 275, 266, 0]

 ### Operon type: 96

	 A0A009GXL8	[71, 70, 69, 68, 67, 75, 179, 178, 177]

 ### Operon type: 97

	 A0A010JIW7	[71, 70, 69, 68, 67, 0, 0, 179, 178]

 ### Operon type: 98

	 A0A011QNA5	[0, 851, 850, 849, 0, 848, 847, 846, 845]
	 A0A009ZLJ7	[845, 846, 847, 848, 0, 0, 851, 850, 849]

 ### Operon type: 99

	 A0A013T0T6	[848, 847, 846, 845, 484, 483, 397, 482, 396]
	 A0A009QMH5	[848, 847, 846, 845, 484, 483, 397, 482, 396]
	 A0A009HAX1	[848, 847, 846, 845, 484, 483, 397, 482, 396]
	 A0A009PE10	[848, 847, 846, 845, 484, 119, 397, 482, -1]
	 A0A009RMD0	[848, 847, 846, 845, 484, 119, 397, 482, 396]
	 A0A009ISY0	[848, 847, 846, 845, 484, 119, 397, 482, 396]

 ### Operon type: 100

	 A0A010ILW6	[848, 847, 846, 845, 484, 483, 0, 0, 482]

 ### Operon type: 101

	 A0A009Z9X7	[847, 846, 845, 0, 484, 0, 765, 0, 482]

 ### Operon type: 102

	 A0A013S8V2	[306, 305, 0, 0, 0, 304, 0, 0, 0]
	 A0A009R8E1	[0, 543, 0, 306, 305, 0, 0, 304, 0]

 ### Operon type: 103

	 A0A009ZFR5	[647, 646, 645, 644, 643, 642, 641, 640, 761]
	 A0A009ICH6	[647, 646, 645, 644, 643, 642, 641, 640, 761]

 ### Operon type: 104

	 A0A009NQA1	[647, 646, 645, 644, 129, 128, 394, 761, 758]
	 A0A009RR21	[647, 646, 645, 644, 129, 128, 394, 761, 758]

 ### Operon type: 105

	 A0A009HTN9	[647, 646, 645, 644, 129, 128, 84, 589, 83]
	 A0A009T3J5	[647, 646, 645, 644, 129, 128, 84, 589, 83]

 ### Operon type: 106

	 A0A009Q0U9	[647, 646, 645, 644, 129, 128, -1, -1, 0]

 ### Operon type: 107

	 A0A009IPC3	[352, 351, 350, 349, 348, 347, 346, 345, 344]
	 A0A009QEG7	[352, 351, 350, 349, 348, 347, 346, 345, 344]

 ### Operon type: 108

	 A0A009I573	[46, 0, 41, 106, 0, 42, 348, 349, 350]

 ### Operon type: 109

	 A0A009ILP9	[345, 0, 350, 349, 348, 42, 344, 106, 41]

 ### Operon type: 110

	 A0A009I953	[345, 0, 350, 349, 348, 42, 344, 0, -1]

 ### Operon type: 111

	 A0A009SX74	[782, 721, 0, 106, 344, 345, 351, 352, 105]

 ### Operon type: 112

	 A0A009MMG9	[160, 436, 588, 273, 159, 158, 157, 156, 277]
	 A0A009QVK8	[160, 436, 588, 273, 159, 158, 157, 156, 277]
	 A0A010IPH1	[160, 436, 588, 273, 159, 158, 157, 156, 277]
	 A0A009ICP5	[160, 436, 588, 273, 159, 158, 157, 156, 277]

 ### Operon type: 113

	 A0A009QLL2	[91, 92, 93, 90, 159, 158, 157, 156, 277]
	 A0A009HTW0	[91, 92, 93, 90, 159, 158, 157, 156, 277]
	 A0A009SIV4	[91, 92, 93, 90, 159, 158, 157, 156, 277]
	 A0A013TSJ4	[92, 93, 0, 90, 159, 158, 157, 156, 277]

 ### Operon type: 114

	 A0A013TCN9	[553, 373, 372, 371, 370, 369, 368, 825, 817]
	 A0A009QNC9	[553, 373, 372, 371, 370, 369, 368, 825, 817]
	 A0A009NIJ3	[553, 373, 372, 371, 370, 369, 368, 825, 817]
	 A0A010ITG1	[553, 373, 372, 371, 370, 369, 368, 825, 817]
	 A0A013TRC1	[553, 373, 372, 371, 370, 369, 368, 825, 817]

 ### Operon type: 115

	 A0A009H935	[0, 0, 372, 371, 370, 369, 368, 825, 817]

 ### Operon type: 116

	 A0A009QEX0	[239, 238, 237, 236, 235, 176, 176, 785, 175]
	 A0A009SF48	[239, 238, 237, 236, 235, -1, 176, 785, 175]
	 A0A009IMX3	[239, 238, 237, 236, 235, 176, 176, 785, 175]

 ### Operon type: 117

	 A0A013S7V1	[239, 238, 237, 236, 235, 234, 647, 233, 232]
	 A0A009MR00	[239, 238, 237, 236, 235, 234, 647, 233, 232]
	 A0A009RES7	[239, 238, 237, 236, 235, 234, 647, 233, 232]
	 A0A010ISX2	[239, 238, 237, 236, 235, 234, 647, 233, 232]

 ### Operon type: 118

	 A0A009YTT3	[3, 639, 237, 236, 235, 234, 647, 233, 232]

 ### Operon type: 119

	 A0A009GYP9	[0, 0, 0, 236, 235, 234, 647, 233, 232]

 ### Operon type: 120

	 A0A009ZZC8	[-1, 103, 104, 3, 639, 237, 236, 235, 234]

 ### Operon type: 121

	 A0A011WSE5	[524, 523, 522, 521, 520, 519, 413, 412, 411]
	 A0A011UGX8	[525, 524, 523, 522, 521, 520, 519, 413, 412]

 ### Operon type: 122

	 A0A011VZG0	[526, 0, 525, 524, 523, 522, 521, 520, 519]

 ### Operon type: 123

	 A0A009PJF7	[194, 193, 193, 192, 191, 681, 190, 189, 188]
	 A0A009SJZ7	[203, 194, 193, 192, 191, 681, 190, 189, 188]

 ### Operon type: 124

	 A0A009Z5G0	[681, 192, 193, 0, 414, 194, 203, 555]

 ### Operon type: 125

	 A0A010JJC1	[568, 499, 498, 497, 496, 495, 494, 507, 493]
	 A0A010IZ41	[499, 498, 497, 496, 495, 494, 507, 493, 432]

 ### Operon type: 126

	 A0A009QJL6	[568, 499, 498, 497, 0, 493, 432, 37, 0]

 ### Operon type: 127

	 A0A013TB41	[440, -1, 439, 438, 437, 776, 436, 719, 435]
	 A0A013SGL3	[440, 295, 439, 438, 437, 776, 436, 719, 435]
	 A0A010KAV2	[440, 295, 439, 438, 437, 776, 436, 719, 435]
	 A0A009PG53	[440, 295, 439, 438, 437, 776, 436, 719, 435]
	 A0A009NE81	[440, 295, 439, 438, 437, 776, 436, 719, 435]
	 A0A009SHB3	[440, 295, 439, 438, 437, 776, 436, 719, 435]
	 A0A009RQH3	[440, 295, 439, 438, 437, 776, 436, 719, 435]
	 A0A009I5Z6	[440, 295, 439, 438, 437, 776, 436, 719, 435]

 ### Operon type: 128

	 A0A009H3X4	[440, 295, 439, 438, 437, 776, -1, 651, -1]

 ### Operon type: 129

	 A0A009PIB4	[0, 0, 0, 135, 134, 133, 508, 825, 777]
	 A0A009SLR5	[0, 0, 0, 135, 134, 133, 508, 825, 777]

 ### Operon type: 130

	 A0A009HSU4	[0, 0, 689, 825, 0, 776, 719, 777, 508]

 ### Operon type: 131

	 A0A009I463	[577, 74, 73, 465, 465, 259, 241, 240, 127]
	 A0A009PAG1	[577, 74, 73, 465, 465, 259, 241, 240, 127]

 ### Operon type: 132

	 A0A013SKX6	[0, 0, 577, 0, 465, 465, 259, 241, 240]

 ### Operon type: 133

	 A0A011Q5S3	[805, 668, 0, 0, 0, 0, 667, 666, 665]

 ### Operon type: 134

	 A0A011UZZ4	[0, 667, 666, 0, 0, 0, 383, 383, 665]

 ### Operon type: 135

	 A0A011UTJ0	[0, 0, 0, 406, 405, 404, 712, 403, 402]

 ### Operon type: 136

	 A0A011VMV7	[406, 405, 404, 712, 403, 402, 401, 400, 399]

 ### Operon type: 137

	 A0A011NYT4	[707, 706, 705, 704, 0, 581, 581, 580, 579]

 ### Operon type: 138

	 A0A011P8E9	[0, 0, 707, 706, 0, 705, 704, 0, 0]

 ### Operon type: 139

	 A0A010TF34	[0, -1, 0, 0, 33, 32, 31, 30, 29]
	 A0A010SYH9	[33, 32, 31, 30, 29, 0, 0, 0, 0]

 ### Operon type: 140

	 A0A010S7A1	[117, 116, 115, 278, 0, 114, 0, 0, 0]
	 A0A010TFJ4	[0, -1, 0, 117, 116, 115, 278, -1, 114]

 ### Operon type: 141

	 A0A009PAV9	[124, -1, 588, 123, 465, 508, 122, 121, 120]
	 A0A009HJC2	[124, 817, 588, 123, 465, 508, 122, 121, 120]

 ### Operon type: 142

	 A0A009SE02	[0, 120, 0, 0, 0, 121, 122, 508, 465]

 ### Operon type: 143

	 A0A009SYU8	[719, 647, 727, 255, 201, 825, 825, 550, 244]
	 A0A009RSB7	[719, 647, 727, 255, 201, 825, 825, 550, 244]
	 A0A009HS41	[719, 647, 727, 255, 201, 825, 825, 550, 244]

 ### Operon type: 144

	 A0A013SHA9	[719, 647, 727, 255, 245, 825, 825, 550, 244]
	 A0A010IT25	[719, 647, 727, 255, 245, 825, 825, 550, 244]
	 A0A009I466	[719, 647, 727, 255, 245, 825, 825, 550, 244]

 ### Operon type: 145

	 A0A009NMQ9	[719, 647, 727, 255, 245, 0, 825, 825, 550]

 ### Operon type: 146

	 A0A009P8A9	[0, 0, 727, 255, 201, 825, 825, 550, 244]

 ### Operon type: 147

	 A0A009NJ90	[111, 110, 109, 143, 253, 108, 107, 251, 250]
	 A0A009ITT8	[111, 110, 109, 143, 253, 107, 251, 250, 249]

 ### Operon type: 148

	 A0A009NCH6	[252, 251, 250, 249, 248, 247, 246, 113, 112]
	 A0A009IJ01	[251, 250, 249, 142, 248, 247, 246, 113, 112]

 ### Operon type: 149

	 A0A009RQL5	[251, 250, 249, 53, 248, 247, 246, 113, 0]

 ### Operon type: 150

	 A0A009MGQ8	[253, 0, 252, 251, 250, 249, 248, 247, 246]

 ### Operon type: 151

	 A0A009IJ07	[78, 77, 144, 143, 253, 251, 250, 249, 142]
	 A0A009RHH7	[78, 77, 144, 143, 253, 108, 251, 250, 249]
	 A0A009S6G1	[78, 77, 144, 143, 253, 251, 250, 249, 248]

 ### Operon type: 152

	 A0A009HZK2	[144, 143, 253, 251, 250, 249, 142, 248, 247]

 ### Operon type: 153

	 A0A009R4N4	[143, 253, 108, 251, 250, 249, 53, 248, 247]

 ### Operon type: 154

	 A0A009S5A5	[253, 108, 107, 251, 250, 249, 142, 39, 248]

 ### Operon type: 155

	 A0A009RHH9	[0, 0, 0, 0, 214, 78, 77, 144, 143]

 ### Operon type: 156

	 A0A011PGU1	[0, 0, 781, 841, 840, 839, 780, 779, 778]
	 A0A011MDH1	[611, 0, 781, 841, 840, 839, 780, 779, 778]

 ### Operon type: 157

	 A0A011V0P4	[481, 382, 0, 0, 418, 0, 0, 528, 527]

 ### Operon type: 158

	 A0A011WPV7	[528, 527, 0, 0, 0, 0, 0, 0, 0]

 ### Operon type: 159

	 A0A011UDF3	[841, 677, 0, 0, 0, 331, 684, 683, 751]

 ### Operon type: 160

	 A0A011VSC9	[684, 683, 751, 0, 0, 0, 0, 0, 0]

 ### Operon type: 161

	 A0A011SF89	[574, 573, 572, 0, 0, 0, 0, 0, 0]

 ### Operon type: 162

	 A0A011UCX7	[0, 696, 574, 573, 0, 572, 343, 0, 0]

 ### Operon type: 163

	 A0A011RNP9	[0, 0, 0, 0, 0, 670, 692, 0, 0]

 ### Operon type: 164

	 A0A011V0B5	[577, 0, 0, 0, 0, 0, 670, 0, 0]

 ### Operon type: 165

	 A0A011RQC9	[0, 577, 576, 0, 0, 0, 0, 575, 0]

 ### Operon type: 166

	 A0A011QG28	[843, 842, 841, 0, 840, 839, 838, 837, 836]
	 A0A011RIM8	[843, 842, 0, 0, 840, 839, 838, 837, 836]

 ### Operon type: 167

	 A0A011PHI6	[723, 0, 822, 0, 0, 821, 810, 722, 0]

 ### Operon type: 168

	 A0A011QI68	[0, 0, 822, 821, 0, 0, 0, 0, 0]

 ### Operon type: 169

	 A0A011NVJ6	[567, 593, 592, 591, 590, 589, 0, 0, 566]

 ### Operon type: 170

	 A0A011PVP2	[0, 593, 592, 591, 590, 589, 0, 0, 834]

 ### Operon type: 171

	 A0A011NXY7	[0, 0, 592, 0, 590, 0, 0, 0, 0]

 ### Operon type: 172

	 A0A011QR69	[763, 762, 761, 760, 759, 758, 0, 0, 0]
	 A0A011NUB4	[763, 762, 761, 760, 759, 758, 0, 562, 0]

 ### Operon type: 173

	 A0A011NN36	[762, 761, 0, 0, 759, 758, 0, 0, 0]

 ### Operon type: 174

	 A0A011PK69	[761, 726, 0, 0, 759, 758, 0, 0, 0]

 ### Operon type: 175

	 A0A011NYD6	[598, 853, 852, 564, 563, 597, 596, 595, 594]
	 A0A011RMI6	[598, 853, 852, 564, 563, 597, 596, 595, 594]

 ### Operon type: 176

	 A0A011QB28	[599, 598, 853, 0, 0, 597, 596, 595, 594]

 ### Operon type: 177

	 A0A011NF33	[0, 597, 596, 0, 0, 0, 0, 0, 0]

 ### Operon type: 178

	 A0A011NBY4	[584, 0, 0, 583, 0, 0, 582, 0, 0]

 ### Operon type: 179

	 A0A011WRT0	[584, 0, 0, 0, 0, 0, 0, 785, 0]

 ### Operon type: 180

	 A0A011SHV5	[0, 0, 0, 0, 0, 569, 785, 568, 0]

 ### Operon type: 181

	 A0A011NB95	[0, 767, 0, 0, 0, 0, 588, 587, 586]

 ### Operon type: 182

	 A0A011UHT4	[37, 518, 587, 0, 0, 35, 35, 586, 0]

 ### Operon type: 183

	 A0A010Z1W7	[0, 0, 0, 0, 0, 272, 0, 478, 479]

 ### Operon type: 184

	 A0A011VY84	[0, 0, 479, 478, 0, 0, 0, 0, 0]

 ### Operon type: 185

	 A0A010YW85	[0, 0, 0, 0, 0, 509, 0, 478, 479]

 ### Operon type: 186

	 A0A010ZMA0	[478, 540, 0, 0, 0, 0, 0, 0, 0]

 ### Operon type: 187

	 A0A011N5L2	[0, 0, 0, 540, 0, 539, 538, 0, 0]

 ### Operon type: 188

	 A0A009MJ75	[0, 0, 127, 126, 125, 0, 0, 0, 258]

 ### Operon type: 189

	 A0A010IH51	[0, 277, 0, 0, 125, 0, 258, 0, 0]

 ### Operon type: 190

	 A0A011TYT7	[0, 0, 0, 0, 0, 0, 277, 276, 276]

 ### Operon type: 191

	 A0A010RRR9	[0, 0, 0, 0, 830, 0, 0, 279, 258]

 ### Operon type: 192

	 A0A010SIA7	[0, 0, 279, 278, 0, 0, 0, 0, 0]

 ### Operon type: 193

	 A0A010RFQ9	[0, 0, 634, 0, 615, 0, 0, 0, 0]

 ### Operon type: 194

	 A0A010SPR9	[19, 19, 0, 0, 0, 615, 0, 0, 0]

 ### Operon type: 195

	 A0A009LNU8	[470, 472, 473, 474, 0, 38, 0, 508, 0]

 ### Operon type: 196

	 A0A013SRG6	[475, 474, 473, 472, 0, 471, 0, 470, 560]

 ### Operon type: 197

	 A0A009IQU8	[0, 472, 0, 0, 0, 471, 560, 0, 0]

 ### Operon type: 198

	 A0A010K2K8	[473, 474, 475, 0, 0, 0, 0, -1, 508]

 ### Operon type: 199

	 A0A011NPR8	[0, 560, 0, 0, 0, 0, 559, 0, 0]

 ### Operon type: 200

	 A0A010SEA2	[668, 559, 280, 0, 0, 0, 0, 0, 0]

 ### Operon type: 201

	 A0A010IGH8	[0, 0, 0, 0, 0, 0, 0, 549, 550]

 ### Operon type: 202

	 A0A010STD3	[0, 0, 0, 330, 329, 328, 0, 550, 549]

 ### Operon type: 203

	 A0A010SQJ5	[231, 273, 0, 330, 329, 328, 0, 0, 0]

 ### Operon type: 204

	 A0A013RVV2	[553, 0, 552, 551, 0, 0, 550, 549, 0]

 ### Operon type: 205

	 A0A011TD67	[331, 0, 0, 330, 329, 328, 327, 0, 326]

 ### Operon type: 206

	 A0A009ZC12	[0, 0, 0, 330, 0, 328, 327, 183, 749]

 ### Operon type: 207

	 A0A009YSC7	[0, 0, 582, 1, 0, 1, 552, 551, 0]

 ### Operon type: 208

	 A0A009ZJK4	[0, 0, 0, 0, 0, 0, 647, 624, 0]

 ### Operon type: 209

	 A0A010SVN1	[-1, 624, 825, 314, 311, 0, 0, 647, 0]

 ### Operon type: 210

	 A0A009QGN4	[166, 165, 164, 163, 162, 161, 0, 0, 0]
	 A0A009PFK7	[166, 165, 164, 163, 162, 0, 0, 161, 0]

 ### Operon type: 211

	 A0A009YR20	[0, 161, 0, 0, 0, 0, 165, 0, 0]

 ### Operon type: 212

	 A0A009SCM5	[45, 44, 43, 0, 0, 0, 0, 0, 0]

 ### Operon type: 213

	 A0A009TJ77	[105, 79, 0, 0, 0, 0, 45, 44, 43]

 ### Operon type: 214

	 A0A009HZV2	[0, 0, 0, 0, 154, 153, 108, 0, 0]

 ### Operon type: 215

	 A0A009QPE7	[0, 0, 0, 0, 154, 153, 0, 0, 0]

 ### Operon type: 216

	 A0A009MGR3	[0, 0, 229, 0, 389, 39, 57, 228, 227]

 ### Operon type: 217

	 A0A009Q4G0	[0, 230, 229, 0, 389, 0, 228, 227, 228]

 ### Operon type: 218

	 A0A009PB53	[0, 0, 182, 181, 389, 228, 227, 228, 180]

 ### Operon type: 219

	 A0A009PUJ8	[0, 182, 181, 389, 0, 180, 179, 178, 177]

 ### Operon type: 220

	 A0A009QQC0	[152, 0, 155, 825, 316, 316, 315, 448, 314]
	 A0A009H7I0	[152, 0, 0, 825, 316, 316, 315, 448, 314]

 ### Operon type: 221

	 A0A009MVG4	[155, 0, 243, 825, 316, 316, 315, 448, 314]

 ### Operon type: 222

	 A0A009QA91	[318, 317, 719, 825, 316, 316, 315, 448, 314]
	 A0A010J377	[318, 317, 719, 825, 316, 316, 315, 448, 314]

 ### Operon type: 223

	 A0A009S1X4	[318, 317, 719, 825, 316, 316, 825, 0, 196]

 ### Operon type: 224

	 A0A013SHF4	[0, 0, 243, 825, 316, 316, 0, 242, 0]

 ### Operon type: 225

	 A0A011PJK8	[689, 688, 687, 824, 823, 686, 0, 0, 0]
	 A0A011N3C3	[0, 0, 0, 689, 688, 687, 824, 823, 686]

 ### Operon type: 226

	 A0A011WKI4	[0, 0, 0, 0, 0, 690, 531, 530, 529]
	 A0A011UWH1	[690, 531, 530, 529, 0, 0, 0, 0, 0]

 ### Operon type: 227

	 A0A010YKP2	[0, 0, 0, 0, 0, 0, 566, 374, 0]

 ### Operon type: 228

	 A0A011V1A2	[382, 0, 0, 374, 0, 0, 0, 0, 0]

 ### Operon type: 229

	 A0A011NGS0	[0, 0, 0, 0, 794, 793, 0, 0, 0]

 ### Operon type: 230

	 A0A011PW61	[0, 0, 0, 0, 794, 793, 0, 0, 792]

 ### Operon type: 231

	 A0A011UXI1	[0, 724, 0, 0, 794, 793, 308, 0, 0]

 ### Operon type: 232

	 A0A011SWI9	[-1, -1, 0, 723, 794, 793, 308, -1, -1]

 ### Operon type: 233

	 A0A011P952	[793, 0, 728, 0, 0, 728, 0, 0, 0]

 ### Operon type: 234

	 A0A011Q1B3	[614, 722, 613, 612, 613, 834, 611, 0, 0]
	 A0A011QVV5	[0, 0, 614, 722, 613, 612, 613, 834, 611]

 ### Operon type: 235

	 A0A011NSG8	[0, 0, 0, 722, 613, 612, 0, 613, 0]

 ### Operon type: 236

	 A0A011P0X4	[0, 0, 611, 0, 613, 0, 0, 612, 543]

 ### Operon type: 237

	 A0A010YNY9	[0, 0, 48, 47, 0, 0, 0, 0, 256]

 ### Operon type: 238

	 A0A011AC71	[196, 0, 0, 292, 0, 48, 47, 0, 719]

 ### Operon type: 239

	 A0A011QLX0	[0, 855, 0, 0, 854, 0, 853, 852, 0]
	 A0A011PRW6	[855, 0, 0, 0, 854, 853, 852, 0, 0]

 ### Operon type: 240

	 A0A010SML6	[0, 853, 852, -1, 0, 721, 0, 0, 0]

 ### Operon type: 241

	 A0A010RS09	[0, 0, 0, 0, 30, 0, 651, 651, 0]

 ### Operon type: 242

	 A0A010RTE7	[0, 0, 0, 0, 0, 0, 30, 79, 0]

 ### Operon type: 243

	 A0A009P817	[226, 0, 0, 0, 132, 0, 511, 131, 130]

 ### Operon type: 244

	 A0A009TIY0	[0, 0, 0, 0, 132, 0, 511, 131, 0]

 ### Operon type: 245

	 A0A009QKA3	[511, 131, 0, 130, 0, 0, 0, 0, 166]

 ### Operon type: 246

	 A0A009HSR2	[0, 52, 51, 0, 50, 205, 206, 108, 207]

 ### Operon type: 247

	 A0A009SWM1	[0, 52, 51, 0, 50, 0, 0, 206, 0]

 ### Operon type: 248

	 A0A009MYX0	[208, 207, 0, 689, 0, 0, 206, 205, 204]

 ### Operon type: 249

	 A0A009QK79	[0, 0, 204, 205, 0, 206, 0, 0, 207]

 ### Operon type: 250

	 A0A009GXJ1	[224, 223, 205, 206, 72, 108, 207, 208, 0]

 ### Operon type: 251

	 A0A013TKW8	[0, 861, 0, 508, 359, 358, 357, 356, 355]
	 A0A009QT77	[0, 0, -1, 508, 359, 358, 357, 356, 355]
	 A0A009PRQ9	[0, 508, 85, 0, 359, 358, 357, 356, 355]
	 A0A009GWD0	[108, 0, 0, 508, 359, 358, 357, 356, 355]
	 A0A010IT95	[0, 0, 0, 508, 359, 358, 357, 356, 355]
	 A0A009S0T6	[0, 0, 508, 85, 359, 358, 357, 356, 355]
	 A0A009I5G9	[0, 0, 508, 85, 359, 358, 357, 356, 355]
	 A0A009MH36	[0, 0, 0, 508, 359, 358, 357, 356, 355]

 ### Operon type: 252

	 A0A013TMJ7	[817, -1, 0, 508, 359, 356, 355, 0, 0]

 ### Operon type: 253

	 A0A011V392	[512, 0, 752, 513, 514, 515, 0, 516, 517]
	 A0A011VXC2	[-1, 512, 0, 752, 513, 514, 515, 516, 517]

 ### Operon type: 254

	 A0A011V490	[526, 556, 0, 517, 516, 515, 514, 513, 752]

 ### Operon type: 255

	 A0A011VZF5	[0, 0, 513, 514, 515, 696, 556, 696, 0]

 ### Operon type: 256

	 A0A011VU44	[0, 0, 0, 0, 0, 680, 0, 0, 0]
	 A0A011WLE7	[0, 0, 0, 0, 0, 680, 0, 0, 0]

 ### Operon type: 257

	 A0A011VAP2	[0, 0, 398, 0, 0, 0, 0, 0, 417]

 ### Operon type: 258

	 A0A011VRJ8	[0, 0, 0, 0, 0, 0, 398, 0, 0]

 ### Operon type: 259

	 A0A011RNU1	[0, 0, 0, 0, 0, 0, 547, 547, 546]

 ### Operon type: 260

	 A0A011VKJ9	[0, 0, 0, 0, 0, 0, 546, 547, -1]

 ### Operon type: 261

	 A0A011PQZ7	[0, 0, 0, 754, 788, 0, 753, 0, 0]

 ### Operon type: 262

	 A0A011TUX4	[0, 0, 0, 0, 788, 0, 0, 753, 0]

 ### Operon type: 263

	 A0A011STZ9	[0, 0, 0, 753, 0, 0, 0, 0, 0]

 ### Operon type: 264

	 A0A011PUJ9	[0, 0, 0, 0, 0, 0, 0, 0, 835]
	 A0A011PRF5	[835, 0, 0, 0, 0, 0, 0, 0, 0]

 ### Operon type: 265

	 A0A011PFY8	[0, 0, 0, 0, 0, 0, 0, 0, 784]

 ### Operon type: 266

	 A0A011PNS3	[764, 784, 0, 0, 0, 0, 0, 0, 0]

 ### Operon type: 267

	 A0A011T648	[0, 784, 0, 0, 0, 0, 0, 761, 0]

 ### Operon type: 268

	 A0A010YYJ5	[0, 0, 0, 696, 0, 0, 0, 89, 89]

 ### Operon type: 269

	 A0A011NDM5	[696, 0, 0, 0, 0, 0, 0, 0, 0]

 ### Operon type: 270

	 A0A011MSR2	[0, 0, 0, 685, 0, 0, 0, 696, 696]

 ### Operon type: 271

	 A0A011WSU6	[0, 696, 0, 0, 516, 0, 0, 0, 0]

 ### Operon type: 272

	 A0A011AEN3	[0, 0, 0, 0, 0, 0, 838, 0, 0]
	 A0A011U3C2	[0, 0, 838, 0, 0, 0, 0, 0, 0]

 ### Operon type: 273

	 A0A011AAZ2	[0, 542, 0, 0, 0, 838, 838, 838, 0]

 ### Operon type: 274

	 A0A011T698	[0, 0, 0, 0, 0, 719, 838, 0, 0]

 ### Operon type: 275

	 A0A010YRE8	[0, 0, 0, 0, 0, 0, 0, 24, 0]

 ### Operon type: 276

	 A0A011AF05	[0, 0, 196, 24, 0, 0, 0, 0, 0]

 ### Operon type: 277

	 A0A009ZG48	[0, 0, 0, 861, 0, 0, 0, 0, 0]

 ### Operon type: 278

	 A0A011PEJ8	[0, 0, 862, 861, 0, 0, 0, 0, 0]

 ### Operon type: 279

	 A0A011QNJ7	[844, 0, 0, 861, 0, 0, 0, 844, 0]

 ### Operon type: 280

	 A0A011MMJ4	[0, 0, 0, 0, 0, 0, 0, 844, 0]

 ### Operon type: 281

	 A0A011R8M3	[0, 0, 862, 861, 0, 307, 0, 844, 0]

 ### Operon type: 282

	 A0A009ZC82	[0, 0, 720, 0, 0, 0, 0, 0, 0]

 ### Operon type: 283

	 A0A011P3F6	[721, 0, 0, 720, 0, 0, 0, 0, 0]

 ### Operon type: 284

	 A0A009IG48	[0, 0, 0, 66, 65, 0, 0, 0, 721]

 ### Operon type: 285

	 A0A009IMQ0	[0, 0, 0, 66, 65, 0, 0, 0, 0]

 ### Operon type: 286

	 A0A009SWV1	[0, 0, 0, 0, 0, 0, 0, 66, 0]

 ### Operon type: 287

	 A0A009Q512	[0, 0, 0, 0, 225, 0, 0, 0, 0]
	 A0A009PMZ9	[225, 0, 0, 0, 0, 0, 0, 0, 0]

 ### Operon type: 288

	 A0A009IFL2	[0, 257, 0, 27, -1, 0, 0, 0]

 ### Operon type: 289

	 A0A009ZDS1	[-1, -1, 0, 257, 0, 0, 499, 0, 0]

 ### Operon type: 290

	 A0A010SNM6	[26, 25, -1, 0, 0, 0, 817, 0, 0]

 ### Operon type: 291

	 A0A010T5D8	[25, 26, 0, -1, 0, -1, 432, 0, 0]

 ### Operon type: 292

	 A0A011UB51	[477, 0, 0, 0, 0, 0, 0, 0, 0]
	 A0A011UFH1	[0, 0, 0, 0, 0, 477, 0, 0, 0]

 ### Operon type: 293

	 A0A011VHP2	[0, -1, -1, -1, 409, 0, 0, 0, 0]
	 A0A011V965	[0, -1, -1, 0, 409, 0, -1, -1, 0]

 ### Operon type: 294

	 A0A010RVD0	[-1, 0, 0, -1, 0, 796, 796, 0, 20]

 ### Operon type: 295

	 A0A010T7Q5	[0, 20, 0, 0, 0, 0, -1, 0, 0]

 ### Operon type: 296

	 A0A010SJH7	[0, 0, 817, -1, 0, 0, 315, 0, 0]

 ### Operon type: 297

	 A0A010SRR2	[0, 0, -1, 0, 0, 0, 0, 0, 817]

 ### Operon type: 298

	 A0A010RY47	[-1, 0, -1, 0, 0, 0, 0, 0, 0]
	 A0A011UZ32	[0, 0, 0, 0, 0, -1, 0, 0, 0]
	 A0A010RKP8	[0, 0, 0, 0, 0, 0, -1, 0, 0]
	 A0A009HJU6	[0, 0, 0, 0, 0, 0, 0, 0, -1]
	 A0A010TF14	[-1, 0, 0, 0, 0, 0, 0, 0, 0]

 ### Operon type: 299

	 A0A010SJF9	[0, 0, 0, 0, 0, -1, 0, 96, -1]

 ### Operon type: 300

	 A0A011ML54	[0, 0, 0, 652, 0, 0, 0, 0, -1]

 ### Operon type: 301

	 A0A011NHY1	[0, 0, 0, 0, 0, 817, 0, 0, 0]

 ### Operon type: 302

	 A0A010Z171	[0, 0, 0, 0, 0, 0, 817, 0, 689]

 ### Operon type: 303

	 A0A011T697	[817, 0, 0, 0, 0, 0, 0, 0, 511]

 ### Operon type: 304

	 A0A011TDD1	[0, 312, 817, 0, 0, 0, 0, 0, 0]

 ### Operon type: 305

	 A0A011VW24	[0, 0, 766, 0, 0, 0, 0, 0, -1]

 ### Operon type: 306

	 A0A011T8V3	[0, 0, 766, 0, 0, 0, 0, 0, 0]

 ### Operon type: 307

	 A0A010TH98	[792, 0, 0, 766, 0, 0, 0, 0, 0]

 ### Operon type: 308

	 A0A011QVR3	[0, 0, 0, 0, 0, 0, 0, 767, 766]

 ### Operon type: 309

	 A0A011VYF1	[766, 0, 0, 0, 0, 0, 477, 0, 0]

 ### Operon type: 310

	 A0A010S415	[-1, 766, 0, 314, 0, 0, 0, 0, 488]

 ### Operon type: 311

	 A0A011PBM9	[0, 0, 0, 0, 0, 0, 0, 0, 0]
	 A0A011QMJ8	[0, 0, 0, 0, 0, 0, 0, 0, 0]
	 A0A011Q056	[0, 0, 0, 0, 0, 0, 0, 0, 0]
	 A0A011QSN2	[0, 0, 0, 0, 0, 0, 0, 0, 0]
	 A0A011P9Z5	[0, 0, 0, 0, 0, 0, 0, 0, 0]
	 A0A011PNN2	[0, 0, 0, 0, 0, 0, 0, 0, 0]
	 A0A011N2Z0	[0, 0, 0, 0, 0, 0, 0, 0, 0]
	 A0A011NAJ1	[0, 0, 0, 0, 0, 0, 0, 0, 0]
	 A0A011NTU3	[0, 0, 0, 0, 0, 0, 0, 0, 0]
	 A0A011NMI8	[0, 0, 0, 0, 0, 0, 0, 0, 0]
	 A0A013SL47	[0, 0, 0, 0, 0, 0, 0, 0, 0]
	 A0A011WUT3	[0, 0, 0, 0, 0, 0, 0, 0, 0]
	 A0A010ZTI3	[0, 0, 0, 0, 0, 0, 0, 0, 0]
	 A0A011VYF6	[0, 0, 0, 0, 0, 0, 0, 0, 0]
	 A0A011VNE2	[0, 0, 0, 0, 0, 0, 0, 0, 0]
	 A0A013TEV4	[0, 0, 0, 0, 0, 0, 0, 0, 0]
	 A0A013SBR8	[0, 0, 0, 0, 0, 0, 0, 0, 0]
	 A0A010SHY1	[0, 0, 0, 0, 0, 0, 0, 0, 0]
	 A0A009M4K0	[0, 0, 0, 0, 0, 0, 0, 0, 0]
	 A0A013S2B9	[0, 0, 0, 0, 0, 0, 0, 0, 0]
	 A0A011UHL2	[0, 0, 0, 0, 0, 0, 0, 0, 0]
	 A0A009MH90	[0, 0, 0, 0, 0, 0, 0, 0, 0]
	 A0A011UBN9	[0, 0, 0, 0, 0, 0, 0, 0, 0]
	 A0A009PDV4	[0, 0, 0, 0, 0, 0, 0, 0, 0]
	 A0A011UFM5	[0, 0, 0, 0, 0, 0, 0, 0, 0]
	 A0A009HIL8	[0, 0, 0, 0, 0, 0, 0, 0, 0]
	 A0A010YJA7	[0, 0, 0, 0, 0, 0, 0, 0, 0]
	 A0A010SPJ7	[0, 0, 0, 0, 0, 0, 0, 0, 0]
	 A0A010SSQ8	[0, 0, 0, 0, 0, 0, 0, 0, 0]
	 A0A010T025	[0, 0, 0, 0, 0, 0, 0, 0, 0]
	 A0A011A146	[0, 0, 0, 0, 0, 0, 0, 0, 0]
	 A0A010YZS8	[0, 0, 0, 0, 0, 0, 0, 0, 0]
	 A0A010Z120	[0, 0, 0, 0, 0, 0, 0, 0, 0]

 ### Operon type: 312

	 A0A010TG27	[690, 0, 34, 0, 0, 0, 825, 0, 0]

 ### Operon type: 313

	 A0A011PMK1	[0, 0, 0, 0, 0, 0, 0, 690, 0]

 ### Operon type: 314

	 A0A009HM15	[0, 246, 113, 0, 0, 0, -1, 0, 0]

 ### Operon type: 315

	 A0A009HRU1	[0, 205, 0, 0, 0, 0, 0, 0, 0]

 ### Operon type: 316

	 A0A009HSN8	[0, 230, 0, 0, 0, -1, 0, 180, -1]

 ### Operon type: 317

	 A0A009HV82	[179, 0, 0, 0, 0, 0, 0, 0, 0]

 ### Operon type: 318

	 A0A009IG74	[0, 0, 126, 0, 465, -1, 0, 0, 0]

 ### Operon type: 319

	 A0A009IJ90	[0, 105, 0, 0, 0, 0, 0, 0, 0]

 ### Operon type: 320

	 A0A009NM94	[0, 571, 571, 0, 0, 0, 312, 0, 0]

 ### Operon type: 321

	 A0A009Q4N5	[0, 0, 226, 0, 0, 0, 0, 0, 0]

 ### Operon type: 322

	 A0A009SSZ9	[0, 46, 0, 0, 0, 0, 0, 0, 0]

 ### Operon type: 323

	 A0A009YIH1	[0, 0, 0, 0, 248, 0, -1, -1, 2]

 ### Operon type: 324

	 A0A009YR05	[0, 0, 0, 0, 405, 0, 0, 0, 0]

 ### Operon type: 325

	 A0A009Z004	[94, 0, 94, 0, 0, 689, 0, 0, 0]

 ### Operon type: 326

	 A0A010RUQ5	[0, 0, 0, 0, 0, 0, 0, 0, 213]

 ### Operon type: 327

	 A0A010S195	[720, 0, 272, 271, 0, 0, 0, 0, 0]

 ### Operon type: 328

	 A0A010SCZ2	[0, 0, 0, 0, 0, 0, 0, 416, 0]

 ### Operon type: 329

	 A0A010SN41	[0, 0, 0, 0, 476, 0, 0, 0, 0]

 ### Operon type: 330

	 A0A010SSU2	[0, 0, 0, 0, 72, 0, -1, 729, 0]

 ### Operon type: 331

	 A0A010SUP6	[0, 0, 0, 0, 0, 0, 0, 271, 0]

 ### Operon type: 332

	 A0A010SUY9	[0, 0, 0, 0, 0, 307, 862, 0]

 ### Operon type: 333

	 A0A010THK2	[0, 0, -1, 0, 0, 651, 689, 0, 0]

 ### Operon type: 334

	 A0A010SRL4	[34, 0, 0, -1, 0, 0, 0, 689, 342]

 ### Operon type: 335

	 A0A010YX61	[439, 838, 0, 766, 0, 0, 0, 0, 0]

 ### Operon type: 336

	 A0A010S5W8	[0, 0, 685, 834, 0, 0, 0, 0, 0]

 ### Operon type: 337

	 A0A011NE37	[459, 0, 0, 0, 0, 0, 0, 0, 0]

 ### Operon type: 338

	 A0A011NF78	[0, 0, 748, 0, 0, 0, 0, 0, 0]

 ### Operon type: 339

	 A0A011NVE2	[0, 0, 0, 761, 0, 0, 817, 0, 561]

 ### Operon type: 340

	 A0A011NXJ4	[0, 0, 0, 0, 0, 0, 0, 0, 565]

 ### Operon type: 341

	 A0A011P8I1	[0, 0, 836, 838, 0, 0, 0, 0, 732]

 ### Operon type: 342

	 A0A011P9Q7	[727, 0, 0, 0, 0, 0, 0, 0, 0]

 ### Operon type: 343

	 A0A011PJ75	[0, 761, 734, 761, 0, 0, 0, 0, 0]

 ### Operon type: 344

	 A0A011PRB4	[0, 0, 0, 0, 0, 0, 0, 752, 0]

 ### Operon type: 345

	 A0A011QVT2	[765, 0, 0, 0, 0, 0, 0, 764, 0]

 ### Operon type: 346

	 A0A011RP14	[0, 0, 0, 0, 0, 0, 0, 578, 0]

 ### Operon type: 347

	 A0A011SM49	[817, 0, 578, 0, 0, 0, 288, 0, 0]

 ### Operon type: 348

	 A0A011AM27	[753, 0, 0, 0, 502, 0, 0, 0, 294]

 ### Operon type: 349

	 A0A011T607	[0, 0, 834, 0, 0, 0, 0, 0, 312]

 ### Operon type: 350

	 A0A011TAW2	[0, 0, 0, 0, 0, 0, 469, 0, 0]

 ### Operon type: 351

	 A0A011TED9	[0, 0, 0, 0, 0, 337, 0, 0, 0]

 ### Operon type: 352

	 A0A011TXS5	[0, 281, 0, 0, 0, 0, 0, 0, 0]

 ### Operon type: 353

	 A0A011U144	[0, 213, 0, 0, 0, 0, 565, 627, 0]

 ### Operon type: 354

	 A0A011U1C8	[719, 0, 0, 0, 0, 0, 0, 0, 212]

 ### Operon type: 355

	 A0A011U483	[0, 0, 0, 0, 0, 718, 0, 0, 0]

 ### Operon type: 356

	 A0A011UG86	[0, 722, 0, 0, 0, 96, 0, 0, 0]

 ### Operon type: 357

	 A0A011UQB5	[570, 583, 0, 0, 0, 0, 0, 477, 0]

 ### Operon type: 358

	 A0A011UVI5	[0, 0, 0, 0, 0, 256, 761, 761, 0]

 ### Operon type: 359

	 A0A011UWI3	[0, 0, 0, 0, 134, 0, 118, 720, 0]

 ### Operon type: 360

	 A0A011V5E6	[0, 0, 0, 0, 0, 411, 0, 0, 0]

 ### Operon type: 361

	 A0A011M4H6	[417, 0, 293, 0, 0, 0, 0, 0, 0]

 ### Operon type: 362

	 A0A011VSV3	[0, 0, 0, 0, 0, 0, 841, 0, 0]

 ### Operon type: 363

	 A0A011VWI0	[0, 0, 0, 0, 0, 518, 0, 0, 0]

 ### Operon type: 364

	 A0A011VZ91	[529, 0, 0, 0, 0, 0, 0, 0, 0]

 ### Operon type: 365

	 A0A011WP76	[0, 0, 0, 0, 0, 0, 0, 0, 807]

 ### Operon type: 366

	 A0A011WSD4	[0, 0, 0, -1, 0, 696, 0, 0, 556]

 ### Operon type: 367

	 A0A011WT35	[556, 0, 0, 0, 0, 0, 0, 0, 0]

 ### Operon type: 368

	 A0A013S843	[0, 448, 0, 0, 0, 0, -1, 231, 0]

 ### Operon type: 369

	 A0A013T5E6	[0, 0, 0, 389, 0, 0, 0, 0, 0]

 ### Operon type: 370

	 A0A009T185	[762, 0, 734, 734, 95, 761, 734, 353, 589]

 ### Operon type: 371

	 A0A010IN36	[354, 817, 0, 0, 95, 761, 734, 353, 589]

 ### Operon type: 372

	 A0A009PG43	[761, 734, 365, 764, 0, 353, 589, 0, 0]

 ### Operon type: 373

	 A0A009INE0	[354, 0, 0, 0, 0, 0, 0, 734, 353]

 ### Operon type: 374

	 A0A009T9H0	[0, 2, 721, -1, 0, 0, 206, 0, 205]

 ### Operon type: 375

	 A0A010THH5	[0, 280, 257, 256, 0, 0, 568, 0, 499]

 ### Operon type: 376

	 A0A011WSH8	[0, 0, 0, 825, 410, 0, 0, 0, 0]
	 A0A011VZE3	[0, 0, 0, 825, 410, 0, 0, 0, 0]

 ### Operon type: 377

	 A0A011NAF3	[0, 0, 0, 0, 0, 0, 825, 0, 771]

 ### Operon type: 378

	 A0A009IQ93	[343, 0, 825, 0, 0, 342, 0, 0, 0]

 ### Operon type: 379

	 A0A009Q8S9	[0, 0, 721, 461, 0, 274, 0, 0, 0]

 ### Operon type: 380

	 A0A009TLU4	[0, 281, -1, 38, 0, 18, 0, -1, -1]

 ### Operon type: 381

	 A0A009ZB47	[185, 184, 0, 0, 0, 696, 497, 0, 0]

 ### Operon type: 382

	 A0A009ZVR4	[576, 0, 838, 0, 0, 89, 0, 0, 186]

 ### Operon type: 383

	 A0A010JIN9	[497, 0, 0, 79, 344, 0, 0, 0, 0]

 ### Operon type: 384

	 A0A010S003	[779, 0, 0, 0, 0, 722, 722, 273, 0]

 ### Operon type: 385

	 A0A010SMN8	[0, -1, 48, 0, 615, 0, 0, 783, 0]

 ### Operon type: 386

	 A0A010SXS1	[0, 365, 0, 0, 0, 534, 0, 0, 764]

 ### Operon type: 387

	 A0A010T689	[294, -1, 568, 670, 0, 0, 0, 0, 0]

 ### Operon type: 388

	 A0A010TBB4	[0, 632, 0, 96, 0, 0, 0, 0, 719]

 ### Operon type: 389

	 A0A010YFK3	[0, 660, 0, 0, 0, 0, 678, 0, 212]

 ### Operon type: 390

	 A0A010YVY1	[23, 0, 23, 0, 0, 0, 0, 273, 0]

 ### Operon type: 391

	 A0A010ZSZ2	[0, 542, 0, 626, 541, 0, 0, 0, 0]

 ### Operon type: 392

	 A0A010Z0Y7	[0, 0, 0, 0, 541, 314, 0, 0, 0]

 ### Operon type: 393

	 A0A011A0M8	[0, 0, 689, 0, 27, 0, 0, 4, 4]

 ### Operon type: 394

	 A0A011NFL4	[0, 650, 0, 0, 649, 690, 0, 648, 0]

 ### Operon type: 395

	 A0A011P407	[0, 0, 730, 785, 0, 0, 719, 0, 718]

 ### Operon type: 396

	 A0A011QGT2	[825, 0, 0, 824, 823, 0, 0, 0, 0]

 ### Operon type: 397

	 A0A011QSA4	[751, 0, 750, 749, 0, 0, 0, 0, 748]

 ### Operon type: 398

	 A0A011T6J6	[0, 664, 0, 838, 0, 0, 510, 0, 509]

 ### Operon type: 399

	 A0A011TAL2	[0, 834, 0, 0, 0, 292, 0, 566, 0]

 ### Operon type: 400

	 A0A011TZG0	[689, 654, 0, 0, 0, 0, 0, 360, 0]

 ### Operon type: 401

	 A0A011UGY3	[413, 412, 411, 36, 0, 0, 0, 36, 0]

 ### Operon type: 402

	 A0A011UII7	[0, 0, 0, 0, 0, 561, 275, 0, 0]

 ### Operon type: 403

	 A0A011UNT9	[274, 290, 0, 0, 0, 0, 0, 0, 0]

 ### Operon type: 404

	 A0A011SIS0	[0, 602, 291, 291, 0, 0, 0, 290, 0]

 ### Operon type: 405

	 A0A011UT49	[0, 542, 0, 0, 0, 0, 365, 407, 0]

 ### Operon type: 406

	 A0A011VU65	[679, 0, 0, 0, 0, 678, 0, 841, 677]

 ### Operon type: 407

	 A0A011VV03	[0, 419, 0, 0, 418, 417, 0, 0, 0]

 ### Operon type: 408

	 A0A011VVZ9	[0, 0, -1, 0, 0, 416, 415, 415, 414]

 ### Operon type: 409

	 A0A011VWX7	[764, 481, 0, 0, 0, 0, 0, 569, 0]

 ### Operon type: 410

	 A0A011VXK7	[571, 571, 0, 480, 0, 0, 0, 666, 0]

 ### Operon type: 411

	 A0A011W0I6	[319, 0, 0, 0, 0, 698, 0, 652, 0]

 ### Operon type: 412

	 A0A010YEF6	[0, 319, 0, 0, 0, 0, 0, 0, 49]

 ### Operon type: 413

	 A0A013SQH1	[0, 0, 0, 0, 476, 725, 0, 508, 588]

 ### Operon type: 414

	 A0A009QJA8	[178, 177, 0, 0, 0, 0, 0, 0, 623]

 ### Operon type: 415

	 A0A009YL68	[0, 0, 719, 440, 437, 0, 0, 183, 0]

 ### Operon type: 416

	 A0A010JNG7	[508, 0, 0, 507, 0, 0, 0, 0, 0]

 ### Operon type: 417

	 A0A010RM40	[395, 825, 786, 0, 0, 0, 0, -1, 707]

 ### Operon type: 418

	 A0A010RRQ6	[0, 293, 0, 0, 0, 615, 637, 264, 0]

 ### Operon type: 419

	 A0A010S423	[510, 0, 0, 0, 0, 0, 0, 118, 575]

 ### Operon type: 420

	 A0A010T0I7	[0, 0, 49, 0, 0, 836, 750, 825, 0]

 ### Operon type: 421

	 A0A010ZUR7	[419, 16, 0, 16, 0, 15, 273, 0, 0]

 ### Operon type: 422

	 A0A011NA78	[0, 537, 0, 0, 0, 796, 0, 0, 707]

 ### Operon type: 423

	 A0A011P8W7	[731, 730, 764, 0, 729, 0, 0, 0, 0]

 ### Operon type: 424

	 A0A011PG97	[783, 0, 0, 782, 0, 0, 0, 0, 0]

 ### Operon type: 425

	 A0A011PKT4	[0, 725, 0, 0, 0, 0, 724, 0, 0]

 ### Operon type: 426

	 A0A011PLB2	[0, 731, 0, 726, 0, 0, 0, 0, 0]

 ### Operon type: 427

	 A0A011R339	[0, 0, 0, 0, 0, 0, 224, 223, 0]

 ### Operon type: 428

	 A0A011SFE5	[0, 0, 0, 571, 0, 0, 650, 785, 570]

 ### Operon type: 429

	 A0A011SJT5	[0, 0, 0, 414, 289, 289, 289, 289, 289]

 ### Operon type: 430

	 A0A011TDQ5	[0, 0, 0, 0, 311, 700, 0, 0, 0]

 ### Operon type: 431

	 A0A011VT01	[0, 0, 682, 0, 0, 682, 0, 0, 681]

 ### Operon type: 432

	 A0A009Z3V9	[825, 0, 0, 0, 0, 93, 687, 92, 91]

 ### Operon type: 433

	 A0A010SRB2	[18, 17, 0, 0, 0, 17, 26, 0, 0]

 ### Operon type: 434

	 A0A010KA25	[497, 0, 568, 255, 254, 0, 0, 497, 452]

 ### Operon type: 435

	 A0A011TZN1	[401, 400, 399, 0, 214, 0, 0, 0, 0]

 ### Operon type: 436

	 A0A011VJ76	[408, 408, 407, 648, 0, 825, 689, 0, 730]

 ### Operon type: 437

	 A0A011UG17	[188, 0, 320, 0, 523, 679, 0, 0, 0]

 ### Operon type: 438

	 A0A011WUA8	[599, 0, 0, 555, 0, 0, 0, 554, 554]

 ### Operon type: 439

	 A0A010S4X6	[0, 314, 786, 722, 430, 0, 567, 697, 651]

 ### Operon type: 440

	 A0A010YY02	[0, 22, 0, 0, 22, 789, 630, 0, 21]
