
 ### Operon type: 1

	 A0A011PVT3	[610, 609, 608, 607, 606, 605, 604, 603, 602]
	 A0A011R7V7	[610, 609, 608, 607, 606, 605, 604, 603, 602]
	 A0A011MET3	[610, 609, 608, 607, 606, 605, 604, 603, 602]

 ### Operon type: 2

	 A0A011UIA1	[348, 347, 346, 345, 344, 343, 342, 341, 0]
	 A0A011V5V3	[0, 348, 347, 346, 345, 344, 343, 342, 341]

 ### Operon type: 3

	 A0A011PTE7	[454, 453, 452, 451, 450, 0, 449, 448, 447]
	 A0A011NE72	[454, 453, 452, 451, 450, 449, 448, 447, 0]

 ### Operon type: 4

	 A0A011NEY3	[383, 636, 635, 634, 634, 633, 632, 631, 0]

 ### Operon type: 5

	 A0A011PAN4	[636, 635, 0, 634, 634, 633, 632, 631, 630]

 ### Operon type: 6

	 A0A011RCD5	[383, 636, 635, 634, 634, 633, 632, 631, 630]

 ### Operon type: 7

	 A0A010JSI3	[544, 543, 542, 541, 540, 539, 538, 537, 0]
	 A0A013T0M4	[544, 543, 542, 541, 540, 539, 538, 537, 0]
	 A0A009HDS5	[544, 543, 542, 541, 540, 539, 538, 537, 0]
	 A0A009RGL2	[0, 543, 542, 541, 540, 539, 538, 537, 0]

 ### Operon type: 8

	 A0A011PF67	[626, 625, 624, 623, 622, 0, 0, 0, 0]
	 A0A011NW66	[626, 625, 624, 623, 622, 401, 0, 0, 0]
	 A0A011NBX7	[626, 625, 624, 623, 622, 401, 0, 0, 0]

 ### Operon type: 9

	 A0A011NS68	[626, 625, 624, 623, 622, 407, 406, 405, 651]
	 A0A011RHX4	[626, 625, 624, 623, 622, 407, 406, 405, 0]

 ### Operon type: 10

	 A0A010JY00	[235, 390, 533, 325, 47, 658, 322, 661, 334]

 ### Operon type: 11

	 A0A013TH30	[390, 533, 325, 324, 323, 658, 322, 661, 334]

 ### Operon type: 12

	 A0A011QAS2	[0, 572, 571, 570, 569, 568, 567, 566, 565]
	 A0A011NEQ1	[0, 572, 571, 570, 569, 568, 567, 566, 565]

 ### Operon type: 13

	 A0A011QSF0	[0, 678, 677, 676, 675, 674, 673, 672, 0]
	 A0A011QBB5	[656, 678, 677, 676, 675, 674, 673, 672, 655]
	 A0A011Q0X6	[656, 678, 677, 676, 675, 674, 673, 672, 655]
	 A0A011Q1X8	[678, 0, 677, 676, 675, 674, 673, 672, 655]

 ### Operon type: 14

	 A0A011PG87	[656, 678, 677, 676, 675, 674, 673, 0, 0]

 ### Operon type: 15

	 A0A013SP43	[306, 305, 304, 303, 302, 301, 300, 299, 298]
	 A0A009RUN3	[306, 305, 304, 303, 302, 301, 300, 299, 298]
	 A0A010K6G6	[306, 305, 304, 303, 302, 301, 300, 0, 298]

 ### Operon type: 16

	 A0A009SZB5	[0, 0, 270, 269, 268, 0, 0, 0, 267]
	 A0A009HR98	[0, 0, 270, 269, 268, 0, 0, 0, 267]

 ### Operon type: 17

	 A0A009Z8F7	[254, 270, 253, 0, 268, 252, 252, 0, 0]

 ### Operon type: 18

	 A0A011QIT1	[712, 711, 710, 709, 708, 707, 706, 705, 704]
	 A0A011QUG8	[712, 711, 710, 709, 708, 707, 0, 706, 705]

 ### Operon type: 19

	 A0A011QAB0	[578, 577, 576, 0, 575, 614, 574, 573, 0]
	 A0A011PL71	[463, 578, 577, 576, 575, 614, 574, 573, 0]

 ### Operon type: 20

	 A0A011PIY7	[591, 0, 612, 590, 589, 588, 587, 0, 458]

 ### Operon type: 21

	 A0A011Q3J4	[0, 591, 612, 590, 589, 588, 587, 586, 0]

 ### Operon type: 22

	 A0A011MH88	[264, 591, 612, 590, 589, 588, 587, 586, 458]

 ### Operon type: 23

	 A0A009QBR9	[0, 0, 510, 473, 509, 0, 0, 505, 144]
	 A0A009TM70	[0, 511, 510, 473, 509, 0, 0, 505, 144]

 ### Operon type: 24

	 A0A010ILU3	[512, 511, 510, 0, 509, 508, 507, 506, 505]
	 A0A009MW50	[0, 511, 510, 473, 509, 508, 0, 506, 505]
	 A0A009QS71	[512, 511, 510, 473, 509, 508, 0, 506, 505]
	 A0A009H3B0	[0, 511, 510, 0, 509, 508, 507, 506, 505]

 ### Operon type: 25

	 A0A009I8S2	[0, 0, 510, 473, 509, 508, 506, 505, 144]

 ### Operon type: 26

	 A0A009ICH6	[485, 123, 122, 86, 47, 46, 45, 44, 661]
	 A0A009ZFR5	[485, 123, 122, 86, 47, 46, 45, 44, 661]

 ### Operon type: 27

	 A0A009GP96	[0, 81, 724, 528, 80, 79, 527, 78, 77]

 ### Operon type: 28

	 A0A009GSR4	[528, 80, 79, 527, 78, 77, 77, 76, 0]

 ### Operon type: 29

	 A0A009IIT6	[81, 724, 528, 80, 78, 77, 77, 76, 0]

 ### Operon type: 30

	 A0A009IS10	[363, 0, 0, 0, 127, 126, 125, 0, 0]

 ### Operon type: 31

	 A0A009QHW5	[0, 0, 0, 512, 127, 126, 125, 0, 251]

 ### Operon type: 32

	 A0A011UVB4	[0, 0, 0, 364, 0, 0, 363, 0, 362]

 ### Operon type: 33

	 A0A011TLH7	[375, 374, 373, 0, 0, 0, 0, 0, 0]
	 A0A011UG87	[373, 374, 375, 0, 0, 0, 0, 0, 0]

 ### Operon type: 34

	 A0A011QIE8	[719, 718, 717, 716, 715, 714, 713, 0, 0]
	 A0A011QDV3	[719, 718, 717, 716, 715, 714, 657, 0, 713]

 ### Operon type: 35

	 A0A011NYU6	[601, 600, 0, 599, 598, 553, 552, 0, 597]

 ### Operon type: 36

	 A0A011PYI6	[601, 600, 0, 599, 598, 597, 596, 648, 0]

 ### Operon type: 37

	 A0A011P1C0	[0, 0, 553, 552, 597, 0, 0, 0, 0]

 ### Operon type: 38

	 A0A011PP01	[461, 460, 459, 0, 0, 0, 0, 0, 0]
	 A0A011NVE7	[461, 460, 459, 0, 0, 0, 0, 0, 0]

 ### Operon type: 39

	 A0A013TH43	[321, 0, 0, 0, 320, 319, 318, 0, 417]
	 A0A009RAF0	[321, 0, 0, 0, 320, 319, 318, 0, 417]

 ### Operon type: 40

	 A0A013S8V2	[238, 237, 0, 0, 0, 236, 0, 0, 0]
	 A0A009R8E1	[0, 548, 0, 238, 237, 0, 0, 236, 0]

 ### Operon type: 41

	 A0A009QFZ7	[332, 331, 0, 0, 338, 0, 327, 326, 0]
	 A0A009TK03	[332, 331, 0, 0, 338, 0, 327, 326, 0]

 ### Operon type: 42

	 A0A013SPM5	[332, 331, 330, 329, 338, 328, 327, 326, 0]
	 A0A009MH71	[332, 331, 0, 329, 338, 328, 327, 326, 0]
	 A0A009HSL1	[332, 331, 330, 329, 338, 0, 327, 326, 0]
	 A0A010IX62	[332, 331, 330, 329, 338, 0, 327, 326, 0]

 ### Operon type: 43

	 A0A009I6Z0	[332, 331, 0, 329, 338, 0, 327, 326, 48]

 ### Operon type: 44

	 A0A009ZIX8	[0, 11, 330, 329, 338, 546, 0, 48, 0]

 ### Operon type: 45

	 A0A009I573	[109, 0, 108, 107, 0, 106, 141, 105, 104]

 ### Operon type: 46

	 A0A009ILP9	[101, 0, 104, 105, 141, 106, 138, 107, 108]

 ### Operon type: 47

	 A0A009I953	[101, 0, 104, 105, 141, 106, 138, 0, -1]

 ### Operon type: 48

	 A0A009QEG7	[143, 142, 0, 0, 141, 140, 139, 0, 138]
	 A0A009IPC3	[143, 142, 0, 0, 141, 140, 139, 0, 138]

 ### Operon type: 49

	 A0A009SX74	[619, 651, 0, 107, 138, 101, 142, 143, 0]

 ### Operon type: 50

	 A0A009I4A1	[0, 110, 724, 0, 132, 131, 130, 129, 0]
	 A0A010JWJ1	[0, 110, 724, 0, 132, 131, 130, 129, 0]

 ### Operon type: 51

	 A0A009QF22	[135, 134, 133, 0, 132, 131, 130, 129, 128]
	 A0A009TBY8	[135, 134, 133, 70, 132, 131, 130, 129, 128]

 ### Operon type: 52

	 A0A009ITT8	[175, 174, 173, 272, 284, 282, 281, 280, 279]

 ### Operon type: 53

	 A0A009NJ90	[175, 174, 173, 272, 0, 283, 282, 281, 280]

 ### Operon type: 54

	 A0A009HZK2	[273, 272, 284, 0, 0, 0, 0, 0, 0]

 ### Operon type: 55

	 A0A009IJ07	[275, 274, 273, 272, 284, 0, 0, 0, 0]

 ### Operon type: 56

	 A0A009S6G1	[275, 274, 273, 272, 284, 281, 280, 279, 276]

 ### Operon type: 57

	 A0A009S5A5	[284, 283, 282, 281, 280, 279, 278, 277, 276]

 ### Operon type: 58

	 A0A010ITG1	[473, 472, 471, 470, 469, 468, 467, 724, 716]
	 A0A013TCN9	[473, 472, 471, 470, 469, 468, 467, 724, 716]
	 A0A009NIJ3	[473, 472, 471, 470, 469, 468, 467, 724, 716]
	 A0A009QNC9	[473, 472, 471, 470, 469, 468, 467, 724, 716]
	 A0A013TRC1	[473, 472, 471, 470, 469, 468, 467, 724, 716]

 ### Operon type: 59

	 A0A009H935	[0, 0, 471, 470, 469, 468, 467, 724, 716]

 ### Operon type: 60

	 A0A009PJF7	[255, 256, 256, 257, 204, 258, 203, 202, 201]
	 A0A009SJZ7	[364, 255, 256, 257, 204, 258, 203, 202, 201]

 ### Operon type: 61

	 A0A009Z5G0	[258, 257, 256, 0, 424, 255, 364, 293]

 ### Operon type: 62

	 A0A010JJC1	[520, 519, 518, 517, 516, 515, 514, 526, 513]
	 A0A010IZ41	[519, 518, 517, 516, 515, 514, 526, 513, 304]

 ### Operon type: 63

	 A0A009QJL6	[520, 519, 518, 517, 0, 513, 304, 124, 0]

 ### Operon type: 64

	 A0A011P2I4	[614, 613, 612, 0, 0, 0, 0, 0, 0]
	 A0A011N9N8	[614, 613, 612, 0, 0, 0, 0, 0, 0]

 ### Operon type: 65

	 A0A009PIB4	[0, 0, 0, 198, 360, 197, 527, 724, 614]
	 A0A009SLR5	[0, 0, 0, 198, 360, 197, 527, 724, 614]

 ### Operon type: 66

	 A0A009HSU4	[0, 0, 418, 724, 0, 613, 647, 614, 527]

 ### Operon type: 67

	 A0A011SF89	[433, 432, 431, 0, 0, 0, 0, 0, 0]

 ### Operon type: 68

	 A0A011UCX7	[0, 578, 433, 432, 0, 431, 98, 0, 0]

 ### Operon type: 69

	 A0A011NYT4	[645, 644, 643, 642, 0, 399, 399, 398, 397]

 ### Operon type: 70

	 A0A011P8E9	[0, 0, 645, 644, 0, 643, 642, 0, 0]

 ### Operon type: 71

	 A0A010TF34	[0, -1, 0, 0, 53, 52, 51, 50, 49]
	 A0A010SYH9	[53, 52, 51, 50, 49, 0, 0, 0, 0]

 ### Operon type: 72

	 A0A010TFJ4	[0, -1, 0, 58, 57, 56, 55, -1, 54]
	 A0A010S7A1	[58, 57, 56, 55, 0, 54, 0, 0, 0]

 ### Operon type: 73

	 A0A009ICP5	[189, 308, 389, 188, 187, 0, 0, 185, 0]

 ### Operon type: 74

	 A0A009MMG9	[189, 308, 389, 188, 187, 0, 186, 185, 420]

 ### Operon type: 75

	 A0A009QLL2	[0, 260, 261, 0, 187, 0, 0, 185, 0]
	 A0A009HTW0	[0, 260, 261, 0, 187, 0, 0, 185, 0]

 ### Operon type: 76

	 A0A009SIV4	[259, 260, 261, 83, 187, 82, 0, 185, 420]

 ### Operon type: 77

	 A0A013TSJ4	[260, 261, 0, 83, 187, 0, 0, 185, 420]

 ### Operon type: 78

	 A0A009Z3V9	[724, 0, 0, 0, 0, 261, 395, 260, 259]

 ### Operon type: 79

	 A0A009T0Q9	[0, 0, 0, 0, 266, 265, 264, 724, 263]

 ### Operon type: 80

	 A0A009YJF4	[0, 398, 397, 23, 71, 264, 724, 0, 263]

 ### Operon type: 81

	 A0A009HJC2	[85, 716, 389, 84, 295, 527, 88, 89, 90]
	 A0A009PAV9	[85, -1, 389, 84, 295, 527, 88, 89, 90]

 ### Operon type: 82

	 A0A009SE02	[0, 90, 0, 0, 0, 89, 88, 527, 295]

 ### Operon type: 83

	 A0A011QNA5	[0, 699, 698, 697, 0, 696, 695, 694, 693]
	 A0A009ZLJ7	[693, 694, 695, 696, 0, 0, 699, 698, 697]

 ### Operon type: 84

	 A0A013T0T6	[696, 695, 694, 693, 504, 503, 336, 502, 335]
	 A0A009QMH5	[696, 695, 694, 693, 504, 503, 336, 502, 335]
	 A0A009HAX1	[696, 695, 694, 693, 504, 503, 336, 502, 335]

 ### Operon type: 85

	 A0A010ILW6	[696, 695, 694, 693, 504, 503, 0, 0, 502]

 ### Operon type: 86

	 A0A009Z9X7	[695, 694, 693, 0, 504, 0, 665, 0, 502]

 ### Operon type: 87

	 A0A009PE10	[0, 0, 0, 693, 504, 87, 336, 502, -1]

 ### Operon type: 88

	 A0A009SYU8	[647, 485, 637, 482, 205, 724, 724, 480, 479]
	 A0A009RSB7	[647, 485, 637, 482, 205, 724, 724, 480, 479]
	 A0A009HS41	[647, 485, 637, 482, 205, 724, 724, 480, 479]

 ### Operon type: 89

	 A0A010IT25	[647, 485, 637, 482, 481, 724, 724, 480, 479]
	 A0A013SHA9	[647, 485, 637, 482, 481, 724, 724, 480, 479]
	 A0A009I466	[647, 485, 637, 482, 481, 724, 724, 480, 479]

 ### Operon type: 90

	 A0A009NMQ9	[647, 485, 637, 482, 481, 0, 724, 724, 480]

 ### Operon type: 91

	 A0A009P8A9	[0, 0, 637, 482, 205, 724, 724, 480, 479]

 ### Operon type: 92

	 A0A011PGU1	[0, 0, 618, 688, 687, 686, 617, 616, 615]
	 A0A011MDH1	[551, 0, 618, 688, 687, 686, 617, 616, 615]

 ### Operon type: 93

	 A0A011V0P4	[382, 355, 0, 0, 354, 0, 0, 353, 352]

 ### Operon type: 94

	 A0A011WPV7	[353, 352, 0, 0, 0, 0, 0, 0, 0]

 ### Operon type: 95

	 A0A011RNP9	[0, 0, 0, 0, 0, 440, 574, 0, 0]

 ### Operon type: 96

	 A0A011V0B5	[436, 0, 0, 0, 0, 0, 440, 0, 0]

 ### Operon type: 97

	 A0A011RQC9	[0, 436, 435, 0, 0, 0, 0, 434, 0]

 ### Operon type: 98

	 A0A011QG28	[690, 689, 688, 0, 687, 686, 685, 684, 683]
	 A0A011RIM8	[690, 689, 0, 0, 687, 686, 685, 684, 683]

 ### Operon type: 99

	 A0A011PHI6	[446, 0, 721, 0, 0, 720, 709, 445, 0]

 ### Operon type: 100

	 A0A011QI68	[0, 0, 721, 720, 0, 0, 0, 0, 0]

 ### Operon type: 101

	 A0A011P700	[0, 0, 671, 670, 0, 0, 0, 0, 0]

 ### Operon type: 102

	 A0A011QSI4	[0, 0, 671, 670, 669, 0, 0, 0, 0]

 ### Operon type: 103

	 A0A011NVJ6	[403, 558, 557, 556, 555, 554, 0, 0, 402]

 ### Operon type: 104

	 A0A011PVP2	[0, 558, 557, 556, 555, 554, 0, 0, 610]

 ### Operon type: 105

	 A0A011NXY7	[0, 0, 557, 0, 555, 0, 0, 0, 0]

 ### Operon type: 106

	 A0A011QR69	[663, 662, 661, 660, 659, 658, 0, 0, 0]
	 A0A011NUB4	[663, 662, 661, 660, 659, 658, 0, 404, 0]

 ### Operon type: 107

	 A0A011NN36	[662, 661, 0, 0, 659, 658, 0, 0, 0]

 ### Operon type: 108

	 A0A011PK69	[661, 466, 0, 0, 659, 658, 0, 0, 0]

 ### Operon type: 109

	 A0A011RMI6	[563, 701, 700, 442, 441, 562, 561, 560, 559]
	 A0A011NYD6	[563, 701, 700, 442, 441, 562, 561, 560, 559]

 ### Operon type: 110

	 A0A011QB28	[564, 563, 701, 0, 0, 562, 561, 560, 559]

 ### Operon type: 111

	 A0A011NF33	[0, 562, 561, 0, 0, 0, 0, 0, 0]

 ### Operon type: 112

	 A0A011NBY4	[386, 0, 0, 413, 0, 0, 385, 0, 0]

 ### Operon type: 113

	 A0A011WRT0	[386, 0, 0, 0, 0, 0, 0, 648, 0]

 ### Operon type: 114

	 A0A011SHV5	[0, 0, 0, 0, 0, 427, 648, 520, 0]

 ### Operon type: 115

	 A0A011NB95	[0, 667, 0, 0, 0, 0, 389, 388, 387]

 ### Operon type: 116

	 A0A011UHT4	[124, 145, 388, 0, 0, 60, 60, 387, 0]

 ### Operon type: 117

	 A0A010Z1W7	[0, 0, 0, 0, 0, 12, 0, 153, 154]

 ### Operon type: 118

	 A0A011VY84	[0, 0, 154, 153, 0, 0, 0, 0, 0]

 ### Operon type: 119

	 A0A010YW85	[0, 0, 0, 0, 0, 212, 0, 153, 154]

 ### Operon type: 120

	 A0A010ZMA0	[153, 392, 0, 0, 0, 0, 0, 0, 0]

 ### Operon type: 121

	 A0A011N5L2	[0, 0, 0, 392, 0, 391, 521, 0, 0]

 ### Operon type: 122

	 A0A010SQJ5	[239, 188, 0, 371, 370, 369, 0, 0, 0]

 ### Operon type: 123

	 A0A010STD3	[0, 0, 0, 371, 370, 369, 0, 480, 245]

 ### Operon type: 124

	 A0A011TD67	[372, 0, 0, 371, 370, 369, 368, 0, 367]

 ### Operon type: 125

	 A0A009ZC12	[0, 0, 0, 371, 0, 369, 368, 249, 680]

 ### Operon type: 126

	 A0A010RFQ9	[0, 0, 536, 0, 535, 0, 0, 0, 0]

 ### Operon type: 127

	 A0A010SPR9	[21, 21, 0, 0, 0, 535, 0, 0, 0]

 ### Operon type: 128

	 A0A013S288	[0, 0, 0, 243, 295, 242, 241, 0, 240]
	 A0A010J3I1	[0, 0, 0, 243, 295, 242, 241, 0, 240]

 ### Operon type: 129

	 A0A009PWG1	[379, 167, 166, 243, 295, 242, 241, 165, 240]
	 A0A013SXT2	[379, 167, 166, 243, 295, 242, 241, 165, 240]

 ### Operon type: 130

	 A0A009ZJK4	[0, 0, 0, 0, 0, 0, 485, 16, 0]

 ### Operon type: 131

	 A0A010SVN1	[-1, 16, 724, 183, 377, 0, 0, 485, 0]

 ### Operon type: 132

	 A0A009IMX3	[491, 0, 489, 0, 487, 137, 137, 648, 136]
	 A0A009SF48	[491, 0, 489, 0, 487, -1, 137, 648, 136]

 ### Operon type: 133

	 A0A009QEX0	[491, 490, 489, 488, 487, 137, 137, 648, 136]

 ### Operon type: 134

	 A0A010ISX2	[491, 490, 489, 488, 487, 486, 485, 484, 483]
	 A0A013S7V1	[491, 490, 489, 488, 487, 486, 485, 484, 483]
	 A0A009MR00	[491, 490, 489, 488, 487, 486, 485, 484, 483]
	 A0A009RES7	[491, 490, 489, 488, 487, 486, 485, 484, 483]

 ### Operon type: 135

	 A0A009GYP9	[0, 0, 0, 488, 487, 486, 485, 484, 483]

 ### Operon type: 136

	 A0A009YTT3	[0, 0, 0, 0, 0, 0, 485, 484, 483]

 ### Operon type: 137

	 A0A009PFK7	[211, 210, 209, 208, 207, 0, 0, 206, 0]
	 A0A009QGN4	[211, 210, 209, 208, 207, 206, 0, 0, 0]

 ### Operon type: 138

	 A0A009YR20	[0, 206, 0, 0, 0, 0, 210, 0, 0]

 ### Operon type: 139

	 A0A013SB36	[234, 233, 232, 231, 230, 0, 397, 229, 265]
	 A0A009QSI3	[234, 233, 232, 231, 230, 0, 397, 229, -1]

 ### Operon type: 140

	 A0A010ITP2	[234, 233, 232, 231, 230, 0, 397, 0, 0]

 ### Operon type: 141

	 A0A009SII9	[-1, 233, 232, 231, 0, 0, 0, 0, 266]

 ### Operon type: 142

	 A0A009HZV2	[0, 0, 0, 0, 164, 163, 283, 0, 0]

 ### Operon type: 143

	 A0A009QPE7	[0, 0, 0, 0, 164, 163, 0, 0, 0]

 ### Operon type: 144

	 A0A009GXL8	[74, 73, 72, 0, 71, 70, 170, 169, 168]

 ### Operon type: 145

	 A0A010JIW7	[74, 73, 72, 0, 71, 0, 0, 170, 169]

 ### Operon type: 146

	 A0A009MGR3	[0, 0, 157, 0, 333, 277, 119, 156, 155]

 ### Operon type: 147

	 A0A009Q4G0	[0, 158, 157, 0, 333, 0, 156, 155, 156]

 ### Operon type: 148

	 A0A009PUJ8	[0, 172, 0, 0, 0, 171, 170, 169, 168]

 ### Operon type: 149

	 A0A009QJA8	[169, 168, 0, 0, 0, 0, 0, 0, 0]

 ### Operon type: 150

	 A0A009PB53	[0, 0, 172, 0, 0, 156, 155, 156, 171]

 ### Operon type: 151

	 A0A013SNJ8	[485, 0, 0, 297, 296, 295, 304, 0, 0]
	 A0A013RZW2	[485, 244, 0, 297, 296, 295, 304, 0, 0]
	 A0A009RD69	[485, 244, 0, 297, 296, 295, 304, 159, 0]
	 A0A009SIZ4	[485, 244, 0, 297, 296, 0, 304, 159, 0]
	 A0A010J9U3	[485, 0, 0, 297, 296, 295, 304, 0, 0]

 ### Operon type: 152

	 A0A009PH20	[0, 0, 505, 297, 296, 295, 304, 0, 0]
	 A0A009IV03	[0, 0, 505, 297, 296, 0, 304, 0, 0]

 ### Operon type: 153

	 A0A009YIZ0	[485, 244, 505, 297, 296, 295, 304, 159, 102]

 ### Operon type: 154

	 A0A009QA91	[288, 287, 647, 724, 286, 286, 162, 312, 183]
	 A0A010J377	[288, 287, 647, 724, 286, 286, 162, 312, 183]

 ### Operon type: 155

	 A0A009MVG4	[184, 0, 225, 724, 286, 286, 0, 312, 183]
	 A0A009QQC0	[0, 0, 184, 724, 286, 286, 0, 312, 183]

 ### Operon type: 156

	 A0A009H7I0	[0, 0, 0, 724, 286, 286, 162, 312, 183]

 ### Operon type: 157

	 A0A009S1X4	[288, 287, 647, 724, 286, 286, 724, 0, 285]

 ### Operon type: 158

	 A0A013SHF4	[0, 0, 225, 724, 286, 286, 0, 224, 0]

 ### Operon type: 159

	 A0A009H7U0	[501, 685, 0, 500, 499, 498, 497, 0, 0]

 ### Operon type: 160

	 A0A010IMP8	[501, 0, 0, 500, 499, 498, 497, 0, 496]

 ### Operon type: 161

	 A0A013SZ54	[501, 0, 384, 500, 499, 0, 0, 0, 0]

 ### Operon type: 162

	 A0A009ZM43	[-1, 685, 384, 500, 499, 498, 497, 103, 496]

 ### Operon type: 163

	 A0A009YSC7	[0, 0, 385, 9, 0, 9, 247, 246, 0]

 ### Operon type: 164

	 A0A013RVV2	[473, 0, 247, 246, 0, 0, 0, 245, 0]

 ### Operon type: 165

	 A0A011Q5S3	[704, 585, 0, 0, 0, 0, 584, 583, 582]

 ### Operon type: 166

	 A0A011UZZ4	[0, 584, 583, 0, 0, 0, 356, 356, 582]

 ### Operon type: 167

	 A0A010YKP2	[0, 0, 0, 0, 0, 0, 402, 351, 0]

 ### Operon type: 168

	 A0A011V1A2	[355, 0, 0, 351, 0, 0, 0, 0, 0]

 ### Operon type: 169

	 A0A011Q2B1	[0, 0, 0, 0, 0, 594, 593, 592, 628]

 ### Operon type: 170

	 A0A011RLN8	[0, 0, 0, 595, 629, 594, 593, 592, 628]

 ### Operon type: 171

	 A0A011NGS0	[0, 0, 0, 0, 654, 653, 0, 0, 0]

 ### Operon type: 172

	 A0A011PW61	[0, 0, 0, 0, 654, 653, 0, 0, 652]

 ### Operon type: 173

	 A0A011UXI1	[0, 464, 0, 0, 654, 653, 366, 0, 0]

 ### Operon type: 174

	 A0A011SWI9	[-1, -1, 0, 446, 654, 653, 366, -1, -1]

 ### Operon type: 175

	 A0A011P952	[653, 0, 638, 0, 0, 638, 0, 0, 0]

 ### Operon type: 176

	 A0A011NSG8	[0, 0, 0, 445, 550, 549, 0, 550, 0]

 ### Operon type: 177

	 A0A011P0X4	[0, 0, 551, 0, 550, 0, 0, 549, 548]

 ### Operon type: 178

	 A0A009MJ75	[0, 0, 192, 191, 190, 0, 0, 0, 528]

 ### Operon type: 179

	 A0A010IH51	[0, 420, 0, 0, 190, 0, 528, 0, 0]

 ### Operon type: 180

	 A0A010YNY9	[0, 0, 13, 8, 0, 0, 0, 0, 361]

 ### Operon type: 181

	 A0A011AC71	[285, 0, 0, 380, 0, 13, 8, 0, 647]

 ### Operon type: 182

	 A0A011QLX0	[0, 703, 0, 0, 702, 0, 701, 700, 0]
	 A0A011PRW6	[703, 0, 0, 0, 702, 701, 700, 0, 0]

 ### Operon type: 183

	 A0A010SML6	[0, 701, 700, -1, 0, 651, 0, 0, 0]

 ### Operon type: 184

	 A0A009P817	[196, 0, 0, 0, 195, 0, 214, 194, 193]

 ### Operon type: 185

	 A0A009TIY0	[0, 0, 0, 0, 195, 0, 214, 194, 0]

 ### Operon type: 186

	 A0A009QKA3	[214, 194, 0, 193, 0, 0, 0, 0, 211]

 ### Operon type: 187

	 A0A009S854	[-1, 0, 0, 271, 291, 0, 0, 0, 290]

 ### Operon type: 188

	 A0A013RMD0	[-1, 0, 531, 0, 291, 536, 0, 0, 290]

 ### Operon type: 189

	 A0A009R016	[0, 161, 0, 0, 160, -1, 527, 0, 0]
	 A0A009HFU9	[0, 161, 0, 0, 160, 527, 0, 0, 0]

 ### Operon type: 190

	 A0A009HSR2	[0, 96, 95, 0, 94, 179, 180, 283, 181]

 ### Operon type: 191

	 A0A009SWM1	[0, 96, 95, 0, 94, 0, 0, 180, 0]

 ### Operon type: 192

	 A0A009MYX0	[182, 181, 0, 418, 0, 0, 180, 179, 178]

 ### Operon type: 193

	 A0A009QK79	[0, 0, 178, 179, 0, 180, 0, 0, 181]

 ### Operon type: 194

	 A0A009GXJ1	[350, 349, 179, 180, 75, 283, 181, 182, 0]

 ### Operon type: 195

	 A0A010IT95	[0, 0, 0, 527, 478, 477, 476, 475, 474]
	 A0A013TKW8	[0, 691, 0, 527, 478, 477, 476, 475, 474]
	 A0A009S0T6	[0, 0, 527, 289, 478, 477, 476, 475, 474]
	 A0A009PRQ9	[0, 527, 289, 0, 478, 477, 476, 475, 474]
	 A0A009QT77	[0, 0, -1, 527, 478, 477, 476, 475, 474]
	 A0A009MH36	[0, 0, 0, 527, 478, 477, 476, 475, 474]
	 A0A009I5G9	[0, 0, 527, 289, 478, 477, 476, 475, 474]
	 A0A009GWD0	[283, 0, 0, 527, 478, 477, 476, 475, 474]

 ### Operon type: 196

	 A0A013TMJ7	[716, -1, 0, 527, 478, 475, 474, 0, 0]

 ### Operon type: 197

	 A0A009HJJ5	[311, 525, 524, 0, 523, 522, 0, 642, 118]
	 A0A009I8I7	[311, 525, 524, 91, 523, 522, 0, 642, 118]

 ### Operon type: 198

	 A0A010JJN4	[0, 525, 524, 0, 523, 522, 0, 642, 521]
	 A0A013TPR7	[311, 525, 524, 0, 523, 522, 0, 642, 521]
	 A0A009PMT3	[311, 525, 524, 0, 523, 522, 200, 642, 521]
	 A0A009RMI1	[0, 525, 524, 0, 523, 522, 0, 642, 0]
	 A0A009YG45	[0, 311, 525, 524, 523, 0, 522, 200, 642]

 ### Operon type: 199

	 A0A009SEP4	[311, 525, 524, 91, 523, 0, 522, 200, 0]

 ### Operon type: 200

	 A0A009NI48	[311, 525, 524, 0, 523, 0, 0, 0, -1]

 ### Operon type: 201

	 A0A011WLE7	[0, 0, 0, 0, 0, 146, 0, 0, 0]
	 A0A011VU44	[0, 0, 0, 0, 0, 146, 0, 0, 0]

 ### Operon type: 202

	 A0A011VAP2	[0, 0, 37, 0, 0, 0, 0, 0, 36]

 ### Operon type: 203

	 A0A011VRJ8	[0, 0, 0, 0, 0, 0, 37, 0, 0]

 ### Operon type: 204

	 A0A011RNU1	[0, 0, 0, 0, 0, 0, 439, 439, 438]

 ### Operon type: 205

	 A0A011VKJ9	[0, 0, 0, 0, 0, 0, 438, 439, -1]

 ### Operon type: 206

	 A0A011WT35	[294, 0, 0, 0, 0, 0, 0, 0, 0]
	 A0A011V490	[0, 294, 0, 0, 0, 0, 0, 0, 0]

 ### Operon type: 207

	 A0A009T185	[662, 0, 493, 493, 494, 661, 493, 492, 554]

 ### Operon type: 208

	 A0A010IN36	[495, 716, 0, 0, 494, 661, 493, 492, 554]

 ### Operon type: 209

	 A0A009PG43	[661, 493, 411, 664, 0, 492, 554, 0, 0]

 ### Operon type: 210

	 A0A011PQZ7	[0, 0, 0, 457, 598, 0, 456, 0, 0]

 ### Operon type: 211

	 A0A011TUX4	[0, 0, 0, 0, 598, 0, 0, 456, 0]

 ### Operon type: 212

	 A0A011STZ9	[0, 0, 0, 456, 0, 0, 0, 0, 0]

 ### Operon type: 213

	 A0A011PUJ9	[0, 0, 0, 0, 0, 0, 0, 0, 611]
	 A0A011PRF5	[611, 0, 0, 0, 0, 0, 0, 0, 0]

 ### Operon type: 214

	 A0A011PFY8	[0, 0, 0, 0, 0, 0, 0, 0, 621]

 ### Operon type: 215

	 A0A011PNS3	[664, 621, 0, 0, 0, 0, 0, 0, 0]

 ### Operon type: 216

	 A0A011T648	[0, 621, 0, 0, 0, 0, 0, 661, 0]

 ### Operon type: 217

	 A0A011U3C2	[0, 0, 685, 0, 0, 0, 0, 0, 0]
	 A0A011AEN3	[0, 0, 0, 0, 0, 0, 685, 0, 0]

 ### Operon type: 218

	 A0A011AAZ2	[0, 547, 0, 0, 0, 685, 685, 685, 0]

 ### Operon type: 219

	 A0A011T698	[0, 0, 0, 0, 0, 647, 685, 0, 0]

 ### Operon type: 220

	 A0A009SNL0	[93, 92, 0, 0, 0, 0, 0, 0, 0]

 ### Operon type: 221

	 A0A009ZZC8	[-1, 92, 93, 0, 0, 0, 0, 0, 0]

 ### Operon type: 222

	 A0A009ZG48	[0, 0, 0, 691, 0, 0, 0, 0, 0]

 ### Operon type: 223

	 A0A011PEJ8	[0, 0, 627, 691, 0, 0, 0, 0, 0]

 ### Operon type: 224

	 A0A011QNJ7	[692, 0, 0, 691, 0, 0, 0, 692, 0]

 ### Operon type: 225

	 A0A011MMJ4	[0, 0, 0, 0, 0, 0, 0, 692, 0]

 ### Operon type: 226

	 A0A011R8M3	[0, 0, 627, 691, 0, 365, 0, 692, 0]

 ### Operon type: 227

	 A0A009TJ77	[0, 24, 0, 0, 0, 0, 0, 0, 0]

 ### Operon type: 228

	 A0A010RTE7	[0, 0, 0, 0, 0, 0, 50, 24, 0]

 ### Operon type: 229

	 A0A013TPQ9	[317, 316, 315, 314, 313, 724, 716, 312, 391]
	 A0A013S8F0	[317, 316, 315, 314, 313, 724, 716, 312, 391]
	 A0A009PMU2	[317, 316, 315, -1, 313, 724, 716, 312, 391]
	 A0A009SZ84	[317, 316, 315, 314, 313, 724, 716, 312, 391]

 ### Operon type: 230

	 A0A009IG48	[0, 0, 0, 100, 99, 0, 0, 0, 651]

 ### Operon type: 231

	 A0A009IMQ0	[0, 0, 0, 100, 99, 0, 0, 0, 0]

 ### Operon type: 232

	 A0A009SWV1	[0, 0, 0, 0, 0, 0, 0, 100, 0]

 ### Operon type: 233

	 A0A011TAW2	[0, 0, 0, 0, 0, 0, 379, 0, 0]
	 A0A009SFX8	[379, 0, 0, 0, 0, 0, 0, 0, 0]

 ### Operon type: 234

	 A0A011TZN1	[0, 0, 0, 0, 340, 0, 0, 0, 0]
	 A0A009RHH9	[0, 0, 0, 0, 340, 0, 0, 0, 0]

 ### Operon type: 235

	 A0A009PMZ9	[199, 0, 0, 0, 0, 0, 0, 0, 0]
	 A0A009Q512	[0, 0, 0, 0, 199, 0, 0, 0, 0]

 ### Operon type: 236

	 A0A009IFL2	[0, 248, 0, 43, -1, 0, 0, 0]

 ### Operon type: 237

	 A0A009ZDS1	[-1, -1, 0, 248, 0, 0, 519, 0, 0]

 ### Operon type: 238

	 A0A009NPS1	[0, 316, 315, 314, 313, -1, 0, 0, 0]
	 A0A009HJM0	[0, 316, 315, 314, 313, 724, 0, 0, 0]
	 A0A010IZH1	[-1, 316, 315, 314, 313, 724, 0, 0, 0]

 ### Operon type: 239

	 A0A009HUS9	[316, 315, 0, 0, 0, 0, -1, 0, 0]

 ### Operon type: 240

	 A0A009HM15	[0, 117, 177, 0, 0, 0, -1, 0, 0]

 ### Operon type: 241

	 A0A009RQL5	[0, 0, 0, 0, 0, 0, 117, 177, 0]

 ### Operon type: 242

	 A0A009IJ01	[0, 0, 0, 0, 0, 0, 117, 177, 176]

 ### Operon type: 243

	 A0A009NCH6	[0, 0, 0, 0, 0, 0, 0, 177, 176]

 ### Operon type: 244

	 A0A011UB51	[412, 0, 0, 0, 0, 0, 0, 0, 0]
	 A0A011UFH1	[0, 0, 0, 0, 0, 412, 0, 0, 0]

 ### Operon type: 245

	 A0A011V965	[0, -1, -1, 0, 38, 0, -1, -1, 0]
	 A0A011VHP2	[0, -1, -1, -1, 38, 0, 0, 0, 0]

 ### Operon type: 246

	 A0A010RVD0	[-1, 0, 0, -1, 0, 672, 672, 0, 22]

 ### Operon type: 247

	 A0A010T7Q5	[0, 22, 0, 0, 0, 0, -1, 0, 0]

 ### Operon type: 248

	 A0A010SRR2	[0, 0, -1, 0, 0, 0, 0, 0, 716]
	 A0A010SNM6	[0, 0, -1, 0, 0, 0, 716, 0, 0]

 ### Operon type: 249

	 A0A010SJH7	[0, 0, 716, -1, 0, 0, 162, 0, 0]

 ### Operon type: 250

	 A0A010RKP8	[0, 0, 0, 0, 0, 0, -1, 0, 0]
	 A0A011UZ32	[0, 0, 0, 0, 0, -1, 0, 0, 0]
	 A0A011UZ49	[0, -1, 0, 0, 0, 0, 0, 0, 0]
	 A0A011V107	[0, -1, 0, 0, 0, 0, 0, 0, 0]
	 A0A009PH57	[0, 0, -1, 0, 0, 0, 0, 0, 0]
	 A0A009N9Z1	[-1, 0, 0, 0, 0, 0, 0, 0, 0]
	 A0A009QDV7	[-1, 0, 0, 0, 0, 0, 0, 0, 0]
	 A0A009HJU6	[0, 0, 0, 0, 0, 0, 0, 0, -1]
	 A0A009H6M2	[-1, 0, 0, 0, 0, 0, 0, 0, 0]
	 A0A011U7M7	[0, 0, -1, 0, 0, 0, 0, 0, 0]
	 A0A009IHQ3	[-1, 0, 0, 0, 0, 0, 0, 0, 0]
	 A0A009RG92	[-1, 0, 0, 0, 0, 0, 0, 0, 0]
	 A0A010JDA6	[-1, 0, 0, 0, 0, 0, 0, 0, 0]
	 A0A010TF14	[-1, 0, 0, 0, 0, 0, 0, 0, 0]
	 A0A010RY47	[-1, 0, -1, 0, 0, 0, 0, 0, 0]
	 A0A009TG92	[0, 0, -1, 0, 0, 0, 0, 0, 0]

 ### Operon type: 251

	 A0A010SJF9	[0, 0, 0, 0, 0, -1, 0, 62, -1]

 ### Operon type: 252

	 A0A010T5D8	[0, 0, 0, -1, 0, -1, 304, 0, 0]

 ### Operon type: 253

	 A0A011ML54	[0, 0, 0, 148, 0, 0, 0, 0, -1]

 ### Operon type: 254

	 A0A011NHY1	[0, 0, 0, 0, 0, 716, 0, 0, 0]

 ### Operon type: 255

	 A0A010Z171	[0, 0, 0, 0, 0, 0, 716, 0, 418]

 ### Operon type: 256

	 A0A010ZX98	[0, 0, 0, 0, 0, 7, 716, 716, 0]

 ### Operon type: 257

	 A0A010YRE8	[0, 0, 0, 0, 0, 0, 0, 7, 0]

 ### Operon type: 258

	 A0A011AF05	[0, 0, 285, 7, 0, 0, 0, 0, 0]

 ### Operon type: 259

	 A0A011SQL0	[650, 0, -1, 0, 0, 0, 0, 0, 0]

 ### Operon type: 260

	 A0A009ZC82	[0, 0, 650, 0, 0, 0, 0, 0, 0]

 ### Operon type: 261

	 A0A011P3F6	[651, 0, 0, 650, 0, 0, 0, 0, 0]

 ### Operon type: 262

	 A0A011T697	[716, 0, 0, 0, 0, 0, 0, 0, 214]

 ### Operon type: 263

	 A0A011TDD1	[0, 378, 716, 0, 0, 0, 0, 0, 0]

 ### Operon type: 264

	 A0A011VW24	[0, 0, 666, 0, 0, 0, 0, 0, -1]

 ### Operon type: 265

	 A0A011T8V3	[0, 0, 666, 0, 0, 0, 0, 0, 0]

 ### Operon type: 266

	 A0A010TH98	[652, 0, 0, 666, 0, 0, 0, 0, 0]

 ### Operon type: 267

	 A0A011QVR3	[0, 0, 0, 0, 0, 0, 0, 667, 666]

 ### Operon type: 268

	 A0A011RM25	[0, 0, 0, 0, 0, 666, 0, 443, 0]

 ### Operon type: 269

	 A0A011VXC2	[-1, 381, 0, 0, 0, 0, 0, 0, 0]

 ### Operon type: 270

	 A0A011VYF1	[666, 0, 0, 0, 0, 0, 412, 0, 0]

 ### Operon type: 271

	 A0A010S415	[-1, 666, 0, 183, 0, 0, 0, 0, 508]

 ### Operon type: 272

	 A0A011QMJ8	[0, 0, 0, 0, 0, 0, 0, 0, 0]
	 A0A011QSN2	[0, 0, 0, 0, 0, 0, 0, 0, 0]
	 A0A011P4U7	[0, 0, 0, 0, 0, 0, 0, 0, 0]
	 A0A011P9Z5	[0, 0, 0, 0, 0, 0, 0, 0, 0]
	 A0A011PBM9	[0, 0, 0, 0, 0, 0, 0, 0, 0]
	 A0A011Q056	[0, 0, 0, 0, 0, 0, 0, 0, 0]
	 A0A011Q1B3	[0, 0, 0, 0, 0, 0, 0, 0, 0]
	 A0A010IPH1	[0, 0, 0, 0, 0, 0, 0, 0, 0]
	 A0A011PKU5	[0, 0, 0, 0, 0, 0, 0, 0, 0]
	 A0A011PJK8	[0, 0, 0, 0, 0, 0, 0, 0, 0]
	 A0A011PNN2	[0, 0, 0, 0, 0, 0, 0, 0, 0]
	 A0A011SGD5	[0, 0, 0, 0, 0, 0, 0, 0, 0]
	 A0A011NMI8	[0, 0, 0, 0, 0, 0, 0, 0, 0]
	 A0A011NTU3	[0, 0, 0, 0, 0, 0, 0, 0, 0]
	 A0A011QVV5	[0, 0, 0, 0, 0, 0, 0, 0, 0]
	 A0A011N2Z0	[0, 0, 0, 0, 0, 0, 0, 0, 0]
	 A0A011N3C3	[0, 0, 0, 0, 0, 0, 0, 0, 0]
	 A0A011N4G4	[0, 0, 0, 0, 0, 0, 0, 0, 0]
	 A0A011NAJ1	[0, 0, 0, 0, 0, 0, 0, 0, 0]
	 A0A011NAY5	[0, 0, 0, 0, 0, 0, 0, 0, 0]
	 A0A011NDM5	[0, 0, 0, 0, 0, 0, 0, 0, 0]
	 A0A011TAF9	[0, 0, 0, 0, 0, 0, 0, 0, 0]
	 A0A011TLH0	[0, 0, 0, 0, 0, 0, 0, 0, 0]
	 A0A011TWN2	[0, 0, 0, 0, 0, 0, 0, 0, 0]
	 A0A011UTJ0	[0, 0, 0, 0, 0, 0, 0, 0, 0]
	 A0A011UWH1	[0, 0, 0, 0, 0, 0, 0, 0, 0]
	 A0A011UHL2	[0, 0, 0, 0, 0, 0, 0, 0, 0]
	 A0A013T8M5	[0, 0, 0, 0, 0, 0, 0, 0, 0]
	 A0A013TEV4	[0, 0, 0, 0, 0, 0, 0, 0, 0]
	 A0A013TPV4	[0, 0, 0, 0, 0, 0, 0, 0, 0]
	 A0A013SL47	[0, 0, 0, 0, 0, 0, 0, 0, 0]
	 A0A011WUT3	[0, 0, 0, 0, 0, 0, 0, 0, 0]
	 A0A009T1I8	[0, 0, 0, 0, 0, 0, 0, 0, 0]
	 A0A013S2B9	[0, 0, 0, 0, 0, 0, 0, 0, 0]
	 A0A013SBR8	[0, 0, 0, 0, 0, 0, 0, 0, 0]
	 A0A009PG53	[0, 0, 0, 0, 0, 0, 0, 0, 0]
	 A0A009PT82	[0, 0, 0, 0, 0, 0, 0, 0, 0]
	 A0A009NQA1	[0, 0, 0, 0, 0, 0, 0, 0, 0]
	 A0A009MMM3	[0, 0, 0, 0, 0, 0, 0, 0, 0]
	 A0A009N031	[0, 0, 0, 0, 0, 0, 0, 0, 0]
	 A0A009N123	[0, 0, 0, 0, 0, 0, 0, 0, 0]
	 A0A009MH90	[0, 0, 0, 0, 0, 0, 0, 0, 0]
	 A0A009Q3K7	[0, 0, 0, 0, 0, 0, 0, 0, 0]
	 A0A009QQ47	[0, 0, 0, 0, 0, 0, 0, 0, 0]
	 A0A009R2X0	[0, 0, 0, 0, 0, 0, 0, 0, 0]
	 A0A009R4N4	[0, 0, 0, 0, 0, 0, 0, 0, 0]
	 A0A009RBQ2	[0, 0, 0, 0, 0, 0, 0, 0, 0]
	 A0A009QVK8	[0, 0, 0, 0, 0, 0, 0, 0, 0]
	 A0A011VYF6	[0, 0, 0, 0, 0, 0, 0, 0, 0]
	 A0A011VWR4	[0, 0, 0, 0, 0, 0, 0, 0, 0]
	 A0A011WKI4	[0, 0, 0, 0, 0, 0, 0, 0, 0]
	 A0A011VZG0	[0, 0, 0, 0, 0, 0, 0, 0, 0]
	 A0A011VW71	[0, 0, 0, 0, 0, 0, 0, 0, 0]
	 A0A011V8Y9	[0, 0, 0, 0, 0, 0, 0, 0, 0]
	 A0A009HL81	[0, 0, 0, 0, 0, 0, 0, 0, 0]
	 A0A009IRJ6	[0, 0, 0, 0, 0, 0, 0, 0, 0]
	 A0A009ISY0	[0, 0, 0, 0, 0, 0, 0, 0, 0]
	 A0A009M4K0	[0, 0, 0, 0, 0, 0, 0, 0, 0]
	 A0A009MGJ1	[0, 0, 0, 0, 0, 0, 0, 0, 0]
	 A0A009MGQ8	[0, 0, 0, 0, 0, 0, 0, 0, 0]
	 A0A009I463	[0, 0, 0, 0, 0, 0, 0, 0, 0]
	 A0A009HBT3	[0, 0, 0, 0, 0, 0, 0, 0, 0]
	 A0A009I0I9	[0, 0, 0, 0, 0, 0, 0, 0, 0]
	 A0A009SWU0	[0, 0, 0, 0, 0, 0, 0, 0, 0]
	 A0A009SCM5	[0, 0, 0, 0, 0, 0, 0, 0, 0]
	 A0A009RHH7	[0, 0, 0, 0, 0, 0, 0, 0, 0]
	 A0A009RMD0	[0, 0, 0, 0, 0, 0, 0, 0, 0]
	 A0A009RR21	[0, 0, 0, 0, 0, 0, 0, 0, 0]
	 A0A009HTN9	[0, 0, 0, 0, 0, 0, 0, 0, 0]
	 A0A009HIL8	[0, 0, 0, 0, 0, 0, 0, 0, 0]
	 A0A011UBN9	[0, 0, 0, 0, 0, 0, 0, 0, 0]
	 A0A011UFM5	[0, 0, 0, 0, 0, 0, 0, 0, 0]
	 A0A011UG71	[0, 0, 0, 0, 0, 0, 0, 0, 0]
	 A0A011UGX8	[0, 0, 0, 0, 0, 0, 0, 0, 0]
	 A0A009PAG1	[0, 0, 0, 0, 0, 0, 0, 0, 0]
	 A0A009PDV4	[0, 0, 0, 0, 0, 0, 0, 0, 0]
	 A0A011VMV7	[0, 0, 0, 0, 0, 0, 0, 0, 0]
	 A0A011VNE2	[0, 0, 0, 0, 0, 0, 0, 0, 0]
	 A0A011VSC9	[0, 0, 0, 0, 0, 0, 0, 0, 0]
	 A0A011VUV0	[0, 0, 0, 0, 0, 0, 0, 0, 0]
	 A0A011WSE5	[0, 0, 0, 0, 0, 0, 0, 0, 0]
	 A0A010SHY1	[0, 0, 0, 0, 0, 0, 0, 0, 0]
	 A0A009SHB3	[0, 0, 0, 0, 0, 0, 0, 0, 0]
	 A0A009SIF9	[0, 0, 0, 0, 0, 0, 0, 0, 0]
	 A0A010IZE4	[0, 0, 0, 0, 0, 0, 0, 0, 0]
	 A0A010SPJ7	[0, 0, 0, 0, 0, 0, 0, 0, 0]
	 A0A010SSQ8	[0, 0, 0, 0, 0, 0, 0, 0, 0]
	 A0A010T025	[0, 0, 0, 0, 0, 0, 0, 0, 0]
	 A0A009T3J5	[0, 0, 0, 0, 0, 0, 0, 0, 0]
	 A0A010YJA7	[0, 0, 0, 0, 0, 0, 0, 0, 0]
	 A0A010YZS8	[0, 0, 0, 0, 0, 0, 0, 0, 0]
	 A0A010Z120	[0, 0, 0, 0, 0, 0, 0, 0, 0]
	 A0A010ZTI3	[0, 0, 0, 0, 0, 0, 0, 0, 0]
	 A0A011A146	[0, 0, 0, 0, 0, 0, 0, 0, 0]
	 A0A011AIL7	[0, 0, 0, 0, 0, 0, 0, 0, 0]
	 A0A010ZJQ6	[0, 0, 0, 0, 0, 0, 0, 0, 0]

 ### Operon type: 273

	 A0A010TG27	[462, 0, 59, 0, 0, 0, 724, 0, 0]

 ### Operon type: 274

	 A0A011PMK1	[0, 0, 0, 0, 0, 0, 0, 462, 0]

 ### Operon type: 275

	 A0A009HRU1	[0, 179, 0, 0, 0, 0, 0, 0, 0]

 ### Operon type: 276

	 A0A009HSN8	[0, 158, 0, 0, 0, -1, 0, 171, -1]

 ### Operon type: 277

	 A0A009HV82	[170, 0, 0, 0, 0, 0, 0, 0, 0]

 ### Operon type: 278

	 A0A009IG74	[0, 0, 191, 0, 295, -1, 0, 0, 0]

 ### Operon type: 279

	 A0A009IJ90	[0, 111, 0, 0, 0, 0, 0, 0, 0]

 ### Operon type: 280

	 A0A009ISE1	[522, 0, 642, 0, 0, -1, 0, 0, 0]

 ### Operon type: 281

	 A0A009NM94	[0, 430, 430, 0, 0, 0, 378, 0, 0]

 ### Operon type: 282

	 A0A009Q4N5	[0, 0, 196, 0, 0, 0, 0, 0, 0]

 ### Operon type: 283

	 A0A009SSZ9	[0, 109, 0, 0, 0, 0, 0, 0, 0]

 ### Operon type: 284

	 A0A009TBM2	[0, 0, 0, 0, 0, 0, 0, 0, 240]

 ### Operon type: 285

	 A0A009Q8S9	[0, 0, 651, 240, 0, 414, 0, 0, 0]

 ### Operon type: 286

	 A0A009YIH1	[0, 0, 0, 0, 276, 0, -1, -1, 10]

 ### Operon type: 287

	 A0A009YR05	[0, 0, 0, 0, 33, 0, 0, 0, 0]

 ### Operon type: 288

	 A0A009Z004	[262, 0, 262, 0, 0, 418, 0, 0, 0]

 ### Operon type: 289

	 A0A010IGH8	[0, 0, 0, 0, 0, 0, 0, 245, 0]

 ### Operon type: 290

	 A0A010JIN9	[517, 0, 0, 24, 138, 0, 0, 0, 0]

 ### Operon type: 291

	 A0A010RS09	[0, 0, 0, 0, 50, 0, 534, 534, 0]

 ### Operon type: 292

	 A0A010RUQ5	[0, 0, 0, 0, 0, 0, 0, 0, 339]

 ### Operon type: 293

	 A0A010S195	[650, 0, 12, 17, 0, 0, 0, 0, 0]

 ### Operon type: 294

	 A0A010SCZ2	[0, 0, 0, 0, 0, 0, 0, 29, 0]

 ### Operon type: 295

	 A0A010SN41	[0, 0, 0, 0, 27, 0, 0, 0, 0]

 ### Operon type: 296

	 A0A010SSU2	[0, 0, 0, 0, 75, 0, -1, 639, 0]

 ### Operon type: 297

	 A0A010SUP6	[0, 0, 0, 0, 0, 0, 0, 17, 0]

 ### Operon type: 298

	 A0A010SUY9	[0, 0, 0, 0, 0, 365, 627, 0]

 ### Operon type: 299

	 A0A010THK2	[0, 0, -1, 0, 0, 534, 418, 0, 0]

 ### Operon type: 300

	 A0A010SRL4	[59, 0, 0, -1, 0, 0, 0, 418, 97]

 ### Operon type: 301

	 A0A010YF95	[582, 0, 0, 0, 0, 0, 0, 0, 0]

 ### Operon type: 302

	 A0A010YT39	[0, 34, 0, 0, 0, 0, 0, 0, 0]

 ### Operon type: 303

	 A0A010YX61	[227, 685, 0, 666, 0, 0, 0, 0, 0]

 ### Operon type: 304

	 A0A010ZWJ8	[0, 0, 0, 0, 0, 641, 0, 0, 0]

 ### Operon type: 305

	 A0A009ZVR4	[435, 0, 685, 0, 0, 25, 0, 0, 0]

 ### Operon type: 306

	 A0A011AHW1	[0, 0, 0, 0, 0, 0, 0, 2, 0]

 ### Operon type: 307

	 A0A011NE37	[384, 0, 0, 0, 0, 0, 0, 0, 0]

 ### Operon type: 308

	 A0A011NF78	[0, 0, 679, 0, 0, 0, 0, 0, 0]

 ### Operon type: 309

	 A0A011NVE2	[0, 0, 0, 661, 0, 0, 716, 0, 416]

 ### Operon type: 310

	 A0A011NXJ4	[0, 0, 0, 0, 0, 0, 0, 0, 400]

 ### Operon type: 311

	 A0A011P8I1	[0, 0, 683, 685, 0, 0, 0, 0, 641]

 ### Operon type: 312

	 A0A011P9Q7	[637, 0, 0, 0, 0, 0, 0, 0, 0]

 ### Operon type: 313

	 A0A011PCT1	[0, 0, 0, 0, 0, 0, 0, 628, 0]

 ### Operon type: 314

	 A0A011PJ75	[0, 661, 493, 661, 0, 0, 0, 0, 0]

 ### Operon type: 315

	 A0A011PRB4	[0, 0, 0, 0, 0, 0, 0, 455, 0]

 ### Operon type: 316

	 A0A011Q5V7	[581, 0, 0, 0, 0, 0, 0, 0, 0]

 ### Operon type: 317

	 A0A011QU35	[0, 0, 0, 0, 668, 0, 0, 0, 0]

 ### Operon type: 318

	 A0A011QVT2	[665, 0, 0, 0, 0, 0, 0, 664, 0]

 ### Operon type: 319

	 A0A011RP14	[0, 0, 0, 0, 0, 0, 0, 437, 0]

 ### Operon type: 320

	 A0A011SM49	[716, 0, 437, 0, 0, 0, 422, 0, 0]

 ### Operon type: 321

	 A0A011AM27	[456, 0, 0, 0, 523, 0, 0, 0, 14]

 ### Operon type: 322

	 A0A011T607	[0, 0, 610, 0, 0, 0, 0, 0, 378]

 ### Operon type: 323

	 A0A010S5W8	[0, 0, 396, 610, 0, 0, 0, 0, 0]

 ### Operon type: 324

	 A0A011MSR2	[0, 0, 0, 396, 0, 0, 0, 578, 0]

 ### Operon type: 325

	 A0A010YYJ5	[0, 0, 0, 578, 0, 0, 0, 25, 25]

 ### Operon type: 326

	 A0A011TED9	[0, 0, 0, 0, 0, 376, 0, 0, 0]

 ### Operon type: 327

	 A0A011TXS5	[0, 421, 0, 0, 0, 0, 0, 0, 0]

 ### Operon type: 328

	 A0A011U144	[0, 339, 0, 0, 0, 0, 400, 338, 0]

 ### Operon type: 329

	 A0A011U1C8	[647, 0, 0, 0, 0, 0, 0, 0, 337]

 ### Operon type: 330

	 A0A011U483	[0, 0, 0, 0, 0, 646, 0, 0, 0]

 ### Operon type: 331

	 A0A011UDF3	[0, 0, 0, 0, 0, 372, 0, 0, 0]

 ### Operon type: 332

	 A0A011UG86	[0, 445, 0, 0, 0, 62, 0, 0, 0]

 ### Operon type: 333

	 A0A011UGY3	[0, 0, 0, 61, 0, 0, 0, 61, 0]

 ### Operon type: 334

	 A0A011UJN3	[0, 492, 0, 0, 0, 0, 0, 0, 0]

 ### Operon type: 335

	 A0A009INE0	[495, 0, 0, 0, 0, 0, 0, 493, 492]

 ### Operon type: 336

	 A0A011UQB5	[428, 413, 0, 0, 0, 0, 0, 412, 0]

 ### Operon type: 337

	 A0A011UVI5	[0, 0, 0, 0, 0, 361, 661, 661, 0]

 ### Operon type: 338

	 A0A011UWI3	[0, 0, 0, 0, 360, 0, 359, 650, 0]

 ### Operon type: 339

	 A0A011V5E6	[0, 0, 0, 0, 0, 220, 0, 0, 0]

 ### Operon type: 340

	 A0A011M4H6	[36, 0, 532, 0, 0, 0, 0, 0, 0]

 ### Operon type: 341

	 A0A011VSV3	[0, 0, 0, 0, 0, 0, 688, 0, 0]

 ### Operon type: 342

	 A0A011VWI0	[0, 0, 0, 0, 0, 145, 0, 0, 0]

 ### Operon type: 343

	 A0A011VZ91	[151, 0, 0, 0, 0, 0, 0, 0, 0]

 ### Operon type: 344

	 A0A011W213	[0, 0, 0, 0, 0, 404, 0, 0, 0]

 ### Operon type: 345

	 A0A011WP76	[0, 0, 0, 0, 0, 0, 0, 0, 706]

 ### Operon type: 346

	 A0A011WSD4	[0, 0, 0, -1, 0, 578, 0, 0, 294]

 ### Operon type: 347

	 A0A011VZF5	[0, 0, 216, 217, 0, 578, 294, 578, 0]

 ### Operon type: 348

	 A0A011WSU6	[0, 578, 0, 0, 218, 0, 0, 0, 0]

 ### Operon type: 349

	 A0A013S843	[0, 312, 0, 0, 0, 0, -1, 239, 0]

 ### Operon type: 350

	 A0A013S981	[235, 0, 0, 0, 0, 0, 0, 0, 0]

 ### Operon type: 351

	 A0A013T337	[0, 0, 0, 0, 0, 0, 0, 0, 334]

 ### Operon type: 352

	 A0A013T5E6	[0, 0, 0, 333, 0, 0, 0, 0, 0]

 ### Operon type: 353

	 A0A013SGL3	[310, 228, 227, 226, 309, 613, 308, 647, 307]
	 A0A009NE81	[310, 228, 227, 226, 309, 613, 308, 647, 307]
	 A0A009I5Z6	[310, 0, 227, 226, 309, 613, 308, 647, 307]
	 A0A009RQH3	[310, 0, 0, 226, 309, 613, 308, 647, 307]
	 A0A010KAV2	[310, 0, 0, 226, 309, 613, 308, 647, 307]

 ### Operon type: 354

	 A0A013TB41	[310, -1, 0, 0, 309, 613, 308, 647, 307]

 ### Operon type: 355

	 A0A009H3X4	[310, 0, 0, 0, 309, 613, -1, 534, -1]

 ### Operon type: 356

	 A0A009YL68	[0, 0, 647, 310, 309, 0, 0, 249, 0]

 ### Operon type: 357

	 A0A009T9H0	[0, 10, 651, -1, 0, 0, 180, 0, 179]

 ### Operon type: 358

	 A0A010THH5	[0, 26, 248, 361, 0, 0, 520, 0, 519]

 ### Operon type: 359

	 A0A011VZE3	[0, 0, 0, 724, 150, 0, 0, 0, 0]
	 A0A011WSH8	[0, 0, 0, 724, 150, 0, 0, 0, 0]

 ### Operon type: 360

	 A0A011NAF3	[0, 0, 0, 0, 0, 0, 724, 0, 587]

 ### Operon type: 361

	 A0A009IQ93	[98, 0, 724, 0, 0, 97, 0, 0, 0]

 ### Operon type: 362

	 A0A009TLU4	[0, 421, -1, 112, 0, 20, 0, -1, -1]

 ### Operon type: 363

	 A0A010JNG7	[527, 0, 0, 526, 0, 0, 0, 0, 0]

 ### Operon type: 364

	 A0A010S003	[616, 0, 0, 0, 0, 445, 445, 188, 0]

 ### Operon type: 365

	 A0A010SMN8	[0, -1, 13, 0, 535, 0, 0, 620, 0]

 ### Operon type: 366

	 A0A010SXS1	[0, 411, 0, 0, 0, 147, 0, 0, 664]

 ### Operon type: 367

	 A0A010T689	[14, -1, 520, 440, 0, 0, 0, 0, 0]

 ### Operon type: 368

	 A0A010TBB4	[0, 40, 0, 62, 0, 0, 0, 0, 647]

 ### Operon type: 369

	 A0A010YFK3	[0, 444, 0, 0, 0, 0, 31, 0, 337]

 ### Operon type: 370

	 A0A010YVY1	[6, 0, 6, 0, 0, 0, 0, 188, 0]

 ### Operon type: 371

	 A0A010Z7T4	[0, 0, 0, 0, 0, 0, 0, 528, 457]

 ### Operon type: 372

	 A0A010RRR9	[0, 0, 0, 0, 606, 0, 0, 529, 528]

 ### Operon type: 373

	 A0A010SIA7	[0, 0, 529, 55, 0, 0, 0, 0, 0]

 ### Operon type: 374

	 A0A010ZSZ2	[0, 547, 0, 546, 545, 0, 0, 0, 0]

 ### Operon type: 375

	 A0A010Z0Y7	[0, 0, 0, 0, 545, 183, 0, 0, 0]

 ### Operon type: 376

	 A0A010ZUR7	[30, 3, 0, 3, 0, 2, 188, 0, 0]

 ### Operon type: 377

	 A0A011A0M8	[0, 0, 418, 0, 43, 0, 0, 1, 1]

 ### Operon type: 378

	 A0A011NFL4	[0, 429, 0, 0, 405, 462, 0, 34, 0]

 ### Operon type: 379

	 A0A011P407	[0, 0, 649, 648, 0, 0, 647, 0, 646]

 ### Operon type: 380

	 A0A011QGT2	[724, 0, 0, 723, 722, 0, 0, 0, 0]

 ### Operon type: 381

	 A0A011QSA4	[682, 0, 681, 680, 0, 0, 0, 0, 679]

 ### Operon type: 382

	 A0A011T6J6	[0, 581, 0, 685, 0, 0, 213, 0, 212]

 ### Operon type: 383

	 A0A011TAL2	[0, 610, 0, 0, 0, 380, 0, 402, 0]

 ### Operon type: 384

	 A0A011TYT7	[0, 0, 0, 0, 0, 0, 420, 419, 419]

 ### Operon type: 385

	 A0A011TZG0	[418, 579, 0, 0, 0, 0, 0, 417, 0]

 ### Operon type: 386

	 A0A011Q6N5	[0, 0, 0, 0, 0, 0, 580, 579, 580]

 ### Operon type: 387

	 A0A011UII7	[0, 0, 0, 0, 0, 416, 415, 0, 0]

 ### Operon type: 388

	 A0A011UNT9	[414, 425, 0, 0, 0, 0, 0, 0, 0]

 ### Operon type: 389

	 A0A011SIS0	[0, 567, 426, 426, 0, 0, 0, 425, 0]

 ### Operon type: 390

	 A0A011UT49	[0, 547, 0, 0, 0, 0, 411, 410, 0]

 ### Operon type: 391

	 A0A011VU65	[65, 0, 0, 0, 0, 31, 0, 0, 0]

 ### Operon type: 392

	 A0A011VV03	[0, 30, 0, 0, 354, 36, 0, 0, 0]

 ### Operon type: 393

	 A0A011VVZ9	[0, 0, -1, 0, 0, 29, 28, 28, 424]

 ### Operon type: 394

	 A0A011VWX7	[664, 382, 0, 0, 0, 0, 0, 427, 0]

 ### Operon type: 395

	 A0A011VXK7	[430, 430, 0, 498, 0, 0, 0, 583, 0]

 ### Operon type: 396

	 A0A011W0I6	[149, 0, 0, 0, 0, 393, 0, 148, 0]

 ### Operon type: 397

	 A0A010YEF6	[0, 149, 0, 0, 0, 0, 0, 0, 15]

 ### Operon type: 398

	 A0A013SQH1	[0, 0, 0, 0, 27, 465, 0, 527, 389]

 ### Operon type: 399

	 A0A009LNU8	[114, 116, 357, 113, 0, 112, 0, 527, 0]

 ### Operon type: 400

	 A0A013SRG6	[39, 113, 357, 116, 0, 115, 0, 114, 409]

 ### Operon type: 401

	 A0A009IQU8	[0, 116, 0, 0, 0, 115, 409, 0, 0]

 ### Operon type: 402

	 A0A010K2K8	[357, 113, 39, 0, 0, 0, 0, -1, 527]

 ### Operon type: 403

	 A0A011NPR8	[0, 409, 0, 0, 0, 0, 408, 0, 0]

 ### Operon type: 404

	 A0A010SEA2	[585, 408, 26, 0, 0, 0, 0, 0, 0]

 ### Operon type: 405

	 A0A009ZIC0	[160, 42, 531, 271, 291, 536, 41, 40, 290]

 ### Operon type: 406

	 A0A009ZB47	[251, 250, 0, 0, 0, 578, 517, 0, 0]

 ### Operon type: 407

	 A0A010RM40	[533, 724, 596, 0, 0, 0, 0, -1, 645]

 ### Operon type: 408

	 A0A010RRQ6	[0, 532, 0, 0, 0, 535, 531, 530, 0]

 ### Operon type: 409

	 A0A010S423	[213, 0, 0, 0, 0, 0, 0, 359, 434]

 ### Operon type: 410

	 A0A010T0I7	[0, 0, 15, 0, 0, 683, 681, 724, 0]

 ### Operon type: 411

	 A0A011AHU9	[0, 0, 0, 0, 0, 0, 0, 4, 264]

 ### Operon type: 412

	 A0A010YY02	[0, 5, 0, 0, 5, 599, 11, 0, 4]

 ### Operon type: 413

	 A0A011NA78	[0, 390, 0, 0, 0, 672, 0, 0, 645]

 ### Operon type: 414

	 A0A011P8W7	[640, 649, 664, 0, 639, 0, 0, 0, 0]

 ### Operon type: 415

	 A0A011PG97	[620, 0, 0, 619, 0, 0, 0, 0, 0]

 ### Operon type: 416

	 A0A011PKT4	[0, 465, 0, 0, 0, 0, 464, 0, 0]

 ### Operon type: 417

	 A0A011PLB2	[0, 640, 0, 466, 0, 0, 0, 0, 0]

 ### Operon type: 418

	 A0A011R339	[0, 0, 0, 0, 0, 0, 350, 349, 0]

 ### Operon type: 419

	 A0A011SFE5	[0, 0, 0, 430, 0, 0, 429, 648, 428]

 ### Operon type: 420

	 A0A011SJT5	[0, 0, 0, 424, 423, 423, 423, 423, 423]

 ### Operon type: 421

	 A0A011TDQ5	[0, 0, 0, 0, 377, 394, 0, 0, 0]

 ### Operon type: 422

	 A0A011UG17	[201, 0, 152, 0, 66, 65, 0, 0, 0]

 ### Operon type: 423

	 A0A011V8Z7	[0, 0, 0, 0, 0, 64, 63, 0, 0]

 ### Operon type: 424

	 A0A011VT01	[0, 0, 32, 0, 0, 32, 0, 0, 258]

 ### Operon type: 425

	 A0A011VYP6	[0, 0, 0, 0, 0, 0, 152, 607, 0]

 ### Operon type: 426

	 A0A011V392	[381, 0, 455, 216, 217, 215, 0, 218, 219]

 ### Operon type: 427

	 A0A009Q0U9	[485, 123, 122, 0, 121, 120, -1, -1, 0]

 ### Operon type: 428

	 A0A010SRB2	[20, 19, 0, 0, 0, 19, 18, 0, 0]

 ### Operon type: 429

	 A0A011VJ76	[35, 35, 410, 34, 0, 724, 418, 0, 649]

 ### Operon type: 430

	 A0A013SKX6	[0, 0, 436, 0, 295, 295, 223, 222, 221]

 ### Operon type: 431

	 A0A010KA25	[517, 0, 520, 482, 80, 0, 0, 517, 316]

 ### Operon type: 432

	 A0A011WUA8	[564, 0, 0, 293, 0, 0, 0, 292, 292]

 ### Operon type: 433

	 A0A010S4X6	[0, 183, 596, 445, 302, 0, 403, 463, 534]

 ### Operon type: 434

	 A0A011U8C0	[0, 69, 68, 0, 358, 67, 0, 0, 0]
