
 ### Operon type: 1

	 A0A010ILU3	[378, 377, 376, 524, 375, 374, 373, 372, 466]
	 A0A009QBR9	[378, 377, 376, 524, 375, 374, 372, 466, 268]
	 A0A009QS71	[378, 377, 376, 524, 375, 374, 373, 372, 466]
	 A0A009MW50	[378, 377, 376, 524, 375, 374, 373, 372, 466]
	 A0A009H3B0	[378, 377, 376, 524, 375, 374, 373, 372, 466]
	 A0A009I8S2	[378, 377, 376, 524, 375, 374, 372, 466, 268]
	 A0A009TM70	[378, 377, 376, 524, 375, 374, 372, 466, 268]

 ### Operon type: 2

	 A0A013TH43	[517, 516, 825, 515, 514, 513, 512, 511, 510]
	 A0A009RAF0	[517, 516, 825, 515, 514, 513, 512, 511, 510]

 ### Operon type: 3

	 A0A011PVT3	[767, 602, 601, 600, 748, 599, 598, 597, 596]
	 A0A011R7V7	[767, 602, 601, 600, 748, 599, 598, 597, 596]
	 A0A011MET3	[767, 602, 601, 600, 748, 599, 598, 597, 596]

 ### Operon type: 4

	 A0A013SNJ8	[468, 467, 466, 465, 464, 463, 475, 462, 461]
	 A0A013RZW2	[468, 467, 466, 465, 464, 463, 475, 462, 461]
	 A0A009PH20	[468, 467, 466, 465, 464, 463, 475, 462, 461]
	 A0A009IV03	[468, 467, 466, 465, 464, 463, 475, 462, 461]
	 A0A009MMM3	[468, 467, 466, 465, 464, 463, 475, 462, 461]
	 A0A010J9U3	[468, 467, 466, 465, 464, 463, 475, 462, 461]
	 A0A009SIZ4	[468, 467, 466, 465, 464, 463, 475, 462, 461]
	 A0A009HBT3	[468, 467, 466, 465, 464, 463, 475, 462, 461]
	 A0A009RD69	[468, 467, 466, 465, 464, 463, 475, 462, 461]
	 A0A009YIZ0	[468, 467, 466, 465, 464, 463, 475, 462, 461]

 ### Operon type: 5

	 A0A009PH57	[231, 230, -1, 229, 228, 604, 227, 443, 226]
	 A0A009TG92	[231, 230, -1, 229, 228, 604, 227, 443, 226]

 ### Operon type: 6

	 A0A013S288	[423, 414, 413, 412, 463, 411, 410, 409, 408]
	 A0A013SXT2	[423, 414, 413, 412, 463, 411, 410, 409, 408]
	 A0A009N031	[423, 414, 413, 412, 463, 411, 410, 409, 408]
	 A0A009I0I9	[423, 414, 413, 412, 463, 411, 410, 409, 408]
	 A0A010J3I1	[423, 414, 413, 412, 463, 411, 410, 409, 408]
	 A0A009PWG1	[423, 414, 413, 412, 463, 411, 410, 409, 408]
	 A0A009R2X0	[423, 414, 413, 412, 463, 411, 410, 409, 408]
	 A0A009SFX8	[423, 414, 413, 412, 46, 463, 411, 410, 409]
	 A0A009TBM2	[414, 413, 412, 46, 463, 411, 410, 409, 408]

 ### Operon type: 7

	 A0A013T8M5	[530, 723, 581, 529, 528, 572, 527, 526, 525]
	 A0A010IMP8	[530, 723, 581, 529, 528, 572, 527, 526, 525]
	 A0A013SZ54	[530, 723, 581, 529, 528, 572, 527, 526, 525]
	 A0A009N123	[530, 723, 581, 529, 528, 572, 527, 526, 525]
	 A0A009IRJ6	[530, 723, 581, 529, 528, 572, 527, 526, 525]
	 A0A009Q3K7	[530, 723, 581, 529, 528, 572, 527, 526, 525]
	 A0A009SWU0	[530, 723, 581, 529, 528, 572, 527, 526, 525]
	 A0A009H7U0	[530, 723, 581, 529, 528, 572, 527, 526, 525]
	 A0A009RBQ2	[530, 723, 581, 529, 528, 572, 527, 526, 525]
	 A0A009ZM43	[-1, 723, 581, 529, 528, 572, 527, 526, 525]

 ### Operon type: 8

	 A0A013RMD0	[-1, 457, 750, 456, 455, 758, 454, 453, 452]
	 A0A009RG92	[-1, 457, 750, 456, 455, 758, 454, 453, 452]
	 A0A009QDV7	[-1, 457, 750, 456, 455, 758, 454, 453, 452]
	 A0A009N9Z1	[-1, 457, 750, 456, 455, 758, 454, 453, 452]
	 A0A010JDA6	[-1, 457, 750, 456, 455, 758, 454, 453, 452]
	 A0A009H6M2	[-1, 457, 750, 456, 455, 758, 454, 453, 452]
	 A0A009S854	[-1, 457, 750, 456, 455, 758, 454, 453, 452]
	 A0A009IHQ3	[-1, 457, 750, 456, 455, 758, 454, 453, 452]
	 A0A009ZIC0	[106, 457, 750, 456, 455, 758, 454, 453, 452]

 ### Operon type: 9

	 A0A011UIA1	[338, 337, 336, 335, 334, 333, 332, 331, 0]
	 A0A011V5V3	[0, 338, 337, 336, 335, 334, 333, 332, 331]

 ### Operon type: 10

	 A0A011PTE7	[624, 623, 622, 621, 620, 0, 619, 618, 617]
	 A0A011NE72	[624, 623, 622, 621, 620, 619, 618, 617, 0]

 ### Operon type: 11

	 A0A010JWJ1	[297, 296, 754, 295, 294, 293, 292, 291, 290]
	 A0A009I4A1	[297, 296, 754, 295, 294, 293, 292, 291, 290]

 ### Operon type: 12

	 A0A009QF22	[158, 157, 297, 0, 294, 293, 292, 291, 290]
	 A0A009TBY8	[158, 157, 297, 295, 294, 293, 292, 291, 290]

 ### Operon type: 13

	 A0A011NEY3	[580, 669, 668, 667, 667, 666, 665, 664, 0]

 ### Operon type: 14

	 A0A011PAN4	[669, 668, 0, 667, 667, 666, 665, 664, 663]

 ### Operon type: 15

	 A0A011RCD5	[580, 669, 668, 667, 667, 666, 665, 664, 663]

 ### Operon type: 16

	 A0A011P4U7	[0, 736, 735, 734, 733, 732, 731, 730, 729]
	 A0A011NAY5	[736, 735, 734, 733, 732, 731, 730, 729, 0]

 ### Operon type: 17

	 A0A011NW66	[700, 699, 698, 697, 696, 695, 0, 0, 0]
	 A0A011NBX7	[700, 699, 698, 697, 696, 695, 0, 0, 0]
	 A0A011PF67	[700, 699, 698, 697, 696, 0, 0, 0, 0]

 ### Operon type: 18

	 A0A011NS68	[700, 699, 698, 697, 696, 682, 681, 688, 741]
	 A0A011RHX4	[700, 699, 698, 697, 696, 682, 681, 688, 0]

 ### Operon type: 19

	 A0A010YT39	[0, 686, 33, 749, 32, 31, 30, 29, 357]

 ### Operon type: 20

	 A0A010Z7T4	[33, 749, 32, 31, 30, 29, 357, 746, 631]

 ### Operon type: 21

	 A0A013SP43	[477, 476, 475, 474, 473, 472, 471, 470, 469]
	 A0A010K6G6	[477, 476, 475, 474, 473, 472, 471, 0, 469]
	 A0A009RUN3	[477, 476, 475, 474, 473, 472, 471, 470, 469]

 ### Operon type: 22

	 A0A011VWR4	[0, 0, 0, 0, 258, 257, 256, 255, 254]

 ### Operon type: 23

	 A0A011VYP6	[258, 257, 256, 255, 254, 0, 253, 600, 0]

 ### Operon type: 24

	 A0A011QAS2	[0, 781, 780, 779, 778, 777, 776, 775, 774]
	 A0A011NEQ1	[0, 781, 780, 779, 778, 777, 776, 775, 774]

 ### Operon type: 25

	 A0A010JSI3	[766, 765, 764, 763, 762, 761, 760, 759, 0]
	 A0A013T0M4	[766, 765, 764, 763, 762, 761, 760, 759, 0]
	 A0A009RGL2	[766, 765, 764, 763, 762, 761, 760, 759, 298]
	 A0A009HDS5	[766, 765, 764, 763, 762, 761, 760, 759, 298]

 ### Operon type: 26

	 A0A009SNL0	[70, 69, 358, 87, 86, 85, 84, 83, 82]

 ### Operon type: 27

	 A0A009T1I8	[358, 87, 86, 85, 84, 83, 82, 0, 0]

 ### Operon type: 28

	 A0A011VW71	[0, 146, 145, 144, 143, 142, 141, 815, 140]
	 A0A011VUV0	[146, 145, 144, 143, 142, 141, 815, 140, 0]

 ### Operon type: 29

	 A0A011UG71	[135, 284, 134, 139, 138, 285, 137, 283, 136]

 ### Operon type: 30

	 A0A011V8Z7	[0, 0, 135, 284, 134, 139, 138, 285, 137]

 ### Operon type: 31

	 A0A011V8Y9	[139, 138, 285, 137, 283, 136, 0, 0, 0]

 ### Operon type: 32

	 A0A011U8C0	[0, 285, 284, 0, 440, 283, 0, 0, 0]

 ### Operon type: 33

	 A0A011QSF0	[0, 869, 868, 867, 866, 865, 864, 863, 0]
	 A0A011QBB5	[659, 869, 868, 867, 866, 865, 864, 863, 608]
	 A0A011Q0X6	[659, 869, 868, 867, 866, 865, 864, 863, 608]
	 A0A011Q1X8	[869, 0, 868, 867, 866, 865, 864, 863, 608]

 ### Operon type: 34

	 A0A011PG87	[659, 869, 868, 867, 866, 865, 864, 0, 0]

 ### Operon type: 35

	 A0A011PCT1	[856, 855, 854, 0, 0, 0, 0, 831, 0]

 ### Operon type: 36

	 A0A011QU35	[0, 0, 0, 0, 857, 0, 856, 855, 854]

 ### Operon type: 37

	 A0A011Q2B1	[860, 728, 857, 835, 854, 834, 833, 832, 831]

 ### Operon type: 38

	 A0A011RLN8	[859, 858, 857, 835, 854, 834, 833, 832, 831]

 ### Operon type: 39

	 A0A011P700	[0, 0, 862, 861, 860, 728, 857, 835, 854]

 ### Operon type: 40

	 A0A011QSI4	[0, 0, 862, 861, 860, 0, 859, 858, 857]

 ### Operon type: 41

	 A0A013T337	[676, 755, 545, 544, 543, 836, 542, 839, 541]
	 A0A013TH30	[676, 755, 545, 544, 543, 836, 542, 839, 541]
	 A0A013S981	[395, 676, 755, 545, 544, 543, 836, 542, 839]

 ### Operon type: 42

	 A0A010JY00	[395, 676, 755, 545, 289, 836, 542, 839, 541]

 ### Operon type: 43

	 A0A013TPV4	[490, 489, 488, 487, 486, 485, 809, 754, 484]
	 A0A009QQ47	[490, 489, 488, 487, 486, 485, 809, 754, 484]
	 A0A009MGJ1	[490, 489, 488, 487, 486, 485, 809, 754, 484]
	 A0A010IZE4	[490, 489, 488, 487, 486, 485, 809, 754, 484]
	 A0A009HL81	[490, 489, 488, 487, 486, 485, 809, 754, 484]
	 A0A009HR98	[490, 489, 488, 487, 486, 485, 809, 754, 484]
	 A0A009SZB5	[490, 489, 488, 487, 486, 485, 809, 754, 484]

 ### Operon type: 44

	 A0A009Z8F7	[489, 488, 485, 0, 486, 5, 5, 0, 47]

 ### Operon type: 45

	 A0A009HFU9	[110, 109, 108, 107, 106, 509, 105, 104, 0]
	 A0A009R016	[110, 109, 108, 107, 106, -1, 509, 105, 104]

 ### Operon type: 46

	 A0A011UJN3	[0, 431, 0, 0, 430, 429, 428, 427, 426]

 ### Operon type: 47

	 A0A011W213	[430, 429, 428, 427, 426, 714, 0, 0, 0]

 ### Operon type: 48

	 A0A011QUG8	[853, 852, 851, 850, 849, 848, 0, 847, 846]
	 A0A011QIT1	[853, 852, 851, 850, 849, 848, 847, 846, 795]

 ### Operon type: 49

	 A0A011NVE7	[711, 710, 709, 708, 707, 706, 705, 704, 703]
	 A0A011PP01	[711, 710, 709, 708, 707, 706, 705, 704, 703]

 ### Operon type: 50

	 A0A011N9N8	[783, 677, 691, 703, 704, 705, 706, 707, 708]
	 A0A011P2I4	[783, 677, 691, 703, 704, 705, 706, 707, 708]

 ### Operon type: 51

	 A0A011PIY7	[692, 0, 691, 703, 704, 705, 706, 0, 708]

 ### Operon type: 52

	 A0A011Q3J4	[0, 692, 691, 703, 704, 705, 706, 707, 0]

 ### Operon type: 53

	 A0A011MH88	[693, 692, 691, 703, 704, 705, 706, 707, 708]

 ### Operon type: 54

	 A0A013SPM5	[539, 538, 537, 536, 535, 534, 533, 532, 531]
	 A0A009QFZ7	[539, 538, 537, 536, 535, 534, 533, 532, 531]
	 A0A009MH71	[539, 538, 537, 536, 535, 534, 533, 532, 531]
	 A0A010IX62	[539, 538, 537, 536, 535, 534, 533, 532, 531]
	 A0A009HSL1	[539, 538, 537, 536, 535, 534, 533, 532, 531]
	 A0A009I6Z0	[539, 538, 537, 536, 535, 534, 533, 532, 531]
	 A0A009TK03	[539, 538, 537, 536, 535, 534, 533, 532, 531]

 ### Operon type: 55

	 A0A009ZIX8	[0, 6, 537, 536, 535, 25, 0, 531, 0]

 ### Operon type: 56

	 A0A013TPR7	[497, 496, 495, 494, 493, 492, 491, 725, 678]
	 A0A010JJN4	[497, 496, 495, 494, 493, 492, 491, 725, 678]
	 A0A009PMT3	[497, 496, 495, 494, 493, 492, 491, 725, 678]
	 A0A009NI48	[497, 496, 495, 494, 493, 492, 491, 725, -1]
	 A0A009HJJ5	[497, 496, 495, 494, 493, 492, 491, 725, 91]
	 A0A009SEP4	[497, 496, 495, 494, 493, 0, 492, 491, 0]
	 A0A009RMI1	[497, 496, 495, 494, 493, 492, 491, 725, 0]
	 A0A009I8I7	[497, 496, 495, 494, 493, 492, 491, 725, 91]
	 A0A009YG45	[0, 497, 496, 495, 493, 0, 492, 491, 725]

 ### Operon type: 57

	 A0A013TPQ9	[503, 502, 501, 500, 499, 754, 713, 498, 679]
	 A0A013S8F0	[503, 502, 501, 500, 499, 754, 713, 498, 679]
	 A0A009PMU2	[503, 502, 501, -1, 499, 754, 713, 498, 679]
	 A0A010IZH1	[-1, 502, 501, 500, 499, 754, 713, 498, 679]
	 A0A009HJM0	[503, 502, 501, 500, 499, 754, 713, 498, 679]
	 A0A009SZ84	[503, 502, 501, 500, 499, 754, 713, 498, 679]

 ### Operon type: 58

	 A0A009HUS9	[502, 501, 0, 500, 499, 207, -1, 208, 209]

 ### Operon type: 59

	 A0A009ISE1	[492, 491, 725, 209, 208, -1, 207, 499, 500]

 ### Operon type: 60

	 A0A009NPS1	[503, 502, 501, 500, 499, -1, 725, 491, 492]

 ### Operon type: 61

	 A0A013SB36	[394, 393, 392, 391, 390, 648, 647, 389, 388]
	 A0A009QSI3	[394, 393, 392, 391, 390, 648, 647, 389, -1]

 ### Operon type: 62

	 A0A010ITP2	[394, 393, 392, 391, 390, 648, 647, 0, 0]

 ### Operon type: 63

	 A0A009SII9	[-1, 393, 392, 391, 390, 648, 647, 90, 89]

 ### Operon type: 64

	 A0A009T0Q9	[390, 648, 647, 90, 89, 388, 693, 754, 88]

 ### Operon type: 65

	 A0A009YJF4	[0, 648, 647, 94, 93, 693, 754, 0, 88]

 ### Operon type: 66

	 A0A009GP96	[0, 103, 754, 746, 288, 102, 509, 101, 100]

 ### Operon type: 67

	 A0A009GSR4	[746, 288, 102, 509, 101, 100, 100, 99, 0]

 ### Operon type: 68

	 A0A009IIT6	[103, 754, 746, 288, 101, 100, 100, 99, 0]

 ### Operon type: 69

	 A0A011SQL0	[740, 442, -1, 441, 440, 439, 438, 437, 436]
	 A0A011UZ49	[442, -1, 441, 440, 439, 438, 437, 436, 0]

 ### Operon type: 70

	 A0A009PT82	[677, 610, 191, 190, 212, 211, 210, 189, 188]
	 A0A009SIF9	[677, 610, 191, 190, 212, 211, 210, 189, 188]

 ### Operon type: 71

	 A0A009IS10	[213, 0, 0, 0, 212, 211, 210, 0, 0]

 ### Operon type: 72

	 A0A009QHW5	[0, 0, 0, 378, 212, 211, 210, 0, 156]

 ### Operon type: 73

	 A0A011UVB4	[0, 0, 0, 127, 0, 0, 213, 0, 140]

 ### Operon type: 74

	 A0A011V107	[344, -1, 418, 416, 419, 415, 343, 342, 0]
	 A0A011U7M7	[0, 344, -1, 418, 416, 419, 415, 343, 342]

 ### Operon type: 75

	 A0A011TLH0	[420, 419, 418, 417, 416, 415, 0, 0, 0]

 ### Operon type: 76

	 A0A011UG87	[566, 567, 568, 420, 419, 418, 417, 416, 415]

 ### Operon type: 77

	 A0A011TLH7	[568, 567, 566, 0, 0, 0, 0, 0, 0]

 ### Operon type: 78

	 A0A011TWN2	[565, 564, 563, 562, 561, 560, 559, 0, 0]
	 A0A011TAF9	[0, 0, 565, 564, 563, 562, 561, 560, 559]

 ### Operon type: 79

	 A0A011Q5V7	[790, 0, 0, 0, 830, 829, 828, 827, 826]

 ### Operon type: 80

	 A0A011RM25	[830, 829, 828, 827, 826, 844, 0, 825, 0]

 ### Operon type: 81

	 A0A011QDV3	[615, 614, 613, 713, 612, 611, 610, 0, 609]
	 A0A011QIE8	[615, 614, 613, 713, 612, 611, 609, 0, 0]

 ### Operon type: 82

	 A0A011QAB0	[787, 786, 785, 0, 784, 783, 814, 782, 0]
	 A0A011PL71	[582, 787, 786, 785, 784, 783, 814, 782, 0]

 ### Operon type: 83

	 A0A011Q6N5	[800, 799, 798, 0, 0, 0, 789, 788, 789]

 ### Operon type: 84

	 A0A011SGD5	[0, 0, 0, 0, 0, 0, 800, 799, 798]

 ### Operon type: 85

	 A0A011NYU6	[606, 605, 0, 604, 630, 27, 26, 0, 603]

 ### Operon type: 86

	 A0A011PYI6	[606, 605, 0, 604, 630, 603, 753, 802, 0]

 ### Operon type: 87

	 A0A011P1C0	[0, 0, 27, 26, 603, 0, 0, 0, 0]

 ### Operon type: 88

	 A0A011N4G4	[0, 0, 637, 636, 635, 634, 635, 633, 632]
	 A0A011PKU5	[637, 636, 635, 634, 635, 633, 632, 0, 0]

 ### Operon type: 89

	 A0A010ZWJ8	[21, 20, 19, 631, 18, 722, 553, 722, 17]

 ### Operon type: 90

	 A0A011AHW1	[18, 631, 19, 20, 21, 0, 0, 22, 0]

 ### Operon type: 91

	 A0A011AHU9	[553, 722, 17, 0, 0, 0, 0, 9, 693]

 ### Operon type: 92

	 A0A010ZX98	[16, 15, 14, 13, 12, 11, 713, 713, 0]

 ### Operon type: 93

	 A0A011AIL7	[12, 13, 14, 15, 16, 0, 0, 0, 0]

 ### Operon type: 94

	 A0A010YF95	[791, 38, 847, 37, 36, 36, 35, 432, 34]

 ### Operon type: 95

	 A0A010ZJQ6	[38, 847, 37, 36, 36, 35, 432, 34, 0]

 ### Operon type: 96

	 A0A009GXL8	[97, 96, 95, 94, 93, 295, 149, 155, 154]

 ### Operon type: 97

	 A0A010JIW7	[97, 96, 95, 94, 93, 0, 0, 149, 155]

 ### Operon type: 98

	 A0A011QNA5	[0, 595, 594, 593, 0, 592, 591, 590, 589]
	 A0A009ZLJ7	[589, 590, 591, 592, 0, 0, 595, 594, 593]

 ### Operon type: 99

	 A0A013T0T6	[592, 591, 590, 589, 550, 549, 548, 547, 546]
	 A0A009PE10	[592, 591, 590, 589, 550, 239, 548, 547, -1]
	 A0A009QMH5	[592, 591, 590, 589, 550, 549, 548, 547, 546]
	 A0A009ISY0	[592, 591, 590, 589, 550, 239, 548, 547, 546]
	 A0A009HAX1	[592, 591, 590, 589, 550, 549, 548, 547, 546]
	 A0A009RMD0	[592, 591, 590, 589, 550, 239, 548, 547, 546]

 ### Operon type: 100

	 A0A010ILW6	[592, 591, 590, 589, 550, 549, 0, 0, 547]

 ### Operon type: 101

	 A0A009Z9X7	[591, 590, 589, 0, 550, 0, 843, 0, 547]

 ### Operon type: 102

	 A0A013S8V2	[398, 397, 0, 0, 0, 396, 0, 0, 0]
	 A0A009R8E1	[0, 64, 0, 398, 397, 0, 0, 396, 0]

 ### Operon type: 103

	 A0A009ICH6	[468, 181, 180, 179, 289, 61, 60, 59, 839]
	 A0A009ZFR5	[468, 181, 180, 179, 289, 61, 60, 59, 839]

 ### Operon type: 104

	 A0A009NQA1	[468, 181, 180, 179, 178, 177, 545, 839, 836]
	 A0A009RR21	[468, 181, 180, 179, 178, 177, 545, 839, 836]

 ### Operon type: 105

	 A0A009HTN9	[468, 181, 180, 179, 178, 177, 112, 768, 111]
	 A0A009T3J5	[468, 181, 180, 179, 178, 177, 112, 768, 111]

 ### Operon type: 106

	 A0A009Q0U9	[468, 181, 180, 179, 178, 177, -1, -1, 0]

 ### Operon type: 107

	 A0A009QEG7	[267, 266, 265, 264, 263, 262, 261, 260, 259]
	 A0A009IPC3	[267, 266, 265, 264, 263, 262, 261, 260, 259]

 ### Operon type: 108

	 A0A009I573	[126, 0, 170, 171, 0, 172, 263, 264, 265]

 ### Operon type: 109

	 A0A009ILP9	[260, 0, 265, 264, 263, 172, 259, 171, 170]

 ### Operon type: 110

	 A0A009I953	[260, 0, 265, 264, 263, 172, 259, 0, -1]

 ### Operon type: 111

	 A0A009SX74	[657, 741, 0, 171, 259, 260, 266, 267, 73]

 ### Operon type: 112

	 A0A010IPH1	[369, 479, 675, 368, 367, 366, 365, 364, 434]
	 A0A009MMG9	[369, 479, 675, 368, 367, 366, 365, 364, 434]
	 A0A009QVK8	[369, 479, 675, 368, 367, 366, 365, 364, 434]
	 A0A009ICP5	[369, 479, 675, 368, 367, 366, 365, 364, 434]

 ### Operon type: 113

	 A0A009SIV4	[131, 130, 129, 128, 367, 366, 365, 364, 434]
	 A0A009HTW0	[131, 130, 129, 128, 367, 366, 365, 364, 434]
	 A0A009QLL2	[131, 130, 129, 128, 367, 366, 365, 364, 434]
	 A0A013TSJ4	[130, 129, 0, 128, 367, 366, 365, 364, 434]

 ### Operon type: 114

	 A0A013TCN9	[524, 523, 522, 521, 520, 519, 518, 754, 713]
	 A0A009QNC9	[524, 523, 522, 521, 520, 519, 518, 754, 713]
	 A0A010ITG1	[524, 523, 522, 521, 520, 519, 518, 754, 713]
	 A0A009NIJ3	[524, 523, 522, 521, 520, 519, 518, 754, 713]
	 A0A013TRC1	[524, 523, 522, 521, 520, 519, 518, 754, 713]

 ### Operon type: 115

	 A0A009H935	[0, 0, 522, 521, 520, 519, 518, 754, 713]

 ### Operon type: 116

	 A0A009IMX3	[407, 406, 405, 404, 403, 167, 167, 802, 166]
	 A0A009QEX0	[407, 406, 405, 404, 403, 167, 167, 802, 166]
	 A0A009SF48	[407, 406, 405, 404, 403, -1, 167, 802, 166]

 ### Operon type: 117

	 A0A013S7V1	[407, 406, 405, 404, 403, 402, 468, 401, 400]
	 A0A010ISX2	[407, 406, 405, 404, 403, 402, 468, 401, 400]
	 A0A009RES7	[407, 406, 405, 404, 403, 402, 468, 401, 400]
	 A0A009MR00	[407, 406, 405, 404, 403, 402, 468, 401, 400]

 ### Operon type: 118

	 A0A009YTT3	[3, 106, 405, 404, 403, 402, 468, 401, 400]

 ### Operon type: 119

	 A0A009GYP9	[0, 0, 0, 404, 403, 402, 468, 401, 400]

 ### Operon type: 120

	 A0A009ZZC8	[-1, 69, 70, 3, 106, 405, 404, 403, 402]

 ### Operon type: 121

	 A0A011WSE5	[322, 321, 320, 319, 318, 317, 316, 315, 354]
	 A0A011UGX8	[148, 322, 321, 320, 319, 318, 317, 316, 315]

 ### Operon type: 122

	 A0A011VZG0	[353, 0, 148, 322, 321, 320, 319, 318, 317]

 ### Operon type: 123

	 A0A009PJF7	[225, 224, 224, 223, 222, 221, 220, 219, 218]
	 A0A009SJZ7	[127, 225, 224, 223, 222, 221, 220, 219, 218]

 ### Operon type: 124

	 A0A009Z5G0	[221, 223, 224, 0, 445, 225, 127, 459]

 ### Operon type: 125

	 A0A010JJC1	[796, 385, 384, 383, 382, 381, 380, 386, 379]
	 A0A010IZ41	[385, 384, 383, 382, 381, 380, 386, 379, 475]

 ### Operon type: 126

	 A0A009QJL6	[796, 385, 384, 383, 0, 379, 475, 153, 0]

 ### Operon type: 127

	 A0A013TB41	[483, -1, 482, 481, 480, 677, 479, 738, 478]
	 A0A013SGL3	[483, 387, 482, 481, 480, 677, 479, 738, 478]
	 A0A010KAV2	[483, 387, 482, 481, 480, 677, 479, 738, 478]
	 A0A009PG53	[483, 387, 482, 481, 480, 677, 479, 738, 478]
	 A0A009NE81	[483, 387, 482, 481, 480, 677, 479, 738, 478]
	 A0A009I5Z6	[483, 387, 482, 481, 480, 677, 479, 738, 478]
	 A0A009RQH3	[483, 387, 482, 481, 480, 677, 479, 738, 478]
	 A0A009SHB3	[483, 387, 482, 481, 480, 677, 479, 738, 478]

 ### Operon type: 128

	 A0A009H3X4	[483, 387, 482, 481, 480, 677, -1, 756, -1]

 ### Operon type: 129

	 A0A009PIB4	[0, 0, 0, 187, 186, 185, 509, 754, 783]
	 A0A009SLR5	[0, 0, 0, 187, 186, 185, 509, 754, 783]

 ### Operon type: 130

	 A0A009HSU4	[0, 0, 643, 754, 0, 677, 738, 783, 509]

 ### Operon type: 131

	 A0A009I463	[810, 72, 71, 463, 463, 357, 356, 355, 176]
	 A0A009PAG1	[810, 72, 71, 463, 463, 357, 356, 355, 176]

 ### Operon type: 132

	 A0A013SKX6	[0, 0, 810, 0, 463, 463, 357, 356, 355]

 ### Operon type: 133

	 A0A011Q5S3	[795, 794, 0, 0, 0, 0, 793, 792, 791]

 ### Operon type: 134

	 A0A011UZZ4	[0, 793, 792, 0, 0, 0, 349, 349, 791]

 ### Operon type: 135

	 A0A011UTJ0	[0, 0, 0, 120, 119, 118, 731, 117, 116]

 ### Operon type: 136

	 A0A011VMV7	[120, 119, 118, 731, 117, 116, 330, 329, 328]

 ### Operon type: 137

	 A0A011NYT4	[752, 727, 726, 725, 0, 649, 649, 648, 647]

 ### Operon type: 138

	 A0A011P8E9	[0, 0, 752, 727, 0, 726, 725, 0, 0]

 ### Operon type: 139

	 A0A010TF34	[0, -1, 0, 0, 53, 52, 51, 50, 49]
	 A0A010SYH9	[53, 52, 51, 50, 49, 0, 0, 0, 0]

 ### Operon type: 140

	 A0A010S7A1	[79, 78, 77, 76, 0, 75, 0, 0, 0]
	 A0A010TFJ4	[0, -1, 0, 79, 78, 77, 76, -1, 75]

 ### Operon type: 141

	 A0A009PAV9	[247, -1, 675, 246, 463, 509, 245, 244, 243]
	 A0A009HJC2	[247, 713, 675, 246, 463, 509, 245, 244, 243]

 ### Operon type: 142

	 A0A009SE02	[0, 243, 0, 0, 0, 244, 245, 509, 463]

 ### Operon type: 143

	 A0A009HS41	[738, 468, 717, 363, 232, 754, 754, 449, 361]
	 A0A009SYU8	[738, 468, 717, 363, 232, 754, 754, 449, 361]
	 A0A009RSB7	[738, 468, 717, 363, 232, 754, 754, 449, 361]

 ### Operon type: 144

	 A0A010IT25	[738, 468, 717, 363, 362, 754, 754, 449, 361]
	 A0A013SHA9	[738, 468, 717, 363, 362, 754, 754, 449, 361]
	 A0A009I466	[738, 468, 717, 363, 362, 754, 754, 449, 361]

 ### Operon type: 145

	 A0A009NMQ9	[738, 468, 717, 363, 362, 0, 754, 754, 449]

 ### Operon type: 146

	 A0A009P8A9	[0, 0, 717, 363, 232, 754, 754, 449, 361]

 ### Operon type: 147

	 A0A009ITT8	[206, 205, 204, 304, 303, 203, 302, 301, 300]
	 A0A009NJ90	[206, 205, 204, 304, 303, 173, 203, 302, 301]

 ### Operon type: 148

	 A0A009NCH6	[201, 302, 301, 300, 200, 199, 198, 151, 150]
	 A0A009IJ01	[302, 301, 300, 299, 200, 199, 198, 151, 150]

 ### Operon type: 149

	 A0A009RQL5	[302, 301, 300, 65, 200, 199, 198, 151, 0]

 ### Operon type: 150

	 A0A009MGQ8	[303, 0, 201, 302, 301, 300, 200, 199, 198]

 ### Operon type: 151

	 A0A009IJ07	[307, 306, 305, 304, 303, 302, 301, 300, 299]
	 A0A009S6G1	[307, 306, 305, 304, 303, 302, 301, 300, 200]
	 A0A009RHH7	[307, 306, 305, 304, 303, 173, 302, 301, 300]

 ### Operon type: 152

	 A0A009HZK2	[305, 304, 303, 302, 301, 300, 299, 200, 199]

 ### Operon type: 153

	 A0A009R4N4	[304, 303, 173, 302, 301, 300, 65, 200, 199]

 ### Operon type: 154

	 A0A009S5A5	[303, 173, 203, 302, 301, 300, 299, 92, 200]

 ### Operon type: 155

	 A0A009RHH9	[0, 0, 0, 0, 327, 307, 306, 305, 304]

 ### Operon type: 156

	 A0A011PGU1	[0, 0, 656, 655, 654, 653, 652, 651, 650]
	 A0A011MDH1	[645, 0, 656, 655, 654, 653, 652, 651, 650]

 ### Operon type: 157

	 A0A011V0P4	[579, 348, 0, 0, 347, 0, 0, 346, 345]

 ### Operon type: 158

	 A0A011WPV7	[346, 345, 0, 0, 0, 0, 0, 0, 0]

 ### Operon type: 159

	 A0A011UDF3	[655, 281, 0, 0, 0, 558, 280, 279, 873]

 ### Operon type: 160

	 A0A011VSC9	[280, 279, 873, 0, 0, 0, 0, 0, 0]

 ### Operon type: 161

	 A0A011SF89	[807, 806, 805, 0, 0, 0, 0, 0, 0]

 ### Operon type: 162

	 A0A011UCX7	[0, 787, 807, 806, 0, 805, 282, 0, 0]

 ### Operon type: 163

	 A0A011RNP9	[0, 0, 0, 0, 0, 815, 814, 0, 0]

 ### Operon type: 164

	 A0A011V0B5	[810, 0, 0, 0, 0, 0, 815, 0, 0]

 ### Operon type: 165

	 A0A011RQC9	[0, 810, 809, 0, 0, 0, 0, 808, 0]

 ### Operon type: 166

	 A0A011QG28	[588, 587, 655, 0, 654, 653, 723, 586, 724]
	 A0A011RIM8	[588, 587, 0, 0, 654, 653, 723, 586, 724]

 ### Operon type: 167

	 A0A011PHI6	[745, 0, 744, 0, 0, 743, 850, 742, 0]

 ### Operon type: 168

	 A0A011QI68	[0, 0, 744, 743, 0, 0, 0, 0, 0]

 ### Operon type: 169

	 A0A011NVJ6	[702, 772, 771, 770, 769, 768, 0, 0, 701]

 ### Operon type: 170

	 A0A011PVP2	[0, 772, 771, 770, 769, 768, 0, 0, 767]

 ### Operon type: 171

	 A0A011NXY7	[0, 0, 771, 0, 769, 0, 0, 0, 0]

 ### Operon type: 172

	 A0A011QR69	[841, 840, 839, 838, 837, 836, 0, 0, 0]
	 A0A011NUB4	[841, 840, 839, 838, 837, 836, 0, 714, 0]

 ### Operon type: 173

	 A0A011NN36	[840, 839, 0, 0, 837, 836, 0, 0, 0]

 ### Operon type: 174

	 A0A011PK69	[839, 585, 0, 0, 837, 836, 0, 0, 0]

 ### Operon type: 175

	 A0A011RMI6	[824, 823, 822, 821, 820, 819, 818, 817, 816]
	 A0A011NYD6	[824, 823, 822, 821, 820, 819, 818, 817, 816]

 ### Operon type: 176

	 A0A011QB28	[773, 824, 823, 0, 0, 819, 818, 817, 816]

 ### Operon type: 177

	 A0A011NF33	[0, 819, 818, 0, 0, 0, 0, 0, 0]

 ### Operon type: 178

	 A0A011NBY4	[672, 0, 0, 671, 0, 0, 670, 0, 0]

 ### Operon type: 179

	 A0A011WRT0	[672, 0, 0, 0, 0, 0, 0, 802, 0]

 ### Operon type: 180

	 A0A011SHV5	[0, 0, 0, 0, 0, 797, 802, 796, 0]

 ### Operon type: 181

	 A0A011NB95	[0, 845, 0, 0, 0, 0, 675, 674, 673]

 ### Operon type: 182

	 A0A011UHT4	[153, 147, 674, 0, 0, 55, 55, 673, 0]

 ### Operon type: 183

	 A0A010Z1W7	[0, 0, 0, 0, 0, 160, 0, 570, 571]

 ### Operon type: 184

	 A0A011VY84	[0, 0, 571, 570, 0, 0, 0, 0, 0]

 ### Operon type: 185

	 A0A010YW85	[0, 0, 0, 0, 0, 350, 0, 570, 571]

 ### Operon type: 186

	 A0A010ZMA0	[570, 680, 0, 0, 0, 0, 0, 0, 0]

 ### Operon type: 187

	 A0A011N5L2	[0, 0, 0, 680, 0, 679, 678, 0, 0]

 ### Operon type: 188

	 A0A009MJ75	[0, 0, 176, 175, 174, 0, 0, 0, 746]

 ### Operon type: 189

	 A0A010IH51	[0, 434, 0, 0, 174, 0, 746, 0, 0]

 ### Operon type: 190

	 A0A011TYT7	[0, 0, 0, 0, 0, 0, 434, 433, 433]

 ### Operon type: 191

	 A0A010RRR9	[0, 0, 0, 0, 748, 0, 0, 747, 746]

 ### Operon type: 192

	 A0A010SIA7	[0, 0, 747, 76, 0, 0, 0, 0, 0]

 ### Operon type: 193

	 A0A010RFQ9	[0, 0, 758, 0, 757, 0, 0, 0, 0]

 ### Operon type: 194

	 A0A010SPR9	[41, 41, 0, 0, 0, 757, 0, 0, 0]

 ### Operon type: 195

	 A0A009LNU8	[308, 310, 438, 311, 0, 202, 0, 509, 0]

 ### Operon type: 196

	 A0A013SRG6	[312, 311, 438, 310, 0, 309, 0, 308, 684]

 ### Operon type: 197

	 A0A009IQU8	[0, 310, 0, 0, 0, 309, 684, 0, 0]

 ### Operon type: 198

	 A0A010K2K8	[438, 311, 312, 0, 0, 0, 0, -1, 509]

 ### Operon type: 199

	 A0A011NPR8	[0, 684, 0, 0, 0, 0, 683, 0, 0]

 ### Operon type: 200

	 A0A010SEA2	[794, 683, 74, 0, 0, 0, 0, 0, 0]

 ### Operon type: 201

	 A0A010IGH8	[0, 0, 0, 0, 0, 0, 0, 448, 449]

 ### Operon type: 202

	 A0A010STD3	[0, 0, 0, 557, 556, 555, 0, 449, 448]

 ### Operon type: 203

	 A0A010SQJ5	[399, 368, 0, 557, 556, 555, 0, 0, 0]

 ### Operon type: 204

	 A0A013RVV2	[524, 0, 451, 450, 0, 0, 449, 448, 0]

 ### Operon type: 205

	 A0A011TD67	[558, 0, 0, 557, 556, 555, 554, 0, 553]

 ### Operon type: 206

	 A0A009ZC12	[0, 0, 0, 557, 0, 555, 554, 4, 871]

 ### Operon type: 207

	 A0A009YSC7	[0, 0, 670, 1, 0, 1, 451, 450, 0]

 ### Operon type: 208

	 A0A009ZJK4	[0, 0, 0, 0, 0, 0, 468, 45, 0]

 ### Operon type: 209

	 A0A010SVN1	[-1, 45, 754, 269, 421, 0, 0, 468, 0]

 ### Operon type: 210

	 A0A009PFK7	[238, 237, 236, 235, 234, 0, 0, 233, 0]
	 A0A009QGN4	[238, 237, 236, 235, 234, 233, 0, 0, 0]

 ### Operon type: 211

	 A0A009YR20	[0, 233, 0, 0, 0, 0, 237, 0, 0]

 ### Operon type: 212

	 A0A009SCM5	[68, 67, 66, 0, 0, 0, 0, 0, 0]

 ### Operon type: 213

	 A0A009TJ77	[73, 152, 0, 0, 0, 0, 68, 67, 66]

 ### Operon type: 214

	 A0A009HZV2	[0, 0, 0, 0, 217, 216, 173, 0, 0]

 ### Operon type: 215

	 A0A009QPE7	[0, 0, 0, 0, 217, 216, 0, 0, 0]

 ### Operon type: 216

	 A0A009MGR3	[0, 0, 277, 0, 540, 92, 107, 276, 275]

 ### Operon type: 217

	 A0A009Q4G0	[0, 278, 277, 0, 540, 0, 276, 275, 276]

 ### Operon type: 218

	 A0A009PB53	[0, 0, 242, 241, 540, 276, 275, 276, 240]

 ### Operon type: 219

	 A0A009PUJ8	[0, 242, 241, 540, 0, 240, 149, 155, 154]

 ### Operon type: 220

	 A0A009QQC0	[215, 0, 214, 754, 359, 359, 270, 498, 269]
	 A0A009H7I0	[215, 0, 0, 754, 359, 359, 270, 498, 269]

 ### Operon type: 221

	 A0A009MVG4	[214, 0, 360, 754, 359, 359, 270, 498, 269]

 ### Operon type: 222

	 A0A009QA91	[272, 271, 738, 754, 359, 359, 270, 498, 269]
	 A0A010J377	[272, 271, 738, 754, 359, 359, 270, 498, 269]

 ### Operon type: 223

	 A0A009S1X4	[272, 271, 738, 754, 359, 359, 754, 0, 227]

 ### Operon type: 224

	 A0A013SHF4	[0, 0, 360, 754, 359, 359, 0, 358, 0]

 ### Operon type: 225

	 A0A011N3C3	[0, 0, 0, 643, 642, 641, 640, 639, 638]
	 A0A011PJK8	[643, 642, 641, 640, 639, 638, 0, 0, 0]

 ### Operon type: 226

	 A0A011WKI4	[0, 0, 0, 0, 0, 687, 250, 249, 252]
	 A0A011UWH1	[687, 250, 249, 252, 0, 0, 0, 0, 0]

 ### Operon type: 227

	 A0A010YKP2	[0, 0, 0, 0, 0, 0, 701, 341, 0]

 ### Operon type: 228

	 A0A011V1A2	[348, 0, 0, 341, 0, 0, 0, 0, 0]

 ### Operon type: 229

	 A0A011NGS0	[0, 0, 0, 0, 685, 719, 0, 0, 0]

 ### Operon type: 230

	 A0A011PW61	[0, 0, 0, 0, 685, 719, 0, 0, 607]

 ### Operon type: 231

	 A0A011UXI1	[0, 583, 0, 0, 685, 719, 552, 0, 0]

 ### Operon type: 232

	 A0A011SWI9	[-1, -1, 0, 745, 685, 719, 552, -1, -1]

 ### Operon type: 233

	 A0A011P952	[719, 0, 718, 0, 0, 718, 0, 0, 0]

 ### Operon type: 234

	 A0A011QVV5	[0, 0, 646, 742, 716, 715, 716, 767, 645]
	 A0A011Q1B3	[646, 742, 716, 715, 716, 767, 645, 0, 0]

 ### Operon type: 235

	 A0A011NSG8	[0, 0, 0, 742, 716, 715, 0, 716, 0]

 ### Operon type: 236

	 A0A011P0X4	[0, 0, 645, 0, 716, 0, 0, 715, 64]

 ### Operon type: 237

	 A0A010YNY9	[0, 0, 161, 28, 0, 0, 0, 0, 62]

 ### Operon type: 238

	 A0A011AC71	[227, 0, 0, 424, 0, 161, 28, 0, 738]

 ### Operon type: 239

	 A0A011PRW6	[626, 0, 0, 0, 625, 823, 822, 0, 0]
	 A0A011QLX0	[0, 626, 0, 0, 625, 0, 823, 822, 0]

 ### Operon type: 240

	 A0A010SML6	[0, 823, 822, -1, 0, 741, 0, 0, 0]

 ### Operon type: 241

	 A0A010RS09	[0, 0, 0, 0, 50, 0, 756, 756, 0]

 ### Operon type: 242

	 A0A010RTE7	[0, 0, 0, 0, 0, 0, 50, 152, 0]

 ### Operon type: 243

	 A0A009P817	[274, 0, 0, 0, 184, 0, 352, 183, 182]

 ### Operon type: 244

	 A0A009TIY0	[0, 0, 0, 0, 184, 0, 352, 183, 0]

 ### Operon type: 245

	 A0A009QKA3	[352, 183, 0, 182, 0, 0, 0, 0, 238]

 ### Operon type: 246

	 A0A009HSR2	[0, 125, 124, 0, 123, 194, 195, 173, 196]

 ### Operon type: 247

	 A0A009SWM1	[0, 125, 124, 0, 123, 0, 0, 195, 0]

 ### Operon type: 248

	 A0A009MYX0	[197, 196, 0, 643, 0, 0, 195, 194, 193]

 ### Operon type: 249

	 A0A009QK79	[0, 0, 193, 194, 0, 195, 0, 0, 196]

 ### Operon type: 250

	 A0A009GXJ1	[340, 339, 194, 195, 98, 173, 196, 197, 0]

 ### Operon type: 251

	 A0A013TKW8	[0, 661, 0, 509, 508, 507, 506, 505, 504]
	 A0A010IT95	[0, 0, 0, 509, 508, 507, 506, 505, 504]
	 A0A009QT77	[0, 0, -1, 509, 508, 507, 506, 505, 504]
	 A0A009PRQ9	[0, 509, 192, 0, 508, 507, 506, 505, 504]
	 A0A009MH36	[0, 0, 0, 509, 508, 507, 506, 505, 504]
	 A0A009GWD0	[173, 0, 0, 509, 508, 507, 506, 505, 504]
	 A0A009I5G9	[0, 0, 509, 192, 508, 507, 506, 505, 504]
	 A0A009S0T6	[0, 0, 509, 192, 508, 507, 506, 505, 504]

 ### Operon type: 252

	 A0A013TMJ7	[713, -1, 0, 509, 508, 505, 504, 0, 0]

 ### Operon type: 253

	 A0A011VXC2	[-1, 578, 0, 628, 577, 576, 575, 574, 573]
	 A0A011V392	[578, 0, 628, 577, 576, 575, 0, 574, 573]

 ### Operon type: 254

	 A0A011V490	[353, 460, 0, 573, 574, 575, 576, 577, 628]

 ### Operon type: 255

	 A0A011VZF5	[0, 0, 577, 576, 575, 787, 460, 787, 0]

 ### Operon type: 256

	 A0A011WLE7	[0, 0, 0, 0, 0, 248, 0, 0, 0]
	 A0A011VU44	[0, 0, 0, 0, 0, 248, 0, 0, 0]

 ### Operon type: 257

	 A0A011VAP2	[0, 0, 132, 0, 0, 0, 0, 0, 325]

 ### Operon type: 258

	 A0A011VRJ8	[0, 0, 0, 0, 0, 0, 132, 0, 0]

 ### Operon type: 259

	 A0A011RNU1	[0, 0, 0, 0, 0, 0, 813, 813, 812]

 ### Operon type: 260

	 A0A011VKJ9	[0, 0, 0, 0, 0, 0, 812, 813, -1]

 ### Operon type: 261

	 A0A011PQZ7	[0, 0, 0, 631, 630, 0, 629, 0, 0]

 ### Operon type: 262

	 A0A011TUX4	[0, 0, 0, 0, 630, 0, 0, 629, 0]

 ### Operon type: 263

	 A0A011STZ9	[0, 0, 0, 629, 0, 0, 0, 0, 0]

 ### Operon type: 264

	 A0A011PRF5	[627, 0, 0, 0, 0, 0, 0, 0, 0]
	 A0A011PUJ9	[0, 0, 0, 0, 0, 0, 0, 0, 627]

 ### Operon type: 265

	 A0A011PFY8	[0, 0, 0, 0, 0, 0, 0, 0, 660]

 ### Operon type: 266

	 A0A011PNS3	[842, 660, 0, 0, 0, 0, 0, 0, 0]

 ### Operon type: 267

	 A0A011T648	[0, 660, 0, 0, 0, 0, 0, 839, 0]

 ### Operon type: 268

	 A0A010YYJ5	[0, 0, 0, 787, 0, 0, 0, 48, 48]

 ### Operon type: 269

	 A0A011NDM5	[787, 0, 0, 0, 0, 0, 0, 0, 0]

 ### Operon type: 270

	 A0A011MSR2	[0, 0, 0, 644, 0, 0, 0, 787, 787]

 ### Operon type: 271

	 A0A011WSU6	[0, 787, 0, 0, 574, 0, 0, 0, 0]

 ### Operon type: 272

	 A0A011U3C2	[0, 0, 723, 0, 0, 0, 0, 0, 0]
	 A0A011AEN3	[0, 0, 0, 0, 0, 0, 723, 0, 0]

 ### Operon type: 273

	 A0A011AAZ2	[0, 63, 0, 0, 0, 723, 723, 723, 0]

 ### Operon type: 274

	 A0A011T698	[0, 0, 0, 0, 0, 738, 723, 0, 0]

 ### Operon type: 275

	 A0A010YRE8	[0, 0, 0, 0, 0, 0, 0, 11, 0]

 ### Operon type: 276

	 A0A011AF05	[0, 0, 227, 11, 0, 0, 0, 0, 0]

 ### Operon type: 277

	 A0A009ZG48	[0, 0, 0, 661, 0, 0, 0, 0, 0]

 ### Operon type: 278

	 A0A011PEJ8	[0, 0, 662, 661, 0, 0, 0, 0, 0]

 ### Operon type: 279

	 A0A011QNJ7	[689, 0, 0, 661, 0, 0, 0, 689, 0]

 ### Operon type: 280

	 A0A011MMJ4	[0, 0, 0, 0, 0, 0, 0, 689, 0]

 ### Operon type: 281

	 A0A011R8M3	[0, 0, 662, 661, 0, 551, 0, 689, 0]

 ### Operon type: 282

	 A0A009ZC82	[0, 0, 740, 0, 0, 0, 0, 0, 0]

 ### Operon type: 283

	 A0A011P3F6	[741, 0, 0, 740, 0, 0, 0, 0, 0]

 ### Operon type: 284

	 A0A009IG48	[0, 0, 0, 169, 168, 0, 0, 0, 741]

 ### Operon type: 285

	 A0A009IMQ0	[0, 0, 0, 169, 168, 0, 0, 0, 0]

 ### Operon type: 286

	 A0A009SWV1	[0, 0, 0, 0, 0, 0, 0, 169, 0]

 ### Operon type: 287

	 A0A009Q512	[0, 0, 0, 0, 273, 0, 0, 0, 0]
	 A0A009PMZ9	[273, 0, 0, 0, 0, 0, 0, 0, 0]

 ### Operon type: 288

	 A0A009IFL2	[0, 58, 0, 57, -1, 0, 0, 0]

 ### Operon type: 289

	 A0A009ZDS1	[-1, -1, 0, 58, 0, 0, 385, 0, 0]

 ### Operon type: 290

	 A0A010SNM6	[163, 162, -1, 0, 0, 0, 713, 0, 0]

 ### Operon type: 291

	 A0A010T5D8	[162, 163, 0, -1, 0, -1, 475, 0, 0]

 ### Operon type: 292

	 A0A011UB51	[569, 0, 0, 0, 0, 0, 0, 0, 0]
	 A0A011UFH1	[0, 0, 0, 0, 0, 569, 0, 0, 0]

 ### Operon type: 293

	 A0A011V965	[0, -1, -1, 0, 133, 0, -1, -1, 0]
	 A0A011VHP2	[0, -1, -1, -1, 133, 0, 0, 0, 0]

 ### Operon type: 294

	 A0A010RVD0	[-1, 0, 0, -1, 0, 863, 863, 0, 42]

 ### Operon type: 295

	 A0A010T7Q5	[0, 42, 0, 0, 0, 0, -1, 0, 0]

 ### Operon type: 296

	 A0A010SJH7	[0, 0, 713, -1, 0, 0, 270, 0, 0]

 ### Operon type: 297

	 A0A010SRR2	[0, 0, -1, 0, 0, 0, 0, 0, 713]

 ### Operon type: 298

	 A0A010RKP8	[0, 0, 0, 0, 0, 0, -1, 0, 0]
	 A0A010TF14	[-1, 0, 0, 0, 0, 0, 0, 0, 0]
	 A0A010RY47	[-1, 0, -1, 0, 0, 0, 0, 0, 0]
	 A0A009HJU6	[0, 0, 0, 0, 0, 0, 0, 0, -1]
	 A0A011UZ32	[0, 0, 0, 0, 0, -1, 0, 0, 0]

 ### Operon type: 299

	 A0A010SJF9	[0, 0, 0, 0, 0, -1, 0, 164, -1]

 ### Operon type: 300

	 A0A011ML54	[0, 0, 0, 690, 0, 0, 0, 0, -1]

 ### Operon type: 301

	 A0A011NHY1	[0, 0, 0, 0, 0, 713, 0, 0, 0]

 ### Operon type: 302

	 A0A010Z171	[0, 0, 0, 0, 0, 0, 713, 0, 643]

 ### Operon type: 303

	 A0A011T697	[713, 0, 0, 0, 0, 0, 0, 0, 352]

 ### Operon type: 304

	 A0A011TDD1	[0, 422, 713, 0, 0, 0, 0, 0, 0]

 ### Operon type: 305

	 A0A011VW24	[0, 0, 844, 0, 0, 0, 0, 0, -1]

 ### Operon type: 306

	 A0A011T8V3	[0, 0, 844, 0, 0, 0, 0, 0, 0]

 ### Operon type: 307

	 A0A010TH98	[607, 0, 0, 844, 0, 0, 0, 0, 0]

 ### Operon type: 308

	 A0A011QVR3	[0, 0, 0, 0, 0, 0, 0, 845, 844]

 ### Operon type: 309

	 A0A011VYF1	[844, 0, 0, 0, 0, 0, 569, 0, 0]

 ### Operon type: 310

	 A0A010S415	[-1, 844, 0, 269, 0, 0, 0, 0, 374]

 ### Operon type: 311

	 A0A011QSN2	[0, 0, 0, 0, 0, 0, 0, 0, 0]
	 A0A011P9Z5	[0, 0, 0, 0, 0, 0, 0, 0, 0]
	 A0A011NTU3	[0, 0, 0, 0, 0, 0, 0, 0, 0]
	 A0A011NMI8	[0, 0, 0, 0, 0, 0, 0, 0, 0]
	 A0A011NAJ1	[0, 0, 0, 0, 0, 0, 0, 0, 0]
	 A0A011PBM9	[0, 0, 0, 0, 0, 0, 0, 0, 0]
	 A0A011N2Z0	[0, 0, 0, 0, 0, 0, 0, 0, 0]
	 A0A011Q056	[0, 0, 0, 0, 0, 0, 0, 0, 0]
	 A0A011QMJ8	[0, 0, 0, 0, 0, 0, 0, 0, 0]
	 A0A011PNN2	[0, 0, 0, 0, 0, 0, 0, 0, 0]
	 A0A011VYF6	[0, 0, 0, 0, 0, 0, 0, 0, 0]
	 A0A013TEV4	[0, 0, 0, 0, 0, 0, 0, 0, 0]
	 A0A013SL47	[0, 0, 0, 0, 0, 0, 0, 0, 0]
	 A0A011WUT3	[0, 0, 0, 0, 0, 0, 0, 0, 0]
	 A0A013S2B9	[0, 0, 0, 0, 0, 0, 0, 0, 0]
	 A0A013SBR8	[0, 0, 0, 0, 0, 0, 0, 0, 0]
	 A0A011UHL2	[0, 0, 0, 0, 0, 0, 0, 0, 0]
	 A0A011UBN9	[0, 0, 0, 0, 0, 0, 0, 0, 0]
	 A0A009PDV4	[0, 0, 0, 0, 0, 0, 0, 0, 0]
	 A0A009M4K0	[0, 0, 0, 0, 0, 0, 0, 0, 0]
	 A0A009MH90	[0, 0, 0, 0, 0, 0, 0, 0, 0]
	 A0A011VNE2	[0, 0, 0, 0, 0, 0, 0, 0, 0]
	 A0A009HIL8	[0, 0, 0, 0, 0, 0, 0, 0, 0]
	 A0A010SHY1	[0, 0, 0, 0, 0, 0, 0, 0, 0]
	 A0A011UFM5	[0, 0, 0, 0, 0, 0, 0, 0, 0]
	 A0A010T025	[0, 0, 0, 0, 0, 0, 0, 0, 0]
	 A0A010SPJ7	[0, 0, 0, 0, 0, 0, 0, 0, 0]
	 A0A010SSQ8	[0, 0, 0, 0, 0, 0, 0, 0, 0]
	 A0A010YJA7	[0, 0, 0, 0, 0, 0, 0, 0, 0]
	 A0A010ZTI3	[0, 0, 0, 0, 0, 0, 0, 0, 0]
	 A0A011A146	[0, 0, 0, 0, 0, 0, 0, 0, 0]
	 A0A010YZS8	[0, 0, 0, 0, 0, 0, 0, 0, 0]
	 A0A010Z120	[0, 0, 0, 0, 0, 0, 0, 0, 0]

 ### Operon type: 312

	 A0A010TG27	[687, 0, 54, 0, 0, 0, 754, 0, 0]

 ### Operon type: 313

	 A0A011PMK1	[0, 0, 0, 0, 0, 0, 0, 687, 0]

 ### Operon type: 314

	 A0A009HM15	[0, 198, 151, 0, 0, 0, -1, 0, 0]

 ### Operon type: 315

	 A0A009HRU1	[0, 194, 0, 0, 0, 0, 0, 0, 0]

 ### Operon type: 316

	 A0A009HSN8	[0, 278, 0, 0, 0, -1, 0, 240, -1]

 ### Operon type: 317

	 A0A009HV82	[149, 0, 0, 0, 0, 0, 0, 0, 0]

 ### Operon type: 318

	 A0A009IG74	[0, 0, 175, 0, 463, -1, 0, 0, 0]

 ### Operon type: 319

	 A0A009IJ90	[0, 73, 0, 0, 0, 0, 0, 0, 0]

 ### Operon type: 320

	 A0A009NM94	[0, 804, 804, 0, 0, 0, 422, 0, 0]

 ### Operon type: 321

	 A0A009Q4N5	[0, 0, 274, 0, 0, 0, 0, 0, 0]

 ### Operon type: 322

	 A0A009SSZ9	[0, 126, 0, 0, 0, 0, 0, 0, 0]

 ### Operon type: 323

	 A0A009YIH1	[0, 0, 0, 0, 200, 0, -1, -1, 2]

 ### Operon type: 324

	 A0A009YR05	[0, 0, 0, 0, 119, 0, 0, 0, 0]

 ### Operon type: 325

	 A0A009Z004	[81, 0, 81, 0, 0, 643, 0, 0, 0]

 ### Operon type: 326

	 A0A010RUQ5	[0, 0, 0, 0, 0, 0, 0, 0, 287]

 ### Operon type: 327

	 A0A010S195	[740, 0, 160, 159, 0, 0, 0, 0, 0]

 ### Operon type: 328

	 A0A010SCZ2	[0, 0, 0, 0, 0, 0, 0, 324, 0]

 ### Operon type: 329

	 A0A010SN41	[0, 0, 0, 0, 313, 0, 0, 0, 0]

 ### Operon type: 330

	 A0A010SSU2	[0, 0, 0, 0, 98, 0, -1, 720, 0]

 ### Operon type: 331

	 A0A010SUP6	[0, 0, 0, 0, 0, 0, 0, 159, 0]

 ### Operon type: 332

	 A0A010SUY9	[0, 0, 0, 0, 0, 551, 662, 0]

 ### Operon type: 333

	 A0A010THK2	[0, 0, -1, 0, 0, 756, 643, 0, 0]

 ### Operon type: 334

	 A0A010SRL4	[54, 0, 0, -1, 0, 0, 0, 643, 165]

 ### Operon type: 335

	 A0A010YX61	[482, 723, 0, 844, 0, 0, 0, 0, 0]

 ### Operon type: 336

	 A0A010S5W8	[0, 0, 644, 767, 0, 0, 0, 0, 0]

 ### Operon type: 337

	 A0A011NE37	[581, 0, 0, 0, 0, 0, 0, 0, 0]

 ### Operon type: 338

	 A0A011NF78	[0, 0, 870, 0, 0, 0, 0, 0, 0]

 ### Operon type: 339

	 A0A011NVE2	[0, 0, 0, 839, 0, 0, 713, 0, 712]

 ### Operon type: 340

	 A0A011NXJ4	[0, 0, 0, 0, 0, 0, 0, 0, 694]

 ### Operon type: 341

	 A0A011P8I1	[0, 0, 724, 723, 0, 0, 0, 0, 722]

 ### Operon type: 342

	 A0A011P9Q7	[717, 0, 0, 0, 0, 0, 0, 0, 0]

 ### Operon type: 343

	 A0A011PJ75	[0, 839, 616, 839, 0, 0, 0, 0, 0]

 ### Operon type: 344

	 A0A011PRB4	[0, 0, 0, 0, 0, 0, 0, 628, 0]

 ### Operon type: 345

	 A0A011QVT2	[843, 0, 0, 0, 0, 0, 0, 842, 0]

 ### Operon type: 346

	 A0A011RP14	[0, 0, 0, 0, 0, 0, 0, 811, 0]

 ### Operon type: 347

	 A0A011SM49	[713, 0, 811, 0, 0, 0, 443, 0, 0]

 ### Operon type: 348

	 A0A011AM27	[629, 0, 0, 0, 493, 0, 0, 0, 43]

 ### Operon type: 349

	 A0A011T607	[0, 0, 767, 0, 0, 0, 0, 0, 422]

 ### Operon type: 350

	 A0A011TAW2	[0, 0, 0, 0, 0, 0, 423, 0, 0]

 ### Operon type: 351

	 A0A011TED9	[0, 0, 0, 0, 0, 564, 0, 0, 0]

 ### Operon type: 352

	 A0A011TXS5	[0, 435, 0, 0, 0, 0, 0, 0, 0]

 ### Operon type: 353

	 A0A011U144	[0, 287, 0, 0, 0, 0, 694, 535, 0]

 ### Operon type: 354

	 A0A011U1C8	[738, 0, 0, 0, 0, 0, 0, 0, 286]

 ### Operon type: 355

	 A0A011U483	[0, 0, 0, 0, 0, 737, 0, 0, 0]

 ### Operon type: 356

	 A0A011UG86	[0, 742, 0, 0, 0, 164, 0, 0, 0]

 ### Operon type: 357

	 A0A011UQB5	[801, 671, 0, 0, 0, 0, 0, 569, 0]

 ### Operon type: 358

	 A0A011UVI5	[0, 0, 0, 0, 0, 62, 839, 839, 0]

 ### Operon type: 359

	 A0A011UWI3	[0, 0, 0, 0, 186, 0, 80, 740, 0]

 ### Operon type: 360

	 A0A011V5E6	[0, 0, 0, 0, 0, 354, 0, 0, 0]

 ### Operon type: 361

	 A0A011M4H6	[325, 0, 751, 0, 0, 0, 0, 0, 0]

 ### Operon type: 362

	 A0A011VSV3	[0, 0, 0, 0, 0, 0, 655, 0, 0]

 ### Operon type: 363

	 A0A011VWI0	[0, 0, 0, 0, 0, 147, 0, 0, 0]

 ### Operon type: 364

	 A0A011VZ91	[252, 0, 0, 0, 0, 0, 0, 0, 0]

 ### Operon type: 365

	 A0A011WP76	[0, 0, 0, 0, 0, 0, 0, 0, 847]

 ### Operon type: 366

	 A0A011WSD4	[0, 0, 0, -1, 0, 787, 0, 0, 460]

 ### Operon type: 367

	 A0A011WT35	[460, 0, 0, 0, 0, 0, 0, 0, 0]

 ### Operon type: 368

	 A0A013S843	[0, 498, 0, 0, 0, 0, -1, 399, 0]

 ### Operon type: 369

	 A0A013T5E6	[0, 0, 0, 540, 0, 0, 0, 0, 0]

 ### Operon type: 370

	 A0A009T185	[840, 0, 616, 616, 370, 839, 616, 431, 768]

 ### Operon type: 371

	 A0A010IN36	[371, 713, 0, 0, 370, 839, 616, 431, 768]

 ### Operon type: 372

	 A0A009PG43	[839, 616, 515, 842, 0, 431, 768, 0, 0]

 ### Operon type: 373

	 A0A009INE0	[371, 0, 0, 0, 0, 0, 0, 616, 431]

 ### Operon type: 374

	 A0A009T9H0	[0, 2, 741, -1, 0, 0, 195, 0, 194]

 ### Operon type: 375

	 A0A010THH5	[0, 74, 58, 62, 0, 0, 796, 0, 385]

 ### Operon type: 376

	 A0A011WSH8	[0, 0, 0, 754, 314, 0, 0, 0, 0]
	 A0A011VZE3	[0, 0, 0, 754, 314, 0, 0, 0, 0]

 ### Operon type: 377

	 A0A011NAF3	[0, 0, 0, 0, 0, 0, 754, 0, 706]

 ### Operon type: 378

	 A0A009IQ93	[282, 0, 754, 0, 0, 165, 0, 0, 0]

 ### Operon type: 379

	 A0A009Q8S9	[0, 0, 741, 408, 0, 425, 0, 0, 0]

 ### Operon type: 380

	 A0A009TLU4	[0, 435, -1, 202, 0, 40, 0, -1, -1]

 ### Operon type: 381

	 A0A009ZB47	[156, 188, 0, 0, 0, 787, 383, 0, 0]

 ### Operon type: 382

	 A0A009ZVR4	[809, 0, 723, 0, 0, 48, 0, 0, 47]

 ### Operon type: 383

	 A0A010JIN9	[383, 0, 0, 152, 259, 0, 0, 0, 0]

 ### Operon type: 384

	 A0A010S003	[651, 0, 0, 0, 0, 742, 742, 368, 0]

 ### Operon type: 385

	 A0A010SMN8	[0, -1, 161, 0, 757, 0, 0, 658, 0]

 ### Operon type: 386

	 A0A010SXS1	[0, 515, 0, 0, 0, 428, 0, 0, 842]

 ### Operon type: 387

	 A0A010T689	[43, -1, 796, 815, 0, 0, 0, 0, 0]

 ### Operon type: 388

	 A0A010TBB4	[0, 453, 0, 164, 0, 0, 0, 0, 738]

 ### Operon type: 389

	 A0A010YFK3	[0, 827, 0, 0, 0, 0, 113, 0, 286]

 ### Operon type: 390

	 A0A010YVY1	[8, 0, 8, 0, 0, 0, 0, 368, 0]

 ### Operon type: 391

	 A0A010ZSZ2	[0, 63, 0, 25, 24, 0, 0, 0, 0]

 ### Operon type: 392

	 A0A010Z0Y7	[0, 0, 0, 0, 24, 269, 0, 0, 0]

 ### Operon type: 393

	 A0A011A0M8	[0, 0, 643, 0, 57, 0, 0, 10, 10]

 ### Operon type: 394

	 A0A011NFL4	[0, 803, 0, 0, 688, 687, 0, 686, 0]

 ### Operon type: 395

	 A0A011P407	[0, 0, 739, 802, 0, 0, 738, 0, 737]

 ### Operon type: 396

	 A0A011QGT2	[754, 0, 0, 640, 639, 0, 0, 0, 0]

 ### Operon type: 397

	 A0A011QSA4	[873, 0, 872, 871, 0, 0, 0, 0, 870]

 ### Operon type: 398

	 A0A011T6J6	[0, 790, 0, 723, 0, 0, 351, 0, 350]

 ### Operon type: 399

	 A0A011TAL2	[0, 767, 0, 0, 0, 424, 0, 701, 0]

 ### Operon type: 400

	 A0A011TZG0	[643, 788, 0, 0, 0, 0, 0, 510, 0]

 ### Operon type: 401

	 A0A011UGY3	[316, 315, 354, 56, 0, 0, 0, 56, 0]

 ### Operon type: 402

	 A0A011UII7	[0, 0, 0, 0, 0, 712, 432, 0, 0]

 ### Operon type: 403

	 A0A011UNT9	[425, 446, 0, 0, 0, 0, 0, 0, 0]

 ### Operon type: 404

	 A0A011SIS0	[0, 776, 447, 447, 0, 0, 0, 446, 0]

 ### Operon type: 405

	 A0A011UT49	[0, 63, 0, 0, 0, 0, 515, 121, 0]

 ### Operon type: 406

	 A0A011VU65	[114, 0, 0, 0, 0, 113, 0, 655, 281]

 ### Operon type: 407

	 A0A011VV03	[0, 326, 0, 0, 347, 325, 0, 0, 0]

 ### Operon type: 408

	 A0A011VVZ9	[0, 0, -1, 0, 0, 324, 323, 323, 445]

 ### Operon type: 409

	 A0A011VWX7	[842, 579, 0, 0, 0, 0, 0, 797, 0]

 ### Operon type: 410

	 A0A011VXK7	[804, 804, 0, 572, 0, 0, 0, 792, 0]

 ### Operon type: 411

	 A0A011W0I6	[251, 0, 0, 0, 0, 632, 0, 690, 0]

 ### Operon type: 412

	 A0A010YEF6	[0, 251, 0, 0, 0, 0, 0, 0, 44]

 ### Operon type: 413

	 A0A013SQH1	[0, 0, 0, 0, 313, 584, 0, 509, 675]

 ### Operon type: 414

	 A0A009QJA8	[155, 154, 0, 0, 0, 0, 0, 0, 766]

 ### Operon type: 415

	 A0A009YL68	[0, 0, 738, 483, 480, 0, 0, 4, 0]

 ### Operon type: 416

	 A0A010JNG7	[509, 0, 0, 386, 0, 0, 0, 0, 0]

 ### Operon type: 417

	 A0A010RM40	[755, 754, 753, 0, 0, 0, 0, -1, 752]

 ### Operon type: 418

	 A0A010RRQ6	[0, 751, 0, 0, 0, 757, 750, 749, 0]

 ### Operon type: 419

	 A0A010S423	[351, 0, 0, 0, 0, 0, 0, 80, 808]

 ### Operon type: 420

	 A0A010T0I7	[0, 0, 44, 0, 0, 724, 872, 754, 0]

 ### Operon type: 421

	 A0A010ZUR7	[326, 23, 0, 23, 0, 22, 368, 0, 0]

 ### Operon type: 422

	 A0A011NA78	[0, 676, 0, 0, 0, 863, 0, 0, 752]

 ### Operon type: 423

	 A0A011P8W7	[721, 739, 842, 0, 720, 0, 0, 0, 0]

 ### Operon type: 424

	 A0A011PG97	[658, 0, 0, 657, 0, 0, 0, 0, 0]

 ### Operon type: 425

	 A0A011PKT4	[0, 584, 0, 0, 0, 0, 583, 0, 0]

 ### Operon type: 426

	 A0A011PLB2	[0, 721, 0, 585, 0, 0, 0, 0, 0]

 ### Operon type: 427

	 A0A011R339	[0, 0, 0, 0, 0, 0, 340, 339, 0]

 ### Operon type: 428

	 A0A011SFE5	[0, 0, 0, 804, 0, 0, 803, 802, 801]

 ### Operon type: 429

	 A0A011SJT5	[0, 0, 0, 445, 444, 444, 444, 444, 444]

 ### Operon type: 430

	 A0A011TDQ5	[0, 0, 0, 0, 421, 634, 0, 0, 0]

 ### Operon type: 431

	 A0A011VT01	[0, 0, 115, 0, 0, 115, 0, 0, 221]

 ### Operon type: 432

	 A0A009Z3V9	[754, 0, 0, 0, 0, 129, 641, 130, 131]

 ### Operon type: 433

	 A0A010SRB2	[40, 39, 0, 0, 0, 39, 163, 0, 0]

 ### Operon type: 434

	 A0A010KA25	[383, 0, 796, 363, 288, 0, 0, 383, 502]

 ### Operon type: 435

	 A0A011TZN1	[330, 329, 328, 0, 327, 0, 0, 0, 0]

 ### Operon type: 436

	 A0A011VJ76	[122, 122, 121, 686, 0, 754, 643, 0, 739]

 ### Operon type: 437

	 A0A011UG17	[218, 0, 253, 0, 321, 114, 0, 0, 0]

 ### Operon type: 438

	 A0A011WUA8	[773, 0, 0, 459, 0, 0, 0, 458, 458]

 ### Operon type: 439

	 A0A010S4X6	[0, 269, 753, 742, 473, 0, 702, 582, 756]

 ### Operon type: 440

	 A0A010YY02	[0, 7, 0, 0, 7, 604, 6, 0, 9]
