
 ### Operon type: 1

	 A0A011PVT3	[656, 655, 654, 653, 652, 651, 650, 649, 648]
	 A0A011R7V7	[656, 655, 654, 653, 652, 651, 650, 649, 648]
	 A0A011MET3	[656, 655, 654, 653, 652, 651, 650, 649, 648]

 ### Operon type: 2

	 A0A011UIA1	[230, 229, 228, 227, 226, 225, 224, 223, 0]
	 A0A011V5V3	[0, 230, 229, 228, 227, 226, 225, 224, 223]

 ### Operon type: 3

	 A0A011PTE7	[510, 509, 508, 507, 506, 0, 505, 504, 503]
	 A0A011NE72	[510, 509, 508, 507, 506, 505, 504, 503, 0]

 ### Operon type: 4

	 A0A011NEY3	[484, 483, 482, 481, 481, 480, 479, 478, 0]

 ### Operon type: 5

	 A0A011PAN4	[483, 482, 0, 481, 481, 480, 479, 478, 463]

 ### Operon type: 6

	 A0A011RCD5	[484, 483, 482, 481, 481, 480, 479, 478, 463]

 ### Operon type: 7

	 A0A010JSI3	[529, 528, 527, 526, 525, 524, 523, 522, 0]
	 A0A013T0M4	[529, 528, 527, 526, 525, 524, 523, 522, 0]
	 A0A009HDS5	[529, 528, 527, 526, 525, 524, 523, 522, 0]
	 A0A009RGL2	[0, 528, 527, 526, 525, 524, 523, 522, 0]

 ### Operon type: 8

	 A0A011NW66	[603, 602, 601, 600, 599, 598, 0, 0, 0]
	 A0A011NBX7	[603, 602, 601, 600, 599, 598, 0, 0, 0]
	 A0A011PF67	[603, 602, 601, 600, 599, 0, 0, 0, 0]

 ### Operon type: 9

	 A0A011NS68	[603, 602, 601, 600, 599, 471, 470, 547, 560]
	 A0A011RHX4	[603, 602, 601, 600, 599, 471, 470, 547, 0]

 ### Operon type: 10

	 A0A010JY00	[365, 426, 249, 248, 457, 613, 245, 616, 244]

 ### Operon type: 11

	 A0A013TH30	[426, 249, 248, 247, 246, 613, 245, 616, 244]

 ### Operon type: 12

	 A0A011QAS2	[0, 519, 518, 517, 516, 515, 514, 513, 512]
	 A0A011NEQ1	[0, 519, 518, 517, 516, 515, 514, 513, 512]

 ### Operon type: 13

	 A0A011QBB5	[674, 673, 672, 671, 670, 669, 668, 667, 666]
	 A0A011QSF0	[0, 673, 672, 671, 670, 669, 668, 667, 0]
	 A0A011Q0X6	[674, 673, 672, 671, 670, 669, 668, 667, 666]
	 A0A011Q1X8	[673, 0, 672, 671, 670, 669, 668, 667, 666]

 ### Operon type: 14

	 A0A011PG87	[674, 673, 672, 671, 670, 669, 668, 0, 0]

 ### Operon type: 15

	 A0A013SP43	[198, 197, 324, 196, 195, 194, 193, 192, 191]
	 A0A010K6G6	[198, 197, 324, 196, 195, 194, 193, 0, 191]
	 A0A009RUN3	[198, 197, 324, 196, 195, 194, 193, 192, 191]

 ### Operon type: 16

	 A0A009HR98	[0, 0, 106, 49, 104, 0, 0, 0, 48]
	 A0A009SZB5	[0, 0, 106, 49, 104, 0, 0, 0, 48]

 ### Operon type: 17

	 A0A009Z8F7	[107, 106, 105, 0, 104, 103, 103, 0, 0]

 ### Operon type: 18

	 A0A011QIT1	[642, 641, 640, 639, 638, 637, 636, 635, 634]
	 A0A011QUG8	[642, 641, 640, 639, 638, 637, 0, 636, 635]

 ### Operon type: 19

	 A0A011PL71	[693, 692, 691, 690, 689, 688, 687, 686, 0]
	 A0A011QAB0	[692, 691, 690, 0, 689, 688, 687, 686, 0]

 ### Operon type: 20

	 A0A011PIY7	[550, 0, 568, 567, 566, 565, 564, 0, 562]

 ### Operon type: 21

	 A0A011Q3J4	[0, 550, 568, 567, 566, 565, 564, 563, 0]

 ### Operon type: 22

	 A0A011MH88	[551, 550, 568, 567, 566, 565, 564, 563, 562]

 ### Operon type: 23

	 A0A009QBR9	[0, 0, 410, 308, 409, 0, 0, 405, 96]
	 A0A009TM70	[0, 411, 410, 308, 409, 0, 0, 405, 96]

 ### Operon type: 24

	 A0A010ILU3	[412, 411, 410, 0, 409, 408, 407, 406, 405]
	 A0A009MW50	[0, 411, 410, 308, 409, 408, 0, 406, 405]
	 A0A009QS71	[412, 411, 410, 308, 409, 408, 0, 406, 405]
	 A0A009H3B0	[0, 411, 410, 0, 409, 408, 407, 406, 405]

 ### Operon type: 25

	 A0A009I8S2	[0, 0, 410, 308, 409, 408, 406, 405, 96]

 ### Operon type: 26

	 A0A009ZFR5	[461, 460, 459, 458, 457, 456, 455, 454, 616]
	 A0A009ICH6	[461, 460, 459, 458, 457, 456, 455, 454, 616]

 ### Operon type: 27

	 A0A009GP96	[0, 59, 647, 251, 146, 34, 425, 58, 57]

 ### Operon type: 28

	 A0A009GSR4	[251, 146, 34, 425, 58, 57, 57, 56, 0]

 ### Operon type: 29

	 A0A009IIT6	[59, 647, 251, 146, 58, 57, 57, 56, 0]

 ### Operon type: 30

	 A0A009IS10	[142, 0, 0, 0, 32, 31, 30, 0, 0]

 ### Operon type: 31

	 A0A009QHW5	[0, 0, 0, 412, 32, 31, 30, 0, 102]

 ### Operon type: 32

	 A0A011UVB4	[0, 0, 0, 143, 0, 0, 142, 0, 577]

 ### Operon type: 33

	 A0A011TLH7	[395, 394, 393, 0, 0, 0, 0, 0, 0]
	 A0A011UG87	[393, 394, 395, 0, 0, 0, 0, 0, 0]

 ### Operon type: 34

	 A0A011QDV3	[682, 681, 680, 679, 678, 677, 676, 0, 675]
	 A0A011QIE8	[682, 681, 680, 679, 678, 677, 675, 0, 0]

 ### Operon type: 35

	 A0A011NYU6	[662, 661, 0, 660, 718, 434, 433, 0, 659]

 ### Operon type: 36

	 A0A011PYI6	[662, 661, 0, 660, 718, 659, 658, 657, 0]

 ### Operon type: 37

	 A0A011P1C0	[0, 0, 434, 433, 659, 0, 0, 0, 0]

 ### Operon type: 38

	 A0A011PP01	[722, 721, 720, 0, 0, 0, 0, 0, 0]
	 A0A011NVE7	[722, 721, 720, 0, 0, 0, 0, 0, 0]

 ### Operon type: 39

	 A0A013TH43	[215, 0, 0, 0, 214, 213, 212, 0, 338]
	 A0A009RAF0	[215, 0, 0, 0, 214, 213, 212, 0, 338]

 ### Operon type: 40

	 A0A013S8V2	[368, 367, 0, 0, 0, 366, 0, 0, 0]
	 A0A009R8E1	[0, 432, 0, 368, 367, 0, 0, 366, 0]

 ### Operon type: 41

	 A0A009QFZ7	[242, 241, 0, 0, 442, 0, 239, 238, 0]
	 A0A009TK03	[242, 241, 0, 0, 442, 0, 239, 238, 0]

 ### Operon type: 42

	 A0A013SPM5	[242, 241, 444, 443, 442, 240, 239, 238, 0]
	 A0A010IX62	[242, 241, 444, 443, 442, 0, 239, 238, 0]
	 A0A009HSL1	[242, 241, 444, 443, 442, 0, 239, 238, 0]
	 A0A009MH71	[242, 241, 0, 443, 442, 240, 239, 238, 0]

 ### Operon type: 43

	 A0A009I6Z0	[242, 241, 0, 443, 442, 0, 239, 238, 440]

 ### Operon type: 44

	 A0A009ZIX8	[0, 445, 444, 443, 442, 441, 0, 440, 0]

 ### Operon type: 45

	 A0A009I573	[28, 0, 38, 39, 0, 40, 135, 94, 95]

 ### Operon type: 46

	 A0A009ILP9	[93, 0, 95, 94, 135, 40, 132, 39, 38]

 ### Operon type: 47

	 A0A009I953	[93, 0, 95, 94, 135, 40, 132, 0, -1]

 ### Operon type: 48

	 A0A009IPC3	[137, 136, 0, 0, 135, 134, 133, 0, 132]
	 A0A009QEG7	[137, 136, 0, 0, 135, 134, 133, 0, 132]

 ### Operon type: 49

	 A0A009SX74	[574, 560, 0, 39, 132, 93, 136, 137, 0]

 ### Operon type: 50

	 A0A010JWJ1	[0, 68, 647, 0, 112, 111, 110, 109, 0]
	 A0A009I4A1	[0, 68, 647, 0, 112, 111, 110, 109, 0]

 ### Operon type: 51

	 A0A009QF22	[115, 114, 113, 0, 112, 111, 110, 109, 108]
	 A0A009TBY8	[115, 114, 113, 50, 112, 111, 110, 109, 108]

 ### Operon type: 52

	 A0A009ITT8	[158, 157, 156, 155, 154, 152, 165, 164, 163]

 ### Operon type: 53

	 A0A009NJ90	[158, 157, 156, 155, 0, 153, 152, 165, 164]

 ### Operon type: 54

	 A0A009HZK2	[118, 155, 154, 0, 0, 0, 0, 0, 0]

 ### Operon type: 55

	 A0A009IJ07	[70, 69, 118, 155, 154, 0, 0, 0, 0]

 ### Operon type: 56

	 A0A009S6G1	[70, 69, 118, 155, 154, 165, 164, 163, 162]

 ### Operon type: 57

	 A0A009S5A5	[154, 153, 152, 165, 164, 163, 44, 17, 162]

 ### Operon type: 58

	 A0A013TCN9	[308, 221, 220, 219, 218, 217, 216, 647, 679]
	 A0A009NIJ3	[308, 221, 220, 219, 218, 217, 216, 647, 679]
	 A0A009QNC9	[308, 221, 220, 219, 218, 217, 216, 647, 679]
	 A0A010ITG1	[308, 221, 220, 219, 218, 217, 216, 647, 679]
	 A0A013TRC1	[308, 221, 220, 219, 218, 217, 216, 647, 679]

 ### Operon type: 59

	 A0A009H935	[0, 0, 220, 219, 218, 217, 216, 647, 679]

 ### Operon type: 60

	 A0A009PJF7	[188, 187, 187, 186, 185, 632, 184, 183, 182]
	 A0A009SJZ7	[143, 188, 187, 186, 185, 632, 184, 183, 182]

 ### Operon type: 61

	 A0A009Z5G0	[632, 186, 187, 0, 331, 188, 143, 310]

 ### Operon type: 62

	 A0A010JJC1	[486, 419, 418, 417, 416, 415, 414, 424, 413]
	 A0A010IZ41	[419, 418, 417, 416, 415, 414, 424, 413, 324]

 ### Operon type: 63

	 A0A009QJL6	[486, 419, 418, 417, 0, 413, 324, 89, 0]

 ### Operon type: 64

	 A0A011P2I4	[688, 569, 568, 0, 0, 0, 0, 0, 0]
	 A0A011N9N8	[688, 569, 568, 0, 0, 0, 0, 0, 0]

 ### Operon type: 65

	 A0A009PIB4	[0, 0, 0, 262, 261, 260, 425, 647, 688]
	 A0A009SLR5	[0, 0, 0, 262, 261, 260, 425, 647, 688]

 ### Operon type: 66

	 A0A009HSU4	[0, 0, 500, 647, 0, 569, 557, 688, 425]

 ### Operon type: 67

	 A0A011SF89	[492, 491, 490, 0, 0, 0, 0, 0, 0]

 ### Operon type: 68

	 A0A011UCX7	[0, 692, 492, 491, 0, 490, 145, 0, 0]

 ### Operon type: 69

	 A0A011NYT4	[555, 554, 553, 552, 0, 477, 477, 476, 475]

 ### Operon type: 70

	 A0A011P8E9	[0, 0, 555, 554, 0, 553, 552, 0, 0]

 ### Operon type: 71

	 A0A010TF34	[0, -1, 0, 0, 81, 80, 79, 78, 77]
	 A0A010SYH9	[81, 80, 79, 78, 77, 0, 0, 0, 0]

 ### Operon type: 72

	 A0A010TFJ4	[0, -1, 0, 86, 85, 84, 83, -1, 82]
	 A0A010S7A1	[86, 85, 84, 83, 0, 82, 0, 0, 0]

 ### Operon type: 73

	 A0A009ICP5	[206, 352, 542, 205, 204, 0, 0, 202, 0]

 ### Operon type: 74

	 A0A009MMG9	[206, 352, 542, 205, 204, 0, 203, 202, 340]

 ### Operon type: 75

	 A0A009QLL2	[0, 75, 74, 0, 204, 0, 0, 202, 0]
	 A0A009HTW0	[0, 75, 74, 0, 204, 0, 0, 202, 0]

 ### Operon type: 76

	 A0A009SIV4	[46, 75, 74, 37, 204, 36, 0, 202, 340]

 ### Operon type: 77

	 A0A013TSJ4	[75, 74, 0, 37, 204, 0, 0, 202, 340]

 ### Operon type: 78

	 A0A009Z3V9	[647, 0, 0, 0, 0, 74, 499, 75, 46]

 ### Operon type: 79

	 A0A009T0Q9	[0, 0, 0, 0, 29, 358, 551, 647, 19]

 ### Operon type: 80

	 A0A009YJF4	[0, 476, 475, 15, 51, 551, 647, 0, 19]

 ### Operon type: 81

	 A0A009PAV9	[280, -1, 542, 279, 379, 425, 278, 277, 276]
	 A0A009HJC2	[280, 679, 542, 279, 379, 425, 278, 277, 276]

 ### Operon type: 82

	 A0A009SE02	[0, 276, 0, 0, 0, 277, 278, 425, 379]

 ### Operon type: 83

	 A0A011QNA5	[0, 710, 709, 708, 0, 707, 706, 705, 704]
	 A0A009ZLJ7	[704, 705, 706, 707, 0, 0, 710, 709, 708]

 ### Operon type: 84

	 A0A013T0T6	[707, 706, 705, 704, 404, 403, 270, 402, 250]
	 A0A009QMH5	[707, 706, 705, 704, 404, 403, 270, 402, 250]
	 A0A009HAX1	[707, 706, 705, 704, 404, 403, 270, 402, 250]

 ### Operon type: 85

	 A0A010ILW6	[707, 706, 705, 704, 404, 403, 0, 0, 402]

 ### Operon type: 86

	 A0A009Z9X7	[706, 705, 704, 0, 404, 0, 536, 0, 402]

 ### Operon type: 87

	 A0A009PE10	[0, 0, 0, 704, 404, 271, 270, 402, -1]

 ### Operon type: 88

	 A0A009HS41	[557, 461, 466, 386, 189, 647, 647, 384, 383]
	 A0A009RSB7	[557, 461, 466, 386, 189, 647, 647, 384, 383]
	 A0A009SYU8	[557, 461, 466, 386, 189, 647, 647, 384, 383]

 ### Operon type: 89

	 A0A013SHA9	[557, 461, 466, 386, 385, 647, 647, 384, 383]
	 A0A010IT25	[557, 461, 466, 386, 385, 647, 647, 384, 383]
	 A0A009I466	[557, 461, 466, 386, 385, 647, 647, 384, 383]

 ### Operon type: 90

	 A0A009NMQ9	[557, 461, 466, 386, 385, 0, 647, 647, 384]

 ### Operon type: 91

	 A0A009P8A9	[0, 0, 466, 386, 189, 647, 647, 384, 383]

 ### Operon type: 92

	 A0A011PGU1	[0, 0, 573, 699, 698, 697, 572, 571, 570]
	 A0A011MDH1	[474, 0, 573, 699, 698, 697, 572, 571, 570]

 ### Operon type: 93

	 A0A011V0P4	[401, 349, 0, 0, 348, 0, 0, 545, 544]

 ### Operon type: 94

	 A0A011WPV7	[545, 544, 0, 0, 0, 0, 0, 0, 0]

 ### Operon type: 95

	 A0A011RNP9	[0, 0, 0, 0, 0, 578, 687, 0, 0]

 ### Operon type: 96

	 A0A011V0B5	[495, 0, 0, 0, 0, 0, 578, 0, 0]

 ### Operon type: 97

	 A0A011RQC9	[0, 495, 494, 0, 0, 0, 0, 493, 0]

 ### Operon type: 98

	 A0A011QG28	[701, 700, 699, 0, 698, 697, 696, 695, 694]
	 A0A011RIM8	[701, 700, 0, 0, 698, 697, 696, 695, 694]

 ### Operon type: 99

	 A0A011PHI6	[561, 0, 644, 0, 0, 643, 639, 621, 0]

 ### Operon type: 100

	 A0A011QI68	[0, 0, 644, 643, 0, 0, 0, 0, 0]

 ### Operon type: 101

	 A0A011P700	[0, 0, 585, 584, 0, 0, 0, 0, 0]

 ### Operon type: 102

	 A0A011QSI4	[0, 0, 585, 584, 583, 0, 0, 0, 0]

 ### Operon type: 103

	 A0A011NVJ6	[610, 609, 608, 607, 606, 605, 0, 0, 604]

 ### Operon type: 104

	 A0A011PVP2	[0, 609, 608, 607, 606, 605, 0, 0, 656]

 ### Operon type: 105

	 A0A011NXY7	[0, 0, 608, 0, 606, 0, 0, 0, 0]

 ### Operon type: 106

	 A0A011NUB4	[618, 617, 616, 615, 614, 613, 0, 612, 0]
	 A0A011QR69	[618, 617, 616, 615, 614, 613, 0, 0, 0]

 ### Operon type: 107

	 A0A011NN36	[617, 616, 0, 0, 614, 613, 0, 0, 0]

 ### Operon type: 108

	 A0A011PK69	[616, 684, 0, 0, 614, 613, 0, 0, 0]

 ### Operon type: 109

	 A0A011NYD6	[596, 712, 711, 595, 594, 593, 592, 591, 590]
	 A0A011RMI6	[596, 712, 711, 595, 594, 593, 592, 591, 590]

 ### Operon type: 110

	 A0A011QB28	[511, 596, 712, 0, 0, 593, 592, 591, 590]

 ### Operon type: 111

	 A0A011NF33	[0, 593, 592, 0, 0, 0, 0, 0, 0]

 ### Operon type: 112

	 A0A011NBY4	[582, 0, 0, 539, 0, 0, 538, 0, 0]

 ### Operon type: 113

	 A0A011WRT0	[582, 0, 0, 0, 0, 0, 0, 657, 0]

 ### Operon type: 114

	 A0A011SHV5	[0, 0, 0, 0, 0, 487, 657, 486, 0]

 ### Operon type: 115

	 A0A011NB95	[0, 543, 0, 0, 0, 0, 542, 541, 540]

 ### Operon type: 116

	 A0A011UHT4	[89, 579, 541, 0, 0, 88, 88, 540, 0]

 ### Operon type: 117

	 A0A010Z1W7	[0, 0, 0, 0, 0, 65, 0, 397, 398]

 ### Operon type: 118

	 A0A011VY84	[0, 0, 398, 397, 0, 0, 0, 0, 0]

 ### Operon type: 119

	 A0A010YW85	[0, 0, 0, 0, 0, 178, 0, 397, 398]

 ### Operon type: 120

	 A0A010ZMA0	[397, 429, 0, 0, 0, 0, 0, 0, 0]

 ### Operon type: 121

	 A0A011N5L2	[0, 0, 0, 429, 0, 428, 427, 0, 0]

 ### Operon type: 122

	 A0A010SQJ5	[311, 205, 0, 391, 390, 389, 0, 0, 0]

 ### Operon type: 123

	 A0A010STD3	[0, 0, 0, 391, 390, 389, 0, 384, 305]

 ### Operon type: 124

	 A0A011TD67	[392, 0, 0, 391, 390, 389, 388, 0, 387]

 ### Operon type: 125

	 A0A009ZC12	[0, 0, 0, 391, 0, 389, 388, 100, 587]

 ### Operon type: 126

	 A0A010RFQ9	[0, 0, 521, 0, 520, 0, 0, 0, 0]

 ### Operon type: 127

	 A0A010SPR9	[13, 13, 0, 0, 0, 520, 0, 0, 0]

 ### Operon type: 128

	 A0A013S288	[0, 0, 0, 323, 379, 322, 321, 0, 320]
	 A0A010J3I1	[0, 0, 0, 323, 379, 322, 321, 0, 320]

 ### Operon type: 129

	 A0A013SXT2	[287, 286, 285, 323, 379, 322, 321, 284, 320]
	 A0A009PWG1	[287, 286, 285, 323, 379, 322, 321, 284, 320]

 ### Operon type: 130

	 A0A009ZJK4	[0, 0, 0, 0, 0, 0, 461, 439, 0]

 ### Operon type: 131

	 A0A010SVN1	[-1, 439, 647, 200, 303, 0, 0, 461, 0]

 ### Operon type: 132

	 A0A009IMX3	[319, 0, 317, 0, 315, 117, 117, 657, 116]
	 A0A009SF48	[319, 0, 317, 0, 315, -1, 117, 657, 116]

 ### Operon type: 133

	 A0A009QEX0	[319, 318, 317, 316, 315, 117, 117, 657, 116]

 ### Operon type: 134

	 A0A013S7V1	[319, 318, 317, 316, 315, 314, 461, 313, 312]
	 A0A009MR00	[319, 318, 317, 316, 315, 314, 461, 313, 312]
	 A0A010ISX2	[319, 318, 317, 316, 315, 314, 461, 313, 312]
	 A0A009RES7	[319, 318, 317, 316, 315, 314, 461, 313, 312]

 ### Operon type: 135

	 A0A009GYP9	[0, 0, 0, 316, 315, 314, 461, 313, 312]

 ### Operon type: 136

	 A0A009YTT3	[0, 0, 0, 0, 0, 0, 461, 313, 312]

 ### Operon type: 137

	 A0A009PFK7	[269, 268, 267, 266, 265, 0, 0, 264, 0]
	 A0A009QGN4	[269, 268, 267, 266, 265, 264, 0, 0, 0]

 ### Operon type: 138

	 A0A009YR20	[0, 264, 0, 0, 0, 0, 268, 0, 0]

 ### Operon type: 139

	 A0A013SB36	[364, 363, 362, 361, 360, 0, 475, 359, 358]
	 A0A009QSI3	[364, 363, 362, 361, 360, 0, 475, 359, -1]

 ### Operon type: 140

	 A0A010ITP2	[364, 363, 362, 361, 360, 0, 475, 0, 0]

 ### Operon type: 141

	 A0A009SII9	[-1, 363, 362, 361, 0, 0, 0, 0, 29]

 ### Operon type: 142

	 A0A009HZV2	[0, 0, 0, 0, 151, 150, 153, 0, 0]

 ### Operon type: 143

	 A0A009QPE7	[0, 0, 0, 0, 151, 150, 0, 0, 0]

 ### Operon type: 144

	 A0A009GXL8	[54, 53, 52, 0, 51, 50, 177, 176, 175]

 ### Operon type: 145

	 A0A010JIW7	[54, 53, 52, 0, 51, 0, 0, 177, 176]

 ### Operon type: 146

	 A0A009MGR3	[0, 0, 66, 0, 243, 17, 35, 274, 273]

 ### Operon type: 147

	 A0A009Q4G0	[0, 67, 66, 0, 243, 0, 274, 273, 274]

 ### Operon type: 148

	 A0A009PUJ8	[0, 275, 0, 0, 0, 272, 177, 176, 175]

 ### Operon type: 149

	 A0A009QJA8	[176, 175, 0, 0, 0, 0, 0, 0, 0]

 ### Operon type: 150

	 A0A009PB53	[0, 0, 275, 0, 0, 274, 273, 274, 272]

 ### Operon type: 151

	 A0A013RZW2	[461, 327, 0, 326, 325, 379, 324, 0, 0]
	 A0A013SNJ8	[461, 0, 0, 326, 325, 379, 324, 0, 0]
	 A0A009RD69	[461, 327, 0, 326, 325, 379, 324, 76, 0]
	 A0A010J9U3	[461, 0, 0, 326, 325, 379, 324, 0, 0]
	 A0A009SIZ4	[461, 327, 0, 326, 325, 0, 324, 76, 0]

 ### Operon type: 152

	 A0A009PH20	[0, 0, 405, 326, 325, 379, 324, 0, 0]
	 A0A009IV03	[0, 0, 405, 326, 325, 0, 324, 0, 0]

 ### Operon type: 153

	 A0A009YIZ0	[461, 327, 405, 326, 325, 379, 324, 76, 119]

 ### Operon type: 154

	 A0A009QA91	[98, 97, 557, 647, 381, 381, 149, 369, 200]
	 A0A010J377	[98, 97, 557, 647, 381, 381, 149, 369, 200]

 ### Operon type: 155

	 A0A009MVG4	[201, 0, 382, 647, 381, 381, 0, 369, 200]
	 A0A009QQC0	[0, 0, 201, 647, 381, 381, 0, 369, 200]

 ### Operon type: 156

	 A0A009H7I0	[0, 0, 0, 647, 381, 381, 149, 369, 200]

 ### Operon type: 157

	 A0A009S1X4	[98, 97, 557, 647, 381, 381, 647, 0, 18]

 ### Operon type: 158

	 A0A013SHF4	[0, 0, 382, 647, 381, 381, 0, 380, 0]

 ### Operon type: 159

	 A0A009H7U0	[283, 696, 0, 282, 281, 399, 141, 0, 0]

 ### Operon type: 160

	 A0A010IMP8	[283, 0, 0, 282, 281, 399, 141, 0, 140]

 ### Operon type: 161

	 A0A013SZ54	[283, 0, 485, 282, 281, 0, 0, 0, 0]

 ### Operon type: 162

	 A0A009ZM43	[-1, 696, 485, 282, 281, 399, 141, 22, 140]

 ### Operon type: 163

	 A0A009YSC7	[0, 0, 538, 1, 0, 1, 307, 306, 0]

 ### Operon type: 164

	 A0A013RVV2	[308, 0, 307, 306, 0, 0, 0, 305, 0]

 ### Operon type: 165

	 A0A011Q5S3	[634, 628, 0, 0, 0, 0, 627, 626, 625]

 ### Operon type: 166

	 A0A011UZZ4	[0, 627, 626, 0, 0, 0, 350, 350, 625]

 ### Operon type: 167

	 A0A010YKP2	[0, 0, 0, 0, 0, 0, 604, 347, 0]

 ### Operon type: 168

	 A0A011V1A2	[349, 0, 0, 347, 0, 0, 0, 0, 0]

 ### Operon type: 169

	 A0A011Q2B1	[0, 0, 0, 0, 0, 533, 532, 531, 530]

 ### Operon type: 170

	 A0A011RLN8	[0, 0, 0, 535, 534, 533, 532, 531, 530]

 ### Operon type: 171

	 A0A011NGS0	[0, 0, 0, 0, 665, 664, 0, 0, 0]

 ### Operon type: 172

	 A0A011PW61	[0, 0, 0, 0, 665, 664, 0, 0, 663]

 ### Operon type: 173

	 A0A011UXI1	[0, 464, 0, 0, 665, 664, 174, 0, 0]

 ### Operon type: 174

	 A0A011SWI9	[-1, -1, 0, 561, 665, 664, 174, -1, -1]

 ### Operon type: 175

	 A0A011P952	[664, 0, 467, 0, 0, 467, 0, 0, 0]

 ### Operon type: 176

	 A0A011NSG8	[0, 0, 0, 621, 620, 619, 0, 620, 0]

 ### Operon type: 177

	 A0A011P0X4	[0, 0, 474, 0, 620, 0, 0, 619, 432]

 ### Operon type: 178

	 A0A009MJ75	[0, 0, 254, 253, 252, 0, 0, 0, 251]

 ### Operon type: 179

	 A0A010IH51	[0, 340, 0, 0, 252, 0, 251, 0, 0]

 ### Operon type: 180

	 A0A010YNY9	[0, 0, 72, 71, 0, 0, 0, 0, 121]

 ### Operon type: 181

	 A0A011AC71	[18, 0, 0, 190, 0, 72, 71, 0, 557]

 ### Operon type: 182

	 A0A011QLX0	[0, 714, 0, 0, 713, 0, 712, 711, 0]
	 A0A011PRW6	[714, 0, 0, 0, 713, 712, 711, 0, 0]

 ### Operon type: 183

	 A0A010SML6	[0, 712, 711, -1, 0, 560, 0, 0, 0]

 ### Operon type: 184

	 A0A009P817	[259, 0, 0, 0, 258, 0, 257, 256, 255]

 ### Operon type: 185

	 A0A009TIY0	[0, 0, 0, 0, 258, 0, 257, 256, 0]

 ### Operon type: 186

	 A0A009QKA3	[257, 256, 0, 255, 0, 0, 0, 0, 269]

 ### Operon type: 187

	 A0A009S854	[-1, 0, 0, 450, 449, 0, 0, 0, 446]

 ### Operon type: 188

	 A0A013RMD0	[-1, 0, 451, 0, 449, 521, 0, 0, 446]

 ### Operon type: 189

	 A0A009R016	[0, 63, 0, 0, 453, -1, 425, 0, 0]
	 A0A009HFU9	[0, 63, 0, 0, 453, 425, 0, 0, 0]

 ### Operon type: 190

	 A0A009HSR2	[0, 43, 42, 0, 41, 234, 235, 153, 236]

 ### Operon type: 191

	 A0A009SWM1	[0, 43, 42, 0, 41, 0, 0, 235, 0]

 ### Operon type: 192

	 A0A009MYX0	[237, 236, 0, 500, 0, 0, 235, 234, 233]

 ### Operon type: 193

	 A0A009QK79	[0, 0, 233, 234, 0, 235, 0, 0, 236]

 ### Operon type: 194

	 A0A009GXJ1	[232, 231, 234, 235, 55, 153, 236, 237, 0]

 ### Operon type: 195

	 A0A013TKW8	[0, 702, 0, 425, 211, 210, 209, 208, 207]
	 A0A009QT77	[0, 0, -1, 425, 211, 210, 209, 208, 207]
	 A0A009PRQ9	[0, 425, 170, 0, 211, 210, 209, 208, 207]
	 A0A010IT95	[0, 0, 0, 425, 211, 210, 209, 208, 207]
	 A0A009GWD0	[153, 0, 0, 425, 211, 210, 209, 208, 207]
	 A0A009I5G9	[0, 0, 425, 170, 211, 210, 209, 208, 207]
	 A0A009MH36	[0, 0, 0, 425, 211, 210, 209, 208, 207]
	 A0A009S0T6	[0, 0, 425, 170, 211, 210, 209, 208, 207]

 ### Operon type: 196

	 A0A013TMJ7	[679, -1, 0, 425, 211, 208, 207, 0, 0]

 ### Operon type: 197

	 A0A009I8I7	[199, 423, 422, 25, 421, 420, 0, 552, 24]
	 A0A009HJJ5	[199, 423, 422, 0, 421, 420, 0, 552, 24]

 ### Operon type: 198

	 A0A010JJN4	[0, 423, 422, 0, 421, 420, 0, 552, 427]
	 A0A013TPR7	[199, 423, 422, 0, 421, 420, 0, 552, 427]
	 A0A009PMT3	[199, 423, 422, 0, 421, 420, 172, 552, 427]
	 A0A009RMI1	[0, 423, 422, 0, 421, 420, 0, 552, 0]
	 A0A009YG45	[0, 199, 423, 422, 421, 0, 420, 172, 552]

 ### Operon type: 199

	 A0A009SEP4	[199, 423, 422, 25, 421, 0, 420, 172, 0]

 ### Operon type: 200

	 A0A009NI48	[199, 423, 422, 0, 421, 0, 0, 0, -1]

 ### Operon type: 201

	 A0A011VU44	[0, 0, 0, 0, 0, 631, 0, 0, 0]
	 A0A011WLE7	[0, 0, 0, 0, 0, 631, 0, 0, 0]

 ### Operon type: 202

	 A0A011VAP2	[0, 0, 127, 0, 0, 0, 0, 0, 168]

 ### Operon type: 203

	 A0A011VRJ8	[0, 0, 0, 0, 0, 0, 127, 0, 0]

 ### Operon type: 204

	 A0A011RNU1	[0, 0, 0, 0, 0, 0, 436, 436, 435]

 ### Operon type: 205

	 A0A011VKJ9	[0, 0, 0, 0, 0, 0, 435, 436, -1]

 ### Operon type: 206

	 A0A011WT35	[580, 0, 0, 0, 0, 0, 0, 0, 0]
	 A0A011V490	[0, 580, 0, 0, 0, 0, 0, 0, 0]

 ### Operon type: 207

	 A0A009T185	[617, 0, 502, 502, 138, 616, 502, 336, 605]

 ### Operon type: 208

	 A0A010IN36	[139, 679, 0, 0, 138, 616, 502, 336, 605]

 ### Operon type: 209

	 A0A009PG43	[616, 502, 263, 723, 0, 336, 605, 0, 0]

 ### Operon type: 210

	 A0A011PQZ7	[0, 0, 0, 719, 718, 0, 717, 0, 0]

 ### Operon type: 211

	 A0A011TUX4	[0, 0, 0, 0, 718, 0, 0, 717, 0]

 ### Operon type: 212

	 A0A011STZ9	[0, 0, 0, 717, 0, 0, 0, 0, 0]

 ### Operon type: 213

	 A0A011PRF5	[715, 0, 0, 0, 0, 0, 0, 0, 0]
	 A0A011PUJ9	[0, 0, 0, 0, 0, 0, 0, 0, 715]

 ### Operon type: 214

	 A0A011PFY8	[0, 0, 0, 0, 0, 0, 0, 0, 724]

 ### Operon type: 215

	 A0A011PNS3	[723, 724, 0, 0, 0, 0, 0, 0, 0]

 ### Operon type: 216

	 A0A011T648	[0, 724, 0, 0, 0, 0, 0, 616, 0]

 ### Operon type: 217

	 A0A011U3C2	[0, 0, 696, 0, 0, 0, 0, 0, 0]
	 A0A011AEN3	[0, 0, 0, 0, 0, 0, 696, 0, 0]

 ### Operon type: 218

	 A0A011AAZ2	[0, 431, 0, 0, 0, 696, 696, 696, 0]

 ### Operon type: 219

	 A0A011T698	[0, 0, 0, 0, 0, 557, 696, 0, 0]

 ### Operon type: 220

	 A0A009SNL0	[21, 20, 0, 0, 0, 0, 0, 0, 0]

 ### Operon type: 221

	 A0A009ZZC8	[-1, 20, 21, 0, 0, 0, 0, 0, 0]

 ### Operon type: 222

	 A0A009ZG48	[0, 0, 0, 702, 0, 0, 0, 0, 0]

 ### Operon type: 223

	 A0A011PEJ8	[0, 0, 462, 702, 0, 0, 0, 0, 0]

 ### Operon type: 224

	 A0A011QNJ7	[703, 0, 0, 702, 0, 0, 0, 703, 0]

 ### Operon type: 225

	 A0A011MMJ4	[0, 0, 0, 0, 0, 0, 0, 703, 0]

 ### Operon type: 226

	 A0A011R8M3	[0, 0, 462, 702, 0, 173, 0, 703, 0]

 ### Operon type: 227

	 A0A009TJ77	[0, 62, 0, 0, 0, 0, 0, 0, 0]

 ### Operon type: 228

	 A0A010RTE7	[0, 0, 0, 0, 0, 0, 78, 62, 0]

 ### Operon type: 229

	 A0A013S8F0	[374, 373, 372, 371, 370, 647, 679, 369, 428]
	 A0A013TPQ9	[374, 373, 372, 371, 370, 647, 679, 369, 428]
	 A0A009PMU2	[374, 373, 372, -1, 370, 647, 679, 369, 428]
	 A0A009SZ84	[374, 373, 372, 371, 370, 647, 679, 369, 428]

 ### Operon type: 230

	 A0A009IG48	[0, 0, 0, 61, 60, 0, 0, 0, 560]

 ### Operon type: 231

	 A0A009IMQ0	[0, 0, 0, 61, 60, 0, 0, 0, 0]

 ### Operon type: 232

	 A0A009SWV1	[0, 0, 0, 0, 0, 0, 0, 61, 0]

 ### Operon type: 233

	 A0A011TAW2	[0, 0, 0, 0, 0, 0, 287, 0, 0]
	 A0A009SFX8	[287, 0, 0, 0, 0, 0, 0, 0, 0]

 ### Operon type: 234

	 A0A011TZN1	[0, 0, 0, 0, 222, 0, 0, 0, 0]
	 A0A009RHH9	[0, 0, 0, 0, 222, 0, 0, 0, 0]

 ### Operon type: 235

	 A0A009PMZ9	[171, 0, 0, 0, 0, 0, 0, 0, 0]
	 A0A009Q512	[0, 0, 0, 0, 171, 0, 0, 0, 0]

 ### Operon type: 236

	 A0A009IFL2	[0, 99, 0, 23, -1, 0, 0, 0]

 ### Operon type: 237

	 A0A009ZDS1	[-1, -1, 0, 99, 0, 0, 419, 0, 0]

 ### Operon type: 238

	 A0A009NPS1	[0, 373, 372, 371, 370, -1, 0, 0, 0]
	 A0A010IZH1	[-1, 373, 372, 371, 370, 647, 0, 0, 0]
	 A0A009HJM0	[0, 373, 372, 371, 370, 647, 0, 0, 0]

 ### Operon type: 239

	 A0A009HUS9	[373, 372, 0, 0, 0, 0, -1, 0, 0]

 ### Operon type: 240

	 A0A009HM15	[0, 161, 160, 0, 0, 0, -1, 0, 0]

 ### Operon type: 241

	 A0A009RQL5	[0, 0, 0, 0, 0, 0, 161, 160, 0]

 ### Operon type: 242

	 A0A009IJ01	[0, 0, 0, 0, 0, 0, 161, 160, 159]

 ### Operon type: 243

	 A0A009NCH6	[0, 0, 0, 0, 0, 0, 0, 160, 159]

 ### Operon type: 244

	 A0A011UB51	[396, 0, 0, 0, 0, 0, 0, 0, 0]
	 A0A011UFH1	[0, 0, 0, 0, 0, 396, 0, 0, 0]

 ### Operon type: 245

	 A0A011VHP2	[0, -1, -1, -1, 130, 0, 0, 0, 0]
	 A0A011V965	[0, -1, -1, 0, 130, 0, -1, -1, 0]

 ### Operon type: 246

	 A0A010RVD0	[-1, 0, 0, -1, 0, 667, 667, 0, 14]

 ### Operon type: 247

	 A0A010T7Q5	[0, 14, 0, 0, 0, 0, -1, 0, 0]

 ### Operon type: 248

	 A0A010SNM6	[0, 0, -1, 0, 0, 0, 679, 0, 0]
	 A0A010SRR2	[0, 0, -1, 0, 0, 0, 0, 0, 679]

 ### Operon type: 249

	 A0A010SJH7	[0, 0, 679, -1, 0, 0, 149, 0, 0]

 ### Operon type: 250

	 A0A011V107	[0, -1, 0, 0, 0, 0, 0, 0, 0]
	 A0A011U7M7	[0, 0, -1, 0, 0, 0, 0, 0, 0]
	 A0A009N9Z1	[-1, 0, 0, 0, 0, 0, 0, 0, 0]
	 A0A009PH57	[0, 0, -1, 0, 0, 0, 0, 0, 0]
	 A0A010RKP8	[0, 0, 0, 0, 0, 0, -1, 0, 0]
	 A0A011UZ32	[0, 0, 0, 0, 0, -1, 0, 0, 0]
	 A0A011UZ49	[0, -1, 0, 0, 0, 0, 0, 0, 0]
	 A0A009QDV7	[-1, 0, 0, 0, 0, 0, 0, 0, 0]
	 A0A009RG92	[-1, 0, 0, 0, 0, 0, 0, 0, 0]
	 A0A010RY47	[-1, 0, -1, 0, 0, 0, 0, 0, 0]
	 A0A010JDA6	[-1, 0, 0, 0, 0, 0, 0, 0, 0]
	 A0A009IHQ3	[-1, 0, 0, 0, 0, 0, 0, 0, 0]
	 A0A009HJU6	[0, 0, 0, 0, 0, 0, 0, 0, -1]
	 A0A009H6M2	[-1, 0, 0, 0, 0, 0, 0, 0, 0]
	 A0A010TF14	[-1, 0, 0, 0, 0, 0, 0, 0, 0]
	 A0A009TG92	[0, 0, -1, 0, 0, 0, 0, 0, 0]

 ### Operon type: 251

	 A0A010SJF9	[0, 0, 0, 0, 0, -1, 0, 147, -1]

 ### Operon type: 252

	 A0A010T5D8	[0, 0, 0, -1, 0, -1, 324, 0, 0]

 ### Operon type: 253

	 A0A011ML54	[0, 0, 0, 549, 0, 0, 0, 0, -1]

 ### Operon type: 254

	 A0A011NHY1	[0, 0, 0, 0, 0, 679, 0, 0, 0]

 ### Operon type: 255

	 A0A010Z171	[0, 0, 0, 0, 0, 0, 679, 0, 500]

 ### Operon type: 256

	 A0A010ZX98	[0, 0, 0, 0, 0, 9, 679, 679, 0]

 ### Operon type: 257

	 A0A010YRE8	[0, 0, 0, 0, 0, 0, 0, 9, 0]

 ### Operon type: 258

	 A0A011AF05	[0, 0, 18, 9, 0, 0, 0, 0, 0]

 ### Operon type: 259

	 A0A011SQL0	[559, 0, -1, 0, 0, 0, 0, 0, 0]

 ### Operon type: 260

	 A0A009ZC82	[0, 0, 559, 0, 0, 0, 0, 0, 0]

 ### Operon type: 261

	 A0A011P3F6	[560, 0, 0, 559, 0, 0, 0, 0, 0]

 ### Operon type: 262

	 A0A011T697	[679, 0, 0, 0, 0, 0, 0, 0, 257]

 ### Operon type: 263

	 A0A011TDD1	[0, 304, 679, 0, 0, 0, 0, 0, 0]

 ### Operon type: 264

	 A0A011VW24	[0, 0, 576, 0, 0, 0, 0, 0, -1]

 ### Operon type: 265

	 A0A011T8V3	[0, 0, 576, 0, 0, 0, 0, 0, 0]

 ### Operon type: 266

	 A0A010TH98	[663, 0, 0, 576, 0, 0, 0, 0, 0]

 ### Operon type: 267

	 A0A011QVR3	[0, 0, 0, 0, 0, 0, 0, 543, 576]

 ### Operon type: 268

	 A0A011RM25	[0, 0, 0, 0, 0, 576, 0, 437, 0]

 ### Operon type: 269

	 A0A011VXC2	[-1, 400, 0, 0, 0, 0, 0, 0, 0]

 ### Operon type: 270

	 A0A011VYF1	[576, 0, 0, 0, 0, 0, 396, 0, 0]

 ### Operon type: 271

	 A0A010S415	[-1, 576, 0, 200, 0, 0, 0, 0, 408]

 ### Operon type: 272

	 A0A011QMJ8	[0, 0, 0, 0, 0, 0, 0, 0, 0]
	 A0A011PKU5	[0, 0, 0, 0, 0, 0, 0, 0, 0]
	 A0A011PJK8	[0, 0, 0, 0, 0, 0, 0, 0, 0]
	 A0A011PNN2	[0, 0, 0, 0, 0, 0, 0, 0, 0]
	 A0A011Q056	[0, 0, 0, 0, 0, 0, 0, 0, 0]
	 A0A011VSC9	[0, 0, 0, 0, 0, 0, 0, 0, 0]
	 A0A011VUV0	[0, 0, 0, 0, 0, 0, 0, 0, 0]
	 A0A011NTU3	[0, 0, 0, 0, 0, 0, 0, 0, 0]
	 A0A011QSN2	[0, 0, 0, 0, 0, 0, 0, 0, 0]
	 A0A011VZG0	[0, 0, 0, 0, 0, 0, 0, 0, 0]
	 A0A011VW71	[0, 0, 0, 0, 0, 0, 0, 0, 0]
	 A0A011P4U7	[0, 0, 0, 0, 0, 0, 0, 0, 0]
	 A0A011WKI4	[0, 0, 0, 0, 0, 0, 0, 0, 0]
	 A0A011NAJ1	[0, 0, 0, 0, 0, 0, 0, 0, 0]
	 A0A011NAY5	[0, 0, 0, 0, 0, 0, 0, 0, 0]
	 A0A011NDM5	[0, 0, 0, 0, 0, 0, 0, 0, 0]
	 A0A011Q1B3	[0, 0, 0, 0, 0, 0, 0, 0, 0]
	 A0A011N2Z0	[0, 0, 0, 0, 0, 0, 0, 0, 0]
	 A0A011N3C3	[0, 0, 0, 0, 0, 0, 0, 0, 0]
	 A0A011N4G4	[0, 0, 0, 0, 0, 0, 0, 0, 0]
	 A0A011SGD5	[0, 0, 0, 0, 0, 0, 0, 0, 0]
	 A0A011QVV5	[0, 0, 0, 0, 0, 0, 0, 0, 0]
	 A0A011NMI8	[0, 0, 0, 0, 0, 0, 0, 0, 0]
	 A0A011P9Z5	[0, 0, 0, 0, 0, 0, 0, 0, 0]
	 A0A011PBM9	[0, 0, 0, 0, 0, 0, 0, 0, 0]
	 A0A010ZTI3	[0, 0, 0, 0, 0, 0, 0, 0, 0]
	 A0A011VYF6	[0, 0, 0, 0, 0, 0, 0, 0, 0]
	 A0A011TWN2	[0, 0, 0, 0, 0, 0, 0, 0, 0]
	 A0A013SBR8	[0, 0, 0, 0, 0, 0, 0, 0, 0]
	 A0A011VWR4	[0, 0, 0, 0, 0, 0, 0, 0, 0]
	 A0A013S2B9	[0, 0, 0, 0, 0, 0, 0, 0, 0]
	 A0A013SL47	[0, 0, 0, 0, 0, 0, 0, 0, 0]
	 A0A011WUT3	[0, 0, 0, 0, 0, 0, 0, 0, 0]
	 A0A009M4K0	[0, 0, 0, 0, 0, 0, 0, 0, 0]
	 A0A009MGJ1	[0, 0, 0, 0, 0, 0, 0, 0, 0]
	 A0A009MGQ8	[0, 0, 0, 0, 0, 0, 0, 0, 0]
	 A0A011TLH0	[0, 0, 0, 0, 0, 0, 0, 0, 0]
	 A0A009PDV4	[0, 0, 0, 0, 0, 0, 0, 0, 0]
	 A0A009PT82	[0, 0, 0, 0, 0, 0, 0, 0, 0]
	 A0A009NQA1	[0, 0, 0, 0, 0, 0, 0, 0, 0]
	 A0A013T8M5	[0, 0, 0, 0, 0, 0, 0, 0, 0]
	 A0A009N031	[0, 0, 0, 0, 0, 0, 0, 0, 0]
	 A0A009N123	[0, 0, 0, 0, 0, 0, 0, 0, 0]
	 A0A011UHL2	[0, 0, 0, 0, 0, 0, 0, 0, 0]
	 A0A013TEV4	[0, 0, 0, 0, 0, 0, 0, 0, 0]
	 A0A009MMM3	[0, 0, 0, 0, 0, 0, 0, 0, 0]
	 A0A013TPV4	[0, 0, 0, 0, 0, 0, 0, 0, 0]
	 A0A011TAF9	[0, 0, 0, 0, 0, 0, 0, 0, 0]
	 A0A009PG53	[0, 0, 0, 0, 0, 0, 0, 0, 0]
	 A0A009MH90	[0, 0, 0, 0, 0, 0, 0, 0, 0]
	 A0A009Q3K7	[0, 0, 0, 0, 0, 0, 0, 0, 0]
	 A0A011WSE5	[0, 0, 0, 0, 0, 0, 0, 0, 0]
	 A0A009QQ47	[0, 0, 0, 0, 0, 0, 0, 0, 0]
	 A0A011UFM5	[0, 0, 0, 0, 0, 0, 0, 0, 0]
	 A0A011UG71	[0, 0, 0, 0, 0, 0, 0, 0, 0]
	 A0A011UGX8	[0, 0, 0, 0, 0, 0, 0, 0, 0]
	 A0A011UBN9	[0, 0, 0, 0, 0, 0, 0, 0, 0]
	 A0A011UTJ0	[0, 0, 0, 0, 0, 0, 0, 0, 0]
	 A0A010IPH1	[0, 0, 0, 0, 0, 0, 0, 0, 0]
	 A0A009IRJ6	[0, 0, 0, 0, 0, 0, 0, 0, 0]
	 A0A011VMV7	[0, 0, 0, 0, 0, 0, 0, 0, 0]
	 A0A011VNE2	[0, 0, 0, 0, 0, 0, 0, 0, 0]
	 A0A011V8Y9	[0, 0, 0, 0, 0, 0, 0, 0, 0]
	 A0A011UWH1	[0, 0, 0, 0, 0, 0, 0, 0, 0]
	 A0A009HBT3	[0, 0, 0, 0, 0, 0, 0, 0, 0]
	 A0A010ZJQ6	[0, 0, 0, 0, 0, 0, 0, 0, 0]
	 A0A009PAG1	[0, 0, 0, 0, 0, 0, 0, 0, 0]
	 A0A010IZE4	[0, 0, 0, 0, 0, 0, 0, 0, 0]
	 A0A009RBQ2	[0, 0, 0, 0, 0, 0, 0, 0, 0]
	 A0A009QVK8	[0, 0, 0, 0, 0, 0, 0, 0, 0]
	 A0A010YJA7	[0, 0, 0, 0, 0, 0, 0, 0, 0]
	 A0A009R2X0	[0, 0, 0, 0, 0, 0, 0, 0, 0]
	 A0A009R4N4	[0, 0, 0, 0, 0, 0, 0, 0, 0]
	 A0A009T1I8	[0, 0, 0, 0, 0, 0, 0, 0, 0]
	 A0A009I463	[0, 0, 0, 0, 0, 0, 0, 0, 0]
	 A0A009I0I9	[0, 0, 0, 0, 0, 0, 0, 0, 0]
	 A0A009HTN9	[0, 0, 0, 0, 0, 0, 0, 0, 0]
	 A0A009HIL8	[0, 0, 0, 0, 0, 0, 0, 0, 0]
	 A0A010SHY1	[0, 0, 0, 0, 0, 0, 0, 0, 0]
	 A0A009SHB3	[0, 0, 0, 0, 0, 0, 0, 0, 0]
	 A0A009SIF9	[0, 0, 0, 0, 0, 0, 0, 0, 0]
	 A0A009RR21	[0, 0, 0, 0, 0, 0, 0, 0, 0]
	 A0A009SCM5	[0, 0, 0, 0, 0, 0, 0, 0, 0]
	 A0A009RHH7	[0, 0, 0, 0, 0, 0, 0, 0, 0]
	 A0A009RMD0	[0, 0, 0, 0, 0, 0, 0, 0, 0]
	 A0A009SWU0	[0, 0, 0, 0, 0, 0, 0, 0, 0]
	 A0A009ISY0	[0, 0, 0, 0, 0, 0, 0, 0, 0]
	 A0A009HL81	[0, 0, 0, 0, 0, 0, 0, 0, 0]
	 A0A010SPJ7	[0, 0, 0, 0, 0, 0, 0, 0, 0]
	 A0A010SSQ8	[0, 0, 0, 0, 0, 0, 0, 0, 0]
	 A0A010T025	[0, 0, 0, 0, 0, 0, 0, 0, 0]
	 A0A011A146	[0, 0, 0, 0, 0, 0, 0, 0, 0]
	 A0A011AIL7	[0, 0, 0, 0, 0, 0, 0, 0, 0]
	 A0A010YZS8	[0, 0, 0, 0, 0, 0, 0, 0, 0]
	 A0A010Z120	[0, 0, 0, 0, 0, 0, 0, 0, 0]
	 A0A009T3J5	[0, 0, 0, 0, 0, 0, 0, 0, 0]

 ### Operon type: 273

	 A0A010TG27	[683, 0, 87, 0, 0, 0, 647, 0, 0]

 ### Operon type: 274

	 A0A011PMK1	[0, 0, 0, 0, 0, 0, 0, 683, 0]

 ### Operon type: 275

	 A0A009HRU1	[0, 234, 0, 0, 0, 0, 0, 0, 0]

 ### Operon type: 276

	 A0A009HSN8	[0, 67, 0, 0, 0, -1, 0, 272, -1]

 ### Operon type: 277

	 A0A009HV82	[177, 0, 0, 0, 0, 0, 0, 0, 0]

 ### Operon type: 278

	 A0A009IG74	[0, 0, 253, 0, 379, -1, 0, 0, 0]

 ### Operon type: 279

	 A0A009IJ90	[0, 45, 0, 0, 0, 0, 0, 0, 0]

 ### Operon type: 280

	 A0A009ISE1	[420, 0, 552, 0, 0, -1, 0, 0, 0]

 ### Operon type: 281

	 A0A009NM94	[0, 489, 489, 0, 0, 0, 304, 0, 0]

 ### Operon type: 282

	 A0A009Q4N5	[0, 0, 259, 0, 0, 0, 0, 0, 0]

 ### Operon type: 283

	 A0A009SSZ9	[0, 28, 0, 0, 0, 0, 0, 0, 0]

 ### Operon type: 284

	 A0A009TBM2	[0, 0, 0, 0, 0, 0, 0, 0, 320]

 ### Operon type: 285

	 A0A009Q8S9	[0, 0, 560, 320, 0, 334, 0, 0, 0]

 ### Operon type: 286

	 A0A009YIH1	[0, 0, 0, 0, 162, 0, -1, -1, 2]

 ### Operon type: 287

	 A0A009YR05	[0, 0, 0, 0, 128, 0, 0, 0, 0]

 ### Operon type: 288

	 A0A009Z004	[47, 0, 47, 0, 0, 500, 0, 0, 0]

 ### Operon type: 289

	 A0A010IGH8	[0, 0, 0, 0, 0, 0, 0, 305, 0]

 ### Operon type: 290

	 A0A010JIN9	[417, 0, 0, 62, 132, 0, 0, 0, 0]

 ### Operon type: 291

	 A0A010RS09	[0, 0, 0, 0, 78, 0, 581, 581, 0]

 ### Operon type: 292

	 A0A010RUQ5	[0, 0, 0, 0, 0, 0, 0, 0, 301]

 ### Operon type: 293

	 A0A010S195	[559, 0, 65, 64, 0, 0, 0, 0, 0]

 ### Operon type: 294

	 A0A010SCZ2	[0, 0, 0, 0, 0, 0, 0, 167, 0]

 ### Operon type: 295

	 A0A010SN41	[0, 0, 0, 0, 294, 0, 0, 0, 0]

 ### Operon type: 296

	 A0A010SSU2	[0, 0, 0, 0, 55, 0, -1, 468, 0]

 ### Operon type: 297

	 A0A010SUP6	[0, 0, 0, 0, 0, 0, 0, 64, 0]

 ### Operon type: 298

	 A0A010SUY9	[0, 0, 0, 0, 0, 173, 462, 0]

 ### Operon type: 299

	 A0A010THK2	[0, 0, -1, 0, 0, 581, 500, 0, 0]

 ### Operon type: 300

	 A0A010SRL4	[87, 0, 0, -1, 0, 0, 0, 500, 131]

 ### Operon type: 301

	 A0A010YF95	[625, 0, 0, 0, 0, 0, 0, 0, 0]

 ### Operon type: 302

	 A0A010YT39	[0, 546, 0, 0, 0, 0, 0, 0, 0]

 ### Operon type: 303

	 A0A010YX61	[355, 696, 0, 576, 0, 0, 0, 0, 0]

 ### Operon type: 304

	 A0A010ZWJ8	[0, 0, 0, 0, 0, 469, 0, 0, 0]

 ### Operon type: 305

	 A0A009ZVR4	[494, 0, 696, 0, 0, 33, 0, 0, 0]

 ### Operon type: 306

	 A0A011AHW1	[0, 0, 0, 0, 0, 0, 0, 4, 0]

 ### Operon type: 307

	 A0A011NE37	[485, 0, 0, 0, 0, 0, 0, 0, 0]

 ### Operon type: 308

	 A0A011NF78	[0, 0, 586, 0, 0, 0, 0, 0, 0]

 ### Operon type: 309

	 A0A011NVE2	[0, 0, 0, 616, 0, 0, 679, 0, 611]

 ### Operon type: 310

	 A0A011NXJ4	[0, 0, 0, 0, 0, 0, 0, 0, 597]

 ### Operon type: 311

	 A0A011P8I1	[0, 0, 694, 696, 0, 0, 0, 0, 469]

 ### Operon type: 312

	 A0A011P9Q7	[466, 0, 0, 0, 0, 0, 0, 0, 0]

 ### Operon type: 313

	 A0A011PCT1	[0, 0, 0, 0, 0, 0, 0, 530, 0]

 ### Operon type: 314

	 A0A011PJ75	[0, 616, 502, 616, 0, 0, 0, 0, 0]

 ### Operon type: 315

	 A0A011PRB4	[0, 0, 0, 0, 0, 0, 0, 716, 0]

 ### Operon type: 316

	 A0A011Q5V7	[624, 0, 0, 0, 0, 0, 0, 0, 0]

 ### Operon type: 317

	 A0A011QU35	[0, 0, 0, 0, 537, 0, 0, 0, 0]

 ### Operon type: 318

	 A0A011QVT2	[536, 0, 0, 0, 0, 0, 0, 723, 0]

 ### Operon type: 319

	 A0A011RP14	[0, 0, 0, 0, 0, 0, 0, 496, 0]

 ### Operon type: 320

	 A0A011SM49	[679, 0, 496, 0, 0, 0, 329, 0, 0]

 ### Operon type: 321

	 A0A011AM27	[717, 0, 0, 0, 421, 0, 0, 0, 91]

 ### Operon type: 322

	 A0A011T607	[0, 0, 656, 0, 0, 0, 0, 0, 304]

 ### Operon type: 323

	 A0A010S5W8	[0, 0, 501, 656, 0, 0, 0, 0, 0]

 ### Operon type: 324

	 A0A011MSR2	[0, 0, 0, 501, 0, 0, 0, 692, 0]

 ### Operon type: 325

	 A0A010YYJ5	[0, 0, 0, 692, 0, 0, 0, 33, 33]

 ### Operon type: 326

	 A0A011TED9	[0, 0, 0, 0, 0, 302, 0, 0, 0]

 ### Operon type: 327

	 A0A011TXS5	[0, 328, 0, 0, 0, 0, 0, 0, 0]

 ### Operon type: 328

	 A0A011U144	[0, 301, 0, 0, 0, 0, 597, 442, 0]

 ### Operon type: 329

	 A0A011U1C8	[557, 0, 0, 0, 0, 0, 0, 0, 300]

 ### Operon type: 330

	 A0A011U483	[0, 0, 0, 0, 0, 556, 0, 0, 0]

 ### Operon type: 331

	 A0A011UDF3	[0, 0, 0, 0, 0, 392, 0, 0, 0]

 ### Operon type: 332

	 A0A011UG86	[0, 621, 0, 0, 0, 147, 0, 0, 0]

 ### Operon type: 333

	 A0A011UGY3	[0, 0, 0, 90, 0, 0, 0, 90, 0]

 ### Operon type: 334

	 A0A011UJN3	[0, 336, 0, 0, 0, 0, 0, 0, 0]

 ### Operon type: 335

	 A0A009INE0	[139, 0, 0, 0, 0, 0, 0, 502, 336]

 ### Operon type: 336

	 A0A011UQB5	[488, 539, 0, 0, 0, 0, 0, 396, 0]

 ### Operon type: 337

	 A0A011UVI5	[0, 0, 0, 0, 0, 121, 616, 616, 0]

 ### Operon type: 338

	 A0A011UWI3	[0, 0, 0, 0, 261, 0, 120, 559, 0]

 ### Operon type: 339

	 A0A011V5E6	[0, 0, 0, 0, 0, 375, 0, 0, 0]

 ### Operon type: 340

	 A0A011M4H6	[168, 0, 124, 0, 0, 0, 0, 0, 0]

 ### Operon type: 341

	 A0A011VSV3	[0, 0, 0, 0, 0, 0, 699, 0, 0]

 ### Operon type: 342

	 A0A011VWI0	[0, 0, 0, 0, 0, 579, 0, 0, 0]

 ### Operon type: 343

	 A0A011VZ91	[345, 0, 0, 0, 0, 0, 0, 0, 0]

 ### Operon type: 344

	 A0A011W213	[0, 0, 0, 0, 0, 612, 0, 0, 0]

 ### Operon type: 345

	 A0A011WP76	[0, 0, 0, 0, 0, 0, 0, 0, 636]

 ### Operon type: 346

	 A0A011WSD4	[0, 0, 0, -1, 0, 692, 0, 0, 580]

 ### Operon type: 347

	 A0A011VZF5	[0, 0, 343, 342, 0, 692, 580, 692, 0]

 ### Operon type: 348

	 A0A011WSU6	[0, 692, 0, 0, 295, 0, 0, 0, 0]

 ### Operon type: 349

	 A0A013S843	[0, 369, 0, 0, 0, 0, -1, 311, 0]

 ### Operon type: 350

	 A0A013S981	[365, 0, 0, 0, 0, 0, 0, 0, 0]

 ### Operon type: 351

	 A0A013T337	[0, 0, 0, 0, 0, 0, 0, 0, 244]

 ### Operon type: 352

	 A0A013T5E6	[0, 0, 0, 243, 0, 0, 0, 0, 0]

 ### Operon type: 353

	 A0A013SGL3	[357, 356, 355, 354, 353, 569, 352, 557, 351]
	 A0A009NE81	[357, 356, 355, 354, 353, 569, 352, 557, 351]
	 A0A010KAV2	[357, 0, 0, 354, 353, 569, 352, 557, 351]
	 A0A009I5Z6	[357, 0, 355, 354, 353, 569, 352, 557, 351]
	 A0A009RQH3	[357, 0, 0, 354, 353, 569, 352, 557, 351]

 ### Operon type: 354

	 A0A013TB41	[357, -1, 0, 0, 353, 569, 352, 557, 351]

 ### Operon type: 355

	 A0A009H3X4	[357, 0, 0, 0, 353, 569, -1, 581, -1]

 ### Operon type: 356

	 A0A009YL68	[0, 0, 557, 357, 353, 0, 0, 100, 0]

 ### Operon type: 357

	 A0A009T9H0	[0, 2, 560, -1, 0, 0, 235, 0, 234]

 ### Operon type: 358

	 A0A010THH5	[0, 92, 99, 121, 0, 0, 486, 0, 419]

 ### Operon type: 359

	 A0A011VZE3	[0, 0, 0, 647, 344, 0, 0, 0, 0]
	 A0A011WSH8	[0, 0, 0, 647, 344, 0, 0, 0, 0]

 ### Operon type: 360

	 A0A011NAF3	[0, 0, 0, 0, 0, 0, 647, 0, 564]

 ### Operon type: 361

	 A0A009IQ93	[145, 0, 647, 0, 0, 131, 0, 0, 0]

 ### Operon type: 362

	 A0A009TLU4	[0, 328, -1, 16, 0, 12, 0, -1, -1]

 ### Operon type: 363

	 A0A010JNG7	[425, 0, 0, 424, 0, 0, 0, 0, 0]

 ### Operon type: 364

	 A0A010S003	[571, 0, 0, 0, 0, 621, 621, 205, 0]

 ### Operon type: 365

	 A0A010SMN8	[0, -1, 72, 0, 520, 0, 0, 575, 0]

 ### Operon type: 366

	 A0A010SXS1	[0, 263, 0, 0, 0, 335, 0, 0, 723]

 ### Operon type: 367

	 A0A010T689	[91, -1, 486, 578, 0, 0, 0, 0, 0]

 ### Operon type: 368

	 A0A010TBB4	[0, 447, 0, 147, 0, 0, 0, 0, 557]

 ### Operon type: 369

	 A0A010YFK3	[0, 438, 0, 0, 0, 0, 629, 0, 300]

 ### Operon type: 370

	 A0A010YVY1	[8, 0, 8, 0, 0, 0, 0, 205, 0]

 ### Operon type: 371

	 A0A010Z7T4	[0, 0, 0, 0, 0, 0, 0, 251, 719]

 ### Operon type: 372

	 A0A010RRR9	[0, 0, 0, 0, 652, 0, 0, 122, 251]

 ### Operon type: 373

	 A0A010SIA7	[0, 0, 122, 83, 0, 0, 0, 0, 0]

 ### Operon type: 374

	 A0A010ZSZ2	[0, 431, 0, 441, 430, 0, 0, 0, 0]

 ### Operon type: 375

	 A0A010Z0Y7	[0, 0, 0, 0, 430, 200, 0, 0, 0]

 ### Operon type: 376

	 A0A010ZUR7	[169, 5, 0, 5, 0, 4, 205, 0, 0]

 ### Operon type: 377

	 A0A011A0M8	[0, 0, 500, 0, 23, 0, 0, 3, 3]

 ### Operon type: 378

	 A0A011NFL4	[0, 548, 0, 0, 547, 683, 0, 546, 0]

 ### Operon type: 379

	 A0A011P407	[0, 0, 558, 657, 0, 0, 557, 0, 556]

 ### Operon type: 380

	 A0A011QGT2	[647, 0, 0, 646, 645, 0, 0, 0, 0]

 ### Operon type: 381

	 A0A011QSA4	[589, 0, 588, 587, 0, 0, 0, 0, 586]

 ### Operon type: 382

	 A0A011T6J6	[0, 624, 0, 696, 0, 0, 179, 0, 178]

 ### Operon type: 383

	 A0A011TAL2	[0, 656, 0, 0, 0, 190, 0, 604, 0]

 ### Operon type: 384

	 A0A011TYT7	[0, 0, 0, 0, 0, 0, 340, 339, 339]

 ### Operon type: 385

	 A0A011TZG0	[500, 622, 0, 0, 0, 0, 0, 338, 0]

 ### Operon type: 386

	 A0A011Q6N5	[0, 0, 0, 0, 0, 0, 623, 622, 623]

 ### Operon type: 387

	 A0A011UII7	[0, 0, 0, 0, 0, 611, 337, 0, 0]

 ### Operon type: 388

	 A0A011UNT9	[334, 333, 0, 0, 0, 0, 0, 0, 0]

 ### Operon type: 389

	 A0A011SIS0	[0, 514, 332, 332, 0, 0, 0, 333, 0]

 ### Operon type: 390

	 A0A011UT49	[0, 431, 0, 0, 0, 0, 263, 144, 0]

 ### Operon type: 391

	 A0A011VU65	[630, 0, 0, 0, 0, 629, 0, 0, 0]

 ### Operon type: 392

	 A0A011VV03	[0, 169, 0, 0, 348, 168, 0, 0, 0]

 ### Operon type: 393

	 A0A011VVZ9	[0, 0, -1, 0, 0, 167, 166, 166, 331]

 ### Operon type: 394

	 A0A011VWX7	[723, 401, 0, 0, 0, 0, 0, 487, 0]

 ### Operon type: 395

	 A0A011VXK7	[489, 489, 0, 399, 0, 0, 0, 626, 0]

 ### Operon type: 396

	 A0A011W0I6	[341, 0, 0, 0, 0, 497, 0, 549, 0]

 ### Operon type: 397

	 A0A010YEF6	[0, 341, 0, 0, 0, 0, 0, 0, 73]

 ### Operon type: 398

	 A0A013SQH1	[0, 0, 0, 0, 294, 465, 0, 425, 542]

 ### Operon type: 399

	 A0A009LNU8	[288, 290, 291, 292, 0, 16, 0, 425, 0]

 ### Operon type: 400

	 A0A013SRG6	[293, 292, 291, 290, 0, 289, 0, 288, 473]

 ### Operon type: 401

	 A0A009IQU8	[0, 290, 0, 0, 0, 289, 473, 0, 0]

 ### Operon type: 402

	 A0A010K2K8	[291, 292, 293, 0, 0, 0, 0, -1, 425]

 ### Operon type: 403

	 A0A011NPR8	[0, 473, 0, 0, 0, 0, 472, 0, 0]

 ### Operon type: 404

	 A0A010SEA2	[628, 472, 92, 0, 0, 0, 0, 0, 0]

 ### Operon type: 405

	 A0A009ZIC0	[453, 452, 451, 450, 449, 521, 448, 447, 446]

 ### Operon type: 406

	 A0A009ZB47	[102, 101, 0, 0, 0, 692, 417, 0, 0]

 ### Operon type: 407

	 A0A010RM40	[249, 647, 658, 0, 0, 0, 0, -1, 555]

 ### Operon type: 408

	 A0A010RRQ6	[0, 124, 0, 0, 0, 520, 451, 123, 0]

 ### Operon type: 409

	 A0A010S423	[179, 0, 0, 0, 0, 0, 0, 120, 493]

 ### Operon type: 410

	 A0A010T0I7	[0, 0, 73, 0, 0, 694, 588, 647, 0]

 ### Operon type: 411

	 A0A011AHU9	[0, 0, 0, 0, 0, 0, 0, 6, 551]

 ### Operon type: 412

	 A0A010YY02	[0, 7, 0, 0, 7, 660, 445, 0, 6]

 ### Operon type: 413

	 A0A011NA78	[0, 426, 0, 0, 0, 667, 0, 0, 555]

 ### Operon type: 414

	 A0A011P8W7	[685, 558, 723, 0, 468, 0, 0, 0, 0]

 ### Operon type: 415

	 A0A011PG97	[575, 0, 0, 574, 0, 0, 0, 0, 0]

 ### Operon type: 416

	 A0A011PKT4	[0, 465, 0, 0, 0, 0, 464, 0, 0]

 ### Operon type: 417

	 A0A011PLB2	[0, 685, 0, 684, 0, 0, 0, 0, 0]

 ### Operon type: 418

	 A0A011R339	[0, 0, 0, 0, 0, 0, 232, 231, 0]

 ### Operon type: 419

	 A0A011SFE5	[0, 0, 0, 489, 0, 0, 548, 657, 488]

 ### Operon type: 420

	 A0A011SJT5	[0, 0, 0, 331, 330, 330, 330, 330, 330]

 ### Operon type: 421

	 A0A011TDQ5	[0, 0, 0, 0, 303, 498, 0, 0, 0]

 ### Operon type: 422

	 A0A011UG17	[182, 0, 346, 0, 148, 630, 0, 0, 0]

 ### Operon type: 423

	 A0A011V8Z7	[0, 0, 0, 0, 0, 126, 125, 0, 0]

 ### Operon type: 424

	 A0A011VT01	[0, 0, 633, 0, 0, 633, 0, 0, 632]

 ### Operon type: 425

	 A0A011VYP6	[0, 0, 0, 0, 0, 0, 346, 653, 0]

 ### Operon type: 426

	 A0A011V392	[400, 0, 716, 343, 342, 180, 0, 295, 181]

 ### Operon type: 427

	 A0A009Q0U9	[461, 460, 459, 0, 27, 26, -1, -1, 0]

 ### Operon type: 428

	 A0A010SRB2	[12, 11, 0, 0, 0, 11, 10, 0, 0]

 ### Operon type: 429

	 A0A011VJ76	[129, 129, 144, 546, 0, 647, 500, 0, 558]

 ### Operon type: 430

	 A0A013SKX6	[0, 0, 495, 0, 379, 379, 378, 377, 376]

 ### Operon type: 431

	 A0A010KA25	[417, 0, 486, 386, 146, 0, 0, 417, 373]

 ### Operon type: 432

	 A0A011WUA8	[511, 0, 0, 310, 0, 0, 0, 309, 309]

 ### Operon type: 433

	 A0A010S4X6	[0, 200, 658, 621, 195, 0, 610, 693, 581]

 ### Operon type: 434

	 A0A011U8C0	[0, 299, 298, 0, 297, 296, 0, 0, 0]
