
 ### Operon type: 1

	 A0A010ILU3	[565, 564, 563, 562, 561, 560, 559, 558, 557]
	 A0A009QBR9	[565, 564, 563, 562, 561, 560, 558, 557, 249]
	 A0A009QS71	[565, 564, 563, 562, 561, 560, 559, 558, 557]
	 A0A009MW50	[565, 564, 563, 562, 561, 560, 559, 558, 557]
	 A0A009H3B0	[565, 564, 563, 562, 561, 560, 559, 558, 557]
	 A0A009I8S2	[565, 564, 563, 562, 561, 560, 558, 557, 249]
	 A0A009TM70	[565, 564, 563, 562, 561, 560, 558, 557, 249]

 ### Operon type: 2

	 A0A013TH43	[482, 481, 825, 480, 479, 478, 477, 476, 475]
	 A0A009RAF0	[482, 481, 825, 480, 479, 478, 477, 476, 475]

 ### Operon type: 3

	 A0A011PVT3	[767, 640, 639, 638, 686, 637, 636, 635, 634]
	 A0A011R7V7	[767, 640, 639, 638, 686, 637, 636, 635, 634]
	 A0A011MET3	[767, 640, 639, 638, 686, 637, 636, 635, 634]

 ### Operon type: 4

	 A0A013RZW2	[528, 339, 557, 338, 337, 410, 377, 336, 335]
	 A0A009IV03	[528, 339, 557, 338, 337, 410, 377, 336, 335]
	 A0A013SNJ8	[528, 339, 557, 338, 337, 410, 377, 336, 335]
	 A0A010J9U3	[528, 339, 557, 338, 337, 410, 377, 336, 335]
	 A0A009PH20	[528, 339, 557, 338, 337, 410, 377, 336, 335]
	 A0A009MMM3	[528, 339, 557, 338, 337, 410, 377, 336, 335]
	 A0A009HBT3	[528, 339, 557, 338, 337, 410, 377, 336, 335]
	 A0A009SIZ4	[528, 339, 557, 338, 337, 410, 377, 336, 335]
	 A0A009RD69	[528, 339, 557, 338, 337, 410, 377, 336, 335]
	 A0A009YIZ0	[528, 339, 557, 338, 337, 410, 377, 336, 335]

 ### Operon type: 5

	 A0A009PH57	[184, 183, -1, 182, 181, 610, 180, 470, 179]
	 A0A009TG92	[184, 183, -1, 182, 181, 610, 180, 470, 179]

 ### Operon type: 6

	 A0A013SXT2	[414, 413, 412, 411, 410, 409, 408, 407, 406]
	 A0A013S288	[414, 413, 412, 411, 410, 409, 408, 407, 406]
	 A0A009I0I9	[414, 413, 412, 411, 410, 409, 408, 407, 406]
	 A0A010J3I1	[414, 413, 412, 411, 410, 409, 408, 407, 406]
	 A0A009N031	[414, 413, 412, 411, 410, 409, 408, 407, 406]
	 A0A009PWG1	[414, 413, 412, 411, 410, 409, 408, 407, 406]
	 A0A009R2X0	[414, 413, 412, 411, 410, 409, 408, 407, 406]
	 A0A009SFX8	[414, 413, 412, 411, 46, 410, 409, 408, 407]
	 A0A009TBM2	[413, 412, 411, 46, 410, 409, 408, 407, 406]

 ### Operon type: 7

	 A0A010IMP8	[553, 743, 552, 551, 550, 549, 548, 547, 546]
	 A0A013T8M5	[553, 743, 552, 551, 550, 549, 548, 547, 546]
	 A0A013SZ54	[553, 743, 552, 551, 550, 549, 548, 547, 546]
	 A0A009IRJ6	[553, 743, 552, 551, 550, 549, 548, 547, 546]
	 A0A009N123	[553, 743, 552, 551, 550, 549, 548, 547, 546]
	 A0A009H7U0	[553, 743, 552, 551, 550, 549, 548, 547, 546]
	 A0A009SWU0	[553, 743, 552, 551, 550, 549, 548, 547, 546]
	 A0A009Q3K7	[553, 743, 552, 551, 550, 549, 548, 547, 546]
	 A0A009RBQ2	[553, 743, 552, 551, 550, 549, 548, 547, 546]
	 A0A009ZM43	[-1, 743, 552, 551, 550, 549, 548, 547, 546]

 ### Operon type: 8

	 A0A009RG92	[-1, 396, 688, 395, 394, 695, 393, 392, 391]
	 A0A013RMD0	[-1, 396, 688, 395, 394, 695, 393, 392, 391]
	 A0A009QDV7	[-1, 396, 688, 395, 394, 695, 393, 392, 391]
	 A0A010JDA6	[-1, 396, 688, 395, 394, 695, 393, 392, 391]
	 A0A009N9Z1	[-1, 396, 688, 395, 394, 695, 393, 392, 391]
	 A0A009H6M2	[-1, 396, 688, 395, 394, 695, 393, 392, 391]
	 A0A009S854	[-1, 396, 688, 395, 394, 695, 393, 392, 391]
	 A0A009IHQ3	[-1, 396, 688, 395, 394, 695, 393, 392, 391]
	 A0A009ZIC0	[111, 396, 688, 395, 394, 695, 393, 392, 391]

 ### Operon type: 9

	 A0A011UIA1	[271, 270, 269, 268, 267, 266, 265, 264, 0]
	 A0A011V5V3	[0, 271, 270, 269, 268, 267, 266, 265, 264]

 ### Operon type: 10

	 A0A011PTE7	[673, 672, 671, 670, 669, 0, 668, 667, 666]
	 A0A011NE72	[673, 672, 671, 670, 669, 668, 667, 666, 0]

 ### Operon type: 11

	 A0A010JWJ1	[389, 388, 691, 387, 386, 385, 384, 383, 382]
	 A0A009I4A1	[389, 388, 691, 387, 386, 385, 384, 383, 382]

 ### Operon type: 12

	 A0A009QF22	[135, 134, 389, 0, 386, 385, 384, 383, 382]
	 A0A009TBY8	[135, 134, 389, 387, 386, 385, 384, 383, 382]

 ### Operon type: 13

	 A0A011NEY3	[516, 736, 735, 734, 734, 733, 732, 731, 0]

 ### Operon type: 14

	 A0A011PAN4	[736, 735, 0, 734, 734, 733, 732, 731, 730]

 ### Operon type: 15

	 A0A011RCD5	[516, 736, 735, 734, 734, 733, 732, 731, 730]

 ### Operon type: 16

	 A0A011P4U7	[0, 757, 756, 755, 754, 753, 752, 751, 750]
	 A0A011NAY5	[757, 756, 755, 754, 753, 752, 751, 750, 0]

 ### Operon type: 17

	 A0A011PF67	[727, 726, 725, 724, 723, 0, 0, 0, 0]
	 A0A011NBX7	[727, 726, 725, 724, 723, 644, 0, 0, 0]
	 A0A011NW66	[727, 726, 725, 724, 723, 644, 0, 0, 0]

 ### Operon type: 18

	 A0A011NS68	[727, 726, 725, 724, 723, 653, 652, 660, 762]
	 A0A011RHX4	[727, 726, 725, 724, 723, 653, 652, 660, 0]

 ### Operon type: 19

	 A0A010YT39	[0, 658, 40, 687, 39, 38, 37, 36, 360]

 ### Operon type: 20

	 A0A010Z7T4	[40, 687, 39, 38, 37, 36, 360, 684, 680]

 ### Operon type: 21

	 A0A010K6G6	[379, 378, 377, 376, 375, 374, 373, 0, 372]
	 A0A013SP43	[379, 378, 377, 376, 375, 374, 373, 285, 372]
	 A0A009RUN3	[379, 378, 377, 376, 375, 374, 373, 285, 372]

 ### Operon type: 22

	 A0A011VWR4	[0, 0, 0, 0, 352, 351, 350, 349, 348]

 ### Operon type: 23

	 A0A011VYP6	[352, 351, 350, 349, 348, 0, 347, 638, 0]

 ### Operon type: 24

	 A0A011QAS2	[0, 781, 780, 779, 778, 777, 776, 775, 774]
	 A0A011NEQ1	[0, 781, 780, 779, 778, 777, 776, 775, 774]

 ### Operon type: 25

	 A0A010JSI3	[703, 702, 701, 700, 699, 698, 697, 696, 0]
	 A0A013T0M4	[703, 702, 701, 700, 699, 698, 697, 696, 0]
	 A0A009RGL2	[703, 702, 701, 700, 699, 698, 697, 696, 390]
	 A0A009HDS5	[703, 702, 701, 700, 699, 698, 697, 696, 390]

 ### Operon type: 26

	 A0A009SNL0	[87, 86, 361, 94, 93, 92, 91, 90, 89]

 ### Operon type: 27

	 A0A009T1I8	[361, 94, 93, 92, 91, 90, 89, 0, 0]

 ### Operon type: 28

	 A0A011VW71	[0, 215, 214, 213, 212, 211, 210, 815, 209]
	 A0A011VUV0	[215, 214, 213, 212, 211, 210, 815, 209, 0]

 ### Operon type: 29

	 A0A011UG71	[204, 222, 203, 208, 207, 223, 206, 221, 205]

 ### Operon type: 30

	 A0A011V8Z7	[0, 0, 204, 222, 203, 208, 207, 223, 206]

 ### Operon type: 31

	 A0A011V8Y9	[208, 207, 223, 206, 221, 205, 0, 0, 0]

 ### Operon type: 32

	 A0A011U8C0	[0, 223, 222, 0, 467, 221, 0, 0, 0]

 ### Operon type: 33

	 A0A011QSF0	[0, 869, 868, 867, 866, 865, 864, 863, 0]
	 A0A011QBB5	[721, 869, 868, 867, 866, 865, 864, 863, 614]
	 A0A011Q0X6	[721, 869, 868, 867, 866, 865, 864, 863, 614]
	 A0A011Q1X8	[869, 0, 868, 867, 866, 865, 864, 863, 614]

 ### Operon type: 34

	 A0A011PG87	[721, 869, 868, 867, 866, 865, 864, 0, 0]

 ### Operon type: 35

	 A0A011PCT1	[856, 855, 854, 0, 0, 0, 0, 831, 0]

 ### Operon type: 36

	 A0A011QU35	[0, 0, 0, 0, 857, 0, 856, 855, 854]

 ### Operon type: 37

	 A0A011Q2B1	[860, 749, 857, 835, 854, 834, 833, 832, 831]

 ### Operon type: 38

	 A0A011RLN8	[859, 858, 857, 835, 854, 834, 833, 832, 831]

 ### Operon type: 39

	 A0A011P700	[0, 0, 862, 861, 860, 749, 857, 835, 854]

 ### Operon type: 40

	 A0A011QSI4	[0, 0, 862, 861, 860, 0, 859, 858, 857]

 ### Operon type: 41

	 A0A013T337	[648, 692, 503, 502, 501, 836, 500, 839, 499]
	 A0A013TH30	[648, 692, 503, 502, 501, 836, 500, 839, 499]
	 A0A013S981	[381, 648, 692, 503, 502, 501, 836, 500, 839]

 ### Operon type: 42

	 A0A010JY00	[381, 648, 692, 503, 380, 836, 500, 839, 499]

 ### Operon type: 43

	 A0A009MGJ1	[296, 295, 294, 293, 292, 291, 809, 691, 290]
	 A0A013TPV4	[296, 295, 294, 293, 292, 291, 809, 691, 290]
	 A0A009QQ47	[296, 295, 294, 293, 292, 291, 809, 691, 290]
	 A0A010IZE4	[296, 295, 294, 293, 292, 291, 809, 691, 290]
	 A0A009SZB5	[296, 295, 294, 293, 292, 291, 809, 691, 290]
	 A0A009HL81	[296, 295, 294, 293, 292, 291, 809, 691, 290]
	 A0A009HR98	[296, 295, 294, 293, 292, 291, 809, 691, 290]

 ### Operon type: 44

	 A0A009Z8F7	[295, 294, 291, 0, 292, 5, 5, 0, 47]

 ### Operon type: 45

	 A0A009HFU9	[115, 114, 113, 112, 111, 581, 110, 109, 0]
	 A0A009R016	[115, 114, 113, 112, 111, -1, 581, 110, 109]

 ### Operon type: 46

	 A0A011UJN3	[0, 543, 0, 0, 459, 458, 457, 456, 455]

 ### Operon type: 47

	 A0A011W213	[459, 458, 457, 456, 455, 604, 0, 0, 0]

 ### Operon type: 48

	 A0A011QUG8	[853, 852, 851, 850, 849, 848, 0, 847, 846]
	 A0A011QIT1	[853, 852, 851, 850, 849, 848, 847, 846, 795]

 ### Operon type: 49

	 A0A011PP01	[683, 682, 681, 704, 705, 706, 707, 708, 709]
	 A0A011NVE7	[683, 682, 681, 704, 705, 706, 707, 708, 709]

 ### Operon type: 50

	 A0A011P2I4	[783, 711, 710, 709, 708, 707, 706, 705, 704]
	 A0A011N9N8	[783, 711, 710, 709, 708, 707, 706, 705, 704]

 ### Operon type: 51

	 A0A011PIY7	[664, 0, 710, 709, 708, 707, 706, 0, 704]

 ### Operon type: 52

	 A0A011Q3J4	[0, 664, 710, 709, 708, 707, 706, 705, 0]

 ### Operon type: 53

	 A0A011MH88	[663, 664, 710, 709, 708, 707, 706, 705, 704]

 ### Operon type: 54

	 A0A013SPM5	[497, 496, 495, 494, 493, 492, 491, 490, 489]
	 A0A010IX62	[497, 496, 495, 494, 493, 492, 491, 490, 489]
	 A0A009QFZ7	[497, 496, 495, 494, 493, 492, 491, 490, 489]
	 A0A009MH71	[497, 496, 495, 494, 493, 492, 491, 490, 489]
	 A0A009I6Z0	[497, 496, 495, 494, 493, 492, 491, 490, 489]
	 A0A009HSL1	[497, 496, 495, 494, 493, 492, 491, 490, 489]
	 A0A009TK03	[497, 496, 495, 494, 493, 492, 491, 490, 489]

 ### Operon type: 55

	 A0A009ZIX8	[0, 6, 495, 494, 493, 25, 0, 489, 0]

 ### Operon type: 56

	 A0A010JJN4	[579, 578, 577, 576, 575, 574, 573, 745, 649]
	 A0A013TPR7	[579, 578, 577, 576, 575, 574, 573, 745, 649]
	 A0A009PMT3	[579, 578, 577, 576, 575, 574, 573, 745, 649]
	 A0A009NI48	[579, 578, 577, 576, 575, 574, 573, 745, -1]
	 A0A009SEP4	[579, 578, 577, 576, 575, 0, 574, 573, 0]
	 A0A009RMI1	[579, 578, 577, 576, 575, 574, 573, 745, 0]
	 A0A009HJJ5	[579, 578, 577, 576, 575, 574, 573, 745, 72]
	 A0A009I8I7	[579, 578, 577, 576, 575, 574, 573, 745, 72]
	 A0A009YG45	[0, 579, 578, 577, 575, 0, 574, 573, 745]

 ### Operon type: 57

	 A0A013S8F0	[332, 370, 331, 330, 329, 691, 656, 334, 650]
	 A0A013TPQ9	[332, 370, 331, 330, 329, 691, 656, 334, 650]
	 A0A010IZH1	[-1, 370, 331, 330, 329, 691, 656, 334, 650]
	 A0A009PMU2	[332, 370, 331, -1, 329, 691, 656, 334, 650]
	 A0A009SZ84	[332, 370, 331, 330, 329, 691, 656, 334, 650]
	 A0A009HJM0	[332, 370, 331, 330, 329, 691, 656, 334, 650]

 ### Operon type: 58

	 A0A009HUS9	[370, 331, 0, 330, 329, 303, -1, 304, 305]

 ### Operon type: 59

	 A0A009ISE1	[574, 573, 745, 305, 304, -1, 303, 329, 330]

 ### Operon type: 60

	 A0A009NPS1	[332, 370, 331, 330, 329, -1, 745, 573, 574]

 ### Operon type: 61

	 A0A013SB36	[325, 324, 323, 322, 321, 598, 597, 320, 319]
	 A0A009QSI3	[325, 324, 323, 322, 321, 598, 597, 320, -1]

 ### Operon type: 62

	 A0A010ITP2	[325, 324, 323, 322, 321, 598, 597, 0, 0]

 ### Operon type: 63

	 A0A009SII9	[-1, 324, 323, 322, 321, 598, 597, 97, 96]

 ### Operon type: 64

	 A0A009T0Q9	[321, 598, 597, 97, 96, 319, 663, 691, 95]

 ### Operon type: 65

	 A0A009YJF4	[0, 598, 597, 99, 98, 663, 691, 0, 95]

 ### Operon type: 66

	 A0A009GP96	[0, 108, 691, 684, 371, 107, 581, 106, 105]

 ### Operon type: 67

	 A0A009GSR4	[684, 371, 107, 581, 106, 105, 105, 104, 0]

 ### Operon type: 68

	 A0A009IIT6	[108, 691, 684, 371, 106, 105, 105, 104, 0]

 ### Operon type: 69

	 A0A011SQL0	[761, 469, -1, 468, 467, 466, 465, 464, 463]
	 A0A011UZ49	[469, -1, 468, 467, 466, 465, 464, 463, 0]

 ### Operon type: 70

	 A0A009PT82	[711, 615, 169, 168, 308, 307, 306, 167, 166]
	 A0A009SIF9	[711, 615, 169, 168, 308, 307, 306, 167, 166]

 ### Operon type: 71

	 A0A009IS10	[309, 0, 0, 0, 308, 307, 306, 0, 0]

 ### Operon type: 72

	 A0A009QHW5	[0, 0, 0, 565, 308, 307, 306, 0, 133]

 ### Operon type: 73

	 A0A011UVB4	[0, 0, 0, 125, 0, 0, 309, 0, 209]

 ### Operon type: 74

	 A0A011V107	[277, -1, 313, 311, 314, 310, 276, 275, 0]
	 A0A011U7M7	[0, 277, -1, 313, 311, 314, 310, 276, 275]

 ### Operon type: 75

	 A0A011TLH0	[315, 314, 313, 312, 311, 310, 0, 0, 0]

 ### Operon type: 76

	 A0A011UG87	[451, 452, 453, 315, 314, 313, 312, 311, 310]

 ### Operon type: 77

	 A0A011TLH7	[453, 452, 451, 0, 0, 0, 0, 0, 0]

 ### Operon type: 78

	 A0A011TWN2	[450, 449, 448, 447, 446, 445, 444, 0, 0]
	 A0A011TAF9	[0, 0, 450, 449, 448, 447, 446, 445, 444]

 ### Operon type: 79

	 A0A011Q5V7	[790, 0, 0, 0, 830, 829, 828, 827, 826]

 ### Operon type: 80

	 A0A011RM25	[830, 829, 828, 827, 826, 844, 0, 825, 0]

 ### Operon type: 81

	 A0A011QIE8	[631, 630, 629, 656, 628, 627, 626, 0, 0]
	 A0A011QDV3	[631, 630, 629, 656, 628, 627, 615, 0, 626]

 ### Operon type: 82

	 A0A011QAB0	[787, 786, 785, 0, 784, 783, 814, 782, 0]
	 A0A011PL71	[582, 787, 786, 785, 784, 783, 814, 782, 0]

 ### Operon type: 83

	 A0A011Q6N5	[800, 799, 798, 0, 0, 0, 789, 788, 789]

 ### Operon type: 84

	 A0A011SGD5	[0, 0, 0, 0, 0, 0, 800, 799, 798]

 ### Operon type: 85

	 A0A011NYU6	[612, 611, 0, 610, 679, 27, 26, 0, 609]

 ### Operon type: 86

	 A0A011PYI6	[612, 611, 0, 610, 679, 609, 690, 802, 0]

 ### Operon type: 87

	 A0A011P1C0	[0, 0, 27, 26, 609, 0, 0, 0, 0]

 ### Operon type: 88

	 A0A011N4G4	[0, 0, 591, 590, 589, 588, 589, 587, 586]
	 A0A011PKU5	[591, 590, 589, 588, 589, 587, 586, 0, 0]

 ### Operon type: 89

	 A0A010ZWJ8	[21, 20, 19, 680, 18, 742, 438, 742, 17]

 ### Operon type: 90

	 A0A011AHW1	[18, 680, 19, 20, 21, 0, 0, 22, 0]

 ### Operon type: 91

	 A0A011AHU9	[438, 742, 17, 0, 0, 0, 0, 9, 663]

 ### Operon type: 92

	 A0A010ZX98	[16, 15, 14, 13, 12, 11, 656, 656, 0]

 ### Operon type: 93

	 A0A011AIL7	[12, 13, 14, 15, 16, 0, 0, 0, 0]

 ### Operon type: 94

	 A0A010YF95	[791, 45, 847, 44, 43, 43, 42, 460, 41]

 ### Operon type: 95

	 A0A010ZJQ6	[45, 847, 44, 43, 43, 42, 460, 41, 0]

 ### Operon type: 96

	 A0A009GXL8	[102, 101, 100, 99, 98, 387, 136, 132, 131]

 ### Operon type: 97

	 A0A010JIW7	[102, 101, 100, 99, 98, 0, 0, 136, 132]

 ### Operon type: 98

	 A0A011QNA5	[0, 625, 624, 623, 0, 622, 621, 620, 619]
	 A0A009ZLJ7	[619, 620, 621, 622, 0, 0, 625, 624, 623]

 ### Operon type: 99

	 A0A013T0T6	[622, 621, 620, 619, 556, 555, 505, 554, 504]
	 A0A009ISY0	[622, 621, 620, 619, 556, 302, 505, 554, 504]
	 A0A009QMH5	[622, 621, 620, 619, 556, 555, 505, 554, 504]
	 A0A009PE10	[622, 621, 620, 619, 556, 302, 505, 554, -1]
	 A0A009HAX1	[622, 621, 620, 619, 556, 555, 505, 554, 504]
	 A0A009RMD0	[622, 621, 620, 619, 556, 302, 505, 554, 504]

 ### Operon type: 100

	 A0A010ILW6	[622, 621, 620, 619, 556, 555, 0, 0, 554]

 ### Operon type: 101

	 A0A009Z9X7	[621, 620, 619, 0, 556, 0, 843, 0, 554]

 ### Operon type: 102

	 A0A013S8V2	[328, 327, 0, 0, 0, 326, 0, 0, 0]
	 A0A009R8E1	[0, 59, 0, 328, 327, 0, 0, 326, 0]

 ### Operon type: 103

	 A0A009ICH6	[528, 159, 158, 157, 380, 64, 63, 62, 839]
	 A0A009ZFR5	[528, 159, 158, 157, 380, 64, 63, 62, 839]

 ### Operon type: 104

	 A0A009NQA1	[528, 159, 158, 157, 156, 155, 503, 839, 836]
	 A0A009RR21	[528, 159, 158, 157, 156, 155, 503, 839, 836]

 ### Operon type: 105

	 A0A009HTN9	[528, 159, 158, 157, 156, 155, 82, 768, 81]
	 A0A009T3J5	[528, 159, 158, 157, 156, 155, 82, 768, 81]

 ### Operon type: 106

	 A0A009Q0U9	[528, 159, 158, 157, 156, 155, -1, -1, 0]

 ### Operon type: 107

	 A0A009QEG7	[248, 247, 246, 245, 244, 243, 242, 241, 240]
	 A0A009IPC3	[248, 247, 246, 245, 244, 243, 242, 241, 240]

 ### Operon type: 108

	 A0A009I573	[124, 0, 232, 233, 0, 234, 244, 245, 246]

 ### Operon type: 109

	 A0A009ILP9	[241, 0, 246, 245, 244, 234, 240, 233, 232]

 ### Operon type: 110

	 A0A009I953	[241, 0, 246, 245, 244, 234, 240, 0, -1]

 ### Operon type: 111

	 A0A009SX74	[719, 762, 0, 233, 240, 241, 247, 248, 118]

 ### Operon type: 112

	 A0A010IPH1	[542, 541, 647, 540, 539, 538, 537, 536, 535]
	 A0A009MMG9	[542, 541, 647, 540, 539, 538, 537, 536, 535]
	 A0A009ICP5	[542, 541, 647, 540, 539, 538, 537, 536, 535]
	 A0A009QVK8	[542, 541, 647, 540, 539, 538, 537, 536, 535]

 ### Operon type: 113

	 A0A009SIV4	[129, 128, 127, 126, 539, 538, 537, 536, 535]
	 A0A009HTW0	[129, 128, 127, 126, 539, 538, 537, 536, 535]
	 A0A009QLL2	[129, 128, 127, 126, 539, 538, 537, 536, 535]
	 A0A013TSJ4	[128, 127, 0, 126, 539, 538, 537, 536, 535]

 ### Operon type: 114

	 A0A013TCN9	[562, 488, 487, 486, 485, 484, 483, 691, 656]
	 A0A009QNC9	[562, 488, 487, 486, 485, 484, 483, 691, 656]
	 A0A010ITG1	[562, 488, 487, 486, 485, 484, 483, 691, 656]
	 A0A009NIJ3	[562, 488, 487, 486, 485, 484, 483, 691, 656]
	 A0A013TRC1	[562, 488, 487, 486, 485, 484, 483, 691, 656]

 ### Operon type: 115

	 A0A009H935	[0, 0, 487, 486, 485, 484, 483, 691, 656]

 ### Operon type: 116

	 A0A009IMX3	[534, 533, 532, 531, 530, 229, 229, 802, 228]
	 A0A009QEX0	[534, 533, 532, 531, 530, 229, 229, 802, 228]
	 A0A009SF48	[534, 533, 532, 531, 530, -1, 229, 802, 228]

 ### Operon type: 117

	 A0A010ISX2	[534, 533, 532, 531, 530, 529, 528, 527, 526]
	 A0A009RES7	[534, 533, 532, 531, 530, 529, 528, 527, 526]
	 A0A013S7V1	[534, 533, 532, 531, 530, 529, 528, 527, 526]
	 A0A009MR00	[534, 533, 532, 531, 530, 529, 528, 527, 526]

 ### Operon type: 118

	 A0A009YTT3	[3, 111, 532, 531, 530, 529, 528, 527, 526]

 ### Operon type: 119

	 A0A009GYP9	[0, 0, 0, 531, 530, 529, 528, 527, 526]

 ### Operon type: 120

	 A0A009ZZC8	[-1, 86, 87, 3, 111, 532, 531, 530, 529]

 ### Operon type: 121

	 A0A011WSE5	[430, 429, 428, 427, 426, 425, 424, 423, 422]
	 A0A011UGX8	[217, 430, 429, 428, 427, 426, 425, 424, 423]

 ### Operon type: 122

	 A0A011VZG0	[357, 0, 217, 430, 429, 428, 427, 426, 425]

 ### Operon type: 123

	 A0A009PJF7	[178, 177, 177, 176, 175, 174, 173, 172, 171]
	 A0A009SJZ7	[125, 178, 177, 176, 175, 174, 173, 172, 171]

 ### Operon type: 124

	 A0A009Z5G0	[174, 176, 177, 0, 472, 178, 125, 284]

 ### Operon type: 125

	 A0A010JJC1	[796, 572, 571, 570, 569, 568, 567, 580, 566]
	 A0A010IZ41	[572, 571, 570, 569, 568, 567, 580, 566, 377]

 ### Operon type: 126

	 A0A009QJL6	[796, 572, 571, 570, 0, 566, 377, 130, 0]

 ### Operon type: 127

	 A0A010KAV2	[369, 368, 367, 366, 365, 711, 541, 759, 364]
	 A0A013SGL3	[369, 368, 367, 366, 365, 711, 541, 759, 364]
	 A0A013TB41	[369, -1, 367, 366, 365, 711, 541, 759, 364]
	 A0A009PG53	[369, 368, 367, 366, 365, 711, 541, 759, 364]
	 A0A009NE81	[369, 368, 367, 366, 365, 711, 541, 759, 364]
	 A0A009I5Z6	[369, 368, 367, 366, 365, 711, 541, 759, 364]
	 A0A009RQH3	[369, 368, 367, 366, 365, 711, 541, 759, 364]
	 A0A009SHB3	[369, 368, 367, 366, 365, 711, 541, 759, 364]

 ### Operon type: 128

	 A0A009H3X4	[369, 368, 367, 366, 365, 711, -1, 693, -1]

 ### Operon type: 129

	 A0A009PIB4	[0, 0, 0, 165, 164, 163, 581, 691, 783]
	 A0A009SLR5	[0, 0, 0, 165, 164, 163, 581, 691, 783]

 ### Operon type: 130

	 A0A009HSU4	[0, 0, 595, 691, 0, 711, 759, 783, 581]

 ### Operon type: 131

	 A0A009I463	[810, 117, 116, 410, 410, 360, 359, 358, 154]
	 A0A009PAG1	[810, 117, 116, 410, 410, 360, 359, 358, 154]

 ### Operon type: 132

	 A0A013SKX6	[0, 0, 810, 0, 410, 410, 360, 359, 358]

 ### Operon type: 133

	 A0A011Q5S3	[795, 794, 0, 0, 0, 0, 793, 792, 791]

 ### Operon type: 134

	 A0A011UZZ4	[0, 793, 792, 0, 0, 0, 279, 279, 791]

 ### Operon type: 135

	 A0A011UTJ0	[0, 0, 0, 149, 148, 147, 752, 146, 145]

 ### Operon type: 136

	 A0A011VMV7	[149, 148, 147, 752, 146, 145, 263, 262, 261]

 ### Operon type: 137

	 A0A011NYT4	[748, 747, 746, 745, 0, 599, 599, 598, 597]

 ### Operon type: 138

	 A0A011P8E9	[0, 0, 748, 747, 0, 746, 745, 0, 0]

 ### Operon type: 139

	 A0A010TF34	[0, -1, 0, 0, 53, 52, 51, 50, 49]
	 A0A010SYH9	[53, 52, 51, 50, 49, 0, 0, 0, 0]

 ### Operon type: 140

	 A0A010S7A1	[79, 78, 77, 76, 0, 75, 0, 0, 0]
	 A0A010TFJ4	[0, -1, 0, 79, 78, 77, 76, -1, 75]

 ### Operon type: 141

	 A0A009PAV9	[199, -1, 647, 198, 410, 581, 197, 196, 195]
	 A0A009HJC2	[199, 656, 647, 198, 410, 581, 197, 196, 195]

 ### Operon type: 142

	 A0A009SE02	[0, 195, 0, 0, 0, 196, 197, 581, 410]

 ### Operon type: 143

	 A0A009SYU8	[759, 528, 737, 525, 185, 691, 691, 523, 522]
	 A0A009HS41	[759, 528, 737, 525, 185, 691, 691, 523, 522]
	 A0A009RSB7	[759, 528, 737, 525, 185, 691, 691, 523, 522]

 ### Operon type: 144

	 A0A010IT25	[759, 528, 737, 525, 524, 691, 691, 523, 522]
	 A0A013SHA9	[759, 528, 737, 525, 524, 691, 691, 523, 522]
	 A0A009I466	[759, 528, 737, 525, 524, 691, 691, 523, 522]

 ### Operon type: 145

	 A0A009NMQ9	[759, 528, 737, 525, 524, 0, 691, 691, 523]

 ### Operon type: 146

	 A0A009P8A9	[0, 0, 737, 525, 185, 691, 691, 523, 522]

 ### Operon type: 147

	 A0A009ITT8	[301, 300, 299, 402, 401, 298, 400, 399, 398]
	 A0A009NJ90	[301, 300, 299, 402, 401, 235, 298, 400, 399]

 ### Operon type: 148

	 A0A009NCH6	[289, 400, 399, 398, 288, 287, 286, 120, 119]
	 A0A009IJ01	[400, 399, 398, 397, 288, 287, 286, 120, 119]

 ### Operon type: 149

	 A0A009RQL5	[400, 399, 398, 71, 288, 287, 286, 120, 0]

 ### Operon type: 150

	 A0A009MGQ8	[401, 0, 289, 400, 399, 398, 288, 287, 286]

 ### Operon type: 151

	 A0A009IJ07	[405, 404, 403, 402, 401, 400, 399, 398, 397]
	 A0A009S6G1	[405, 404, 403, 402, 401, 400, 399, 398, 288]
	 A0A009RHH7	[405, 404, 403, 402, 401, 235, 400, 399, 398]

 ### Operon type: 152

	 A0A009HZK2	[403, 402, 401, 400, 399, 398, 397, 288, 287]

 ### Operon type: 153

	 A0A009R4N4	[402, 401, 235, 400, 399, 398, 71, 288, 287]

 ### Operon type: 154

	 A0A009S5A5	[401, 235, 298, 400, 399, 398, 397, 73, 288]

 ### Operon type: 155

	 A0A009RHH9	[0, 0, 0, 0, 260, 405, 404, 403, 402]

 ### Operon type: 156

	 A0A011PGU1	[0, 0, 718, 717, 716, 715, 714, 713, 712]
	 A0A011MDH1	[605, 0, 718, 717, 716, 715, 714, 713, 712]

 ### Operon type: 157

	 A0A011V0P4	[515, 278, 0, 0, 434, 0, 0, 341, 340]

 ### Operon type: 158

	 A0A011WPV7	[341, 340, 0, 0, 0, 0, 0, 0, 0]

 ### Operon type: 159

	 A0A011UDF3	[717, 220, 0, 0, 0, 443, 219, 218, 873]

 ### Operon type: 160

	 A0A011VSC9	[219, 218, 873, 0, 0, 0, 0, 0, 0]

 ### Operon type: 161

	 A0A011SF89	[807, 806, 805, 0, 0, 0, 0, 0, 0]

 ### Operon type: 162

	 A0A011UCX7	[0, 787, 807, 806, 0, 805, 227, 0, 0]

 ### Operon type: 163

	 A0A011RNP9	[0, 0, 0, 0, 0, 815, 814, 0, 0]

 ### Operon type: 164

	 A0A011V0B5	[810, 0, 0, 0, 0, 0, 815, 0, 0]

 ### Operon type: 165

	 A0A011RQC9	[0, 810, 809, 0, 0, 0, 0, 808, 0]

 ### Operon type: 166

	 A0A011QG28	[618, 617, 717, 0, 716, 715, 743, 616, 744]
	 A0A011RIM8	[618, 617, 0, 0, 716, 715, 743, 616, 744]

 ### Operon type: 167

	 A0A011PHI6	[766, 0, 765, 0, 0, 764, 850, 763, 0]

 ### Operon type: 168

	 A0A011QI68	[0, 0, 765, 764, 0, 0, 0, 0, 0]

 ### Operon type: 169

	 A0A011NVJ6	[602, 772, 771, 770, 769, 768, 0, 0, 601]

 ### Operon type: 170

	 A0A011PVP2	[0, 772, 771, 770, 769, 768, 0, 0, 767]

 ### Operon type: 171

	 A0A011NXY7	[0, 0, 771, 0, 769, 0, 0, 0, 0]

 ### Operon type: 172

	 A0A011QR69	[841, 840, 839, 838, 837, 836, 0, 0, 0]
	 A0A011NUB4	[841, 840, 839, 838, 837, 836, 0, 604, 0]

 ### Operon type: 173

	 A0A011NN36	[840, 839, 0, 0, 837, 836, 0, 0, 0]

 ### Operon type: 174

	 A0A011PK69	[839, 585, 0, 0, 837, 836, 0, 0, 0]

 ### Operon type: 175

	 A0A011RMI6	[824, 823, 822, 821, 820, 819, 818, 817, 816]
	 A0A011NYD6	[824, 823, 822, 821, 820, 819, 818, 817, 816]

 ### Operon type: 176

	 A0A011QB28	[773, 824, 823, 0, 0, 819, 818, 817, 816]

 ### Operon type: 177

	 A0A011NF33	[0, 819, 818, 0, 0, 0, 0, 0, 0]

 ### Operon type: 178

	 A0A011NBY4	[643, 0, 0, 642, 0, 0, 641, 0, 0]

 ### Operon type: 179

	 A0A011WRT0	[643, 0, 0, 0, 0, 0, 0, 802, 0]

 ### Operon type: 180

	 A0A011SHV5	[0, 0, 0, 0, 0, 797, 802, 796, 0]

 ### Operon type: 181

	 A0A011NB95	[0, 845, 0, 0, 0, 0, 647, 646, 645]

 ### Operon type: 182

	 A0A011UHT4	[130, 216, 646, 0, 0, 55, 55, 645, 0]

 ### Operon type: 183

	 A0A010Z1W7	[0, 0, 0, 0, 0, 66, 0, 507, 508]

 ### Operon type: 184

	 A0A011VY84	[0, 0, 508, 507, 0, 0, 0, 0, 0]

 ### Operon type: 185

	 A0A010YW85	[0, 0, 0, 0, 0, 353, 0, 507, 508]

 ### Operon type: 186

	 A0A010ZMA0	[507, 651, 0, 0, 0, 0, 0, 0, 0]

 ### Operon type: 187

	 A0A011N5L2	[0, 0, 0, 651, 0, 650, 649, 0, 0]

 ### Operon type: 188

	 A0A009MJ75	[0, 0, 154, 153, 152, 0, 0, 0, 684]

 ### Operon type: 189

	 A0A010IH51	[0, 535, 0, 0, 152, 0, 684, 0, 0]

 ### Operon type: 190

	 A0A011TYT7	[0, 0, 0, 0, 0, 0, 535, 461, 461]

 ### Operon type: 191

	 A0A010RRR9	[0, 0, 0, 0, 686, 0, 0, 685, 684]

 ### Operon type: 192

	 A0A010SIA7	[0, 0, 685, 76, 0, 0, 0, 0, 0]

 ### Operon type: 193

	 A0A010RFQ9	[0, 0, 695, 0, 694, 0, 0, 0, 0]

 ### Operon type: 194

	 A0A010SPR9	[32, 32, 0, 0, 0, 694, 0, 0, 0]

 ### Operon type: 195

	 A0A009LNU8	[415, 417, 465, 418, 0, 297, 0, 581, 0]

 ### Operon type: 196

	 A0A013SRG6	[419, 418, 465, 417, 0, 416, 0, 415, 655]

 ### Operon type: 197

	 A0A009IQU8	[0, 417, 0, 0, 0, 416, 655, 0, 0]

 ### Operon type: 198

	 A0A010K2K8	[465, 418, 419, 0, 0, 0, 0, -1, 581]

 ### Operon type: 199

	 A0A011NPR8	[0, 655, 0, 0, 0, 0, 654, 0, 0]

 ### Operon type: 200

	 A0A010SEA2	[794, 654, 74, 0, 0, 0, 0, 0, 0]

 ### Operon type: 201

	 A0A010IGH8	[0, 0, 0, 0, 0, 0, 0, 280, 523]

 ### Operon type: 202

	 A0A010STD3	[0, 0, 0, 442, 441, 440, 0, 523, 280]

 ### Operon type: 203

	 A0A010SQJ5	[333, 540, 0, 442, 441, 440, 0, 0, 0]

 ### Operon type: 204

	 A0A013RVV2	[562, 0, 282, 281, 0, 0, 523, 280, 0]

 ### Operon type: 205

	 A0A011TD67	[443, 0, 0, 442, 441, 440, 439, 0, 438]

 ### Operon type: 206

	 A0A009ZC12	[0, 0, 0, 442, 0, 440, 439, 4, 871]

 ### Operon type: 207

	 A0A009YSC7	[0, 0, 641, 1, 0, 1, 282, 281, 0]

 ### Operon type: 208

	 A0A009ZJK4	[0, 0, 0, 0, 0, 0, 528, 29, 0]

 ### Operon type: 209

	 A0A010SVN1	[-1, 29, 691, 250, 316, 0, 0, 528, 0]

 ### Operon type: 210

	 A0A009PFK7	[191, 190, 189, 188, 187, 0, 0, 186, 0]
	 A0A009QGN4	[191, 190, 189, 188, 187, 186, 0, 0, 0]

 ### Operon type: 211

	 A0A009YR20	[0, 186, 0, 0, 0, 0, 190, 0, 0]

 ### Operon type: 212

	 A0A009SCM5	[85, 84, 83, 0, 0, 0, 0, 0, 0]

 ### Operon type: 213

	 A0A009TJ77	[118, 200, 0, 0, 0, 0, 85, 84, 83]

 ### Operon type: 214

	 A0A009HZV2	[0, 0, 0, 0, 239, 238, 235, 0, 0]

 ### Operon type: 215

	 A0A009QPE7	[0, 0, 0, 0, 239, 238, 0, 0, 0]

 ### Operon type: 216

	 A0A009MGR3	[0, 0, 258, 0, 498, 73, 112, 257, 256]

 ### Operon type: 217

	 A0A009Q4G0	[0, 259, 258, 0, 498, 0, 257, 256, 257]

 ### Operon type: 218

	 A0A009PB53	[0, 0, 194, 193, 498, 257, 256, 257, 192]

 ### Operon type: 219

	 A0A009PUJ8	[0, 194, 193, 498, 0, 192, 136, 132, 131]

 ### Operon type: 220

	 A0A009QQC0	[237, 0, 236, 691, 362, 362, 251, 334, 250]
	 A0A009H7I0	[237, 0, 0, 691, 362, 362, 251, 334, 250]

 ### Operon type: 221

	 A0A009MVG4	[236, 0, 363, 691, 362, 362, 251, 334, 250]

 ### Operon type: 222

	 A0A009QA91	[253, 252, 759, 691, 362, 362, 251, 334, 250]
	 A0A010J377	[253, 252, 759, 691, 362, 362, 251, 334, 250]

 ### Operon type: 223

	 A0A009S1X4	[253, 252, 759, 691, 362, 362, 691, 0, 180]

 ### Operon type: 224

	 A0A013SHF4	[0, 0, 363, 691, 362, 362, 0, 361, 0]

 ### Operon type: 225

	 A0A011N3C3	[0, 0, 0, 595, 594, 593, 633, 632, 592]
	 A0A011PJK8	[595, 594, 593, 633, 632, 592, 0, 0, 0]

 ### Operon type: 226

	 A0A011WKI4	[0, 0, 0, 0, 0, 659, 344, 343, 346]
	 A0A011UWH1	[659, 344, 343, 346, 0, 0, 0, 0, 0]

 ### Operon type: 227

	 A0A010YKP2	[0, 0, 0, 0, 0, 0, 601, 274, 0]

 ### Operon type: 228

	 A0A011V1A2	[278, 0, 0, 274, 0, 0, 0, 0, 0]

 ### Operon type: 229

	 A0A011NGS0	[0, 0, 0, 0, 657, 739, 0, 0, 0]

 ### Operon type: 230

	 A0A011PW61	[0, 0, 0, 0, 657, 739, 0, 0, 613]

 ### Operon type: 231

	 A0A011UXI1	[0, 583, 0, 0, 657, 739, 437, 0, 0]

 ### Operon type: 232

	 A0A011SWI9	[-1, -1, 0, 766, 657, 739, 437, -1, -1]

 ### Operon type: 233

	 A0A011P952	[739, 0, 738, 0, 0, 738, 0, 0, 0]

 ### Operon type: 234

	 A0A011Q1B3	[608, 763, 607, 606, 607, 767, 605, 0, 0]
	 A0A011QVV5	[0, 0, 608, 763, 607, 606, 607, 767, 605]

 ### Operon type: 235

	 A0A011NSG8	[0, 0, 0, 763, 607, 606, 0, 607, 0]

 ### Operon type: 236

	 A0A011P0X4	[0, 0, 605, 0, 607, 0, 0, 606, 59]

 ### Operon type: 237

	 A0A010YNY9	[0, 0, 67, 34, 0, 0, 0, 0, 57]

 ### Operon type: 238

	 A0A011AC71	[180, 0, 0, 318, 0, 67, 34, 0, 759]

 ### Operon type: 239

	 A0A011PRW6	[675, 0, 0, 0, 674, 823, 822, 0, 0]
	 A0A011QLX0	[0, 675, 0, 0, 674, 0, 823, 822, 0]

 ### Operon type: 240

	 A0A010SML6	[0, 823, 822, -1, 0, 762, 0, 0, 0]

 ### Operon type: 241

	 A0A010RS09	[0, 0, 0, 0, 50, 0, 693, 693, 0]

 ### Operon type: 242

	 A0A010RTE7	[0, 0, 0, 0, 0, 0, 50, 200, 0]

 ### Operon type: 243

	 A0A009P817	[255, 0, 0, 0, 162, 0, 355, 161, 160]

 ### Operon type: 244

	 A0A009TIY0	[0, 0, 0, 0, 162, 0, 355, 161, 0]

 ### Operon type: 245

	 A0A009QKA3	[355, 161, 0, 160, 0, 0, 0, 0, 191]

 ### Operon type: 246

	 A0A009HSR2	[0, 123, 122, 0, 121, 138, 139, 235, 140]

 ### Operon type: 247

	 A0A009SWM1	[0, 123, 122, 0, 121, 0, 0, 139, 0]

 ### Operon type: 248

	 A0A009MYX0	[141, 140, 0, 595, 0, 0, 139, 138, 137]

 ### Operon type: 249

	 A0A009QK79	[0, 0, 137, 138, 0, 139, 0, 0, 140]

 ### Operon type: 250

	 A0A009GXJ1	[273, 272, 138, 139, 103, 235, 140, 141, 0]

 ### Operon type: 251

	 A0A010IT95	[0, 0, 0, 581, 521, 520, 519, 518, 517]
	 A0A013TKW8	[0, 728, 0, 581, 521, 520, 519, 518, 517]
	 A0A009QT77	[0, 0, -1, 581, 521, 520, 519, 518, 517]
	 A0A009PRQ9	[0, 581, 170, 0, 521, 520, 519, 518, 517]
	 A0A009MH36	[0, 0, 0, 581, 521, 520, 519, 518, 517]
	 A0A009I5G9	[0, 0, 581, 170, 521, 520, 519, 518, 517]
	 A0A009GWD0	[235, 0, 0, 581, 521, 520, 519, 518, 517]
	 A0A009S0T6	[0, 0, 581, 170, 521, 520, 519, 518, 517]

 ### Operon type: 252

	 A0A013TMJ7	[656, -1, 0, 581, 521, 518, 517, 0, 0]

 ### Operon type: 253

	 A0A011VXC2	[-1, 514, 0, 677, 513, 512, 511, 510, 509]
	 A0A011V392	[514, 0, 677, 513, 512, 511, 0, 510, 509]

 ### Operon type: 254

	 A0A011V490	[357, 356, 0, 509, 510, 511, 512, 513, 677]

 ### Operon type: 255

	 A0A011VZF5	[0, 0, 513, 512, 511, 787, 356, 787, 0]

 ### Operon type: 256

	 A0A011WLE7	[0, 0, 0, 0, 0, 342, 0, 0, 0]
	 A0A011VU44	[0, 0, 0, 0, 0, 342, 0, 0, 0]

 ### Operon type: 257

	 A0A011VAP2	[0, 0, 201, 0, 0, 0, 0, 0, 433]

 ### Operon type: 258

	 A0A011VRJ8	[0, 0, 0, 0, 0, 0, 201, 0, 0]

 ### Operon type: 259

	 A0A011RNU1	[0, 0, 0, 0, 0, 0, 813, 813, 812]

 ### Operon type: 260

	 A0A011VKJ9	[0, 0, 0, 0, 0, 0, 812, 813, -1]

 ### Operon type: 261

	 A0A011PQZ7	[0, 0, 0, 680, 679, 0, 678, 0, 0]

 ### Operon type: 262

	 A0A011TUX4	[0, 0, 0, 0, 679, 0, 0, 678, 0]

 ### Operon type: 263

	 A0A011STZ9	[0, 0, 0, 678, 0, 0, 0, 0, 0]

 ### Operon type: 264

	 A0A011PRF5	[676, 0, 0, 0, 0, 0, 0, 0, 0]
	 A0A011PUJ9	[0, 0, 0, 0, 0, 0, 0, 0, 676]

 ### Operon type: 265

	 A0A011PFY8	[0, 0, 0, 0, 0, 0, 0, 0, 722]

 ### Operon type: 266

	 A0A011PNS3	[842, 722, 0, 0, 0, 0, 0, 0, 0]

 ### Operon type: 267

	 A0A011T648	[0, 722, 0, 0, 0, 0, 0, 839, 0]

 ### Operon type: 268

	 A0A010YYJ5	[0, 0, 0, 787, 0, 0, 0, 48, 48]

 ### Operon type: 269

	 A0A011NDM5	[787, 0, 0, 0, 0, 0, 0, 0, 0]

 ### Operon type: 270

	 A0A011MSR2	[0, 0, 0, 596, 0, 0, 0, 787, 787]

 ### Operon type: 271

	 A0A011WSU6	[0, 787, 0, 0, 510, 0, 0, 0, 0]

 ### Operon type: 272

	 A0A011U3C2	[0, 0, 743, 0, 0, 0, 0, 0, 0]
	 A0A011AEN3	[0, 0, 0, 0, 0, 0, 743, 0, 0]

 ### Operon type: 273

	 A0A011AAZ2	[0, 58, 0, 0, 0, 743, 743, 743, 0]

 ### Operon type: 274

	 A0A011T698	[0, 0, 0, 0, 0, 759, 743, 0, 0]

 ### Operon type: 275

	 A0A010YRE8	[0, 0, 0, 0, 0, 0, 0, 11, 0]

 ### Operon type: 276

	 A0A011AF05	[0, 0, 180, 11, 0, 0, 0, 0, 0]

 ### Operon type: 277

	 A0A009ZG48	[0, 0, 0, 728, 0, 0, 0, 0, 0]

 ### Operon type: 278

	 A0A011PEJ8	[0, 0, 729, 728, 0, 0, 0, 0, 0]

 ### Operon type: 279

	 A0A011QNJ7	[661, 0, 0, 728, 0, 0, 0, 661, 0]

 ### Operon type: 280

	 A0A011MMJ4	[0, 0, 0, 0, 0, 0, 0, 661, 0]

 ### Operon type: 281

	 A0A011R8M3	[0, 0, 729, 728, 0, 436, 0, 661, 0]

 ### Operon type: 282

	 A0A009ZC82	[0, 0, 761, 0, 0, 0, 0, 0, 0]

 ### Operon type: 283

	 A0A011P3F6	[762, 0, 0, 761, 0, 0, 0, 0, 0]

 ### Operon type: 284

	 A0A009IG48	[0, 0, 0, 231, 230, 0, 0, 0, 762]

 ### Operon type: 285

	 A0A009IMQ0	[0, 0, 0, 231, 230, 0, 0, 0, 0]

 ### Operon type: 286

	 A0A009SWV1	[0, 0, 0, 0, 0, 0, 0, 231, 0]

 ### Operon type: 287

	 A0A009Q512	[0, 0, 0, 0, 254, 0, 0, 0, 0]
	 A0A009PMZ9	[254, 0, 0, 0, 0, 0, 0, 0, 0]

 ### Operon type: 288

	 A0A009IFL2	[0, 61, 0, 60, -1, 0, 0, 0]

 ### Operon type: 289

	 A0A009ZDS1	[-1, -1, 0, 61, 0, 0, 572, 0, 0]

 ### Operon type: 290

	 A0A010SNM6	[69, 68, -1, 0, 0, 0, 656, 0, 0]

 ### Operon type: 291

	 A0A010T5D8	[68, 69, 0, -1, 0, -1, 377, 0, 0]

 ### Operon type: 292

	 A0A011UB51	[506, 0, 0, 0, 0, 0, 0, 0, 0]
	 A0A011UFH1	[0, 0, 0, 0, 0, 506, 0, 0, 0]

 ### Operon type: 293

	 A0A011V965	[0, -1, -1, 0, 202, 0, -1, -1, 0]
	 A0A011VHP2	[0, -1, -1, -1, 202, 0, 0, 0, 0]

 ### Operon type: 294

	 A0A010RVD0	[-1, 0, 0, -1, 0, 863, 863, 0, 33]

 ### Operon type: 295

	 A0A010T7Q5	[0, 33, 0, 0, 0, 0, -1, 0, 0]

 ### Operon type: 296

	 A0A010SJH7	[0, 0, 656, -1, 0, 0, 251, 0, 0]

 ### Operon type: 297

	 A0A010SRR2	[0, 0, -1, 0, 0, 0, 0, 0, 656]

 ### Operon type: 298

	 A0A010RKP8	[0, 0, 0, 0, 0, 0, -1, 0, 0]
	 A0A009HJU6	[0, 0, 0, 0, 0, 0, 0, 0, -1]
	 A0A010TF14	[-1, 0, 0, 0, 0, 0, 0, 0, 0]
	 A0A010RY47	[-1, 0, -1, 0, 0, 0, 0, 0, 0]
	 A0A011UZ32	[0, 0, 0, 0, 0, -1, 0, 0, 0]

 ### Operon type: 299

	 A0A010SJF9	[0, 0, 0, 0, 0, -1, 0, 70, -1]

 ### Operon type: 300

	 A0A011ML54	[0, 0, 0, 662, 0, 0, 0, 0, -1]

 ### Operon type: 301

	 A0A011NHY1	[0, 0, 0, 0, 0, 656, 0, 0, 0]

 ### Operon type: 302

	 A0A010Z171	[0, 0, 0, 0, 0, 0, 656, 0, 595]

 ### Operon type: 303

	 A0A011T697	[656, 0, 0, 0, 0, 0, 0, 0, 355]

 ### Operon type: 304

	 A0A011TDD1	[0, 317, 656, 0, 0, 0, 0, 0, 0]

 ### Operon type: 305

	 A0A011VW24	[0, 0, 844, 0, 0, 0, 0, 0, -1]

 ### Operon type: 306

	 A0A011T8V3	[0, 0, 844, 0, 0, 0, 0, 0, 0]

 ### Operon type: 307

	 A0A010TH98	[613, 0, 0, 844, 0, 0, 0, 0, 0]

 ### Operon type: 308

	 A0A011QVR3	[0, 0, 0, 0, 0, 0, 0, 845, 844]

 ### Operon type: 309

	 A0A011VYF1	[844, 0, 0, 0, 0, 0, 506, 0, 0]

 ### Operon type: 310

	 A0A010S415	[-1, 844, 0, 250, 0, 0, 0, 0, 560]

 ### Operon type: 311

	 A0A011QSN2	[0, 0, 0, 0, 0, 0, 0, 0, 0]
	 A0A011P9Z5	[0, 0, 0, 0, 0, 0, 0, 0, 0]
	 A0A011PBM9	[0, 0, 0, 0, 0, 0, 0, 0, 0]
	 A0A011NMI8	[0, 0, 0, 0, 0, 0, 0, 0, 0]
	 A0A011NAJ1	[0, 0, 0, 0, 0, 0, 0, 0, 0]
	 A0A011QMJ8	[0, 0, 0, 0, 0, 0, 0, 0, 0]
	 A0A011Q056	[0, 0, 0, 0, 0, 0, 0, 0, 0]
	 A0A011NTU3	[0, 0, 0, 0, 0, 0, 0, 0, 0]
	 A0A011N2Z0	[0, 0, 0, 0, 0, 0, 0, 0, 0]
	 A0A011PNN2	[0, 0, 0, 0, 0, 0, 0, 0, 0]
	 A0A011VYF6	[0, 0, 0, 0, 0, 0, 0, 0, 0]
	 A0A013TEV4	[0, 0, 0, 0, 0, 0, 0, 0, 0]
	 A0A013S2B9	[0, 0, 0, 0, 0, 0, 0, 0, 0]
	 A0A013SBR8	[0, 0, 0, 0, 0, 0, 0, 0, 0]
	 A0A009M4K0	[0, 0, 0, 0, 0, 0, 0, 0, 0]
	 A0A013SL47	[0, 0, 0, 0, 0, 0, 0, 0, 0]
	 A0A011WUT3	[0, 0, 0, 0, 0, 0, 0, 0, 0]
	 A0A011UHL2	[0, 0, 0, 0, 0, 0, 0, 0, 0]
	 A0A011UBN9	[0, 0, 0, 0, 0, 0, 0, 0, 0]
	 A0A009PDV4	[0, 0, 0, 0, 0, 0, 0, 0, 0]
	 A0A011VNE2	[0, 0, 0, 0, 0, 0, 0, 0, 0]
	 A0A009MH90	[0, 0, 0, 0, 0, 0, 0, 0, 0]
	 A0A009HIL8	[0, 0, 0, 0, 0, 0, 0, 0, 0]
	 A0A010SHY1	[0, 0, 0, 0, 0, 0, 0, 0, 0]
	 A0A011UFM5	[0, 0, 0, 0, 0, 0, 0, 0, 0]
	 A0A010YJA7	[0, 0, 0, 0, 0, 0, 0, 0, 0]
	 A0A010SPJ7	[0, 0, 0, 0, 0, 0, 0, 0, 0]
	 A0A010SSQ8	[0, 0, 0, 0, 0, 0, 0, 0, 0]
	 A0A010T025	[0, 0, 0, 0, 0, 0, 0, 0, 0]
	 A0A010ZTI3	[0, 0, 0, 0, 0, 0, 0, 0, 0]
	 A0A011A146	[0, 0, 0, 0, 0, 0, 0, 0, 0]
	 A0A010YZS8	[0, 0, 0, 0, 0, 0, 0, 0, 0]
	 A0A010Z120	[0, 0, 0, 0, 0, 0, 0, 0, 0]

 ### Operon type: 312

	 A0A010TG27	[659, 0, 54, 0, 0, 0, 691, 0, 0]

 ### Operon type: 313

	 A0A011PMK1	[0, 0, 0, 0, 0, 0, 0, 659, 0]

 ### Operon type: 314

	 A0A009HM15	[0, 286, 120, 0, 0, 0, -1, 0, 0]

 ### Operon type: 315

	 A0A009HRU1	[0, 138, 0, 0, 0, 0, 0, 0, 0]

 ### Operon type: 316

	 A0A009HSN8	[0, 259, 0, 0, 0, -1, 0, 192, -1]

 ### Operon type: 317

	 A0A009HV82	[136, 0, 0, 0, 0, 0, 0, 0, 0]

 ### Operon type: 318

	 A0A009IG74	[0, 0, 153, 0, 410, -1, 0, 0, 0]

 ### Operon type: 319

	 A0A009IJ90	[0, 118, 0, 0, 0, 0, 0, 0, 0]

 ### Operon type: 320

	 A0A009NM94	[0, 804, 804, 0, 0, 0, 317, 0, 0]

 ### Operon type: 321

	 A0A009Q4N5	[0, 0, 255, 0, 0, 0, 0, 0, 0]

 ### Operon type: 322

	 A0A009SSZ9	[0, 124, 0, 0, 0, 0, 0, 0, 0]

 ### Operon type: 323

	 A0A009YIH1	[0, 0, 0, 0, 288, 0, -1, -1, 2]

 ### Operon type: 324

	 A0A009YR05	[0, 0, 0, 0, 148, 0, 0, 0, 0]

 ### Operon type: 325

	 A0A009Z004	[88, 0, 88, 0, 0, 595, 0, 0, 0]

 ### Operon type: 326

	 A0A010RUQ5	[0, 0, 0, 0, 0, 0, 0, 0, 225]

 ### Operon type: 327

	 A0A010S195	[761, 0, 66, 65, 0, 0, 0, 0, 0]

 ### Operon type: 328

	 A0A010SCZ2	[0, 0, 0, 0, 0, 0, 0, 432, 0]

 ### Operon type: 329

	 A0A010SN41	[0, 0, 0, 0, 420, 0, 0, 0, 0]

 ### Operon type: 330

	 A0A010SSU2	[0, 0, 0, 0, 103, 0, -1, 740, 0]

 ### Operon type: 331

	 A0A010SUP6	[0, 0, 0, 0, 0, 0, 0, 65, 0]

 ### Operon type: 332

	 A0A010SUY9	[0, 0, 0, 0, 0, 436, 729, 0]

 ### Operon type: 333

	 A0A010THK2	[0, 0, -1, 0, 0, 693, 595, 0, 0]

 ### Operon type: 334

	 A0A010SRL4	[54, 0, 0, -1, 0, 0, 0, 595, 226]

 ### Operon type: 335

	 A0A010YX61	[367, 743, 0, 844, 0, 0, 0, 0, 0]

 ### Operon type: 336

	 A0A010S5W8	[0, 0, 596, 767, 0, 0, 0, 0, 0]

 ### Operon type: 337

	 A0A011NE37	[552, 0, 0, 0, 0, 0, 0, 0, 0]

 ### Operon type: 338

	 A0A011NF78	[0, 0, 870, 0, 0, 0, 0, 0, 0]

 ### Operon type: 339

	 A0A011NVE2	[0, 0, 0, 839, 0, 0, 656, 0, 603]

 ### Operon type: 340

	 A0A011NXJ4	[0, 0, 0, 0, 0, 0, 0, 0, 600]

 ### Operon type: 341

	 A0A011P8I1	[0, 0, 744, 743, 0, 0, 0, 0, 742]

 ### Operon type: 342

	 A0A011P9Q7	[737, 0, 0, 0, 0, 0, 0, 0, 0]

 ### Operon type: 343

	 A0A011PJ75	[0, 839, 665, 839, 0, 0, 0, 0, 0]

 ### Operon type: 344

	 A0A011PRB4	[0, 0, 0, 0, 0, 0, 0, 677, 0]

 ### Operon type: 345

	 A0A011QVT2	[843, 0, 0, 0, 0, 0, 0, 842, 0]

 ### Operon type: 346

	 A0A011RP14	[0, 0, 0, 0, 0, 0, 0, 811, 0]

 ### Operon type: 347

	 A0A011SM49	[656, 0, 811, 0, 0, 0, 470, 0, 0]

 ### Operon type: 348

	 A0A011AM27	[678, 0, 0, 0, 575, 0, 0, 0, 28]

 ### Operon type: 349

	 A0A011T607	[0, 0, 767, 0, 0, 0, 0, 0, 317]

 ### Operon type: 350

	 A0A011TAW2	[0, 0, 0, 0, 0, 0, 414, 0, 0]

 ### Operon type: 351

	 A0A011TED9	[0, 0, 0, 0, 0, 449, 0, 0, 0]

 ### Operon type: 352

	 A0A011TXS5	[0, 462, 0, 0, 0, 0, 0, 0, 0]

 ### Operon type: 353

	 A0A011U144	[0, 225, 0, 0, 0, 0, 600, 493, 0]

 ### Operon type: 354

	 A0A011U1C8	[759, 0, 0, 0, 0, 0, 0, 0, 224]

 ### Operon type: 355

	 A0A011U483	[0, 0, 0, 0, 0, 758, 0, 0, 0]

 ### Operon type: 356

	 A0A011UG86	[0, 763, 0, 0, 0, 70, 0, 0, 0]

 ### Operon type: 357

	 A0A011UQB5	[801, 642, 0, 0, 0, 0, 0, 506, 0]

 ### Operon type: 358

	 A0A011UVI5	[0, 0, 0, 0, 0, 57, 839, 839, 0]

 ### Operon type: 359

	 A0A011UWI3	[0, 0, 0, 0, 164, 0, 80, 761, 0]

 ### Operon type: 360

	 A0A011V5E6	[0, 0, 0, 0, 0, 422, 0, 0, 0]

 ### Operon type: 361

	 A0A011M4H6	[433, 0, 689, 0, 0, 0, 0, 0, 0]

 ### Operon type: 362

	 A0A011VSV3	[0, 0, 0, 0, 0, 0, 717, 0, 0]

 ### Operon type: 363

	 A0A011VWI0	[0, 0, 0, 0, 0, 216, 0, 0, 0]

 ### Operon type: 364

	 A0A011VZ91	[346, 0, 0, 0, 0, 0, 0, 0, 0]

 ### Operon type: 365

	 A0A011WP76	[0, 0, 0, 0, 0, 0, 0, 0, 847]

 ### Operon type: 366

	 A0A011WSD4	[0, 0, 0, -1, 0, 787, 0, 0, 356]

 ### Operon type: 367

	 A0A011WT35	[356, 0, 0, 0, 0, 0, 0, 0, 0]

 ### Operon type: 368

	 A0A013S843	[0, 334, 0, 0, 0, 0, -1, 333, 0]

 ### Operon type: 369

	 A0A013T5E6	[0, 0, 0, 498, 0, 0, 0, 0, 0]

 ### Operon type: 370

	 A0A009T185	[840, 0, 665, 665, 544, 839, 665, 543, 768]

 ### Operon type: 371

	 A0A010IN36	[545, 656, 0, 0, 544, 839, 665, 543, 768]

 ### Operon type: 372

	 A0A009PG43	[839, 665, 480, 842, 0, 543, 768, 0, 0]

 ### Operon type: 373

	 A0A009INE0	[545, 0, 0, 0, 0, 0, 0, 665, 543]

 ### Operon type: 374

	 A0A009T9H0	[0, 2, 762, -1, 0, 0, 139, 0, 138]

 ### Operon type: 375

	 A0A010THH5	[0, 74, 61, 57, 0, 0, 796, 0, 572]

 ### Operon type: 376

	 A0A011WSH8	[0, 0, 0, 691, 421, 0, 0, 0, 0]
	 A0A011VZE3	[0, 0, 0, 691, 421, 0, 0, 0, 0]

 ### Operon type: 377

	 A0A011NAF3	[0, 0, 0, 0, 0, 0, 691, 0, 706]

 ### Operon type: 378

	 A0A009IQ93	[227, 0, 691, 0, 0, 226, 0, 0, 0]

 ### Operon type: 379

	 A0A009Q8S9	[0, 0, 762, 406, 0, 454, 0, 0, 0]

 ### Operon type: 380

	 A0A009TLU4	[0, 462, -1, 297, 0, 31, 0, -1, -1]

 ### Operon type: 381

	 A0A009ZB47	[133, 166, 0, 0, 0, 787, 570, 0, 0]

 ### Operon type: 382

	 A0A009ZVR4	[809, 0, 743, 0, 0, 48, 0, 0, 47]

 ### Operon type: 383

	 A0A010JIN9	[570, 0, 0, 200, 240, 0, 0, 0, 0]

 ### Operon type: 384

	 A0A010S003	[713, 0, 0, 0, 0, 763, 763, 540, 0]

 ### Operon type: 385

	 A0A010SMN8	[0, -1, 67, 0, 694, 0, 0, 720, 0]

 ### Operon type: 386

	 A0A010SXS1	[0, 480, 0, 0, 0, 457, 0, 0, 842]

 ### Operon type: 387

	 A0A010T689	[28, -1, 796, 815, 0, 0, 0, 0, 0]

 ### Operon type: 388

	 A0A010TBB4	[0, 392, 0, 70, 0, 0, 0, 0, 759]

 ### Operon type: 389

	 A0A010YFK3	[0, 827, 0, 0, 0, 0, 142, 0, 224]

 ### Operon type: 390

	 A0A010YVY1	[8, 0, 8, 0, 0, 0, 0, 540, 0]

 ### Operon type: 391

	 A0A010ZSZ2	[0, 58, 0, 25, 24, 0, 0, 0, 0]

 ### Operon type: 392

	 A0A010Z0Y7	[0, 0, 0, 0, 24, 250, 0, 0, 0]

 ### Operon type: 393

	 A0A011A0M8	[0, 0, 595, 0, 60, 0, 0, 10, 10]

 ### Operon type: 394

	 A0A011NFL4	[0, 803, 0, 0, 660, 659, 0, 658, 0]

 ### Operon type: 395

	 A0A011P407	[0, 0, 760, 802, 0, 0, 759, 0, 758]

 ### Operon type: 396

	 A0A011QGT2	[691, 0, 0, 633, 632, 0, 0, 0, 0]

 ### Operon type: 397

	 A0A011QSA4	[873, 0, 872, 871, 0, 0, 0, 0, 870]

 ### Operon type: 398

	 A0A011T6J6	[0, 790, 0, 743, 0, 0, 354, 0, 353]

 ### Operon type: 399

	 A0A011TAL2	[0, 767, 0, 0, 0, 318, 0, 601, 0]

 ### Operon type: 400

	 A0A011TZG0	[595, 788, 0, 0, 0, 0, 0, 475, 0]

 ### Operon type: 401

	 A0A011UGY3	[424, 423, 422, 56, 0, 0, 0, 56, 0]

 ### Operon type: 402

	 A0A011UII7	[0, 0, 0, 0, 0, 603, 460, 0, 0]

 ### Operon type: 403

	 A0A011UNT9	[454, 473, 0, 0, 0, 0, 0, 0, 0]

 ### Operon type: 404

	 A0A011SIS0	[0, 776, 474, 474, 0, 0, 0, 473, 0]

 ### Operon type: 405

	 A0A011UT49	[0, 58, 0, 0, 0, 0, 480, 150, 0]

 ### Operon type: 406

	 A0A011VU65	[143, 0, 0, 0, 0, 142, 0, 717, 220]

 ### Operon type: 407

	 A0A011VV03	[0, 435, 0, 0, 434, 433, 0, 0, 0]

 ### Operon type: 408

	 A0A011VVZ9	[0, 0, -1, 0, 0, 432, 431, 431, 472]

 ### Operon type: 409

	 A0A011VWX7	[842, 515, 0, 0, 0, 0, 0, 797, 0]

 ### Operon type: 410

	 A0A011VXK7	[804, 804, 0, 549, 0, 0, 0, 792, 0]

 ### Operon type: 411

	 A0A011W0I6	[345, 0, 0, 0, 0, 586, 0, 662, 0]

 ### Operon type: 412

	 A0A010YEF6	[0, 345, 0, 0, 0, 0, 0, 0, 35]

 ### Operon type: 413

	 A0A013SQH1	[0, 0, 0, 0, 420, 584, 0, 581, 647]

 ### Operon type: 414

	 A0A009QJA8	[132, 131, 0, 0, 0, 0, 0, 0, 703]

 ### Operon type: 415

	 A0A009YL68	[0, 0, 759, 369, 365, 0, 0, 4, 0]

 ### Operon type: 416

	 A0A010JNG7	[581, 0, 0, 580, 0, 0, 0, 0, 0]

 ### Operon type: 417

	 A0A010RM40	[692, 691, 690, 0, 0, 0, 0, -1, 748]

 ### Operon type: 418

	 A0A010RRQ6	[0, 689, 0, 0, 0, 694, 688, 687, 0]

 ### Operon type: 419

	 A0A010S423	[354, 0, 0, 0, 0, 0, 0, 80, 808]

 ### Operon type: 420

	 A0A010T0I7	[0, 0, 35, 0, 0, 744, 872, 691, 0]

 ### Operon type: 421

	 A0A010ZUR7	[435, 23, 0, 23, 0, 22, 540, 0, 0]

 ### Operon type: 422

	 A0A011NA78	[0, 648, 0, 0, 0, 863, 0, 0, 748]

 ### Operon type: 423

	 A0A011P8W7	[741, 760, 842, 0, 740, 0, 0, 0, 0]

 ### Operon type: 424

	 A0A011PG97	[720, 0, 0, 719, 0, 0, 0, 0, 0]

 ### Operon type: 425

	 A0A011PKT4	[0, 584, 0, 0, 0, 0, 583, 0, 0]

 ### Operon type: 426

	 A0A011PLB2	[0, 741, 0, 585, 0, 0, 0, 0, 0]

 ### Operon type: 427

	 A0A011R339	[0, 0, 0, 0, 0, 0, 273, 272, 0]

 ### Operon type: 428

	 A0A011SFE5	[0, 0, 0, 804, 0, 0, 803, 802, 801]

 ### Operon type: 429

	 A0A011SJT5	[0, 0, 0, 472, 471, 471, 471, 471, 471]

 ### Operon type: 430

	 A0A011TDQ5	[0, 0, 0, 0, 316, 588, 0, 0, 0]

 ### Operon type: 431

	 A0A011VT01	[0, 0, 144, 0, 0, 144, 0, 0, 174]

 ### Operon type: 432

	 A0A009Z3V9	[691, 0, 0, 0, 0, 127, 593, 128, 129]

 ### Operon type: 433

	 A0A010SRB2	[31, 30, 0, 0, 0, 30, 69, 0, 0]

 ### Operon type: 434

	 A0A010KA25	[570, 0, 796, 525, 371, 0, 0, 570, 370]

 ### Operon type: 435

	 A0A011TZN1	[263, 262, 261, 0, 260, 0, 0, 0, 0]

 ### Operon type: 436

	 A0A011VJ76	[151, 151, 150, 658, 0, 691, 595, 0, 760]

 ### Operon type: 437

	 A0A011UG17	[171, 0, 347, 0, 429, 143, 0, 0, 0]

 ### Operon type: 438

	 A0A011WUA8	[773, 0, 0, 284, 0, 0, 0, 283, 283]

 ### Operon type: 439

	 A0A010S4X6	[0, 250, 690, 763, 375, 0, 602, 582, 693]

 ### Operon type: 440

	 A0A010YY02	[0, 7, 0, 0, 7, 610, 6, 0, 9]
