
 ### Operon type: 1

	 A0A011PVT3	[531, 414, 413, 412, 706, 411, 410, 409, 408]
	 A0A011R7V7	[531, 414, 413, 412, 706, 411, 410, 409, 408]
	 A0A011MET3	[531, 414, 413, 412, 706, 411, 410, 409, 408]

 ### Operon type: 2

	 A0A011UIA1	[370, 369, 368, 367, 366, 365, 364, 363, 0]
	 A0A011V5V3	[0, 370, 369, 368, 367, 366, 365, 364, 363]

 ### Operon type: 3

	 A0A011PTE7	[396, 395, 394, 393, 392, 0, 391, 390, 389]
	 A0A011NE72	[396, 395, 394, 393, 392, 391, 390, 389, 0]

 ### Operon type: 4

	 A0A011NEY3	[448, 447, 446, 445, 445, 444, 443, 442, 0]

 ### Operon type: 5

	 A0A011PAN4	[447, 446, 0, 445, 445, 444, 443, 442, 441]

 ### Operon type: 6

	 A0A011RCD5	[448, 447, 446, 445, 445, 444, 443, 442, 441]

 ### Operon type: 7

	 A0A010JSI3	[723, 724, 722, 721, 720, 719, 718, 717, 0]
	 A0A013T0M4	[723, 724, 722, 721, 720, 719, 718, 717, 0]
	 A0A009RGL2	[0, 724, 722, 721, 720, 719, 718, 717, 0]
	 A0A009HDS5	[723, 724, 722, 721, 720, 719, 718, 717, 0]

 ### Operon type: 8

	 A0A011PF67	[440, 439, 438, 437, 436, 0, 0, 0, 0]
	 A0A011NW66	[440, 439, 438, 437, 436, 353, 0, 0, 0]
	 A0A011NBX7	[440, 439, 438, 437, 436, 353, 0, 0, 0]

 ### Operon type: 9

	 A0A011RHX4	[440, 439, 438, 437, 436, 435, 434, 433, 0]
	 A0A011NS68	[440, 439, 438, 437, 436, 435, 434, 433, 432]

 ### Operon type: 10

	 A0A010JY00	[282, 305, 713, 206, 93, 474, 203, 663, 202]

 ### Operon type: 11

	 A0A013TH30	[305, 713, 206, 205, 204, 474, 203, 663, 202]

 ### Operon type: 12

	 A0A011QAS2	[0, 543, 542, 541, 540, 539, 599, 538, 537]
	 A0A011NEQ1	[0, 543, 542, 541, 540, 539, 599, 538, 537]

 ### Operon type: 13

	 A0A011Q0X6	[573, 572, 571, 570, 569, 568, 567, 566, 565]
	 A0A011Q1X8	[572, 0, 571, 570, 569, 568, 567, 566, 565]
	 A0A011QSF0	[0, 572, 571, 570, 569, 568, 567, 566, 0]
	 A0A011QBB5	[573, 572, 571, 570, 569, 568, 567, 566, 565]

 ### Operon type: 14

	 A0A011PG87	[573, 572, 571, 570, 569, 568, 567, 0, 0]

 ### Operon type: 15

	 A0A009RUN3	[256, 255, 291, 254, 253, 252, 251, 250, 249]
	 A0A013SP43	[256, 255, 291, 254, 253, 252, 251, 250, 249]
	 A0A010K6G6	[256, 255, 291, 254, 253, 252, 251, 0, 249]

 ### Operon type: 16

	 A0A009SZB5	[0, 0, 231, 230, 229, 0, 0, 0, 228]
	 A0A009HR98	[0, 0, 231, 230, 229, 0, 0, 0, 228]

 ### Operon type: 17

	 A0A009Z8F7	[215, 231, 214, 0, 229, 213, 213, 0, 0]

 ### Operon type: 18

	 A0A011QIT1	[512, 511, 510, 509, 508, 507, 506, 505, 557]
	 A0A011QUG8	[512, 511, 510, 509, 508, 507, 0, 506, 505]

 ### Operon type: 19

	 A0A011QAB0	[549, 548, 547, 0, 546, 545, 614, 544, 0]
	 A0A011PL71	[404, 549, 548, 547, 546, 545, 614, 544, 0]

 ### Operon type: 20

	 A0A011PIY7	[564, 0, 563, 562, 561, 560, 559, 0, 399]

 ### Operon type: 21

	 A0A011Q3J4	[0, 564, 563, 562, 561, 560, 559, 558, 0]

 ### Operon type: 22

	 A0A011MH88	[226, 564, 563, 562, 561, 560, 559, 558, 399]

 ### Operon type: 23

	 A0A009QBR9	[0, 0, 685, 639, 684, 0, 0, 680, 94]
	 A0A009TM70	[0, 686, 685, 639, 684, 0, 0, 680, 94]

 ### Operon type: 24

	 A0A010ILU3	[687, 686, 685, 0, 684, 683, 682, 681, 680]
	 A0A009MW50	[0, 686, 685, 639, 684, 683, 0, 681, 680]
	 A0A009QS71	[687, 686, 685, 639, 684, 683, 0, 681, 680]
	 A0A009H3B0	[0, 686, 685, 0, 684, 683, 682, 681, 680]

 ### Operon type: 25

	 A0A009I8S2	[0, 0, 685, 639, 684, 683, 681, 680, 94]

 ### Operon type: 26

	 A0A009ICH6	[653, 113, 112, 111, 93, 92, 91, 90, 663]
	 A0A009ZFR5	[653, 113, 112, 111, 93, 92, 91, 90, 663]

 ### Operon type: 27

	 A0A009GP96	[0, 87, 712, 704, 86, 55, 703, 85, 84]

 ### Operon type: 28

	 A0A009GSR4	[704, 86, 55, 703, 85, 84, 84, 83, 0]

 ### Operon type: 29

	 A0A009IIT6	[87, 712, 704, 86, 85, 84, 84, 83, 0]

 ### Operon type: 30

	 A0A009IS10	[386, 0, 0, 0, 143, 142, 141, 0, 0]

 ### Operon type: 31

	 A0A009QHW5	[0, 0, 0, 687, 143, 142, 141, 0, 212]

 ### Operon type: 32

	 A0A011UVB4	[0, 0, 0, 387, 0, 0, 386, 0, 385]

 ### Operon type: 33

	 A0A011TLH7	[462, 461, 460, 0, 0, 0, 0, 0, 0]
	 A0A011UG87	[460, 461, 462, 0, 0, 0, 0, 0, 0]

 ### Operon type: 34

	 A0A011QIE8	[518, 517, 516, 665, 515, 514, 513, 0, 0]
	 A0A011QDV3	[518, 517, 516, 665, 515, 514, 473, 0, 513]

 ### Operon type: 35

	 A0A011NYU6	[578, 577, 0, 576, 575, 530, 529, 0, 574]

 ### Operon type: 36

	 A0A011PYI6	[578, 577, 0, 576, 575, 574, 711, 602, 0]

 ### Operon type: 37

	 A0A011P1C0	[0, 0, 530, 529, 574, 0, 0, 0, 0]

 ### Operon type: 38

	 A0A011PP01	[402, 401, 400, 0, 0, 0, 0, 0, 0]
	 A0A011NVE7	[402, 401, 400, 0, 0, 0, 0, 0, 0]

 ### Operon type: 39

	 A0A013TH43	[193, 0, 0, 0, 192, 191, 190, 0, 587]
	 A0A009RAF0	[193, 0, 0, 0, 192, 191, 190, 0, 587]

 ### Operon type: 40

	 A0A013S8V2	[285, 284, 0, 0, 0, 283, 0, 0, 0]
	 A0A009R8E1	[0, 525, 0, 285, 284, 0, 0, 283, 0]

 ### Operon type: 41

	 A0A009QFZ7	[200, 199, 0, 0, 359, 0, 195, 194, 0]
	 A0A009TK03	[200, 199, 0, 0, 359, 0, 195, 194, 0]

 ### Operon type: 42

	 A0A013SPM5	[200, 199, 198, 197, 359, 196, 195, 194, 0]
	 A0A009MH71	[200, 199, 0, 197, 359, 196, 195, 194, 0]
	 A0A009HSL1	[200, 199, 198, 197, 359, 0, 195, 194, 0]
	 A0A010IX62	[200, 199, 198, 197, 359, 0, 195, 194, 0]

 ### Operon type: 43

	 A0A009I6Z0	[200, 199, 0, 197, 359, 0, 195, 194, 96]

 ### Operon type: 44

	 A0A009ZIX8	[0, 11, 198, 197, 359, 524, 0, 96, 0]

 ### Operon type: 45

	 A0A009I573	[347, 0, 130, 341, 0, 129, 128, 127, 126]

 ### Operon type: 46

	 A0A009ILP9	[339, 0, 126, 127, 128, 129, 340, 341, 130]

 ### Operon type: 47

	 A0A009I953	[339, 0, 126, 127, 128, 129, 340, 0, -1]

 ### Operon type: 48

	 A0A009QEG7	[337, 338, 0, 0, 128, 75, 74, 0, 340]
	 A0A009IPC3	[337, 338, 0, 0, 128, 75, 74, 0, 340]

 ### Operon type: 49

	 A0A009SX74	[421, 432, 0, 341, 340, 339, 338, 337, 0]

 ### Operon type: 50

	 A0A009I4A1	[0, 135, 712, 0, 134, 133, 132, 131, 0]
	 A0A010JWJ1	[0, 135, 712, 0, 134, 133, 132, 131, 0]

 ### Operon type: 51

	 A0A009QF22	[73, 72, 82, 0, 134, 133, 132, 131, 80]
	 A0A009TBY8	[73, 72, 82, 81, 134, 133, 132, 131, 80]

 ### Operon type: 52

	 A0A009ITT8	[161, 160, 159, 235, 244, 242, 241, 240, 239]

 ### Operon type: 53

	 A0A009NJ90	[161, 160, 159, 235, 0, 243, 242, 241, 240]

 ### Operon type: 54

	 A0A009HZK2	[317, 235, 244, 0, 0, 0, 0, 0, 0]

 ### Operon type: 55

	 A0A009IJ07	[319, 318, 317, 235, 244, 0, 0, 0, 0]

 ### Operon type: 56

	 A0A009S6G1	[319, 318, 317, 235, 244, 241, 240, 239, 236]

 ### Operon type: 57

	 A0A009S5A5	[244, 243, 242, 241, 240, 239, 238, 237, 236]

 ### Operon type: 58

	 A0A010ITG1	[639, 638, 637, 636, 635, 634, 633, 712, 665]
	 A0A013TCN9	[639, 638, 637, 636, 635, 634, 633, 712, 665]
	 A0A013TRC1	[639, 638, 637, 636, 635, 634, 633, 712, 665]
	 A0A009NIJ3	[639, 638, 637, 636, 635, 634, 633, 712, 665]
	 A0A009QNC9	[639, 638, 637, 636, 635, 634, 633, 712, 665]

 ### Operon type: 59

	 A0A009H935	[0, 0, 637, 636, 635, 634, 633, 712, 665]

 ### Operon type: 60

	 A0A009SJZ7	[387, 217, 218, 219, 170, 220, 169, 168, 167]
	 A0A009PJF7	[217, 218, 218, 219, 170, 220, 169, 168, 167]

 ### Operon type: 61

	 A0A009Z5G0	[220, 219, 218, 0, 596, 217, 387, 216]

 ### Operon type: 62

	 A0A010JJC1	[695, 694, 693, 692, 691, 690, 689, 702, 688]
	 A0A010IZ41	[694, 693, 692, 691, 690, 689, 702, 688, 291]

 ### Operon type: 63

	 A0A009QJL6	[695, 694, 693, 692, 0, 688, 291, 71, 0]

 ### Operon type: 64

	 A0A011P2I4	[545, 416, 563, 0, 0, 0, 0, 0, 0]
	 A0A011N9N8	[545, 416, 563, 0, 0, 0, 0, 0, 0]

 ### Operon type: 65

	 A0A009SLR5	[0, 0, 0, 349, 383, 348, 703, 712, 545]
	 A0A009PIB4	[0, 0, 0, 349, 383, 348, 703, 712, 545]

 ### Operon type: 66

	 A0A009HSU4	[0, 0, 589, 712, 0, 416, 650, 545, 703]

 ### Operon type: 67

	 A0A011SF89	[607, 606, 605, 0, 0, 0, 0, 0, 0]

 ### Operon type: 68

	 A0A011UCX7	[0, 549, 607, 606, 0, 605, 69, 0, 0]

 ### Operon type: 69

	 A0A011NYT4	[710, 429, 428, 697, 0, 352, 352, 351, 350]

 ### Operon type: 70

	 A0A011P8E9	[0, 0, 710, 429, 0, 428, 697, 0, 0]

 ### Operon type: 71

	 A0A010TF34	[0, -1, 0, 0, 39, 38, 37, 36, 35]
	 A0A010SYH9	[39, 38, 37, 36, 35, 0, 0, 0, 0]

 ### Operon type: 72

	 A0A010S7A1	[188, 187, 186, 185, 0, 184, 0, 0, 0]
	 A0A010TFJ4	[0, -1, 0, 188, 187, 186, 185, -1, 184]

 ### Operon type: 73

	 A0A009ICP5	[105, 313, 304, 104, 174, 0, 0, 172, 0]

 ### Operon type: 74

	 A0A009MMG9	[105, 313, 304, 104, 174, 0, 103, 172, 591]

 ### Operon type: 75

	 A0A009QLL2	[0, 222, 223, 0, 174, 0, 0, 172, 0]
	 A0A009HTW0	[0, 222, 223, 0, 174, 0, 0, 172, 0]

 ### Operon type: 76

	 A0A009SIV4	[221, 222, 223, 175, 174, 173, 0, 172, 591]

 ### Operon type: 77

	 A0A013TSJ4	[222, 223, 0, 175, 174, 0, 0, 172, 591]

 ### Operon type: 78

	 A0A009Z3V9	[712, 0, 0, 0, 0, 223, 308, 222, 221]

 ### Operon type: 79

	 A0A009T0Q9	[0, 0, 0, 0, 227, 275, 226, 712, 225]

 ### Operon type: 80

	 A0A009YJF4	[0, 351, 350, 15, 50, 226, 712, 0, 225]

 ### Operon type: 81

	 A0A009HJC2	[57, 665, 304, 56, 320, 703, 321, 322, 323]
	 A0A009PAV9	[57, -1, 304, 56, 320, 703, 321, 322, 323]

 ### Operon type: 82

	 A0A009SE02	[0, 323, 0, 0, 0, 322, 321, 703, 320]

 ### Operon type: 83

	 A0A011QNA5	[0, 502, 501, 500, 0, 679, 678, 677, 676]
	 A0A009ZLJ7	[676, 677, 678, 679, 0, 0, 502, 501, 500]

 ### Operon type: 84

	 A0A013T0T6	[679, 678, 677, 676, 675, 674, 208, 673, 207]
	 A0A009QMH5	[679, 678, 677, 676, 675, 674, 208, 673, 207]
	 A0A009HAX1	[679, 678, 677, 676, 675, 674, 208, 673, 207]

 ### Operon type: 85

	 A0A010ILW6	[679, 678, 677, 676, 675, 674, 0, 0, 673]

 ### Operon type: 86

	 A0A009Z9X7	[678, 677, 676, 0, 675, 0, 480, 0, 673]

 ### Operon type: 87

	 A0A009PE10	[0, 0, 0, 676, 675, 140, 208, 673, -1]

 ### Operon type: 88

	 A0A009SYU8	[650, 653, 649, 648, 336, 712, 712, 646, 645]
	 A0A009RSB7	[650, 653, 649, 648, 336, 712, 712, 646, 645]
	 A0A009HS41	[650, 653, 649, 648, 336, 712, 712, 646, 645]

 ### Operon type: 89

	 A0A010IT25	[650, 653, 649, 648, 647, 712, 712, 646, 645]
	 A0A013SHA9	[650, 653, 649, 648, 647, 712, 712, 646, 645]
	 A0A009I466	[650, 653, 649, 648, 647, 712, 712, 646, 645]

 ### Operon type: 90

	 A0A009NMQ9	[650, 653, 649, 648, 647, 0, 712, 712, 646]

 ### Operon type: 91

	 A0A009P8A9	[0, 0, 649, 648, 336, 712, 712, 646, 645]

 ### Operon type: 92

	 A0A011PGU1	[0, 0, 420, 495, 494, 493, 419, 418, 417]
	 A0A011MDH1	[528, 0, 420, 495, 494, 493, 419, 418, 417]

 ### Operon type: 93

	 A0A011V0P4	[378, 377, 0, 0, 376, 0, 0, 375, 374]

 ### Operon type: 94

	 A0A011WPV7	[375, 374, 0, 0, 0, 0, 0, 0, 0]

 ### Operon type: 95

	 A0A011RNP9	[0, 0, 0, 0, 0, 615, 614, 0, 0]

 ### Operon type: 96

	 A0A011V0B5	[610, 0, 0, 0, 0, 0, 615, 0, 0]

 ### Operon type: 97

	 A0A011RQC9	[0, 610, 609, 0, 0, 0, 0, 608, 0]

 ### Operon type: 98

	 A0A011QG28	[497, 496, 495, 0, 494, 493, 492, 491, 490]
	 A0A011RIM8	[497, 496, 0, 0, 494, 493, 492, 491, 490]

 ### Operon type: 99

	 A0A011PHI6	[452, 0, 520, 0, 0, 519, 509, 388, 0]

 ### Operon type: 100

	 A0A011QI68	[0, 0, 520, 519, 0, 0, 0, 0, 0]

 ### Operon type: 101

	 A0A011P700	[0, 0, 485, 484, 0, 0, 0, 0, 0]

 ### Operon type: 102

	 A0A011QSI4	[0, 0, 485, 484, 483, 0, 0, 0, 0]

 ### Operon type: 103

	 A0A011NVJ6	[354, 535, 534, 533, 532, 660, 0, 0, 468]

 ### Operon type: 104

	 A0A011PVP2	[0, 535, 534, 533, 532, 660, 0, 0, 531]

 ### Operon type: 105

	 A0A011NXY7	[0, 0, 534, 0, 532, 0, 0, 0, 0]

 ### Operon type: 106

	 A0A011QR69	[478, 477, 663, 476, 475, 474, 0, 0, 0]
	 A0A011NUB4	[478, 477, 663, 476, 475, 474, 0, 355, 0]

 ### Operon type: 107

	 A0A011NN36	[477, 663, 0, 0, 475, 474, 0, 0, 0]

 ### Operon type: 108

	 A0A011PK69	[663, 407, 0, 0, 475, 474, 0, 0, 0]

 ### Operon type: 109

	 A0A011RMI6	[624, 623, 622, 621, 620, 619, 618, 617, 616]
	 A0A011NYD6	[624, 623, 622, 621, 620, 619, 618, 617, 616]

 ### Operon type: 110

	 A0A011QB28	[536, 624, 623, 0, 0, 619, 618, 617, 616]

 ### Operon type: 111

	 A0A011NF33	[0, 619, 618, 0, 0, 0, 0, 0, 0]

 ### Operon type: 112

	 A0A011NBY4	[301, 0, 0, 583, 0, 0, 300, 0, 0]

 ### Operon type: 113

	 A0A011WRT0	[301, 0, 0, 0, 0, 0, 0, 602, 0]

 ### Operon type: 114

	 A0A011SHV5	[0, 0, 0, 0, 0, 600, 602, 695, 0]

 ### Operon type: 115

	 A0A011NB95	[0, 481, 0, 0, 0, 0, 304, 303, 302]

 ### Operon type: 116

	 A0A011UHT4	[71, 58, 303, 0, 0, 41, 41, 302, 0]

 ### Operon type: 117

	 A0A010Z1W7	[0, 0, 0, 0, 0, 17, 0, 66, 67]

 ### Operon type: 118

	 A0A011VY84	[0, 0, 67, 66, 0, 0, 0, 0, 0]

 ### Operon type: 119

	 A0A010YW85	[0, 0, 0, 0, 0, 257, 0, 66, 67]

 ### Operon type: 120

	 A0A010ZMA0	[66, 306, 0, 0, 0, 0, 0, 0, 0]

 ### Operon type: 121

	 A0A011N5L2	[0, 0, 0, 306, 0, 329, 696, 0, 0]

 ### Operon type: 122

	 A0A010SQJ5	[286, 104, 0, 457, 456, 455, 0, 0, 0]

 ### Operon type: 123

	 A0A010STD3	[0, 0, 0, 457, 456, 455, 0, 646, 295]

 ### Operon type: 124

	 A0A011TD67	[458, 0, 0, 457, 456, 455, 454, 0, 453]

 ### Operon type: 125

	 A0A009ZC12	[0, 0, 0, 457, 0, 455, 454, 210, 487]

 ### Operon type: 126

	 A0A010RFQ9	[0, 0, 716, 0, 715, 0, 0, 0, 0]

 ### Operon type: 127

	 A0A010SPR9	[14, 14, 0, 0, 0, 715, 0, 0, 0]

 ### Operon type: 128

	 A0A013S288	[0, 0, 0, 290, 320, 289, 288, 0, 287]
	 A0A010J3I1	[0, 0, 0, 290, 320, 289, 288, 0, 287]

 ### Operon type: 129

	 A0A009PWG1	[467, 153, 152, 290, 320, 289, 288, 151, 287]
	 A0A013SXT2	[467, 153, 152, 290, 320, 289, 288, 151, 287]

 ### Operon type: 130

	 A0A009ZJK4	[0, 0, 0, 0, 0, 0, 653, 23, 0]

 ### Operon type: 131

	 A0A010SVN1	[-1, 23, 712, 147, 465, 0, 0, 653, 0]

 ### Operon type: 132

	 A0A009SF48	[659, 0, 657, 0, 655, -1, 177, 602, 176]
	 A0A009IMX3	[659, 0, 657, 0, 655, 177, 177, 602, 176]

 ### Operon type: 133

	 A0A009QEX0	[659, 658, 657, 656, 655, 177, 177, 602, 176]

 ### Operon type: 134

	 A0A010ISX2	[659, 658, 657, 656, 655, 654, 653, 652, 651]
	 A0A013S7V1	[659, 658, 657, 656, 655, 654, 653, 652, 651]
	 A0A009MR00	[659, 658, 657, 656, 655, 654, 653, 652, 651]
	 A0A009RES7	[659, 658, 657, 656, 655, 654, 653, 652, 651]

 ### Operon type: 135

	 A0A009GYP9	[0, 0, 0, 656, 655, 654, 653, 652, 651]

 ### Operon type: 136

	 A0A009YTT3	[0, 0, 0, 0, 0, 0, 653, 652, 651]

 ### Operon type: 137

	 A0A009PFK7	[125, 124, 123, 122, 121, 0, 0, 120, 0]
	 A0A009QGN4	[125, 124, 123, 122, 121, 120, 0, 0, 0]

 ### Operon type: 138

	 A0A009YR20	[0, 120, 0, 0, 0, 0, 124, 0, 0]

 ### Operon type: 139

	 A0A013SB36	[281, 280, 279, 278, 277, 0, 350, 276, 275]
	 A0A009QSI3	[281, 280, 279, 278, 277, 0, 350, 276, -1]

 ### Operon type: 140

	 A0A010ITP2	[281, 280, 279, 278, 277, 0, 350, 0, 0]

 ### Operon type: 141

	 A0A009SII9	[-1, 280, 279, 278, 0, 0, 0, 0, 227]

 ### Operon type: 142

	 A0A009HZV2	[0, 0, 0, 0, 150, 149, 243, 0, 0]

 ### Operon type: 143

	 A0A009QPE7	[0, 0, 0, 0, 150, 149, 0, 0, 0]

 ### Operon type: 144

	 A0A009GXL8	[53, 52, 51, 0, 50, 81, 156, 155, 154]

 ### Operon type: 145

	 A0A010JIW7	[53, 52, 51, 0, 50, 0, 0, 156, 155]

 ### Operon type: 146

	 A0A009MGR3	[0, 0, 99, 0, 201, 237, 70, 98, 97]

 ### Operon type: 147

	 A0A009Q4G0	[0, 100, 99, 0, 201, 0, 98, 97, 98]

 ### Operon type: 148

	 A0A009PUJ8	[0, 158, 0, 0, 0, 157, 156, 155, 154]

 ### Operon type: 149

	 A0A009QJA8	[155, 154, 0, 0, 0, 0, 0, 0, 0]

 ### Operon type: 150

	 A0A009PB53	[0, 0, 158, 0, 0, 98, 97, 98, 157]

 ### Operon type: 151

	 A0A013RZW2	[653, 294, 0, 293, 292, 320, 291, 0, 0]
	 A0A013SNJ8	[653, 0, 0, 293, 292, 320, 291, 0, 0]
	 A0A009SIZ4	[653, 294, 0, 293, 292, 0, 291, 171, 0]
	 A0A009RD69	[653, 294, 0, 293, 292, 320, 291, 171, 0]
	 A0A010J9U3	[653, 0, 0, 293, 292, 320, 291, 0, 0]

 ### Operon type: 152

	 A0A009IV03	[0, 0, 680, 293, 292, 0, 291, 0, 0]
	 A0A009PH20	[0, 0, 680, 293, 292, 320, 291, 0, 0]

 ### Operon type: 153

	 A0A009YIZ0	[653, 294, 680, 293, 292, 320, 291, 171, 119]

 ### Operon type: 154

	 A0A009QA91	[247, 246, 650, 712, 271, 271, 180, 330, 147]
	 A0A010J377	[247, 246, 650, 712, 271, 271, 180, 330, 147]

 ### Operon type: 155

	 A0A009QQC0	[0, 0, 148, 712, 271, 271, 0, 330, 147]
	 A0A009MVG4	[148, 0, 272, 712, 271, 271, 0, 330, 147]

 ### Operon type: 156

	 A0A009H7I0	[0, 0, 0, 712, 271, 271, 180, 330, 147]

 ### Operon type: 157

	 A0A009S1X4	[247, 246, 650, 712, 271, 271, 712, 0, 245]

 ### Operon type: 158

	 A0A013SHF4	[0, 0, 272, 712, 271, 271, 0, 270, 0]

 ### Operon type: 159

	 A0A009H7U0	[672, 492, 0, 671, 670, 669, 668, 0, 0]

 ### Operon type: 160

	 A0A010IMP8	[672, 0, 0, 671, 670, 669, 668, 0, 667]

 ### Operon type: 161

	 A0A013SZ54	[672, 0, 299, 671, 670, 0, 0, 0, 0]

 ### Operon type: 162

	 A0A009ZM43	[-1, 492, 299, 671, 670, 669, 668, 144, 667]

 ### Operon type: 163

	 A0A009YSC7	[0, 0, 300, 9, 0, 9, 297, 296, 0]

 ### Operon type: 164

	 A0A013RVV2	[639, 0, 297, 296, 0, 0, 0, 295, 0]

 ### Operon type: 165

	 A0A011Q5S3	[557, 556, 0, 0, 0, 0, 555, 554, 553]

 ### Operon type: 166

	 A0A011UZZ4	[0, 555, 554, 0, 0, 0, 379, 379, 553]

 ### Operon type: 167

	 A0A010YKP2	[0, 0, 0, 0, 0, 0, 468, 373, 0]

 ### Operon type: 168

	 A0A011V1A2	[377, 0, 0, 373, 0, 0, 0, 0, 0]

 ### Operon type: 169

	 A0A011Q2B1	[0, 0, 0, 0, 0, 630, 629, 628, 627]

 ### Operon type: 170

	 A0A011RLN8	[0, 0, 0, 632, 631, 630, 629, 628, 627]

 ### Operon type: 171

	 A0A011NGS0	[0, 0, 0, 0, 472, 471, 0, 0, 0]

 ### Operon type: 172

	 A0A011PW61	[0, 0, 0, 0, 472, 471, 0, 0, 470]

 ### Operon type: 173

	 A0A011UXI1	[0, 405, 0, 0, 472, 471, 451, 0, 0]

 ### Operon type: 174

	 A0A011SWI9	[-1, -1, 0, 452, 472, 471, 451, -1, -1]

 ### Operon type: 175

	 A0A011P952	[471, 0, 424, 0, 0, 424, 0, 0, 0]

 ### Operon type: 176

	 A0A011NSG8	[0, 0, 0, 388, 527, 526, 0, 527, 0]

 ### Operon type: 177

	 A0A011P0X4	[0, 0, 528, 0, 527, 0, 0, 526, 525]

 ### Operon type: 178

	 A0A009MJ75	[0, 0, 108, 107, 106, 0, 0, 0, 704]

 ### Operon type: 179

	 A0A010IH51	[0, 591, 0, 0, 106, 0, 704, 0, 0]

 ### Operon type: 180

	 A0A010YNY9	[0, 0, 18, 8, 0, 0, 0, 0, 384]

 ### Operon type: 181

	 A0A011AC71	[245, 0, 0, 469, 0, 18, 8, 0, 650]

 ### Operon type: 182

	 A0A011QLX0	[0, 504, 0, 0, 503, 0, 623, 622, 0]
	 A0A011PRW6	[504, 0, 0, 0, 503, 623, 622, 0, 0]

 ### Operon type: 183

	 A0A010SML6	[0, 623, 622, -1, 0, 432, 0, 0, 0]

 ### Operon type: 184

	 A0A009P817	[117, 0, 0, 0, 116, 0, 259, 115, 114]

 ### Operon type: 185

	 A0A009TIY0	[0, 0, 0, 0, 116, 0, 259, 115, 0]

 ### Operon type: 186

	 A0A009QKA3	[259, 115, 0, 114, 0, 0, 0, 0, 125]

 ### Operon type: 187

	 A0A009S854	[-1, 0, 0, 234, 233, 0, 0, 0, 232]

 ### Operon type: 188

	 A0A013RMD0	[-1, 0, 708, 0, 233, 716, 0, 0, 232]

 ### Operon type: 189

	 A0A009R016	[0, 102, 0, 0, 101, -1, 703, 0, 0]
	 A0A009HFU9	[0, 102, 0, 0, 101, 703, 0, 0, 0]

 ### Operon type: 190

	 A0A009HSR2	[0, 346, 345, 0, 344, 164, 343, 243, 165]

 ### Operon type: 191

	 A0A009SWM1	[0, 346, 345, 0, 344, 0, 0, 343, 0]

 ### Operon type: 192

	 A0A009MYX0	[166, 165, 0, 589, 0, 0, 343, 164, 163]

 ### Operon type: 193

	 A0A009QK79	[0, 0, 163, 164, 0, 343, 0, 0, 165]

 ### Operon type: 194

	 A0A009GXJ1	[372, 371, 164, 343, 54, 243, 165, 166, 0]

 ### Operon type: 195

	 A0A010IT95	[0, 0, 0, 703, 644, 643, 642, 641, 640]
	 A0A009S0T6	[0, 0, 703, 248, 644, 643, 642, 641, 640]
	 A0A013TKW8	[0, 498, 0, 703, 644, 643, 642, 641, 640]
	 A0A009I5G9	[0, 0, 703, 248, 644, 643, 642, 641, 640]
	 A0A009PRQ9	[0, 703, 248, 0, 644, 643, 642, 641, 640]
	 A0A009QT77	[0, 0, -1, 703, 644, 643, 642, 641, 640]
	 A0A009MH36	[0, 0, 0, 703, 644, 643, 642, 641, 640]
	 A0A009GWD0	[243, 0, 0, 703, 644, 643, 642, 641, 640]

 ### Operon type: 196

	 A0A013TMJ7	[665, -1, 0, 703, 644, 641, 640, 0, 0]

 ### Operon type: 197

	 A0A009I8I7	[326, 701, 700, 325, 699, 698, 0, 697, 95]
	 A0A009HJJ5	[326, 701, 700, 0, 699, 698, 0, 697, 95]

 ### Operon type: 198

	 A0A010JJN4	[0, 701, 700, 0, 699, 698, 0, 697, 696]
	 A0A009RMI1	[0, 701, 700, 0, 699, 698, 0, 697, 0]
	 A0A013TPR7	[326, 701, 700, 0, 699, 698, 0, 697, 696]
	 A0A009PMT3	[326, 701, 700, 0, 699, 698, 324, 697, 696]
	 A0A009YG45	[0, 326, 701, 700, 699, 0, 698, 324, 697]

 ### Operon type: 199

	 A0A009SEP4	[326, 701, 700, 325, 699, 0, 698, 324, 0]

 ### Operon type: 200

	 A0A009NI48	[326, 701, 700, 0, 699, 0, 0, 0, -1]

 ### Operon type: 201

	 A0A011WLE7	[0, 0, 0, 0, 0, 59, 0, 0, 0]
	 A0A011VU44	[0, 0, 0, 0, 0, 59, 0, 0, 0]

 ### Operon type: 202

	 A0A011VAP2	[0, 0, 33, 0, 0, 0, 0, 0, 32]

 ### Operon type: 203

	 A0A011VRJ8	[0, 0, 0, 0, 0, 0, 33, 0, 0]

 ### Operon type: 204

	 A0A011RNU1	[0, 0, 0, 0, 0, 0, 613, 613, 612]

 ### Operon type: 205

	 A0A011VKJ9	[0, 0, 0, 0, 0, 0, 612, 613, -1]

 ### Operon type: 206

	 A0A011V490	[0, 265, 0, 0, 0, 0, 0, 0, 0]
	 A0A011WT35	[265, 0, 0, 0, 0, 0, 0, 0, 0]

 ### Operon type: 207

	 A0A009T185	[477, 0, 662, 662, 664, 663, 662, 661, 660]

 ### Operon type: 208

	 A0A010IN36	[666, 665, 0, 0, 664, 663, 662, 661, 660]

 ### Operon type: 209

	 A0A009PG43	[663, 662, 580, 479, 0, 661, 660, 0, 0]

 ### Operon type: 210

	 A0A011PQZ7	[0, 0, 0, 398, 575, 0, 459, 0, 0]

 ### Operon type: 211

	 A0A011TUX4	[0, 0, 0, 0, 575, 0, 0, 459, 0]

 ### Operon type: 212

	 A0A011STZ9	[0, 0, 0, 459, 0, 0, 0, 0, 0]

 ### Operon type: 213

	 A0A011PUJ9	[0, 0, 0, 0, 0, 0, 0, 0, 415]
	 A0A011PRF5	[415, 0, 0, 0, 0, 0, 0, 0, 0]

 ### Operon type: 214

	 A0A011PFY8	[0, 0, 0, 0, 0, 0, 0, 0, 423]

 ### Operon type: 215

	 A0A011PNS3	[479, 423, 0, 0, 0, 0, 0, 0, 0]

 ### Operon type: 216

	 A0A011T648	[0, 423, 0, 0, 0, 0, 0, 663, 0]

 ### Operon type: 217

	 A0A011U3C2	[0, 0, 492, 0, 0, 0, 0, 0, 0]
	 A0A011AEN3	[0, 0, 0, 0, 0, 0, 492, 0, 0]

 ### Operon type: 218

	 A0A011AAZ2	[0, 581, 0, 0, 0, 492, 492, 492, 0]

 ### Operon type: 219

	 A0A011T698	[0, 0, 0, 0, 0, 650, 492, 0, 0]

 ### Operon type: 220

	 A0A009SNL0	[328, 327, 0, 0, 0, 0, 0, 0, 0]

 ### Operon type: 221

	 A0A009ZZC8	[-1, 327, 328, 0, 0, 0, 0, 0, 0]

 ### Operon type: 222

	 A0A009ZG48	[0, 0, 0, 498, 0, 0, 0, 0, 0]

 ### Operon type: 223

	 A0A011PEJ8	[0, 0, 450, 498, 0, 0, 0, 0, 0]

 ### Operon type: 224

	 A0A011QNJ7	[499, 0, 0, 498, 0, 0, 0, 499, 0]

 ### Operon type: 225

	 A0A011MMJ4	[0, 0, 0, 0, 0, 0, 0, 499, 0]

 ### Operon type: 226

	 A0A011R8M3	[0, 0, 450, 498, 0, 449, 0, 499, 0]

 ### Operon type: 227

	 A0A009TJ77	[0, 16, 0, 0, 0, 0, 0, 0, 0]

 ### Operon type: 228

	 A0A010RTE7	[0, 0, 0, 0, 0, 0, 36, 16, 0]

 ### Operon type: 229

	 A0A009SZ84	[335, 334, 333, 332, 331, 712, 665, 330, 329]
	 A0A013S8F0	[335, 334, 333, 332, 331, 712, 665, 330, 329]
	 A0A013TPQ9	[335, 334, 333, 332, 331, 712, 665, 330, 329]
	 A0A009PMU2	[335, 334, 333, -1, 331, 712, 665, 330, 329]

 ### Operon type: 230

	 A0A009IG48	[0, 0, 0, 342, 88, 0, 0, 0, 432]

 ### Operon type: 231

	 A0A009IMQ0	[0, 0, 0, 342, 88, 0, 0, 0, 0]

 ### Operon type: 232

	 A0A009SWV1	[0, 0, 0, 0, 0, 0, 0, 342, 0]

 ### Operon type: 233

	 A0A011TAW2	[0, 0, 0, 0, 0, 0, 467, 0, 0]
	 A0A009SFX8	[467, 0, 0, 0, 0, 0, 0, 0, 0]

 ### Operon type: 234

	 A0A011TZN1	[0, 0, 0, 0, 362, 0, 0, 0, 0]
	 A0A009RHH9	[0, 0, 0, 0, 362, 0, 0, 0, 0]

 ### Operon type: 235

	 A0A009PMZ9	[118, 0, 0, 0, 0, 0, 0, 0, 0]
	 A0A009Q512	[0, 0, 0, 0, 118, 0, 0, 0, 0]

 ### Operon type: 236

	 A0A009IFL2	[0, 209, 0, 89, -1, 0, 0, 0]

 ### Operon type: 237

	 A0A009ZDS1	[-1, -1, 0, 209, 0, 0, 694, 0, 0]

 ### Operon type: 238

	 A0A009NPS1	[0, 334, 333, 332, 331, -1, 0, 0, 0]
	 A0A009HJM0	[0, 334, 333, 332, 331, 712, 0, 0, 0]
	 A0A010IZH1	[-1, 334, 333, 332, 331, 712, 0, 0, 0]

 ### Operon type: 239

	 A0A009HUS9	[334, 333, 0, 0, 0, 0, -1, 0, 0]

 ### Operon type: 240

	 A0A009HM15	[0, 311, 310, 0, 0, 0, -1, 0, 0]

 ### Operon type: 241

	 A0A009RQL5	[0, 0, 0, 0, 0, 0, 311, 310, 0]

 ### Operon type: 242

	 A0A009IJ01	[0, 0, 0, 0, 0, 0, 311, 310, 162]

 ### Operon type: 243

	 A0A009NCH6	[0, 0, 0, 0, 0, 0, 0, 310, 162]

 ### Operon type: 244

	 A0A011UB51	[582, 0, 0, 0, 0, 0, 0, 0, 0]
	 A0A011UFH1	[0, 0, 0, 0, 0, 582, 0, 0, 0]

 ### Operon type: 245

	 A0A011V965	[0, -1, -1, 0, 34, 0, -1, -1, 0]
	 A0A011VHP2	[0, -1, -1, -1, 34, 0, 0, 0, 0]

 ### Operon type: 246

	 A0A010RVD0	[-1, 0, 0, -1, 0, 566, 566, 0, 20]

 ### Operon type: 247

	 A0A010T7Q5	[0, 20, 0, 0, 0, 0, -1, 0, 0]

 ### Operon type: 248

	 A0A010SNM6	[0, 0, -1, 0, 0, 0, 665, 0, 0]
	 A0A010SRR2	[0, 0, -1, 0, 0, 0, 0, 0, 665]

 ### Operon type: 249

	 A0A010SJH7	[0, 0, 665, -1, 0, 0, 180, 0, 0]

 ### Operon type: 250

	 A0A010RKP8	[0, 0, 0, 0, 0, 0, -1, 0, 0]
	 A0A011UZ32	[0, 0, 0, 0, 0, -1, 0, 0, 0]
	 A0A011UZ49	[0, -1, 0, 0, 0, 0, 0, 0, 0]
	 A0A011V107	[0, -1, 0, 0, 0, 0, 0, 0, 0]
	 A0A009N9Z1	[-1, 0, 0, 0, 0, 0, 0, 0, 0]
	 A0A009PH57	[0, 0, -1, 0, 0, 0, 0, 0, 0]
	 A0A009IHQ3	[-1, 0, 0, 0, 0, 0, 0, 0, 0]
	 A0A009RG92	[-1, 0, 0, 0, 0, 0, 0, 0, 0]
	 A0A009QDV7	[-1, 0, 0, 0, 0, 0, 0, 0, 0]
	 A0A009HJU6	[0, 0, 0, 0, 0, 0, 0, 0, -1]
	 A0A009H6M2	[-1, 0, 0, 0, 0, 0, 0, 0, 0]
	 A0A011U7M7	[0, 0, -1, 0, 0, 0, 0, 0, 0]
	 A0A010TF14	[-1, 0, 0, 0, 0, 0, 0, 0, 0]
	 A0A010RY47	[-1, 0, -1, 0, 0, 0, 0, 0, 0]
	 A0A010JDA6	[-1, 0, 0, 0, 0, 0, 0, 0, 0]
	 A0A009TG92	[0, 0, -1, 0, 0, 0, 0, 0, 0]

 ### Operon type: 251

	 A0A010SJF9	[0, 0, 0, 0, 0, -1, 0, 181, -1]

 ### Operon type: 252

	 A0A010T5D8	[0, 0, 0, -1, 0, -1, 291, 0, 0]

 ### Operon type: 253

	 A0A011ML54	[0, 0, 0, 61, 0, 0, 0, 0, -1]

 ### Operon type: 254

	 A0A011NHY1	[0, 0, 0, 0, 0, 665, 0, 0, 0]

 ### Operon type: 255

	 A0A010Z171	[0, 0, 0, 0, 0, 0, 665, 0, 589]

 ### Operon type: 256

	 A0A010ZX98	[0, 0, 0, 0, 0, 7, 665, 665, 0]

 ### Operon type: 257

	 A0A010YRE8	[0, 0, 0, 0, 0, 0, 0, 7, 0]

 ### Operon type: 258

	 A0A011AF05	[0, 0, 245, 7, 0, 0, 0, 0, 0]

 ### Operon type: 259

	 A0A011SQL0	[593, 0, -1, 0, 0, 0, 0, 0, 0]

 ### Operon type: 260

	 A0A009ZC82	[0, 0, 593, 0, 0, 0, 0, 0, 0]

 ### Operon type: 261

	 A0A011P3F6	[432, 0, 0, 593, 0, 0, 0, 0, 0]

 ### Operon type: 262

	 A0A011T697	[665, 0, 0, 0, 0, 0, 0, 0, 259]

 ### Operon type: 263

	 A0A011TDD1	[0, 466, 665, 0, 0, 0, 0, 0, 0]

 ### Operon type: 264

	 A0A011VW24	[0, 0, 626, 0, 0, 0, 0, 0, -1]

 ### Operon type: 265

	 A0A011T8V3	[0, 0, 626, 0, 0, 0, 0, 0, 0]

 ### Operon type: 266

	 A0A010TH98	[470, 0, 0, 626, 0, 0, 0, 0, 0]

 ### Operon type: 267

	 A0A011QVR3	[0, 0, 0, 0, 0, 0, 0, 481, 626]

 ### Operon type: 268

	 A0A011RM25	[0, 0, 0, 0, 0, 626, 0, 625, 0]

 ### Operon type: 269

	 A0A011VXC2	[-1, 298, 0, 0, 0, 0, 0, 0, 0]

 ### Operon type: 270

	 A0A011VYF1	[626, 0, 0, 0, 0, 0, 582, 0, 0]

 ### Operon type: 271

	 A0A010S415	[-1, 626, 0, 147, 0, 0, 0, 0, 683]

 ### Operon type: 272

	 A0A010IPH1	[0, 0, 0, 0, 0, 0, 0, 0, 0]
	 A0A011SGD5	[0, 0, 0, 0, 0, 0, 0, 0, 0]
	 A0A011Q056	[0, 0, 0, 0, 0, 0, 0, 0, 0]
	 A0A011Q1B3	[0, 0, 0, 0, 0, 0, 0, 0, 0]
	 A0A011QMJ8	[0, 0, 0, 0, 0, 0, 0, 0, 0]
	 A0A011QSN2	[0, 0, 0, 0, 0, 0, 0, 0, 0]
	 A0A011TAF9	[0, 0, 0, 0, 0, 0, 0, 0, 0]
	 A0A011TLH0	[0, 0, 0, 0, 0, 0, 0, 0, 0]
	 A0A011TWN2	[0, 0, 0, 0, 0, 0, 0, 0, 0]
	 A0A011P4U7	[0, 0, 0, 0, 0, 0, 0, 0, 0]
	 A0A011P9Z5	[0, 0, 0, 0, 0, 0, 0, 0, 0]
	 A0A011PBM9	[0, 0, 0, 0, 0, 0, 0, 0, 0]
	 A0A011PKU5	[0, 0, 0, 0, 0, 0, 0, 0, 0]
	 A0A011PJK8	[0, 0, 0, 0, 0, 0, 0, 0, 0]
	 A0A011PNN2	[0, 0, 0, 0, 0, 0, 0, 0, 0]
	 A0A011UTJ0	[0, 0, 0, 0, 0, 0, 0, 0, 0]
	 A0A011UWH1	[0, 0, 0, 0, 0, 0, 0, 0, 0]
	 A0A011UHL2	[0, 0, 0, 0, 0, 0, 0, 0, 0]
	 A0A011NMI8	[0, 0, 0, 0, 0, 0, 0, 0, 0]
	 A0A011NTU3	[0, 0, 0, 0, 0, 0, 0, 0, 0]
	 A0A011QVV5	[0, 0, 0, 0, 0, 0, 0, 0, 0]
	 A0A009SWU0	[0, 0, 0, 0, 0, 0, 0, 0, 0]
	 A0A009SCM5	[0, 0, 0, 0, 0, 0, 0, 0, 0]
	 A0A009RHH7	[0, 0, 0, 0, 0, 0, 0, 0, 0]
	 A0A009RMD0	[0, 0, 0, 0, 0, 0, 0, 0, 0]
	 A0A009RR21	[0, 0, 0, 0, 0, 0, 0, 0, 0]
	 A0A011N2Z0	[0, 0, 0, 0, 0, 0, 0, 0, 0]
	 A0A011N3C3	[0, 0, 0, 0, 0, 0, 0, 0, 0]
	 A0A011N4G4	[0, 0, 0, 0, 0, 0, 0, 0, 0]
	 A0A011NAJ1	[0, 0, 0, 0, 0, 0, 0, 0, 0]
	 A0A011NAY5	[0, 0, 0, 0, 0, 0, 0, 0, 0]
	 A0A011NDM5	[0, 0, 0, 0, 0, 0, 0, 0, 0]
	 A0A013S2B9	[0, 0, 0, 0, 0, 0, 0, 0, 0]
	 A0A013SBR8	[0, 0, 0, 0, 0, 0, 0, 0, 0]
	 A0A009T1I8	[0, 0, 0, 0, 0, 0, 0, 0, 0]
	 A0A013T8M5	[0, 0, 0, 0, 0, 0, 0, 0, 0]
	 A0A013TEV4	[0, 0, 0, 0, 0, 0, 0, 0, 0]
	 A0A013TPV4	[0, 0, 0, 0, 0, 0, 0, 0, 0]
	 A0A013SL47	[0, 0, 0, 0, 0, 0, 0, 0, 0]
	 A0A011WUT3	[0, 0, 0, 0, 0, 0, 0, 0, 0]
	 A0A010SHY1	[0, 0, 0, 0, 0, 0, 0, 0, 0]
	 A0A009SHB3	[0, 0, 0, 0, 0, 0, 0, 0, 0]
	 A0A009SIF9	[0, 0, 0, 0, 0, 0, 0, 0, 0]
	 A0A009N031	[0, 0, 0, 0, 0, 0, 0, 0, 0]
	 A0A009N123	[0, 0, 0, 0, 0, 0, 0, 0, 0]
	 A0A009MH90	[0, 0, 0, 0, 0, 0, 0, 0, 0]
	 A0A009Q3K7	[0, 0, 0, 0, 0, 0, 0, 0, 0]
	 A0A009QQ47	[0, 0, 0, 0, 0, 0, 0, 0, 0]
	 A0A009IRJ6	[0, 0, 0, 0, 0, 0, 0, 0, 0]
	 A0A009ISY0	[0, 0, 0, 0, 0, 0, 0, 0, 0]
	 A0A009M4K0	[0, 0, 0, 0, 0, 0, 0, 0, 0]
	 A0A009MGJ1	[0, 0, 0, 0, 0, 0, 0, 0, 0]
	 A0A009MGQ8	[0, 0, 0, 0, 0, 0, 0, 0, 0]
	 A0A009I463	[0, 0, 0, 0, 0, 0, 0, 0, 0]
	 A0A009PG53	[0, 0, 0, 0, 0, 0, 0, 0, 0]
	 A0A009PT82	[0, 0, 0, 0, 0, 0, 0, 0, 0]
	 A0A009NQA1	[0, 0, 0, 0, 0, 0, 0, 0, 0]
	 A0A009MMM3	[0, 0, 0, 0, 0, 0, 0, 0, 0]
	 A0A009R2X0	[0, 0, 0, 0, 0, 0, 0, 0, 0]
	 A0A009R4N4	[0, 0, 0, 0, 0, 0, 0, 0, 0]
	 A0A009RBQ2	[0, 0, 0, 0, 0, 0, 0, 0, 0]
	 A0A009QVK8	[0, 0, 0, 0, 0, 0, 0, 0, 0]
	 A0A009HL81	[0, 0, 0, 0, 0, 0, 0, 0, 0]
	 A0A009HBT3	[0, 0, 0, 0, 0, 0, 0, 0, 0]
	 A0A009I0I9	[0, 0, 0, 0, 0, 0, 0, 0, 0]
	 A0A011VYF6	[0, 0, 0, 0, 0, 0, 0, 0, 0]
	 A0A011VWR4	[0, 0, 0, 0, 0, 0, 0, 0, 0]
	 A0A011WKI4	[0, 0, 0, 0, 0, 0, 0, 0, 0]
	 A0A011VZG0	[0, 0, 0, 0, 0, 0, 0, 0, 0]
	 A0A011VW71	[0, 0, 0, 0, 0, 0, 0, 0, 0]
	 A0A011V8Y9	[0, 0, 0, 0, 0, 0, 0, 0, 0]
	 A0A009HTN9	[0, 0, 0, 0, 0, 0, 0, 0, 0]
	 A0A009HIL8	[0, 0, 0, 0, 0, 0, 0, 0, 0]
	 A0A011UBN9	[0, 0, 0, 0, 0, 0, 0, 0, 0]
	 A0A011UFM5	[0, 0, 0, 0, 0, 0, 0, 0, 0]
	 A0A011UG71	[0, 0, 0, 0, 0, 0, 0, 0, 0]
	 A0A011UGX8	[0, 0, 0, 0, 0, 0, 0, 0, 0]
	 A0A009PAG1	[0, 0, 0, 0, 0, 0, 0, 0, 0]
	 A0A009PDV4	[0, 0, 0, 0, 0, 0, 0, 0, 0]
	 A0A011VMV7	[0, 0, 0, 0, 0, 0, 0, 0, 0]
	 A0A011VNE2	[0, 0, 0, 0, 0, 0, 0, 0, 0]
	 A0A011VSC9	[0, 0, 0, 0, 0, 0, 0, 0, 0]
	 A0A011VUV0	[0, 0, 0, 0, 0, 0, 0, 0, 0]
	 A0A011WSE5	[0, 0, 0, 0, 0, 0, 0, 0, 0]
	 A0A010T025	[0, 0, 0, 0, 0, 0, 0, 0, 0]
	 A0A010IZE4	[0, 0, 0, 0, 0, 0, 0, 0, 0]
	 A0A010SPJ7	[0, 0, 0, 0, 0, 0, 0, 0, 0]
	 A0A010SSQ8	[0, 0, 0, 0, 0, 0, 0, 0, 0]
	 A0A009T3J5	[0, 0, 0, 0, 0, 0, 0, 0, 0]
	 A0A010YJA7	[0, 0, 0, 0, 0, 0, 0, 0, 0]
	 A0A010YZS8	[0, 0, 0, 0, 0, 0, 0, 0, 0]
	 A0A010Z120	[0, 0, 0, 0, 0, 0, 0, 0, 0]
	 A0A010ZTI3	[0, 0, 0, 0, 0, 0, 0, 0, 0]
	 A0A011A146	[0, 0, 0, 0, 0, 0, 0, 0, 0]
	 A0A011AIL7	[0, 0, 0, 0, 0, 0, 0, 0, 0]
	 A0A010ZJQ6	[0, 0, 0, 0, 0, 0, 0, 0, 0]

 ### Operon type: 273

	 A0A010TG27	[403, 0, 40, 0, 0, 0, 712, 0, 0]

 ### Operon type: 274

	 A0A011PMK1	[0, 0, 0, 0, 0, 0, 0, 403, 0]

 ### Operon type: 275

	 A0A009HRU1	[0, 164, 0, 0, 0, 0, 0, 0, 0]

 ### Operon type: 276

	 A0A009HSN8	[0, 100, 0, 0, 0, -1, 0, 157, -1]

 ### Operon type: 277

	 A0A009HV82	[156, 0, 0, 0, 0, 0, 0, 0, 0]

 ### Operon type: 278

	 A0A009IG74	[0, 0, 107, 0, 320, -1, 0, 0, 0]

 ### Operon type: 279

	 A0A009IJ90	[0, 136, 0, 0, 0, 0, 0, 0, 0]

 ### Operon type: 280

	 A0A009ISE1	[698, 0, 697, 0, 0, -1, 0, 0, 0]

 ### Operon type: 281

	 A0A009NM94	[0, 604, 604, 0, 0, 0, 466, 0, 0]

 ### Operon type: 282

	 A0A009Q4N5	[0, 0, 117, 0, 0, 0, 0, 0, 0]

 ### Operon type: 283

	 A0A009SSZ9	[0, 347, 0, 0, 0, 0, 0, 0, 0]

 ### Operon type: 284

	 A0A009TBM2	[0, 0, 0, 0, 0, 0, 0, 0, 287]

 ### Operon type: 285

	 A0A009Q8S9	[0, 0, 432, 287, 0, 584, 0, 0, 0]

 ### Operon type: 286

	 A0A009YIH1	[0, 0, 0, 0, 236, 0, -1, -1, 10]

 ### Operon type: 287

	 A0A009YR05	[0, 0, 0, 0, 29, 0, 0, 0, 0]

 ### Operon type: 288

	 A0A009Z004	[224, 0, 224, 0, 0, 589, 0, 0, 0]

 ### Operon type: 289

	 A0A010IGH8	[0, 0, 0, 0, 0, 0, 0, 295, 0]

 ### Operon type: 290

	 A0A010JIN9	[692, 0, 0, 16, 340, 0, 0, 0, 0]

 ### Operon type: 291

	 A0A010RS09	[0, 0, 0, 0, 36, 0, 714, 714, 0]

 ### Operon type: 292

	 A0A010RUQ5	[0, 0, 0, 0, 0, 0, 0, 0, 361]

 ### Operon type: 293

	 A0A010S195	[593, 0, 17, 24, 0, 0, 0, 0, 0]

 ### Operon type: 294

	 A0A010SCZ2	[0, 0, 0, 0, 0, 0, 0, 183, 0]

 ### Operon type: 295

	 A0A010SN41	[0, 0, 0, 0, 179, 0, 0, 0, 0]

 ### Operon type: 296

	 A0A010SSU2	[0, 0, 0, 0, 54, 0, -1, 425, 0]

 ### Operon type: 297

	 A0A010SUP6	[0, 0, 0, 0, 0, 0, 0, 24, 0]

 ### Operon type: 298

	 A0A010SUY9	[0, 0, 0, 0, 0, 449, 450, 0]

 ### Operon type: 299

	 A0A010THK2	[0, 0, -1, 0, 0, 714, 589, 0, 0]

 ### Operon type: 300

	 A0A010SRL4	[40, 0, 0, -1, 0, 0, 0, 589, 68]

 ### Operon type: 301

	 A0A010YF95	[553, 0, 0, 0, 0, 0, 0, 0, 0]

 ### Operon type: 302

	 A0A010YT39	[0, 30, 0, 0, 0, 0, 0, 0, 0]

 ### Operon type: 303

	 A0A010YX61	[273, 492, 0, 626, 0, 0, 0, 0, 0]

 ### Operon type: 304

	 A0A010ZWJ8	[0, 0, 0, 0, 0, 427, 0, 0, 0]

 ### Operon type: 305

	 A0A009ZVR4	[609, 0, 492, 0, 0, 178, 0, 0, 0]

 ### Operon type: 306

	 A0A011AHW1	[0, 0, 0, 0, 0, 0, 0, 2, 0]

 ### Operon type: 307

	 A0A011NE37	[299, 0, 0, 0, 0, 0, 0, 0, 0]

 ### Operon type: 308

	 A0A011NF78	[0, 0, 486, 0, 0, 0, 0, 0, 0]

 ### Operon type: 309

	 A0A011NVE2	[0, 0, 0, 663, 0, 0, 665, 0, 586]

 ### Operon type: 310

	 A0A011NXJ4	[0, 0, 0, 0, 0, 0, 0, 0, 360]

 ### Operon type: 311

	 A0A011P8I1	[0, 0, 490, 492, 0, 0, 0, 0, 427]

 ### Operon type: 312

	 A0A011P9Q7	[649, 0, 0, 0, 0, 0, 0, 0, 0]

 ### Operon type: 313

	 A0A011PCT1	[0, 0, 0, 0, 0, 0, 0, 627, 0]

 ### Operon type: 314

	 A0A011PJ75	[0, 663, 662, 663, 0, 0, 0, 0, 0]

 ### Operon type: 315

	 A0A011PRB4	[0, 0, 0, 0, 0, 0, 0, 397, 0]

 ### Operon type: 316

	 A0A011Q5V7	[552, 0, 0, 0, 0, 0, 0, 0, 0]

 ### Operon type: 317

	 A0A011QU35	[0, 0, 0, 0, 482, 0, 0, 0, 0]

 ### Operon type: 318

	 A0A011QVT2	[480, 0, 0, 0, 0, 0, 0, 479, 0]

 ### Operon type: 319

	 A0A011RP14	[0, 0, 0, 0, 0, 0, 0, 611, 0]

 ### Operon type: 320

	 A0A011SM49	[665, 0, 611, 0, 0, 0, 594, 0, 0]

 ### Operon type: 321

	 A0A011AM27	[459, 0, 0, 0, 699, 0, 0, 0, 21]

 ### Operon type: 322

	 A0A011T607	[0, 0, 531, 0, 0, 0, 0, 0, 466]

 ### Operon type: 323

	 A0A010S5W8	[0, 0, 309, 531, 0, 0, 0, 0, 0]

 ### Operon type: 324

	 A0A011MSR2	[0, 0, 0, 309, 0, 0, 0, 549, 0]

 ### Operon type: 325

	 A0A010YYJ5	[0, 0, 0, 549, 0, 0, 0, 178, 178]

 ### Operon type: 326

	 A0A011TED9	[0, 0, 0, 0, 0, 463, 0, 0, 0]

 ### Operon type: 327

	 A0A011TXS5	[0, 592, 0, 0, 0, 0, 0, 0, 0]

 ### Operon type: 328

	 A0A011U144	[0, 361, 0, 0, 0, 0, 360, 359, 0]

 ### Operon type: 329

	 A0A011U1C8	[650, 0, 0, 0, 0, 0, 0, 0, 358]

 ### Operon type: 330

	 A0A011U483	[0, 0, 0, 0, 0, 430, 0, 0, 0]

 ### Operon type: 331

	 A0A011UDF3	[0, 0, 0, 0, 0, 458, 0, 0, 0]

 ### Operon type: 332

	 A0A011UG86	[0, 388, 0, 0, 0, 181, 0, 0, 0]

 ### Operon type: 333

	 A0A011UGY3	[0, 0, 0, 42, 0, 0, 0, 42, 0]

 ### Operon type: 334

	 A0A011UJN3	[0, 661, 0, 0, 0, 0, 0, 0, 0]

 ### Operon type: 335

	 A0A009INE0	[666, 0, 0, 0, 0, 0, 0, 662, 661]

 ### Operon type: 336

	 A0A011UQB5	[601, 583, 0, 0, 0, 0, 0, 582, 0]

 ### Operon type: 337

	 A0A011UVI5	[0, 0, 0, 0, 0, 384, 663, 663, 0]

 ### Operon type: 338

	 A0A011UWI3	[0, 0, 0, 0, 383, 0, 382, 593, 0]

 ### Operon type: 339

	 A0A011V5E6	[0, 0, 0, 0, 0, 266, 0, 0, 0]

 ### Operon type: 340

	 A0A011M4H6	[32, 0, 709, 0, 0, 0, 0, 0, 0]

 ### Operon type: 341

	 A0A011VSV3	[0, 0, 0, 0, 0, 0, 495, 0, 0]

 ### Operon type: 342

	 A0A011VWI0	[0, 0, 0, 0, 0, 58, 0, 0, 0]

 ### Operon type: 343

	 A0A011VZ91	[64, 0, 0, 0, 0, 0, 0, 0, 0]

 ### Operon type: 344

	 A0A011W213	[0, 0, 0, 0, 0, 355, 0, 0, 0]

 ### Operon type: 345

	 A0A011WP76	[0, 0, 0, 0, 0, 0, 0, 0, 506]

 ### Operon type: 346

	 A0A011WSD4	[0, 0, 0, -1, 0, 549, 0, 0, 265]

 ### Operon type: 347

	 A0A011VZF5	[0, 0, 261, 262, 0, 549, 265, 549, 0]

 ### Operon type: 348

	 A0A011WSU6	[0, 549, 0, 0, 263, 0, 0, 0, 0]

 ### Operon type: 349

	 A0A013S843	[0, 330, 0, 0, 0, 0, -1, 286, 0]

 ### Operon type: 350

	 A0A013S981	[282, 0, 0, 0, 0, 0, 0, 0, 0]

 ### Operon type: 351

	 A0A013T337	[0, 0, 0, 0, 0, 0, 0, 0, 202]

 ### Operon type: 352

	 A0A013T5E6	[0, 0, 0, 201, 0, 0, 0, 0, 0]

 ### Operon type: 353

	 A0A009RQH3	[316, 0, 0, 315, 314, 416, 313, 650, 312]
	 A0A013SGL3	[316, 274, 273, 315, 314, 416, 313, 650, 312]
	 A0A009NE81	[316, 274, 273, 315, 314, 416, 313, 650, 312]
	 A0A009I5Z6	[316, 0, 273, 315, 314, 416, 313, 650, 312]
	 A0A010KAV2	[316, 0, 0, 315, 314, 416, 313, 650, 312]

 ### Operon type: 354

	 A0A013TB41	[316, -1, 0, 0, 314, 416, 313, 650, 312]

 ### Operon type: 355

	 A0A009H3X4	[316, 0, 0, 0, 314, 416, -1, 714, -1]

 ### Operon type: 356

	 A0A009YL68	[0, 0, 650, 316, 314, 0, 0, 210, 0]

 ### Operon type: 357

	 A0A009T9H0	[0, 10, 432, -1, 0, 0, 343, 0, 164]

 ### Operon type: 358

	 A0A010THH5	[0, 182, 209, 384, 0, 0, 695, 0, 694]

 ### Operon type: 359

	 A0A011VZE3	[0, 0, 0, 712, 63, 0, 0, 0, 0]
	 A0A011WSH8	[0, 0, 0, 712, 63, 0, 0, 0, 0]

 ### Operon type: 360

	 A0A011NAF3	[0, 0, 0, 0, 0, 0, 712, 0, 559]

 ### Operon type: 361

	 A0A009IQ93	[69, 0, 712, 0, 0, 68, 0, 0, 0]

 ### Operon type: 362

	 A0A009TLU4	[0, 592, -1, 137, 0, 13, 0, -1, -1]

 ### Operon type: 363

	 A0A010JNG7	[703, 0, 0, 702, 0, 0, 0, 0, 0]

 ### Operon type: 364

	 A0A010S003	[418, 0, 0, 0, 0, 388, 388, 104, 0]

 ### Operon type: 365

	 A0A010SMN8	[0, -1, 18, 0, 715, 0, 0, 422, 0]

 ### Operon type: 366

	 A0A010SXS1	[0, 580, 0, 0, 0, 60, 0, 0, 479]

 ### Operon type: 367

	 A0A010T689	[21, -1, 695, 615, 0, 0, 0, 0, 0]

 ### Operon type: 368

	 A0A010TBB4	[0, 76, 0, 181, 0, 0, 0, 0, 650]

 ### Operon type: 369

	 A0A010YFK3	[0, 551, 0, 0, 0, 0, 27, 0, 358]

 ### Operon type: 370

	 A0A010YVY1	[6, 0, 6, 0, 0, 0, 0, 104, 0]

 ### Operon type: 371

	 A0A010Z7T4	[0, 0, 0, 0, 0, 0, 0, 704, 398]

 ### Operon type: 372

	 A0A010RRR9	[0, 0, 0, 0, 706, 0, 0, 705, 704]

 ### Operon type: 373

	 A0A010SIA7	[0, 0, 705, 185, 0, 0, 0, 0, 0]

 ### Operon type: 374

	 A0A010ZSZ2	[0, 581, 0, 524, 523, 0, 0, 0, 0]

 ### Operon type: 375

	 A0A010Z0Y7	[0, 0, 0, 0, 523, 147, 0, 0, 0]

 ### Operon type: 376

	 A0A010ZUR7	[26, 3, 0, 3, 0, 2, 104, 0, 0]

 ### Operon type: 377

	 A0A011A0M8	[0, 0, 589, 0, 89, 0, 0, 1, 1]

 ### Operon type: 378

	 A0A011NFL4	[0, 603, 0, 0, 433, 403, 0, 30, 0]

 ### Operon type: 379

	 A0A011P407	[0, 0, 431, 602, 0, 0, 650, 0, 430]

 ### Operon type: 380

	 A0A011QGT2	[712, 0, 0, 522, 521, 0, 0, 0, 0]

 ### Operon type: 381

	 A0A011QSA4	[489, 0, 488, 487, 0, 0, 0, 0, 486]

 ### Operon type: 382

	 A0A011T6J6	[0, 552, 0, 492, 0, 0, 258, 0, 257]

 ### Operon type: 383

	 A0A011TAL2	[0, 531, 0, 0, 0, 469, 0, 468, 0]

 ### Operon type: 384

	 A0A011TYT7	[0, 0, 0, 0, 0, 0, 591, 590, 590]

 ### Operon type: 385

	 A0A011TZG0	[589, 588, 0, 0, 0, 0, 0, 587, 0]

 ### Operon type: 386

	 A0A011Q6N5	[0, 0, 0, 0, 0, 0, 550, 588, 550]

 ### Operon type: 387

	 A0A011UII7	[0, 0, 0, 0, 0, 586, 585, 0, 0]

 ### Operon type: 388

	 A0A011UNT9	[584, 597, 0, 0, 0, 0, 0, 0, 0]

 ### Operon type: 389

	 A0A011SIS0	[0, 599, 598, 598, 0, 0, 0, 597, 0]

 ### Operon type: 390

	 A0A011UT49	[0, 581, 0, 0, 0, 0, 580, 579, 0]

 ### Operon type: 391

	 A0A011VU65	[45, 0, 0, 0, 0, 27, 0, 0, 0]

 ### Operon type: 392

	 A0A011VV03	[0, 26, 0, 0, 376, 32, 0, 0, 0]

 ### Operon type: 393

	 A0A011VVZ9	[0, 0, -1, 0, 0, 183, 25, 25, 596]

 ### Operon type: 394

	 A0A011VWX7	[479, 378, 0, 0, 0, 0, 0, 600, 0]

 ### Operon type: 395

	 A0A011VXK7	[604, 604, 0, 669, 0, 0, 0, 554, 0]

 ### Operon type: 396

	 A0A011W0I6	[62, 0, 0, 0, 0, 307, 0, 61, 0]

 ### Operon type: 397

	 A0A010YEF6	[0, 62, 0, 0, 0, 0, 0, 0, 22]

 ### Operon type: 398

	 A0A013SQH1	[0, 0, 0, 0, 179, 406, 0, 703, 304]

 ### Operon type: 399

	 A0A009LNU8	[139, 146, 380, 138, 0, 137, 0, 703, 0]

 ### Operon type: 400

	 A0A013SRG6	[79, 138, 380, 146, 0, 145, 0, 139, 357]

 ### Operon type: 401

	 A0A009IQU8	[0, 146, 0, 0, 0, 145, 357, 0, 0]

 ### Operon type: 402

	 A0A010K2K8	[380, 138, 79, 0, 0, 0, 0, -1, 703]

 ### Operon type: 403

	 A0A011NPR8	[0, 357, 0, 0, 0, 0, 356, 0, 0]

 ### Operon type: 404

	 A0A010SEA2	[556, 356, 182, 0, 0, 0, 0, 0, 0]

 ### Operon type: 405

	 A0A009ZIC0	[101, 78, 708, 234, 233, 716, 77, 76, 232]

 ### Operon type: 406

	 A0A009ZB47	[212, 211, 0, 0, 0, 549, 692, 0, 0]

 ### Operon type: 407

	 A0A010RM40	[713, 712, 711, 0, 0, 0, 0, -1, 710]

 ### Operon type: 408

	 A0A010RRQ6	[0, 709, 0, 0, 0, 715, 708, 707, 0]

 ### Operon type: 409

	 A0A010S423	[258, 0, 0, 0, 0, 0, 0, 382, 608]

 ### Operon type: 410

	 A0A010T0I7	[0, 0, 22, 0, 0, 490, 488, 712, 0]

 ### Operon type: 411

	 A0A011AHU9	[0, 0, 0, 0, 0, 0, 0, 4, 226]

 ### Operon type: 412

	 A0A010YY02	[0, 5, 0, 0, 5, 576, 11, 0, 4]

 ### Operon type: 413

	 A0A011NA78	[0, 305, 0, 0, 0, 566, 0, 0, 710]

 ### Operon type: 414

	 A0A011P8W7	[426, 431, 479, 0, 425, 0, 0, 0, 0]

 ### Operon type: 415

	 A0A011PG97	[422, 0, 0, 421, 0, 0, 0, 0, 0]

 ### Operon type: 416

	 A0A011PKT4	[0, 406, 0, 0, 0, 0, 405, 0, 0]

 ### Operon type: 417

	 A0A011PLB2	[0, 426, 0, 407, 0, 0, 0, 0, 0]

 ### Operon type: 418

	 A0A011R339	[0, 0, 0, 0, 0, 0, 372, 371, 0]

 ### Operon type: 419

	 A0A011SFE5	[0, 0, 0, 604, 0, 0, 603, 602, 601]

 ### Operon type: 420

	 A0A011SJT5	[0, 0, 0, 596, 595, 595, 595, 595, 595]

 ### Operon type: 421

	 A0A011TDQ5	[0, 0, 0, 0, 465, 464, 0, 0, 0]

 ### Operon type: 422

	 A0A011UG17	[167, 0, 65, 0, 46, 45, 0, 0, 0]

 ### Operon type: 423

	 A0A011V8Z7	[0, 0, 0, 0, 0, 44, 43, 0, 0]

 ### Operon type: 424

	 A0A011VT01	[0, 0, 28, 0, 0, 28, 0, 0, 220]

 ### Operon type: 425

	 A0A011VYP6	[0, 0, 0, 0, 0, 0, 65, 412, 0]

 ### Operon type: 426

	 A0A011V392	[298, 0, 397, 261, 262, 260, 0, 263, 264]

 ### Operon type: 427

	 A0A009Q0U9	[653, 113, 112, 0, 110, 109, -1, -1, 0]

 ### Operon type: 428

	 A0A010SRB2	[13, 12, 0, 0, 0, 12, 19, 0, 0]

 ### Operon type: 429

	 A0A011VJ76	[31, 31, 579, 30, 0, 712, 589, 0, 431]

 ### Operon type: 430

	 A0A013SKX6	[0, 0, 610, 0, 320, 320, 269, 268, 267]

 ### Operon type: 431

	 A0A010KA25	[692, 0, 695, 648, 86, 0, 0, 692, 334]

 ### Operon type: 432

	 A0A011WUA8	[536, 0, 0, 216, 0, 0, 0, 189, 189]

 ### Operon type: 433

	 A0A010S4X6	[0, 147, 711, 388, 253, 0, 354, 404, 714]

 ### Operon type: 434

	 A0A011U8C0	[0, 49, 48, 0, 381, 47, 0, 0, 0]
