
 ### Operon type: 1

	 A0A011PVT3	[656, 537, 536, 535, 534, 533, 532, 531, 530]
	 A0A011R7V7	[656, 537, 536, 535, 534, 533, 532, 531, 530]
	 A0A011MET3	[656, 537, 536, 535, 534, 533, 532, 531, 530]

 ### Operon type: 2

	 A0A011UIA1	[399, 398, 397, 396, 395, 394, 393, 392, 0]
	 A0A011V5V3	[0, 399, 398, 397, 396, 395, 394, 393, 392]

 ### Operon type: 3

	 A0A011PTE7	[550, 549, 548, 547, 546, 0, 545, 544, 543]
	 A0A011NE72	[550, 549, 548, 547, 546, 545, 544, 543, 0]

 ### Operon type: 4

	 A0A011NEY3	[341, 581, 580, 579, 579, 578, 577, 576, 0]

 ### Operon type: 5

	 A0A011PAN4	[581, 580, 0, 579, 579, 578, 577, 576, 575]

 ### Operon type: 6

	 A0A011RCD5	[341, 581, 580, 579, 579, 578, 577, 576, 575]

 ### Operon type: 7

	 A0A010JSI3	[502, 501, 500, 499, 498, 497, 496, 495, 0]
	 A0A009RGL2	[0, 501, 500, 499, 498, 497, 496, 495, 0]
	 A0A013T0M4	[502, 501, 500, 499, 498, 497, 496, 495, 0]
	 A0A009HDS5	[502, 501, 500, 499, 498, 497, 496, 495, 0]

 ### Operon type: 8

	 A0A011PF67	[613, 612, 611, 610, 609, 0, 0, 0, 0]
	 A0A011NBX7	[613, 612, 611, 610, 609, 479, 0, 0, 0]
	 A0A011NW66	[613, 612, 611, 610, 609, 479, 0, 0, 0]

 ### Operon type: 9

	 A0A011NS68	[613, 612, 611, 610, 609, 608, 607, 620, 651]
	 A0A011RHX4	[613, 612, 611, 610, 609, 608, 607, 620, 0]

 ### Operon type: 10

	 A0A010JY00	[268, 483, 492, 371, 267, 692, 368, 695, 388]

 ### Operon type: 11

	 A0A013TH30	[483, 492, 371, 370, 369, 692, 368, 695, 388]

 ### Operon type: 12

	 A0A011QAS2	[0, 676, 675, 674, 673, 672, 671, 670, 669]
	 A0A011NEQ1	[0, 676, 675, 674, 673, 672, 671, 670, 669]

 ### Operon type: 13

	 A0A011QSF0	[0, 720, 719, 718, 717, 716, 715, 714, 0]
	 A0A011QBB5	[571, 720, 719, 718, 717, 716, 715, 714, 509]
	 A0A011Q0X6	[571, 720, 719, 718, 717, 716, 715, 714, 509]
	 A0A011Q1X8	[720, 0, 719, 718, 717, 716, 715, 714, 509]

 ### Operon type: 14

	 A0A011PG87	[571, 720, 719, 718, 717, 716, 715, 0, 0]

 ### Operon type: 15

	 A0A010K6G6	[263, 262, 261, 260, 259, 258, 257, 0, 256]
	 A0A013SP43	[263, 262, 261, 260, 259, 258, 257, 194, 256]
	 A0A009RUN3	[263, 262, 261, 260, 259, 258, 257, 194, 256]

 ### Operon type: 16

	 A0A009SZB5	[0, 0, 170, 169, 168, 0, 0, 0, 167]
	 A0A009HR98	[0, 0, 170, 169, 168, 0, 0, 0, 167]

 ### Operon type: 17

	 A0A009Z8F7	[96, 170, 97, 0, 168, 4, 4, 0, 0]

 ### Operon type: 18

	 A0A011QUG8	[709, 708, 707, 706, 705, 704, 0, 703, 702]
	 A0A011QIT1	[709, 708, 707, 706, 705, 704, 703, 702, 691]

 ### Operon type: 19

	 A0A011QAB0	[683, 682, 681, 0, 680, 679, 678, 677, 0]
	 A0A011PL71	[538, 683, 682, 681, 680, 679, 678, 677, 0]

 ### Operon type: 20

	 A0A011PIY7	[632, 0, 631, 630, 629, 628, 627, 0, 625]

 ### Operon type: 21

	 A0A011Q3J4	[0, 632, 631, 630, 629, 628, 627, 626, 0]

 ### Operon type: 22

	 A0A011MH88	[633, 632, 631, 630, 629, 628, 627, 626, 625]

 ### Operon type: 23

	 A0A009QBR9	[0, 0, 444, 378, 443, 0, 0, 439, 299]
	 A0A009TM70	[0, 445, 444, 378, 443, 0, 0, 439, 299]

 ### Operon type: 24

	 A0A010ILU3	[446, 445, 444, 0, 443, 442, 441, 440, 439]
	 A0A009QS71	[446, 445, 444, 378, 443, 442, 0, 440, 439]
	 A0A009MW50	[0, 445, 444, 378, 443, 442, 0, 440, 439]
	 A0A009H3B0	[0, 445, 444, 0, 443, 442, 441, 440, 439]

 ### Operon type: 25

	 A0A009I8S2	[0, 0, 444, 378, 443, 442, 440, 439, 299]

 ### Operon type: 26

	 A0A009ICH6	[420, 108, 107, 54, 267, 42, 41, 40, 695]
	 A0A009ZFR5	[420, 108, 107, 54, 267, 42, 41, 40, 695]

 ### Operon type: 27

	 A0A009GP96	[0, 90, 529, 487, 255, 89, 459, 88, 87]

 ### Operon type: 28

	 A0A009GSR4	[487, 255, 89, 459, 88, 87, 87, 86, 0]

 ### Operon type: 29

	 A0A009IIT6	[90, 529, 487, 255, 88, 87, 87, 86, 0]

 ### Operon type: 30

	 A0A009IS10	[159, 0, 0, 0, 158, 157, 156, 0, 0]

 ### Operon type: 31

	 A0A009QHW5	[0, 0, 0, 446, 158, 157, 156, 0, 112]

 ### Operon type: 32

	 A0A011UVB4	[0, 0, 0, 160, 0, 0, 159, 0, 55]

 ### Operon type: 33

	 A0A011TLH7	[352, 351, 350, 0, 0, 0, 0, 0, 0]
	 A0A011UG87	[350, 351, 352, 0, 0, 0, 0, 0, 0]

 ### Operon type: 34

	 A0A011QIE8	[526, 525, 524, 616, 523, 522, 521, 0, 0]
	 A0A011QDV3	[526, 525, 524, 616, 523, 522, 510, 0, 521]

 ### Operon type: 35

	 A0A011NYU6	[507, 506, 0, 505, 556, 16, 15, 0, 504]

 ### Operon type: 36

	 A0A011PYI6	[507, 506, 0, 505, 556, 504, 503, 648, 0]

 ### Operon type: 37

	 A0A011P1C0	[0, 0, 16, 15, 504, 0, 0, 0, 0]

 ### Operon type: 38

	 A0A011PP01	[560, 559, 558, 0, 0, 0, 0, 0, 0]
	 A0A011NVE7	[560, 559, 558, 0, 0, 0, 0, 0, 0]

 ### Operon type: 39

	 A0A013TH43	[367, 0, 0, 0, 366, 365, 364, 0, 363]
	 A0A009RAF0	[367, 0, 0, 0, 366, 365, 364, 0, 363]

 ### Operon type: 40

	 A0A013S8V2	[237, 236, 0, 0, 0, 235, 0, 0, 0]
	 A0A009R8E1	[0, 43, 0, 237, 236, 0, 0, 235, 0]

 ### Operon type: 41

	 A0A009QFZ7	[386, 385, 0, 0, 382, 0, 380, 379, 0]
	 A0A009TK03	[386, 385, 0, 0, 382, 0, 380, 379, 0]

 ### Operon type: 42

	 A0A013SPM5	[386, 385, 384, 383, 382, 381, 380, 379, 0]
	 A0A010IX62	[386, 385, 384, 383, 382, 0, 380, 379, 0]
	 A0A009MH71	[386, 385, 0, 383, 382, 381, 380, 379, 0]
	 A0A009HSL1	[386, 385, 384, 383, 382, 0, 380, 379, 0]

 ### Operon type: 43

	 A0A009I6Z0	[386, 385, 0, 383, 382, 0, 380, 379, 104]

 ### Operon type: 44

	 A0A009ZIX8	[0, 5, 384, 383, 382, 14, 0, 104, 0]

 ### Operon type: 45

	 A0A009I573	[77, 0, 122, 123, 0, 124, 296, 125, 126]

 ### Operon type: 46

	 A0A009ILP9	[127, 0, 126, 125, 296, 124, 293, 123, 122]

 ### Operon type: 47

	 A0A009I953	[127, 0, 126, 125, 296, 124, 293, 0, -1]

 ### Operon type: 48

	 A0A009QEG7	[298, 297, 0, 0, 296, 295, 294, 0, 293]
	 A0A009IPC3	[298, 297, 0, 0, 296, 295, 294, 0, 293]

 ### Operon type: 49

	 A0A009SX74	[569, 651, 0, 123, 293, 127, 297, 298, 0]

 ### Operon type: 50

	 A0A010JWJ1	[0, 273, 529, 0, 272, 271, 270, 269, 0]
	 A0A009I4A1	[0, 273, 529, 0, 272, 271, 270, 269, 0]

 ### Operon type: 51

	 A0A009QF22	[116, 115, 114, 0, 272, 271, 270, 269, 113]
	 A0A009TBY8	[116, 115, 114, 80, 272, 271, 270, 269, 113]

 ### Operon type: 52

	 A0A009ITT8	[155, 154, 153, 275, 274, 152, 175, 174, 173]

 ### Operon type: 53

	 A0A009NJ90	[155, 154, 153, 275, 0, 128, 152, 175, 174]

 ### Operon type: 54

	 A0A009HZK2	[276, 275, 274, 0, 0, 0, 0, 0, 0]

 ### Operon type: 55

	 A0A009IJ07	[278, 277, 276, 275, 274, 0, 0, 0, 0]

 ### Operon type: 56

	 A0A009S6G1	[278, 277, 276, 275, 274, 175, 174, 173, 172]

 ### Operon type: 57

	 A0A009S5A5	[274, 128, 152, 175, 174, 173, 52, 100, 172]

 ### Operon type: 58

	 A0A013TCN9	[378, 377, 376, 375, 374, 373, 372, 529, 616]
	 A0A009QNC9	[378, 377, 376, 375, 374, 373, 372, 529, 616]
	 A0A010ITG1	[378, 377, 376, 375, 374, 373, 372, 529, 616]
	 A0A009NIJ3	[378, 377, 376, 375, 374, 373, 372, 529, 616]
	 A0A013TRC1	[378, 377, 376, 375, 374, 373, 372, 529, 616]

 ### Operon type: 59

	 A0A009H935	[0, 0, 376, 375, 374, 373, 372, 529, 616]

 ### Operon type: 60

	 A0A009PJF7	[203, 202, 202, 201, 200, 199, 198, 197, 196]
	 A0A009SJZ7	[160, 203, 202, 201, 200, 199, 198, 197, 196]

 ### Operon type: 61

	 A0A009Z5G0	[199, 201, 202, 0, 360, 203, 160, 193]

 ### Operon type: 62

	 A0A010JJC1	[582, 453, 452, 451, 450, 449, 448, 458, 447]
	 A0A010IZ41	[453, 452, 451, 450, 449, 448, 458, 447, 261]

 ### Operon type: 63

	 A0A009QJL6	[582, 453, 452, 451, 0, 447, 261, 109, 0]

 ### Operon type: 64

	 A0A011P2I4	[679, 561, 631, 0, 0, 0, 0, 0, 0]
	 A0A011N9N8	[679, 561, 631, 0, 0, 0, 0, 0, 0]

 ### Operon type: 65

	 A0A009PIB4	[0, 0, 0, 184, 183, 182, 459, 529, 679]
	 A0A009SLR5	[0, 0, 0, 184, 183, 182, 459, 529, 679]

 ### Operon type: 66

	 A0A009HSU4	[0, 0, 463, 529, 0, 561, 647, 679, 459]

 ### Operon type: 67

	 A0A011SF89	[588, 587, 586, 0, 0, 0, 0, 0, 0]

 ### Operon type: 68

	 A0A011UCX7	[0, 683, 588, 587, 0, 586, 312, 0, 0]

 ### Operon type: 69

	 A0A011NYT4	[645, 644, 643, 642, 0, 468, 468, 467, 466]

 ### Operon type: 70

	 A0A011P8E9	[0, 0, 645, 644, 0, 643, 642, 0, 0]

 ### Operon type: 71

	 A0A010TF34	[0, -1, 0, 0, 33, 32, 31, 30, 29]
	 A0A010SYH9	[33, 32, 31, 30, 29, 0, 0, 0, 0]

 ### Operon type: 72

	 A0A010S7A1	[69, 68, 67, 66, 0, 65, 0, 0, 0]
	 A0A010TFJ4	[0, -1, 0, 69, 68, 67, 66, -1, 65]

 ### Operon type: 73

	 A0A009ICP5	[149, 250, 482, 148, 147, 0, 0, 145, 0]

 ### Operon type: 74

	 A0A009MMG9	[149, 250, 482, 148, 147, 0, 146, 145, 356]

 ### Operon type: 75

	 A0A009HTW0	[0, 162, 163, 0, 147, 0, 0, 145, 0]
	 A0A009QLL2	[0, 162, 163, 0, 147, 0, 0, 145, 0]

 ### Operon type: 76

	 A0A009SIV4	[161, 162, 163, 79, 147, 78, 0, 145, 356]

 ### Operon type: 77

	 A0A013TSJ4	[162, 163, 0, 79, 147, 0, 0, 145, 356]

 ### Operon type: 78

	 A0A009Z3V9	[529, 0, 0, 0, 0, 163, 462, 162, 161]

 ### Operon type: 79

	 A0A009T0Q9	[0, 0, 0, 0, 166, 234, 633, 529, 165]

 ### Operon type: 80

	 A0A009YJF4	[0, 467, 466, 24, 81, 633, 529, 0, 165]

 ### Operon type: 81

	 A0A009PAV9	[219, -1, 482, 218, 337, 459, 217, 216, 215]
	 A0A009HJC2	[219, 616, 482, 218, 337, 459, 217, 216, 215]

 ### Operon type: 82

	 A0A009SE02	[0, 215, 0, 0, 0, 216, 217, 459, 337]

 ### Operon type: 83

	 A0A011QNA5	[0, 520, 519, 518, 0, 517, 516, 515, 514]
	 A0A009ZLJ7	[514, 515, 516, 517, 0, 0, 520, 519, 518]

 ### Operon type: 84

	 A0A013T0T6	[517, 516, 515, 514, 438, 437, 390, 436, 389]
	 A0A009QMH5	[517, 516, 515, 514, 438, 437, 390, 436, 389]
	 A0A009HAX1	[517, 516, 515, 514, 438, 437, 390, 436, 389]

 ### Operon type: 85

	 A0A010ILW6	[517, 516, 515, 514, 438, 437, 0, 0, 436]

 ### Operon type: 86

	 A0A009Z9X7	[516, 515, 514, 0, 438, 0, 699, 0, 436]

 ### Operon type: 87

	 A0A009PE10	[0, 0, 0, 514, 438, 212, 390, 436, -1]

 ### Operon type: 88

	 A0A009HS41	[647, 420, 634, 417, 204, 529, 529, 415, 414]
	 A0A009SYU8	[647, 420, 634, 417, 204, 529, 529, 415, 414]
	 A0A009RSB7	[647, 420, 634, 417, 204, 529, 529, 415, 414]

 ### Operon type: 89

	 A0A010IT25	[647, 420, 634, 417, 416, 529, 529, 415, 414]
	 A0A013SHA9	[647, 420, 634, 417, 416, 529, 529, 415, 414]
	 A0A009I466	[647, 420, 634, 417, 416, 529, 529, 415, 414]

 ### Operon type: 90

	 A0A009NMQ9	[647, 420, 634, 417, 416, 0, 529, 529, 415]

 ### Operon type: 91

	 A0A009P8A9	[0, 0, 634, 417, 204, 529, 529, 415, 414]

 ### Operon type: 92

	 A0A011PGU1	[0, 0, 568, 567, 566, 565, 564, 563, 562]
	 A0A011MDH1	[465, 0, 568, 567, 566, 565, 564, 563, 562]

 ### Operon type: 93

	 A0A011V0P4	[407, 406, 0, 0, 405, 0, 0, 404, 403]

 ### Operon type: 94

	 A0A011WPV7	[404, 403, 0, 0, 0, 0, 0, 0, 0]

 ### Operon type: 95

	 A0A011RNP9	[0, 0, 0, 0, 0, 595, 678, 0, 0]

 ### Operon type: 96

	 A0A011V0B5	[591, 0, 0, 0, 0, 0, 595, 0, 0]

 ### Operon type: 97

	 A0A011RQC9	[0, 591, 590, 0, 0, 0, 0, 589, 0]

 ### Operon type: 98

	 A0A011QG28	[513, 512, 567, 0, 566, 565, 640, 511, 641]
	 A0A011RIM8	[513, 512, 0, 0, 566, 565, 640, 511, 641]

 ### Operon type: 99

	 A0A011PHI6	[655, 0, 654, 0, 0, 653, 706, 652, 0]

 ### Operon type: 100

	 A0A011QI68	[0, 0, 654, 653, 0, 0, 0, 0, 0]

 ### Operon type: 101

	 A0A011P700	[0, 0, 713, 712, 0, 0, 0, 0, 0]

 ### Operon type: 102

	 A0A011QSI4	[0, 0, 713, 712, 711, 0, 0, 0, 0]

 ### Operon type: 103

	 A0A011NVJ6	[471, 661, 660, 659, 658, 657, 0, 0, 470]

 ### Operon type: 104

	 A0A011PVP2	[0, 661, 660, 659, 658, 657, 0, 0, 656]

 ### Operon type: 105

	 A0A011NXY7	[0, 0, 660, 0, 658, 0, 0, 0, 0]

 ### Operon type: 106

	 A0A011QR69	[697, 696, 695, 694, 693, 692, 0, 0, 0]
	 A0A011NUB4	[697, 696, 695, 694, 693, 692, 0, 473, 0]

 ### Operon type: 107

	 A0A011NN36	[696, 695, 0, 0, 693, 692, 0, 0, 0]

 ### Operon type: 108

	 A0A011PK69	[695, 541, 0, 0, 693, 692, 0, 0, 0]

 ### Operon type: 109

	 A0A011RMI6	[667, 666, 598, 597, 596, 665, 664, 663, 662]
	 A0A011NYD6	[667, 666, 598, 597, 596, 665, 664, 663, 662]

 ### Operon type: 110

	 A0A011QB28	[668, 667, 666, 0, 0, 665, 664, 663, 662]

 ### Operon type: 111

	 A0A011NF33	[0, 665, 664, 0, 0, 0, 0, 0, 0]

 ### Operon type: 112

	 A0A011NBY4	[478, 0, 0, 477, 0, 0, 476, 0, 0]

 ### Operon type: 113

	 A0A011WRT0	[478, 0, 0, 0, 0, 0, 0, 648, 0]

 ### Operon type: 114

	 A0A011SHV5	[0, 0, 0, 0, 0, 583, 648, 582, 0]

 ### Operon type: 115

	 A0A011NB95	[0, 701, 0, 0, 0, 0, 482, 481, 480]

 ### Operon type: 116

	 A0A011UHT4	[109, 75, 481, 0, 0, 35, 35, 480, 0]

 ### Operon type: 117

	 A0A010Z1W7	[0, 0, 0, 0, 0, 46, 0, 320, 321]

 ### Operon type: 118

	 A0A011VY84	[0, 0, 321, 320, 0, 0, 0, 0, 0]

 ### Operon type: 119

	 A0A010YW85	[0, 0, 0, 0, 0, 323, 0, 320, 321]

 ### Operon type: 120

	 A0A010ZMA0	[320, 486, 0, 0, 0, 0, 0, 0, 0]

 ### Operon type: 121

	 A0A011N5L2	[0, 0, 0, 486, 0, 485, 484, 0, 0]

 ### Operon type: 122

	 A0A010SQJ5	[242, 148, 0, 348, 347, 346, 0, 0, 0]

 ### Operon type: 123

	 A0A010STD3	[0, 0, 0, 348, 347, 346, 0, 415, 187]

 ### Operon type: 124

	 A0A011TD67	[349, 0, 0, 348, 347, 346, 345, 0, 344]

 ### Operon type: 125

	 A0A009ZC12	[0, 0, 0, 348, 0, 346, 345, 3, 722]

 ### Operon type: 126

	 A0A010RFQ9	[0, 0, 494, 0, 493, 0, 0, 0, 0]

 ### Operon type: 127

	 A0A010SPR9	[22, 22, 0, 0, 0, 493, 0, 0, 0]

 ### Operon type: 128

	 A0A013S288	[0, 0, 0, 245, 337, 244, 243, 0, 305]
	 A0A010J3I1	[0, 0, 0, 245, 337, 244, 243, 0, 305]

 ### Operon type: 129

	 A0A013SXT2	[290, 222, 221, 245, 337, 244, 243, 220, 305]
	 A0A009PWG1	[290, 222, 221, 245, 337, 244, 243, 220, 305]

 ### Operon type: 130

	 A0A009ZJK4	[0, 0, 0, 0, 0, 0, 420, 18, 0]

 ### Operon type: 131

	 A0A010SVN1	[-1, 18, 529, 300, 288, 0, 0, 420, 0]

 ### Operon type: 132

	 A0A009IMX3	[426, 0, 424, 0, 422, 119, 119, 648, 118]
	 A0A009SF48	[426, 0, 424, 0, 422, -1, 119, 648, 118]

 ### Operon type: 133

	 A0A009QEX0	[426, 425, 424, 423, 422, 119, 119, 648, 118]

 ### Operon type: 134

	 A0A010ISX2	[426, 425, 424, 423, 422, 421, 420, 419, 418]
	 A0A009RES7	[426, 425, 424, 423, 422, 421, 420, 419, 418]
	 A0A013S7V1	[426, 425, 424, 423, 422, 421, 420, 419, 418]
	 A0A009MR00	[426, 425, 424, 423, 422, 421, 420, 419, 418]

 ### Operon type: 135

	 A0A009GYP9	[0, 0, 0, 423, 422, 421, 420, 419, 418]

 ### Operon type: 136

	 A0A009YTT3	[0, 0, 0, 0, 0, 0, 420, 419, 418]

 ### Operon type: 137

	 A0A009PFK7	[211, 210, 209, 208, 207, 0, 0, 206, 0]
	 A0A009QGN4	[211, 210, 209, 208, 207, 206, 0, 0, 0]

 ### Operon type: 138

	 A0A009YR20	[0, 206, 0, 0, 0, 0, 210, 0, 0]

 ### Operon type: 139

	 A0A009QSI3	[284, 283, 282, 281, 280, 0, 466, 279, -1]
	 A0A013SB36	[284, 283, 282, 281, 280, 0, 466, 279, 234]

 ### Operon type: 140

	 A0A010ITP2	[284, 283, 282, 281, 280, 0, 466, 0, 0]

 ### Operon type: 141

	 A0A009SII9	[-1, 283, 282, 281, 0, 0, 0, 0, 166]

 ### Operon type: 142

	 A0A009HZV2	[0, 0, 0, 0, 287, 286, 128, 0, 0]

 ### Operon type: 143

	 A0A009QPE7	[0, 0, 0, 0, 287, 286, 0, 0, 0]

 ### Operon type: 144

	 A0A009GXL8	[84, 83, 82, 0, 81, 80, 133, 111, 110]

 ### Operon type: 145

	 A0A010JIW7	[84, 83, 82, 0, 81, 0, 0, 133, 111]

 ### Operon type: 146

	 A0A009MGR3	[0, 0, 310, 0, 387, 100, 99, 309, 308]

 ### Operon type: 147

	 A0A009Q4G0	[0, 311, 310, 0, 387, 0, 309, 308, 309]

 ### Operon type: 148

	 A0A009PUJ8	[0, 214, 0, 0, 0, 213, 133, 111, 110]

 ### Operon type: 149

	 A0A009QJA8	[111, 110, 0, 0, 0, 0, 0, 0, 0]

 ### Operon type: 150

	 A0A009PB53	[0, 0, 214, 0, 0, 309, 308, 309, 213]

 ### Operon type: 151

	 A0A013RZW2	[420, 248, 0, 247, 246, 337, 261, 0, 0]
	 A0A013SNJ8	[420, 0, 0, 247, 246, 337, 261, 0, 0]
	 A0A010J9U3	[420, 0, 0, 247, 246, 337, 261, 0, 0]
	 A0A009SIZ4	[420, 248, 0, 247, 246, 0, 261, 151, 0]
	 A0A009RD69	[420, 248, 0, 247, 246, 337, 261, 151, 0]

 ### Operon type: 152

	 A0A009PH20	[0, 0, 439, 247, 246, 337, 261, 0, 0]
	 A0A009IV03	[0, 0, 439, 247, 246, 0, 261, 0, 0]

 ### Operon type: 153

	 A0A009YIZ0	[420, 248, 439, 247, 246, 337, 261, 151, 134]

 ### Operon type: 154

	 A0A009QA91	[304, 303, 647, 529, 339, 339, 302, 301, 300]
	 A0A010J377	[304, 303, 647, 529, 339, 339, 302, 301, 300]

 ### Operon type: 155

	 A0A009QQC0	[0, 0, 285, 529, 339, 339, 0, 301, 300]
	 A0A009MVG4	[285, 0, 340, 529, 339, 339, 0, 301, 300]

 ### Operon type: 156

	 A0A009H7I0	[0, 0, 0, 529, 339, 339, 302, 301, 300]

 ### Operon type: 157

	 A0A009S1X4	[304, 303, 647, 529, 339, 339, 529, 0, 53]

 ### Operon type: 158

	 A0A013SHF4	[0, 0, 340, 529, 339, 339, 0, 338, 0]

 ### Operon type: 159

	 A0A009H7U0	[435, 640, 0, 434, 433, 432, 431, 0, 0]

 ### Operon type: 160

	 A0A010IMP8	[435, 0, 0, 434, 433, 432, 431, 0, 430]

 ### Operon type: 161

	 A0A013SZ54	[435, 0, 322, 434, 433, 0, 0, 0, 0]

 ### Operon type: 162

	 A0A009ZM43	[-1, 640, 322, 434, 433, 432, 431, 76, 430]

 ### Operon type: 163

	 A0A009YSC7	[0, 0, 476, 1, 0, 1, 189, 188, 0]

 ### Operon type: 164

	 A0A013RVV2	[378, 0, 189, 188, 0, 0, 0, 187, 0]

 ### Operon type: 165

	 A0A011Q5S3	[691, 690, 0, 0, 0, 0, 689, 688, 687]

 ### Operon type: 166

	 A0A011UZZ4	[0, 689, 688, 0, 0, 0, 408, 408, 687]

 ### Operon type: 167

	 A0A010YKP2	[0, 0, 0, 0, 0, 0, 470, 402, 0]

 ### Operon type: 168

	 A0A011V1A2	[406, 0, 0, 402, 0, 0, 0, 0, 0]

 ### Operon type: 169

	 A0A011Q2B1	[0, 0, 0, 0, 0, 604, 603, 602, 601]

 ### Operon type: 170

	 A0A011RLN8	[0, 0, 0, 606, 605, 604, 603, 602, 601]

 ### Operon type: 171

	 A0A011NGS0	[0, 0, 0, 0, 617, 636, 0, 0, 0]

 ### Operon type: 172

	 A0A011PW61	[0, 0, 0, 0, 617, 636, 0, 0, 508]

 ### Operon type: 173

	 A0A011UXI1	[0, 539, 0, 0, 617, 636, 343, 0, 0]

 ### Operon type: 174

	 A0A011SWI9	[-1, -1, 0, 655, 617, 636, 343, -1, -1]

 ### Operon type: 175

	 A0A011P952	[636, 0, 635, 0, 0, 635, 0, 0, 0]

 ### Operon type: 176

	 A0A011NSG8	[0, 0, 0, 652, 475, 474, 0, 475, 0]

 ### Operon type: 177

	 A0A011P0X4	[0, 0, 465, 0, 475, 0, 0, 474, 43]

 ### Operon type: 178

	 A0A009MJ75	[0, 0, 178, 177, 176, 0, 0, 0, 487]

 ### Operon type: 179

	 A0A010IH51	[0, 356, 0, 0, 176, 0, 487, 0, 0]

 ### Operon type: 180

	 A0A010YNY9	[0, 0, 47, 25, 0, 0, 0, 0, 49]

 ### Operon type: 181

	 A0A011AC71	[53, 0, 0, 291, 0, 47, 25, 0, 647]

 ### Operon type: 182

	 A0A011PRW6	[552, 0, 0, 0, 551, 666, 598, 0, 0]
	 A0A011QLX0	[0, 552, 0, 0, 551, 0, 666, 598, 0]

 ### Operon type: 183

	 A0A010SML6	[0, 666, 598, -1, 0, 651, 0, 0, 0]

 ### Operon type: 184

	 A0A009P817	[307, 0, 0, 0, 181, 0, 325, 180, 179]

 ### Operon type: 185

	 A0A009TIY0	[0, 0, 0, 0, 181, 0, 325, 180, 0]

 ### Operon type: 186

	 A0A009QKA3	[325, 180, 0, 179, 0, 0, 0, 0, 211]

 ### Operon type: 187

	 A0A009S854	[-1, 0, 0, 171, 191, 0, 0, 0, 190]

 ### Operon type: 188

	 A0A013RMD0	[-1, 0, 490, 0, 191, 494, 0, 0, 190]

 ### Operon type: 189

	 A0A009HFU9	[0, 92, 0, 0, 91, 459, 0, 0, 0]
	 A0A009R016	[0, 92, 0, 0, 91, -1, 459, 0, 0]

 ### Operon type: 190

	 A0A009HSR2	[0, 95, 94, 0, 93, 141, 142, 128, 143]

 ### Operon type: 191

	 A0A009SWM1	[0, 95, 94, 0, 93, 0, 0, 142, 0]

 ### Operon type: 192

	 A0A009MYX0	[144, 143, 0, 463, 0, 0, 142, 141, 140]

 ### Operon type: 193

	 A0A009QK79	[0, 0, 140, 141, 0, 142, 0, 0, 143]

 ### Operon type: 194

	 A0A009GXJ1	[401, 400, 141, 142, 85, 128, 143, 144, 0]

 ### Operon type: 195

	 A0A010IT95	[0, 0, 0, 459, 413, 412, 411, 410, 409]
	 A0A013TKW8	[0, 573, 0, 459, 413, 412, 411, 410, 409]
	 A0A009QT77	[0, 0, -1, 459, 413, 412, 411, 410, 409]
	 A0A009PRQ9	[0, 459, 185, 0, 413, 412, 411, 410, 409]
	 A0A009MH36	[0, 0, 0, 459, 413, 412, 411, 410, 409]
	 A0A009GWD0	[128, 0, 0, 459, 413, 412, 411, 410, 409]
	 A0A009S0T6	[0, 0, 459, 185, 413, 412, 411, 410, 409]
	 A0A009I5G9	[0, 0, 459, 185, 413, 412, 411, 410, 409]

 ### Operon type: 196

	 A0A013TMJ7	[616, -1, 0, 459, 413, 410, 409, 0, 0]

 ### Operon type: 197

	 A0A009HJJ5	[195, 457, 456, 0, 455, 454, 0, 642, 98]
	 A0A009I8I7	[195, 457, 456, 61, 455, 454, 0, 642, 98]

 ### Operon type: 198

	 A0A010JJN4	[0, 457, 456, 0, 455, 454, 0, 642, 484]
	 A0A013TPR7	[195, 457, 456, 0, 455, 454, 0, 642, 484]
	 A0A009PMT3	[195, 457, 456, 0, 455, 454, 186, 642, 484]
	 A0A009RMI1	[0, 457, 456, 0, 455, 454, 0, 642, 0]
	 A0A009YG45	[0, 195, 457, 456, 455, 0, 454, 186, 642]

 ### Operon type: 199

	 A0A009SEP4	[195, 457, 456, 61, 455, 0, 454, 186, 0]

 ### Operon type: 200

	 A0A009NI48	[195, 457, 456, 0, 455, 0, 0, 0, -1]

 ### Operon type: 201

	 A0A011WLE7	[0, 0, 0, 0, 0, 135, 0, 0, 0]
	 A0A011VU44	[0, 0, 0, 0, 0, 135, 0, 0, 0]

 ### Operon type: 202

	 A0A011VAP2	[0, 0, 71, 0, 0, 0, 0, 0, 230]

 ### Operon type: 203

	 A0A011VRJ8	[0, 0, 0, 0, 0, 0, 71, 0, 0]

 ### Operon type: 204

	 A0A011RNU1	[0, 0, 0, 0, 0, 0, 594, 594, 593]

 ### Operon type: 205

	 A0A011VKJ9	[0, 0, 0, 0, 0, 0, 593, 594, -1]

 ### Operon type: 206

	 A0A011V490	[0, 332, 0, 0, 0, 0, 0, 0, 0]
	 A0A011WT35	[332, 0, 0, 0, 0, 0, 0, 0, 0]

 ### Operon type: 207

	 A0A009T185	[696, 0, 542, 542, 428, 695, 542, 427, 657]

 ### Operon type: 208

	 A0A010IN36	[429, 616, 0, 0, 428, 695, 542, 427, 657]

 ### Operon type: 209

	 A0A009PG43	[695, 542, 205, 698, 0, 427, 657, 0, 0]

 ### Operon type: 210

	 A0A011PQZ7	[0, 0, 0, 557, 556, 0, 555, 0, 0]

 ### Operon type: 211

	 A0A011TUX4	[0, 0, 0, 0, 556, 0, 0, 555, 0]

 ### Operon type: 212

	 A0A011STZ9	[0, 0, 0, 555, 0, 0, 0, 0, 0]

 ### Operon type: 213

	 A0A011PRF5	[553, 0, 0, 0, 0, 0, 0, 0, 0]
	 A0A011PUJ9	[0, 0, 0, 0, 0, 0, 0, 0, 553]

 ### Operon type: 214

	 A0A011PFY8	[0, 0, 0, 0, 0, 0, 0, 0, 572]

 ### Operon type: 215

	 A0A011PNS3	[698, 572, 0, 0, 0, 0, 0, 0, 0]

 ### Operon type: 216

	 A0A011T648	[0, 572, 0, 0, 0, 0, 0, 695, 0]

 ### Operon type: 217

	 A0A011U3C2	[0, 0, 640, 0, 0, 0, 0, 0, 0]
	 A0A011AEN3	[0, 0, 0, 0, 0, 0, 640, 0, 0]

 ### Operon type: 218

	 A0A011AAZ2	[0, 51, 0, 0, 0, 640, 640, 640, 0]

 ### Operon type: 219

	 A0A011T698	[0, 0, 0, 0, 0, 647, 640, 0, 0]

 ### Operon type: 220

	 A0A009SNL0	[63, 62, 0, 0, 0, 0, 0, 0, 0]

 ### Operon type: 221

	 A0A009ZZC8	[-1, 62, 63, 0, 0, 0, 0, 0, 0]

 ### Operon type: 222

	 A0A009ZG48	[0, 0, 0, 573, 0, 0, 0, 0, 0]

 ### Operon type: 223

	 A0A011PEJ8	[0, 0, 574, 573, 0, 0, 0, 0, 0]

 ### Operon type: 224

	 A0A011QNJ7	[622, 0, 0, 573, 0, 0, 0, 622, 0]

 ### Operon type: 225

	 A0A011MMJ4	[0, 0, 0, 0, 0, 0, 0, 622, 0]

 ### Operon type: 226

	 A0A011R8M3	[0, 0, 574, 573, 0, 342, 0, 622, 0]

 ### Operon type: 227

	 A0A009TJ77	[0, 129, 0, 0, 0, 0, 0, 0, 0]

 ### Operon type: 228

	 A0A010RTE7	[0, 0, 0, 0, 0, 0, 30, 129, 0]

 ### Operon type: 229

	 A0A013S8F0	[241, 254, 240, 239, 238, 529, 616, 301, 485]
	 A0A013TPQ9	[241, 254, 240, 239, 238, 529, 616, 301, 485]
	 A0A009PMU2	[241, 254, 240, -1, 238, 529, 616, 301, 485]
	 A0A009SZ84	[241, 254, 240, 239, 238, 529, 616, 301, 485]

 ### Operon type: 230

	 A0A009IG48	[0, 0, 0, 121, 120, 0, 0, 0, 651]

 ### Operon type: 231

	 A0A009IMQ0	[0, 0, 0, 121, 120, 0, 0, 0, 0]

 ### Operon type: 232

	 A0A009SWV1	[0, 0, 0, 0, 0, 0, 0, 121, 0]

 ### Operon type: 233

	 A0A011TAW2	[0, 0, 0, 0, 0, 0, 290, 0, 0]
	 A0A009SFX8	[290, 0, 0, 0, 0, 0, 0, 0, 0]

 ### Operon type: 234

	 A0A011TZN1	[0, 0, 0, 0, 391, 0, 0, 0, 0]
	 A0A009RHH9	[0, 0, 0, 0, 391, 0, 0, 0, 0]

 ### Operon type: 235

	 A0A009Q512	[0, 0, 0, 0, 306, 0, 0, 0, 0]
	 A0A009PMZ9	[306, 0, 0, 0, 0, 0, 0, 0, 0]

 ### Operon type: 236

	 A0A009IFL2	[0, 39, 0, 38, -1, 0, 0, 0]

 ### Operon type: 237

	 A0A009ZDS1	[-1, -1, 0, 39, 0, 0, 453, 0, 0]

 ### Operon type: 238

	 A0A010IZH1	[-1, 254, 240, 239, 238, 529, 0, 0, 0]
	 A0A009NPS1	[0, 254, 240, 239, 238, -1, 0, 0, 0]
	 A0A009HJM0	[0, 254, 240, 239, 238, 529, 0, 0, 0]

 ### Operon type: 239

	 A0A009HUS9	[254, 240, 0, 0, 0, 0, -1, 0, 0]

 ### Operon type: 240

	 A0A009HM15	[0, 103, 102, 0, 0, 0, -1, 0, 0]

 ### Operon type: 241

	 A0A009RQL5	[0, 0, 0, 0, 0, 0, 103, 102, 0]

 ### Operon type: 242

	 A0A009IJ01	[0, 0, 0, 0, 0, 0, 103, 102, 101]

 ### Operon type: 243

	 A0A009NCH6	[0, 0, 0, 0, 0, 0, 0, 102, 101]

 ### Operon type: 244

	 A0A011UB51	[319, 0, 0, 0, 0, 0, 0, 0, 0]
	 A0A011UFH1	[0, 0, 0, 0, 0, 319, 0, 0, 0]

 ### Operon type: 245

	 A0A011V965	[0, -1, -1, 0, 72, 0, -1, -1, 0]
	 A0A011VHP2	[0, -1, -1, -1, 72, 0, 0, 0, 0]

 ### Operon type: 246

	 A0A010RVD0	[-1, 0, 0, -1, 0, 714, 714, 0, 23]

 ### Operon type: 247

	 A0A010T7Q5	[0, 23, 0, 0, 0, 0, -1, 0, 0]

 ### Operon type: 248

	 A0A010SNM6	[0, 0, -1, 0, 0, 0, 616, 0, 0]
	 A0A010SRR2	[0, 0, -1, 0, 0, 0, 0, 0, 616]

 ### Operon type: 249

	 A0A010SJH7	[0, 0, 616, -1, 0, 0, 302, 0, 0]

 ### Operon type: 250

	 A0A010RKP8	[0, 0, 0, 0, 0, 0, -1, 0, 0]
	 A0A011V107	[0, -1, 0, 0, 0, 0, 0, 0, 0]
	 A0A011U7M7	[0, 0, -1, 0, 0, 0, 0, 0, 0]
	 A0A009QDV7	[-1, 0, 0, 0, 0, 0, 0, 0, 0]
	 A0A009RG92	[-1, 0, 0, 0, 0, 0, 0, 0, 0]
	 A0A009PH57	[0, 0, -1, 0, 0, 0, 0, 0, 0]
	 A0A009N9Z1	[-1, 0, 0, 0, 0, 0, 0, 0, 0]
	 A0A009H6M2	[-1, 0, 0, 0, 0, 0, 0, 0, 0]
	 A0A010JDA6	[-1, 0, 0, 0, 0, 0, 0, 0, 0]
	 A0A009HJU6	[0, 0, 0, 0, 0, 0, 0, 0, -1]
	 A0A011UZ32	[0, 0, 0, 0, 0, -1, 0, 0, 0]
	 A0A011UZ49	[0, -1, 0, 0, 0, 0, 0, 0, 0]
	 A0A010TF14	[-1, 0, 0, 0, 0, 0, 0, 0, 0]
	 A0A010RY47	[-1, 0, -1, 0, 0, 0, 0, 0, 0]
	 A0A009IHQ3	[-1, 0, 0, 0, 0, 0, 0, 0, 0]
	 A0A009TG92	[0, 0, -1, 0, 0, 0, 0, 0, 0]

 ### Operon type: 251

	 A0A010SJF9	[0, 0, 0, 0, 0, -1, 0, 48, -1]

 ### Operon type: 252

	 A0A010T5D8	[0, 0, 0, -1, 0, -1, 261, 0, 0]

 ### Operon type: 253

	 A0A011ML54	[0, 0, 0, 624, 0, 0, 0, 0, -1]

 ### Operon type: 254

	 A0A011NHY1	[0, 0, 0, 0, 0, 616, 0, 0, 0]

 ### Operon type: 255

	 A0A010Z171	[0, 0, 0, 0, 0, 0, 616, 0, 463]

 ### Operon type: 256

	 A0A010ZX98	[0, 0, 0, 0, 0, 10, 616, 616, 0]

 ### Operon type: 257

	 A0A010YRE8	[0, 0, 0, 0, 0, 0, 0, 10, 0]

 ### Operon type: 258

	 A0A011AF05	[0, 0, 53, 10, 0, 0, 0, 0, 0]

 ### Operon type: 259

	 A0A011SQL0	[650, 0, -1, 0, 0, 0, 0, 0, 0]

 ### Operon type: 260

	 A0A009ZC82	[0, 0, 650, 0, 0, 0, 0, 0, 0]

 ### Operon type: 261

	 A0A011P3F6	[651, 0, 0, 650, 0, 0, 0, 0, 0]

 ### Operon type: 262

	 A0A011T697	[616, 0, 0, 0, 0, 0, 0, 0, 325]

 ### Operon type: 263

	 A0A011TDD1	[0, 289, 616, 0, 0, 0, 0, 0, 0]

 ### Operon type: 264

	 A0A011VW24	[0, 0, 700, 0, 0, 0, 0, 0, -1]

 ### Operon type: 265

	 A0A011T8V3	[0, 0, 700, 0, 0, 0, 0, 0, 0]

 ### Operon type: 266

	 A0A010TH98	[508, 0, 0, 700, 0, 0, 0, 0, 0]

 ### Operon type: 267

	 A0A011QVR3	[0, 0, 0, 0, 0, 0, 0, 701, 700]

 ### Operon type: 268

	 A0A011RM25	[0, 0, 0, 0, 0, 700, 0, 599, 0]

 ### Operon type: 269

	 A0A011VXC2	[-1, 331, 0, 0, 0, 0, 0, 0, 0]

 ### Operon type: 270

	 A0A011VYF1	[700, 0, 0, 0, 0, 0, 319, 0, 0]

 ### Operon type: 271

	 A0A010S415	[-1, 700, 0, 300, 0, 0, 0, 0, 442]

 ### Operon type: 272

	 A0A011QSN2	[0, 0, 0, 0, 0, 0, 0, 0, 0]
	 A0A011P4U7	[0, 0, 0, 0, 0, 0, 0, 0, 0]
	 A0A011P9Z5	[0, 0, 0, 0, 0, 0, 0, 0, 0]
	 A0A011NMI8	[0, 0, 0, 0, 0, 0, 0, 0, 0]
	 A0A011SGD5	[0, 0, 0, 0, 0, 0, 0, 0, 0]
	 A0A011PBM9	[0, 0, 0, 0, 0, 0, 0, 0, 0]
	 A0A011PKU5	[0, 0, 0, 0, 0, 0, 0, 0, 0]
	 A0A011PJK8	[0, 0, 0, 0, 0, 0, 0, 0, 0]
	 A0A011PNN2	[0, 0, 0, 0, 0, 0, 0, 0, 0]
	 A0A011QMJ8	[0, 0, 0, 0, 0, 0, 0, 0, 0]
	 A0A011Q056	[0, 0, 0, 0, 0, 0, 0, 0, 0]
	 A0A011Q1B3	[0, 0, 0, 0, 0, 0, 0, 0, 0]
	 A0A011NAJ1	[0, 0, 0, 0, 0, 0, 0, 0, 0]
	 A0A011NAY5	[0, 0, 0, 0, 0, 0, 0, 0, 0]
	 A0A011NDM5	[0, 0, 0, 0, 0, 0, 0, 0, 0]
	 A0A011NTU3	[0, 0, 0, 0, 0, 0, 0, 0, 0]
	 A0A011QVV5	[0, 0, 0, 0, 0, 0, 0, 0, 0]
	 A0A011N2Z0	[0, 0, 0, 0, 0, 0, 0, 0, 0]
	 A0A011N3C3	[0, 0, 0, 0, 0, 0, 0, 0, 0]
	 A0A011N4G4	[0, 0, 0, 0, 0, 0, 0, 0, 0]
	 A0A010IPH1	[0, 0, 0, 0, 0, 0, 0, 0, 0]
	 A0A011UHL2	[0, 0, 0, 0, 0, 0, 0, 0, 0]
	 A0A013T8M5	[0, 0, 0, 0, 0, 0, 0, 0, 0]
	 A0A013TEV4	[0, 0, 0, 0, 0, 0, 0, 0, 0]
	 A0A011TWN2	[0, 0, 0, 0, 0, 0, 0, 0, 0]
	 A0A011VYF6	[0, 0, 0, 0, 0, 0, 0, 0, 0]
	 A0A011UBN9	[0, 0, 0, 0, 0, 0, 0, 0, 0]
	 A0A011TAF9	[0, 0, 0, 0, 0, 0, 0, 0, 0]
	 A0A011TLH0	[0, 0, 0, 0, 0, 0, 0, 0, 0]
	 A0A009QQ47	[0, 0, 0, 0, 0, 0, 0, 0, 0]
	 A0A013S2B9	[0, 0, 0, 0, 0, 0, 0, 0, 0]
	 A0A013SBR8	[0, 0, 0, 0, 0, 0, 0, 0, 0]
	 A0A011WSE5	[0, 0, 0, 0, 0, 0, 0, 0, 0]
	 A0A009PDV4	[0, 0, 0, 0, 0, 0, 0, 0, 0]
	 A0A009PG53	[0, 0, 0, 0, 0, 0, 0, 0, 0]
	 A0A013TPV4	[0, 0, 0, 0, 0, 0, 0, 0, 0]
	 A0A013SL47	[0, 0, 0, 0, 0, 0, 0, 0, 0]
	 A0A011WUT3	[0, 0, 0, 0, 0, 0, 0, 0, 0]
	 A0A009PT82	[0, 0, 0, 0, 0, 0, 0, 0, 0]
	 A0A009NQA1	[0, 0, 0, 0, 0, 0, 0, 0, 0]
	 A0A009T1I8	[0, 0, 0, 0, 0, 0, 0, 0, 0]
	 A0A009ISY0	[0, 0, 0, 0, 0, 0, 0, 0, 0]
	 A0A009M4K0	[0, 0, 0, 0, 0, 0, 0, 0, 0]
	 A0A009MGJ1	[0, 0, 0, 0, 0, 0, 0, 0, 0]
	 A0A009MGQ8	[0, 0, 0, 0, 0, 0, 0, 0, 0]
	 A0A009MMM3	[0, 0, 0, 0, 0, 0, 0, 0, 0]
	 A0A009N031	[0, 0, 0, 0, 0, 0, 0, 0, 0]
	 A0A009N123	[0, 0, 0, 0, 0, 0, 0, 0, 0]
	 A0A011VWR4	[0, 0, 0, 0, 0, 0, 0, 0, 0]
	 A0A011WKI4	[0, 0, 0, 0, 0, 0, 0, 0, 0]
	 A0A009HBT3	[0, 0, 0, 0, 0, 0, 0, 0, 0]
	 A0A010IZE4	[0, 0, 0, 0, 0, 0, 0, 0, 0]
	 A0A009I0I9	[0, 0, 0, 0, 0, 0, 0, 0, 0]
	 A0A009IRJ6	[0, 0, 0, 0, 0, 0, 0, 0, 0]
	 A0A009MH90	[0, 0, 0, 0, 0, 0, 0, 0, 0]
	 A0A009Q3K7	[0, 0, 0, 0, 0, 0, 0, 0, 0]
	 A0A009HL81	[0, 0, 0, 0, 0, 0, 0, 0, 0]
	 A0A009HTN9	[0, 0, 0, 0, 0, 0, 0, 0, 0]
	 A0A009HIL8	[0, 0, 0, 0, 0, 0, 0, 0, 0]
	 A0A009SWU0	[0, 0, 0, 0, 0, 0, 0, 0, 0]
	 A0A011VZG0	[0, 0, 0, 0, 0, 0, 0, 0, 0]
	 A0A011VW71	[0, 0, 0, 0, 0, 0, 0, 0, 0]
	 A0A011V8Y9	[0, 0, 0, 0, 0, 0, 0, 0, 0]
	 A0A010SHY1	[0, 0, 0, 0, 0, 0, 0, 0, 0]
	 A0A009SCM5	[0, 0, 0, 0, 0, 0, 0, 0, 0]
	 A0A009RHH7	[0, 0, 0, 0, 0, 0, 0, 0, 0]
	 A0A009RMD0	[0, 0, 0, 0, 0, 0, 0, 0, 0]
	 A0A011VMV7	[0, 0, 0, 0, 0, 0, 0, 0, 0]
	 A0A011VNE2	[0, 0, 0, 0, 0, 0, 0, 0, 0]
	 A0A011VSC9	[0, 0, 0, 0, 0, 0, 0, 0, 0]
	 A0A011VUV0	[0, 0, 0, 0, 0, 0, 0, 0, 0]
	 A0A009RR21	[0, 0, 0, 0, 0, 0, 0, 0, 0]
	 A0A011UTJ0	[0, 0, 0, 0, 0, 0, 0, 0, 0]
	 A0A011UWH1	[0, 0, 0, 0, 0, 0, 0, 0, 0]
	 A0A009I463	[0, 0, 0, 0, 0, 0, 0, 0, 0]
	 A0A009R2X0	[0, 0, 0, 0, 0, 0, 0, 0, 0]
	 A0A009R4N4	[0, 0, 0, 0, 0, 0, 0, 0, 0]
	 A0A009RBQ2	[0, 0, 0, 0, 0, 0, 0, 0, 0]
	 A0A009QVK8	[0, 0, 0, 0, 0, 0, 0, 0, 0]
	 A0A011UFM5	[0, 0, 0, 0, 0, 0, 0, 0, 0]
	 A0A011UG71	[0, 0, 0, 0, 0, 0, 0, 0, 0]
	 A0A011UGX8	[0, 0, 0, 0, 0, 0, 0, 0, 0]
	 A0A009PAG1	[0, 0, 0, 0, 0, 0, 0, 0, 0]
	 A0A009SHB3	[0, 0, 0, 0, 0, 0, 0, 0, 0]
	 A0A009SIF9	[0, 0, 0, 0, 0, 0, 0, 0, 0]
	 A0A010ZJQ6	[0, 0, 0, 0, 0, 0, 0, 0, 0]
	 A0A010YJA7	[0, 0, 0, 0, 0, 0, 0, 0, 0]
	 A0A010SPJ7	[0, 0, 0, 0, 0, 0, 0, 0, 0]
	 A0A010SSQ8	[0, 0, 0, 0, 0, 0, 0, 0, 0]
	 A0A010T025	[0, 0, 0, 0, 0, 0, 0, 0, 0]
	 A0A010ZTI3	[0, 0, 0, 0, 0, 0, 0, 0, 0]
	 A0A011A146	[0, 0, 0, 0, 0, 0, 0, 0, 0]
	 A0A011AIL7	[0, 0, 0, 0, 0, 0, 0, 0, 0]
	 A0A010YZS8	[0, 0, 0, 0, 0, 0, 0, 0, 0]
	 A0A010Z120	[0, 0, 0, 0, 0, 0, 0, 0, 0]
	 A0A009T3J5	[0, 0, 0, 0, 0, 0, 0, 0, 0]

 ### Operon type: 273

	 A0A010TG27	[619, 0, 34, 0, 0, 0, 529, 0, 0]

 ### Operon type: 274

	 A0A011PMK1	[0, 0, 0, 0, 0, 0, 0, 619, 0]

 ### Operon type: 275

	 A0A009HRU1	[0, 141, 0, 0, 0, 0, 0, 0, 0]

 ### Operon type: 276

	 A0A009HSN8	[0, 311, 0, 0, 0, -1, 0, 213, -1]

 ### Operon type: 277

	 A0A009HV82	[133, 0, 0, 0, 0, 0, 0, 0, 0]

 ### Operon type: 278

	 A0A009IG74	[0, 0, 177, 0, 337, -1, 0, 0, 0]

 ### Operon type: 279

	 A0A009IJ90	[0, 44, 0, 0, 0, 0, 0, 0, 0]

 ### Operon type: 280

	 A0A009ISE1	[454, 0, 642, 0, 0, -1, 0, 0, 0]

 ### Operon type: 281

	 A0A009NM94	[0, 585, 585, 0, 0, 0, 289, 0, 0]

 ### Operon type: 282

	 A0A009Q4N5	[0, 0, 307, 0, 0, 0, 0, 0, 0]

 ### Operon type: 283

	 A0A009SSZ9	[0, 77, 0, 0, 0, 0, 0, 0, 0]

 ### Operon type: 284

	 A0A009TBM2	[0, 0, 0, 0, 0, 0, 0, 0, 305]

 ### Operon type: 285

	 A0A009Q8S9	[0, 0, 651, 305, 0, 353, 0, 0, 0]

 ### Operon type: 286

	 A0A009YIH1	[0, 0, 0, 0, 172, 0, -1, -1, 2]

 ### Operon type: 287

	 A0A009YR05	[0, 0, 0, 0, 50, 0, 0, 0, 0]

 ### Operon type: 288

	 A0A009Z004	[164, 0, 164, 0, 0, 463, 0, 0, 0]

 ### Operon type: 289

	 A0A010IGH8	[0, 0, 0, 0, 0, 0, 0, 187, 0]

 ### Operon type: 290

	 A0A010JIN9	[451, 0, 0, 129, 293, 0, 0, 0, 0]

 ### Operon type: 291

	 A0A010RS09	[0, 0, 0, 0, 30, 0, 623, 623, 0]

 ### Operon type: 292

	 A0A010RUQ5	[0, 0, 0, 0, 0, 0, 0, 0, 318]

 ### Operon type: 293

	 A0A010S195	[650, 0, 46, 45, 0, 0, 0, 0, 0]

 ### Operon type: 294

	 A0A010SCZ2	[0, 0, 0, 0, 0, 0, 0, 229, 0]

 ### Operon type: 295

	 A0A010SN41	[0, 0, 0, 0, 226, 0, 0, 0, 0]

 ### Operon type: 296

	 A0A010SSU2	[0, 0, 0, 0, 85, 0, -1, 637, 0]

 ### Operon type: 297

	 A0A010SUP6	[0, 0, 0, 0, 0, 0, 0, 45, 0]

 ### Operon type: 298

	 A0A010SUY9	[0, 0, 0, 0, 0, 342, 574, 0]

 ### Operon type: 299

	 A0A010THK2	[0, 0, -1, 0, 0, 623, 463, 0, 0]

 ### Operon type: 300

	 A0A010SRL4	[34, 0, 0, -1, 0, 0, 0, 463, 117]

 ### Operon type: 301

	 A0A010YF95	[687, 0, 0, 0, 0, 0, 0, 0, 0]

 ### Operon type: 302

	 A0A010YT39	[0, 618, 0, 0, 0, 0, 0, 0, 0]

 ### Operon type: 303

	 A0A010YX61	[232, 640, 0, 700, 0, 0, 0, 0, 0]

 ### Operon type: 304

	 A0A010ZWJ8	[0, 0, 0, 0, 0, 639, 0, 0, 0]

 ### Operon type: 305

	 A0A009ZVR4	[590, 0, 640, 0, 0, 28, 0, 0, 0]

 ### Operon type: 306

	 A0A011AHW1	[0, 0, 0, 0, 0, 0, 0, 11, 0]

 ### Operon type: 307

	 A0A011NE37	[322, 0, 0, 0, 0, 0, 0, 0, 0]

 ### Operon type: 308

	 A0A011NF78	[0, 0, 721, 0, 0, 0, 0, 0, 0]

 ### Operon type: 309

	 A0A011NVE2	[0, 0, 0, 695, 0, 0, 616, 0, 472]

 ### Operon type: 310

	 A0A011NXJ4	[0, 0, 0, 0, 0, 0, 0, 0, 469]

 ### Operon type: 311

	 A0A011P8I1	[0, 0, 641, 640, 0, 0, 0, 0, 639]

 ### Operon type: 312

	 A0A011P9Q7	[634, 0, 0, 0, 0, 0, 0, 0, 0]

 ### Operon type: 313

	 A0A011PCT1	[0, 0, 0, 0, 0, 0, 0, 601, 0]

 ### Operon type: 314

	 A0A011PJ75	[0, 695, 542, 695, 0, 0, 0, 0, 0]

 ### Operon type: 315

	 A0A011PRB4	[0, 0, 0, 0, 0, 0, 0, 554, 0]

 ### Operon type: 316

	 A0A011Q5V7	[686, 0, 0, 0, 0, 0, 0, 0, 0]

 ### Operon type: 317

	 A0A011QU35	[0, 0, 0, 0, 710, 0, 0, 0, 0]

 ### Operon type: 318

	 A0A011QVT2	[699, 0, 0, 0, 0, 0, 0, 698, 0]

 ### Operon type: 319

	 A0A011RP14	[0, 0, 0, 0, 0, 0, 0, 592, 0]

 ### Operon type: 320

	 A0A011SM49	[616, 0, 592, 0, 0, 0, 358, 0, 0]

 ### Operon type: 321

	 A0A011AM27	[555, 0, 0, 0, 455, 0, 0, 0, 17]

 ### Operon type: 322

	 A0A011T607	[0, 0, 656, 0, 0, 0, 0, 0, 289]

 ### Operon type: 323

	 A0A010S5W8	[0, 0, 464, 656, 0, 0, 0, 0, 0]

 ### Operon type: 324

	 A0A011MSR2	[0, 0, 0, 464, 0, 0, 0, 683, 0]

 ### Operon type: 325

	 A0A010YYJ5	[0, 0, 0, 683, 0, 0, 0, 28, 28]

 ### Operon type: 326

	 A0A011TED9	[0, 0, 0, 0, 0, 292, 0, 0, 0]

 ### Operon type: 327

	 A0A011TXS5	[0, 357, 0, 0, 0, 0, 0, 0, 0]

 ### Operon type: 328

	 A0A011U144	[0, 318, 0, 0, 0, 0, 469, 382, 0]

 ### Operon type: 329

	 A0A011U1C8	[647, 0, 0, 0, 0, 0, 0, 0, 317]

 ### Operon type: 330

	 A0A011U483	[0, 0, 0, 0, 0, 646, 0, 0, 0]

 ### Operon type: 331

	 A0A011UDF3	[0, 0, 0, 0, 0, 349, 0, 0, 0]

 ### Operon type: 332

	 A0A011UG86	[0, 652, 0, 0, 0, 48, 0, 0, 0]

 ### Operon type: 333

	 A0A011UGY3	[0, 0, 0, 36, 0, 0, 0, 36, 0]

 ### Operon type: 334

	 A0A011UJN3	[0, 427, 0, 0, 0, 0, 0, 0, 0]

 ### Operon type: 335

	 A0A009INE0	[429, 0, 0, 0, 0, 0, 0, 542, 427]

 ### Operon type: 336

	 A0A011UQB5	[584, 477, 0, 0, 0, 0, 0, 319, 0]

 ### Operon type: 337

	 A0A011UVI5	[0, 0, 0, 0, 0, 49, 695, 695, 0]

 ### Operon type: 338

	 A0A011UWI3	[0, 0, 0, 0, 183, 0, 70, 650, 0]

 ### Operon type: 339

	 A0A011V5E6	[0, 0, 0, 0, 0, 333, 0, 0, 0]

 ### Operon type: 340

	 A0A011M4H6	[230, 0, 491, 0, 0, 0, 0, 0, 0]

 ### Operon type: 341

	 A0A011VSV3	[0, 0, 0, 0, 0, 0, 567, 0, 0]

 ### Operon type: 342

	 A0A011VWI0	[0, 0, 0, 0, 0, 75, 0, 0, 0]

 ### Operon type: 343

	 A0A011VZ91	[138, 0, 0, 0, 0, 0, 0, 0, 0]

 ### Operon type: 344

	 A0A011W213	[0, 0, 0, 0, 0, 473, 0, 0, 0]

 ### Operon type: 345

	 A0A011WP76	[0, 0, 0, 0, 0, 0, 0, 0, 703]

 ### Operon type: 346

	 A0A011WSD4	[0, 0, 0, -1, 0, 683, 0, 0, 332]

 ### Operon type: 347

	 A0A011VZF5	[0, 0, 330, 329, 0, 683, 332, 683, 0]

 ### Operon type: 348

	 A0A011WSU6	[0, 683, 0, 0, 327, 0, 0, 0, 0]

 ### Operon type: 349

	 A0A013S843	[0, 301, 0, 0, 0, 0, -1, 242, 0]

 ### Operon type: 350

	 A0A013S981	[268, 0, 0, 0, 0, 0, 0, 0, 0]

 ### Operon type: 351

	 A0A013T337	[0, 0, 0, 0, 0, 0, 0, 0, 388]

 ### Operon type: 352

	 A0A013T5E6	[0, 0, 0, 387, 0, 0, 0, 0, 0]

 ### Operon type: 353

	 A0A010KAV2	[253, 0, 0, 252, 251, 561, 250, 647, 249]
	 A0A013SGL3	[253, 233, 232, 252, 251, 561, 250, 647, 249]
	 A0A009NE81	[253, 233, 232, 252, 251, 561, 250, 647, 249]
	 A0A009RQH3	[253, 0, 0, 252, 251, 561, 250, 647, 249]
	 A0A009I5Z6	[253, 0, 232, 252, 251, 561, 250, 647, 249]

 ### Operon type: 354

	 A0A013TB41	[253, -1, 0, 0, 251, 561, 250, 647, 249]

 ### Operon type: 355

	 A0A009H3X4	[253, 0, 0, 0, 251, 561, -1, 623, -1]

 ### Operon type: 356

	 A0A009YL68	[0, 0, 647, 253, 251, 0, 0, 3, 0]

 ### Operon type: 357

	 A0A009T9H0	[0, 2, 651, -1, 0, 0, 142, 0, 141]

 ### Operon type: 358

	 A0A010THH5	[0, 64, 39, 49, 0, 0, 582, 0, 453]

 ### Operon type: 359

	 A0A011WSH8	[0, 0, 0, 529, 227, 0, 0, 0, 0]
	 A0A011VZE3	[0, 0, 0, 529, 227, 0, 0, 0, 0]

 ### Operon type: 360

	 A0A011NAF3	[0, 0, 0, 0, 0, 0, 529, 0, 627]

 ### Operon type: 361

	 A0A009IQ93	[312, 0, 529, 0, 0, 117, 0, 0, 0]

 ### Operon type: 362

	 A0A009TLU4	[0, 357, -1, 150, 0, 21, 0, -1, -1]

 ### Operon type: 363

	 A0A010JNG7	[459, 0, 0, 458, 0, 0, 0, 0, 0]

 ### Operon type: 364

	 A0A010S003	[563, 0, 0, 0, 0, 652, 652, 148, 0]

 ### Operon type: 365

	 A0A010SMN8	[0, -1, 47, 0, 493, 0, 0, 570, 0]

 ### Operon type: 366

	 A0A010SXS1	[0, 205, 0, 0, 0, 136, 0, 0, 698]

 ### Operon type: 367

	 A0A010T689	[17, -1, 582, 595, 0, 0, 0, 0, 0]

 ### Operon type: 368

	 A0A010TBB4	[0, 130, 0, 48, 0, 0, 0, 0, 647]

 ### Operon type: 369

	 A0A010YFK3	[0, 600, 0, 0, 0, 0, 56, 0, 317]

 ### Operon type: 370

	 A0A010YVY1	[7, 0, 7, 0, 0, 0, 0, 148, 0]

 ### Operon type: 371

	 A0A010Z7T4	[0, 0, 0, 0, 0, 0, 0, 487, 557]

 ### Operon type: 372

	 A0A010RRR9	[0, 0, 0, 0, 534, 0, 0, 488, 487]

 ### Operon type: 373

	 A0A010SIA7	[0, 0, 488, 66, 0, 0, 0, 0, 0]

 ### Operon type: 374

	 A0A010ZSZ2	[0, 51, 0, 14, 13, 0, 0, 0, 0]

 ### Operon type: 375

	 A0A010Z0Y7	[0, 0, 0, 0, 13, 300, 0, 0, 0]

 ### Operon type: 376

	 A0A010ZUR7	[231, 12, 0, 12, 0, 11, 148, 0, 0]

 ### Operon type: 377

	 A0A011A0M8	[0, 0, 463, 0, 38, 0, 0, 9, 9]

 ### Operon type: 378

	 A0A011NFL4	[0, 621, 0, 0, 620, 619, 0, 618, 0]

 ### Operon type: 379

	 A0A011P407	[0, 0, 649, 648, 0, 0, 647, 0, 646]

 ### Operon type: 380

	 A0A011QGT2	[529, 0, 0, 528, 527, 0, 0, 0, 0]

 ### Operon type: 381

	 A0A011QSA4	[724, 0, 723, 722, 0, 0, 0, 0, 721]

 ### Operon type: 382

	 A0A011T6J6	[0, 686, 0, 640, 0, 0, 324, 0, 323]

 ### Operon type: 383

	 A0A011TAL2	[0, 656, 0, 0, 0, 291, 0, 470, 0]

 ### Operon type: 384

	 A0A011TYT7	[0, 0, 0, 0, 0, 0, 356, 355, 355]

 ### Operon type: 385

	 A0A011TZG0	[463, 684, 0, 0, 0, 0, 0, 363, 0]

 ### Operon type: 386

	 A0A011Q6N5	[0, 0, 0, 0, 0, 0, 685, 684, 685]

 ### Operon type: 387

	 A0A011UII7	[0, 0, 0, 0, 0, 472, 354, 0, 0]

 ### Operon type: 388

	 A0A011UNT9	[353, 361, 0, 0, 0, 0, 0, 0, 0]

 ### Operon type: 389

	 A0A011SIS0	[0, 671, 362, 362, 0, 0, 0, 361, 0]

 ### Operon type: 390

	 A0A011UT49	[0, 51, 0, 0, 0, 0, 205, 59, 0]

 ### Operon type: 391

	 A0A011VU65	[57, 0, 0, 0, 0, 56, 0, 0, 0]

 ### Operon type: 392

	 A0A011VV03	[0, 231, 0, 0, 405, 230, 0, 0, 0]

 ### Operon type: 393

	 A0A011VVZ9	[0, 0, -1, 0, 0, 229, 228, 228, 360]

 ### Operon type: 394

	 A0A011VWX7	[698, 407, 0, 0, 0, 0, 0, 583, 0]

 ### Operon type: 395

	 A0A011VXK7	[585, 585, 0, 432, 0, 0, 0, 688, 0]

 ### Operon type: 396

	 A0A011W0I6	[137, 0, 0, 0, 0, 460, 0, 624, 0]

 ### Operon type: 397

	 A0A010YEF6	[0, 137, 0, 0, 0, 0, 0, 0, 26]

 ### Operon type: 398

	 A0A013SQH1	[0, 0, 0, 0, 226, 540, 0, 459, 482]

 ### Operon type: 399

	 A0A009LNU8	[223, 225, 266, 265, 0, 150, 0, 459, 0]

 ### Operon type: 400

	 A0A013SRG6	[264, 265, 266, 225, 0, 224, 0, 223, 615]

 ### Operon type: 401

	 A0A009IQU8	[0, 225, 0, 0, 0, 224, 615, 0, 0]

 ### Operon type: 402

	 A0A010K2K8	[266, 265, 264, 0, 0, 0, 0, -1, 459]

 ### Operon type: 403

	 A0A011NPR8	[0, 615, 0, 0, 0, 0, 614, 0, 0]

 ### Operon type: 404

	 A0A010SEA2	[690, 614, 64, 0, 0, 0, 0, 0, 0]

 ### Operon type: 405

	 A0A009ZIC0	[91, 132, 490, 171, 191, 494, 131, 130, 190]

 ### Operon type: 406

	 A0A009ZB47	[112, 27, 0, 0, 0, 683, 451, 0, 0]

 ### Operon type: 407

	 A0A010RM40	[492, 529, 503, 0, 0, 0, 0, -1, 645]

 ### Operon type: 408

	 A0A010RRQ6	[0, 491, 0, 0, 0, 493, 490, 489, 0]

 ### Operon type: 409

	 A0A010S423	[324, 0, 0, 0, 0, 0, 0, 70, 589]

 ### Operon type: 410

	 A0A010T0I7	[0, 0, 26, 0, 0, 641, 723, 529, 0]

 ### Operon type: 411

	 A0A011AHU9	[0, 0, 0, 0, 0, 0, 0, 8, 633]

 ### Operon type: 412

	 A0A010YY02	[0, 6, 0, 0, 6, 505, 5, 0, 8]

 ### Operon type: 413

	 A0A011NA78	[0, 483, 0, 0, 0, 714, 0, 0, 645]

 ### Operon type: 414

	 A0A011P8W7	[638, 649, 698, 0, 637, 0, 0, 0, 0]

 ### Operon type: 415

	 A0A011PG97	[570, 0, 0, 569, 0, 0, 0, 0, 0]

 ### Operon type: 416

	 A0A011PKT4	[0, 540, 0, 0, 0, 0, 539, 0, 0]

 ### Operon type: 417

	 A0A011PLB2	[0, 638, 0, 541, 0, 0, 0, 0, 0]

 ### Operon type: 418

	 A0A011R339	[0, 0, 0, 0, 0, 0, 401, 400, 0]

 ### Operon type: 419

	 A0A011SFE5	[0, 0, 0, 585, 0, 0, 621, 648, 584]

 ### Operon type: 420

	 A0A011SJT5	[0, 0, 0, 360, 359, 359, 359, 359, 359]

 ### Operon type: 421

	 A0A011TDQ5	[0, 0, 0, 0, 288, 461, 0, 0, 0]

 ### Operon type: 422

	 A0A011UG17	[196, 0, 139, 0, 37, 57, 0, 0, 0]

 ### Operon type: 423

	 A0A011V8Z7	[0, 0, 0, 0, 0, 74, 73, 0, 0]

 ### Operon type: 424

	 A0A011VT01	[0, 0, 58, 0, 0, 58, 0, 0, 199]

 ### Operon type: 425

	 A0A011VYP6	[0, 0, 0, 0, 0, 0, 139, 535, 0]

 ### Operon type: 426

	 A0A011V392	[331, 0, 554, 330, 329, 328, 0, 327, 326]

 ### Operon type: 427

	 A0A009Q0U9	[420, 108, 107, 0, 106, 105, -1, -1, 0]

 ### Operon type: 428

	 A0A010SRB2	[21, 20, 0, 0, 0, 20, 19, 0, 0]

 ### Operon type: 429

	 A0A011VJ76	[60, 60, 59, 618, 0, 529, 463, 0, 649]

 ### Operon type: 430

	 A0A013SKX6	[0, 0, 591, 0, 337, 337, 336, 335, 334]

 ### Operon type: 431

	 A0A010KA25	[451, 0, 582, 417, 255, 0, 0, 451, 254]

 ### Operon type: 432

	 A0A011WUA8	[668, 0, 0, 193, 0, 0, 0, 192, 192]

 ### Operon type: 433

	 A0A010S4X6	[0, 300, 503, 652, 259, 0, 471, 538, 623]

 ### Operon type: 434

	 A0A011U8C0	[0, 316, 315, 0, 314, 313, 0, 0, 0]
