
 ### Operon type: 1

	 A0A011PVT3	[592, 591, 590, 589, 588, 587, 586, 585, 584]
	 A0A011MET3	[592, 591, 590, 589, 588, 587, 586, 585, 584]
	 A0A011R7V7	[592, 591, 590, 589, 588, 587, 586, 585, 584]

 ### Operon type: 2

	 A0A011UIA1	[228, 227, 226, 225, 224, 223, 222, 221, 0]
	 A0A011V5V3	[0, 228, 227, 226, 225, 224, 223, 222, 221]

 ### Operon type: 3

	 A0A011PTE7	[484, 483, 482, 481, 480, 0, 479, 478, 477]
	 A0A011NE72	[484, 483, 482, 481, 480, 479, 478, 477, 0]

 ### Operon type: 4

	 A0A011NEY3	[206, 664, 663, 662, 662, 661, 660, 659, 0]

 ### Operon type: 5

	 A0A011PAN4	[664, 663, 0, 662, 662, 661, 660, 659, 658]

 ### Operon type: 6

	 A0A011RCD5	[206, 664, 663, 662, 662, 661, 660, 659, 658]

 ### Operon type: 7

	 A0A010JSI3	[501, 500, 499, 498, 497, 496, 495, 494, 0]
	 A0A013T0M4	[501, 500, 499, 498, 497, 496, 495, 494, 0]
	 A0A009RGL2	[0, 500, 499, 498, 497, 496, 495, 494, 0]
	 A0A009HDS5	[501, 500, 499, 498, 497, 496, 495, 494, 0]

 ### Operon type: 8

	 A0A011NW66	[699, 698, 697, 696, 695, 694, 0, 0, 0]
	 A0A011PF67	[699, 698, 697, 696, 695, 0, 0, 0, 0]
	 A0A011NBX7	[699, 698, 697, 696, 695, 694, 0, 0, 0]

 ### Operon type: 9

	 A0A011NS68	[699, 698, 697, 696, 695, 613, 612, 711, 611]
	 A0A011RHX4	[699, 698, 697, 696, 695, 613, 612, 711, 0]

 ### Operon type: 10

	 A0A010JY00	[235, 398, 397, 396, 447, 665, 393, 668, 392]

 ### Operon type: 11

	 A0A013TH30	[398, 397, 396, 395, 394, 665, 393, 668, 392]

 ### Operon type: 12

	 A0A011NEQ1	[0, 632, 631, 630, 629, 628, 627, 626, 625]
	 A0A011QAS2	[0, 632, 631, 630, 629, 628, 627, 626, 625]

 ### Operon type: 13

	 A0A011QSF0	[0, 649, 648, 647, 646, 645, 644, 643, 0]
	 A0A011Q0X6	[563, 649, 648, 647, 646, 645, 644, 643, 554]
	 A0A011Q1X8	[649, 0, 648, 647, 646, 645, 644, 643, 554]
	 A0A011QBB5	[563, 649, 648, 647, 646, 645, 644, 643, 554]

 ### Operon type: 14

	 A0A011PG87	[563, 649, 648, 647, 646, 645, 644, 0, 0]

 ### Operon type: 15

	 A0A013SP43	[357, 356, 355, 354, 353, 352, 351, 350, 349]
	 A0A010K6G6	[357, 356, 355, 354, 353, 352, 351, 0, 349]
	 A0A009RUN3	[357, 356, 355, 354, 353, 352, 351, 350, 349]

 ### Operon type: 16

	 A0A009SZB5	[0, 0, 304, 175, 302, 0, 0, 0, 174]
	 A0A009HR98	[0, 0, 304, 175, 302, 0, 0, 0, 174]

 ### Operon type: 17

	 A0A009Z8F7	[305, 304, 303, 0, 302, 301, 301, 0, 0]

 ### Operon type: 18

	 A0A011QUG8	[682, 681, 680, 679, 678, 677, 0, 676, 675]
	 A0A011QIT1	[682, 681, 680, 679, 678, 677, 676, 675, 624]

 ### Operon type: 19

	 A0A011QAB0	[534, 533, 532, 0, 531, 556, 530, 529, 0]
	 A0A011PL71	[491, 534, 533, 532, 531, 556, 530, 529, 0]

 ### Operon type: 20

	 A0A011PIY7	[724, 0, 722, 721, 720, 719, 718, 0, 716]

 ### Operon type: 21

	 A0A011Q3J4	[0, 724, 722, 721, 720, 719, 718, 717, 0]

 ### Operon type: 22

	 A0A011MH88	[723, 724, 722, 721, 720, 719, 718, 717, 716]

 ### Operon type: 23

	 A0A009QBR9	[0, 0, 510, 405, 509, 0, 0, 505, 82]
	 A0A009TM70	[0, 511, 510, 405, 509, 0, 0, 505, 82]

 ### Operon type: 24

	 A0A010ILU3	[512, 511, 510, 0, 509, 508, 507, 506, 505]
	 A0A009QS71	[512, 511, 510, 405, 509, 508, 0, 506, 505]
	 A0A009MW50	[0, 511, 510, 405, 509, 508, 0, 506, 505]
	 A0A009H3B0	[0, 511, 510, 0, 509, 508, 507, 506, 505]

 ### Operon type: 25

	 A0A009I8S2	[0, 0, 510, 405, 509, 508, 506, 505, 82]

 ### Operon type: 26

	 A0A009ZFR5	[451, 450, 449, 448, 447, 446, 445, 444, 668]
	 A0A009ICH6	[451, 450, 449, 448, 447, 446, 445, 444, 668]

 ### Operon type: 27

	 A0A009GP96	[0, 77, 583, 370, 234, 20, 527, 76, 75]

 ### Operon type: 28

	 A0A009GSR4	[370, 234, 20, 527, 76, 75, 75, 74, 0]

 ### Operon type: 29

	 A0A009IIT6	[77, 583, 370, 234, 76, 75, 75, 74, 0]

 ### Operon type: 30

	 A0A009IS10	[15, 0, 0, 0, 26, 25, 24, 0, 0]

 ### Operon type: 31

	 A0A009QHW5	[0, 0, 0, 512, 26, 25, 24, 0, 300]

 ### Operon type: 32

	 A0A011UVB4	[0, 0, 0, 237, 0, 0, 15, 0, 254]

 ### Operon type: 33

	 A0A011TLH7	[189, 188, 187, 0, 0, 0, 0, 0, 0]
	 A0A011UG87	[187, 188, 189, 0, 0, 0, 0, 0, 0]

 ### Operon type: 34

	 A0A011QIE8	[578, 577, 576, 616, 575, 574, 573, 0, 0]
	 A0A011QDV3	[578, 577, 576, 616, 575, 574, 549, 0, 573]

 ### Operon type: 35

	 A0A011NYU6	[547, 546, 0, 545, 544, 472, 471, 0, 543]

 ### Operon type: 36

	 A0A011PYI6	[547, 546, 0, 545, 544, 543, 542, 541, 0]

 ### Operon type: 37

	 A0A011P1C0	[0, 0, 472, 471, 543, 0, 0, 0, 0]

 ### Operon type: 38

	 A0A011NVE7	[567, 566, 565, 0, 0, 0, 0, 0, 0]
	 A0A011PP01	[567, 566, 565, 0, 0, 0, 0, 0, 0]

 ### Operon type: 39

	 A0A013TH43	[391, 0, 0, 0, 390, 389, 388, 0, 387]
	 A0A009RAF0	[391, 0, 0, 0, 390, 389, 388, 0, 387]

 ### Operon type: 40

	 A0A013S8V2	[157, 156, 0, 0, 0, 155, 0, 0, 0]
	 A0A009R8E1	[0, 470, 0, 157, 156, 0, 0, 155, 0]

 ### Operon type: 41

	 A0A009QFZ7	[378, 377, 0, 0, 432, 0, 375, 374, 0]
	 A0A009TK03	[378, 377, 0, 0, 432, 0, 375, 374, 0]

 ### Operon type: 42

	 A0A013SPM5	[378, 377, 434, 433, 432, 376, 375, 374, 0]
	 A0A010IX62	[378, 377, 434, 433, 432, 0, 375, 374, 0]
	 A0A009HSL1	[378, 377, 434, 433, 432, 0, 375, 374, 0]
	 A0A009MH71	[378, 377, 0, 433, 432, 376, 375, 374, 0]

 ### Operon type: 43

	 A0A009I6Z0	[378, 377, 0, 433, 432, 0, 375, 374, 431]

 ### Operon type: 44

	 A0A009ZIX8	[0, 435, 434, 433, 432, 468, 0, 431, 0]

 ### Operon type: 45

	 A0A009I573	[198, 0, 29, 216, 0, 28, 86, 80, 81]

 ### Operon type: 46

	 A0A009ILP9	[214, 0, 81, 80, 86, 28, 215, 216, 29]

 ### Operon type: 47

	 A0A009I953	[214, 0, 81, 80, 86, 28, 215, 0, -1]

 ### Operon type: 48

	 A0A009IPC3	[212, 213, 0, 0, 86, 85, 84, 0, 215]
	 A0A009QEG7	[212, 213, 0, 0, 86, 85, 84, 0, 215]

 ### Operon type: 49

	 A0A009SX74	[561, 611, 0, 216, 215, 214, 213, 212, 0]

 ### Operon type: 50

	 A0A010JWJ1	[0, 106, 583, 0, 143, 142, 141, 140, 0]
	 A0A009I4A1	[0, 106, 583, 0, 143, 142, 141, 140, 0]

 ### Operon type: 51

	 A0A009QF22	[146, 145, 144, 0, 143, 142, 141, 140, 139]
	 A0A009TBY8	[146, 145, 144, 30, 143, 142, 141, 140, 139]

 ### Operon type: 52

	 A0A009ITT8	[19, 18, 17, 181, 180, 162, 179, 178, 177]

 ### Operon type: 53

	 A0A009NJ90	[19, 18, 17, 181, 0, 163, 162, 179, 178]

 ### Operon type: 54

	 A0A009HZK2	[190, 181, 180, 0, 0, 0, 0, 0, 0]

 ### Operon type: 55

	 A0A009IJ07	[192, 191, 190, 181, 180, 0, 0, 0, 0]

 ### Operon type: 56

	 A0A009S6G1	[192, 191, 190, 181, 180, 179, 178, 177, 176]

 ### Operon type: 57

	 A0A009S5A5	[180, 163, 162, 179, 178, 177, 161, 160, 176]

 ### Operon type: 58

	 A0A013TCN9	[405, 404, 403, 402, 401, 400, 399, 583, 616]
	 A0A010ITG1	[405, 404, 403, 402, 401, 400, 399, 583, 616]
	 A0A009QNC9	[405, 404, 403, 402, 401, 400, 399, 583, 616]
	 A0A009NIJ3	[405, 404, 403, 402, 401, 400, 399, 583, 616]
	 A0A013TRC1	[405, 404, 403, 402, 401, 400, 399, 583, 616]

 ### Operon type: 59

	 A0A009H935	[0, 0, 403, 402, 401, 400, 399, 583, 616]

 ### Operon type: 60

	 A0A009PJF7	[326, 325, 325, 324, 323, 465, 322, 321, 320]
	 A0A009SJZ7	[237, 326, 325, 324, 323, 465, 322, 321, 320]

 ### Operon type: 61

	 A0A009Z5G0	[465, 324, 325, 0, 307, 326, 237, 236]

 ### Operon type: 62

	 A0A010JJC1	[520, 519, 518, 517, 516, 515, 514, 526, 513]
	 A0A010IZ41	[519, 518, 517, 516, 515, 514, 526, 513, 355]

 ### Operon type: 63

	 A0A009QJL6	[520, 519, 518, 517, 0, 513, 355, 102, 0]

 ### Operon type: 64

	 A0A011P2I4	[556, 555, 722, 0, 0, 0, 0, 0, 0]
	 A0A011N9N8	[556, 555, 722, 0, 0, 0, 0, 0, 0]

 ### Operon type: 65

	 A0A009PIB4	[0, 0, 0, 62, 61, 60, 527, 583, 556]
	 A0A009SLR5	[0, 0, 0, 62, 61, 60, 527, 583, 556]

 ### Operon type: 66

	 A0A009HSU4	[0, 0, 250, 583, 0, 555, 487, 556, 527]

 ### Operon type: 67

	 A0A011SF89	[457, 456, 455, 0, 0, 0, 0, 0, 0]

 ### Operon type: 68

	 A0A011UCX7	[0, 534, 457, 456, 0, 455, 232, 0, 0]

 ### Operon type: 69

	 A0A011NYT4	[639, 638, 637, 636, 0, 635, 635, 634, 633]

 ### Operon type: 70

	 A0A011P8E9	[0, 0, 639, 638, 0, 637, 636, 0, 0]

 ### Operon type: 71

	 A0A010TF34	[0, -1, 0, 0, 94, 93, 92, 91, 90]
	 A0A010SYH9	[94, 93, 92, 91, 90, 0, 0, 0, 0]

 ### Operon type: 72

	 A0A010TFJ4	[0, -1, 0, 99, 98, 97, 96, -1, 95]
	 A0A010S7A1	[99, 98, 97, 96, 0, 95, 0, 0, 0]

 ### Operon type: 73

	 A0A009ICP5	[51, 359, 425, 69, 50, 0, 0, 48, 0]

 ### Operon type: 74

	 A0A009MMG9	[51, 359, 425, 69, 50, 0, 49, 48, 89]

 ### Operon type: 75

	 A0A009QLL2	[0, 239, 241, 0, 50, 0, 0, 48, 0]
	 A0A009HTW0	[0, 239, 241, 0, 50, 0, 0, 48, 0]

 ### Operon type: 76

	 A0A009SIV4	[238, 239, 241, 23, 50, 22, 0, 48, 89]

 ### Operon type: 77

	 A0A013TSJ4	[239, 241, 0, 23, 50, 0, 0, 48, 89]

 ### Operon type: 78

	 A0A009Z3V9	[583, 0, 0, 0, 0, 241, 240, 239, 238]

 ### Operon type: 79

	 A0A009T0Q9	[0, 0, 0, 0, 173, 172, 723, 583, 171]

 ### Operon type: 80

	 A0A009YJF4	[0, 634, 633, 31, 35, 723, 583, 0, 171]

 ### Operon type: 81

	 A0A009PAV9	[293, -1, 425, 292, 414, 527, 291, 290, 289]
	 A0A009HJC2	[293, 616, 425, 292, 414, 527, 291, 290, 289]

 ### Operon type: 82

	 A0A009SE02	[0, 289, 0, 0, 0, 290, 291, 527, 414]

 ### Operon type: 83

	 A0A011QNA5	[0, 608, 607, 606, 0, 605, 604, 603, 602]
	 A0A009ZLJ7	[602, 603, 604, 605, 0, 0, 608, 607, 606]

 ### Operon type: 84

	 A0A013T0T6	[605, 604, 603, 602, 504, 503, 381, 502, 380]
	 A0A009HAX1	[605, 604, 603, 602, 504, 503, 381, 502, 380]
	 A0A009QMH5	[605, 604, 603, 602, 504, 503, 381, 502, 380]

 ### Operon type: 85

	 A0A010ILW6	[605, 604, 603, 602, 504, 503, 0, 0, 502]

 ### Operon type: 86

	 A0A009Z9X7	[604, 603, 602, 0, 504, 0, 672, 0, 502]

 ### Operon type: 87

	 A0A009PE10	[0, 0, 0, 602, 504, 284, 381, 502, -1]

 ### Operon type: 88

	 A0A009SYU8	[487, 451, 535, 331, 327, 583, 583, 329, 328]
	 A0A009RSB7	[487, 451, 535, 331, 327, 583, 583, 329, 328]
	 A0A009HS41	[487, 451, 535, 331, 327, 583, 583, 329, 328]

 ### Operon type: 89

	 A0A010IT25	[487, 451, 535, 331, 330, 583, 583, 329, 328]
	 A0A013SHA9	[487, 451, 535, 331, 330, 583, 583, 329, 328]
	 A0A009I466	[487, 451, 535, 331, 330, 583, 583, 329, 328]

 ### Operon type: 90

	 A0A009NMQ9	[487, 451, 535, 331, 330, 0, 583, 583, 329]

 ### Operon type: 91

	 A0A009P8A9	[0, 0, 535, 331, 327, 583, 583, 329, 328]

 ### Operon type: 92

	 A0A011PGU1	[0, 0, 560, 599, 598, 597, 559, 558, 557]
	 A0A011MDH1	[553, 0, 560, 599, 598, 597, 559, 558, 557]

 ### Operon type: 93

	 A0A011V0P4	[246, 165, 0, 0, 310, 0, 0, 269, 268]

 ### Operon type: 94

	 A0A011WPV7	[269, 268, 0, 0, 0, 0, 0, 0, 0]

 ### Operon type: 95

	 A0A011RNP9	[0, 0, 0, 0, 0, 255, 530, 0, 0]

 ### Operon type: 96

	 A0A011V0B5	[460, 0, 0, 0, 0, 0, 255, 0, 0]

 ### Operon type: 97

	 A0A011RQC9	[0, 460, 459, 0, 0, 0, 0, 458, 0]

 ### Operon type: 98

	 A0A011QG28	[601, 600, 599, 0, 598, 597, 596, 595, 594]
	 A0A011RIM8	[601, 600, 0, 0, 598, 597, 596, 595, 594]

 ### Operon type: 99

	 A0A011PHI6	[489, 0, 580, 0, 0, 579, 679, 572, 0]

 ### Operon type: 100

	 A0A011QI68	[0, 0, 580, 579, 0, 0, 0, 0, 0]

 ### Operon type: 101

	 A0A011P700	[0, 0, 642, 641, 0, 0, 0, 0, 0]

 ### Operon type: 102

	 A0A011QSI4	[0, 0, 642, 641, 640, 0, 0, 0, 0]

 ### Operon type: 103

	 A0A011NVJ6	[706, 705, 704, 703, 702, 701, 0, 0, 700]

 ### Operon type: 104

	 A0A011PVP2	[0, 705, 704, 703, 702, 701, 0, 0, 592]

 ### Operon type: 105

	 A0A011NXY7	[0, 0, 704, 0, 702, 0, 0, 0, 0]

 ### Operon type: 106

	 A0A011QR69	[670, 669, 668, 667, 666, 665, 0, 0, 0]
	 A0A011NUB4	[670, 669, 668, 667, 666, 665, 0, 569, 0]

 ### Operon type: 107

	 A0A011NN36	[669, 668, 0, 0, 666, 665, 0, 0, 0]

 ### Operon type: 108

	 A0A011PK69	[668, 490, 0, 0, 666, 665, 0, 0, 0]

 ### Operon type: 109

	 A0A011NYD6	[692, 691, 690, 689, 688, 687, 686, 685, 684]
	 A0A011RMI6	[692, 691, 690, 689, 688, 687, 686, 685, 684]

 ### Operon type: 110

	 A0A011QB28	[528, 692, 691, 0, 0, 687, 686, 685, 684]

 ### Operon type: 111

	 A0A011NF33	[0, 687, 686, 0, 0, 0, 0, 0, 0]

 ### Operon type: 112

	 A0A011NBY4	[260, 0, 0, 259, 0, 0, 258, 0, 0]

 ### Operon type: 113

	 A0A011WRT0	[260, 0, 0, 0, 0, 0, 0, 541, 0]

 ### Operon type: 114

	 A0A011SHV5	[0, 0, 0, 0, 0, 452, 541, 520, 0]

 ### Operon type: 115

	 A0A011NB95	[0, 674, 0, 0, 0, 0, 425, 262, 261]

 ### Operon type: 116

	 A0A011UHT4	[102, 256, 262, 0, 0, 101, 101, 261, 0]

 ### Operon type: 117

	 A0A010Z1W7	[0, 0, 0, 0, 0, 32, 0, 253, 244]

 ### Operon type: 118

	 A0A011VY84	[0, 0, 244, 253, 0, 0, 0, 0, 0]

 ### Operon type: 119

	 A0A010YW85	[0, 0, 0, 0, 0, 125, 0, 253, 244]

 ### Operon type: 120

	 A0A010ZMA0	[253, 346, 0, 0, 0, 0, 0, 0, 0]

 ### Operon type: 121

	 A0A011N5L2	[0, 0, 0, 346, 0, 363, 521, 0, 0]

 ### Operon type: 122

	 A0A010SQJ5	[130, 69, 0, 298, 186, 297, 0, 0, 0]

 ### Operon type: 123

	 A0A010STD3	[0, 0, 0, 298, 186, 297, 0, 329, 121]

 ### Operon type: 124

	 A0A011TD67	[231, 0, 0, 298, 186, 297, 296, 0, 185]

 ### Operon type: 125

	 A0A009ZC12	[0, 0, 0, 298, 0, 297, 296, 295, 651]

 ### Operon type: 126

	 A0A010RFQ9	[0, 0, 493, 0, 492, 0, 0, 0, 0]

 ### Operon type: 127

	 A0A010SPR9	[70, 70, 0, 0, 0, 492, 0, 0, 0]

 ### Operon type: 128

	 A0A010J3I1	[0, 0, 0, 415, 414, 413, 412, 0, 410]
	 A0A013S288	[0, 0, 0, 415, 414, 413, 412, 0, 410]

 ### Operon type: 129

	 A0A013SXT2	[418, 417, 416, 415, 414, 413, 412, 411, 410]
	 A0A009PWG1	[418, 417, 416, 415, 414, 413, 412, 411, 410]

 ### Operon type: 130

	 A0A009ZJK4	[0, 0, 0, 0, 0, 0, 451, 430, 0]

 ### Operon type: 131

	 A0A010SVN1	[-1, 430, 583, 201, 137, 0, 0, 451, 0]

 ### Operon type: 132

	 A0A009SF48	[339, 0, 337, 0, 335, -1, 148, 541, 147]
	 A0A009IMX3	[339, 0, 337, 0, 335, 148, 148, 541, 147]

 ### Operon type: 133

	 A0A009QEX0	[339, 338, 337, 336, 335, 148, 148, 541, 147]

 ### Operon type: 134

	 A0A010ISX2	[339, 338, 337, 336, 335, 334, 451, 333, 332]
	 A0A013S7V1	[339, 338, 337, 336, 335, 334, 451, 333, 332]
	 A0A009RES7	[339, 338, 337, 336, 335, 334, 451, 333, 332]
	 A0A009MR00	[339, 338, 337, 336, 335, 334, 451, 333, 332]

 ### Operon type: 135

	 A0A009GYP9	[0, 0, 0, 336, 335, 334, 451, 333, 332]

 ### Operon type: 136

	 A0A009YTT3	[0, 0, 0, 0, 0, 0, 451, 333, 332]

 ### Operon type: 137

	 A0A009PFK7	[283, 282, 281, 280, 279, 0, 0, 278, 0]
	 A0A009QGN4	[283, 282, 281, 280, 279, 278, 0, 0, 0]

 ### Operon type: 138

	 A0A009YR20	[0, 278, 0, 0, 0, 0, 282, 0, 0]

 ### Operon type: 139

	 A0A013SB36	[267, 266, 265, 264, 263, 0, 633, 154, 172]
	 A0A009QSI3	[267, 266, 265, 264, 263, 0, 633, 154, -1]

 ### Operon type: 140

	 A0A010ITP2	[267, 266, 265, 264, 263, 0, 633, 0, 0]

 ### Operon type: 141

	 A0A009SII9	[-1, 266, 265, 264, 0, 0, 0, 0, 173]

 ### Operon type: 142

	 A0A009HZV2	[0, 0, 0, 0, 44, 43, 163, 0, 0]

 ### Operon type: 143

	 A0A009QPE7	[0, 0, 0, 0, 44, 43, 0, 0, 0]

 ### Operon type: 144

	 A0A009GXL8	[38, 37, 36, 0, 35, 30, 104, 41, 40]

 ### Operon type: 145

	 A0A010JIW7	[38, 37, 36, 0, 35, 0, 0, 104, 41]

 ### Operon type: 146

	 A0A009MGR3	[0, 0, 64, 0, 379, 160, 6, 287, 286]

 ### Operon type: 147

	 A0A009Q4G0	[0, 65, 64, 0, 379, 0, 287, 286, 287]

 ### Operon type: 148

	 A0A009PUJ8	[0, 288, 0, 0, 0, 285, 104, 41, 40]

 ### Operon type: 149

	 A0A009QJA8	[41, 40, 0, 0, 0, 0, 0, 0, 0]

 ### Operon type: 150

	 A0A009PB53	[0, 0, 288, 0, 0, 287, 286, 287, 285]

 ### Operon type: 151

	 A0A013SNJ8	[451, 0, 0, 348, 347, 414, 355, 0, 0]
	 A0A010J9U3	[451, 0, 0, 348, 347, 414, 355, 0, 0]
	 A0A013RZW2	[451, 200, 0, 348, 347, 414, 355, 0, 0]
	 A0A009RD69	[451, 200, 0, 348, 347, 414, 355, 53, 0]
	 A0A009SIZ4	[451, 200, 0, 348, 347, 0, 355, 53, 0]

 ### Operon type: 152

	 A0A009PH20	[0, 0, 505, 348, 347, 414, 355, 0, 0]
	 A0A009IV03	[0, 0, 505, 348, 347, 0, 355, 0, 0]

 ### Operon type: 153

	 A0A009YIZ0	[451, 200, 505, 348, 347, 414, 355, 53, 52]

 ### Operon type: 154

	 A0A010J377	[205, 204, 487, 583, 203, 203, 202, 364, 201]
	 A0A009QA91	[205, 204, 487, 583, 203, 203, 202, 364, 201]

 ### Operon type: 155

	 A0A009QQC0	[0, 0, 42, 583, 203, 203, 0, 364, 201]
	 A0A009MVG4	[42, 0, 135, 583, 203, 203, 0, 364, 201]

 ### Operon type: 156

	 A0A009H7I0	[0, 0, 0, 583, 203, 203, 202, 364, 201]

 ### Operon type: 157

	 A0A009S1X4	[205, 204, 487, 583, 203, 203, 583, 0, 164]

 ### Operon type: 158

	 A0A013SHF4	[0, 0, 135, 583, 203, 203, 0, 209, 0]

 ### Operon type: 159

	 A0A009H7U0	[409, 596, 0, 407, 406, 345, 344, 0, 0]

 ### Operon type: 160

	 A0A010IMP8	[409, 0, 0, 407, 406, 345, 344, 0, 343]

 ### Operon type: 161

	 A0A013SZ54	[409, 0, 408, 407, 406, 0, 0, 0, 0]

 ### Operon type: 162

	 A0A009ZM43	[-1, 596, 408, 407, 406, 345, 344, 39, 343]

 ### Operon type: 163

	 A0A009YSC7	[0, 0, 258, 1, 0, 1, 123, 122, 0]

 ### Operon type: 164

	 A0A013RVV2	[405, 0, 123, 122, 0, 0, 0, 121, 0]

 ### Operon type: 165

	 A0A011Q5S3	[624, 623, 0, 0, 0, 0, 622, 621, 620]

 ### Operon type: 166

	 A0A011UZZ4	[0, 622, 621, 0, 0, 0, 166, 166, 620]

 ### Operon type: 167

	 A0A010YKP2	[0, 0, 0, 0, 0, 0, 700, 273, 0]

 ### Operon type: 168

	 A0A011V1A2	[165, 0, 0, 273, 0, 0, 0, 0, 0]

 ### Operon type: 169

	 A0A011Q2B1	[0, 0, 0, 0, 0, 552, 551, 550, 656]

 ### Operon type: 170

	 A0A011RLN8	[0, 0, 0, 485, 657, 552, 551, 550, 656]

 ### Operon type: 171

	 A0A011NGS0	[0, 0, 0, 0, 708, 707, 0, 0, 0]

 ### Operon type: 172

	 A0A011PW61	[0, 0, 0, 0, 708, 707, 0, 0, 548]

 ### Operon type: 173

	 A0A011UXI1	[0, 428, 0, 0, 708, 707, 159, 0, 0]

 ### Operon type: 174

	 A0A011SWI9	[-1, -1, 0, 489, 708, 707, 159, -1, -1]

 ### Operon type: 175

	 A0A011P952	[707, 0, 536, 0, 0, 536, 0, 0, 0]

 ### Operon type: 176

	 A0A011NSG8	[0, 0, 0, 572, 571, 570, 0, 571, 0]

 ### Operon type: 177

	 A0A011P0X4	[0, 0, 553, 0, 571, 0, 0, 570, 470]

 ### Operon type: 178

	 A0A009MJ75	[0, 0, 71, 78, 54, 0, 0, 0, 370]

 ### Operon type: 179

	 A0A010IH51	[0, 89, 0, 0, 54, 0, 370, 0, 0]

 ### Operon type: 180

	 A0A010YNY9	[0, 0, 272, 271, 0, 0, 0, 0, 270]

 ### Operon type: 181

	 A0A011AC71	[164, 0, 0, 105, 0, 272, 271, 0, 487]

 ### Operon type: 182

	 A0A011QLX0	[0, 610, 0, 0, 609, 0, 691, 690, 0]
	 A0A011PRW6	[610, 0, 0, 0, 609, 691, 690, 0, 0]

 ### Operon type: 183

	 A0A010SML6	[0, 691, 690, -1, 0, 611, 0, 0, 0]

 ### Operon type: 184

	 A0A009P817	[63, 0, 0, 0, 59, 0, 127, 58, 57]

 ### Operon type: 185

	 A0A009TIY0	[0, 0, 0, 0, 59, 0, 127, 58, 0]

 ### Operon type: 186

	 A0A009QKA3	[127, 58, 0, 57, 0, 0, 0, 0, 283]

 ### Operon type: 187

	 A0A009S854	[-1, 0, 0, 440, 439, 0, 0, 0, 436]

 ### Operon type: 188

	 A0A013RMD0	[-1, 0, 441, 0, 439, 493, 0, 0, 436]

 ### Operon type: 189

	 A0A009HFU9	[0, 21, 0, 0, 443, 527, 0, 0, 0]
	 A0A009R016	[0, 21, 0, 0, 443, -1, 527, 0, 0]

 ### Operon type: 190

	 A0A009HSR2	[0, 197, 196, 0, 195, 46, 194, 163, 45]

 ### Operon type: 191

	 A0A009SWM1	[0, 197, 196, 0, 195, 0, 0, 194, 0]

 ### Operon type: 192

	 A0A009MYX0	[33, 45, 0, 250, 0, 0, 194, 46, 47]

 ### Operon type: 193

	 A0A009QK79	[0, 0, 47, 46, 0, 194, 0, 0, 45]

 ### Operon type: 194

	 A0A009GXJ1	[230, 229, 46, 194, 115, 163, 45, 33, 0]

 ### Operon type: 195

	 A0A013TKW8	[0, 654, 0, 527, 386, 385, 384, 383, 382]
	 A0A010IT95	[0, 0, 0, 527, 386, 385, 384, 383, 382]
	 A0A009PRQ9	[0, 527, 167, 0, 386, 385, 384, 383, 382]
	 A0A009S0T6	[0, 0, 527, 167, 386, 385, 384, 383, 382]
	 A0A009QT77	[0, 0, -1, 527, 386, 385, 384, 383, 382]
	 A0A009GWD0	[163, 0, 0, 527, 386, 385, 384, 383, 382]
	 A0A009I5G9	[0, 0, 527, 167, 386, 385, 384, 383, 382]
	 A0A009MH36	[0, 0, 0, 527, 386, 385, 384, 383, 382]

 ### Operon type: 196

	 A0A013TMJ7	[616, -1, 0, 527, 386, 383, 382, 0, 0]

 ### Operon type: 197

	 A0A009I8I7	[362, 525, 524, 208, 523, 522, 0, 636, 10]
	 A0A009HJJ5	[362, 525, 524, 0, 523, 522, 0, 636, 10]

 ### Operon type: 198

	 A0A010JJN4	[0, 525, 524, 0, 523, 522, 0, 636, 521]
	 A0A013TPR7	[362, 525, 524, 0, 523, 522, 0, 636, 521]
	 A0A009RMI1	[0, 525, 524, 0, 523, 522, 0, 636, 0]
	 A0A009PMT3	[362, 525, 524, 0, 523, 522, 207, 636, 521]
	 A0A009YG45	[0, 362, 525, 524, 523, 0, 522, 207, 636]

 ### Operon type: 199

	 A0A009SEP4	[362, 525, 524, 208, 523, 0, 522, 207, 0]

 ### Operon type: 200

	 A0A009NI48	[362, 525, 524, 0, 523, 0, 0, 0, -1]

 ### Operon type: 201

	 A0A011VU44	[0, 0, 0, 0, 0, 464, 0, 0, 0]
	 A0A011WLE7	[0, 0, 0, 0, 0, 464, 0, 0, 0]

 ### Operon type: 202

	 A0A011VAP2	[0, 0, 109, 0, 0, 0, 0, 0, 318]

 ### Operon type: 203

	 A0A011VRJ8	[0, 0, 0, 0, 0, 0, 109, 0, 0]

 ### Operon type: 204

	 A0A011RNU1	[0, 0, 0, 0, 0, 0, 248, 248, 247]

 ### Operon type: 205

	 A0A011VKJ9	[0, 0, 0, 0, 0, 0, 247, 248, -1]

 ### Operon type: 206

	 A0A011V490	[0, 257, 0, 0, 0, 0, 0, 0, 0]
	 A0A011WT35	[257, 0, 0, 0, 0, 0, 0, 0, 0]

 ### Operon type: 207

	 A0A009T185	[669, 0, 476, 476, 341, 668, 476, 340, 701]

 ### Operon type: 208

	 A0A010IN36	[342, 616, 0, 0, 341, 668, 476, 340, 701]

 ### Operon type: 209

	 A0A009PG43	[668, 476, 277, 671, 0, 340, 701, 0, 0]

 ### Operon type: 210

	 A0A011PQZ7	[0, 0, 0, 475, 544, 0, 474, 0, 0]

 ### Operon type: 211

	 A0A011TUX4	[0, 0, 0, 0, 544, 0, 0, 474, 0]

 ### Operon type: 212

	 A0A011STZ9	[0, 0, 0, 474, 0, 0, 0, 0, 0]

 ### Operon type: 213

	 A0A011PUJ9	[0, 0, 0, 0, 0, 0, 0, 0, 593]
	 A0A011PRF5	[593, 0, 0, 0, 0, 0, 0, 0, 0]

 ### Operon type: 214

	 A0A011PFY8	[0, 0, 0, 0, 0, 0, 0, 0, 564]

 ### Operon type: 215

	 A0A011PNS3	[671, 564, 0, 0, 0, 0, 0, 0, 0]

 ### Operon type: 216

	 A0A011T648	[0, 564, 0, 0, 0, 0, 0, 668, 0]

 ### Operon type: 217

	 A0A011AEN3	[0, 0, 0, 0, 0, 0, 596, 0, 0]
	 A0A011U3C2	[0, 0, 596, 0, 0, 0, 0, 0, 0]

 ### Operon type: 218

	 A0A011AAZ2	[0, 469, 0, 0, 0, 596, 596, 596, 0]

 ### Operon type: 219

	 A0A011T698	[0, 0, 0, 0, 0, 487, 596, 0, 0]

 ### Operon type: 220

	 A0A009SNL0	[211, 210, 0, 0, 0, 0, 0, 0, 0]

 ### Operon type: 221

	 A0A009ZZC8	[-1, 210, 211, 0, 0, 0, 0, 0, 0]

 ### Operon type: 222

	 A0A009ZG48	[0, 0, 0, 654, 0, 0, 0, 0, 0]

 ### Operon type: 223

	 A0A011PEJ8	[0, 0, 655, 654, 0, 0, 0, 0, 0]

 ### Operon type: 224

	 A0A011QNJ7	[713, 0, 0, 654, 0, 0, 0, 713, 0]

 ### Operon type: 225

	 A0A011MMJ4	[0, 0, 0, 0, 0, 0, 0, 713, 0]

 ### Operon type: 226

	 A0A011R8M3	[0, 0, 655, 654, 0, 158, 0, 713, 0]

 ### Operon type: 227

	 A0A009TJ77	[0, 199, 0, 0, 0, 0, 0, 0, 0]

 ### Operon type: 228

	 A0A010RTE7	[0, 0, 0, 0, 0, 0, 91, 199, 0]

 ### Operon type: 229

	 A0A013TPQ9	[369, 368, 367, 366, 365, 583, 616, 364, 363]
	 A0A009SZ84	[369, 368, 367, 366, 365, 583, 616, 364, 363]
	 A0A009PMU2	[369, 368, 367, -1, 365, 583, 616, 364, 363]
	 A0A013S8F0	[369, 368, 367, 366, 365, 583, 616, 364, 363]

 ### Operon type: 230

	 A0A009IG48	[0, 0, 0, 193, 79, 0, 0, 0, 611]

 ### Operon type: 231

	 A0A009IMQ0	[0, 0, 0, 193, 79, 0, 0, 0, 0]

 ### Operon type: 232

	 A0A009SWV1	[0, 0, 0, 0, 0, 0, 0, 193, 0]

 ### Operon type: 233

	 A0A011TAW2	[0, 0, 0, 0, 0, 0, 418, 0, 0]
	 A0A009SFX8	[418, 0, 0, 0, 0, 0, 0, 0, 0]

 ### Operon type: 234

	 A0A011TZN1	[0, 0, 0, 0, 220, 0, 0, 0, 0]
	 A0A009RHH9	[0, 0, 0, 0, 220, 0, 0, 0, 0]

 ### Operon type: 235

	 A0A009PMZ9	[168, 0, 0, 0, 0, 0, 0, 0, 0]
	 A0A009Q512	[0, 0, 0, 0, 168, 0, 0, 0, 0]

 ### Operon type: 236

	 A0A009IFL2	[0, 294, 0, 9, -1, 0, 0, 0]

 ### Operon type: 237

	 A0A009ZDS1	[-1, -1, 0, 294, 0, 0, 519, 0, 0]

 ### Operon type: 238

	 A0A010IZH1	[-1, 368, 367, 366, 365, 583, 0, 0, 0]
	 A0A009NPS1	[0, 368, 367, 366, 365, -1, 0, 0, 0]
	 A0A009HJM0	[0, 368, 367, 366, 365, 583, 0, 0, 0]

 ### Operon type: 239

	 A0A009HUS9	[368, 367, 0, 0, 0, 0, -1, 0, 0]

 ### Operon type: 240

	 A0A009HM15	[0, 170, 169, 0, 0, 0, -1, 0, 0]

 ### Operon type: 241

	 A0A009RQL5	[0, 0, 0, 0, 0, 0, 170, 169, 0]

 ### Operon type: 242

	 A0A009IJ01	[0, 0, 0, 0, 0, 0, 170, 169, 72]

 ### Operon type: 243

	 A0A009NCH6	[0, 0, 0, 0, 0, 0, 0, 169, 72]

 ### Operon type: 244

	 A0A011UB51	[243, 0, 0, 0, 0, 0, 0, 0, 0]
	 A0A011UFH1	[0, 0, 0, 0, 0, 243, 0, 0, 0]

 ### Operon type: 245

	 A0A011V965	[0, -1, -1, 0, 110, 0, -1, -1, 0]
	 A0A011VHP2	[0, -1, -1, -1, 110, 0, 0, 0, 0]

 ### Operon type: 246

	 A0A010RVD0	[-1, 0, 0, -1, 0, 643, 643, 0, 34]

 ### Operon type: 247

	 A0A010T7Q5	[0, 34, 0, 0, 0, 0, -1, 0, 0]

 ### Operon type: 248

	 A0A010SRR2	[0, 0, -1, 0, 0, 0, 0, 0, 616]
	 A0A010SNM6	[0, 0, -1, 0, 0, 0, 616, 0, 0]

 ### Operon type: 249

	 A0A010SJH7	[0, 0, 616, -1, 0, 0, 202, 0, 0]

 ### Operon type: 250

	 A0A010RKP8	[0, 0, 0, 0, 0, 0, -1, 0, 0]
	 A0A009PH57	[0, 0, -1, 0, 0, 0, 0, 0, 0]
	 A0A011U7M7	[0, 0, -1, 0, 0, 0, 0, 0, 0]
	 A0A010JDA6	[-1, 0, 0, 0, 0, 0, 0, 0, 0]
	 A0A011V107	[0, -1, 0, 0, 0, 0, 0, 0, 0]
	 A0A009RG92	[-1, 0, 0, 0, 0, 0, 0, 0, 0]
	 A0A009QDV7	[-1, 0, 0, 0, 0, 0, 0, 0, 0]
	 A0A009IHQ3	[-1, 0, 0, 0, 0, 0, 0, 0, 0]
	 A0A009N9Z1	[-1, 0, 0, 0, 0, 0, 0, 0, 0]
	 A0A010RY47	[-1, 0, -1, 0, 0, 0, 0, 0, 0]
	 A0A011UZ32	[0, 0, 0, 0, 0, -1, 0, 0, 0]
	 A0A011UZ49	[0, -1, 0, 0, 0, 0, 0, 0, 0]
	 A0A009HJU6	[0, 0, 0, 0, 0, 0, 0, 0, -1]
	 A0A010TF14	[-1, 0, 0, 0, 0, 0, 0, 0, 0]
	 A0A009H6M2	[-1, 0, 0, 0, 0, 0, 0, 0, 0]
	 A0A009TG92	[0, 0, -1, 0, 0, 0, 0, 0, 0]

 ### Operon type: 251

	 A0A010SJF9	[0, 0, 0, 0, 0, -1, 0, 182, -1]

 ### Operon type: 252

	 A0A010T5D8	[0, 0, 0, -1, 0, -1, 355, 0, 0]

 ### Operon type: 253

	 A0A011ML54	[0, 0, 0, 715, 0, 0, 0, 0, -1]

 ### Operon type: 254

	 A0A011NHY1	[0, 0, 0, 0, 0, 616, 0, 0, 0]

 ### Operon type: 255

	 A0A010Z171	[0, 0, 0, 0, 0, 0, 616, 0, 250]

 ### Operon type: 256

	 A0A010ZX98	[0, 0, 0, 0, 0, 14, 616, 616, 0]

 ### Operon type: 257

	 A0A010YRE8	[0, 0, 0, 0, 0, 0, 0, 14, 0]

 ### Operon type: 258

	 A0A011AF05	[0, 0, 164, 14, 0, 0, 0, 0, 0]

 ### Operon type: 259

	 A0A011SQL0	[488, 0, -1, 0, 0, 0, 0, 0, 0]

 ### Operon type: 260

	 A0A009ZC82	[0, 0, 488, 0, 0, 0, 0, 0, 0]

 ### Operon type: 261

	 A0A011P3F6	[611, 0, 0, 488, 0, 0, 0, 0, 0]

 ### Operon type: 262

	 A0A011T697	[616, 0, 0, 0, 0, 0, 0, 0, 127]

 ### Operon type: 263

	 A0A011TDD1	[0, 138, 616, 0, 0, 0, 0, 0, 0]

 ### Operon type: 264

	 A0A011VW24	[0, 0, 673, 0, 0, 0, 0, 0, -1]

 ### Operon type: 265

	 A0A011T8V3	[0, 0, 673, 0, 0, 0, 0, 0, 0]

 ### Operon type: 266

	 A0A010TH98	[548, 0, 0, 673, 0, 0, 0, 0, 0]

 ### Operon type: 267

	 A0A011QVR3	[0, 0, 0, 0, 0, 0, 0, 674, 673]

 ### Operon type: 268

	 A0A011RM25	[0, 0, 0, 0, 0, 673, 0, 249, 0]

 ### Operon type: 269

	 A0A011VXC2	[-1, 245, 0, 0, 0, 0, 0, 0, 0]

 ### Operon type: 270

	 A0A011VYF1	[673, 0, 0, 0, 0, 0, 243, 0, 0]

 ### Operon type: 271

	 A0A010S415	[-1, 673, 0, 201, 0, 0, 0, 0, 508]

 ### Operon type: 272

	 A0A011PBM9	[0, 0, 0, 0, 0, 0, 0, 0, 0]
	 A0A011QSN2	[0, 0, 0, 0, 0, 0, 0, 0, 0]
	 A0A011QVV5	[0, 0, 0, 0, 0, 0, 0, 0, 0]
	 A0A011NMI8	[0, 0, 0, 0, 0, 0, 0, 0, 0]
	 A0A011QMJ8	[0, 0, 0, 0, 0, 0, 0, 0, 0]
	 A0A011NTU3	[0, 0, 0, 0, 0, 0, 0, 0, 0]
	 A0A011Q1B3	[0, 0, 0, 0, 0, 0, 0, 0, 0]
	 A0A011Q056	[0, 0, 0, 0, 0, 0, 0, 0, 0]
	 A0A011P9Z5	[0, 0, 0, 0, 0, 0, 0, 0, 0]
	 A0A011PKU5	[0, 0, 0, 0, 0, 0, 0, 0, 0]
	 A0A011PJK8	[0, 0, 0, 0, 0, 0, 0, 0, 0]
	 A0A011PNN2	[0, 0, 0, 0, 0, 0, 0, 0, 0]
	 A0A011P4U7	[0, 0, 0, 0, 0, 0, 0, 0, 0]
	 A0A010ZTI3	[0, 0, 0, 0, 0, 0, 0, 0, 0]
	 A0A011VSC9	[0, 0, 0, 0, 0, 0, 0, 0, 0]
	 A0A011VUV0	[0, 0, 0, 0, 0, 0, 0, 0, 0]
	 A0A011SGD5	[0, 0, 0, 0, 0, 0, 0, 0, 0]
	 A0A013TEV4	[0, 0, 0, 0, 0, 0, 0, 0, 0]
	 A0A013T8M5	[0, 0, 0, 0, 0, 0, 0, 0, 0]
	 A0A013TPV4	[0, 0, 0, 0, 0, 0, 0, 0, 0]
	 A0A010IPH1	[0, 0, 0, 0, 0, 0, 0, 0, 0]
	 A0A009PG53	[0, 0, 0, 0, 0, 0, 0, 0, 0]
	 A0A011WSE5	[0, 0, 0, 0, 0, 0, 0, 0, 0]
	 A0A009PDV4	[0, 0, 0, 0, 0, 0, 0, 0, 0]
	 A0A010YJA7	[0, 0, 0, 0, 0, 0, 0, 0, 0]
	 A0A011WKI4	[0, 0, 0, 0, 0, 0, 0, 0, 0]
	 A0A010IZE4	[0, 0, 0, 0, 0, 0, 0, 0, 0]
	 A0A011NAJ1	[0, 0, 0, 0, 0, 0, 0, 0, 0]
	 A0A011NAY5	[0, 0, 0, 0, 0, 0, 0, 0, 0]
	 A0A011NDM5	[0, 0, 0, 0, 0, 0, 0, 0, 0]
	 A0A011VZG0	[0, 0, 0, 0, 0, 0, 0, 0, 0]
	 A0A011VW71	[0, 0, 0, 0, 0, 0, 0, 0, 0]
	 A0A010ZJQ6	[0, 0, 0, 0, 0, 0, 0, 0, 0]
	 A0A011VYF6	[0, 0, 0, 0, 0, 0, 0, 0, 0]
	 A0A009T1I8	[0, 0, 0, 0, 0, 0, 0, 0, 0]
	 A0A011UBN9	[0, 0, 0, 0, 0, 0, 0, 0, 0]
	 A0A011UHL2	[0, 0, 0, 0, 0, 0, 0, 0, 0]
	 A0A011N2Z0	[0, 0, 0, 0, 0, 0, 0, 0, 0]
	 A0A011N3C3	[0, 0, 0, 0, 0, 0, 0, 0, 0]
	 A0A011N4G4	[0, 0, 0, 0, 0, 0, 0, 0, 0]
	 A0A009M4K0	[0, 0, 0, 0, 0, 0, 0, 0, 0]
	 A0A009MGJ1	[0, 0, 0, 0, 0, 0, 0, 0, 0]
	 A0A009MGQ8	[0, 0, 0, 0, 0, 0, 0, 0, 0]
	 A0A009SWU0	[0, 0, 0, 0, 0, 0, 0, 0, 0]
	 A0A009SCM5	[0, 0, 0, 0, 0, 0, 0, 0, 0]
	 A0A009RHH7	[0, 0, 0, 0, 0, 0, 0, 0, 0]
	 A0A009RMD0	[0, 0, 0, 0, 0, 0, 0, 0, 0]
	 A0A011TWN2	[0, 0, 0, 0, 0, 0, 0, 0, 0]
	 A0A011UFM5	[0, 0, 0, 0, 0, 0, 0, 0, 0]
	 A0A011UG71	[0, 0, 0, 0, 0, 0, 0, 0, 0]
	 A0A011UGX8	[0, 0, 0, 0, 0, 0, 0, 0, 0]
	 A0A009RR21	[0, 0, 0, 0, 0, 0, 0, 0, 0]
	 A0A013SBR8	[0, 0, 0, 0, 0, 0, 0, 0, 0]
	 A0A011VWR4	[0, 0, 0, 0, 0, 0, 0, 0, 0]
	 A0A011TLH0	[0, 0, 0, 0, 0, 0, 0, 0, 0]
	 A0A013S2B9	[0, 0, 0, 0, 0, 0, 0, 0, 0]
	 A0A013SL47	[0, 0, 0, 0, 0, 0, 0, 0, 0]
	 A0A011WUT3	[0, 0, 0, 0, 0, 0, 0, 0, 0]
	 A0A011V8Y9	[0, 0, 0, 0, 0, 0, 0, 0, 0]
	 A0A011VMV7	[0, 0, 0, 0, 0, 0, 0, 0, 0]
	 A0A011VNE2	[0, 0, 0, 0, 0, 0, 0, 0, 0]
	 A0A011TAF9	[0, 0, 0, 0, 0, 0, 0, 0, 0]
	 A0A009HBT3	[0, 0, 0, 0, 0, 0, 0, 0, 0]
	 A0A009PAG1	[0, 0, 0, 0, 0, 0, 0, 0, 0]
	 A0A009IRJ6	[0, 0, 0, 0, 0, 0, 0, 0, 0]
	 A0A010SHY1	[0, 0, 0, 0, 0, 0, 0, 0, 0]
	 A0A009I463	[0, 0, 0, 0, 0, 0, 0, 0, 0]
	 A0A010SSQ8	[0, 0, 0, 0, 0, 0, 0, 0, 0]
	 A0A009PT82	[0, 0, 0, 0, 0, 0, 0, 0, 0]
	 A0A009NQA1	[0, 0, 0, 0, 0, 0, 0, 0, 0]
	 A0A009RBQ2	[0, 0, 0, 0, 0, 0, 0, 0, 0]
	 A0A009QVK8	[0, 0, 0, 0, 0, 0, 0, 0, 0]
	 A0A009QQ47	[0, 0, 0, 0, 0, 0, 0, 0, 0]
	 A0A009MH90	[0, 0, 0, 0, 0, 0, 0, 0, 0]
	 A0A009Q3K7	[0, 0, 0, 0, 0, 0, 0, 0, 0]
	 A0A010SPJ7	[0, 0, 0, 0, 0, 0, 0, 0, 0]
	 A0A009N031	[0, 0, 0, 0, 0, 0, 0, 0, 0]
	 A0A009N123	[0, 0, 0, 0, 0, 0, 0, 0, 0]
	 A0A009MMM3	[0, 0, 0, 0, 0, 0, 0, 0, 0]
	 A0A009SHB3	[0, 0, 0, 0, 0, 0, 0, 0, 0]
	 A0A009SIF9	[0, 0, 0, 0, 0, 0, 0, 0, 0]
	 A0A009HTN9	[0, 0, 0, 0, 0, 0, 0, 0, 0]
	 A0A009HIL8	[0, 0, 0, 0, 0, 0, 0, 0, 0]
	 A0A009I0I9	[0, 0, 0, 0, 0, 0, 0, 0, 0]
	 A0A011UTJ0	[0, 0, 0, 0, 0, 0, 0, 0, 0]
	 A0A009ISY0	[0, 0, 0, 0, 0, 0, 0, 0, 0]
	 A0A011UWH1	[0, 0, 0, 0, 0, 0, 0, 0, 0]
	 A0A009HL81	[0, 0, 0, 0, 0, 0, 0, 0, 0]
	 A0A009R2X0	[0, 0, 0, 0, 0, 0, 0, 0, 0]
	 A0A009R4N4	[0, 0, 0, 0, 0, 0, 0, 0, 0]
	 A0A010T025	[0, 0, 0, 0, 0, 0, 0, 0, 0]
	 A0A011AIL7	[0, 0, 0, 0, 0, 0, 0, 0, 0]
	 A0A011A146	[0, 0, 0, 0, 0, 0, 0, 0, 0]
	 A0A010YZS8	[0, 0, 0, 0, 0, 0, 0, 0, 0]
	 A0A010Z120	[0, 0, 0, 0, 0, 0, 0, 0, 0]
	 A0A009T3J5	[0, 0, 0, 0, 0, 0, 0, 0, 0]

 ### Operon type: 273

	 A0A010TG27	[710, 0, 100, 0, 0, 0, 583, 0, 0]

 ### Operon type: 274

	 A0A011PMK1	[0, 0, 0, 0, 0, 0, 0, 710, 0]

 ### Operon type: 275

	 A0A009HRU1	[0, 46, 0, 0, 0, 0, 0, 0, 0]

 ### Operon type: 276

	 A0A009HSN8	[0, 65, 0, 0, 0, -1, 0, 285, -1]

 ### Operon type: 277

	 A0A009HV82	[104, 0, 0, 0, 0, 0, 0, 0, 0]

 ### Operon type: 278

	 A0A009IG74	[0, 0, 78, 0, 414, -1, 0, 0, 0]

 ### Operon type: 279

	 A0A009IJ90	[0, 73, 0, 0, 0, 0, 0, 0, 0]

 ### Operon type: 280

	 A0A009ISE1	[522, 0, 636, 0, 0, -1, 0, 0, 0]

 ### Operon type: 281

	 A0A009NM94	[0, 454, 454, 0, 0, 0, 138, 0, 0]

 ### Operon type: 282

	 A0A009Q4N5	[0, 0, 63, 0, 0, 0, 0, 0, 0]

 ### Operon type: 283

	 A0A009SSZ9	[0, 198, 0, 0, 0, 0, 0, 0, 0]

 ### Operon type: 284

	 A0A009TBM2	[0, 0, 0, 0, 0, 0, 0, 0, 410]

 ### Operon type: 285

	 A0A009Q8S9	[0, 0, 611, 410, 0, 87, 0, 0, 0]

 ### Operon type: 286

	 A0A009YIH1	[0, 0, 0, 0, 176, 0, -1, -1, 2]

 ### Operon type: 287

	 A0A009YR05	[0, 0, 0, 0, 16, 0, 0, 0, 0]

 ### Operon type: 288

	 A0A009Z004	[242, 0, 242, 0, 0, 250, 0, 0, 0]

 ### Operon type: 289

	 A0A010IGH8	[0, 0, 0, 0, 0, 0, 0, 121, 0]

 ### Operon type: 290

	 A0A010JIN9	[517, 0, 0, 199, 215, 0, 0, 0, 0]

 ### Operon type: 291

	 A0A010RS09	[0, 0, 0, 0, 91, 0, 714, 714, 0]

 ### Operon type: 292

	 A0A010RUQ5	[0, 0, 0, 0, 0, 0, 0, 0, 317]

 ### Operon type: 293

	 A0A010S195	[488, 0, 32, 114, 0, 0, 0, 0, 0]

 ### Operon type: 294

	 A0A010SCZ2	[0, 0, 0, 0, 0, 0, 0, 309, 0]

 ### Operon type: 295

	 A0A010SN41	[0, 0, 0, 0, 426, 0, 0, 0, 0]

 ### Operon type: 296

	 A0A010SSU2	[0, 0, 0, 0, 115, 0, -1, 537, 0]

 ### Operon type: 297

	 A0A010SUP6	[0, 0, 0, 0, 0, 0, 0, 114, 0]

 ### Operon type: 298

	 A0A010SUY9	[0, 0, 0, 0, 0, 158, 655, 0]

 ### Operon type: 299

	 A0A010THK2	[0, 0, -1, 0, 0, 714, 250, 0, 0]

 ### Operon type: 300

	 A0A010SRL4	[100, 0, 0, -1, 0, 0, 0, 250, 83]

 ### Operon type: 301

	 A0A010YF95	[620, 0, 0, 0, 0, 0, 0, 0, 0]

 ### Operon type: 302

	 A0A010YT39	[0, 709, 0, 0, 0, 0, 0, 0, 0]

 ### Operon type: 303

	 A0A010YX61	[152, 596, 0, 673, 0, 0, 0, 0, 0]

 ### Operon type: 304

	 A0A010ZWJ8	[0, 0, 0, 0, 0, 540, 0, 0, 0]

 ### Operon type: 305

	 A0A009ZVR4	[459, 0, 596, 0, 0, 27, 0, 0, 0]

 ### Operon type: 306

	 A0A011AHW1	[0, 0, 0, 0, 0, 0, 0, 5, 0]

 ### Operon type: 307

	 A0A011NE37	[408, 0, 0, 0, 0, 0, 0, 0, 0]

 ### Operon type: 308

	 A0A011NF78	[0, 0, 650, 0, 0, 0, 0, 0, 0]

 ### Operon type: 309

	 A0A011NVE2	[0, 0, 0, 668, 0, 0, 616, 0, 568]

 ### Operon type: 310

	 A0A011NXJ4	[0, 0, 0, 0, 0, 0, 0, 0, 693]

 ### Operon type: 311

	 A0A011P8I1	[0, 0, 594, 596, 0, 0, 0, 0, 540]

 ### Operon type: 312

	 A0A011P9Q7	[535, 0, 0, 0, 0, 0, 0, 0, 0]

 ### Operon type: 313

	 A0A011PCT1	[0, 0, 0, 0, 0, 0, 0, 656, 0]

 ### Operon type: 314

	 A0A011PJ75	[0, 668, 476, 668, 0, 0, 0, 0, 0]

 ### Operon type: 315

	 A0A011PRB4	[0, 0, 0, 0, 0, 0, 0, 473, 0]

 ### Operon type: 316

	 A0A011Q5V7	[619, 0, 0, 0, 0, 0, 0, 0, 0]

 ### Operon type: 317

	 A0A011QU35	[0, 0, 0, 0, 683, 0, 0, 0, 0]

 ### Operon type: 318

	 A0A011QVT2	[672, 0, 0, 0, 0, 0, 0, 671, 0]

 ### Operon type: 319

	 A0A011RP14	[0, 0, 0, 0, 0, 0, 0, 461, 0]

 ### Operon type: 320

	 A0A011SM49	[616, 0, 461, 0, 0, 0, 117, 0, 0]

 ### Operon type: 321

	 A0A011AM27	[474, 0, 0, 0, 523, 0, 0, 0, 319]

 ### Operon type: 322

	 A0A011T607	[0, 0, 592, 0, 0, 0, 0, 0, 138]

 ### Operon type: 323

	 A0A010S5W8	[0, 0, 219, 592, 0, 0, 0, 0, 0]

 ### Operon type: 324

	 A0A011MSR2	[0, 0, 0, 219, 0, 0, 0, 534, 0]

 ### Operon type: 325

	 A0A010YYJ5	[0, 0, 0, 534, 0, 0, 0, 27, 27]

 ### Operon type: 326

	 A0A011TED9	[0, 0, 0, 0, 0, 136, 0, 0, 0]

 ### Operon type: 327

	 A0A011TXS5	[0, 116, 0, 0, 0, 0, 0, 0, 0]

 ### Operon type: 328

	 A0A011U144	[0, 317, 0, 0, 0, 0, 693, 432, 0]

 ### Operon type: 329

	 A0A011U1C8	[487, 0, 0, 0, 0, 0, 0, 0, 316]

 ### Operon type: 330

	 A0A011U483	[0, 0, 0, 0, 0, 486, 0, 0, 0]

 ### Operon type: 331

	 A0A011UDF3	[0, 0, 0, 0, 0, 231, 0, 0, 0]

 ### Operon type: 332

	 A0A011UG86	[0, 572, 0, 0, 0, 182, 0, 0, 0]

 ### Operon type: 333

	 A0A011UGY3	[0, 0, 0, 103, 0, 0, 0, 103, 0]

 ### Operon type: 334

	 A0A011UJN3	[0, 340, 0, 0, 0, 0, 0, 0, 0]

 ### Operon type: 335

	 A0A009INE0	[342, 0, 0, 0, 0, 0, 0, 476, 340]

 ### Operon type: 336

	 A0A011UQB5	[453, 259, 0, 0, 0, 0, 0, 243, 0]

 ### Operon type: 337

	 A0A011UVI5	[0, 0, 0, 0, 0, 270, 668, 668, 0]

 ### Operon type: 338

	 A0A011UWI3	[0, 0, 0, 0, 61, 0, 7, 488, 0]

 ### Operon type: 339

	 A0A011V5E6	[0, 0, 0, 0, 0, 131, 0, 0, 0]

 ### Operon type: 340

	 A0A011M4H6	[318, 0, 373, 0, 0, 0, 0, 0, 0]

 ### Operon type: 341

	 A0A011VSV3	[0, 0, 0, 0, 0, 0, 599, 0, 0]

 ### Operon type: 342

	 A0A011VWI0	[0, 0, 0, 0, 0, 256, 0, 0, 0]

 ### Operon type: 343

	 A0A011VZ91	[151, 0, 0, 0, 0, 0, 0, 0, 0]

 ### Operon type: 344

	 A0A011W213	[0, 0, 0, 0, 0, 569, 0, 0, 0]

 ### Operon type: 345

	 A0A011WP76	[0, 0, 0, 0, 0, 0, 0, 0, 676]

 ### Operon type: 346

	 A0A011WSD4	[0, 0, 0, -1, 0, 534, 0, 0, 257]

 ### Operon type: 347

	 A0A011VZF5	[0, 0, 150, 149, 0, 534, 257, 534, 0]

 ### Operon type: 348

	 A0A011WSU6	[0, 534, 0, 0, 427, 0, 0, 0, 0]

 ### Operon type: 349

	 A0A013S843	[0, 364, 0, 0, 0, 0, -1, 130, 0]

 ### Operon type: 350

	 A0A013S981	[235, 0, 0, 0, 0, 0, 0, 0, 0]

 ### Operon type: 351

	 A0A013T337	[0, 0, 0, 0, 0, 0, 0, 0, 392]

 ### Operon type: 352

	 A0A013T5E6	[0, 0, 0, 379, 0, 0, 0, 0, 0]

 ### Operon type: 353

	 A0A010KAV2	[361, 0, 0, 233, 360, 555, 359, 487, 358]
	 A0A009RQH3	[361, 0, 0, 233, 360, 555, 359, 487, 358]
	 A0A013SGL3	[361, 153, 152, 233, 360, 555, 359, 487, 358]
	 A0A009I5Z6	[361, 0, 152, 233, 360, 555, 359, 487, 358]
	 A0A009NE81	[361, 153, 152, 233, 360, 555, 359, 487, 358]

 ### Operon type: 354

	 A0A013TB41	[361, -1, 0, 0, 360, 555, 359, 487, 358]

 ### Operon type: 355

	 A0A009H3X4	[361, 0, 0, 0, 360, 555, -1, 714, -1]

 ### Operon type: 356

	 A0A009YL68	[0, 0, 487, 361, 360, 0, 0, 295, 0]

 ### Operon type: 357

	 A0A009T9H0	[0, 2, 611, -1, 0, 0, 194, 0, 46]

 ### Operon type: 358

	 A0A010THH5	[0, 251, 294, 270, 0, 0, 520, 0, 519]

 ### Operon type: 359

	 A0A011WSH8	[0, 0, 0, 583, 306, 0, 0, 0, 0]
	 A0A011VZE3	[0, 0, 0, 583, 306, 0, 0, 0, 0]

 ### Operon type: 360

	 A0A011NAF3	[0, 0, 0, 0, 0, 0, 583, 0, 718]

 ### Operon type: 361

	 A0A009IQ93	[232, 0, 583, 0, 0, 83, 0, 0, 0]

 ### Operon type: 362

	 A0A009TLU4	[0, 116, -1, 8, 0, 68, 0, -1, -1]

 ### Operon type: 363

	 A0A010JNG7	[527, 0, 0, 526, 0, 0, 0, 0, 0]

 ### Operon type: 364

	 A0A010S003	[558, 0, 0, 0, 0, 572, 572, 69, 0]

 ### Operon type: 365

	 A0A010SMN8	[0, -1, 272, 0, 492, 0, 0, 562, 0]

 ### Operon type: 366

	 A0A010SXS1	[0, 277, 0, 0, 0, 113, 0, 0, 671]

 ### Operon type: 367

	 A0A010T689	[319, -1, 520, 255, 0, 0, 0, 0, 0]

 ### Operon type: 368

	 A0A010TBB4	[0, 437, 0, 182, 0, 0, 0, 0, 487]

 ### Operon type: 369

	 A0A010YFK3	[0, 274, 0, 0, 0, 0, 462, 0, 316]

 ### Operon type: 370

	 A0A010YVY1	[13, 0, 13, 0, 0, 0, 0, 69, 0]

 ### Operon type: 371

	 A0A010Z7T4	[0, 0, 0, 0, 0, 0, 0, 370, 475]

 ### Operon type: 372

	 A0A010RRR9	[0, 0, 0, 0, 588, 0, 0, 371, 370]

 ### Operon type: 373

	 A0A010SIA7	[0, 0, 371, 96, 0, 0, 0, 0, 0]

 ### Operon type: 374

	 A0A010ZSZ2	[0, 469, 0, 468, 467, 0, 0, 0, 0]

 ### Operon type: 375

	 A0A010Z0Y7	[0, 0, 0, 0, 467, 201, 0, 0, 0]

 ### Operon type: 376

	 A0A010ZUR7	[311, 4, 0, 4, 0, 5, 69, 0, 0]

 ### Operon type: 377

	 A0A011A0M8	[0, 0, 250, 0, 9, 0, 0, 3, 3]

 ### Operon type: 378

	 A0A011NFL4	[0, 712, 0, 0, 711, 710, 0, 709, 0]

 ### Operon type: 379

	 A0A011P407	[0, 0, 538, 541, 0, 0, 487, 0, 486]

 ### Operon type: 380

	 A0A011QGT2	[583, 0, 0, 582, 581, 0, 0, 0, 0]

 ### Operon type: 381

	 A0A011QSA4	[653, 0, 652, 651, 0, 0, 0, 0, 650]

 ### Operon type: 382

	 A0A011T6J6	[0, 619, 0, 596, 0, 0, 126, 0, 125]

 ### Operon type: 383

	 A0A011TAL2	[0, 592, 0, 0, 0, 105, 0, 700, 0]

 ### Operon type: 384

	 A0A011TYT7	[0, 0, 0, 0, 0, 0, 89, 88, 88]

 ### Operon type: 385

	 A0A011TZG0	[250, 617, 0, 0, 0, 0, 0, 387, 0]

 ### Operon type: 386

	 A0A011Q6N5	[0, 0, 0, 0, 0, 0, 618, 617, 618]

 ### Operon type: 387

	 A0A011UII7	[0, 0, 0, 0, 0, 568, 252, 0, 0]

 ### Operon type: 388

	 A0A011UNT9	[87, 119, 0, 0, 0, 0, 0, 0, 0]

 ### Operon type: 389

	 A0A011SIS0	[0, 627, 120, 120, 0, 0, 0, 119, 0]

 ### Operon type: 390

	 A0A011UT49	[0, 469, 0, 0, 0, 0, 277, 107, 0]

 ### Operon type: 391

	 A0A011VU65	[463, 0, 0, 0, 0, 462, 0, 0, 0]

 ### Operon type: 392

	 A0A011VV03	[0, 311, 0, 0, 310, 318, 0, 0, 0]

 ### Operon type: 393

	 A0A011VVZ9	[0, 0, -1, 0, 0, 309, 308, 308, 307]

 ### Operon type: 394

	 A0A011VWX7	[671, 246, 0, 0, 0, 0, 0, 452, 0]

 ### Operon type: 395

	 A0A011VXK7	[454, 454, 0, 345, 0, 0, 0, 621, 0]

 ### Operon type: 396

	 A0A011W0I6	[276, 0, 0, 0, 0, 217, 0, 715, 0]

 ### Operon type: 397

	 A0A010YEF6	[0, 276, 0, 0, 0, 0, 0, 0, 275]

 ### Operon type: 398

	 A0A013SQH1	[0, 0, 0, 0, 426, 429, 0, 527, 425]

 ### Operon type: 399

	 A0A009LNU8	[419, 421, 422, 423, 0, 8, 0, 527, 0]

 ### Operon type: 400

	 A0A013SRG6	[424, 423, 422, 421, 0, 420, 0, 419, 615]

 ### Operon type: 401

	 A0A009IQU8	[0, 421, 0, 0, 0, 420, 615, 0, 0]

 ### Operon type: 402

	 A0A010K2K8	[422, 423, 424, 0, 0, 0, 0, -1, 527]

 ### Operon type: 403

	 A0A011NPR8	[0, 615, 0, 0, 0, 0, 614, 0, 0]

 ### Operon type: 404

	 A0A010SEA2	[623, 614, 251, 0, 0, 0, 0, 0, 0]

 ### Operon type: 405

	 A0A009ZIC0	[443, 442, 441, 440, 439, 493, 438, 437, 436]

 ### Operon type: 406

	 A0A009ZB47	[300, 299, 0, 0, 0, 534, 517, 0, 0]

 ### Operon type: 407

	 A0A010RM40	[397, 583, 542, 0, 0, 0, 0, -1, 639]

 ### Operon type: 408

	 A0A010RRQ6	[0, 373, 0, 0, 0, 492, 441, 372, 0]

 ### Operon type: 409

	 A0A010S423	[126, 0, 0, 0, 0, 0, 0, 7, 458]

 ### Operon type: 410

	 A0A010T0I7	[0, 0, 275, 0, 0, 594, 652, 583, 0]

 ### Operon type: 411

	 A0A011AHU9	[0, 0, 0, 0, 0, 0, 0, 11, 723]

 ### Operon type: 412

	 A0A010YY02	[0, 12, 0, 0, 12, 545, 435, 0, 11]

 ### Operon type: 413

	 A0A011NA78	[0, 398, 0, 0, 0, 643, 0, 0, 639]

 ### Operon type: 414

	 A0A011P8W7	[539, 538, 671, 0, 537, 0, 0, 0, 0]

 ### Operon type: 415

	 A0A011PG97	[562, 0, 0, 561, 0, 0, 0, 0, 0]

 ### Operon type: 416

	 A0A011PKT4	[0, 429, 0, 0, 0, 0, 428, 0, 0]

 ### Operon type: 417

	 A0A011PLB2	[0, 539, 0, 490, 0, 0, 0, 0, 0]

 ### Operon type: 418

	 A0A011R339	[0, 0, 0, 0, 0, 0, 230, 229, 0]

 ### Operon type: 419

	 A0A011SFE5	[0, 0, 0, 454, 0, 0, 712, 541, 453]

 ### Operon type: 420

	 A0A011SJT5	[0, 0, 0, 307, 118, 118, 118, 118, 118]

 ### Operon type: 421

	 A0A011TDQ5	[0, 0, 0, 0, 137, 218, 0, 0, 0]

 ### Operon type: 422

	 A0A011UG17	[320, 0, 184, 0, 183, 463, 0, 0, 0]

 ### Operon type: 423

	 A0A011V8Z7	[0, 0, 0, 0, 0, 112, 111, 0, 0]

 ### Operon type: 424

	 A0A011VT01	[0, 0, 466, 0, 0, 466, 0, 0, 465]

 ### Operon type: 425

	 A0A011VYP6	[0, 0, 0, 0, 0, 0, 184, 589, 0]

 ### Operon type: 426

	 A0A011V392	[245, 0, 473, 150, 149, 128, 0, 427, 129]

 ### Operon type: 427

	 A0A009Q0U9	[451, 450, 449, 0, 56, 55, -1, -1, 0]

 ### Operon type: 428

	 A0A010SRB2	[68, 67, 0, 0, 0, 67, 66, 0, 0]

 ### Operon type: 429

	 A0A011VJ76	[108, 108, 107, 709, 0, 583, 250, 0, 538]

 ### Operon type: 430

	 A0A013SKX6	[0, 0, 460, 0, 414, 414, 134, 133, 132]

 ### Operon type: 431

	 A0A010KA25	[517, 0, 520, 331, 234, 0, 0, 517, 368]

 ### Operon type: 432

	 A0A011WUA8	[528, 0, 0, 236, 0, 0, 0, 124, 124]

 ### Operon type: 433

	 A0A010S4X6	[0, 201, 542, 572, 353, 0, 706, 491, 714]

 ### Operon type: 434

	 A0A011U8C0	[0, 315, 314, 0, 313, 312, 0, 0, 0]
