
 ### Operon type: 1

	 A0A010ILU3	[552, 551, 550, 549, 548, 547, 546, 545, 544]
	 A0A009QBR9	[552, 551, 550, 549, 548, 547, 545, 544, 194]
	 A0A009QS71	[552, 551, 550, 549, 548, 547, 546, 545, 544]
	 A0A009MW50	[552, 551, 550, 549, 548, 547, 546, 545, 544]
	 A0A009H3B0	[552, 551, 550, 549, 548, 547, 546, 545, 544]
	 A0A009I8S2	[552, 551, 550, 549, 548, 547, 545, 544, 194]
	 A0A009TM70	[552, 551, 550, 549, 548, 547, 545, 544, 194]

 ### Operon type: 2

	 A0A013TH43	[416, 415, 757, 414, 413, 412, 411, 410, 442]
	 A0A009RAF0	[416, 415, 757, 414, 413, 412, 411, 410, 442]

 ### Operon type: 3

	 A0A011PVT3	[792, 651, 650, 649, 648, 647, 646, 645, 644]
	 A0A011R7V7	[792, 651, 650, 649, 648, 647, 646, 645, 644]
	 A0A011MET3	[792, 651, 650, 649, 648, 647, 646, 645, 644]

 ### Operon type: 4

	 A0A009PH20	[517, 267, 544, 266, 265, 478, 339, 264, 263]
	 A0A009IV03	[517, 267, 544, 266, 265, 478, 339, 264, 263]
	 A0A013RZW2	[517, 267, 544, 266, 265, 478, 339, 264, 263]
	 A0A013SNJ8	[517, 267, 544, 266, 265, 478, 339, 264, 263]
	 A0A009MMM3	[517, 267, 544, 266, 265, 478, 339, 264, 263]
	 A0A010J9U3	[517, 267, 544, 266, 265, 478, 339, 264, 263]
	 A0A009HBT3	[517, 267, 544, 266, 265, 478, 339, 264, 263]
	 A0A009SIZ4	[517, 267, 544, 266, 265, 478, 339, 264, 263]
	 A0A009RD69	[517, 267, 544, 266, 265, 478, 339, 264, 263]
	 A0A009YIZ0	[517, 267, 544, 266, 265, 478, 339, 264, 263]

 ### Operon type: 5

	 A0A009PH57	[261, 260, -1, 259, 258, 620, 257, 451, 256]
	 A0A009TG92	[261, 260, -1, 259, 258, 620, 257, 451, 256]

 ### Operon type: 6

	 A0A013SXT2	[482, 481, 480, 479, 478, 477, 476, 475, 474]
	 A0A013S288	[482, 481, 480, 479, 478, 477, 476, 475, 474]
	 A0A009N031	[482, 481, 480, 479, 478, 477, 476, 475, 474]
	 A0A009I0I9	[482, 481, 480, 479, 478, 477, 476, 475, 474]
	 A0A010J3I1	[482, 481, 480, 479, 478, 477, 476, 475, 474]
	 A0A009PWG1	[482, 481, 480, 479, 478, 477, 476, 475, 474]
	 A0A009R2X0	[482, 481, 480, 479, 478, 477, 476, 475, 474]
	 A0A009SFX8	[482, 481, 480, 479, 46, 478, 477, 476, 475]
	 A0A009TBM2	[481, 480, 479, 46, 478, 477, 476, 475, 474]

 ### Operon type: 7

	 A0A010IMP8	[540, 673, 581, 539, 538, 572, 537, 536, 535]
	 A0A013SZ54	[540, 673, 581, 539, 538, 572, 537, 536, 535]
	 A0A013T8M5	[540, 673, 581, 539, 538, 572, 537, 536, 535]
	 A0A009N123	[540, 673, 581, 539, 538, 572, 537, 536, 535]
	 A0A009IRJ6	[540, 673, 581, 539, 538, 572, 537, 536, 535]
	 A0A009Q3K7	[540, 673, 581, 539, 538, 572, 537, 536, 535]
	 A0A009H7U0	[540, 673, 581, 539, 538, 572, 537, 536, 535]
	 A0A009SWU0	[540, 673, 581, 539, 538, 572, 537, 536, 535]
	 A0A009RBQ2	[540, 673, 581, 539, 538, 572, 537, 536, 535]
	 A0A009ZM43	[-1, 673, 581, 539, 538, 572, 537, 536, 535]

 ### Operon type: 8

	 A0A009RG92	[-1, 358, 603, 357, 356, 607, 355, 354, 353]
	 A0A013RMD0	[-1, 358, 603, 357, 356, 607, 355, 354, 353]
	 A0A009QDV7	[-1, 358, 603, 357, 356, 607, 355, 354, 353]
	 A0A009N9Z1	[-1, 358, 603, 357, 356, 607, 355, 354, 353]
	 A0A010JDA6	[-1, 358, 603, 357, 356, 607, 355, 354, 353]
	 A0A009S854	[-1, 358, 603, 357, 356, 607, 355, 354, 353]
	 A0A009H6M2	[-1, 358, 603, 357, 356, 607, 355, 354, 353]
	 A0A009IHQ3	[-1, 358, 603, 357, 356, 607, 355, 354, 353]
	 A0A009ZIC0	[113, 358, 603, 357, 356, 607, 355, 354, 353]

 ### Operon type: 9

	 A0A011UIA1	[397, 396, 395, 394, 393, 392, 391, 390, 0]
	 A0A011V5V3	[0, 397, 396, 395, 394, 393, 392, 391, 390]

 ### Operon type: 10

	 A0A011PTE7	[660, 659, 658, 657, 656, 0, 655, 654, 653]
	 A0A011NE72	[660, 659, 658, 657, 656, 655, 654, 653, 0]

 ### Operon type: 11

	 A0A010JWJ1	[351, 350, 700, 349, 348, 347, 346, 345, 344]
	 A0A009I4A1	[351, 350, 700, 349, 348, 347, 346, 345, 344]

 ### Operon type: 12

	 A0A009QF22	[99, 98, 351, 0, 348, 347, 346, 345, 344]
	 A0A009TBY8	[99, 98, 351, 349, 348, 347, 346, 345, 344]

 ### Operon type: 13

	 A0A011NEY3	[580, 726, 725, 724, 724, 723, 722, 721, 0]

 ### Operon type: 14

	 A0A011PAN4	[726, 725, 0, 724, 724, 723, 722, 721, 720]

 ### Operon type: 15

	 A0A011RCD5	[580, 726, 725, 724, 724, 723, 722, 721, 720]

 ### Operon type: 16

	 A0A011NAY5	[699, 698, 697, 696, 695, 694, 693, 692, 0]
	 A0A011P4U7	[0, 699, 698, 697, 696, 695, 694, 693, 692]

 ### Operon type: 17

	 A0A011NW66	[770, 769, 768, 767, 766, 728, 0, 0, 0]
	 A0A011PF67	[770, 769, 768, 767, 766, 0, 0, 0, 0]
	 A0A011NBX7	[770, 769, 768, 767, 766, 728, 0, 0, 0]

 ### Operon type: 18

	 A0A011NS68	[770, 769, 768, 767, 766, 765, 764, 778, 763]
	 A0A011RHX4	[770, 769, 768, 767, 766, 765, 764, 778, 0]

 ### Operon type: 19

	 A0A010YT39	[0, 776, 40, 602, 39, 38, 37, 36, 322]

 ### Operon type: 20

	 A0A010Z7T4	[40, 602, 39, 38, 37, 36, 322, 600, 667]

 ### Operon type: 21

	 A0A010K6G6	[341, 340, 339, 338, 337, 336, 335, 0, 334]
	 A0A013SP43	[341, 340, 339, 338, 337, 336, 335, 208, 334]
	 A0A009RUN3	[341, 340, 339, 338, 337, 336, 335, 208, 334]

 ### Operon type: 22

	 A0A011VWR4	[0, 0, 0, 0, 473, 472, 471, 470, 469]

 ### Operon type: 23

	 A0A011VYP6	[473, 472, 471, 470, 469, 0, 468, 649, 0]

 ### Operon type: 24

	 A0A011QAS2	[0, 812, 811, 810, 809, 808, 807, 806, 805]
	 A0A011NEQ1	[0, 812, 811, 810, 809, 808, 807, 806, 805]

 ### Operon type: 25

	 A0A010JSI3	[615, 614, 613, 612, 611, 610, 609, 608, 0]
	 A0A013T0M4	[615, 614, 613, 612, 611, 610, 609, 608, 0]
	 A0A009RGL2	[615, 614, 613, 612, 611, 610, 609, 608, 352]
	 A0A009HDS5	[615, 614, 613, 612, 611, 610, 609, 608, 352]

 ### Operon type: 26

	 A0A009SNL0	[68, 67, 323, 133, 132, 131, 130, 129, 128]

 ### Operon type: 27

	 A0A009T1I8	[323, 133, 132, 131, 130, 129, 128, 0, 0]

 ### Operon type: 28

	 A0A011VW71	[0, 299, 298, 297, 296, 295, 294, 753, 293]
	 A0A011VUV0	[299, 298, 297, 296, 295, 294, 753, 293, 0]

 ### Operon type: 29

	 A0A011UG71	[288, 307, 287, 292, 291, 308, 290, 306, 289]

 ### Operon type: 30

	 A0A011V8Z7	[0, 0, 288, 307, 287, 292, 291, 308, 290]

 ### Operon type: 31

	 A0A011V8Y9	[292, 291, 308, 290, 306, 289, 0, 0, 0]

 ### Operon type: 32

	 A0A011U8C0	[0, 308, 307, 0, 448, 306, 0, 0, 0]

 ### Operon type: 33

	 A0A011QSF0	[0, 869, 868, 867, 866, 865, 864, 863, 0]
	 A0A011QBB5	[716, 869, 868, 867, 866, 865, 864, 863, 624]
	 A0A011Q0X6	[716, 869, 868, 867, 866, 865, 864, 863, 624]
	 A0A011Q1X8	[869, 0, 868, 867, 866, 865, 864, 863, 624]

 ### Operon type: 34

	 A0A011PG87	[716, 869, 868, 867, 866, 865, 864, 0, 0]

 ### Operon type: 35

	 A0A011PCT1	[856, 855, 854, 0, 0, 0, 0, 758, 0]

 ### Operon type: 36

	 A0A011QU35	[0, 0, 0, 0, 857, 0, 856, 855, 854]

 ### Operon type: 37

	 A0A011Q2B1	[860, 678, 857, 762, 854, 761, 760, 759, 758]

 ### Operon type: 38

	 A0A011RLN8	[859, 858, 857, 762, 854, 761, 760, 759, 758]

 ### Operon type: 39

	 A0A011P700	[0, 0, 862, 861, 860, 678, 857, 762, 854]

 ### Operon type: 40

	 A0A011QSI4	[0, 0, 862, 861, 860, 0, 859, 858, 857]

 ### Operon type: 41

	 A0A013T337	[702, 605, 437, 436, 435, 836, 434, 839, 433]
	 A0A013TH30	[702, 605, 437, 436, 435, 836, 434, 839, 433]
	 A0A013S981	[343, 702, 605, 437, 436, 435, 836, 434, 839]

 ### Operon type: 42

	 A0A010JY00	[343, 702, 605, 437, 342, 836, 434, 839, 433]

 ### Operon type: 43

	 A0A009MGJ1	[233, 232, 231, 230, 229, 228, 748, 700, 227]
	 A0A013TPV4	[233, 232, 231, 230, 229, 228, 748, 700, 227]
	 A0A009QQ47	[233, 232, 231, 230, 229, 228, 748, 700, 227]
	 A0A010IZE4	[233, 232, 231, 230, 229, 228, 748, 700, 227]
	 A0A009SZB5	[233, 232, 231, 230, 229, 228, 748, 700, 227]
	 A0A009HL81	[233, 232, 231, 230, 229, 228, 748, 700, 227]
	 A0A009HR98	[233, 232, 231, 230, 229, 228, 748, 700, 227]

 ### Operon type: 44

	 A0A009Z8F7	[232, 231, 228, 0, 229, 5, 5, 0, 47]

 ### Operon type: 45

	 A0A009HFU9	[117, 116, 115, 114, 113, 568, 112, 111, 0]
	 A0A009R016	[117, 116, 115, 114, 113, -1, 568, 112, 111]

 ### Operon type: 46

	 A0A011UJN3	[0, 532, 0, 0, 464, 463, 462, 461, 460]

 ### Operon type: 47

	 A0A011W213	[464, 463, 462, 461, 460, 735, 0, 0, 0]

 ### Operon type: 48

	 A0A011QUG8	[853, 852, 851, 850, 849, 848, 0, 847, 846]
	 A0A011QIT1	[853, 852, 851, 850, 849, 848, 847, 846, 835]

 ### Operon type: 49

	 A0A011NVE7	[733, 732, 731, 783, 784, 785, 786, 787, 788]
	 A0A011PP01	[733, 732, 731, 783, 784, 785, 786, 787, 788]

 ### Operon type: 50

	 A0A011P2I4	[815, 706, 789, 788, 787, 786, 785, 784, 783]
	 A0A011N9N8	[815, 706, 789, 788, 787, 786, 785, 784, 783]

 ### Operon type: 51

	 A0A011PIY7	[790, 0, 789, 788, 787, 786, 785, 0, 783]

 ### Operon type: 52

	 A0A011Q3J4	[0, 790, 789, 788, 787, 786, 785, 784, 0]

 ### Operon type: 53

	 A0A011MH88	[791, 790, 789, 788, 787, 786, 785, 784, 783]

 ### Operon type: 54

	 A0A013SPM5	[431, 430, 429, 428, 427, 426, 425, 424, 423]
	 A0A010IX62	[431, 430, 429, 428, 427, 426, 425, 424, 423]
	 A0A009QFZ7	[431, 430, 429, 428, 427, 426, 425, 424, 423]
	 A0A009MH71	[431, 430, 429, 428, 427, 426, 425, 424, 423]
	 A0A009I6Z0	[431, 430, 429, 428, 427, 426, 425, 424, 423]
	 A0A009HSL1	[431, 430, 429, 428, 427, 426, 425, 424, 423]
	 A0A009TK03	[431, 430, 429, 428, 427, 426, 425, 424, 423]

 ### Operon type: 55

	 A0A009ZIX8	[0, 6, 429, 428, 427, 25, 0, 423, 0]

 ### Operon type: 56

	 A0A010JJN4	[566, 565, 564, 563, 562, 561, 560, 675, 703]
	 A0A013TPR7	[566, 565, 564, 563, 562, 561, 560, 675, 703]
	 A0A009PMT3	[566, 565, 564, 563, 562, 561, 560, 675, 703]
	 A0A009NI48	[566, 565, 564, 563, 562, 561, 560, 675, -1]
	 A0A009HJJ5	[566, 565, 564, 563, 562, 561, 560, 675, 85]
	 A0A009I8I7	[566, 565, 564, 563, 562, 561, 560, 675, 85]
	 A0A009SEP4	[566, 565, 564, 563, 562, 0, 561, 560, 0]
	 A0A009RMI1	[566, 565, 564, 563, 562, 561, 560, 675, 0]
	 A0A009YG45	[0, 566, 565, 564, 562, 0, 561, 560, 675]

 ### Operon type: 57

	 A0A013S8F0	[220, 332, 219, 239, 240, 700, 773, 222, 704]
	 A0A013TPQ9	[220, 332, 219, 239, 240, 700, 773, 222, 704]
	 A0A009PMU2	[220, 332, 219, -1, 240, 700, 773, 222, 704]
	 A0A010IZH1	[-1, 332, 219, 239, 240, 700, 773, 222, 704]
	 A0A009HJM0	[220, 332, 219, 239, 240, 700, 773, 222, 704]
	 A0A009SZ84	[220, 332, 219, 239, 240, 700, 773, 222, 704]

 ### Operon type: 58

	 A0A009HUS9	[332, 219, 0, 239, 240, 241, -1, 242, 243]

 ### Operon type: 59

	 A0A009ISE1	[561, 560, 675, 243, 242, -1, 241, 240, 239]

 ### Operon type: 60

	 A0A009NPS1	[220, 332, 219, 239, 240, -1, 675, 560, 561]

 ### Operon type: 61

	 A0A013SB36	[215, 214, 213, 212, 211, 598, 597, 210, 209]
	 A0A009QSI3	[215, 214, 213, 212, 211, 598, 597, 210, -1]

 ### Operon type: 62

	 A0A010ITP2	[215, 214, 213, 212, 211, 598, 597, 0, 0]

 ### Operon type: 63

	 A0A009SII9	[-1, 214, 213, 212, 211, 598, 597, 136, 135]

 ### Operon type: 64

	 A0A009T0Q9	[211, 598, 597, 136, 135, 209, 791, 700, 134]

 ### Operon type: 65

	 A0A009YJF4	[0, 598, 597, 101, 100, 791, 700, 0, 134]

 ### Operon type: 66

	 A0A009GP96	[0, 110, 700, 600, 333, 109, 568, 108, 107]

 ### Operon type: 67

	 A0A009GSR4	[600, 333, 109, 568, 108, 107, 107, 106, 0]

 ### Operon type: 68

	 A0A009IIT6	[110, 700, 600, 333, 108, 107, 107, 106, 0]

 ### Operon type: 69

	 A0A011SQL0	[682, 450, -1, 449, 448, 447, 486, 446, 445]
	 A0A011UZ49	[450, -1, 449, 448, 447, 486, 446, 445, 0]

 ### Operon type: 70

	 A0A009PT82	[706, 625, 155, 154, 246, 245, 244, 153, 152]
	 A0A009SIF9	[706, 625, 155, 154, 246, 245, 244, 153, 152]

 ### Operon type: 71

	 A0A009IS10	[247, 0, 0, 0, 246, 245, 244, 0, 0]

 ### Operon type: 72

	 A0A009QHW5	[0, 0, 0, 552, 246, 245, 244, 0, 97]

 ### Operon type: 73

	 A0A011UVB4	[0, 0, 0, 123, 0, 0, 247, 0, 293]

 ### Operon type: 74

	 A0A011V107	[407, -1, 406, 405, 404, 403, 402, 401, 0]
	 A0A011U7M7	[0, 407, -1, 406, 405, 404, 403, 402, 401]

 ### Operon type: 75

	 A0A011TLH0	[312, 404, 406, 311, 405, 403, 0, 0, 0]

 ### Operon type: 76

	 A0A011UG87	[383, 384, 385, 312, 404, 406, 311, 405, 403]

 ### Operon type: 77

	 A0A011TLH7	[385, 384, 383, 0, 0, 0, 0, 0, 0]

 ### Operon type: 78

	 A0A011TWN2	[382, 381, 380, 379, 378, 377, 376, 0, 0]
	 A0A011TAF9	[0, 0, 382, 381, 380, 379, 378, 377, 376]

 ### Operon type: 79

	 A0A011Q5V7	[830, 0, 0, 0, 829, 828, 827, 826, 825]

 ### Operon type: 80

	 A0A011RM25	[829, 828, 827, 826, 825, 844, 0, 757, 0]

 ### Operon type: 81

	 A0A011QIE8	[641, 640, 639, 773, 638, 637, 636, 0, 0]
	 A0A011QDV3	[641, 640, 639, 773, 638, 637, 625, 0, 636]

 ### Operon type: 82

	 A0A011QAB0	[819, 818, 817, 0, 816, 815, 814, 813, 0]
	 A0A011PL71	[582, 819, 818, 817, 816, 815, 814, 813, 0]

 ### Operon type: 83

	 A0A011Q6N5	[824, 823, 822, 0, 0, 0, 821, 820, 821]

 ### Operon type: 84

	 A0A011SGD5	[0, 0, 0, 0, 0, 0, 824, 823, 822]

 ### Operon type: 85

	 A0A011NYU6	[622, 621, 0, 620, 666, 27, 26, 0, 619]

 ### Operon type: 86

	 A0A011PYI6	[622, 621, 0, 620, 666, 619, 618, 742, 0]

 ### Operon type: 87

	 A0A011P1C0	[0, 0, 27, 26, 619, 0, 0, 0, 0]

 ### Operon type: 88

	 A0A011N4G4	[0, 0, 591, 590, 589, 588, 589, 587, 586]
	 A0A011PKU5	[591, 590, 589, 588, 589, 587, 586, 0, 0]

 ### Operon type: 89

	 A0A010ZWJ8	[21, 20, 19, 667, 18, 672, 370, 672, 17]

 ### Operon type: 90

	 A0A011AHW1	[18, 667, 19, 20, 21, 0, 0, 22, 0]

 ### Operon type: 91

	 A0A011AHU9	[370, 672, 17, 0, 0, 0, 0, 9, 791]

 ### Operon type: 92

	 A0A010ZX98	[16, 15, 14, 13, 12, 11, 773, 773, 0]

 ### Operon type: 93

	 A0A011AIL7	[12, 13, 14, 15, 16, 0, 0, 0, 0]

 ### Operon type: 94

	 A0A010YF95	[831, 45, 847, 44, 43, 43, 42, 441, 41]

 ### Operon type: 95

	 A0A010ZJQ6	[45, 847, 44, 43, 43, 42, 441, 41, 0]

 ### Operon type: 96

	 A0A009GXL8	[104, 103, 102, 101, 100, 349, 120, 119, 118]

 ### Operon type: 97

	 A0A010JIW7	[104, 103, 102, 101, 100, 0, 0, 120, 119]

 ### Operon type: 98

	 A0A011QNA5	[0, 635, 634, 633, 0, 632, 631, 630, 629]
	 A0A009ZLJ7	[629, 630, 631, 632, 0, 0, 635, 634, 633]

 ### Operon type: 99

	 A0A013T0T6	[632, 631, 630, 629, 543, 542, 439, 541, 438]
	 A0A009PE10	[632, 631, 630, 629, 543, 274, 439, 541, -1]
	 A0A009ISY0	[632, 631, 630, 629, 543, 274, 439, 541, 438]
	 A0A009QMH5	[632, 631, 630, 629, 543, 542, 439, 541, 438]
	 A0A009HAX1	[632, 631, 630, 629, 543, 542, 439, 541, 438]
	 A0A009RMD0	[632, 631, 630, 629, 543, 274, 439, 541, 438]

 ### Operon type: 100

	 A0A010ILW6	[632, 631, 630, 629, 543, 542, 0, 0, 541]

 ### Operon type: 101

	 A0A009Z9X7	[631, 630, 629, 0, 543, 0, 843, 0, 541]

 ### Operon type: 102

	 A0A013S8V2	[218, 217, 0, 0, 0, 216, 0, 0, 0]
	 A0A009R8E1	[0, 63, 0, 218, 217, 0, 0, 216, 0]

 ### Operon type: 103

	 A0A009ICH6	[517, 145, 144, 143, 342, 79, 78, 77, 839]
	 A0A009ZFR5	[517, 145, 144, 143, 342, 79, 78, 77, 839]

 ### Operon type: 104

	 A0A009NQA1	[517, 145, 144, 143, 142, 141, 437, 839, 836]
	 A0A009RR21	[517, 145, 144, 143, 142, 141, 437, 839, 836]

 ### Operon type: 105

	 A0A009HTN9	[517, 145, 144, 143, 142, 141, 84, 793, 83]
	 A0A009T3J5	[517, 145, 144, 143, 142, 141, 84, 793, 83]

 ### Operon type: 106

	 A0A009Q0U9	[517, 145, 144, 143, 142, 141, -1, -1, 0]

 ### Operon type: 107

	 A0A009QEG7	[193, 192, 191, 190, 189, 188, 187, 186, 185]
	 A0A009IPC3	[193, 192, 191, 190, 189, 188, 187, 186, 185]

 ### Operon type: 108

	 A0A009I573	[94, 0, 162, 163, 0, 164, 189, 190, 191]

 ### Operon type: 109

	 A0A009ILP9	[186, 0, 191, 190, 189, 164, 185, 163, 162]

 ### Operon type: 110

	 A0A009I953	[186, 0, 191, 190, 189, 164, 185, 0, -1]

 ### Operon type: 111

	 A0A009SX74	[714, 763, 0, 163, 185, 186, 192, 193, 90]

 ### Operon type: 112

	 A0A010IPH1	[531, 530, 691, 529, 528, 527, 526, 525, 524]
	 A0A009MMG9	[531, 530, 691, 529, 528, 527, 526, 525, 524]
	 A0A009ICP5	[531, 530, 691, 529, 528, 527, 526, 525, 524]
	 A0A009QVK8	[531, 530, 691, 529, 528, 527, 526, 525, 524]

 ### Operon type: 113

	 A0A009SIV4	[124, 125, 126, 95, 528, 527, 526, 525, 524]
	 A0A009HTW0	[124, 125, 126, 95, 528, 527, 526, 525, 524]
	 A0A009QLL2	[124, 125, 126, 95, 528, 527, 526, 525, 524]
	 A0A013TSJ4	[125, 126, 0, 95, 528, 527, 526, 525, 524]

 ### Operon type: 114

	 A0A013TCN9	[549, 422, 421, 420, 419, 418, 417, 700, 773]
	 A0A009QNC9	[549, 422, 421, 420, 419, 418, 417, 700, 773]
	 A0A010ITG1	[549, 422, 421, 420, 419, 418, 417, 700, 773]
	 A0A009NIJ3	[549, 422, 421, 420, 419, 418, 417, 700, 773]
	 A0A013TRC1	[549, 422, 421, 420, 419, 418, 417, 700, 773]

 ### Operon type: 115

	 A0A009H935	[0, 0, 421, 420, 419, 418, 417, 700, 773]

 ### Operon type: 116

	 A0A009IMX3	[523, 522, 521, 520, 519, 159, 159, 742, 158]
	 A0A009QEX0	[523, 522, 521, 520, 519, 159, 159, 742, 158]
	 A0A009SF48	[523, 522, 521, 520, 519, -1, 159, 742, 158]

 ### Operon type: 117

	 A0A010ISX2	[523, 522, 521, 520, 519, 518, 517, 516, 515]
	 A0A009RES7	[523, 522, 521, 520, 519, 518, 517, 516, 515]
	 A0A013S7V1	[523, 522, 521, 520, 519, 518, 517, 516, 515]
	 A0A009MR00	[523, 522, 521, 520, 519, 518, 517, 516, 515]

 ### Operon type: 118

	 A0A009YTT3	[3, 113, 521, 520, 519, 518, 517, 516, 515]

 ### Operon type: 119

	 A0A009GYP9	[0, 0, 0, 520, 519, 518, 517, 516, 515]

 ### Operon type: 120

	 A0A009ZZC8	[-1, 67, 68, 3, 113, 521, 520, 519, 518]

 ### Operon type: 121

	 A0A011WSE5	[499, 498, 497, 496, 495, 494, 493, 492, 491]
	 A0A011UGX8	[301, 499, 498, 497, 496, 495, 494, 493, 492]

 ### Operon type: 122

	 A0A011VZG0	[319, 0, 301, 499, 498, 497, 496, 495, 494]

 ### Operon type: 123

	 A0A009PJF7	[255, 254, 254, 253, 252, 251, 250, 249, 248]
	 A0A009SJZ7	[123, 255, 254, 253, 252, 251, 250, 249, 248]

 ### Operon type: 124

	 A0A009Z5G0	[251, 253, 254, 0, 500, 255, 123, 207]

 ### Operon type: 125

	 A0A010JJC1	[739, 559, 558, 557, 556, 555, 554, 567, 553]
	 A0A010IZ41	[559, 558, 557, 556, 555, 554, 567, 553, 339]

 ### Operon type: 126

	 A0A009QJL6	[739, 559, 558, 557, 0, 553, 339, 96, 0]

 ### Operon type: 127

	 A0A010KAV2	[331, 330, 329, 328, 327, 706, 530, 680, 326]
	 A0A009PG53	[331, 330, 329, 328, 327, 706, 530, 680, 326]
	 A0A013SGL3	[331, 330, 329, 328, 327, 706, 530, 680, 326]
	 A0A013TB41	[331, -1, 329, 328, 327, 706, 530, 680, 326]
	 A0A009NE81	[331, 330, 329, 328, 327, 706, 530, 680, 326]
	 A0A009I5Z6	[331, 330, 329, 328, 327, 706, 530, 680, 326]
	 A0A009RQH3	[331, 330, 329, 328, 327, 706, 530, 680, 326]
	 A0A009SHB3	[331, 330, 329, 328, 327, 706, 530, 680, 326]

 ### Operon type: 128

	 A0A009H3X4	[331, 330, 329, 328, 327, 706, -1, 781, -1]

 ### Operon type: 129

	 A0A009PIB4	[0, 0, 0, 151, 150, 149, 568, 700, 815]
	 A0A009SLR5	[0, 0, 0, 151, 150, 149, 568, 700, 815]

 ### Operon type: 130

	 A0A009HSU4	[0, 0, 595, 700, 0, 706, 680, 815, 568]

 ### Operon type: 131

	 A0A009I463	[749, 89, 88, 478, 478, 322, 321, 320, 140]
	 A0A009PAG1	[749, 89, 88, 478, 478, 322, 321, 320, 140]

 ### Operon type: 132

	 A0A013SKX6	[0, 0, 749, 0, 478, 478, 322, 321, 320]

 ### Operon type: 133

	 A0A011Q5S3	[835, 834, 0, 0, 0, 0, 833, 832, 831]

 ### Operon type: 134

	 A0A011UZZ4	[0, 833, 832, 0, 0, 0, 409, 409, 831]

 ### Operon type: 135

	 A0A011UTJ0	[0, 0, 0, 173, 172, 171, 694, 170, 169]

 ### Operon type: 136

	 A0A011VMV7	[173, 172, 171, 694, 170, 169, 389, 388, 387]

 ### Operon type: 137

	 A0A011NYT4	[701, 677, 676, 675, 0, 599, 599, 598, 597]

 ### Operon type: 138

	 A0A011P8E9	[0, 0, 701, 677, 0, 676, 675, 0, 0]

 ### Operon type: 139

	 A0A010TF34	[0, -1, 0, 0, 53, 52, 51, 50, 49]
	 A0A010SYH9	[53, 52, 51, 50, 49, 0, 0, 0, 0]

 ### Operon type: 140

	 A0A010S7A1	[74, 73, 72, 71, 0, 70, 0, 0, 0]
	 A0A010TFJ4	[0, -1, 0, 74, 73, 72, 71, -1, 70]

 ### Operon type: 141

	 A0A009PAV9	[284, -1, 691, 283, 478, 568, 282, 281, 280]
	 A0A009HJC2	[284, 773, 691, 283, 478, 568, 282, 281, 280]

 ### Operon type: 142

	 A0A009SE02	[0, 280, 0, 0, 0, 281, 282, 568, 478]

 ### Operon type: 143

	 A0A009RSB7	[680, 517, 668, 514, 262, 700, 700, 512, 511]
	 A0A009HS41	[680, 517, 668, 514, 262, 700, 700, 512, 511]
	 A0A009SYU8	[680, 517, 668, 514, 262, 700, 700, 512, 511]

 ### Operon type: 144

	 A0A010IT25	[680, 517, 668, 514, 513, 700, 700, 512, 511]
	 A0A013SHA9	[680, 517, 668, 514, 513, 700, 700, 512, 511]
	 A0A009I466	[680, 517, 668, 514, 513, 700, 700, 512, 511]

 ### Operon type: 145

	 A0A009NMQ9	[680, 517, 668, 514, 513, 0, 700, 700, 512]

 ### Operon type: 146

	 A0A009P8A9	[0, 0, 668, 514, 262, 700, 700, 512, 511]

 ### Operon type: 147

	 A0A009ITT8	[238, 237, 236, 364, 363, 235, 362, 361, 360]
	 A0A009NJ90	[238, 237, 236, 364, 363, 165, 235, 362, 361]

 ### Operon type: 148

	 A0A009NCH6	[226, 362, 361, 360, 225, 224, 223, 122, 121]
	 A0A009IJ01	[362, 361, 360, 359, 225, 224, 223, 122, 121]

 ### Operon type: 149

	 A0A009RQL5	[362, 361, 360, 87, 225, 224, 223, 122, 0]

 ### Operon type: 150

	 A0A009MGQ8	[363, 0, 226, 362, 361, 360, 225, 224, 223]

 ### Operon type: 151

	 A0A009IJ07	[367, 366, 365, 364, 363, 362, 361, 360, 359]
	 A0A009S6G1	[367, 366, 365, 364, 363, 362, 361, 360, 225]
	 A0A009RHH7	[367, 366, 365, 364, 363, 165, 362, 361, 360]

 ### Operon type: 152

	 A0A009HZK2	[365, 364, 363, 362, 361, 360, 359, 225, 224]

 ### Operon type: 153

	 A0A009R4N4	[364, 363, 165, 362, 361, 360, 87, 225, 224]

 ### Operon type: 154

	 A0A009S5A5	[363, 165, 235, 362, 361, 360, 359, 86, 225]

 ### Operon type: 155

	 A0A009RHH9	[0, 0, 0, 0, 386, 367, 366, 365, 364]

 ### Operon type: 156

	 A0A011PGU1	[0, 0, 713, 712, 711, 710, 709, 708, 707]
	 A0A011MDH1	[616, 0, 713, 712, 711, 710, 709, 708, 707]

 ### Operon type: 157

	 A0A011V0P4	[579, 408, 0, 0, 504, 0, 0, 456, 455]

 ### Operon type: 158

	 A0A011WPV7	[456, 455, 0, 0, 0, 0, 0, 0, 0]

 ### Operon type: 159

	 A0A011UDF3	[712, 304, 0, 0, 0, 375, 303, 302, 873]

 ### Operon type: 160

	 A0A011VSC9	[303, 302, 873, 0, 0, 0, 0, 0, 0]

 ### Operon type: 161

	 A0A011SF89	[746, 745, 744, 0, 0, 0, 0, 0, 0]

 ### Operon type: 162

	 A0A011UCX7	[0, 819, 746, 745, 0, 744, 305, 0, 0]

 ### Operon type: 163

	 A0A011RNP9	[0, 0, 0, 0, 0, 753, 814, 0, 0]

 ### Operon type: 164

	 A0A011V0B5	[749, 0, 0, 0, 0, 0, 753, 0, 0]

 ### Operon type: 165

	 A0A011RQC9	[0, 749, 748, 0, 0, 0, 0, 747, 0]

 ### Operon type: 166

	 A0A011QG28	[628, 627, 712, 0, 711, 710, 673, 626, 674]
	 A0A011RIM8	[628, 627, 0, 0, 711, 710, 673, 626, 674]

 ### Operon type: 167

	 A0A011PHI6	[685, 0, 684, 0, 0, 683, 850, 738, 0]

 ### Operon type: 168

	 A0A011QI68	[0, 0, 684, 683, 0, 0, 0, 0, 0]

 ### Operon type: 169

	 A0A011NVJ6	[730, 797, 796, 795, 794, 793, 0, 0, 729]

 ### Operon type: 170

	 A0A011PVP2	[0, 797, 796, 795, 794, 793, 0, 0, 792]

 ### Operon type: 171

	 A0A011NXY7	[0, 0, 796, 0, 794, 0, 0, 0, 0]

 ### Operon type: 172

	 A0A011QR69	[841, 840, 839, 838, 837, 836, 0, 0, 0]
	 A0A011NUB4	[841, 840, 839, 838, 837, 836, 0, 735, 0]

 ### Operon type: 173

	 A0A011NN36	[840, 839, 0, 0, 837, 836, 0, 0, 0]

 ### Operon type: 174

	 A0A011PK69	[839, 585, 0, 0, 837, 836, 0, 0, 0]

 ### Operon type: 175

	 A0A011RMI6	[803, 802, 756, 755, 754, 801, 800, 799, 798]
	 A0A011NYD6	[803, 802, 756, 755, 754, 801, 800, 799, 798]

 ### Operon type: 176

	 A0A011QB28	[804, 803, 802, 0, 0, 801, 800, 799, 798]

 ### Operon type: 177

	 A0A011NF33	[0, 801, 800, 0, 0, 0, 0, 0, 0]

 ### Operon type: 178

	 A0A011NBY4	[688, 0, 0, 687, 0, 0, 686, 0, 0]

 ### Operon type: 179

	 A0A011WRT0	[688, 0, 0, 0, 0, 0, 0, 742, 0]

 ### Operon type: 180

	 A0A011SHV5	[0, 0, 0, 0, 0, 740, 742, 739, 0]

 ### Operon type: 181

	 A0A011NB95	[0, 845, 0, 0, 0, 0, 691, 690, 689]

 ### Operon type: 182

	 A0A011UHT4	[96, 300, 690, 0, 0, 55, 55, 689, 0]

 ### Operon type: 183

	 A0A010Z1W7	[0, 0, 0, 0, 0, 58, 0, 570, 571]

 ### Operon type: 184

	 A0A011VY84	[0, 0, 571, 570, 0, 0, 0, 0, 0]

 ### Operon type: 185

	 A0A010YW85	[0, 0, 0, 0, 0, 316, 0, 570, 571]

 ### Operon type: 186

	 A0A010ZMA0	[570, 705, 0, 0, 0, 0, 0, 0, 0]

 ### Operon type: 187

	 A0A011N5L2	[0, 0, 0, 705, 0, 704, 703, 0, 0]

 ### Operon type: 188

	 A0A009MJ75	[0, 0, 140, 139, 138, 0, 0, 0, 600]

 ### Operon type: 189

	 A0A010IH51	[0, 524, 0, 0, 138, 0, 600, 0, 0]

 ### Operon type: 190

	 A0A011TYT7	[0, 0, 0, 0, 0, 0, 524, 443, 443]

 ### Operon type: 191

	 A0A010RRR9	[0, 0, 0, 0, 648, 0, 0, 601, 600]

 ### Operon type: 192

	 A0A010SIA7	[0, 0, 601, 71, 0, 0, 0, 0, 0]

 ### Operon type: 193

	 A0A010RFQ9	[0, 0, 607, 0, 606, 0, 0, 0, 0]

 ### Operon type: 194

	 A0A010SPR9	[32, 32, 0, 0, 0, 606, 0, 0, 0]

 ### Operon type: 195

	 A0A009LNU8	[483, 485, 486, 487, 0, 234, 0, 568, 0]

 ### Operon type: 196

	 A0A013SRG6	[488, 487, 486, 485, 0, 484, 0, 483, 772]

 ### Operon type: 197

	 A0A009IQU8	[0, 485, 0, 0, 0, 484, 772, 0, 0]

 ### Operon type: 198

	 A0A010K2K8	[486, 487, 488, 0, 0, 0, 0, -1, 568]

 ### Operon type: 199

	 A0A011NPR8	[0, 772, 0, 0, 0, 0, 771, 0, 0]

 ### Operon type: 200

	 A0A010SEA2	[834, 771, 69, 0, 0, 0, 0, 0, 0]

 ### Operon type: 201

	 A0A010IGH8	[0, 0, 0, 0, 0, 0, 0, 203, 512]

 ### Operon type: 202

	 A0A010STD3	[0, 0, 0, 374, 373, 372, 0, 512, 203]

 ### Operon type: 203

	 A0A010SQJ5	[221, 529, 0, 374, 373, 372, 0, 0, 0]

 ### Operon type: 204

	 A0A013RVV2	[549, 0, 205, 204, 0, 0, 512, 203, 0]

 ### Operon type: 205

	 A0A011TD67	[375, 0, 0, 374, 373, 372, 371, 0, 370]

 ### Operon type: 206

	 A0A009ZC12	[0, 0, 0, 374, 0, 372, 371, 4, 871]

 ### Operon type: 207

	 A0A009YSC7	[0, 0, 686, 1, 0, 1, 205, 204, 0]

 ### Operon type: 208

	 A0A009ZJK4	[0, 0, 0, 0, 0, 0, 517, 29, 0]

 ### Operon type: 209

	 A0A010SVN1	[-1, 29, 700, 195, 313, 0, 0, 517, 0]

 ### Operon type: 210

	 A0A009PFK7	[273, 272, 271, 270, 269, 0, 0, 268, 0]
	 A0A009QGN4	[273, 272, 271, 270, 269, 268, 0, 0, 0]

 ### Operon type: 211

	 A0A009YR20	[0, 268, 0, 0, 0, 0, 272, 0, 0]

 ### Operon type: 212

	 A0A009SCM5	[66, 65, 64, 0, 0, 0, 0, 0, 0]

 ### Operon type: 213

	 A0A009TJ77	[90, 137, 0, 0, 0, 0, 66, 65, 64]

 ### Operon type: 214

	 A0A009HZV2	[0, 0, 0, 0, 184, 183, 165, 0, 0]

 ### Operon type: 215

	 A0A009QPE7	[0, 0, 0, 0, 184, 183, 0, 0, 0]

 ### Operon type: 216

	 A0A009MGR3	[0, 0, 201, 0, 432, 86, 114, 277, 276]

 ### Operon type: 217

	 A0A009Q4G0	[0, 202, 201, 0, 432, 0, 277, 276, 277]

 ### Operon type: 218

	 A0A009PB53	[0, 0, 279, 278, 432, 277, 276, 277, 275]

 ### Operon type: 219

	 A0A009PUJ8	[0, 279, 278, 432, 0, 275, 120, 119, 118]

 ### Operon type: 220

	 A0A009QQC0	[182, 0, 181, 700, 324, 324, 196, 222, 195]
	 A0A009H7I0	[182, 0, 0, 700, 324, 324, 196, 222, 195]

 ### Operon type: 221

	 A0A009MVG4	[181, 0, 325, 700, 324, 324, 196, 222, 195]

 ### Operon type: 222

	 A0A009QA91	[198, 197, 680, 700, 324, 324, 196, 222, 195]
	 A0A010J377	[198, 197, 680, 700, 324, 324, 196, 222, 195]

 ### Operon type: 223

	 A0A009S1X4	[198, 197, 680, 700, 324, 324, 700, 0, 257]

 ### Operon type: 224

	 A0A013SHF4	[0, 0, 325, 700, 324, 324, 0, 323, 0]

 ### Operon type: 225

	 A0A011N3C3	[0, 0, 0, 595, 594, 593, 643, 642, 592]
	 A0A011PJK8	[595, 594, 593, 643, 642, 592, 0, 0, 0]

 ### Operon type: 226

	 A0A011WKI4	[0, 0, 0, 0, 0, 777, 459, 458, 467]
	 A0A011UWH1	[777, 459, 458, 467, 0, 0, 0, 0, 0]

 ### Operon type: 227

	 A0A010YKP2	[0, 0, 0, 0, 0, 0, 729, 400, 0]

 ### Operon type: 228

	 A0A011V1A2	[408, 0, 0, 400, 0, 0, 0, 0, 0]

 ### Operon type: 229

	 A0A011NGS0	[0, 0, 0, 0, 775, 774, 0, 0, 0]

 ### Operon type: 230

	 A0A011PW61	[0, 0, 0, 0, 775, 774, 0, 0, 623]

 ### Operon type: 231

	 A0A011UXI1	[0, 583, 0, 0, 775, 774, 369, 0, 0]

 ### Operon type: 232

	 A0A011SWI9	[-1, -1, 0, 685, 775, 774, 369, -1, -1]

 ### Operon type: 233

	 A0A011P952	[774, 0, 669, 0, 0, 669, 0, 0, 0]

 ### Operon type: 234

	 A0A011Q1B3	[617, 738, 737, 736, 737, 792, 616, 0, 0]
	 A0A011QVV5	[0, 0, 617, 738, 737, 736, 737, 792, 616]

 ### Operon type: 235

	 A0A011NSG8	[0, 0, 0, 738, 737, 736, 0, 737, 0]

 ### Operon type: 236

	 A0A011P0X4	[0, 0, 616, 0, 737, 0, 0, 736, 63]

 ### Operon type: 237

	 A0A010YNY9	[0, 0, 59, 34, 0, 0, 0, 0, 81]

 ### Operon type: 238

	 A0A011AC71	[257, 0, 0, 315, 0, 59, 34, 0, 680]

 ### Operon type: 239

	 A0A011PRW6	[662, 0, 0, 0, 661, 802, 756, 0, 0]
	 A0A011QLX0	[0, 662, 0, 0, 661, 0, 802, 756, 0]

 ### Operon type: 240

	 A0A010SML6	[0, 802, 756, -1, 0, 763, 0, 0, 0]

 ### Operon type: 241

	 A0A010RS09	[0, 0, 0, 0, 50, 0, 781, 781, 0]

 ### Operon type: 242

	 A0A010RTE7	[0, 0, 0, 0, 0, 0, 50, 137, 0]

 ### Operon type: 243

	 A0A009P817	[200, 0, 0, 0, 148, 0, 318, 147, 146]

 ### Operon type: 244

	 A0A009TIY0	[0, 0, 0, 0, 148, 0, 318, 147, 0]

 ### Operon type: 245

	 A0A009QKA3	[318, 147, 0, 146, 0, 0, 0, 0, 273]

 ### Operon type: 246

	 A0A009HSR2	[0, 93, 92, 0, 91, 177, 178, 165, 179]

 ### Operon type: 247

	 A0A009SWM1	[0, 93, 92, 0, 91, 0, 0, 178, 0]

 ### Operon type: 248

	 A0A009MYX0	[180, 179, 0, 595, 0, 0, 178, 177, 176]

 ### Operon type: 249

	 A0A009QK79	[0, 0, 176, 177, 0, 178, 0, 0, 179]

 ### Operon type: 250

	 A0A009GXJ1	[399, 398, 177, 178, 105, 165, 179, 180, 0]

 ### Operon type: 251

	 A0A010IT95	[0, 0, 0, 568, 510, 509, 508, 507, 506]
	 A0A013TKW8	[0, 718, 0, 568, 510, 509, 508, 507, 506]
	 A0A009QT77	[0, 0, -1, 568, 510, 509, 508, 507, 506]
	 A0A009PRQ9	[0, 568, 156, 0, 510, 509, 508, 507, 506]
	 A0A009GWD0	[165, 0, 0, 568, 510, 509, 508, 507, 506]
	 A0A009MH36	[0, 0, 0, 568, 510, 509, 508, 507, 506]
	 A0A009I5G9	[0, 0, 568, 156, 510, 509, 508, 507, 506]
	 A0A009S0T6	[0, 0, 568, 156, 510, 509, 508, 507, 506]

 ### Operon type: 252

	 A0A013TMJ7	[773, -1, 0, 568, 510, 507, 506, 0, 0]

 ### Operon type: 253

	 A0A011VXC2	[-1, 578, 0, 664, 577, 576, 575, 574, 573]
	 A0A011V392	[578, 0, 664, 577, 576, 575, 0, 574, 573]

 ### Operon type: 254

	 A0A011V490	[319, 466, 0, 573, 574, 575, 576, 577, 664]

 ### Operon type: 255

	 A0A011VZF5	[0, 0, 577, 576, 575, 819, 466, 819, 0]

 ### Operon type: 256

	 A0A011WLE7	[0, 0, 0, 0, 0, 457, 0, 0, 0]
	 A0A011VU44	[0, 0, 0, 0, 0, 457, 0, 0, 0]

 ### Operon type: 257

	 A0A011VAP2	[0, 0, 285, 0, 0, 0, 0, 0, 503]

 ### Operon type: 258

	 A0A011VRJ8	[0, 0, 0, 0, 0, 0, 285, 0, 0]

 ### Operon type: 259

	 A0A011RNU1	[0, 0, 0, 0, 0, 0, 752, 752, 751]

 ### Operon type: 260

	 A0A011VKJ9	[0, 0, 0, 0, 0, 0, 751, 752, -1]

 ### Operon type: 261

	 A0A011PQZ7	[0, 0, 0, 667, 666, 0, 665, 0, 0]

 ### Operon type: 262

	 A0A011TUX4	[0, 0, 0, 0, 666, 0, 0, 665, 0]

 ### Operon type: 263

	 A0A011STZ9	[0, 0, 0, 665, 0, 0, 0, 0, 0]

 ### Operon type: 264

	 A0A011PRF5	[663, 0, 0, 0, 0, 0, 0, 0, 0]
	 A0A011PUJ9	[0, 0, 0, 0, 0, 0, 0, 0, 663]

 ### Operon type: 265

	 A0A011PFY8	[0, 0, 0, 0, 0, 0, 0, 0, 717]

 ### Operon type: 266

	 A0A011PNS3	[842, 717, 0, 0, 0, 0, 0, 0, 0]

 ### Operon type: 267

	 A0A011T648	[0, 717, 0, 0, 0, 0, 0, 839, 0]

 ### Operon type: 268

	 A0A010YYJ5	[0, 0, 0, 819, 0, 0, 0, 48, 48]

 ### Operon type: 269

	 A0A011NDM5	[819, 0, 0, 0, 0, 0, 0, 0, 0]

 ### Operon type: 270

	 A0A011MSR2	[0, 0, 0, 596, 0, 0, 0, 819, 819]

 ### Operon type: 271

	 A0A011WSU6	[0, 819, 0, 0, 574, 0, 0, 0, 0]

 ### Operon type: 272

	 A0A011U3C2	[0, 0, 673, 0, 0, 0, 0, 0, 0]
	 A0A011AEN3	[0, 0, 0, 0, 0, 0, 673, 0, 0]

 ### Operon type: 273

	 A0A011AAZ2	[0, 82, 0, 0, 0, 673, 673, 673, 0]

 ### Operon type: 274

	 A0A011T698	[0, 0, 0, 0, 0, 680, 673, 0, 0]

 ### Operon type: 275

	 A0A010YRE8	[0, 0, 0, 0, 0, 0, 0, 11, 0]

 ### Operon type: 276

	 A0A011AF05	[0, 0, 257, 11, 0, 0, 0, 0, 0]

 ### Operon type: 277

	 A0A009ZG48	[0, 0, 0, 718, 0, 0, 0, 0, 0]

 ### Operon type: 278

	 A0A011PEJ8	[0, 0, 719, 718, 0, 0, 0, 0, 0]

 ### Operon type: 279

	 A0A011QNJ7	[780, 0, 0, 718, 0, 0, 0, 780, 0]

 ### Operon type: 280

	 A0A011MMJ4	[0, 0, 0, 0, 0, 0, 0, 780, 0]

 ### Operon type: 281

	 A0A011R8M3	[0, 0, 719, 718, 0, 368, 0, 780, 0]

 ### Operon type: 282

	 A0A009ZC82	[0, 0, 682, 0, 0, 0, 0, 0, 0]

 ### Operon type: 283

	 A0A011P3F6	[763, 0, 0, 682, 0, 0, 0, 0, 0]

 ### Operon type: 284

	 A0A009IG48	[0, 0, 0, 161, 160, 0, 0, 0, 763]

 ### Operon type: 285

	 A0A009IMQ0	[0, 0, 0, 161, 160, 0, 0, 0, 0]

 ### Operon type: 286

	 A0A009SWV1	[0, 0, 0, 0, 0, 0, 0, 161, 0]

 ### Operon type: 287

	 A0A009Q512	[0, 0, 0, 0, 199, 0, 0, 0, 0]
	 A0A009PMZ9	[199, 0, 0, 0, 0, 0, 0, 0, 0]

 ### Operon type: 288

	 A0A009IFL2	[0, 76, 0, 75, -1, 0, 0, 0]

 ### Operon type: 289

	 A0A009ZDS1	[-1, -1, 0, 76, 0, 0, 559, 0, 0]

 ### Operon type: 290

	 A0A010SNM6	[61, 60, -1, 0, 0, 0, 773, 0, 0]

 ### Operon type: 291

	 A0A010T5D8	[60, 61, 0, -1, 0, -1, 339, 0, 0]

 ### Operon type: 292

	 A0A011UB51	[569, 0, 0, 0, 0, 0, 0, 0, 0]
	 A0A011UFH1	[0, 0, 0, 0, 0, 569, 0, 0, 0]

 ### Operon type: 293

	 A0A011V965	[0, -1, -1, 0, 286, 0, -1, -1, 0]
	 A0A011VHP2	[0, -1, -1, -1, 286, 0, 0, 0, 0]

 ### Operon type: 294

	 A0A010RVD0	[-1, 0, 0, -1, 0, 863, 863, 0, 33]

 ### Operon type: 295

	 A0A010T7Q5	[0, 33, 0, 0, 0, 0, -1, 0, 0]

 ### Operon type: 296

	 A0A010SJH7	[0, 0, 773, -1, 0, 0, 196, 0, 0]

 ### Operon type: 297

	 A0A010SRR2	[0, 0, -1, 0, 0, 0, 0, 0, 773]

 ### Operon type: 298

	 A0A010RKP8	[0, 0, 0, 0, 0, 0, -1, 0, 0]
	 A0A009HJU6	[0, 0, 0, 0, 0, 0, 0, 0, -1]
	 A0A011UZ32	[0, 0, 0, 0, 0, -1, 0, 0, 0]
	 A0A010TF14	[-1, 0, 0, 0, 0, 0, 0, 0, 0]
	 A0A010RY47	[-1, 0, -1, 0, 0, 0, 0, 0, 0]

 ### Operon type: 299

	 A0A010SJF9	[0, 0, 0, 0, 0, -1, 0, 62, -1]

 ### Operon type: 300

	 A0A011ML54	[0, 0, 0, 782, 0, 0, 0, 0, -1]

 ### Operon type: 301

	 A0A011NHY1	[0, 0, 0, 0, 0, 773, 0, 0, 0]

 ### Operon type: 302

	 A0A010Z171	[0, 0, 0, 0, 0, 0, 773, 0, 595]

 ### Operon type: 303

	 A0A011T697	[773, 0, 0, 0, 0, 0, 0, 0, 318]

 ### Operon type: 304

	 A0A011TDD1	[0, 314, 773, 0, 0, 0, 0, 0, 0]

 ### Operon type: 305

	 A0A011VW24	[0, 0, 844, 0, 0, 0, 0, 0, -1]

 ### Operon type: 306

	 A0A011T8V3	[0, 0, 844, 0, 0, 0, 0, 0, 0]

 ### Operon type: 307

	 A0A010TH98	[623, 0, 0, 844, 0, 0, 0, 0, 0]

 ### Operon type: 308

	 A0A011QVR3	[0, 0, 0, 0, 0, 0, 0, 845, 844]

 ### Operon type: 309

	 A0A011VYF1	[844, 0, 0, 0, 0, 0, 569, 0, 0]

 ### Operon type: 310

	 A0A010S415	[-1, 844, 0, 195, 0, 0, 0, 0, 547]

 ### Operon type: 311

	 A0A011QSN2	[0, 0, 0, 0, 0, 0, 0, 0, 0]
	 A0A011NMI8	[0, 0, 0, 0, 0, 0, 0, 0, 0]
	 A0A011NTU3	[0, 0, 0, 0, 0, 0, 0, 0, 0]
	 A0A011PBM9	[0, 0, 0, 0, 0, 0, 0, 0, 0]
	 A0A011NAJ1	[0, 0, 0, 0, 0, 0, 0, 0, 0]
	 A0A011P9Z5	[0, 0, 0, 0, 0, 0, 0, 0, 0]
	 A0A011QMJ8	[0, 0, 0, 0, 0, 0, 0, 0, 0]
	 A0A011Q056	[0, 0, 0, 0, 0, 0, 0, 0, 0]
	 A0A011N2Z0	[0, 0, 0, 0, 0, 0, 0, 0, 0]
	 A0A011PNN2	[0, 0, 0, 0, 0, 0, 0, 0, 0]
	 A0A011VYF6	[0, 0, 0, 0, 0, 0, 0, 0, 0]
	 A0A013TEV4	[0, 0, 0, 0, 0, 0, 0, 0, 0]
	 A0A011UHL2	[0, 0, 0, 0, 0, 0, 0, 0, 0]
	 A0A011UBN9	[0, 0, 0, 0, 0, 0, 0, 0, 0]
	 A0A009PDV4	[0, 0, 0, 0, 0, 0, 0, 0, 0]
	 A0A009M4K0	[0, 0, 0, 0, 0, 0, 0, 0, 0]
	 A0A013S2B9	[0, 0, 0, 0, 0, 0, 0, 0, 0]
	 A0A013SBR8	[0, 0, 0, 0, 0, 0, 0, 0, 0]
	 A0A013SL47	[0, 0, 0, 0, 0, 0, 0, 0, 0]
	 A0A011WUT3	[0, 0, 0, 0, 0, 0, 0, 0, 0]
	 A0A011VNE2	[0, 0, 0, 0, 0, 0, 0, 0, 0]
	 A0A009MH90	[0, 0, 0, 0, 0, 0, 0, 0, 0]
	 A0A009HIL8	[0, 0, 0, 0, 0, 0, 0, 0, 0]
	 A0A010SHY1	[0, 0, 0, 0, 0, 0, 0, 0, 0]
	 A0A011UFM5	[0, 0, 0, 0, 0, 0, 0, 0, 0]
	 A0A010YJA7	[0, 0, 0, 0, 0, 0, 0, 0, 0]
	 A0A010SPJ7	[0, 0, 0, 0, 0, 0, 0, 0, 0]
	 A0A010SSQ8	[0, 0, 0, 0, 0, 0, 0, 0, 0]
	 A0A010T025	[0, 0, 0, 0, 0, 0, 0, 0, 0]
	 A0A010ZTI3	[0, 0, 0, 0, 0, 0, 0, 0, 0]
	 A0A011A146	[0, 0, 0, 0, 0, 0, 0, 0, 0]
	 A0A010YZS8	[0, 0, 0, 0, 0, 0, 0, 0, 0]
	 A0A010Z120	[0, 0, 0, 0, 0, 0, 0, 0, 0]

 ### Operon type: 312

	 A0A010TG27	[777, 0, 54, 0, 0, 0, 700, 0, 0]

 ### Operon type: 313

	 A0A011PMK1	[0, 0, 0, 0, 0, 0, 0, 777, 0]

 ### Operon type: 314

	 A0A009HM15	[0, 223, 122, 0, 0, 0, -1, 0, 0]

 ### Operon type: 315

	 A0A009HRU1	[0, 177, 0, 0, 0, 0, 0, 0, 0]

 ### Operon type: 316

	 A0A009HSN8	[0, 202, 0, 0, 0, -1, 0, 275, -1]

 ### Operon type: 317

	 A0A009HV82	[120, 0, 0, 0, 0, 0, 0, 0, 0]

 ### Operon type: 318

	 A0A009IG74	[0, 0, 139, 0, 478, -1, 0, 0, 0]

 ### Operon type: 319

	 A0A009IJ90	[0, 90, 0, 0, 0, 0, 0, 0, 0]

 ### Operon type: 320

	 A0A009NM94	[0, 743, 743, 0, 0, 0, 314, 0, 0]

 ### Operon type: 321

	 A0A009Q4N5	[0, 0, 200, 0, 0, 0, 0, 0, 0]

 ### Operon type: 322

	 A0A009SSZ9	[0, 94, 0, 0, 0, 0, 0, 0, 0]

 ### Operon type: 323

	 A0A009YIH1	[0, 0, 0, 0, 225, 0, -1, -1, 2]

 ### Operon type: 324

	 A0A009YR05	[0, 0, 0, 0, 172, 0, 0, 0, 0]

 ### Operon type: 325

	 A0A009Z004	[127, 0, 127, 0, 0, 595, 0, 0, 0]

 ### Operon type: 326

	 A0A010RUQ5	[0, 0, 0, 0, 0, 0, 0, 0, 310]

 ### Operon type: 327

	 A0A010S195	[682, 0, 58, 57, 0, 0, 0, 0, 0]

 ### Operon type: 328

	 A0A010SCZ2	[0, 0, 0, 0, 0, 0, 0, 502, 0]

 ### Operon type: 329

	 A0A010SN41	[0, 0, 0, 0, 489, 0, 0, 0, 0]

 ### Operon type: 330

	 A0A010SSU2	[0, 0, 0, 0, 105, 0, -1, 670, 0]

 ### Operon type: 331

	 A0A010SUP6	[0, 0, 0, 0, 0, 0, 0, 57, 0]

 ### Operon type: 332

	 A0A010SUY9	[0, 0, 0, 0, 0, 368, 719, 0]

 ### Operon type: 333

	 A0A010THK2	[0, 0, -1, 0, 0, 781, 595, 0, 0]

 ### Operon type: 334

	 A0A010SRL4	[54, 0, 0, -1, 0, 0, 0, 595, 157]

 ### Operon type: 335

	 A0A010YX61	[329, 673, 0, 844, 0, 0, 0, 0, 0]

 ### Operon type: 336

	 A0A010S5W8	[0, 0, 596, 792, 0, 0, 0, 0, 0]

 ### Operon type: 337

	 A0A011NE37	[581, 0, 0, 0, 0, 0, 0, 0, 0]

 ### Operon type: 338

	 A0A011NF78	[0, 0, 870, 0, 0, 0, 0, 0, 0]

 ### Operon type: 339

	 A0A011NVE2	[0, 0, 0, 839, 0, 0, 773, 0, 734]

 ### Operon type: 340

	 A0A011NXJ4	[0, 0, 0, 0, 0, 0, 0, 0, 727]

 ### Operon type: 341

	 A0A011P8I1	[0, 0, 674, 673, 0, 0, 0, 0, 672]

 ### Operon type: 342

	 A0A011P9Q7	[668, 0, 0, 0, 0, 0, 0, 0, 0]

 ### Operon type: 343

	 A0A011PJ75	[0, 839, 652, 839, 0, 0, 0, 0, 0]

 ### Operon type: 344

	 A0A011PRB4	[0, 0, 0, 0, 0, 0, 0, 664, 0]

 ### Operon type: 345

	 A0A011QVT2	[843, 0, 0, 0, 0, 0, 0, 842, 0]

 ### Operon type: 346

	 A0A011RP14	[0, 0, 0, 0, 0, 0, 0, 750, 0]

 ### Operon type: 347

	 A0A011SM49	[773, 0, 750, 0, 0, 0, 451, 0, 0]

 ### Operon type: 348

	 A0A011AM27	[665, 0, 0, 0, 562, 0, 0, 0, 28]

 ### Operon type: 349

	 A0A011T607	[0, 0, 792, 0, 0, 0, 0, 0, 314]

 ### Operon type: 350

	 A0A011TAW2	[0, 0, 0, 0, 0, 0, 482, 0, 0]

 ### Operon type: 351

	 A0A011TED9	[0, 0, 0, 0, 0, 381, 0, 0, 0]

 ### Operon type: 352

	 A0A011TXS5	[0, 444, 0, 0, 0, 0, 0, 0, 0]

 ### Operon type: 353

	 A0A011U144	[0, 310, 0, 0, 0, 0, 727, 427, 0]

 ### Operon type: 354

	 A0A011U1C8	[680, 0, 0, 0, 0, 0, 0, 0, 309]

 ### Operon type: 355

	 A0A011U483	[0, 0, 0, 0, 0, 679, 0, 0, 0]

 ### Operon type: 356

	 A0A011UG86	[0, 738, 0, 0, 0, 62, 0, 0, 0]

 ### Operon type: 357

	 A0A011UQB5	[741, 687, 0, 0, 0, 0, 0, 569, 0]

 ### Operon type: 358

	 A0A011UVI5	[0, 0, 0, 0, 0, 81, 839, 839, 0]

 ### Operon type: 359

	 A0A011UWI3	[0, 0, 0, 0, 150, 0, 80, 682, 0]

 ### Operon type: 360

	 A0A011V5E6	[0, 0, 0, 0, 0, 491, 0, 0, 0]

 ### Operon type: 361

	 A0A011M4H6	[503, 0, 604, 0, 0, 0, 0, 0, 0]

 ### Operon type: 362

	 A0A011VSV3	[0, 0, 0, 0, 0, 0, 712, 0, 0]

 ### Operon type: 363

	 A0A011VWI0	[0, 0, 0, 0, 0, 300, 0, 0, 0]

 ### Operon type: 364

	 A0A011VZ91	[467, 0, 0, 0, 0, 0, 0, 0, 0]

 ### Operon type: 365

	 A0A011WP76	[0, 0, 0, 0, 0, 0, 0, 0, 847]

 ### Operon type: 366

	 A0A011WSD4	[0, 0, 0, -1, 0, 819, 0, 0, 466]

 ### Operon type: 367

	 A0A011WT35	[466, 0, 0, 0, 0, 0, 0, 0, 0]

 ### Operon type: 368

	 A0A013S843	[0, 222, 0, 0, 0, 0, -1, 221, 0]

 ### Operon type: 369

	 A0A013T5E6	[0, 0, 0, 432, 0, 0, 0, 0, 0]

 ### Operon type: 370

	 A0A009T185	[840, 0, 652, 652, 533, 839, 652, 532, 793]

 ### Operon type: 371

	 A0A010IN36	[534, 773, 0, 0, 533, 839, 652, 532, 793]

 ### Operon type: 372

	 A0A009PG43	[839, 652, 414, 842, 0, 532, 793, 0, 0]

 ### Operon type: 373

	 A0A009INE0	[534, 0, 0, 0, 0, 0, 0, 652, 532]

 ### Operon type: 374

	 A0A009T9H0	[0, 2, 763, -1, 0, 0, 178, 0, 177]

 ### Operon type: 375

	 A0A010THH5	[0, 69, 76, 81, 0, 0, 739, 0, 559]

 ### Operon type: 376

	 A0A011WSH8	[0, 0, 0, 700, 490, 0, 0, 0, 0]
	 A0A011VZE3	[0, 0, 0, 700, 490, 0, 0, 0, 0]

 ### Operon type: 377

	 A0A011NAF3	[0, 0, 0, 0, 0, 0, 700, 0, 785]

 ### Operon type: 378

	 A0A009IQ93	[305, 0, 700, 0, 0, 157, 0, 0, 0]

 ### Operon type: 379

	 A0A009Q8S9	[0, 0, 763, 474, 0, 440, 0, 0, 0]

 ### Operon type: 380

	 A0A009TLU4	[0, 444, -1, 234, 0, 31, 0, -1, -1]

 ### Operon type: 381

	 A0A009ZB47	[97, 152, 0, 0, 0, 819, 557, 0, 0]

 ### Operon type: 382

	 A0A009ZVR4	[748, 0, 673, 0, 0, 48, 0, 0, 47]

 ### Operon type: 383

	 A0A010JIN9	[557, 0, 0, 137, 185, 0, 0, 0, 0]

 ### Operon type: 384

	 A0A010S003	[708, 0, 0, 0, 0, 738, 738, 529, 0]

 ### Operon type: 385

	 A0A010SMN8	[0, -1, 59, 0, 606, 0, 0, 715, 0]

 ### Operon type: 386

	 A0A010SXS1	[0, 414, 0, 0, 0, 462, 0, 0, 842]

 ### Operon type: 387

	 A0A010T689	[28, -1, 739, 753, 0, 0, 0, 0, 0]

 ### Operon type: 388

	 A0A010TBB4	[0, 354, 0, 62, 0, 0, 0, 0, 680]

 ### Operon type: 389

	 A0A010YFK3	[0, 826, 0, 0, 0, 0, 166, 0, 309]

 ### Operon type: 390

	 A0A010YVY1	[8, 0, 8, 0, 0, 0, 0, 529, 0]

 ### Operon type: 391

	 A0A010ZSZ2	[0, 82, 0, 25, 24, 0, 0, 0, 0]

 ### Operon type: 392

	 A0A010Z0Y7	[0, 0, 0, 0, 24, 195, 0, 0, 0]

 ### Operon type: 393

	 A0A011A0M8	[0, 0, 595, 0, 75, 0, 0, 10, 10]

 ### Operon type: 394

	 A0A011NFL4	[0, 779, 0, 0, 778, 777, 0, 776, 0]

 ### Operon type: 395

	 A0A011P407	[0, 0, 681, 742, 0, 0, 680, 0, 679]

 ### Operon type: 396

	 A0A011QGT2	[700, 0, 0, 643, 642, 0, 0, 0, 0]

 ### Operon type: 397

	 A0A011QSA4	[873, 0, 872, 871, 0, 0, 0, 0, 870]

 ### Operon type: 398

	 A0A011T6J6	[0, 830, 0, 673, 0, 0, 317, 0, 316]

 ### Operon type: 399

	 A0A011TAL2	[0, 792, 0, 0, 0, 315, 0, 729, 0]

 ### Operon type: 400

	 A0A011TZG0	[595, 820, 0, 0, 0, 0, 0, 442, 0]

 ### Operon type: 401

	 A0A011UGY3	[493, 492, 491, 56, 0, 0, 0, 56, 0]

 ### Operon type: 402

	 A0A011UII7	[0, 0, 0, 0, 0, 734, 441, 0, 0]

 ### Operon type: 403

	 A0A011UNT9	[440, 453, 0, 0, 0, 0, 0, 0, 0]

 ### Operon type: 404

	 A0A011SIS0	[0, 807, 454, 454, 0, 0, 0, 453, 0]

 ### Operon type: 405

	 A0A011UT49	[0, 82, 0, 0, 0, 0, 414, 174, 0]

 ### Operon type: 406

	 A0A011VU65	[167, 0, 0, 0, 0, 166, 0, 712, 304]

 ### Operon type: 407

	 A0A011VV03	[0, 505, 0, 0, 504, 503, 0, 0, 0]

 ### Operon type: 408

	 A0A011VVZ9	[0, 0, -1, 0, 0, 502, 501, 501, 500]

 ### Operon type: 409

	 A0A011VWX7	[842, 579, 0, 0, 0, 0, 0, 740, 0]

 ### Operon type: 410

	 A0A011VXK7	[743, 743, 0, 572, 0, 0, 0, 832, 0]

 ### Operon type: 411

	 A0A011W0I6	[465, 0, 0, 0, 0, 586, 0, 782, 0]

 ### Operon type: 412

	 A0A010YEF6	[0, 465, 0, 0, 0, 0, 0, 0, 35]

 ### Operon type: 413

	 A0A013SQH1	[0, 0, 0, 0, 489, 584, 0, 568, 691]

 ### Operon type: 414

	 A0A009QJA8	[119, 118, 0, 0, 0, 0, 0, 0, 615]

 ### Operon type: 415

	 A0A009YL68	[0, 0, 680, 331, 327, 0, 0, 4, 0]

 ### Operon type: 416

	 A0A010JNG7	[568, 0, 0, 567, 0, 0, 0, 0, 0]

 ### Operon type: 417

	 A0A010RM40	[605, 700, 618, 0, 0, 0, 0, -1, 701]

 ### Operon type: 418

	 A0A010RRQ6	[0, 604, 0, 0, 0, 606, 603, 602, 0]

 ### Operon type: 419

	 A0A010S423	[317, 0, 0, 0, 0, 0, 0, 80, 747]

 ### Operon type: 420

	 A0A010T0I7	[0, 0, 35, 0, 0, 674, 872, 700, 0]

 ### Operon type: 421

	 A0A010ZUR7	[505, 23, 0, 23, 0, 22, 529, 0, 0]

 ### Operon type: 422

	 A0A011NA78	[0, 702, 0, 0, 0, 863, 0, 0, 701]

 ### Operon type: 423

	 A0A011P8W7	[671, 681, 842, 0, 670, 0, 0, 0, 0]

 ### Operon type: 424

	 A0A011PG97	[715, 0, 0, 714, 0, 0, 0, 0, 0]

 ### Operon type: 425

	 A0A011PKT4	[0, 584, 0, 0, 0, 0, 583, 0, 0]

 ### Operon type: 426

	 A0A011PLB2	[0, 671, 0, 585, 0, 0, 0, 0, 0]

 ### Operon type: 427

	 A0A011R339	[0, 0, 0, 0, 0, 0, 399, 398, 0]

 ### Operon type: 428

	 A0A011SFE5	[0, 0, 0, 743, 0, 0, 779, 742, 741]

 ### Operon type: 429

	 A0A011SJT5	[0, 0, 0, 500, 452, 452, 452, 452, 452]

 ### Operon type: 430

	 A0A011TDQ5	[0, 0, 0, 0, 313, 588, 0, 0, 0]

 ### Operon type: 431

	 A0A011VT01	[0, 0, 168, 0, 0, 168, 0, 0, 251]

 ### Operon type: 432

	 A0A009Z3V9	[700, 0, 0, 0, 0, 126, 593, 125, 124]

 ### Operon type: 433

	 A0A010SRB2	[31, 30, 0, 0, 0, 30, 61, 0, 0]

 ### Operon type: 434

	 A0A010KA25	[557, 0, 739, 514, 333, 0, 0, 557, 332]

 ### Operon type: 435

	 A0A011TZN1	[389, 388, 387, 0, 386, 0, 0, 0, 0]

 ### Operon type: 436

	 A0A011VJ76	[175, 175, 174, 776, 0, 700, 595, 0, 681]

 ### Operon type: 437

	 A0A011UG17	[248, 0, 468, 0, 498, 167, 0, 0, 0]

 ### Operon type: 438

	 A0A011WUA8	[804, 0, 0, 207, 0, 0, 0, 206, 206]

 ### Operon type: 439

	 A0A010S4X6	[0, 195, 618, 738, 337, 0, 730, 582, 781]

 ### Operon type: 440

	 A0A010YY02	[0, 7, 0, 0, 7, 620, 6, 0, 9]
