
 ### Operon type: 1

	 A0A010ILU3	[491, 490, 489, 488, 487, 486, 485, 484, 483]
	 A0A009QS71	[491, 490, 489, 488, 487, 486, 485, 484, 483]
	 A0A009MW50	[491, 490, 489, 488, 487, 486, 485, 484, 483]
	 A0A009QBR9	[491, 490, 489, 488, 487, 486, 484, 483, 198]
	 A0A009H3B0	[491, 490, 489, 488, 487, 486, 485, 484, 483]
	 A0A009I8S2	[491, 490, 489, 488, 487, 486, 484, 483, 198]
	 A0A009TM70	[491, 490, 489, 488, 487, 486, 484, 483, 198]

 ### Operon type: 2

	 A0A013TH43	[247, 246, 543, 245, 244, 243, 242, 241, 240]
	 A0A009RAF0	[247, 246, 543, 245, 244, 243, 242, 241, 240]

 ### Operon type: 3

	 A0A011PVT3	[798, 783, 782, 781, 780, 779, 778, 777, 776]
	 A0A011R7V7	[798, 783, 782, 781, 780, 779, 778, 777, 776]
	 A0A011MET3	[798, 783, 782, 781, 780, 779, 778, 777, 776]

 ### Operon type: 4

	 A0A009HBT3	[540, 348, 483, 347, 346, 353, 427, 345, 344]
	 A0A013RZW2	[540, 348, 483, 347, 346, 353, 427, 345, 344]
	 A0A013SNJ8	[540, 348, 483, 347, 346, 353, 427, 345, 344]
	 A0A009MMM3	[540, 348, 483, 347, 346, 353, 427, 345, 344]
	 A0A009PH20	[540, 348, 483, 347, 346, 353, 427, 345, 344]
	 A0A009RD69	[540, 348, 483, 347, 346, 353, 427, 345, 344]
	 A0A010J9U3	[540, 348, 483, 347, 346, 353, 427, 345, 344]
	 A0A009SIZ4	[540, 348, 483, 347, 346, 353, 427, 345, 344]
	 A0A009IV03	[540, 348, 483, 347, 346, 353, 427, 345, 344]
	 A0A009YIZ0	[540, 348, 483, 347, 346, 353, 427, 345, 344]

 ### Operon type: 5

	 A0A009PH57	[173, 172, -1, 171, 170, 730, 169, 298, 168]
	 A0A009TG92	[173, 172, -1, 171, 170, 730, 169, 298, 168]

 ### Operon type: 6

	 A0A013S288	[317, 316, 315, 314, 353, 313, 312, 311, 310]
	 A0A013SXT2	[317, 316, 315, 314, 353, 313, 312, 311, 310]
	 A0A009N031	[317, 316, 315, 314, 353, 313, 312, 311, 310]
	 A0A009PWG1	[317, 316, 315, 314, 353, 313, 312, 311, 310]
	 A0A009SFX8	[317, 316, 315, 314, 95, 353, 313, 312, 311]
	 A0A009I0I9	[317, 316, 315, 314, 353, 313, 312, 311, 310]
	 A0A010J3I1	[317, 316, 315, 314, 353, 313, 312, 311, 310]
	 A0A009R2X0	[317, 316, 315, 314, 353, 313, 312, 311, 310]
	 A0A009TBM2	[316, 315, 314, 95, 353, 313, 312, 311, 310]

 ### Operon type: 7

	 A0A009IRJ6	[266, 709, 594, 265, 264, 549, 263, 262, 261]
	 A0A013T8M5	[266, 709, 594, 265, 264, 549, 263, 262, 261]
	 A0A013SZ54	[266, 709, 594, 265, 264, 549, 263, 262, 261]
	 A0A009N123	[266, 709, 594, 265, 264, 549, 263, 262, 261]
	 A0A009Q3K7	[266, 709, 594, 265, 264, 549, 263, 262, 261]
	 A0A009RBQ2	[266, 709, 594, 265, 264, 549, 263, 262, 261]
	 A0A010IMP8	[266, 709, 594, 265, 264, 549, 263, 262, 261]
	 A0A009SWU0	[266, 709, 594, 265, 264, 549, 263, 262, 261]
	 A0A009H7U0	[266, 709, 594, 265, 264, 549, 263, 262, 261]
	 A0A009ZM43	[-1, 709, 594, 265, 264, 549, 263, 262, 261]

 ### Operon type: 8

	 A0A009ZIC0	[532, 531, 530, 529, 528, 606, 527, 526, 525]
	 A0A013RMD0	[-1, 531, 530, 529, 528, 606, 527, 526, 525]
	 A0A009N9Z1	[-1, 531, 530, 529, 528, 606, 527, 526, 525]
	 A0A009QDV7	[-1, 531, 530, 529, 528, 606, 527, 526, 525]
	 A0A009RG92	[-1, 531, 530, 529, 528, 606, 527, 526, 525]
	 A0A009IHQ3	[-1, 531, 530, 529, 528, 606, 527, 526, 525]
	 A0A010JDA6	[-1, 531, 530, 529, 528, 606, 527, 526, 525]
	 A0A009S854	[-1, 531, 530, 529, 528, 606, 527, 526, 525]
	 A0A009H6M2	[-1, 531, 530, 529, 528, 606, 527, 526, 525]

 ### Operon type: 9

	 A0A011UIA1	[125, 124, 123, 122, 121, 120, 119, 118, 0]
	 A0A011V5V3	[0, 125, 124, 123, 122, 121, 120, 119, 118]

 ### Operon type: 10

	 A0A011PTE7	[603, 602, 601, 600, 599, 0, 598, 597, 596]
	 A0A011NE72	[603, 602, 601, 600, 599, 598, 597, 596, 0]

 ### Operon type: 11

	 A0A010JWJ1	[387, 104, 775, 107, 386, 385, 384, 383, 382]
	 A0A009I4A1	[387, 104, 775, 107, 386, 385, 384, 383, 382]

 ### Operon type: 12

	 A0A009QF22	[389, 388, 387, 0, 386, 385, 384, 383, 382]
	 A0A009TBY8	[389, 388, 387, 107, 386, 385, 384, 383, 382]

 ### Operon type: 13

	 A0A011NEY3	[593, 872, 873, 871, 871, 870, 869, 868, 0]

 ### Operon type: 14

	 A0A011PAN4	[872, 873, 0, 871, 871, 870, 869, 868, 867]

 ### Operon type: 15

	 A0A011RCD5	[593, 872, 873, 871, 871, 870, 869, 868, 867]

 ### Operon type: 16

	 A0A011P4U7	[0, 646, 645, 644, 643, 642, 641, 640, 639]
	 A0A011NAY5	[646, 645, 644, 643, 642, 641, 640, 639, 0]

 ### Operon type: 17

	 A0A011PF67	[860, 859, 858, 857, 856, 0, 0, 0, 0]
	 A0A011NW66	[860, 859, 858, 857, 856, 682, 0, 0, 0]
	 A0A011NBX7	[860, 859, 858, 857, 856, 682, 0, 0, 0]

 ### Operon type: 18

	 A0A011NS68	[860, 859, 858, 857, 856, 653, 652, 701, 651]
	 A0A011RHX4	[860, 859, 858, 857, 856, 653, 652, 701, 0]

 ### Operon type: 19

	 A0A010YT39	[0, 699, 233, 232, 231, 230, 229, 228, 352]

 ### Operon type: 20

	 A0A010Z7T4	[233, 232, 231, 230, 229, 228, 352, 318, 545]

 ### Operon type: 21

	 A0A010K6G6	[429, 428, 427, 426, 425, 424, 423, 0, 422]
	 A0A013SP43	[429, 428, 427, 426, 425, 424, 423, 197, 422]
	 A0A009RUN3	[429, 428, 427, 426, 425, 424, 423, 197, 422]

 ### Operon type: 22

	 A0A011VWR4	[0, 0, 0, 0, 518, 517, 516, 515, 514]

 ### Operon type: 23

	 A0A011VYP6	[518, 517, 516, 515, 514, 0, 513, 781, 0]

 ### Operon type: 24

	 A0A011QAS2	[0, 756, 755, 754, 753, 752, 751, 750, 749]
	 A0A011NEQ1	[0, 756, 755, 754, 753, 752, 751, 750, 749]

 ### Operon type: 25

	 A0A010JSI3	[614, 613, 612, 611, 610, 609, 608, 607, 0]
	 A0A009HDS5	[614, 613, 612, 611, 610, 609, 608, 607, 343]
	 A0A013T0M4	[614, 613, 612, 611, 610, 609, 608, 607, 0]
	 A0A009RGL2	[614, 613, 612, 611, 610, 609, 608, 607, 343]

 ### Operon type: 26

	 A0A009SNL0	[60, 59, 354, 144, 143, 142, 141, 140, 139]

 ### Operon type: 27

	 A0A009T1I8	[354, 144, 143, 142, 141, 140, 139, 0, 0]

 ### Operon type: 28

	 A0A011VW71	[0, 571, 570, 569, 568, 567, 566, 565, 564]
	 A0A011VUV0	[571, 570, 569, 568, 567, 566, 565, 564, 0]

 ### Operon type: 29

	 A0A011UG71	[52, 223, 51, 50, 49, 224, 48, 222, 47]

 ### Operon type: 30

	 A0A011V8Z7	[0, 0, 52, 223, 51, 50, 49, 224, 48]

 ### Operon type: 31

	 A0A011V8Y9	[50, 49, 224, 48, 222, 47, 0, 0, 0]

 ### Operon type: 32

	 A0A011U8C0	[0, 224, 223, 0, 295, 222, 0, 0, 0]

 ### Operon type: 33

	 A0A011QSF0	[0, 835, 834, 833, 832, 831, 830, 829, 0]
	 A0A011Q0X6	[804, 835, 834, 833, 832, 831, 830, 829, 803]
	 A0A011Q1X8	[835, 0, 834, 833, 832, 831, 830, 829, 803]
	 A0A011QBB5	[804, 835, 834, 833, 832, 831, 830, 829, 803]

 ### Operon type: 34

	 A0A011PG87	[804, 835, 834, 833, 832, 831, 830, 0, 0]

 ### Operon type: 35

	 A0A011PCT1	[866, 865, 864, 0, 0, 0, 0, 863, 0]

 ### Operon type: 36

	 A0A011QU35	[0, 0, 0, 0, 823, 0, 866, 865, 864]

 ### Operon type: 37

	 A0A011Q2B1	[826, 796, 823, 795, 864, 794, 793, 792, 863]

 ### Operon type: 38

	 A0A011RLN8	[825, 824, 823, 795, 864, 794, 793, 792, 863]

 ### Operon type: 39

	 A0A011P700	[0, 0, 828, 827, 826, 796, 823, 795, 864]

 ### Operon type: 40

	 A0A011QSI4	[0, 0, 828, 827, 826, 0, 825, 824, 823]

 ### Operon type: 41

	 A0A013S981	[437, 656, 436, 435, 362, 361, 805, 434, 808]
	 A0A013T337	[656, 436, 435, 362, 361, 805, 434, 808, 433]
	 A0A013TH30	[656, 436, 435, 362, 361, 805, 434, 808, 433]

 ### Operon type: 42

	 A0A010JY00	[437, 656, 436, 435, 536, 805, 434, 808, 433]

 ### Operon type: 43

	 A0A009MGJ1	[411, 410, 409, 408, 407, 406, 590, 775, 405]
	 A0A009QQ47	[411, 410, 409, 408, 407, 406, 590, 775, 405]
	 A0A013TPV4	[411, 410, 409, 408, 407, 406, 590, 775, 405]
	 A0A009HR98	[411, 410, 409, 408, 407, 406, 590, 775, 405]
	 A0A010IZE4	[411, 410, 409, 408, 407, 406, 590, 775, 405]
	 A0A009SZB5	[411, 410, 409, 408, 407, 406, 590, 775, 405]
	 A0A009HL81	[411, 410, 409, 408, 407, 406, 590, 775, 405]

 ### Operon type: 44

	 A0A009Z8F7	[410, 409, 406, 0, 407, 290, 290, 0, 289]

 ### Operon type: 45

	 A0A009HFU9	[85, 84, 83, 82, 532, 506, 81, 80, 0]
	 A0A009R016	[85, 84, 83, 82, 532, -1, 506, 81, 80]

 ### Operon type: 46

	 A0A011UJN3	[0, 280, 0, 0, 638, 637, 636, 635, 634]

 ### Operon type: 47

	 A0A011W213	[638, 637, 636, 635, 634, 633, 0, 0, 0]

 ### Operon type: 48

	 A0A011QUG8	[822, 821, 820, 819, 818, 817, 0, 816, 815]
	 A0A011QIT1	[822, 821, 820, 819, 818, 817, 816, 815, 855]

 ### Operon type: 49

	 A0A011NVE7	[619, 618, 617, 705, 785, 786, 787, 788, 789]
	 A0A011PP01	[619, 618, 617, 705, 785, 786, 787, 788, 789]

 ### Operon type: 50

	 A0A011P2I4	[759, 691, 790, 789, 788, 787, 786, 785, 705]
	 A0A011N9N8	[759, 691, 790, 789, 788, 787, 786, 785, 705]

 ### Operon type: 51

	 A0A011PIY7	[791, 0, 790, 789, 788, 787, 786, 0, 705]

 ### Operon type: 52

	 A0A011Q3J4	[0, 791, 790, 789, 788, 787, 786, 785, 0]

 ### Operon type: 53

	 A0A011MH88	[706, 791, 790, 789, 788, 787, 786, 785, 705]

 ### Operon type: 54

	 A0A009QFZ7	[381, 380, 523, 522, 521, 379, 378, 377, 520]
	 A0A013SPM5	[381, 380, 523, 522, 521, 379, 378, 377, 520]
	 A0A009HSL1	[381, 380, 523, 522, 521, 379, 378, 377, 520]
	 A0A010IX62	[381, 380, 523, 522, 521, 379, 378, 377, 520]
	 A0A009MH71	[381, 380, 523, 522, 521, 379, 378, 377, 520]
	 A0A009I6Z0	[381, 380, 523, 522, 521, 379, 378, 377, 520]
	 A0A009TK03	[381, 380, 523, 522, 521, 379, 378, 377, 520]

 ### Operon type: 55

	 A0A009ZIX8	[0, 524, 523, 522, 521, 559, 0, 520, 0]

 ### Operon type: 56

	 A0A010JJN4	[504, 503, 502, 501, 510, 500, 499, 675, 657]
	 A0A013TPR7	[504, 503, 502, 501, 510, 500, 499, 675, 657]
	 A0A009PMT3	[504, 503, 502, 501, 510, 500, 499, 675, 657]
	 A0A009NI48	[504, 503, 502, 501, 510, 500, 499, 675, -1]
	 A0A009SEP4	[504, 503, 502, 501, 510, 0, 500, 499, 0]
	 A0A009RMI1	[504, 503, 502, 501, 510, 500, 499, 675, 0]
	 A0A009HJJ5	[504, 503, 502, 501, 510, 500, 499, 675, 40]
	 A0A009I8I7	[504, 503, 502, 501, 510, 500, 499, 675, 40]
	 A0A009YG45	[0, 504, 503, 502, 510, 0, 500, 499, 675]

 ### Operon type: 57

	 A0A013S8F0	[370, 419, 369, 368, 367, 775, 767, 366, 658]
	 A0A013TPQ9	[370, 419, 369, 368, 367, 775, 767, 366, 658]
	 A0A009PMU2	[370, 419, 369, -1, 367, 775, 767, 366, 658]
	 A0A010IZH1	[-1, 419, 369, 368, 367, 775, 767, 366, 658]
	 A0A009SZ84	[370, 419, 369, 368, 367, 775, 767, 366, 658]
	 A0A009HJM0	[370, 419, 369, 368, 367, 775, 767, 366, 658]

 ### Operon type: 58

	 A0A009HUS9	[419, 369, 0, 368, 367, 66, -1, 65, 64]

 ### Operon type: 59

	 A0A009ISE1	[500, 499, 675, 64, 65, -1, 66, 367, 368]

 ### Operon type: 60

	 A0A009NPS1	[370, 419, 369, 368, 367, -1, 675, 499, 500]

 ### Operon type: 61

	 A0A009QSI3	[466, 465, 464, 463, 462, 673, 672, 461, -1]
	 A0A013SB36	[466, 465, 464, 463, 462, 673, 672, 461, 360]

 ### Operon type: 62

	 A0A010ITP2	[466, 465, 464, 463, 462, 673, 672, 0, 0]

 ### Operon type: 63

	 A0A009SII9	[-1, 465, 464, 463, 462, 673, 672, 94, 93]

 ### Operon type: 64

	 A0A009T0Q9	[462, 673, 672, 94, 93, 360, 706, 775, 56]

 ### Operon type: 65

	 A0A009YJF4	[0, 673, 672, 109, 108, 706, 775, 0, 56]

 ### Operon type: 66

	 A0A009GP96	[0, 79, 775, 318, 420, 78, 506, 77, 76]

 ### Operon type: 67

	 A0A009GSR4	[318, 420, 78, 506, 77, 76, 76, 75, 0]

 ### Operon type: 68

	 A0A009IIT6	[79, 775, 318, 420, 77, 76, 76, 75, 0]

 ### Operon type: 69

	 A0A011SQL0	[649, 297, -1, 296, 295, 294, 432, 293, 292]
	 A0A011UZ49	[297, -1, 296, 295, 294, 432, 293, 292, 0]

 ### Operon type: 70

	 A0A009PT82	[691, 736, 338, 337, 336, 335, 334, 333, 332]
	 A0A009SIF9	[691, 736, 338, 337, 336, 335, 334, 333, 332]

 ### Operon type: 71

	 A0A009IS10	[97, 0, 0, 0, 336, 335, 334, 0, 0]

 ### Operon type: 72

	 A0A009QHW5	[0, 0, 0, 491, 336, 335, 334, 0, 288]

 ### Operon type: 73

	 A0A011UVB4	[0, 0, 0, 137, 0, 0, 97, 0, 564]

 ### Operon type: 74

	 A0A011V107	[474, -1, 473, 472, 471, 470, 469, 468, 0]
	 A0A011U7M7	[0, 474, -1, 473, 472, 471, 470, 469, 468]

 ### Operon type: 75

	 A0A011TLH0	[258, 471, 473, 257, 472, 470, 0, 0, 0]

 ### Operon type: 76

	 A0A011UG87	[451, 452, 453, 258, 471, 473, 257, 472, 470]

 ### Operon type: 77

	 A0A011TLH7	[453, 452, 451, 0, 0, 0, 0, 0, 0]

 ### Operon type: 78

	 A0A011TWN2	[450, 449, 448, 447, 446, 445, 444, 0, 0]
	 A0A011TAF9	[0, 0, 450, 449, 448, 447, 446, 445, 444]

 ### Operon type: 79

	 A0A011Q5V7	[850, 0, 0, 0, 849, 848, 847, 846, 845]

 ### Operon type: 80

	 A0A011RM25	[849, 848, 847, 846, 845, 813, 0, 543, 0]

 ### Operon type: 81

	 A0A011QIE8	[770, 769, 768, 767, 766, 765, 764, 0, 0]
	 A0A011QDV3	[770, 769, 768, 767, 766, 765, 736, 0, 764]

 ### Operon type: 82

	 A0A011QAB0	[763, 762, 761, 0, 760, 759, 758, 757, 0]
	 A0A011PL71	[665, 763, 762, 761, 760, 759, 758, 757, 0]

 ### Operon type: 83

	 A0A011Q6N5	[844, 843, 842, 0, 0, 0, 841, 840, 841]

 ### Operon type: 84

	 A0A011SGD5	[0, 0, 0, 0, 0, 0, 844, 843, 842]

 ### Operon type: 85

	 A0A011NYU6	[732, 731, 0, 730, 729, 563, 562, 0, 728]

 ### Operon type: 86

	 A0A011PYI6	[732, 731, 0, 730, 729, 728, 727, 726, 0]

 ### Operon type: 87

	 A0A011P1C0	[0, 0, 563, 562, 728, 0, 0, 0, 0]

 ### Operon type: 88

	 A0A011PKU5	[671, 670, 669, 668, 669, 667, 666, 0, 0]
	 A0A011N4G4	[0, 0, 671, 670, 669, 668, 669, 667, 666]

 ### Operon type: 89

	 A0A010ZWJ8	[14, 13, 12, 545, 11, 690, 438, 690, 10]

 ### Operon type: 90

	 A0A011AHW1	[11, 545, 12, 13, 14, 0, 0, 15, 0]

 ### Operon type: 91

	 A0A011AHU9	[438, 690, 10, 0, 0, 0, 0, 20, 706]

 ### Operon type: 92

	 A0A010ZX98	[9, 8, 7, 6, 5, 23, 767, 767, 0]

 ### Operon type: 93

	 A0A011AIL7	[5, 6, 7, 8, 9, 0, 0, 0, 0]

 ### Operon type: 94

	 A0A010YF95	[851, 239, 816, 238, 237, 237, 236, 235, 234]

 ### Operon type: 95

	 A0A010ZJQ6	[239, 816, 238, 237, 237, 236, 235, 234, 0]

 ### Operon type: 96

	 A0A009GXL8	[112, 111, 110, 109, 108, 107, 342, 181, 180]

 ### Operon type: 97

	 A0A010JIW7	[112, 111, 110, 109, 108, 0, 0, 342, 181]

 ### Operon type: 98

	 A0A011QNA5	[0, 722, 721, 720, 0, 719, 718, 717, 716]
	 A0A009ZLJ7	[716, 717, 718, 719, 0, 0, 722, 721, 720]

 ### Operon type: 99

	 A0A009QMH5	[719, 718, 717, 716, 482, 481, 460, 480, 459]
	 A0A009HAX1	[719, 718, 717, 716, 482, 481, 460, 480, 459]
	 A0A013T0T6	[719, 718, 717, 716, 482, 481, 460, 480, 459]
	 A0A009PE10	[719, 718, 717, 716, 482, 151, 460, 480, -1]
	 A0A009RMD0	[719, 718, 717, 716, 482, 151, 460, 480, 459]
	 A0A009ISY0	[719, 718, 717, 716, 482, 151, 460, 480, 459]

 ### Operon type: 100

	 A0A010ILW6	[719, 718, 717, 716, 482, 481, 0, 0, 480]

 ### Operon type: 101

	 A0A009Z9X7	[718, 717, 716, 0, 482, 0, 812, 0, 480]

 ### Operon type: 102

	 A0A013S8V2	[365, 364, 0, 0, 0, 363, 0, 0, 0]
	 A0A009R8E1	[0, 561, 0, 365, 364, 0, 0, 363, 0]

 ### Operon type: 103

	 A0A009ZFR5	[540, 539, 538, 537, 536, 535, 534, 533, 808]
	 A0A009ICH6	[540, 539, 538, 537, 536, 535, 534, 533, 808]

 ### Operon type: 104

	 A0A009NQA1	[540, 539, 538, 537, 323, 322, 435, 808, 805]
	 A0A009RR21	[540, 539, 538, 537, 323, 322, 435, 808, 805]

 ### Operon type: 105

	 A0A009HTN9	[540, 539, 538, 537, 323, 322, 68, 737, 67]
	 A0A009T3J5	[540, 539, 538, 537, 323, 322, 68, 737, 67]

 ### Operon type: 106

	 A0A009Q0U9	[540, 539, 538, 537, 323, 322, -1, -1, 0]

 ### Operon type: 107

	 A0A009IPC3	[279, 278, 277, 276, 275, 274, 273, 272, 271]
	 A0A009QEG7	[279, 278, 277, 276, 275, 274, 273, 272, 271]

 ### Operon type: 108

	 A0A009I573	[58, 0, 71, 72, 0, 73, 275, 276, 277]

 ### Operon type: 109

	 A0A009ILP9	[272, 0, 277, 276, 275, 73, 271, 72, 71]

 ### Operon type: 110

	 A0A009I953	[272, 0, 277, 276, 275, 73, 271, 0, -1]

 ### Operon type: 111

	 A0A009SX74	[696, 651, 0, 72, 271, 272, 278, 279, 63]

 ### Operon type: 112

	 A0A009MMG9	[179, 413, 626, 285, 178, 177, 176, 175, 214]
	 A0A009QVK8	[179, 413, 626, 285, 178, 177, 176, 175, 214]
	 A0A010IPH1	[179, 413, 626, 285, 178, 177, 176, 175, 214]
	 A0A009ICP5	[179, 413, 626, 285, 178, 177, 176, 175, 214]

 ### Operon type: 113

	 A0A009QLL2	[155, 154, 153, 152, 178, 177, 176, 175, 214]
	 A0A009HTW0	[155, 154, 153, 152, 178, 177, 176, 175, 214]
	 A0A009SIV4	[155, 154, 153, 152, 178, 177, 176, 175, 214]
	 A0A013TSJ4	[154, 153, 0, 152, 178, 177, 176, 175, 214]

 ### Operon type: 114

	 A0A013TCN9	[488, 253, 252, 251, 250, 249, 248, 775, 767]
	 A0A009QNC9	[488, 253, 252, 251, 250, 249, 248, 775, 767]
	 A0A010ITG1	[488, 253, 252, 251, 250, 249, 248, 775, 767]
	 A0A009NIJ3	[488, 253, 252, 251, 250, 249, 248, 775, 767]
	 A0A013TRC1	[488, 253, 252, 251, 250, 249, 248, 775, 767]

 ### Operon type: 115

	 A0A009H935	[0, 0, 252, 251, 250, 249, 248, 775, 767]

 ### Operon type: 116

	 A0A009QEX0	[396, 395, 394, 393, 392, 391, 391, 726, 390]
	 A0A009SF48	[396, 395, 394, 393, 392, -1, 391, 726, 390]
	 A0A009IMX3	[396, 395, 394, 393, 392, 391, 391, 726, 390]

 ### Operon type: 117

	 A0A013S7V1	[396, 395, 394, 393, 392, 309, 540, 308, 307]
	 A0A009MR00	[396, 395, 394, 393, 392, 309, 540, 308, 307]
	 A0A010ISX2	[396, 395, 394, 393, 392, 309, 540, 308, 307]
	 A0A009RES7	[396, 395, 394, 393, 392, 309, 540, 308, 307]

 ### Operon type: 118

	 A0A009YTT3	[3, 532, 394, 393, 392, 309, 540, 308, 307]

 ### Operon type: 119

	 A0A009GYP9	[0, 0, 0, 393, 392, 309, 540, 308, 307]

 ### Operon type: 120

	 A0A009ZZC8	[-1, 59, 60, 3, 532, 394, 393, 392, 309]

 ### Operon type: 121

	 A0A011WSE5	[578, 577, 576, 575, 574, 573, 147, 146, 349]
	 A0A011UGX8	[579, 578, 577, 576, 575, 574, 573, 147, 146]

 ### Operon type: 122

	 A0A011VZG0	[580, 0, 579, 578, 577, 576, 575, 574, 573]

 ### Operon type: 123

	 A0A009PJF7	[167, 166, 166, 165, 164, 193, 163, 162, 161]
	 A0A009SJZ7	[137, 167, 166, 165, 164, 193, 163, 162, 161]

 ### Operon type: 124

	 A0A009Z5G0	[193, 165, 166, 0, 300, 167, 137, 221]

 ### Operon type: 125

	 A0A010JJC1	[582, 498, 497, 496, 495, 494, 493, 505, 492]
	 A0A010IZ41	[498, 497, 496, 495, 494, 493, 505, 492, 427]

 ### Operon type: 126

	 A0A009QJL6	[582, 498, 497, 496, 0, 492, 427, 39, 0]

 ### Operon type: 127

	 A0A010KAV2	[418, 417, 416, 415, 414, 691, 413, 648, 412]
	 A0A013SGL3	[418, 417, 416, 415, 414, 691, 413, 648, 412]
	 A0A013TB41	[418, -1, 416, 415, 414, 691, 413, 648, 412]
	 A0A009PG53	[418, 417, 416, 415, 414, 691, 413, 648, 412]
	 A0A009SHB3	[418, 417, 416, 415, 414, 691, 413, 648, 412]
	 A0A009NE81	[418, 417, 416, 415, 414, 691, 413, 648, 412]
	 A0A009RQH3	[418, 417, 416, 415, 414, 691, 413, 648, 412]
	 A0A009I5Z6	[418, 417, 416, 415, 414, 691, 413, 648, 412]

 ### Operon type: 128

	 A0A009H3X4	[418, 417, 416, 415, 414, 691, -1, 703, -1]

 ### Operon type: 129

	 A0A009PIB4	[0, 0, 0, 331, 330, 329, 506, 775, 759]
	 A0A009SLR5	[0, 0, 0, 331, 330, 329, 506, 775, 759]

 ### Operon type: 130

	 A0A009HSU4	[0, 0, 663, 775, 0, 691, 648, 759, 506]

 ### Operon type: 131

	 A0A009I463	[591, 62, 61, 353, 353, 352, 351, 350, 321]
	 A0A009PAG1	[591, 62, 61, 353, 353, 352, 351, 350, 321]

 ### Operon type: 132

	 A0A013SKX6	[0, 0, 591, 0, 353, 353, 352, 351, 350]

 ### Operon type: 133

	 A0A011Q5S3	[855, 854, 0, 0, 0, 0, 853, 852, 851]

 ### Operon type: 134

	 A0A011UZZ4	[0, 853, 852, 0, 0, 0, 477, 477, 851]

 ### Operon type: 135

	 A0A011UTJ0	[0, 0, 0, 102, 101, 100, 641, 99, 98]

 ### Operon type: 136

	 A0A011VMV7	[102, 101, 100, 641, 99, 98, 117, 116, 115]

 ### Operon type: 137

	 A0A011NYT4	[678, 677, 676, 675, 0, 674, 674, 673, 672]

 ### Operon type: 138

	 A0A011P8E9	[0, 0, 678, 677, 0, 676, 675, 0, 0]

 ### Operon type: 139

	 A0A010TF34	[0, -1, 0, 0, 30, 29, 28, 27, 26]
	 A0A010SYH9	[30, 29, 28, 27, 26, 0, 0, 0, 0]

 ### Operon type: 140

	 A0A010S7A1	[131, 130, 129, 303, 0, 128, 0, 0, 0]
	 A0A010TFJ4	[0, -1, 0, 131, 130, 129, 303, -1, 128]

 ### Operon type: 141

	 A0A009HJC2	[160, 767, 626, 159, 353, 506, 158, 157, 156]
	 A0A009PAV9	[160, -1, 626, 159, 353, 506, 158, 157, 156]

 ### Operon type: 142

	 A0A009SE02	[0, 156, 0, 0, 0, 157, 158, 506, 353]

 ### Operon type: 143

	 A0A009HS41	[648, 540, 685, 421, 174, 775, 775, 358, 357]
	 A0A009RSB7	[648, 540, 685, 421, 174, 775, 775, 358, 357]
	 A0A009SYU8	[648, 540, 685, 421, 174, 775, 775, 358, 357]

 ### Operon type: 144

	 A0A013SHA9	[648, 540, 685, 421, 359, 775, 775, 358, 357]
	 A0A010IT25	[648, 540, 685, 421, 359, 775, 775, 358, 357]
	 A0A009I466	[648, 540, 685, 421, 359, 775, 775, 358, 357]

 ### Operon type: 145

	 A0A009NMQ9	[648, 540, 685, 421, 359, 0, 775, 775, 358]

 ### Operon type: 146

	 A0A009P8A9	[0, 0, 685, 421, 174, 775, 775, 358, 357]

 ### Operon type: 147

	 A0A009NJ90	[89, 88, 87, 340, 404, 133, 86, 402, 401]
	 A0A009ITT8	[89, 88, 87, 340, 404, 86, 402, 401, 400]

 ### Operon type: 148

	 A0A009NCH6	[403, 402, 401, 400, 399, 398, 397, 91, 90]
	 A0A009IJ01	[402, 401, 400, 339, 399, 398, 397, 91, 90]

 ### Operon type: 149

	 A0A009RQL5	[402, 401, 400, 74, 399, 398, 397, 91, 0]

 ### Operon type: 150

	 A0A009MGQ8	[404, 0, 403, 402, 401, 400, 399, 398, 397]

 ### Operon type: 151

	 A0A009IJ07	[106, 105, 341, 340, 404, 402, 401, 400, 339]
	 A0A009S6G1	[106, 105, 341, 340, 404, 402, 401, 400, 399]
	 A0A009RHH7	[106, 105, 341, 340, 404, 133, 402, 401, 400]

 ### Operon type: 152

	 A0A009HZK2	[341, 340, 404, 402, 401, 400, 339, 399, 398]

 ### Operon type: 153

	 A0A009R4N4	[340, 404, 133, 402, 401, 400, 74, 399, 398]

 ### Operon type: 154

	 A0A009S5A5	[404, 133, 86, 402, 401, 400, 339, 45, 399]

 ### Operon type: 155

	 A0A009RHH9	[0, 0, 0, 0, 114, 106, 105, 341, 340]

 ### Operon type: 156

	 A0A011PGU1	[0, 0, 695, 712, 711, 710, 694, 693, 692]
	 A0A011MDH1	[797, 0, 695, 712, 711, 710, 694, 693, 692]

 ### Operon type: 157

	 A0A011V0P4	[557, 476, 0, 0, 475, 0, 0, 628, 627]

 ### Operon type: 158

	 A0A011WPV7	[628, 627, 0, 0, 0, 0, 0, 0, 0]

 ### Operon type: 159

	 A0A011UDF3	[712, 190, 0, 0, 0, 443, 196, 195, 839]

 ### Operon type: 160

	 A0A011VSC9	[196, 195, 839, 0, 0, 0, 0, 0, 0]

 ### Operon type: 161

	 A0A011SF89	[588, 587, 586, 0, 0, 0, 0, 0, 0]

 ### Operon type: 162

	 A0A011UCX7	[0, 763, 588, 587, 0, 586, 270, 0, 0]

 ### Operon type: 163

	 A0A011RNP9	[0, 0, 0, 0, 0, 565, 758, 0, 0]

 ### Operon type: 164

	 A0A011V0B5	[591, 0, 0, 0, 0, 0, 565, 0, 0]

 ### Operon type: 165

	 A0A011RQC9	[0, 591, 590, 0, 0, 0, 0, 589, 0]

 ### Operon type: 166

	 A0A011QG28	[714, 713, 712, 0, 711, 710, 709, 708, 707]
	 A0A011RIM8	[714, 713, 0, 0, 711, 710, 709, 708, 707]

 ### Operon type: 167

	 A0A011PHI6	[650, 0, 772, 0, 0, 771, 819, 801, 0]

 ### Operon type: 168

	 A0A011QI68	[0, 0, 772, 771, 0, 0, 0, 0, 0]

 ### Operon type: 169

	 A0A011NVJ6	[684, 741, 740, 739, 738, 737, 0, 0, 683]

 ### Operon type: 170

	 A0A011PVP2	[0, 741, 740, 739, 738, 737, 0, 0, 798]

 ### Operon type: 171

	 A0A011NXY7	[0, 0, 740, 0, 738, 0, 0, 0, 0]

 ### Operon type: 172

	 A0A011QR69	[810, 809, 808, 807, 806, 805, 0, 0, 0]
	 A0A011NUB4	[810, 809, 808, 807, 806, 805, 0, 633, 0]

 ### Operon type: 173

	 A0A011NN36	[809, 808, 0, 0, 806, 805, 0, 0, 0]

 ### Operon type: 174

	 A0A011PK69	[808, 664, 0, 0, 806, 805, 0, 0, 0]

 ### Operon type: 175

	 A0A011NYD6	[747, 746, 723, 680, 679, 745, 744, 743, 742]
	 A0A011RMI6	[747, 746, 723, 680, 679, 745, 744, 743, 742]

 ### Operon type: 176

	 A0A011QB28	[748, 747, 746, 0, 0, 745, 744, 743, 742]

 ### Operon type: 177

	 A0A011NF33	[0, 745, 744, 0, 0, 0, 0, 0, 0]

 ### Operon type: 178

	 A0A011NBY4	[623, 0, 0, 622, 0, 0, 621, 0, 0]

 ### Operon type: 179

	 A0A011WRT0	[623, 0, 0, 0, 0, 0, 0, 726, 0]

 ### Operon type: 180

	 A0A011SHV5	[0, 0, 0, 0, 0, 583, 726, 582, 0]

 ### Operon type: 181

	 A0A011NB95	[0, 814, 0, 0, 0, 0, 626, 625, 624]

 ### Operon type: 182

	 A0A011UHT4	[39, 572, 625, 0, 0, 32, 32, 624, 0]

 ### Operon type: 183

	 A0A010Z1W7	[0, 0, 0, 0, 0, 284, 0, 547, 548]

 ### Operon type: 184

	 A0A011VY84	[0, 0, 548, 547, 0, 0, 0, 0, 0]

 ### Operon type: 185

	 A0A010YW85	[0, 0, 0, 0, 0, 215, 0, 547, 548]

 ### Operon type: 186

	 A0A010ZMA0	[547, 659, 0, 0, 0, 0, 0, 0, 0]

 ### Operon type: 187

	 A0A011N5L2	[0, 0, 0, 659, 0, 658, 657, 0, 0]

 ### Operon type: 188

	 A0A009MJ75	[0, 0, 321, 320, 319, 0, 0, 0, 318]

 ### Operon type: 189

	 A0A010IH51	[0, 214, 0, 0, 319, 0, 318, 0, 0]

 ### Operon type: 190

	 A0A011TYT7	[0, 0, 0, 0, 0, 0, 214, 213, 213]

 ### Operon type: 191

	 A0A010RRR9	[0, 0, 0, 0, 780, 0, 0, 304, 318]

 ### Operon type: 192

	 A0A010SIA7	[0, 0, 304, 303, 0, 0, 0, 0, 0]

 ### Operon type: 193

	 A0A010RFQ9	[0, 0, 606, 0, 605, 0, 0, 0, 0]

 ### Operon type: 194

	 A0A010SPR9	[19, 19, 0, 0, 0, 605, 0, 0, 0]

 ### Operon type: 195

	 A0A009LNU8	[254, 268, 432, 431, 0, 44, 0, 506, 0]

 ### Operon type: 196

	 A0A013SRG6	[430, 431, 432, 268, 0, 267, 0, 254, 655]

 ### Operon type: 197

	 A0A009IQU8	[0, 268, 0, 0, 0, 267, 655, 0, 0]

 ### Operon type: 198

	 A0A010K2K8	[432, 431, 430, 0, 0, 0, 0, -1, 506]

 ### Operon type: 199

	 A0A011NPR8	[0, 655, 0, 0, 0, 0, 654, 0, 0]

 ### Operon type: 200

	 A0A010SEA2	[854, 654, 305, 0, 0, 0, 0, 0, 0]

 ### Operon type: 201

	 A0A010IGH8	[0, 0, 0, 0, 0, 0, 0, 217, 358]

 ### Operon type: 202

	 A0A010STD3	[0, 0, 0, 442, 441, 440, 0, 358, 217]

 ### Operon type: 203

	 A0A010SQJ5	[306, 285, 0, 442, 441, 440, 0, 0, 0]

 ### Operon type: 204

	 A0A013RVV2	[488, 0, 219, 218, 0, 0, 358, 217, 0]

 ### Operon type: 205

	 A0A011TD67	[443, 0, 0, 442, 441, 440, 439, 0, 438]

 ### Operon type: 206

	 A0A009ZC12	[0, 0, 0, 442, 0, 440, 439, 287, 837]

 ### Operon type: 207

	 A0A009YSC7	[0, 0, 621, 1, 0, 1, 219, 218, 0]

 ### Operon type: 208

	 A0A009ZJK4	[0, 0, 0, 0, 0, 0, 540, 519, 0]

 ### Operon type: 209

	 A0A010SVN1	[-1, 519, 775, 282, 259, 0, 0, 540, 0]

 ### Operon type: 210

	 A0A009QGN4	[376, 375, 374, 373, 372, 371, 0, 0, 0]
	 A0A009PFK7	[376, 375, 374, 373, 372, 0, 0, 371, 0]

 ### Operon type: 211

	 A0A009YR20	[0, 371, 0, 0, 0, 0, 375, 0, 0]

 ### Operon type: 212

	 A0A009SCM5	[55, 54, 53, 0, 0, 0, 0, 0, 0]

 ### Operon type: 213

	 A0A009TJ77	[63, 57, 0, 0, 0, 0, 55, 54, 53]

 ### Operon type: 214

	 A0A009HZV2	[0, 0, 0, 0, 210, 209, 133, 0, 0]

 ### Operon type: 215

	 A0A009QPE7	[0, 0, 0, 0, 210, 209, 0, 0, 0]

 ### Operon type: 216

	 A0A009MGR3	[0, 0, 188, 0, 256, 45, 82, 187, 186]

 ### Operon type: 217

	 A0A009Q4G0	[0, 189, 188, 0, 256, 0, 187, 186, 187]

 ### Operon type: 218

	 A0A009PB53	[0, 0, 184, 183, 256, 187, 186, 187, 182]

 ### Operon type: 219

	 A0A009PUJ8	[0, 184, 183, 256, 0, 182, 342, 181, 180]

 ### Operon type: 220

	 A0A009QQC0	[208, 0, 207, 775, 355, 355, 206, 366, 282]
	 A0A009H7I0	[208, 0, 0, 775, 355, 355, 206, 366, 282]

 ### Operon type: 221

	 A0A009MVG4	[207, 0, 356, 775, 355, 355, 206, 366, 282]

 ### Operon type: 222

	 A0A009QA91	[200, 199, 648, 775, 355, 355, 206, 366, 282]
	 A0A010J377	[200, 199, 648, 775, 355, 355, 206, 366, 282]

 ### Operon type: 223

	 A0A009S1X4	[200, 199, 648, 775, 355, 355, 775, 0, 169]

 ### Operon type: 224

	 A0A013SHF4	[0, 0, 356, 775, 355, 355, 0, 354, 0]

 ### Operon type: 225

	 A0A011PJK8	[663, 662, 661, 774, 773, 660, 0, 0, 0]
	 A0A011N3C3	[0, 0, 0, 663, 662, 661, 774, 773, 660]

 ### Operon type: 226

	 A0A011WKI4	[0, 0, 0, 0, 0, 700, 632, 631, 630]
	 A0A011UWH1	[700, 632, 631, 630, 0, 0, 0, 0, 0]

 ### Operon type: 227

	 A0A010YKP2	[0, 0, 0, 0, 0, 0, 683, 467, 0]

 ### Operon type: 228

	 A0A011V1A2	[476, 0, 0, 467, 0, 0, 0, 0, 0]

 ### Operon type: 229

	 A0A011NGS0	[0, 0, 0, 0, 735, 734, 0, 0, 0]

 ### Operon type: 230

	 A0A011PW61	[0, 0, 0, 0, 735, 734, 0, 0, 733]

 ### Operon type: 231

	 A0A011UXI1	[0, 615, 0, 0, 735, 734, 479, 0, 0]

 ### Operon type: 232

	 A0A011SWI9	[-1, -1, 0, 650, 735, 734, 479, -1, -1]

 ### Operon type: 233

	 A0A011P952	[734, 0, 686, 0, 0, 686, 0, 0, 0]

 ### Operon type: 234

	 A0A011Q1B3	[802, 801, 800, 799, 800, 798, 797, 0, 0]
	 A0A011QVV5	[0, 0, 802, 801, 800, 799, 800, 798, 797]

 ### Operon type: 235

	 A0A011NSG8	[0, 0, 0, 801, 800, 799, 0, 800, 0]

 ### Operon type: 236

	 A0A011P0X4	[0, 0, 797, 0, 800, 0, 0, 799, 561]

 ### Operon type: 237

	 A0A010YNY9	[0, 0, 41, 36, 0, 0, 0, 0, 227]

 ### Operon type: 238

	 A0A011AC71	[169, 0, 0, 211, 0, 41, 36, 0, 648]

 ### Operon type: 239

	 A0A011QLX0	[0, 725, 0, 0, 724, 0, 746, 723, 0]
	 A0A011PRW6	[725, 0, 0, 0, 724, 746, 723, 0, 0]

 ### Operon type: 240

	 A0A010SML6	[0, 746, 723, -1, 0, 651, 0, 0, 0]

 ### Operon type: 241

	 A0A010RS09	[0, 0, 0, 0, 27, 0, 703, 703, 0]

 ### Operon type: 242

	 A0A010RTE7	[0, 0, 0, 0, 0, 0, 27, 57, 0]

 ### Operon type: 243

	 A0A009P817	[328, 0, 0, 0, 327, 0, 326, 325, 324]

 ### Operon type: 244

	 A0A009TIY0	[0, 0, 0, 0, 327, 0, 326, 325, 0]

 ### Operon type: 245

	 A0A009QKA3	[326, 325, 0, 324, 0, 0, 0, 0, 376]

 ### Operon type: 246

	 A0A009HSR2	[0, 136, 135, 0, 134, 202, 203, 133, 204]

 ### Operon type: 247

	 A0A009SWM1	[0, 136, 135, 0, 134, 0, 0, 203, 0]

 ### Operon type: 248

	 A0A009MYX0	[205, 204, 0, 663, 0, 0, 203, 202, 201]

 ### Operon type: 249

	 A0A009QK79	[0, 0, 201, 202, 0, 203, 0, 0, 204]

 ### Operon type: 250

	 A0A009GXJ1	[127, 126, 202, 203, 113, 133, 204, 205, 0]

 ### Operon type: 251

	 A0A009QT77	[0, 0, -1, 506, 458, 457, 456, 455, 454]
	 A0A013TKW8	[0, 861, 0, 506, 458, 457, 456, 455, 454]
	 A0A010IT95	[0, 0, 0, 506, 458, 457, 456, 455, 454]
	 A0A009GWD0	[133, 0, 0, 506, 458, 457, 456, 455, 454]
	 A0A009PRQ9	[0, 506, 92, 0, 458, 457, 456, 455, 454]
	 A0A009S0T6	[0, 0, 506, 92, 458, 457, 456, 455, 454]
	 A0A009MH36	[0, 0, 0, 506, 458, 457, 456, 455, 454]
	 A0A009I5G9	[0, 0, 506, 92, 458, 457, 456, 455, 454]

 ### Operon type: 252

	 A0A013TMJ7	[767, -1, 0, 506, 458, 455, 454, 0, 0]

 ### Operon type: 253

	 A0A011VXC2	[-1, 556, 0, 555, 554, 553, 552, 551, 550]
	 A0A011V392	[556, 0, 555, 554, 553, 552, 0, 551, 550]

 ### Operon type: 254

	 A0A011V490	[580, 581, 0, 550, 551, 552, 553, 554, 555]

 ### Operon type: 255

	 A0A011VZF5	[0, 0, 554, 553, 552, 763, 581, 763, 0]

 ### Operon type: 256

	 A0A011WLE7	[0, 0, 0, 0, 0, 629, 0, 0, 0]
	 A0A011VU44	[0, 0, 0, 0, 0, 629, 0, 0, 0]

 ### Operon type: 257

	 A0A011VAP2	[0, 0, 34, 0, 0, 0, 0, 0, 508]

 ### Operon type: 258

	 A0A011VRJ8	[0, 0, 0, 0, 0, 0, 34, 0, 0]

 ### Operon type: 259

	 A0A011RNU1	[0, 0, 0, 0, 0, 0, 542, 542, 541]

 ### Operon type: 260

	 A0A011VKJ9	[0, 0, 0, 0, 0, 0, 541, 542, -1]

 ### Operon type: 261

	 A0A011PQZ7	[0, 0, 0, 545, 729, 0, 544, 0, 0]

 ### Operon type: 262

	 A0A011TUX4	[0, 0, 0, 0, 729, 0, 0, 544, 0]

 ### Operon type: 263

	 A0A011STZ9	[0, 0, 0, 544, 0, 0, 0, 0, 0]

 ### Operon type: 264

	 A0A011PUJ9	[0, 0, 0, 0, 0, 0, 0, 0, 784]
	 A0A011PRF5	[784, 0, 0, 0, 0, 0, 0, 0, 0]

 ### Operon type: 265

	 A0A011PFY8	[0, 0, 0, 0, 0, 0, 0, 0, 698]

 ### Operon type: 266

	 A0A011PNS3	[811, 698, 0, 0, 0, 0, 0, 0, 0]

 ### Operon type: 267

	 A0A011T648	[0, 698, 0, 0, 0, 0, 0, 808, 0]

 ### Operon type: 268

	 A0A010YYJ5	[0, 0, 0, 763, 0, 0, 0, 96, 96]

 ### Operon type: 269

	 A0A011NDM5	[763, 0, 0, 0, 0, 0, 0, 0, 0]

 ### Operon type: 270

	 A0A011MSR2	[0, 0, 0, 604, 0, 0, 0, 763, 763]

 ### Operon type: 271

	 A0A011WSU6	[0, 763, 0, 0, 551, 0, 0, 0, 0]

 ### Operon type: 272

	 A0A011AEN3	[0, 0, 0, 0, 0, 0, 709, 0, 0]
	 A0A011U3C2	[0, 0, 709, 0, 0, 0, 0, 0, 0]

 ### Operon type: 273

	 A0A011AAZ2	[0, 560, 0, 0, 0, 709, 709, 709, 0]

 ### Operon type: 274

	 A0A011T698	[0, 0, 0, 0, 0, 648, 709, 0, 0]

 ### Operon type: 275

	 A0A010YRE8	[0, 0, 0, 0, 0, 0, 0, 23, 0]

 ### Operon type: 276

	 A0A011AF05	[0, 0, 169, 23, 0, 0, 0, 0, 0]

 ### Operon type: 277

	 A0A009ZG48	[0, 0, 0, 861, 0, 0, 0, 0, 0]

 ### Operon type: 278

	 A0A011PEJ8	[0, 0, 862, 861, 0, 0, 0, 0, 0]

 ### Operon type: 279

	 A0A011QNJ7	[715, 0, 0, 861, 0, 0, 0, 715, 0]

 ### Operon type: 280

	 A0A011MMJ4	[0, 0, 0, 0, 0, 0, 0, 715, 0]

 ### Operon type: 281

	 A0A011R8M3	[0, 0, 862, 861, 0, 478, 0, 715, 0]

 ### Operon type: 282

	 A0A009ZC82	[0, 0, 649, 0, 0, 0, 0, 0, 0]

 ### Operon type: 283

	 A0A011P3F6	[651, 0, 0, 649, 0, 0, 0, 0, 0]

 ### Operon type: 284

	 A0A009IG48	[0, 0, 0, 70, 69, 0, 0, 0, 651]

 ### Operon type: 285

	 A0A009IMQ0	[0, 0, 0, 70, 69, 0, 0, 0, 0]

 ### Operon type: 286

	 A0A009SWV1	[0, 0, 0, 0, 0, 0, 0, 70, 0]

 ### Operon type: 287

	 A0A009Q512	[0, 0, 0, 0, 185, 0, 0, 0, 0]
	 A0A009PMZ9	[185, 0, 0, 0, 0, 0, 0, 0, 0]

 ### Operon type: 288

	 A0A009IFL2	[0, 286, 0, 38, -1, 0, 0, 0]

 ### Operon type: 289

	 A0A009ZDS1	[-1, -1, 0, 286, 0, 0, 498, 0, 0]

 ### Operon type: 290

	 A0A010SNM6	[43, 42, -1, 0, 0, 0, 767, 0, 0]

 ### Operon type: 291

	 A0A010T5D8	[42, 43, 0, -1, 0, -1, 427, 0, 0]

 ### Operon type: 292

	 A0A011UB51	[546, 0, 0, 0, 0, 0, 0, 0, 0]
	 A0A011UFH1	[0, 0, 0, 0, 0, 546, 0, 0, 0]

 ### Operon type: 293

	 A0A011V965	[0, -1, -1, 0, 35, 0, -1, -1, 0]
	 A0A011VHP2	[0, -1, -1, -1, 35, 0, 0, 0, 0]

 ### Operon type: 294

	 A0A010RVD0	[-1, 0, 0, -1, 0, 829, 829, 0, 24]

 ### Operon type: 295

	 A0A010T7Q5	[0, 24, 0, 0, 0, 0, -1, 0, 0]

 ### Operon type: 296

	 A0A010SJH7	[0, 0, 767, -1, 0, 0, 206, 0, 0]

 ### Operon type: 297

	 A0A010SRR2	[0, 0, -1, 0, 0, 0, 0, 0, 767]

 ### Operon type: 298

	 A0A010RY47	[-1, 0, -1, 0, 0, 0, 0, 0, 0]
	 A0A010RKP8	[0, 0, 0, 0, 0, 0, -1, 0, 0]
	 A0A011UZ32	[0, 0, 0, 0, 0, -1, 0, 0, 0]
	 A0A010TF14	[-1, 0, 0, 0, 0, 0, 0, 0, 0]
	 A0A009HJU6	[0, 0, 0, 0, 0, 0, 0, 0, -1]

 ### Operon type: 299

	 A0A010SJF9	[0, 0, 0, 0, 0, -1, 0, 46, -1]

 ### Operon type: 300

	 A0A011ML54	[0, 0, 0, 704, 0, 0, 0, 0, -1]

 ### Operon type: 301

	 A0A011NHY1	[0, 0, 0, 0, 0, 767, 0, 0, 0]

 ### Operon type: 302

	 A0A010Z171	[0, 0, 0, 0, 0, 0, 767, 0, 663]

 ### Operon type: 303

	 A0A011T697	[767, 0, 0, 0, 0, 0, 0, 0, 326]

 ### Operon type: 304

	 A0A011TDD1	[0, 260, 767, 0, 0, 0, 0, 0, 0]

 ### Operon type: 305

	 A0A011VW24	[0, 0, 813, 0, 0, 0, 0, 0, -1]

 ### Operon type: 306

	 A0A011T8V3	[0, 0, 813, 0, 0, 0, 0, 0, 0]

 ### Operon type: 307

	 A0A010TH98	[733, 0, 0, 813, 0, 0, 0, 0, 0]

 ### Operon type: 308

	 A0A011QVR3	[0, 0, 0, 0, 0, 0, 0, 814, 813]

 ### Operon type: 309

	 A0A011VYF1	[813, 0, 0, 0, 0, 0, 546, 0, 0]

 ### Operon type: 310

	 A0A010S415	[-1, 813, 0, 282, 0, 0, 0, 0, 486]

 ### Operon type: 311

	 A0A011PBM9	[0, 0, 0, 0, 0, 0, 0, 0, 0]
	 A0A011QSN2	[0, 0, 0, 0, 0, 0, 0, 0, 0]
	 A0A011Q056	[0, 0, 0, 0, 0, 0, 0, 0, 0]
	 A0A011QMJ8	[0, 0, 0, 0, 0, 0, 0, 0, 0]
	 A0A011P9Z5	[0, 0, 0, 0, 0, 0, 0, 0, 0]
	 A0A011PNN2	[0, 0, 0, 0, 0, 0, 0, 0, 0]
	 A0A011NMI8	[0, 0, 0, 0, 0, 0, 0, 0, 0]
	 A0A011NAJ1	[0, 0, 0, 0, 0, 0, 0, 0, 0]
	 A0A011NTU3	[0, 0, 0, 0, 0, 0, 0, 0, 0]
	 A0A011N2Z0	[0, 0, 0, 0, 0, 0, 0, 0, 0]
	 A0A010ZTI3	[0, 0, 0, 0, 0, 0, 0, 0, 0]
	 A0A011VYF6	[0, 0, 0, 0, 0, 0, 0, 0, 0]
	 A0A009M4K0	[0, 0, 0, 0, 0, 0, 0, 0, 0]
	 A0A013SBR8	[0, 0, 0, 0, 0, 0, 0, 0, 0]
	 A0A013S2B9	[0, 0, 0, 0, 0, 0, 0, 0, 0]
	 A0A010SHY1	[0, 0, 0, 0, 0, 0, 0, 0, 0]
	 A0A013TEV4	[0, 0, 0, 0, 0, 0, 0, 0, 0]
	 A0A013SL47	[0, 0, 0, 0, 0, 0, 0, 0, 0]
	 A0A011WUT3	[0, 0, 0, 0, 0, 0, 0, 0, 0]
	 A0A009MH90	[0, 0, 0, 0, 0, 0, 0, 0, 0]
	 A0A009PDV4	[0, 0, 0, 0, 0, 0, 0, 0, 0]
	 A0A011UHL2	[0, 0, 0, 0, 0, 0, 0, 0, 0]
	 A0A011UBN9	[0, 0, 0, 0, 0, 0, 0, 0, 0]
	 A0A009HIL8	[0, 0, 0, 0, 0, 0, 0, 0, 0]
	 A0A011UFM5	[0, 0, 0, 0, 0, 0, 0, 0, 0]
	 A0A010YJA7	[0, 0, 0, 0, 0, 0, 0, 0, 0]
	 A0A011VNE2	[0, 0, 0, 0, 0, 0, 0, 0, 0]
	 A0A010T025	[0, 0, 0, 0, 0, 0, 0, 0, 0]
	 A0A010SPJ7	[0, 0, 0, 0, 0, 0, 0, 0, 0]
	 A0A010SSQ8	[0, 0, 0, 0, 0, 0, 0, 0, 0]
	 A0A011A146	[0, 0, 0, 0, 0, 0, 0, 0, 0]
	 A0A010YZS8	[0, 0, 0, 0, 0, 0, 0, 0, 0]
	 A0A010Z120	[0, 0, 0, 0, 0, 0, 0, 0, 0]

 ### Operon type: 312

	 A0A010TG27	[700, 0, 31, 0, 0, 0, 775, 0, 0]

 ### Operon type: 313

	 A0A011PMK1	[0, 0, 0, 0, 0, 0, 0, 700, 0]

 ### Operon type: 314

	 A0A009HM15	[0, 397, 91, 0, 0, 0, -1, 0, 0]

 ### Operon type: 315

	 A0A009HRU1	[0, 202, 0, 0, 0, 0, 0, 0, 0]

 ### Operon type: 316

	 A0A009HSN8	[0, 189, 0, 0, 0, -1, 0, 182, -1]

 ### Operon type: 317

	 A0A009HV82	[342, 0, 0, 0, 0, 0, 0, 0, 0]

 ### Operon type: 318

	 A0A009IG74	[0, 0, 320, 0, 353, -1, 0, 0, 0]

 ### Operon type: 319

	 A0A009IJ90	[0, 63, 0, 0, 0, 0, 0, 0, 0]

 ### Operon type: 320

	 A0A009NM94	[0, 585, 585, 0, 0, 0, 260, 0, 0]

 ### Operon type: 321

	 A0A009Q4N5	[0, 0, 328, 0, 0, 0, 0, 0, 0]

 ### Operon type: 322

	 A0A009SSZ9	[0, 58, 0, 0, 0, 0, 0, 0, 0]

 ### Operon type: 323

	 A0A009YIH1	[0, 0, 0, 0, 399, 0, -1, -1, 2]

 ### Operon type: 324

	 A0A009YR05	[0, 0, 0, 0, 101, 0, 0, 0, 0]

 ### Operon type: 325

	 A0A009Z004	[138, 0, 138, 0, 0, 663, 0, 0, 0]

 ### Operon type: 326

	 A0A010RUQ5	[0, 0, 0, 0, 0, 0, 0, 0, 226]

 ### Operon type: 327

	 A0A010S195	[649, 0, 284, 283, 0, 0, 0, 0, 0]

 ### Operon type: 328

	 A0A010SCZ2	[0, 0, 0, 0, 0, 0, 0, 149, 0]

 ### Operon type: 329

	 A0A010SN41	[0, 0, 0, 0, 255, 0, 0, 0, 0]

 ### Operon type: 330

	 A0A010SSU2	[0, 0, 0, 0, 113, 0, -1, 687, 0]

 ### Operon type: 331

	 A0A010SUP6	[0, 0, 0, 0, 0, 0, 0, 283, 0]

 ### Operon type: 332

	 A0A010SUY9	[0, 0, 0, 0, 0, 478, 862, 0]

 ### Operon type: 333

	 A0A010THK2	[0, 0, -1, 0, 0, 703, 663, 0, 0]

 ### Operon type: 334

	 A0A010SRL4	[31, 0, 0, -1, 0, 0, 0, 663, 269]

 ### Operon type: 335

	 A0A010YX61	[416, 709, 0, 813, 0, 0, 0, 0, 0]

 ### Operon type: 336

	 A0A010S5W8	[0, 0, 604, 798, 0, 0, 0, 0, 0]

 ### Operon type: 337

	 A0A011NE37	[594, 0, 0, 0, 0, 0, 0, 0, 0]

 ### Operon type: 338

	 A0A011NF78	[0, 0, 836, 0, 0, 0, 0, 0, 0]

 ### Operon type: 339

	 A0A011NVE2	[0, 0, 0, 808, 0, 0, 767, 0, 620]

 ### Operon type: 340

	 A0A011NXJ4	[0, 0, 0, 0, 0, 0, 0, 0, 681]

 ### Operon type: 341

	 A0A011P8I1	[0, 0, 707, 709, 0, 0, 0, 0, 690]

 ### Operon type: 342

	 A0A011P9Q7	[685, 0, 0, 0, 0, 0, 0, 0, 0]

 ### Operon type: 343

	 A0A011PJ75	[0, 808, 595, 808, 0, 0, 0, 0, 0]

 ### Operon type: 344

	 A0A011PRB4	[0, 0, 0, 0, 0, 0, 0, 555, 0]

 ### Operon type: 345

	 A0A011QVT2	[812, 0, 0, 0, 0, 0, 0, 811, 0]

 ### Operon type: 346

	 A0A011RP14	[0, 0, 0, 0, 0, 0, 0, 592, 0]

 ### Operon type: 347

	 A0A011SM49	[767, 0, 592, 0, 0, 0, 298, 0, 0]

 ### Operon type: 348

	 A0A011AM27	[544, 0, 0, 0, 510, 0, 0, 0, 509]

 ### Operon type: 349

	 A0A011T607	[0, 0, 798, 0, 0, 0, 0, 0, 260]

 ### Operon type: 350

	 A0A011TAW2	[0, 0, 0, 0, 0, 0, 317, 0, 0]

 ### Operon type: 351

	 A0A011TED9	[0, 0, 0, 0, 0, 449, 0, 0, 0]

 ### Operon type: 352

	 A0A011TXS5	[0, 291, 0, 0, 0, 0, 0, 0, 0]

 ### Operon type: 353

	 A0A011U144	[0, 226, 0, 0, 0, 0, 681, 521, 0]

 ### Operon type: 354

	 A0A011U1C8	[648, 0, 0, 0, 0, 0, 0, 0, 225]

 ### Operon type: 355

	 A0A011U483	[0, 0, 0, 0, 0, 647, 0, 0, 0]

 ### Operon type: 356

	 A0A011UG86	[0, 801, 0, 0, 0, 46, 0, 0, 0]

 ### Operon type: 357

	 A0A011UQB5	[584, 622, 0, 0, 0, 0, 0, 546, 0]

 ### Operon type: 358

	 A0A011UVI5	[0, 0, 0, 0, 0, 227, 808, 808, 0]

 ### Operon type: 359

	 A0A011UWI3	[0, 0, 0, 0, 330, 0, 132, 649, 0]

 ### Operon type: 360

	 A0A011V5E6	[0, 0, 0, 0, 0, 349, 0, 0, 0]

 ### Operon type: 361

	 A0A011M4H6	[508, 0, 507, 0, 0, 0, 0, 0, 0]

 ### Operon type: 362

	 A0A011VSV3	[0, 0, 0, 0, 0, 0, 712, 0, 0]

 ### Operon type: 363

	 A0A011VWI0	[0, 0, 0, 0, 0, 572, 0, 0, 0]

 ### Operon type: 364

	 A0A011VZ91	[630, 0, 0, 0, 0, 0, 0, 0, 0]

 ### Operon type: 365

	 A0A011WP76	[0, 0, 0, 0, 0, 0, 0, 0, 816]

 ### Operon type: 366

	 A0A011WSD4	[0, 0, 0, -1, 0, 763, 0, 0, 581]

 ### Operon type: 367

	 A0A011WT35	[581, 0, 0, 0, 0, 0, 0, 0, 0]

 ### Operon type: 368

	 A0A013S843	[0, 366, 0, 0, 0, 0, -1, 306, 0]

 ### Operon type: 369

	 A0A013T5E6	[0, 0, 0, 256, 0, 0, 0, 0, 0]

 ### Operon type: 370

	 A0A009T185	[809, 0, 595, 595, 145, 808, 595, 280, 737]

 ### Operon type: 371

	 A0A010IN36	[281, 767, 0, 0, 145, 808, 595, 280, 737]

 ### Operon type: 372

	 A0A009PG43	[808, 595, 245, 811, 0, 280, 737, 0, 0]

 ### Operon type: 373

	 A0A009INE0	[281, 0, 0, 0, 0, 0, 0, 595, 280]

 ### Operon type: 374

	 A0A009T9H0	[0, 2, 651, -1, 0, 0, 203, 0, 202]

 ### Operon type: 375

	 A0A010THH5	[0, 305, 286, 227, 0, 0, 582, 0, 498]

 ### Operon type: 376

	 A0A011VZE3	[0, 0, 0, 775, 512, 0, 0, 0, 0]
	 A0A011WSH8	[0, 0, 0, 775, 512, 0, 0, 0, 0]

 ### Operon type: 377

	 A0A011NAF3	[0, 0, 0, 0, 0, 0, 775, 0, 786]

 ### Operon type: 378

	 A0A009IQ93	[270, 0, 775, 0, 0, 269, 0, 0, 0]

 ### Operon type: 379

	 A0A009Q8S9	[0, 0, 651, 310, 0, 212, 0, 0, 0]

 ### Operon type: 380

	 A0A009TLU4	[0, 291, -1, 44, 0, 18, 0, -1, -1]

 ### Operon type: 381

	 A0A009ZB47	[288, 332, 0, 0, 0, 763, 496, 0, 0]

 ### Operon type: 382

	 A0A009ZVR4	[590, 0, 709, 0, 0, 96, 0, 0, 289]

 ### Operon type: 383

	 A0A010JIN9	[496, 0, 0, 57, 271, 0, 0, 0, 0]

 ### Operon type: 384

	 A0A010S003	[693, 0, 0, 0, 0, 801, 801, 285, 0]

 ### Operon type: 385

	 A0A010SMN8	[0, -1, 41, 0, 605, 0, 0, 697, 0]

 ### Operon type: 386

	 A0A010SXS1	[0, 245, 0, 0, 0, 636, 0, 0, 811]

 ### Operon type: 387

	 A0A010T689	[509, -1, 582, 565, 0, 0, 0, 0, 0]

 ### Operon type: 388

	 A0A010TBB4	[0, 526, 0, 46, 0, 0, 0, 0, 648]

 ### Operon type: 389

	 A0A010YFK3	[0, 846, 0, 0, 0, 0, 191, 0, 225]

 ### Operon type: 390

	 A0A010YVY1	[22, 0, 22, 0, 0, 0, 0, 285, 0]

 ### Operon type: 391

	 A0A010ZSZ2	[0, 560, 0, 559, 558, 0, 0, 0, 0]

 ### Operon type: 392

	 A0A010Z0Y7	[0, 0, 0, 0, 558, 282, 0, 0, 0]

 ### Operon type: 393

	 A0A011A0M8	[0, 0, 663, 0, 38, 0, 0, 4, 4]

 ### Operon type: 394

	 A0A011NFL4	[0, 702, 0, 0, 701, 700, 0, 699, 0]

 ### Operon type: 395

	 A0A011P407	[0, 0, 688, 726, 0, 0, 648, 0, 647]

 ### Operon type: 396

	 A0A011QGT2	[775, 0, 0, 774, 773, 0, 0, 0, 0]

 ### Operon type: 397

	 A0A011QSA4	[839, 0, 838, 837, 0, 0, 0, 0, 836]

 ### Operon type: 398

	 A0A011T6J6	[0, 850, 0, 709, 0, 0, 216, 0, 215]

 ### Operon type: 399

	 A0A011TAL2	[0, 798, 0, 0, 0, 211, 0, 683, 0]

 ### Operon type: 400

	 A0A011TZG0	[663, 840, 0, 0, 0, 0, 0, 240, 0]

 ### Operon type: 401

	 A0A011UGY3	[147, 146, 349, 33, 0, 0, 0, 33, 0]

 ### Operon type: 402

	 A0A011UII7	[0, 0, 0, 0, 0, 620, 235, 0, 0]

 ### Operon type: 403

	 A0A011UNT9	[212, 301, 0, 0, 0, 0, 0, 0, 0]

 ### Operon type: 404

	 A0A011SIS0	[0, 751, 302, 302, 0, 0, 0, 301, 0]

 ### Operon type: 405

	 A0A011UT49	[0, 560, 0, 0, 0, 0, 245, 103, 0]

 ### Operon type: 406

	 A0A011VU65	[192, 0, 0, 0, 0, 191, 0, 712, 190]

 ### Operon type: 407

	 A0A011VV03	[0, 150, 0, 0, 475, 508, 0, 0, 0]

 ### Operon type: 408

	 A0A011VVZ9	[0, 0, -1, 0, 0, 149, 148, 148, 300]

 ### Operon type: 409

	 A0A011VWX7	[811, 557, 0, 0, 0, 0, 0, 583, 0]

 ### Operon type: 410

	 A0A011VXK7	[585, 585, 0, 549, 0, 0, 0, 852, 0]

 ### Operon type: 411

	 A0A011W0I6	[511, 0, 0, 0, 0, 666, 0, 704, 0]

 ### Operon type: 412

	 A0A010YEF6	[0, 511, 0, 0, 0, 0, 0, 0, 37]

 ### Operon type: 413

	 A0A013SQH1	[0, 0, 0, 0, 255, 616, 0, 506, 626]

 ### Operon type: 414

	 A0A009QJA8	[181, 180, 0, 0, 0, 0, 0, 0, 614]

 ### Operon type: 415

	 A0A009YL68	[0, 0, 648, 418, 414, 0, 0, 287, 0]

 ### Operon type: 416

	 A0A010JNG7	[506, 0, 0, 505, 0, 0, 0, 0, 0]

 ### Operon type: 417

	 A0A010RM40	[436, 775, 727, 0, 0, 0, 0, -1, 678]

 ### Operon type: 418

	 A0A010RRQ6	[0, 507, 0, 0, 0, 605, 530, 232, 0]

 ### Operon type: 419

	 A0A010S423	[216, 0, 0, 0, 0, 0, 0, 132, 589]

 ### Operon type: 420

	 A0A010T0I7	[0, 0, 37, 0, 0, 707, 838, 775, 0]

 ### Operon type: 421

	 A0A010ZUR7	[150, 16, 0, 16, 0, 15, 285, 0, 0]

 ### Operon type: 422

	 A0A011NA78	[0, 656, 0, 0, 0, 829, 0, 0, 678]

 ### Operon type: 423

	 A0A011P8W7	[689, 688, 811, 0, 687, 0, 0, 0, 0]

 ### Operon type: 424

	 A0A011PG97	[697, 0, 0, 696, 0, 0, 0, 0, 0]

 ### Operon type: 425

	 A0A011PKT4	[0, 616, 0, 0, 0, 0, 615, 0, 0]

 ### Operon type: 426

	 A0A011PLB2	[0, 689, 0, 664, 0, 0, 0, 0, 0]

 ### Operon type: 427

	 A0A011R339	[0, 0, 0, 0, 0, 0, 127, 126, 0]

 ### Operon type: 428

	 A0A011SFE5	[0, 0, 0, 585, 0, 0, 702, 726, 584]

 ### Operon type: 429

	 A0A011SJT5	[0, 0, 0, 300, 299, 299, 299, 299, 299]

 ### Operon type: 430

	 A0A011TDQ5	[0, 0, 0, 0, 259, 668, 0, 0, 0]

 ### Operon type: 431

	 A0A011VT01	[0, 0, 194, 0, 0, 194, 0, 0, 193]

 ### Operon type: 432

	 A0A009Z3V9	[775, 0, 0, 0, 0, 153, 661, 154, 155]

 ### Operon type: 433

	 A0A010SRB2	[18, 17, 0, 0, 0, 17, 43, 0, 0]

 ### Operon type: 434

	 A0A010KA25	[496, 0, 582, 421, 420, 0, 0, 496, 419]

 ### Operon type: 435

	 A0A011TZN1	[117, 116, 115, 0, 114, 0, 0, 0, 0]

 ### Operon type: 436

	 A0A011VJ76	[25, 25, 103, 699, 0, 775, 663, 0, 688]

 ### Operon type: 437

	 A0A011UG17	[161, 0, 513, 0, 577, 192, 0, 0, 0]

 ### Operon type: 438

	 A0A011WUA8	[748, 0, 0, 221, 0, 0, 0, 220, 220]

 ### Operon type: 439

	 A0A010S4X6	[0, 282, 727, 801, 425, 0, 684, 665, 703]

 ### Operon type: 440

	 A0A010YY02	[0, 21, 0, 0, 21, 730, 524, 0, 20]
