
 ### Operon type: 1

	 A0A010ILU3	[388, 387, 386, 538, 385, 384, 383, 382, 478]
	 A0A009QBR9	[388, 387, 386, 538, 385, 384, 382, 478, 220]
	 A0A009QS71	[388, 387, 386, 538, 385, 384, 383, 382, 478]
	 A0A009MW50	[388, 387, 386, 538, 385, 384, 383, 382, 478]
	 A0A009H3B0	[388, 387, 386, 538, 385, 384, 383, 382, 478]
	 A0A009I8S2	[388, 387, 386, 538, 385, 384, 382, 478, 220]
	 A0A009TM70	[388, 387, 386, 538, 385, 384, 382, 478, 220]

 ### Operon type: 2

	 A0A013TH43	[531, 530, 858, 529, 528, 527, 526, 525, 524]
	 A0A009RAF0	[531, 530, 858, 529, 528, 527, 526, 525, 524]

 ### Operon type: 3

	 A0A011PVT3	[767, 671, 670, 669, 668, 667, 666, 665, 664]
	 A0A011R7V7	[767, 671, 670, 669, 668, 667, 666, 665, 664]
	 A0A011MET3	[767, 671, 670, 669, 668, 667, 666, 665, 664]

 ### Operon type: 4

	 A0A013RZW2	[480, 479, 478, 477, 476, 475, 474, 473, 472]
	 A0A013SNJ8	[480, 479, 478, 477, 476, 475, 474, 473, 472]
	 A0A009IV03	[480, 479, 478, 477, 476, 475, 474, 473, 472]
	 A0A010J9U3	[480, 479, 478, 477, 476, 475, 474, 473, 472]
	 A0A009PH20	[480, 479, 478, 477, 476, 475, 474, 473, 472]
	 A0A009HBT3	[480, 479, 478, 477, 476, 475, 474, 473, 472]
	 A0A009MMM3	[480, 479, 478, 477, 476, 475, 474, 473, 472]
	 A0A009SIZ4	[480, 479, 478, 477, 476, 475, 474, 473, 472]
	 A0A009RD69	[480, 479, 478, 477, 476, 475, 474, 473, 472]
	 A0A009YIZ0	[480, 479, 478, 477, 476, 475, 474, 473, 472]

 ### Operon type: 5

	 A0A009PH57	[156, 155, -1, 154, 153, 587, 152, 509, 151]
	 A0A009TG92	[156, 155, -1, 154, 153, 587, 152, 509, 151]

 ### Operon type: 6

	 A0A013S288	[489, 471, 470, 469, 475, 468, 467, 466, 465]
	 A0A013SXT2	[489, 471, 470, 469, 475, 468, 467, 466, 465]
	 A0A009I0I9	[489, 471, 470, 469, 475, 468, 467, 466, 465]
	 A0A010J3I1	[489, 471, 470, 469, 475, 468, 467, 466, 465]
	 A0A009N031	[489, 471, 470, 469, 475, 468, 467, 466, 465]
	 A0A009PWG1	[489, 471, 470, 469, 475, 468, 467, 466, 465]
	 A0A009R2X0	[489, 471, 470, 469, 475, 468, 467, 466, 465]
	 A0A009SFX8	[489, 471, 470, 469, 46, 475, 468, 467, 466]
	 A0A009TBM2	[471, 470, 469, 46, 475, 468, 467, 466, 465]

 ### Operon type: 7

	 A0A013T8M5	[546, 743, 545, 544, 543, 542, 541, 540, 539]
	 A0A010IMP8	[546, 743, 545, 544, 543, 542, 541, 540, 539]
	 A0A013SZ54	[546, 743, 545, 544, 543, 542, 541, 540, 539]
	 A0A009IRJ6	[546, 743, 545, 544, 543, 542, 541, 540, 539]
	 A0A009H7U0	[546, 743, 545, 544, 543, 542, 541, 540, 539]
	 A0A009N123	[546, 743, 545, 544, 543, 542, 541, 540, 539]
	 A0A009SWU0	[546, 743, 545, 544, 543, 542, 541, 540, 539]
	 A0A009Q3K7	[546, 743, 545, 544, 543, 542, 541, 540, 539]
	 A0A009RBQ2	[546, 743, 545, 544, 543, 542, 541, 540, 539]
	 A0A009ZM43	[-1, 743, 545, 544, 543, 542, 541, 540, 539]

 ### Operon type: 8

	 A0A013RMD0	[-1, 406, 629, 405, 404, 635, 403, 402, 401]
	 A0A009RG92	[-1, 406, 629, 405, 404, 635, 403, 402, 401]
	 A0A009QDV7	[-1, 406, 629, 405, 404, 635, 403, 402, 401]
	 A0A009S854	[-1, 406, 629, 405, 404, 635, 403, 402, 401]
	 A0A010JDA6	[-1, 406, 629, 405, 404, 635, 403, 402, 401]
	 A0A009H6M2	[-1, 406, 629, 405, 404, 635, 403, 402, 401]
	 A0A009N9Z1	[-1, 406, 629, 405, 404, 635, 403, 402, 401]
	 A0A009IHQ3	[-1, 406, 629, 405, 404, 635, 403, 402, 401]
	 A0A009ZIC0	[105, 406, 629, 405, 404, 635, 403, 402, 401]

 ### Operon type: 9

	 A0A011UIA1	[319, 318, 317, 316, 315, 314, 313, 312, 0]
	 A0A011V5V3	[0, 319, 318, 317, 316, 315, 314, 313, 312]

 ### Operon type: 10

	 A0A011PTE7	[681, 680, 679, 678, 677, 0, 676, 675, 674]
	 A0A011NE72	[681, 680, 679, 678, 677, 676, 675, 674, 0]

 ### Operon type: 11

	 A0A010JWJ1	[277, 276, 699, 275, 274, 273, 272, 271, 270]
	 A0A009I4A1	[277, 276, 699, 275, 274, 273, 272, 271, 270]

 ### Operon type: 12

	 A0A009QF22	[121, 120, 277, 0, 274, 273, 272, 271, 270]
	 A0A009TBY8	[121, 120, 277, 275, 274, 273, 272, 271, 270]

 ### Operon type: 13

	 A0A011NEY3	[567, 736, 735, 734, 734, 733, 732, 731, 0]

 ### Operon type: 14

	 A0A011PAN4	[736, 735, 0, 734, 734, 733, 732, 731, 730]

 ### Operon type: 15

	 A0A011RCD5	[567, 736, 735, 734, 734, 733, 732, 731, 730]

 ### Operon type: 16

	 A0A011P4U7	[0, 757, 756, 755, 754, 753, 752, 751, 750]
	 A0A011NAY5	[757, 756, 755, 754, 753, 752, 751, 750, 0]

 ### Operon type: 17

	 A0A011PF67	[727, 726, 725, 724, 723, 0, 0, 0, 0]
	 A0A011NBX7	[727, 726, 725, 724, 723, 695, 0, 0, 0]
	 A0A011NW66	[727, 726, 725, 724, 723, 695, 0, 0, 0]

 ### Operon type: 18

	 A0A011NS68	[727, 726, 725, 724, 723, 610, 609, 616, 762]
	 A0A011RHX4	[727, 726, 725, 724, 723, 610, 609, 616, 0]

 ### Operon type: 19

	 A0A010YT39	[0, 614, 33, 628, 32, 31, 30, 29, 357]

 ### Operon type: 20

	 A0A010Z7T4	[33, 628, 32, 31, 30, 29, 357, 626, 688]

 ### Operon type: 21

	 A0A013SP43	[417, 416, 474, 415, 414, 413, 412, 411, 410]
	 A0A010K6G6	[417, 416, 474, 415, 414, 413, 412, 0, 410]
	 A0A009RUN3	[417, 416, 474, 415, 414, 413, 412, 411, 410]

 ### Operon type: 22

	 A0A011VWR4	[0, 0, 0, 0, 307, 306, 305, 304, 303]

 ### Operon type: 23

	 A0A011VYP6	[307, 306, 305, 304, 303, 0, 302, 669, 0]

 ### Operon type: 24

	 A0A011QAS2	[0, 781, 780, 779, 778, 777, 776, 775, 774]
	 A0A011NEQ1	[0, 781, 780, 779, 778, 777, 776, 775, 774]

 ### Operon type: 25

	 A0A010JSI3	[643, 642, 641, 640, 639, 638, 637, 636, 0]
	 A0A013T0M4	[643, 642, 641, 640, 639, 638, 637, 636, 0]
	 A0A009RGL2	[643, 642, 641, 640, 639, 638, 637, 636, 278]
	 A0A009HDS5	[643, 642, 641, 640, 639, 638, 637, 636, 278]

 ### Operon type: 26

	 A0A009SNL0	[79, 78, 358, 188, 187, 186, 185, 184, 183]

 ### Operon type: 27

	 A0A009T1I8	[358, 188, 187, 186, 185, 184, 183, 0, 0]

 ### Operon type: 28

	 A0A011VUV0	[206, 205, 204, 203, 202, 201, 848, 200, 0]
	 A0A011VW71	[0, 206, 205, 204, 203, 202, 201, 848, 200]

 ### Operon type: 29

	 A0A011UG71	[193, 293, 192, 197, 196, 294, 195, 292, 194]

 ### Operon type: 30

	 A0A011V8Z7	[0, 0, 193, 293, 192, 197, 196, 294, 195]

 ### Operon type: 31

	 A0A011V8Y9	[197, 196, 294, 195, 292, 194, 0, 0, 0]

 ### Operon type: 32

	 A0A011U8C0	[0, 294, 293, 0, 506, 292, 0, 0, 0]

 ### Operon type: 33

	 A0A011QSF0	[0, 824, 823, 822, 821, 820, 819, 818, 0]
	 A0A011QBB5	[721, 824, 823, 822, 821, 820, 819, 818, 591]
	 A0A011Q0X6	[721, 824, 823, 822, 821, 820, 819, 818, 591]
	 A0A011Q1X8	[824, 0, 823, 822, 821, 820, 819, 818, 591]

 ### Operon type: 34

	 A0A011PG87	[721, 824, 823, 822, 821, 820, 819, 0, 0]

 ### Operon type: 35

	 A0A011PCT1	[814, 813, 869, 0, 0, 0, 0, 865, 0]

 ### Operon type: 36

	 A0A011QU35	[0, 0, 0, 0, 871, 0, 814, 813, 869]

 ### Operon type: 37

	 A0A011Q2B1	[815, 749, 871, 870, 869, 868, 867, 866, 865]

 ### Operon type: 38

	 A0A011RLN8	[872, 873, 871, 870, 869, 868, 867, 866, 865]

 ### Operon type: 39

	 A0A011P700	[0, 0, 817, 816, 815, 749, 871, 870, 869]

 ### Operon type: 40

	 A0A011QSI4	[0, 0, 817, 816, 815, 0, 872, 873, 871]

 ### Operon type: 41

	 A0A013T337	[700, 632, 561, 560, 559, 796, 558, 799, 557]
	 A0A013TH30	[700, 632, 561, 560, 559, 796, 558, 799, 557]
	 A0A013S981	[446, 700, 632, 561, 560, 559, 796, 558, 799]

 ### Operon type: 42

	 A0A010JY00	[446, 700, 632, 561, 269, 796, 558, 799, 557]

 ### Operon type: 43

	 A0A013TPV4	[424, 423, 422, 421, 420, 419, 842, 699, 418]
	 A0A009MGJ1	[424, 423, 422, 421, 420, 419, 842, 699, 418]
	 A0A009SZB5	[424, 423, 422, 421, 420, 419, 842, 699, 418]
	 A0A009QQ47	[424, 423, 422, 421, 420, 419, 842, 699, 418]
	 A0A010IZE4	[424, 423, 422, 421, 420, 419, 842, 699, 418]
	 A0A009HL81	[424, 423, 422, 421, 420, 419, 842, 699, 418]
	 A0A009HR98	[424, 423, 422, 421, 420, 419, 842, 699, 418]

 ### Operon type: 44

	 A0A009Z8F7	[423, 422, 419, 0, 420, 5, 5, 0, 47]

 ### Operon type: 45

	 A0A009HFU9	[109, 108, 107, 106, 105, 523, 104, 103, 0]
	 A0A009R016	[109, 108, 107, 106, 105, -1, 523, 104, 103]

 ### Operon type: 46

	 A0A011UJN3	[0, 497, 0, 0, 496, 495, 494, 493, 492]

 ### Operon type: 47

	 A0A011W213	[496, 495, 494, 493, 492, 623, 0, 0, 0]

 ### Operon type: 48

	 A0A011QUG8	[812, 811, 810, 809, 808, 807, 0, 806, 805]
	 A0A011QIT1	[812, 811, 810, 809, 808, 807, 806, 805, 795]

 ### Operon type: 49

	 A0A011PP01	[691, 690, 689, 704, 705, 706, 707, 708, 709]
	 A0A011NVE7	[691, 690, 689, 704, 705, 706, 707, 708, 709]

 ### Operon type: 50

	 A0A011P2I4	[783, 711, 710, 709, 708, 707, 706, 705, 704]
	 A0A011N9N8	[783, 711, 710, 709, 708, 707, 706, 705, 704]

 ### Operon type: 51

	 A0A011PIY7	[672, 0, 710, 709, 708, 707, 706, 0, 704]

 ### Operon type: 52

	 A0A011Q3J4	[0, 672, 710, 709, 708, 707, 706, 705, 0]

 ### Operon type: 53

	 A0A011MH88	[618, 672, 710, 709, 708, 707, 706, 705, 704]

 ### Operon type: 54

	 A0A013SPM5	[555, 554, 553, 552, 551, 550, 549, 548, 547]
	 A0A010IX62	[555, 554, 553, 552, 551, 550, 549, 548, 547]
	 A0A009QFZ7	[555, 554, 553, 552, 551, 550, 549, 548, 547]
	 A0A009MH71	[555, 554, 553, 552, 551, 550, 549, 548, 547]
	 A0A009I6Z0	[555, 554, 553, 552, 551, 550, 549, 548, 547]
	 A0A009HSL1	[555, 554, 553, 552, 551, 550, 549, 548, 547]
	 A0A009TK03	[555, 554, 553, 552, 551, 550, 549, 548, 547]

 ### Operon type: 55

	 A0A009ZIX8	[0, 6, 553, 552, 551, 25, 0, 547, 0]

 ### Operon type: 56

	 A0A013TPR7	[431, 430, 429, 428, 427, 426, 425, 745, 701]
	 A0A010JJN4	[431, 430, 429, 428, 427, 426, 425, 745, 701]
	 A0A009PMT3	[431, 430, 429, 428, 427, 426, 425, 745, 701]
	 A0A009HJJ5	[431, 430, 429, 428, 427, 426, 425, 745, 82]
	 A0A009NI48	[431, 430, 429, 428, 427, 426, 425, 745, -1]
	 A0A009SEP4	[431, 430, 429, 428, 427, 0, 426, 425, 0]
	 A0A009RMI1	[431, 430, 429, 428, 427, 426, 425, 745, 0]
	 A0A009I8I7	[431, 430, 429, 428, 427, 426, 425, 745, 82]
	 A0A009YG45	[0, 431, 430, 429, 427, 0, 426, 425, 745]

 ### Operon type: 57

	 A0A013S8F0	[454, 453, 452, 451, 450, 699, 658, 456, 702]
	 A0A013TPQ9	[454, 453, 452, 451, 450, 699, 658, 456, 702]
	 A0A010IZH1	[-1, 453, 452, 451, 450, 699, 658, 456, 702]
	 A0A009PMU2	[454, 453, 452, -1, 450, 699, 658, 456, 702]
	 A0A009HJM0	[454, 453, 452, 451, 450, 699, 658, 456, 702]
	 A0A009SZ84	[454, 453, 452, 451, 450, 699, 658, 456, 702]

 ### Operon type: 58

	 A0A009HUS9	[453, 452, 0, 451, 450, 261, -1, 262, 263]

 ### Operon type: 59

	 A0A009ISE1	[426, 425, 745, 263, 262, -1, 261, 450, 451]

 ### Operon type: 60

	 A0A009NPS1	[454, 453, 452, 451, 450, -1, 745, 425, 426]

 ### Operon type: 61

	 A0A013SB36	[445, 444, 443, 442, 441, 607, 606, 440, 439]
	 A0A009QSI3	[445, 444, 443, 442, 441, 607, 606, 440, -1]

 ### Operon type: 62

	 A0A010ITP2	[445, 444, 443, 442, 441, 607, 606, 0, 0]

 ### Operon type: 63

	 A0A009SII9	[-1, 444, 443, 442, 441, 607, 606, 191, 190]

 ### Operon type: 64

	 A0A009T0Q9	[441, 607, 606, 191, 190, 439, 618, 699, 189]

 ### Operon type: 65

	 A0A009YJF4	[0, 607, 606, 93, 92, 618, 699, 0, 189]

 ### Operon type: 66

	 A0A009GP96	[0, 102, 699, 626, 268, 101, 523, 100, 99]

 ### Operon type: 67

	 A0A009GSR4	[626, 268, 101, 523, 100, 99, 99, 98, 0]

 ### Operon type: 68

	 A0A009IIT6	[102, 699, 626, 268, 100, 99, 99, 98, 0]

 ### Operon type: 69

	 A0A011SQL0	[761, 508, -1, 507, 506, 505, 504, 503, 502]
	 A0A011UZ49	[508, -1, 507, 506, 505, 504, 503, 502, 0]

 ### Operon type: 70

	 A0A009PT82	[711, 592, 139, 138, 266, 265, 264, 137, 136]
	 A0A009SIF9	[711, 592, 139, 138, 266, 265, 264, 137, 136]

 ### Operon type: 71

	 A0A009IS10	[267, 0, 0, 0, 266, 265, 264, 0, 0]

 ### Operon type: 72

	 A0A009QHW5	[0, 0, 0, 388, 266, 265, 264, 0, 119]

 ### Operon type: 73

	 A0A011UVB4	[0, 0, 0, 175, 0, 0, 267, 0, 200]

 ### Operon type: 74

	 A0A011V107	[325, -1, 484, 482, 485, 481, 324, 323, 0]
	 A0A011U7M7	[0, 325, -1, 484, 482, 485, 481, 324, 323]

 ### Operon type: 75

	 A0A011TLH0	[486, 485, 484, 483, 482, 481, 0, 0, 0]

 ### Operon type: 76

	 A0A011UG87	[583, 584, 585, 486, 485, 484, 483, 482, 481]

 ### Operon type: 77

	 A0A011TLH7	[585, 584, 583, 0, 0, 0, 0, 0, 0]

 ### Operon type: 78

	 A0A011TWN2	[582, 581, 580, 579, 578, 577, 576, 0, 0]
	 A0A011TAF9	[0, 0, 582, 581, 580, 579, 578, 577, 576]

 ### Operon type: 79

	 A0A011Q5V7	[790, 0, 0, 0, 864, 863, 862, 861, 860]

 ### Operon type: 80

	 A0A011RM25	[864, 863, 862, 861, 860, 859, 0, 858, 0]

 ### Operon type: 81

	 A0A011QIE8	[661, 660, 659, 658, 657, 656, 655, 0, 0]
	 A0A011QDV3	[661, 660, 659, 658, 657, 656, 592, 0, 655]

 ### Operon type: 82

	 A0A011QAB0	[787, 786, 785, 0, 784, 783, 847, 782, 0]
	 A0A011PL71	[514, 787, 786, 785, 784, 783, 847, 782, 0]

 ### Operon type: 83

	 A0A011Q6N5	[833, 832, 831, 0, 0, 0, 789, 788, 789]

 ### Operon type: 84

	 A0A011SGD5	[0, 0, 0, 0, 0, 0, 833, 832, 831]

 ### Operon type: 85

	 A0A011NYU6	[589, 588, 0, 587, 687, 27, 26, 0, 586]

 ### Operon type: 86

	 A0A011PYI6	[589, 588, 0, 587, 687, 586, 631, 835, 0]

 ### Operon type: 87

	 A0A011P1C0	[0, 0, 27, 26, 586, 0, 0, 0, 0]

 ### Operon type: 88

	 A0A011N4G4	[0, 0, 598, 597, 596, 595, 596, 594, 593]
	 A0A011PKU5	[598, 597, 596, 595, 596, 594, 593, 0, 0]

 ### Operon type: 89

	 A0A010ZWJ8	[21, 20, 19, 688, 18, 742, 570, 742, 17]

 ### Operon type: 90

	 A0A011AHW1	[18, 688, 19, 20, 21, 0, 0, 22, 0]

 ### Operon type: 91

	 A0A011AHU9	[570, 742, 17, 0, 0, 0, 0, 9, 618]

 ### Operon type: 92

	 A0A010ZX98	[16, 15, 14, 13, 12, 11, 658, 658, 0]

 ### Operon type: 93

	 A0A011AIL7	[12, 13, 14, 15, 16, 0, 0, 0, 0]

 ### Operon type: 94

	 A0A010YF95	[791, 38, 806, 37, 36, 36, 35, 498, 34]

 ### Operon type: 95

	 A0A010ZJQ6	[38, 806, 37, 36, 36, 35, 498, 34, 0]

 ### Operon type: 96

	 A0A009GXL8	[96, 95, 94, 93, 92, 275, 146, 118, 117]

 ### Operon type: 97

	 A0A010JIW7	[96, 95, 94, 93, 92, 0, 0, 146, 118]

 ### Operon type: 98

	 A0A011QNA5	[0, 654, 653, 652, 0, 651, 650, 649, 648]
	 A0A009ZLJ7	[648, 649, 650, 651, 0, 0, 654, 653, 652]

 ### Operon type: 99

	 A0A013T0T6	[651, 650, 649, 648, 566, 565, 564, 563, 562]
	 A0A009ISY0	[651, 650, 649, 648, 566, 260, 564, 563, 562]
	 A0A009QMH5	[651, 650, 649, 648, 566, 565, 564, 563, 562]
	 A0A009PE10	[651, 650, 649, 648, 566, 260, 564, 563, -1]
	 A0A009HAX1	[651, 650, 649, 648, 566, 565, 564, 563, 562]
	 A0A009RMD0	[651, 650, 649, 648, 566, 260, 564, 563, 562]

 ### Operon type: 100

	 A0A010ILW6	[651, 650, 649, 648, 566, 565, 0, 0, 563]

 ### Operon type: 101

	 A0A009Z9X7	[650, 649, 648, 0, 566, 0, 803, 0, 563]

 ### Operon type: 102

	 A0A013S8V2	[449, 448, 0, 0, 0, 447, 0, 0, 0]
	 A0A009R8E1	[0, 54, 0, 449, 448, 0, 0, 447, 0]

 ### Operon type: 103

	 A0A009ICH6	[480, 129, 128, 127, 269, 74, 73, 72, 799]
	 A0A009ZFR5	[480, 129, 128, 127, 269, 74, 73, 72, 799]

 ### Operon type: 104

	 A0A009NQA1	[480, 129, 128, 127, 126, 125, 561, 799, 796]
	 A0A009RR21	[480, 129, 128, 127, 126, 125, 561, 799, 796]

 ### Operon type: 105

	 A0A009HTN9	[480, 129, 128, 127, 126, 125, 81, 768, 80]
	 A0A009T3J5	[480, 129, 128, 127, 126, 125, 81, 768, 80]

 ### Operon type: 106

	 A0A009Q0U9	[480, 129, 128, 127, 126, 125, -1, -1, 0]

 ### Operon type: 107

	 A0A009IPC3	[235, 234, 246, 245, 244, 233, 232, 247, 242]
	 A0A009QEG7	[235, 234, 246, 245, 244, 233, 232, 247, 242]

 ### Operon type: 108

	 A0A009I573	[110, 0, 240, 241, 0, 243, 244, 245, 246]

 ### Operon type: 109

	 A0A009ILP9	[247, 0, 246, 245, 244, 243, 242, 241, 240]

 ### Operon type: 110

	 A0A009I953	[247, 0, 246, 245, 244, 243, 242, 0, -1]

 ### Operon type: 111

	 A0A009SX74	[719, 762, 0, 241, 242, 247, 234, 235, 115]

 ### Operon type: 112

	 A0A010IPH1	[379, 433, 698, 378, 377, 376, 375, 374, 500]
	 A0A009MMG9	[379, 433, 698, 378, 377, 376, 375, 374, 500]
	 A0A009ICP5	[379, 433, 698, 378, 377, 376, 375, 374, 500]
	 A0A009QVK8	[379, 433, 698, 378, 377, 376, 375, 374, 500]

 ### Operon type: 113

	 A0A009SIV4	[179, 180, 181, 88, 377, 376, 375, 374, 500]
	 A0A009HTW0	[179, 180, 181, 88, 377, 376, 375, 374, 500]
	 A0A009QLL2	[179, 180, 181, 88, 377, 376, 375, 374, 500]
	 A0A013TSJ4	[180, 181, 0, 88, 377, 376, 375, 374, 500]

 ### Operon type: 114

	 A0A013TCN9	[538, 537, 536, 535, 534, 533, 532, 699, 658]
	 A0A009QNC9	[538, 537, 536, 535, 534, 533, 532, 699, 658]
	 A0A010ITG1	[538, 537, 536, 535, 534, 533, 532, 699, 658]
	 A0A009NIJ3	[538, 537, 536, 535, 534, 533, 532, 699, 658]
	 A0A013TRC1	[538, 537, 536, 535, 534, 533, 532, 699, 658]

 ### Operon type: 115

	 A0A009H935	[0, 0, 536, 535, 534, 533, 532, 699, 658]

 ### Operon type: 116

	 A0A009IMX3	[464, 463, 462, 461, 460, 237, 237, 835, 236]
	 A0A009QEX0	[464, 463, 462, 461, 460, 237, 237, 835, 236]
	 A0A009SF48	[464, 463, 462, 461, 460, -1, 237, 835, 236]

 ### Operon type: 117

	 A0A013S7V1	[464, 463, 462, 461, 460, 459, 480, 458, 457]
	 A0A010ISX2	[464, 463, 462, 461, 460, 459, 480, 458, 457]
	 A0A009RES7	[464, 463, 462, 461, 460, 459, 480, 458, 457]
	 A0A009MR00	[464, 463, 462, 461, 460, 459, 480, 458, 457]

 ### Operon type: 118

	 A0A009YTT3	[3, 105, 462, 461, 460, 459, 480, 458, 457]

 ### Operon type: 119

	 A0A009GYP9	[0, 0, 0, 461, 460, 459, 480, 458, 457]

 ### Operon type: 120

	 A0A009ZZC8	[-1, 78, 79, 3, 105, 462, 461, 460, 459]

 ### Operon type: 121

	 A0A011WSE5	[344, 343, 342, 341, 340, 339, 338, 337, 354]
	 A0A011UGX8	[199, 344, 343, 342, 341, 340, 339, 338, 337]

 ### Operon type: 122

	 A0A011VZG0	[353, 0, 199, 344, 343, 342, 341, 340, 339]

 ### Operon type: 123

	 A0A009PJF7	[176, 177, 177, 178, 150, 209, 149, 148, 147]
	 A0A009SJZ7	[175, 176, 177, 178, 150, 209, 149, 148, 147]

 ### Operon type: 124

	 A0A009Z5G0	[209, 178, 177, 0, 511, 176, 175, 408]

 ### Operon type: 125

	 A0A010JJC1	[829, 395, 394, 393, 392, 391, 390, 396, 389]
	 A0A010IZ41	[395, 394, 393, 392, 391, 390, 396, 389, 474]

 ### Operon type: 126

	 A0A009QJL6	[829, 395, 394, 393, 0, 389, 474, 116, 0]

 ### Operon type: 127

	 A0A013SGL3	[438, 437, 436, 435, 434, 711, 433, 759, 432]
	 A0A013TB41	[438, -1, 436, 435, 434, 711, 433, 759, 432]
	 A0A010KAV2	[438, 437, 436, 435, 434, 711, 433, 759, 432]
	 A0A009PG53	[438, 437, 436, 435, 434, 711, 433, 759, 432]
	 A0A009I5Z6	[438, 437, 436, 435, 434, 711, 433, 759, 432]
	 A0A009NE81	[438, 437, 436, 435, 434, 711, 433, 759, 432]
	 A0A009RQH3	[438, 437, 436, 435, 434, 711, 433, 759, 432]
	 A0A009SHB3	[438, 437, 436, 435, 434, 711, 433, 759, 432]

 ### Operon type: 128

	 A0A009H3X4	[438, 437, 436, 435, 434, 711, -1, 633, -1]

 ### Operon type: 129

	 A0A009PIB4	[0, 0, 0, 135, 134, 133, 523, 699, 783]
	 A0A009SLR5	[0, 0, 0, 135, 134, 133, 523, 699, 783]

 ### Operon type: 130

	 A0A009HSU4	[0, 0, 602, 699, 0, 711, 759, 783, 523]

 ### Operon type: 131

	 A0A009I463	[843, 112, 111, 475, 475, 357, 356, 355, 124]
	 A0A009PAG1	[843, 112, 111, 475, 475, 357, 356, 355, 124]

 ### Operon type: 132

	 A0A013SKX6	[0, 0, 843, 0, 475, 475, 357, 356, 355]

 ### Operon type: 133

	 A0A011Q5S3	[795, 794, 0, 0, 0, 0, 793, 792, 791]

 ### Operon type: 134

	 A0A011UZZ4	[0, 793, 792, 0, 0, 0, 329, 329, 791]

 ### Operon type: 135

	 A0A011UTJ0	[0, 0, 0, 216, 215, 214, 752, 213, 212]

 ### Operon type: 136

	 A0A011VMV7	[216, 215, 214, 752, 213, 212, 311, 310, 309]

 ### Operon type: 137

	 A0A011NYT4	[748, 747, 746, 745, 0, 608, 608, 607, 606]

 ### Operon type: 138

	 A0A011P8E9	[0, 0, 748, 747, 0, 746, 745, 0, 0]

 ### Operon type: 139

	 A0A010TF34	[0, -1, 0, 0, 60, 59, 58, 57, 56]
	 A0A010SYH9	[60, 59, 58, 57, 56, 0, 0, 0, 0]

 ### Operon type: 140

	 A0A010TFJ4	[0, -1, 0, 65, 64, 63, 62, -1, 61]
	 A0A010S7A1	[65, 64, 63, 62, 0, 61, 0, 0, 0]

 ### Operon type: 141

	 A0A009PAV9	[171, -1, 698, 170, 475, 523, 169, 168, 167]
	 A0A009HJC2	[171, 658, 698, 170, 475, 523, 169, 168, 167]

 ### Operon type: 142

	 A0A009SE02	[0, 167, 0, 0, 0, 168, 169, 523, 475]

 ### Operon type: 143

	 A0A009RSB7	[759, 480, 737, 373, 157, 699, 699, 398, 371]
	 A0A009HS41	[759, 480, 737, 373, 157, 699, 699, 398, 371]
	 A0A009SYU8	[759, 480, 737, 373, 157, 699, 699, 398, 371]

 ### Operon type: 144

	 A0A010IT25	[759, 480, 737, 373, 372, 699, 699, 398, 371]
	 A0A013SHA9	[759, 480, 737, 373, 372, 699, 699, 398, 371]
	 A0A009I466	[759, 480, 737, 373, 372, 699, 699, 398, 371]

 ### Operon type: 145

	 A0A009NMQ9	[759, 480, 737, 373, 372, 0, 699, 699, 398]

 ### Operon type: 146

	 A0A009P8A9	[0, 0, 737, 373, 157, 699, 699, 398, 371]

 ### Operon type: 147

	 A0A009ITT8	[259, 258, 257, 284, 283, 256, 282, 281, 280]
	 A0A009NJ90	[259, 258, 257, 284, 283, 248, 256, 282, 281]

 ### Operon type: 148

	 A0A009IJ01	[282, 281, 280, 279, 253, 252, 251, 114, 113]
	 A0A009NCH6	[254, 282, 281, 280, 253, 252, 251, 114, 113]

 ### Operon type: 149

	 A0A009RQL5	[282, 281, 280, 84, 253, 252, 251, 114, 0]

 ### Operon type: 150

	 A0A009MGQ8	[283, 0, 254, 282, 281, 280, 253, 252, 251]

 ### Operon type: 151

	 A0A009IJ07	[287, 286, 285, 284, 283, 282, 281, 280, 279]
	 A0A009S6G1	[287, 286, 285, 284, 283, 282, 281, 280, 253]
	 A0A009RHH7	[287, 286, 285, 284, 283, 248, 282, 281, 280]

 ### Operon type: 152

	 A0A009HZK2	[285, 284, 283, 282, 281, 280, 279, 253, 252]

 ### Operon type: 153

	 A0A009R4N4	[284, 283, 248, 282, 281, 280, 84, 253, 252]

 ### Operon type: 154

	 A0A009S5A5	[283, 248, 256, 282, 281, 280, 279, 83, 253]

 ### Operon type: 155

	 A0A009RHH9	[0, 0, 0, 0, 308, 287, 286, 285, 284]

 ### Operon type: 156

	 A0A011PGU1	[0, 0, 718, 717, 716, 715, 714, 713, 712]
	 A0A011MDH1	[604, 0, 718, 717, 716, 715, 714, 713, 712]

 ### Operon type: 157

	 A0A011V0P4	[370, 328, 0, 0, 348, 0, 0, 327, 326]

 ### Operon type: 158

	 A0A011WPV7	[327, 326, 0, 0, 0, 0, 0, 0, 0]

 ### Operon type: 159

	 A0A011UDF3	[717, 290, 0, 0, 0, 575, 289, 288, 828]

 ### Operon type: 160

	 A0A011VSC9	[289, 288, 828, 0, 0, 0, 0, 0, 0]

 ### Operon type: 161

	 A0A011SF89	[840, 839, 838, 0, 0, 0, 0, 0, 0]

 ### Operon type: 162

	 A0A011UCX7	[0, 787, 840, 839, 0, 838, 291, 0, 0]

 ### Operon type: 163

	 A0A011RNP9	[0, 0, 0, 0, 0, 848, 847, 0, 0]

 ### Operon type: 164

	 A0A011V0B5	[843, 0, 0, 0, 0, 0, 848, 0, 0]

 ### Operon type: 165

	 A0A011RQC9	[0, 843, 842, 0, 0, 0, 0, 841, 0]

 ### Operon type: 166

	 A0A011QG28	[646, 645, 717, 0, 716, 715, 743, 644, 744]
	 A0A011RIM8	[646, 645, 0, 0, 716, 715, 743, 644, 744]

 ### Operon type: 167

	 A0A011PHI6	[766, 0, 765, 0, 0, 764, 809, 763, 0]

 ### Operon type: 168

	 A0A011QI68	[0, 0, 765, 764, 0, 0, 0, 0, 0]

 ### Operon type: 169

	 A0A011NVJ6	[621, 772, 771, 770, 769, 768, 0, 0, 620]

 ### Operon type: 170

	 A0A011PVP2	[0, 772, 771, 770, 769, 768, 0, 0, 767]

 ### Operon type: 171

	 A0A011NXY7	[0, 0, 771, 0, 769, 0, 0, 0, 0]

 ### Operon type: 172

	 A0A011QR69	[801, 800, 799, 798, 797, 796, 0, 0, 0]
	 A0A011NUB4	[801, 800, 799, 798, 797, 796, 0, 623, 0]

 ### Operon type: 173

	 A0A011NN36	[800, 799, 0, 0, 797, 796, 0, 0, 0]

 ### Operon type: 174

	 A0A011PK69	[799, 517, 0, 0, 797, 796, 0, 0, 0]

 ### Operon type: 175

	 A0A011RMI6	[857, 856, 855, 854, 853, 852, 851, 850, 849]
	 A0A011NYD6	[857, 856, 855, 854, 853, 852, 851, 850, 849]

 ### Operon type: 176

	 A0A011QB28	[773, 857, 856, 0, 0, 852, 851, 850, 849]

 ### Operon type: 177

	 A0A011NF33	[0, 852, 851, 0, 0, 0, 0, 0, 0]

 ### Operon type: 178

	 A0A011NBY4	[694, 0, 0, 693, 0, 0, 692, 0, 0]

 ### Operon type: 179

	 A0A011WRT0	[694, 0, 0, 0, 0, 0, 0, 835, 0]

 ### Operon type: 180

	 A0A011SHV5	[0, 0, 0, 0, 0, 830, 835, 829, 0]

 ### Operon type: 181

	 A0A011NB95	[0, 804, 0, 0, 0, 0, 698, 697, 696]

 ### Operon type: 182

	 A0A011UHT4	[116, 198, 697, 0, 0, 67, 67, 696, 0]

 ### Operon type: 183

	 A0A010Z1W7	[0, 0, 0, 0, 0, 50, 0, 362, 363]

 ### Operon type: 184

	 A0A011VY84	[0, 0, 363, 362, 0, 0, 0, 0, 0]

 ### Operon type: 185

	 A0A010YW85	[0, 0, 0, 0, 0, 350, 0, 362, 363]

 ### Operon type: 186

	 A0A010ZMA0	[362, 703, 0, 0, 0, 0, 0, 0, 0]

 ### Operon type: 187

	 A0A011N5L2	[0, 0, 0, 703, 0, 702, 701, 0, 0]

 ### Operon type: 188

	 A0A009MJ75	[0, 0, 124, 123, 122, 0, 0, 0, 626]

 ### Operon type: 189

	 A0A010IH51	[0, 500, 0, 0, 122, 0, 626, 0, 0]

 ### Operon type: 190

	 A0A011TYT7	[0, 0, 0, 0, 0, 0, 500, 499, 499]

 ### Operon type: 191

	 A0A010RRR9	[0, 0, 0, 0, 668, 0, 0, 627, 626]

 ### Operon type: 192

	 A0A010SIA7	[0, 0, 627, 62, 0, 0, 0, 0, 0]

 ### Operon type: 193

	 A0A010RFQ9	[0, 0, 635, 0, 634, 0, 0, 0, 0]

 ### Operon type: 194

	 A0A010SPR9	[44, 44, 0, 0, 0, 634, 0, 0, 0]

 ### Operon type: 195

	 A0A009LNU8	[330, 332, 504, 333, 0, 255, 0, 523, 0]

 ### Operon type: 196

	 A0A013SRG6	[334, 333, 504, 332, 0, 331, 0, 330, 612]

 ### Operon type: 197

	 A0A009IQU8	[0, 332, 0, 0, 0, 331, 612, 0, 0]

 ### Operon type: 198

	 A0A010K2K8	[504, 333, 334, 0, 0, 0, 0, -1, 523]

 ### Operon type: 199

	 A0A011NPR8	[0, 612, 0, 0, 0, 0, 611, 0, 0]

 ### Operon type: 200

	 A0A010SEA2	[794, 611, 55, 0, 0, 0, 0, 0, 0]

 ### Operon type: 201

	 A0A010IGH8	[0, 0, 0, 0, 0, 0, 0, 397, 398]

 ### Operon type: 202

	 A0A010STD3	[0, 0, 0, 574, 573, 572, 0, 398, 397]

 ### Operon type: 203

	 A0A010SQJ5	[455, 378, 0, 574, 573, 572, 0, 0, 0]

 ### Operon type: 204

	 A0A013RVV2	[538, 0, 400, 399, 0, 0, 398, 397, 0]

 ### Operon type: 205

	 A0A011TD67	[575, 0, 0, 574, 573, 572, 571, 0, 570]

 ### Operon type: 206

	 A0A009ZC12	[0, 0, 0, 574, 0, 572, 571, 4, 826]

 ### Operon type: 207

	 A0A009YSC7	[0, 0, 692, 1, 0, 1, 400, 399, 0]

 ### Operon type: 208

	 A0A009ZJK4	[0, 0, 0, 0, 0, 0, 480, 41, 0]

 ### Operon type: 209

	 A0A010SVN1	[-1, 41, 699, 221, 487, 0, 0, 480, 0]

 ### Operon type: 210

	 A0A009PFK7	[163, 162, 161, 160, 159, 0, 0, 158, 0]
	 A0A009QGN4	[163, 162, 161, 160, 159, 158, 0, 0, 0]

 ### Operon type: 211

	 A0A009YR20	[0, 158, 0, 0, 0, 0, 162, 0, 0]

 ### Operon type: 212

	 A0A009SCM5	[77, 76, 75, 0, 0, 0, 0, 0, 0]

 ### Operon type: 213

	 A0A009TJ77	[115, 172, 0, 0, 0, 0, 77, 76, 75]

 ### Operon type: 214

	 A0A009HZV2	[0, 0, 0, 0, 250, 249, 248, 0, 0]

 ### Operon type: 215

	 A0A009QPE7	[0, 0, 0, 0, 250, 249, 0, 0, 0]

 ### Operon type: 216

	 A0A009MGR3	[0, 0, 229, 0, 556, 83, 106, 228, 227]

 ### Operon type: 217

	 A0A009Q4G0	[0, 230, 229, 0, 556, 0, 228, 227, 228]

 ### Operon type: 218

	 A0A009PB53	[0, 0, 166, 165, 556, 228, 227, 228, 164]

 ### Operon type: 219

	 A0A009PUJ8	[0, 166, 165, 556, 0, 164, 146, 118, 117]

 ### Operon type: 220

	 A0A009QQC0	[174, 0, 173, 699, 359, 359, 222, 456, 221]
	 A0A009H7I0	[174, 0, 0, 699, 359, 359, 222, 456, 221]

 ### Operon type: 221

	 A0A009MVG4	[173, 0, 360, 699, 359, 359, 222, 456, 221]

 ### Operon type: 222

	 A0A009QA91	[224, 223, 759, 699, 359, 359, 222, 456, 221]
	 A0A010J377	[224, 223, 759, 699, 359, 359, 222, 456, 221]

 ### Operon type: 223

	 A0A009S1X4	[224, 223, 759, 699, 359, 359, 699, 0, 152]

 ### Operon type: 224

	 A0A013SHF4	[0, 0, 360, 699, 359, 359, 0, 358, 0]

 ### Operon type: 225

	 A0A011N3C3	[0, 0, 0, 602, 601, 600, 663, 662, 599]
	 A0A011PJK8	[602, 601, 600, 663, 662, 599, 0, 0, 0]

 ### Operon type: 226

	 A0A011WKI4	[0, 0, 0, 0, 0, 615, 299, 298, 301]
	 A0A011UWH1	[615, 299, 298, 301, 0, 0, 0, 0, 0]

 ### Operon type: 227

	 A0A010YKP2	[0, 0, 0, 0, 0, 0, 620, 322, 0]

 ### Operon type: 228

	 A0A011V1A2	[328, 0, 0, 322, 0, 0, 0, 0, 0]

 ### Operon type: 229

	 A0A011NGS0	[0, 0, 0, 0, 613, 739, 0, 0, 0]

 ### Operon type: 230

	 A0A011PW61	[0, 0, 0, 0, 613, 739, 0, 0, 590]

 ### Operon type: 231

	 A0A011UXI1	[0, 515, 0, 0, 613, 739, 569, 0, 0]

 ### Operon type: 232

	 A0A011SWI9	[-1, -1, 0, 766, 613, 739, 569, -1, -1]

 ### Operon type: 233

	 A0A011P952	[739, 0, 738, 0, 0, 738, 0, 0, 0]

 ### Operon type: 234

	 A0A011QVV5	[0, 0, 605, 763, 625, 624, 625, 767, 604]
	 A0A011Q1B3	[605, 763, 625, 624, 625, 767, 604, 0, 0]

 ### Operon type: 235

	 A0A011NSG8	[0, 0, 0, 763, 625, 624, 0, 625, 0]

 ### Operon type: 236

	 A0A011P0X4	[0, 0, 604, 0, 625, 0, 0, 624, 54]

 ### Operon type: 237

	 A0A010YNY9	[0, 0, 51, 28, 0, 0, 0, 0, 90]

 ### Operon type: 238

	 A0A011AC71	[152, 0, 0, 490, 0, 51, 28, 0, 759]

 ### Operon type: 239

	 A0A011PRW6	[683, 0, 0, 0, 682, 856, 855, 0, 0]
	 A0A011QLX0	[0, 683, 0, 0, 682, 0, 856, 855, 0]

 ### Operon type: 240

	 A0A010SML6	[0, 856, 855, -1, 0, 762, 0, 0, 0]

 ### Operon type: 241

	 A0A010RS09	[0, 0, 0, 0, 57, 0, 633, 633, 0]

 ### Operon type: 242

	 A0A010RTE7	[0, 0, 0, 0, 0, 0, 57, 172, 0]

 ### Operon type: 243

	 A0A009P817	[226, 0, 0, 0, 132, 0, 352, 131, 130]

 ### Operon type: 244

	 A0A009TIY0	[0, 0, 0, 0, 132, 0, 352, 131, 0]

 ### Operon type: 245

	 A0A009QKA3	[352, 131, 0, 130, 0, 0, 0, 0, 163]

 ### Operon type: 246

	 A0A009HSR2	[0, 87, 86, 0, 85, 142, 143, 248, 144]

 ### Operon type: 247

	 A0A009SWM1	[0, 87, 86, 0, 85, 0, 0, 143, 0]

 ### Operon type: 248

	 A0A009MYX0	[145, 144, 0, 602, 0, 0, 143, 142, 141]

 ### Operon type: 249

	 A0A009QK79	[0, 0, 141, 142, 0, 143, 0, 0, 144]

 ### Operon type: 250

	 A0A009GXJ1	[321, 320, 142, 143, 97, 248, 144, 145, 0]

 ### Operon type: 251

	 A0A013TKW8	[0, 728, 0, 523, 522, 521, 520, 519, 518]
	 A0A010IT95	[0, 0, 0, 523, 522, 521, 520, 519, 518]
	 A0A009QT77	[0, 0, -1, 523, 522, 521, 520, 519, 518]
	 A0A009PRQ9	[0, 523, 140, 0, 522, 521, 520, 519, 518]
	 A0A009MH36	[0, 0, 0, 523, 522, 521, 520, 519, 518]
	 A0A009I5G9	[0, 0, 523, 140, 522, 521, 520, 519, 518]
	 A0A009GWD0	[248, 0, 0, 523, 522, 521, 520, 519, 518]
	 A0A009S0T6	[0, 0, 523, 140, 522, 521, 520, 519, 518]

 ### Operon type: 252

	 A0A013TMJ7	[658, -1, 0, 523, 522, 519, 518, 0, 0]

 ### Operon type: 253

	 A0A011VXC2	[-1, 369, 0, 685, 368, 367, 366, 365, 364]
	 A0A011V392	[369, 0, 685, 368, 367, 366, 0, 365, 364]

 ### Operon type: 254

	 A0A011V490	[353, 409, 0, 364, 365, 366, 367, 368, 685]

 ### Operon type: 255

	 A0A011VZF5	[0, 0, 368, 367, 366, 787, 409, 787, 0]

 ### Operon type: 256

	 A0A011WLE7	[0, 0, 0, 0, 0, 297, 0, 0, 0]
	 A0A011VU44	[0, 0, 0, 0, 0, 297, 0, 0, 0]

 ### Operon type: 257

	 A0A011VAP2	[0, 0, 211, 0, 0, 0, 0, 0, 347]

 ### Operon type: 258

	 A0A011VRJ8	[0, 0, 0, 0, 0, 0, 211, 0, 0]

 ### Operon type: 259

	 A0A011RNU1	[0, 0, 0, 0, 0, 0, 846, 846, 845]

 ### Operon type: 260

	 A0A011VKJ9	[0, 0, 0, 0, 0, 0, 845, 846, -1]

 ### Operon type: 261

	 A0A011PQZ7	[0, 0, 0, 688, 687, 0, 686, 0, 0]

 ### Operon type: 262

	 A0A011TUX4	[0, 0, 0, 0, 687, 0, 0, 686, 0]

 ### Operon type: 263

	 A0A011STZ9	[0, 0, 0, 686, 0, 0, 0, 0, 0]

 ### Operon type: 264

	 A0A011PRF5	[684, 0, 0, 0, 0, 0, 0, 0, 0]
	 A0A011PUJ9	[0, 0, 0, 0, 0, 0, 0, 0, 684]

 ### Operon type: 265

	 A0A011PFY8	[0, 0, 0, 0, 0, 0, 0, 0, 722]

 ### Operon type: 266

	 A0A011PNS3	[802, 722, 0, 0, 0, 0, 0, 0, 0]

 ### Operon type: 267

	 A0A011T648	[0, 722, 0, 0, 0, 0, 0, 799, 0]

 ### Operon type: 268

	 A0A010YYJ5	[0, 0, 0, 787, 0, 0, 0, 48, 48]

 ### Operon type: 269

	 A0A011NDM5	[787, 0, 0, 0, 0, 0, 0, 0, 0]

 ### Operon type: 270

	 A0A011MSR2	[0, 0, 0, 603, 0, 0, 0, 787, 787]

 ### Operon type: 271

	 A0A011WSU6	[0, 787, 0, 0, 365, 0, 0, 0, 0]

 ### Operon type: 272

	 A0A011U3C2	[0, 0, 743, 0, 0, 0, 0, 0, 0]
	 A0A011AEN3	[0, 0, 0, 0, 0, 0, 743, 0, 0]

 ### Operon type: 273

	 A0A011AAZ2	[0, 91, 0, 0, 0, 743, 743, 743, 0]

 ### Operon type: 274

	 A0A011T698	[0, 0, 0, 0, 0, 759, 743, 0, 0]

 ### Operon type: 275

	 A0A010YRE8	[0, 0, 0, 0, 0, 0, 0, 11, 0]

 ### Operon type: 276

	 A0A011AF05	[0, 0, 152, 11, 0, 0, 0, 0, 0]

 ### Operon type: 277

	 A0A009ZG48	[0, 0, 0, 728, 0, 0, 0, 0, 0]

 ### Operon type: 278

	 A0A011PEJ8	[0, 0, 729, 728, 0, 0, 0, 0, 0]

 ### Operon type: 279

	 A0A011QNJ7	[647, 0, 0, 728, 0, 0, 0, 647, 0]

 ### Operon type: 280

	 A0A011MMJ4	[0, 0, 0, 0, 0, 0, 0, 647, 0]

 ### Operon type: 281

	 A0A011R8M3	[0, 0, 729, 728, 0, 568, 0, 647, 0]

 ### Operon type: 282

	 A0A009ZC82	[0, 0, 761, 0, 0, 0, 0, 0, 0]

 ### Operon type: 283

	 A0A011P3F6	[762, 0, 0, 761, 0, 0, 0, 0, 0]

 ### Operon type: 284

	 A0A009IG48	[0, 0, 0, 239, 238, 0, 0, 0, 762]

 ### Operon type: 285

	 A0A009IMQ0	[0, 0, 0, 239, 238, 0, 0, 0, 0]

 ### Operon type: 286

	 A0A009SWV1	[0, 0, 0, 0, 0, 0, 0, 239, 0]

 ### Operon type: 287

	 A0A009Q512	[0, 0, 0, 0, 225, 0, 0, 0, 0]
	 A0A009PMZ9	[225, 0, 0, 0, 0, 0, 0, 0, 0]

 ### Operon type: 288

	 A0A009IFL2	[0, 71, 0, 70, -1, 0, 0, 0]

 ### Operon type: 289

	 A0A009ZDS1	[-1, -1, 0, 71, 0, 0, 395, 0, 0]

 ### Operon type: 290

	 A0A010SNM6	[53, 52, -1, 0, 0, 0, 658, 0, 0]

 ### Operon type: 291

	 A0A010T5D8	[52, 53, 0, -1, 0, -1, 474, 0, 0]

 ### Operon type: 292

	 A0A011UB51	[361, 0, 0, 0, 0, 0, 0, 0, 0]
	 A0A011UFH1	[0, 0, 0, 0, 0, 361, 0, 0, 0]

 ### Operon type: 293

	 A0A011VHP2	[0, -1, -1, -1, 219, 0, 0, 0, 0]
	 A0A011V965	[0, -1, -1, 0, 219, 0, -1, -1, 0]

 ### Operon type: 294

	 A0A010RVD0	[-1, 0, 0, -1, 0, 818, 818, 0, 45]

 ### Operon type: 295

	 A0A010T7Q5	[0, 45, 0, 0, 0, 0, -1, 0, 0]

 ### Operon type: 296

	 A0A010SJH7	[0, 0, 658, -1, 0, 0, 222, 0, 0]

 ### Operon type: 297

	 A0A010SRR2	[0, 0, -1, 0, 0, 0, 0, 0, 658]

 ### Operon type: 298

	 A0A010RKP8	[0, 0, 0, 0, 0, 0, -1, 0, 0]
	 A0A011UZ32	[0, 0, 0, 0, 0, -1, 0, 0, 0]
	 A0A009HJU6	[0, 0, 0, 0, 0, 0, 0, 0, -1]
	 A0A010TF14	[-1, 0, 0, 0, 0, 0, 0, 0, 0]
	 A0A010RY47	[-1, 0, -1, 0, 0, 0, 0, 0, 0]

 ### Operon type: 299

	 A0A010SJF9	[0, 0, 0, 0, 0, -1, 0, 69, -1]

 ### Operon type: 300

	 A0A011ML54	[0, 0, 0, 617, 0, 0, 0, 0, -1]

 ### Operon type: 301

	 A0A011NHY1	[0, 0, 0, 0, 0, 658, 0, 0, 0]

 ### Operon type: 302

	 A0A010Z171	[0, 0, 0, 0, 0, 0, 658, 0, 602]

 ### Operon type: 303

	 A0A011T697	[658, 0, 0, 0, 0, 0, 0, 0, 352]

 ### Operon type: 304

	 A0A011TDD1	[0, 488, 658, 0, 0, 0, 0, 0, 0]

 ### Operon type: 305

	 A0A011VW24	[0, 0, 859, 0, 0, 0, 0, 0, -1]

 ### Operon type: 306

	 A0A011T8V3	[0, 0, 859, 0, 0, 0, 0, 0, 0]

 ### Operon type: 307

	 A0A010TH98	[590, 0, 0, 859, 0, 0, 0, 0, 0]

 ### Operon type: 308

	 A0A011QVR3	[0, 0, 0, 0, 0, 0, 0, 804, 859]

 ### Operon type: 309

	 A0A011VYF1	[859, 0, 0, 0, 0, 0, 361, 0, 0]

 ### Operon type: 310

	 A0A010S415	[-1, 859, 0, 221, 0, 0, 0, 0, 384]

 ### Operon type: 311

	 A0A011QSN2	[0, 0, 0, 0, 0, 0, 0, 0, 0]
	 A0A011P9Z5	[0, 0, 0, 0, 0, 0, 0, 0, 0]
	 A0A011PBM9	[0, 0, 0, 0, 0, 0, 0, 0, 0]
	 A0A011NAJ1	[0, 0, 0, 0, 0, 0, 0, 0, 0]
	 A0A011QMJ8	[0, 0, 0, 0, 0, 0, 0, 0, 0]
	 A0A011NTU3	[0, 0, 0, 0, 0, 0, 0, 0, 0]
	 A0A011NMI8	[0, 0, 0, 0, 0, 0, 0, 0, 0]
	 A0A011N2Z0	[0, 0, 0, 0, 0, 0, 0, 0, 0]
	 A0A011Q056	[0, 0, 0, 0, 0, 0, 0, 0, 0]
	 A0A013TEV4	[0, 0, 0, 0, 0, 0, 0, 0, 0]
	 A0A011PNN2	[0, 0, 0, 0, 0, 0, 0, 0, 0]
	 A0A013S2B9	[0, 0, 0, 0, 0, 0, 0, 0, 0]
	 A0A013SBR8	[0, 0, 0, 0, 0, 0, 0, 0, 0]
	 A0A013SL47	[0, 0, 0, 0, 0, 0, 0, 0, 0]
	 A0A011WUT3	[0, 0, 0, 0, 0, 0, 0, 0, 0]
	 A0A011VYF6	[0, 0, 0, 0, 0, 0, 0, 0, 0]
	 A0A011UHL2	[0, 0, 0, 0, 0, 0, 0, 0, 0]
	 A0A011UBN9	[0, 0, 0, 0, 0, 0, 0, 0, 0]
	 A0A009M4K0	[0, 0, 0, 0, 0, 0, 0, 0, 0]
	 A0A011VNE2	[0, 0, 0, 0, 0, 0, 0, 0, 0]
	 A0A009PDV4	[0, 0, 0, 0, 0, 0, 0, 0, 0]
	 A0A009HIL8	[0, 0, 0, 0, 0, 0, 0, 0, 0]
	 A0A009MH90	[0, 0, 0, 0, 0, 0, 0, 0, 0]
	 A0A011UFM5	[0, 0, 0, 0, 0, 0, 0, 0, 0]
	 A0A010SHY1	[0, 0, 0, 0, 0, 0, 0, 0, 0]
	 A0A010SPJ7	[0, 0, 0, 0, 0, 0, 0, 0, 0]
	 A0A010SSQ8	[0, 0, 0, 0, 0, 0, 0, 0, 0]
	 A0A010T025	[0, 0, 0, 0, 0, 0, 0, 0, 0]
	 A0A010YJA7	[0, 0, 0, 0, 0, 0, 0, 0, 0]
	 A0A010ZTI3	[0, 0, 0, 0, 0, 0, 0, 0, 0]
	 A0A011A146	[0, 0, 0, 0, 0, 0, 0, 0, 0]
	 A0A010YZS8	[0, 0, 0, 0, 0, 0, 0, 0, 0]
	 A0A010Z120	[0, 0, 0, 0, 0, 0, 0, 0, 0]

 ### Operon type: 312

	 A0A010TG27	[615, 0, 66, 0, 0, 0, 699, 0, 0]

 ### Operon type: 313

	 A0A011PMK1	[0, 0, 0, 0, 0, 0, 0, 615, 0]

 ### Operon type: 314

	 A0A009HM15	[0, 251, 114, 0, 0, 0, -1, 0, 0]

 ### Operon type: 315

	 A0A009HRU1	[0, 142, 0, 0, 0, 0, 0, 0, 0]

 ### Operon type: 316

	 A0A009HSN8	[0, 230, 0, 0, 0, -1, 0, 164, -1]

 ### Operon type: 317

	 A0A009HV82	[146, 0, 0, 0, 0, 0, 0, 0, 0]

 ### Operon type: 318

	 A0A009IG74	[0, 0, 123, 0, 475, -1, 0, 0, 0]

 ### Operon type: 319

	 A0A009IJ90	[0, 115, 0, 0, 0, 0, 0, 0, 0]

 ### Operon type: 320

	 A0A009NM94	[0, 837, 837, 0, 0, 0, 488, 0, 0]

 ### Operon type: 321

	 A0A009Q4N5	[0, 0, 226, 0, 0, 0, 0, 0, 0]

 ### Operon type: 322

	 A0A009SSZ9	[0, 110, 0, 0, 0, 0, 0, 0, 0]

 ### Operon type: 323

	 A0A009YIH1	[0, 0, 0, 0, 253, 0, -1, -1, 2]

 ### Operon type: 324

	 A0A009YR05	[0, 0, 0, 0, 215, 0, 0, 0, 0]

 ### Operon type: 325

	 A0A009Z004	[182, 0, 182, 0, 0, 602, 0, 0, 0]

 ### Operon type: 326

	 A0A010RUQ5	[0, 0, 0, 0, 0, 0, 0, 0, 296]

 ### Operon type: 327

	 A0A010S195	[761, 0, 50, 49, 0, 0, 0, 0, 0]

 ### Operon type: 328

	 A0A010SCZ2	[0, 0, 0, 0, 0, 0, 0, 346, 0]

 ### Operon type: 329

	 A0A010SN41	[0, 0, 0, 0, 335, 0, 0, 0, 0]

 ### Operon type: 330

	 A0A010SSU2	[0, 0, 0, 0, 97, 0, -1, 740, 0]

 ### Operon type: 331

	 A0A010SUP6	[0, 0, 0, 0, 0, 0, 0, 49, 0]

 ### Operon type: 332

	 A0A010SUY9	[0, 0, 0, 0, 0, 568, 729, 0]

 ### Operon type: 333

	 A0A010THK2	[0, 0, -1, 0, 0, 633, 602, 0, 0]

 ### Operon type: 334

	 A0A010SRL4	[66, 0, 0, -1, 0, 0, 0, 602, 231]

 ### Operon type: 335

	 A0A010YX61	[436, 743, 0, 859, 0, 0, 0, 0, 0]

 ### Operon type: 336

	 A0A010S5W8	[0, 0, 603, 767, 0, 0, 0, 0, 0]

 ### Operon type: 337

	 A0A011NE37	[545, 0, 0, 0, 0, 0, 0, 0, 0]

 ### Operon type: 338

	 A0A011NF78	[0, 0, 825, 0, 0, 0, 0, 0, 0]

 ### Operon type: 339

	 A0A011NVE2	[0, 0, 0, 799, 0, 0, 658, 0, 622]

 ### Operon type: 340

	 A0A011NXJ4	[0, 0, 0, 0, 0, 0, 0, 0, 619]

 ### Operon type: 341

	 A0A011P8I1	[0, 0, 744, 743, 0, 0, 0, 0, 742]

 ### Operon type: 342

	 A0A011P9Q7	[737, 0, 0, 0, 0, 0, 0, 0, 0]

 ### Operon type: 343

	 A0A011PJ75	[0, 799, 673, 799, 0, 0, 0, 0, 0]

 ### Operon type: 344

	 A0A011PRB4	[0, 0, 0, 0, 0, 0, 0, 685, 0]

 ### Operon type: 345

	 A0A011QVT2	[803, 0, 0, 0, 0, 0, 0, 802, 0]

 ### Operon type: 346

	 A0A011RP14	[0, 0, 0, 0, 0, 0, 0, 844, 0]

 ### Operon type: 347

	 A0A011SM49	[658, 0, 844, 0, 0, 0, 509, 0, 0]

 ### Operon type: 348

	 A0A011AM27	[686, 0, 0, 0, 427, 0, 0, 0, 39]

 ### Operon type: 349

	 A0A011T607	[0, 0, 767, 0, 0, 0, 0, 0, 488]

 ### Operon type: 350

	 A0A011TAW2	[0, 0, 0, 0, 0, 0, 489, 0, 0]

 ### Operon type: 351

	 A0A011TED9	[0, 0, 0, 0, 0, 581, 0, 0, 0]

 ### Operon type: 352

	 A0A011TXS5	[0, 501, 0, 0, 0, 0, 0, 0, 0]

 ### Operon type: 353

	 A0A011U144	[0, 296, 0, 0, 0, 0, 619, 551, 0]

 ### Operon type: 354

	 A0A011U1C8	[759, 0, 0, 0, 0, 0, 0, 0, 295]

 ### Operon type: 355

	 A0A011U483	[0, 0, 0, 0, 0, 758, 0, 0, 0]

 ### Operon type: 356

	 A0A011UG86	[0, 763, 0, 0, 0, 69, 0, 0, 0]

 ### Operon type: 357

	 A0A011UQB5	[834, 693, 0, 0, 0, 0, 0, 361, 0]

 ### Operon type: 358

	 A0A011UVI5	[0, 0, 0, 0, 0, 90, 799, 799, 0]

 ### Operon type: 359

	 A0A011UWI3	[0, 0, 0, 0, 134, 0, 89, 761, 0]

 ### Operon type: 360

	 A0A011V5E6	[0, 0, 0, 0, 0, 354, 0, 0, 0]

 ### Operon type: 361

	 A0A011M4H6	[347, 0, 630, 0, 0, 0, 0, 0, 0]

 ### Operon type: 362

	 A0A011VSV3	[0, 0, 0, 0, 0, 0, 717, 0, 0]

 ### Operon type: 363

	 A0A011VWI0	[0, 0, 0, 0, 0, 198, 0, 0, 0]

 ### Operon type: 364

	 A0A011VZ91	[301, 0, 0, 0, 0, 0, 0, 0, 0]

 ### Operon type: 365

	 A0A011WP76	[0, 0, 0, 0, 0, 0, 0, 0, 806]

 ### Operon type: 366

	 A0A011WSD4	[0, 0, 0, -1, 0, 787, 0, 0, 409]

 ### Operon type: 367

	 A0A011WT35	[409, 0, 0, 0, 0, 0, 0, 0, 0]

 ### Operon type: 368

	 A0A013S843	[0, 456, 0, 0, 0, 0, -1, 455, 0]

 ### Operon type: 369

	 A0A013T5E6	[0, 0, 0, 556, 0, 0, 0, 0, 0]

 ### Operon type: 370

	 A0A009T185	[800, 0, 673, 673, 380, 799, 673, 497, 768]

 ### Operon type: 371

	 A0A010IN36	[381, 658, 0, 0, 380, 799, 673, 497, 768]

 ### Operon type: 372

	 A0A009PG43	[799, 673, 529, 802, 0, 497, 768, 0, 0]

 ### Operon type: 373

	 A0A009INE0	[381, 0, 0, 0, 0, 0, 0, 673, 497]

 ### Operon type: 374

	 A0A009T9H0	[0, 2, 762, -1, 0, 0, 143, 0, 142]

 ### Operon type: 375

	 A0A010THH5	[0, 55, 71, 90, 0, 0, 829, 0, 395]

 ### Operon type: 376

	 A0A011WSH8	[0, 0, 0, 699, 336, 0, 0, 0, 0]
	 A0A011VZE3	[0, 0, 0, 699, 336, 0, 0, 0, 0]

 ### Operon type: 377

	 A0A011NAF3	[0, 0, 0, 0, 0, 0, 699, 0, 706]

 ### Operon type: 378

	 A0A009IQ93	[291, 0, 699, 0, 0, 231, 0, 0, 0]

 ### Operon type: 379

	 A0A009Q8S9	[0, 0, 762, 465, 0, 491, 0, 0, 0]

 ### Operon type: 380

	 A0A009TLU4	[0, 501, -1, 255, 0, 43, 0, -1, -1]

 ### Operon type: 381

	 A0A009ZB47	[119, 136, 0, 0, 0, 787, 393, 0, 0]

 ### Operon type: 382

	 A0A009ZVR4	[842, 0, 743, 0, 0, 48, 0, 0, 47]

 ### Operon type: 383

	 A0A010JIN9	[393, 0, 0, 172, 242, 0, 0, 0, 0]

 ### Operon type: 384

	 A0A010S003	[713, 0, 0, 0, 0, 763, 763, 378, 0]

 ### Operon type: 385

	 A0A010SMN8	[0, -1, 51, 0, 634, 0, 0, 720, 0]

 ### Operon type: 386

	 A0A010SXS1	[0, 529, 0, 0, 0, 494, 0, 0, 802]

 ### Operon type: 387

	 A0A010T689	[39, -1, 829, 848, 0, 0, 0, 0, 0]

 ### Operon type: 388

	 A0A010TBB4	[0, 402, 0, 69, 0, 0, 0, 0, 759]

 ### Operon type: 389

	 A0A010YFK3	[0, 861, 0, 0, 0, 0, 207, 0, 295]

 ### Operon type: 390

	 A0A010YVY1	[8, 0, 8, 0, 0, 0, 0, 378, 0]

 ### Operon type: 391

	 A0A010ZSZ2	[0, 91, 0, 25, 24, 0, 0, 0, 0]

 ### Operon type: 392

	 A0A010Z0Y7	[0, 0, 0, 0, 24, 221, 0, 0, 0]

 ### Operon type: 393

	 A0A011A0M8	[0, 0, 602, 0, 70, 0, 0, 10, 10]

 ### Operon type: 394

	 A0A011NFL4	[0, 836, 0, 0, 616, 615, 0, 614, 0]

 ### Operon type: 395

	 A0A011P407	[0, 0, 760, 835, 0, 0, 759, 0, 758]

 ### Operon type: 396

	 A0A011QGT2	[699, 0, 0, 663, 662, 0, 0, 0, 0]

 ### Operon type: 397

	 A0A011QSA4	[828, 0, 827, 826, 0, 0, 0, 0, 825]

 ### Operon type: 398

	 A0A011T6J6	[0, 790, 0, 743, 0, 0, 351, 0, 350]

 ### Operon type: 399

	 A0A011TAL2	[0, 767, 0, 0, 0, 490, 0, 620, 0]

 ### Operon type: 400

	 A0A011TZG0	[602, 788, 0, 0, 0, 0, 0, 524, 0]

 ### Operon type: 401

	 A0A011UGY3	[338, 337, 354, 68, 0, 0, 0, 68, 0]

 ### Operon type: 402

	 A0A011UII7	[0, 0, 0, 0, 0, 622, 498, 0, 0]

 ### Operon type: 403

	 A0A011UNT9	[491, 512, 0, 0, 0, 0, 0, 0, 0]

 ### Operon type: 404

	 A0A011SIS0	[0, 776, 513, 513, 0, 0, 0, 512, 0]

 ### Operon type: 405

	 A0A011UT49	[0, 91, 0, 0, 0, 0, 529, 217, 0]

 ### Operon type: 406

	 A0A011VU65	[208, 0, 0, 0, 0, 207, 0, 717, 290]

 ### Operon type: 407

	 A0A011VV03	[0, 349, 0, 0, 348, 347, 0, 0, 0]

 ### Operon type: 408

	 A0A011VVZ9	[0, 0, -1, 0, 0, 346, 345, 345, 511]

 ### Operon type: 409

	 A0A011VWX7	[802, 370, 0, 0, 0, 0, 0, 830, 0]

 ### Operon type: 410

	 A0A011VXK7	[837, 837, 0, 542, 0, 0, 0, 792, 0]

 ### Operon type: 411

	 A0A011W0I6	[300, 0, 0, 0, 0, 593, 0, 617, 0]

 ### Operon type: 412

	 A0A010YEF6	[0, 300, 0, 0, 0, 0, 0, 0, 40]

 ### Operon type: 413

	 A0A013SQH1	[0, 0, 0, 0, 335, 516, 0, 523, 698]

 ### Operon type: 414

	 A0A009QJA8	[118, 117, 0, 0, 0, 0, 0, 0, 643]

 ### Operon type: 415

	 A0A009YL68	[0, 0, 759, 438, 434, 0, 0, 4, 0]

 ### Operon type: 416

	 A0A010JNG7	[523, 0, 0, 396, 0, 0, 0, 0, 0]

 ### Operon type: 417

	 A0A010RM40	[632, 699, 631, 0, 0, 0, 0, -1, 748]

 ### Operon type: 418

	 A0A010RRQ6	[0, 630, 0, 0, 0, 634, 629, 628, 0]

 ### Operon type: 419

	 A0A010S423	[351, 0, 0, 0, 0, 0, 0, 89, 841]

 ### Operon type: 420

	 A0A010T0I7	[0, 0, 40, 0, 0, 744, 827, 699, 0]

 ### Operon type: 421

	 A0A010ZUR7	[349, 23, 0, 23, 0, 22, 378, 0, 0]

 ### Operon type: 422

	 A0A011NA78	[0, 700, 0, 0, 0, 818, 0, 0, 748]

 ### Operon type: 423

	 A0A011P8W7	[741, 760, 802, 0, 740, 0, 0, 0, 0]

 ### Operon type: 424

	 A0A011PG97	[720, 0, 0, 719, 0, 0, 0, 0, 0]

 ### Operon type: 425

	 A0A011PKT4	[0, 516, 0, 0, 0, 0, 515, 0, 0]

 ### Operon type: 426

	 A0A011PLB2	[0, 741, 0, 517, 0, 0, 0, 0, 0]

 ### Operon type: 427

	 A0A011R339	[0, 0, 0, 0, 0, 0, 321, 320, 0]

 ### Operon type: 428

	 A0A011SFE5	[0, 0, 0, 837, 0, 0, 836, 835, 834]

 ### Operon type: 429

	 A0A011SJT5	[0, 0, 0, 511, 510, 510, 510, 510, 510]

 ### Operon type: 430

	 A0A011TDQ5	[0, 0, 0, 0, 487, 595, 0, 0, 0]

 ### Operon type: 431

	 A0A011VT01	[0, 0, 210, 0, 0, 210, 0, 0, 209]

 ### Operon type: 432

	 A0A009Z3V9	[699, 0, 0, 0, 0, 181, 600, 180, 179]

 ### Operon type: 433

	 A0A010SRB2	[43, 42, 0, 0, 0, 42, 53, 0, 0]

 ### Operon type: 434

	 A0A010KA25	[393, 0, 829, 373, 268, 0, 0, 393, 453]

 ### Operon type: 435

	 A0A011TZN1	[311, 310, 309, 0, 308, 0, 0, 0, 0]

 ### Operon type: 436

	 A0A011VJ76	[218, 218, 217, 614, 0, 699, 602, 0, 760]

 ### Operon type: 437

	 A0A011UG17	[147, 0, 302, 0, 343, 208, 0, 0, 0]

 ### Operon type: 438

	 A0A011WUA8	[773, 0, 0, 408, 0, 0, 0, 407, 407]

 ### Operon type: 439

	 A0A010S4X6	[0, 221, 631, 763, 414, 0, 621, 514, 633]

 ### Operon type: 440

	 A0A010YY02	[0, 7, 0, 0, 7, 587, 6, 0, 9]
