
 ### Operon type: 1

	 A0A010ILU3	[451, 450, 449, 529, 448, 447, 446, 445, 444]
	 A0A009QBR9	[451, 450, 449, 529, 448, 447, 445, 444, 257]
	 A0A009QS71	[451, 450, 449, 529, 448, 447, 446, 445, 444]
	 A0A009MW50	[451, 450, 449, 529, 448, 447, 446, 445, 444]
	 A0A009H3B0	[451, 450, 449, 529, 448, 447, 446, 445, 444]
	 A0A009I8S2	[451, 450, 449, 529, 448, 447, 445, 444, 257]
	 A0A009TM70	[451, 450, 449, 529, 448, 447, 445, 444, 257]

 ### Operon type: 2

	 A0A013TH43	[522, 521, 858, 520, 519, 518, 517, 516, 566]
	 A0A009RAF0	[522, 521, 858, 520, 519, 518, 517, 516, 566]

 ### Operon type: 3

	 A0A011PVT3	[767, 658, 657, 656, 662, 655, 654, 653, 652]
	 A0A011R7V7	[767, 658, 657, 656, 662, 655, 654, 653, 652]
	 A0A011MET3	[767, 658, 657, 656, 662, 655, 654, 653, 652]

 ### Operon type: 4

	 A0A013RZW2	[490, 412, 444, 411, 410, 482, 409, 408, 407]
	 A0A013SNJ8	[490, 412, 444, 411, 410, 482, 409, 408, 407]
	 A0A009IV03	[490, 412, 444, 411, 410, 482, 409, 408, 407]
	 A0A009PH20	[490, 412, 444, 411, 410, 482, 409, 408, 407]
	 A0A009MMM3	[490, 412, 444, 411, 410, 482, 409, 408, 407]
	 A0A010J9U3	[490, 412, 444, 411, 410, 482, 409, 408, 407]
	 A0A009HBT3	[490, 412, 444, 411, 410, 482, 409, 408, 407]
	 A0A009SIZ4	[490, 412, 444, 411, 410, 482, 409, 408, 407]
	 A0A009RD69	[490, 412, 444, 411, 410, 482, 409, 408, 407]
	 A0A009YIZ0	[490, 412, 444, 411, 410, 482, 409, 408, 407]

 ### Operon type: 5

	 A0A009PH57	[194, 193, -1, 192, 191, 589, 190, 577, 189]
	 A0A009TG92	[194, 193, -1, 192, 191, 589, 190, 577, 189]

 ### Operon type: 6

	 A0A013S288	[425, 406, 405, 404, 482, 403, 402, 401, 400]
	 A0A013SXT2	[425, 406, 405, 404, 482, 403, 402, 401, 400]
	 A0A009I0I9	[425, 406, 405, 404, 482, 403, 402, 401, 400]
	 A0A009N031	[425, 406, 405, 404, 482, 403, 402, 401, 400]
	 A0A010J3I1	[425, 406, 405, 404, 482, 403, 402, 401, 400]
	 A0A009PWG1	[425, 406, 405, 404, 482, 403, 402, 401, 400]
	 A0A009R2X0	[425, 406, 405, 404, 482, 403, 402, 401, 400]
	 A0A009SFX8	[425, 406, 405, 404, 46, 482, 403, 402, 401]
	 A0A009TBM2	[406, 405, 404, 46, 482, 403, 402, 401, 400]

 ### Operon type: 7

	 A0A013T8M5	[537, 743, 536, 535, 534, 533, 532, 531, 530]
	 A0A010IMP8	[537, 743, 536, 535, 534, 533, 532, 531, 530]
	 A0A013SZ54	[537, 743, 536, 535, 534, 533, 532, 531, 530]
	 A0A009IRJ6	[537, 743, 536, 535, 534, 533, 532, 531, 530]
	 A0A009N123	[537, 743, 536, 535, 534, 533, 532, 531, 530]
	 A0A009Q3K7	[537, 743, 536, 535, 534, 533, 532, 531, 530]
	 A0A009H7U0	[537, 743, 536, 535, 534, 533, 532, 531, 530]
	 A0A009SWU0	[537, 743, 536, 535, 534, 533, 532, 531, 530]
	 A0A009RBQ2	[537, 743, 536, 535, 534, 533, 532, 531, 530]
	 A0A009ZM43	[-1, 743, 536, 535, 534, 533, 532, 531, 530]

 ### Operon type: 8

	 A0A013RMD0	[-1, 358, 664, 357, 356, 669, 355, 354, 353]
	 A0A009RG92	[-1, 358, 664, 357, 356, 669, 355, 354, 353]
	 A0A009QDV7	[-1, 358, 664, 357, 356, 669, 355, 354, 353]
	 A0A009N9Z1	[-1, 358, 664, 357, 356, 669, 355, 354, 353]
	 A0A010JDA6	[-1, 358, 664, 357, 356, 669, 355, 354, 353]
	 A0A009S854	[-1, 358, 664, 357, 356, 669, 355, 354, 353]
	 A0A009H6M2	[-1, 358, 664, 357, 356, 669, 355, 354, 353]
	 A0A009IHQ3	[-1, 358, 664, 357, 356, 669, 355, 354, 353]
	 A0A009ZIC0	[109, 358, 664, 357, 356, 669, 355, 354, 353]

 ### Operon type: 9

	 A0A011UIA1	[288, 287, 286, 285, 284, 283, 282, 281, 0]
	 A0A011V5V3	[0, 288, 287, 286, 285, 284, 283, 282, 281]

 ### Operon type: 10

	 A0A011PTE7	[624, 623, 622, 621, 620, 0, 619, 618, 617]
	 A0A011NE72	[624, 623, 622, 621, 620, 619, 618, 617, 0]

 ### Operon type: 11

	 A0A010JWJ1	[306, 305, 724, 304, 303, 302, 301, 300, 299]
	 A0A009I4A1	[306, 305, 724, 304, 303, 302, 301, 300, 299]

 ### Operon type: 12

	 A0A009QF22	[136, 135, 306, 0, 303, 302, 301, 300, 299]
	 A0A009TBY8	[136, 135, 306, 304, 303, 302, 301, 300, 299]

 ### Operon type: 13

	 A0A011NEY3	[491, 711, 710, 709, 709, 708, 707, 706, 0]

 ### Operon type: 14

	 A0A011PAN4	[711, 710, 0, 709, 709, 708, 707, 706, 705]

 ### Operon type: 15

	 A0A011RCD5	[491, 711, 710, 709, 709, 708, 707, 706, 705]

 ### Operon type: 16

	 A0A011P4U7	[0, 757, 756, 755, 754, 753, 752, 751, 750]
	 A0A011NAY5	[757, 756, 755, 754, 753, 752, 751, 750, 0]

 ### Operon type: 17

	 A0A011NBX7	[720, 719, 718, 717, 716, 715, 0, 0, 0]
	 A0A011PF67	[720, 719, 718, 717, 716, 0, 0, 0, 0]
	 A0A011NW66	[720, 719, 718, 717, 716, 715, 0, 0, 0]

 ### Operon type: 18

	 A0A011NS68	[720, 719, 718, 717, 716, 679, 678, 686, 762]
	 A0A011RHX4	[720, 719, 718, 717, 716, 679, 678, 686, 0]

 ### Operon type: 19

	 A0A010YT39	[0, 684, 33, 663, 32, 31, 30, 29, 481]

 ### Operon type: 20

	 A0A010Z7T4	[33, 663, 32, 31, 30, 29, 481, 660, 628]

 ### Operon type: 21

	 A0A013SP43	[368, 367, 409, 366, 365, 364, 363, 362, 361]
	 A0A010K6G6	[368, 367, 409, 366, 365, 364, 363, 0, 361]
	 A0A009RUN3	[368, 367, 409, 366, 365, 364, 363, 362, 361]

 ### Operon type: 22

	 A0A011VWR4	[0, 0, 0, 0, 329, 328, 327, 326, 325]

 ### Operon type: 23

	 A0A011VYP6	[329, 328, 327, 326, 325, 0, 324, 656, 0]

 ### Operon type: 24

	 A0A011QAS2	[0, 781, 780, 779, 778, 777, 776, 775, 774]
	 A0A011NEQ1	[0, 781, 780, 779, 778, 777, 776, 775, 774]

 ### Operon type: 25

	 A0A010JSI3	[677, 676, 675, 674, 673, 672, 671, 670, 0]
	 A0A013T0M4	[677, 676, 675, 674, 673, 672, 671, 670, 0]
	 A0A009RGL2	[677, 676, 675, 674, 673, 672, 671, 670, 307]
	 A0A009HDS5	[677, 676, 675, 674, 673, 672, 671, 670, 307]

 ### Operon type: 26

	 A0A009SNL0	[84, 83, 483, 124, 123, 122, 121, 120, 119]

 ### Operon type: 27

	 A0A009T1I8	[483, 124, 123, 122, 121, 120, 119, 0, 0]

 ### Operon type: 28

	 A0A011VW71	[0, 224, 223, 222, 221, 220, 219, 848, 218]
	 A0A011VUV0	[224, 223, 222, 221, 220, 219, 848, 218, 0]

 ### Operon type: 29

	 A0A011UG71	[213, 273, 212, 217, 216, 274, 215, 272, 214]

 ### Operon type: 30

	 A0A011V8Z7	[0, 0, 213, 273, 212, 217, 216, 274, 215]

 ### Operon type: 31

	 A0A011V8Y9	[217, 216, 274, 215, 272, 214, 0, 0, 0]

 ### Operon type: 32

	 A0A011U8C0	[0, 274, 273, 0, 574, 272, 0, 0, 0]

 ### Operon type: 33

	 A0A011QSF0	[0, 824, 823, 822, 821, 820, 819, 818, 0]
	 A0A011QBB5	[701, 824, 823, 822, 821, 820, 819, 818, 593]
	 A0A011Q0X6	[701, 824, 823, 822, 821, 820, 819, 818, 593]
	 A0A011Q1X8	[824, 0, 823, 822, 821, 820, 819, 818, 593]

 ### Operon type: 34

	 A0A011PG87	[701, 824, 823, 822, 821, 820, 819, 0, 0]

 ### Operon type: 35

	 A0A011PCT1	[814, 813, 869, 0, 0, 0, 0, 865, 0]

 ### Operon type: 36

	 A0A011QU35	[0, 0, 0, 0, 871, 0, 814, 813, 869]

 ### Operon type: 37

	 A0A011Q2B1	[815, 749, 871, 870, 869, 868, 867, 866, 865]

 ### Operon type: 38

	 A0A011RLN8	[872, 873, 871, 870, 869, 868, 867, 866, 865]

 ### Operon type: 39

	 A0A011P700	[0, 0, 817, 816, 815, 749, 871, 870, 869]

 ### Operon type: 40

	 A0A011QSI4	[0, 0, 817, 816, 815, 0, 872, 873, 871]

 ### Operon type: 41

	 A0A013T337	[725, 667, 552, 551, 550, 796, 549, 799, 548]
	 A0A013TH30	[725, 667, 552, 551, 550, 796, 549, 799, 548]
	 A0A013S981	[389, 725, 667, 552, 551, 550, 796, 549, 799]

 ### Operon type: 42

	 A0A010JY00	[389, 725, 667, 552, 298, 796, 549, 799, 548]

 ### Operon type: 43

	 A0A013TPV4	[375, 374, 373, 372, 371, 370, 842, 724, 369]
	 A0A009MGJ1	[375, 374, 373, 372, 371, 370, 842, 724, 369]
	 A0A009QQ47	[375, 374, 373, 372, 371, 370, 842, 724, 369]
	 A0A010IZE4	[375, 374, 373, 372, 371, 370, 842, 724, 369]
	 A0A009SZB5	[375, 374, 373, 372, 371, 370, 842, 724, 369]
	 A0A009HL81	[375, 374, 373, 372, 371, 370, 842, 724, 369]
	 A0A009HR98	[375, 374, 373, 372, 371, 370, 842, 724, 369]

 ### Operon type: 44

	 A0A009Z8F7	[374, 373, 370, 0, 371, 5, 5, 0, 47]

 ### Operon type: 45

	 A0A009HFU9	[113, 112, 111, 110, 109, 515, 108, 107, 0]
	 A0A009R016	[113, 112, 111, 110, 109, -1, 515, 108, 107]

 ### Operon type: 46

	 A0A011UJN3	[0, 564, 0, 0, 563, 562, 561, 560, 559]

 ### Operon type: 47

	 A0A011W213	[563, 562, 561, 560, 559, 599, 0, 0, 0]

 ### Operon type: 48

	 A0A011QUG8	[812, 811, 810, 809, 808, 807, 0, 806, 805]
	 A0A011QIT1	[812, 811, 810, 809, 808, 807, 806, 805, 795]

 ### Operon type: 49

	 A0A011PP01	[631, 630, 629, 726, 727, 728, 729, 730, 731]
	 A0A011NVE7	[631, 630, 629, 726, 727, 728, 729, 730, 731]

 ### Operon type: 50

	 A0A011N9N8	[783, 733, 732, 731, 730, 729, 728, 727, 726]
	 A0A011P2I4	[783, 733, 732, 731, 730, 729, 728, 727, 726]

 ### Operon type: 51

	 A0A011PIY7	[690, 0, 732, 731, 730, 729, 728, 0, 726]

 ### Operon type: 52

	 A0A011Q3J4	[0, 690, 732, 731, 730, 729, 728, 727, 0]

 ### Operon type: 53

	 A0A011MH88	[691, 690, 732, 731, 730, 729, 728, 727, 726]

 ### Operon type: 54

	 A0A013SPM5	[546, 545, 544, 543, 542, 541, 540, 539, 538]
	 A0A010IX62	[546, 545, 544, 543, 542, 541, 540, 539, 538]
	 A0A009QFZ7	[546, 545, 544, 543, 542, 541, 540, 539, 538]
	 A0A009MH71	[546, 545, 544, 543, 542, 541, 540, 539, 538]
	 A0A009HSL1	[546, 545, 544, 543, 542, 541, 540, 539, 538]
	 A0A009I6Z0	[546, 545, 544, 543, 542, 541, 540, 539, 538]
	 A0A009TK03	[546, 545, 544, 543, 542, 541, 540, 539, 538]

 ### Operon type: 55

	 A0A009ZIX8	[0, 6, 544, 543, 542, 25, 0, 538, 0]

 ### Operon type: 56

	 A0A010JJN4	[465, 464, 463, 462, 461, 460, 459, 745, 734]
	 A0A013TPR7	[465, 464, 463, 462, 461, 460, 459, 745, 734]
	 A0A009PMT3	[465, 464, 463, 462, 461, 460, 459, 745, 734]
	 A0A009NI48	[465, 464, 463, 462, 461, 460, 459, 745, -1]
	 A0A009HJJ5	[465, 464, 463, 462, 461, 460, 459, 745, 89]
	 A0A009SEP4	[465, 464, 463, 462, 461, 0, 460, 459, 0]
	 A0A009RMI1	[465, 464, 463, 462, 461, 460, 459, 745, 0]
	 A0A009I8I7	[465, 464, 463, 462, 461, 460, 459, 745, 89]
	 A0A009YG45	[0, 465, 464, 463, 461, 0, 460, 459, 745]

 ### Operon type: 57

	 A0A013S8F0	[397, 396, 395, 394, 393, 724, 682, 399, 735]
	 A0A013TPQ9	[397, 396, 395, 394, 393, 724, 682, 399, 735]
	 A0A009PMU2	[397, 396, 395, -1, 393, 724, 682, 399, 735]
	 A0A010IZH1	[-1, 396, 395, 394, 393, 724, 682, 399, 735]
	 A0A009HJM0	[397, 396, 395, 394, 393, 724, 682, 399, 735]
	 A0A009SZ84	[397, 396, 395, 394, 393, 724, 682, 399, 735]

 ### Operon type: 58

	 A0A009HUS9	[396, 395, 0, 394, 393, 241, -1, 242, 243]

 ### Operon type: 59

	 A0A009ISE1	[460, 459, 745, 243, 242, -1, 241, 393, 394]

 ### Operon type: 60

	 A0A009NPS1	[397, 396, 395, 394, 393, -1, 745, 459, 460]

 ### Operon type: 61

	 A0A013SB36	[388, 387, 386, 385, 384, 584, 583, 383, 382]
	 A0A009QSI3	[388, 387, 386, 385, 384, 584, 583, 383, -1]

 ### Operon type: 62

	 A0A010ITP2	[388, 387, 386, 385, 384, 584, 583, 0, 0]

 ### Operon type: 63

	 A0A009SII9	[-1, 387, 386, 385, 384, 584, 583, 127, 126]

 ### Operon type: 64

	 A0A009T0Q9	[384, 584, 583, 127, 126, 382, 691, 724, 125]

 ### Operon type: 65

	 A0A009YJF4	[0, 584, 583, 97, 96, 691, 724, 0, 125]

 ### Operon type: 66

	 A0A009GP96	[0, 106, 724, 660, 297, 105, 515, 104, 103]

 ### Operon type: 67

	 A0A009GSR4	[660, 297, 105, 515, 104, 103, 103, 102, 0]

 ### Operon type: 68

	 A0A009IIT6	[106, 724, 660, 297, 104, 103, 103, 102, 0]

 ### Operon type: 69

	 A0A011SQL0	[761, 576, -1, 575, 574, 573, 572, 571, 570]
	 A0A011UZ49	[576, -1, 575, 574, 573, 572, 571, 570, 0]

 ### Operon type: 70

	 A0A009PT82	[733, 594, 155, 154, 246, 245, 244, 153, 152]
	 A0A009SIF9	[733, 594, 155, 154, 246, 245, 244, 153, 152]

 ### Operon type: 71

	 A0A009IS10	[247, 0, 0, 0, 246, 245, 244, 0, 0]

 ### Operon type: 72

	 A0A009QHW5	[0, 0, 0, 451, 246, 245, 244, 0, 134]

 ### Operon type: 73

	 A0A011UVB4	[0, 0, 0, 114, 0, 0, 247, 0, 218]

 ### Operon type: 74

	 A0A011V107	[294, -1, 420, 418, 421, 417, 293, 292, 0]
	 A0A011U7M7	[0, 294, -1, 420, 418, 421, 417, 293, 292]

 ### Operon type: 75

	 A0A011TLH0	[422, 421, 420, 419, 418, 417, 0, 0, 0]

 ### Operon type: 76

	 A0A011UG87	[507, 508, 509, 422, 421, 420, 419, 418, 417]

 ### Operon type: 77

	 A0A011TLH7	[509, 508, 507, 0, 0, 0, 0, 0, 0]

 ### Operon type: 78

	 A0A011TWN2	[506, 505, 504, 503, 502, 501, 500, 0, 0]
	 A0A011TAF9	[0, 0, 506, 505, 504, 503, 502, 501, 500]

 ### Operon type: 79

	 A0A011Q5V7	[790, 0, 0, 0, 864, 863, 862, 861, 860]

 ### Operon type: 80

	 A0A011RM25	[864, 863, 862, 861, 860, 859, 0, 858, 0]

 ### Operon type: 81

	 A0A011QIE8	[649, 648, 647, 682, 646, 645, 644, 0, 0]
	 A0A011QDV3	[649, 648, 647, 682, 646, 645, 594, 0, 644]

 ### Operon type: 82

	 A0A011QAB0	[787, 786, 785, 0, 784, 783, 847, 782, 0]
	 A0A011PL71	[606, 787, 786, 785, 784, 783, 847, 782, 0]

 ### Operon type: 83

	 A0A011Q6N5	[833, 832, 831, 0, 0, 0, 789, 788, 789]

 ### Operon type: 84

	 A0A011SGD5	[0, 0, 0, 0, 0, 0, 833, 832, 831]

 ### Operon type: 85

	 A0A011NYU6	[591, 590, 0, 589, 627, 27, 26, 0, 588]

 ### Operon type: 86

	 A0A011PYI6	[591, 590, 0, 589, 627, 588, 666, 835, 0]

 ### Operon type: 87

	 A0A011P1C0	[0, 0, 27, 26, 588, 0, 0, 0, 0]

 ### Operon type: 88

	 A0A011PKU5	[612, 611, 610, 609, 610, 608, 607, 0, 0]
	 A0A011N4G4	[0, 0, 612, 611, 610, 609, 610, 608, 607]

 ### Operon type: 89

	 A0A010ZWJ8	[21, 20, 19, 628, 18, 742, 494, 742, 17]

 ### Operon type: 90

	 A0A011AHW1	[18, 628, 19, 20, 21, 0, 0, 22, 0]

 ### Operon type: 91

	 A0A011AHU9	[494, 742, 17, 0, 0, 0, 0, 9, 691]

 ### Operon type: 92

	 A0A010ZX98	[16, 15, 14, 13, 12, 11, 682, 682, 0]

 ### Operon type: 93

	 A0A011AIL7	[12, 13, 14, 15, 16, 0, 0, 0, 0]

 ### Operon type: 94

	 A0A010YF95	[791, 38, 806, 37, 36, 36, 35, 565, 34]

 ### Operon type: 95

	 A0A010ZJQ6	[38, 806, 37, 36, 36, 35, 565, 34, 0]

 ### Operon type: 96

	 A0A009GXL8	[100, 99, 98, 97, 96, 304, 128, 133, 132]

 ### Operon type: 97

	 A0A010JIW7	[100, 99, 98, 97, 96, 0, 0, 128, 133]

 ### Operon type: 98

	 A0A011QNA5	[0, 641, 640, 639, 0, 638, 637, 636, 635]
	 A0A009ZLJ7	[635, 636, 637, 638, 0, 0, 641, 640, 639]

 ### Operon type: 99

	 A0A013T0T6	[638, 637, 636, 635, 557, 556, 555, 554, 553]
	 A0A009ISY0	[638, 637, 636, 635, 557, 240, 555, 554, 553]
	 A0A009QMH5	[638, 637, 636, 635, 557, 556, 555, 554, 553]
	 A0A009PE10	[638, 637, 636, 635, 557, 240, 555, 554, -1]
	 A0A009HAX1	[638, 637, 636, 635, 557, 556, 555, 554, 553]
	 A0A009RMD0	[638, 637, 636, 635, 557, 240, 555, 554, 553]

 ### Operon type: 100

	 A0A010ILW6	[638, 637, 636, 635, 557, 556, 0, 0, 554]

 ### Operon type: 101

	 A0A009Z9X7	[637, 636, 635, 0, 557, 0, 803, 0, 554]

 ### Operon type: 102

	 A0A013S8V2	[392, 391, 0, 0, 0, 390, 0, 0, 0]
	 A0A009R8E1	[0, 65, 0, 392, 391, 0, 0, 390, 0]

 ### Operon type: 103

	 A0A009ICH6	[490, 145, 144, 143, 298, 70, 69, 68, 799]
	 A0A009ZFR5	[490, 145, 144, 143, 298, 70, 69, 68, 799]

 ### Operon type: 104

	 A0A009NQA1	[490, 145, 144, 143, 142, 141, 552, 799, 796]
	 A0A009RR21	[490, 145, 144, 143, 142, 141, 552, 799, 796]

 ### Operon type: 105

	 A0A009HTN9	[490, 145, 144, 143, 142, 141, 88, 768, 87]
	 A0A009T3J5	[490, 145, 144, 143, 142, 141, 88, 768, 87]

 ### Operon type: 106

	 A0A009Q0U9	[490, 145, 144, 143, 142, 141, -1, -1, 0]

 ### Operon type: 107

	 A0A009QEG7	[256, 255, 254, 253, 252, 251, 250, 249, 248]
	 A0A009IPC3	[256, 255, 254, 253, 252, 251, 250, 249, 248]

 ### Operon type: 108

	 A0A009I573	[94, 0, 177, 178, 0, 179, 252, 253, 254]

 ### Operon type: 109

	 A0A009ILP9	[249, 0, 254, 253, 252, 179, 248, 178, 177]

 ### Operon type: 110

	 A0A009I953	[249, 0, 254, 253, 252, 179, 248, 0, -1]

 ### Operon type: 111

	 A0A009SX74	[699, 762, 0, 178, 248, 249, 255, 256, 85]

 ### Operon type: 112

	 A0A010IPH1	[441, 440, 723, 439, 438, 437, 436, 435, 568]
	 A0A009MMG9	[441, 440, 723, 439, 438, 437, 436, 435, 568]
	 A0A009ICP5	[441, 440, 723, 439, 438, 437, 436, 435, 568]
	 A0A009QVK8	[441, 440, 723, 439, 438, 437, 436, 435, 568]

 ### Operon type: 113

	 A0A009SIV4	[115, 116, 117, 95, 438, 437, 436, 435, 568]
	 A0A009HTW0	[115, 116, 117, 95, 438, 437, 436, 435, 568]
	 A0A009QLL2	[115, 116, 117, 95, 438, 437, 436, 435, 568]
	 A0A013TSJ4	[116, 117, 0, 95, 438, 437, 436, 435, 568]

 ### Operon type: 114

	 A0A013TCN9	[529, 528, 527, 526, 525, 524, 523, 724, 682]
	 A0A009QNC9	[529, 528, 527, 526, 525, 524, 523, 724, 682]
	 A0A010ITG1	[529, 528, 527, 526, 525, 524, 523, 724, 682]
	 A0A009NIJ3	[529, 528, 527, 526, 525, 524, 523, 724, 682]
	 A0A013TRC1	[529, 528, 527, 526, 525, 524, 523, 724, 682]

 ### Operon type: 115

	 A0A009H935	[0, 0, 527, 526, 525, 524, 523, 724, 682]

 ### Operon type: 116

	 A0A009IMX3	[434, 433, 432, 431, 430, 174, 174, 835, 173]
	 A0A009QEX0	[434, 433, 432, 431, 430, 174, 174, 835, 173]
	 A0A009SF48	[434, 433, 432, 431, 430, -1, 174, 835, 173]

 ### Operon type: 117

	 A0A010ISX2	[434, 433, 432, 431, 430, 429, 490, 428, 427]
	 A0A013S7V1	[434, 433, 432, 431, 430, 429, 490, 428, 427]
	 A0A009RES7	[434, 433, 432, 431, 430, 429, 490, 428, 427]
	 A0A009MR00	[434, 433, 432, 431, 430, 429, 490, 428, 427]

 ### Operon type: 118

	 A0A009YTT3	[3, 109, 432, 431, 430, 429, 490, 428, 427]

 ### Operon type: 119

	 A0A009GYP9	[0, 0, 0, 431, 430, 429, 490, 428, 427]

 ### Operon type: 120

	 A0A009ZZC8	[-1, 83, 84, 3, 109, 432, 431, 430, 429]

 ### Operon type: 121

	 A0A011WSE5	[344, 343, 342, 341, 340, 339, 338, 337, 478]
	 A0A011UGX8	[226, 344, 343, 342, 341, 340, 339, 338, 337]

 ### Operon type: 122

	 A0A011VZG0	[477, 0, 226, 344, 343, 342, 341, 340, 339]

 ### Operon type: 123

	 A0A009PJF7	[188, 187, 187, 186, 185, 184, 183, 182, 181]
	 A0A009SJZ7	[114, 188, 187, 186, 185, 184, 183, 182, 181]

 ### Operon type: 124

	 A0A009Z5G0	[184, 186, 187, 0, 579, 188, 114, 360]

 ### Operon type: 125

	 A0A010JJC1	[829, 458, 457, 456, 455, 454, 453, 466, 452]
	 A0A010IZ41	[458, 457, 456, 455, 454, 453, 466, 452, 409]

 ### Operon type: 126

	 A0A009QJL6	[829, 458, 457, 456, 0, 452, 409, 131, 0]

 ### Operon type: 127

	 A0A013SGL3	[381, 380, 379, 378, 377, 733, 440, 759, 376]
	 A0A013TB41	[381, -1, 379, 378, 377, 733, 440, 759, 376]
	 A0A010KAV2	[381, 380, 379, 378, 377, 733, 440, 759, 376]
	 A0A009PG53	[381, 380, 379, 378, 377, 733, 440, 759, 376]
	 A0A009NE81	[381, 380, 379, 378, 377, 733, 440, 759, 376]
	 A0A009RQH3	[381, 380, 379, 378, 377, 733, 440, 759, 376]
	 A0A009I5Z6	[381, 380, 379, 378, 377, 733, 440, 759, 376]
	 A0A009SHB3	[381, 380, 379, 378, 377, 733, 440, 759, 376]

 ### Operon type: 128

	 A0A009H3X4	[381, 380, 379, 378, 377, 733, -1, 688, -1]

 ### Operon type: 129

	 A0A009PIB4	[0, 0, 0, 151, 150, 149, 515, 724, 783]
	 A0A009SLR5	[0, 0, 0, 151, 150, 149, 515, 724, 783]

 ### Operon type: 130

	 A0A009HSU4	[0, 0, 605, 724, 0, 733, 759, 783, 515]

 ### Operon type: 131

	 A0A009I463	[843, 72, 71, 482, 482, 481, 480, 479, 140]
	 A0A009PAG1	[843, 72, 71, 482, 482, 481, 480, 479, 140]

 ### Operon type: 132

	 A0A013SKX6	[0, 0, 843, 0, 482, 482, 481, 480, 479]

 ### Operon type: 133

	 A0A011Q5S3	[795, 794, 0, 0, 0, 0, 793, 792, 791]

 ### Operon type: 134

	 A0A011UZZ4	[0, 793, 792, 0, 0, 0, 296, 296, 791]

 ### Operon type: 135

	 A0A011UTJ0	[0, 0, 0, 164, 163, 162, 752, 161, 160]

 ### Operon type: 136

	 A0A011VMV7	[164, 163, 162, 752, 161, 160, 280, 279, 278]

 ### Operon type: 137

	 A0A011NYT4	[748, 747, 746, 745, 0, 585, 585, 584, 583]

 ### Operon type: 138

	 A0A011P8E9	[0, 0, 748, 747, 0, 746, 745, 0, 0]

 ### Operon type: 139

	 A0A010TF34	[0, -1, 0, 0, 53, 52, 51, 50, 49]
	 A0A010SYH9	[53, 52, 51, 50, 49, 0, 0, 0, 0]

 ### Operon type: 140

	 A0A010S7A1	[78, 77, 76, 75, 0, 74, 0, 0, 0]
	 A0A010TFJ4	[0, -1, 0, 78, 77, 76, 75, -1, 74]

 ### Operon type: 141

	 A0A009PAV9	[209, -1, 723, 208, 482, 515, 207, 206, 205]
	 A0A009HJC2	[209, 682, 723, 208, 482, 515, 207, 206, 205]

 ### Operon type: 142

	 A0A009SE02	[0, 205, 0, 0, 0, 206, 207, 515, 482]

 ### Operon type: 143

	 A0A009HS41	[759, 490, 737, 489, 195, 724, 724, 487, 486]
	 A0A009RSB7	[759, 490, 737, 489, 195, 724, 724, 487, 486]
	 A0A009SYU8	[759, 490, 737, 489, 195, 724, 724, 487, 486]

 ### Operon type: 144

	 A0A013SHA9	[759, 490, 737, 489, 488, 724, 724, 487, 486]
	 A0A010IT25	[759, 490, 737, 489, 488, 724, 724, 487, 486]
	 A0A009I466	[759, 490, 737, 489, 488, 724, 724, 487, 486]

 ### Operon type: 145

	 A0A009NMQ9	[759, 490, 737, 489, 488, 0, 724, 724, 487]

 ### Operon type: 146

	 A0A009P8A9	[0, 0, 737, 489, 195, 724, 724, 487, 486]

 ### Operon type: 147

	 A0A009ITT8	[239, 238, 237, 313, 312, 236, 311, 310, 309]
	 A0A009NJ90	[239, 238, 237, 313, 312, 180, 236, 311, 310]

 ### Operon type: 148

	 A0A009NCH6	[234, 311, 310, 309, 233, 232, 231, 130, 129]
	 A0A009IJ01	[311, 310, 309, 308, 233, 232, 231, 130, 129]

 ### Operon type: 149

	 A0A009RQL5	[311, 310, 309, 86, 233, 232, 231, 130, 0]

 ### Operon type: 150

	 A0A009MGQ8	[312, 0, 234, 311, 310, 309, 233, 232, 231]

 ### Operon type: 151

	 A0A009IJ07	[316, 315, 314, 313, 312, 311, 310, 309, 308]
	 A0A009S6G1	[316, 315, 314, 313, 312, 311, 310, 309, 233]
	 A0A009RHH7	[316, 315, 314, 313, 312, 180, 311, 310, 309]

 ### Operon type: 152

	 A0A009HZK2	[314, 313, 312, 311, 310, 309, 308, 233, 232]

 ### Operon type: 153

	 A0A009R4N4	[313, 312, 180, 311, 310, 309, 86, 233, 232]

 ### Operon type: 154

	 A0A009S5A5	[312, 180, 236, 311, 310, 309, 308, 90, 233]

 ### Operon type: 155

	 A0A009RHH9	[0, 0, 0, 0, 277, 316, 315, 314, 313]

 ### Operon type: 156

	 A0A011PGU1	[0, 0, 698, 697, 696, 695, 694, 693, 692]
	 A0A011MDH1	[586, 0, 698, 697, 696, 695, 694, 693, 692]

 ### Operon type: 157

	 A0A011V0P4	[416, 295, 0, 0, 348, 0, 0, 318, 317]

 ### Operon type: 158

	 A0A011WPV7	[318, 317, 0, 0, 0, 0, 0, 0, 0]

 ### Operon type: 159

	 A0A011UDF3	[697, 270, 0, 0, 0, 499, 269, 268, 828]

 ### Operon type: 160

	 A0A011VSC9	[269, 268, 828, 0, 0, 0, 0, 0, 0]

 ### Operon type: 161

	 A0A011SF89	[840, 839, 838, 0, 0, 0, 0, 0, 0]

 ### Operon type: 162

	 A0A011UCX7	[0, 787, 840, 839, 0, 838, 271, 0, 0]

 ### Operon type: 163

	 A0A011RNP9	[0, 0, 0, 0, 0, 848, 847, 0, 0]

 ### Operon type: 164

	 A0A011V0B5	[843, 0, 0, 0, 0, 0, 848, 0, 0]

 ### Operon type: 165

	 A0A011RQC9	[0, 843, 842, 0, 0, 0, 0, 841, 0]

 ### Operon type: 166

	 A0A011QG28	[634, 633, 697, 0, 696, 695, 743, 632, 744]
	 A0A011RIM8	[634, 633, 0, 0, 696, 695, 743, 632, 744]

 ### Operon type: 167

	 A0A011PHI6	[766, 0, 765, 0, 0, 764, 809, 763, 0]

 ### Operon type: 168

	 A0A011QI68	[0, 0, 765, 764, 0, 0, 0, 0, 0]

 ### Operon type: 169

	 A0A011NVJ6	[597, 772, 771, 770, 769, 768, 0, 0, 596]

 ### Operon type: 170

	 A0A011PVP2	[0, 772, 771, 770, 769, 768, 0, 0, 767]

 ### Operon type: 171

	 A0A011NXY7	[0, 0, 771, 0, 769, 0, 0, 0, 0]

 ### Operon type: 172

	 A0A011QR69	[801, 800, 799, 798, 797, 796, 0, 0, 0]
	 A0A011NUB4	[801, 800, 799, 798, 797, 796, 0, 599, 0]

 ### Operon type: 173

	 A0A011NN36	[800, 799, 0, 0, 797, 796, 0, 0, 0]

 ### Operon type: 174

	 A0A011PK69	[799, 615, 0, 0, 797, 796, 0, 0, 0]

 ### Operon type: 175

	 A0A011RMI6	[857, 856, 855, 854, 853, 852, 851, 850, 849]
	 A0A011NYD6	[857, 856, 855, 854, 853, 852, 851, 850, 849]

 ### Operon type: 176

	 A0A011QB28	[773, 857, 856, 0, 0, 852, 851, 850, 849]

 ### Operon type: 177

	 A0A011NF33	[0, 852, 851, 0, 0, 0, 0, 0, 0]

 ### Operon type: 178

	 A0A011NBY4	[714, 0, 0, 713, 0, 0, 712, 0, 0]

 ### Operon type: 179

	 A0A011WRT0	[714, 0, 0, 0, 0, 0, 0, 835, 0]

 ### Operon type: 180

	 A0A011SHV5	[0, 0, 0, 0, 0, 830, 835, 829, 0]

 ### Operon type: 181

	 A0A011NB95	[0, 804, 0, 0, 0, 0, 723, 722, 721]

 ### Operon type: 182

	 A0A011UHT4	[131, 225, 722, 0, 0, 55, 55, 721, 0]

 ### Operon type: 183

	 A0A010Z1W7	[0, 0, 0, 0, 0, 60, 0, 414, 415]

 ### Operon type: 184

	 A0A011VY84	[0, 0, 415, 414, 0, 0, 0, 0, 0]

 ### Operon type: 185

	 A0A010YW85	[0, 0, 0, 0, 0, 467, 0, 414, 415]

 ### Operon type: 186

	 A0A010ZMA0	[414, 736, 0, 0, 0, 0, 0, 0, 0]

 ### Operon type: 187

	 A0A011N5L2	[0, 0, 0, 736, 0, 735, 734, 0, 0]

 ### Operon type: 188

	 A0A009MJ75	[0, 0, 140, 139, 138, 0, 0, 0, 660]

 ### Operon type: 189

	 A0A010IH51	[0, 568, 0, 0, 138, 0, 660, 0, 0]

 ### Operon type: 190

	 A0A011TYT7	[0, 0, 0, 0, 0, 0, 568, 567, 567]

 ### Operon type: 191

	 A0A010RRR9	[0, 0, 0, 0, 662, 0, 0, 661, 660]

 ### Operon type: 192

	 A0A010SIA7	[0, 0, 661, 75, 0, 0, 0, 0, 0]

 ### Operon type: 193

	 A0A010RFQ9	[0, 0, 669, 0, 668, 0, 0, 0, 0]

 ### Operon type: 194

	 A0A010SPR9	[44, 44, 0, 0, 0, 668, 0, 0, 0]

 ### Operon type: 195

	 A0A009LNU8	[330, 332, 572, 333, 0, 235, 0, 515, 0]

 ### Operon type: 196

	 A0A013SRG6	[334, 333, 572, 332, 0, 331, 0, 330, 681]

 ### Operon type: 197

	 A0A009IQU8	[0, 332, 0, 0, 0, 331, 681, 0, 0]

 ### Operon type: 198

	 A0A010K2K8	[572, 333, 334, 0, 0, 0, 0, -1, 515]

 ### Operon type: 199

	 A0A011NPR8	[0, 681, 0, 0, 0, 0, 680, 0, 0]

 ### Operon type: 200

	 A0A010SEA2	[794, 680, 73, 0, 0, 0, 0, 0, 0]

 ### Operon type: 201

	 A0A010IGH8	[0, 0, 0, 0, 0, 0, 0, 350, 487]

 ### Operon type: 202

	 A0A010STD3	[0, 0, 0, 498, 497, 496, 0, 487, 350]

 ### Operon type: 203

	 A0A010SQJ5	[398, 439, 0, 498, 497, 496, 0, 0, 0]

 ### Operon type: 204

	 A0A013RVV2	[529, 0, 352, 351, 0, 0, 487, 350, 0]

 ### Operon type: 205

	 A0A011TD67	[499, 0, 0, 498, 497, 496, 495, 0, 494]

 ### Operon type: 206

	 A0A009ZC12	[0, 0, 0, 498, 0, 496, 495, 4, 826]

 ### Operon type: 207

	 A0A009YSC7	[0, 0, 712, 1, 0, 1, 352, 351, 0]

 ### Operon type: 208

	 A0A009ZJK4	[0, 0, 0, 0, 0, 0, 490, 41, 0]

 ### Operon type: 209

	 A0A010SVN1	[-1, 41, 724, 258, 423, 0, 0, 490, 0]

 ### Operon type: 210

	 A0A009PFK7	[201, 200, 199, 198, 197, 0, 0, 196, 0]
	 A0A009QGN4	[201, 200, 199, 198, 197, 196, 0, 0, 0]

 ### Operon type: 211

	 A0A009YR20	[0, 196, 0, 0, 0, 0, 200, 0, 0]

 ### Operon type: 212

	 A0A009SCM5	[82, 81, 80, 0, 0, 0, 0, 0, 0]

 ### Operon type: 213

	 A0A009TJ77	[85, 137, 0, 0, 0, 0, 82, 81, 80]

 ### Operon type: 214

	 A0A009HZV2	[0, 0, 0, 0, 230, 229, 180, 0, 0]

 ### Operon type: 215

	 A0A009QPE7	[0, 0, 0, 0, 230, 229, 0, 0, 0]

 ### Operon type: 216

	 A0A009MGR3	[0, 0, 266, 0, 547, 90, 110, 265, 264]

 ### Operon type: 217

	 A0A009Q4G0	[0, 267, 266, 0, 547, 0, 265, 264, 265]

 ### Operon type: 218

	 A0A009PB53	[0, 0, 204, 203, 547, 265, 264, 265, 202]

 ### Operon type: 219

	 A0A009PUJ8	[0, 204, 203, 547, 0, 202, 128, 133, 132]

 ### Operon type: 220

	 A0A009QQC0	[228, 0, 227, 724, 484, 484, 259, 399, 258]
	 A0A009H7I0	[228, 0, 0, 724, 484, 484, 259, 399, 258]

 ### Operon type: 221

	 A0A009MVG4	[227, 0, 485, 724, 484, 484, 259, 399, 258]

 ### Operon type: 222

	 A0A009QA91	[261, 260, 759, 724, 484, 484, 259, 399, 258]
	 A0A010J377	[261, 260, 759, 724, 484, 484, 259, 399, 258]

 ### Operon type: 223

	 A0A009S1X4	[261, 260, 759, 724, 484, 484, 724, 0, 190]

 ### Operon type: 224

	 A0A013SHF4	[0, 0, 485, 724, 484, 484, 0, 483, 0]

 ### Operon type: 225

	 A0A011PJK8	[605, 604, 603, 651, 650, 602, 0, 0, 0]
	 A0A011N3C3	[0, 0, 0, 605, 604, 603, 651, 650, 602]

 ### Operon type: 226

	 A0A011WKI4	[0, 0, 0, 0, 0, 685, 321, 320, 323]
	 A0A011UWH1	[685, 321, 320, 323, 0, 0, 0, 0, 0]

 ### Operon type: 227

	 A0A010YKP2	[0, 0, 0, 0, 0, 0, 596, 291, 0]

 ### Operon type: 228

	 A0A011V1A2	[295, 0, 0, 291, 0, 0, 0, 0, 0]

 ### Operon type: 229

	 A0A011NGS0	[0, 0, 0, 0, 683, 739, 0, 0, 0]

 ### Operon type: 230

	 A0A011PW61	[0, 0, 0, 0, 683, 739, 0, 0, 592]

 ### Operon type: 231

	 A0A011UXI1	[0, 613, 0, 0, 683, 739, 493, 0, 0]

 ### Operon type: 232

	 A0A011SWI9	[-1, -1, 0, 766, 683, 739, 493, -1, -1]

 ### Operon type: 233

	 A0A011P952	[739, 0, 738, 0, 0, 738, 0, 0, 0]

 ### Operon type: 234

	 A0A011Q1B3	[587, 763, 601, 600, 601, 767, 586, 0, 0]
	 A0A011QVV5	[0, 0, 587, 763, 601, 600, 601, 767, 586]

 ### Operon type: 235

	 A0A011NSG8	[0, 0, 0, 763, 601, 600, 0, 601, 0]

 ### Operon type: 236

	 A0A011P0X4	[0, 0, 586, 0, 601, 0, 0, 600, 65]

 ### Operon type: 237

	 A0A010YNY9	[0, 0, 61, 28, 0, 0, 0, 0, 57]

 ### Operon type: 238

	 A0A011AC71	[190, 0, 0, 426, 0, 61, 28, 0, 759]

 ### Operon type: 239

	 A0A011QLX0	[0, 643, 0, 0, 642, 0, 856, 855, 0]
	 A0A011PRW6	[643, 0, 0, 0, 642, 856, 855, 0, 0]

 ### Operon type: 240

	 A0A010SML6	[0, 856, 855, -1, 0, 762, 0, 0, 0]

 ### Operon type: 241

	 A0A010RS09	[0, 0, 0, 0, 50, 0, 688, 688, 0]

 ### Operon type: 242

	 A0A010RTE7	[0, 0, 0, 0, 0, 0, 50, 137, 0]

 ### Operon type: 243

	 A0A009P817	[263, 0, 0, 0, 148, 0, 469, 147, 146]

 ### Operon type: 244

	 A0A009TIY0	[0, 0, 0, 0, 148, 0, 469, 147, 0]

 ### Operon type: 245

	 A0A009QKA3	[469, 147, 0, 146, 0, 0, 0, 0, 201]

 ### Operon type: 246

	 A0A009HSR2	[0, 93, 92, 0, 91, 168, 169, 180, 170]

 ### Operon type: 247

	 A0A009SWM1	[0, 93, 92, 0, 91, 0, 0, 169, 0]

 ### Operon type: 248

	 A0A009MYX0	[171, 170, 0, 605, 0, 0, 169, 168, 167]

 ### Operon type: 249

	 A0A009QK79	[0, 0, 167, 168, 0, 169, 0, 0, 170]

 ### Operon type: 250

	 A0A009GXJ1	[290, 289, 168, 169, 101, 180, 170, 171, 0]

 ### Operon type: 251

	 A0A013TKW8	[0, 703, 0, 515, 514, 513, 512, 511, 510]
	 A0A010IT95	[0, 0, 0, 515, 514, 513, 512, 511, 510]
	 A0A009QT77	[0, 0, -1, 515, 514, 513, 512, 511, 510]
	 A0A009PRQ9	[0, 515, 156, 0, 514, 513, 512, 511, 510]
	 A0A009MH36	[0, 0, 0, 515, 514, 513, 512, 511, 510]
	 A0A009GWD0	[180, 0, 0, 515, 514, 513, 512, 511, 510]
	 A0A009S0T6	[0, 0, 515, 156, 514, 513, 512, 511, 510]
	 A0A009I5G9	[0, 0, 515, 156, 514, 513, 512, 511, 510]

 ### Operon type: 252

	 A0A013TMJ7	[682, -1, 0, 515, 514, 511, 510, 0, 0]

 ### Operon type: 253

	 A0A011V392	[470, 0, 625, 471, 472, 473, 0, 474, 475]
	 A0A011VXC2	[-1, 470, 0, 625, 471, 472, 473, 474, 475]

 ### Operon type: 254

	 A0A011V490	[477, 476, 0, 475, 474, 473, 472, 471, 625]

 ### Operon type: 255

	 A0A011VZF5	[0, 0, 471, 472, 473, 787, 476, 787, 0]

 ### Operon type: 256

	 A0A011WLE7	[0, 0, 0, 0, 0, 319, 0, 0, 0]
	 A0A011VU44	[0, 0, 0, 0, 0, 319, 0, 0, 0]

 ### Operon type: 257

	 A0A011VAP2	[0, 0, 210, 0, 0, 0, 0, 0, 347]

 ### Operon type: 258

	 A0A011VRJ8	[0, 0, 0, 0, 0, 0, 210, 0, 0]

 ### Operon type: 259

	 A0A011RNU1	[0, 0, 0, 0, 0, 0, 846, 846, 845]

 ### Operon type: 260

	 A0A011VKJ9	[0, 0, 0, 0, 0, 0, 845, 846, -1]

 ### Operon type: 261

	 A0A011PQZ7	[0, 0, 0, 628, 627, 0, 626, 0, 0]

 ### Operon type: 262

	 A0A011TUX4	[0, 0, 0, 0, 627, 0, 0, 626, 0]

 ### Operon type: 263

	 A0A011STZ9	[0, 0, 0, 626, 0, 0, 0, 0, 0]

 ### Operon type: 264

	 A0A011PUJ9	[0, 0, 0, 0, 0, 0, 0, 0, 659]
	 A0A011PRF5	[659, 0, 0, 0, 0, 0, 0, 0, 0]

 ### Operon type: 265

	 A0A011PFY8	[0, 0, 0, 0, 0, 0, 0, 0, 702]

 ### Operon type: 266

	 A0A011PNS3	[802, 702, 0, 0, 0, 0, 0, 0, 0]

 ### Operon type: 267

	 A0A011T648	[0, 702, 0, 0, 0, 0, 0, 799, 0]

 ### Operon type: 268

	 A0A010YYJ5	[0, 0, 0, 787, 0, 0, 0, 48, 48]

 ### Operon type: 269

	 A0A011NDM5	[787, 0, 0, 0, 0, 0, 0, 0, 0]

 ### Operon type: 270

	 A0A011MSR2	[0, 0, 0, 582, 0, 0, 0, 787, 787]

 ### Operon type: 271

	 A0A011WSU6	[0, 787, 0, 0, 474, 0, 0, 0, 0]

 ### Operon type: 272

	 A0A011U3C2	[0, 0, 743, 0, 0, 0, 0, 0, 0]
	 A0A011AEN3	[0, 0, 0, 0, 0, 0, 743, 0, 0]

 ### Operon type: 273

	 A0A011AAZ2	[0, 58, 0, 0, 0, 743, 743, 743, 0]

 ### Operon type: 274

	 A0A011T698	[0, 0, 0, 0, 0, 759, 743, 0, 0]

 ### Operon type: 275

	 A0A010YRE8	[0, 0, 0, 0, 0, 0, 0, 11, 0]

 ### Operon type: 276

	 A0A011AF05	[0, 0, 190, 11, 0, 0, 0, 0, 0]

 ### Operon type: 277

	 A0A009ZG48	[0, 0, 0, 703, 0, 0, 0, 0, 0]

 ### Operon type: 278

	 A0A011PEJ8	[0, 0, 704, 703, 0, 0, 0, 0, 0]

 ### Operon type: 279

	 A0A011QNJ7	[687, 0, 0, 703, 0, 0, 0, 687, 0]

 ### Operon type: 280

	 A0A011MMJ4	[0, 0, 0, 0, 0, 0, 0, 687, 0]

 ### Operon type: 281

	 A0A011R8M3	[0, 0, 704, 703, 0, 492, 0, 687, 0]

 ### Operon type: 282

	 A0A009ZC82	[0, 0, 761, 0, 0, 0, 0, 0, 0]

 ### Operon type: 283

	 A0A011P3F6	[762, 0, 0, 761, 0, 0, 0, 0, 0]

 ### Operon type: 284

	 A0A009IG48	[0, 0, 0, 176, 175, 0, 0, 0, 762]

 ### Operon type: 285

	 A0A009IMQ0	[0, 0, 0, 176, 175, 0, 0, 0, 0]

 ### Operon type: 286

	 A0A009SWV1	[0, 0, 0, 0, 0, 0, 0, 176, 0]

 ### Operon type: 287

	 A0A009Q512	[0, 0, 0, 0, 262, 0, 0, 0, 0]
	 A0A009PMZ9	[262, 0, 0, 0, 0, 0, 0, 0, 0]

 ### Operon type: 288

	 A0A009IFL2	[0, 67, 0, 66, -1, 0, 0, 0]

 ### Operon type: 289

	 A0A009ZDS1	[-1, -1, 0, 67, 0, 0, 458, 0, 0]

 ### Operon type: 290

	 A0A010SNM6	[63, 62, -1, 0, 0, 0, 682, 0, 0]

 ### Operon type: 291

	 A0A010T5D8	[62, 63, 0, -1, 0, -1, 409, 0, 0]

 ### Operon type: 292

	 A0A011UB51	[413, 0, 0, 0, 0, 0, 0, 0, 0]
	 A0A011UFH1	[0, 0, 0, 0, 0, 413, 0, 0, 0]

 ### Operon type: 293

	 A0A011V965	[0, -1, -1, 0, 211, 0, -1, -1, 0]
	 A0A011VHP2	[0, -1, -1, -1, 211, 0, 0, 0, 0]

 ### Operon type: 294

	 A0A010RVD0	[-1, 0, 0, -1, 0, 818, 818, 0, 45]

 ### Operon type: 295

	 A0A010T7Q5	[0, 45, 0, 0, 0, 0, -1, 0, 0]

 ### Operon type: 296

	 A0A010SJH7	[0, 0, 682, -1, 0, 0, 259, 0, 0]

 ### Operon type: 297

	 A0A010SRR2	[0, 0, -1, 0, 0, 0, 0, 0, 682]

 ### Operon type: 298

	 A0A010RKP8	[0, 0, 0, 0, 0, 0, -1, 0, 0]
	 A0A009HJU6	[0, 0, 0, 0, 0, 0, 0, 0, -1]
	 A0A010TF14	[-1, 0, 0, 0, 0, 0, 0, 0, 0]
	 A0A010RY47	[-1, 0, -1, 0, 0, 0, 0, 0, 0]
	 A0A011UZ32	[0, 0, 0, 0, 0, -1, 0, 0, 0]

 ### Operon type: 299

	 A0A010SJF9	[0, 0, 0, 0, 0, -1, 0, 64, -1]

 ### Operon type: 300

	 A0A011ML54	[0, 0, 0, 689, 0, 0, 0, 0, -1]

 ### Operon type: 301

	 A0A011NHY1	[0, 0, 0, 0, 0, 682, 0, 0, 0]

 ### Operon type: 302

	 A0A010Z171	[0, 0, 0, 0, 0, 0, 682, 0, 605]

 ### Operon type: 303

	 A0A011T697	[682, 0, 0, 0, 0, 0, 0, 0, 469]

 ### Operon type: 304

	 A0A011TDD1	[0, 424, 682, 0, 0, 0, 0, 0, 0]

 ### Operon type: 305

	 A0A011VW24	[0, 0, 859, 0, 0, 0, 0, 0, -1]

 ### Operon type: 306

	 A0A011T8V3	[0, 0, 859, 0, 0, 0, 0, 0, 0]

 ### Operon type: 307

	 A0A010TH98	[592, 0, 0, 859, 0, 0, 0, 0, 0]

 ### Operon type: 308

	 A0A011QVR3	[0, 0, 0, 0, 0, 0, 0, 804, 859]

 ### Operon type: 309

	 A0A011VYF1	[859, 0, 0, 0, 0, 0, 413, 0, 0]

 ### Operon type: 310

	 A0A010S415	[-1, 859, 0, 258, 0, 0, 0, 0, 447]

 ### Operon type: 311

	 A0A011QSN2	[0, 0, 0, 0, 0, 0, 0, 0, 0]
	 A0A011P9Z5	[0, 0, 0, 0, 0, 0, 0, 0, 0]
	 A0A011NAJ1	[0, 0, 0, 0, 0, 0, 0, 0, 0]
	 A0A011PBM9	[0, 0, 0, 0, 0, 0, 0, 0, 0]
	 A0A011NMI8	[0, 0, 0, 0, 0, 0, 0, 0, 0]
	 A0A011QMJ8	[0, 0, 0, 0, 0, 0, 0, 0, 0]
	 A0A011PNN2	[0, 0, 0, 0, 0, 0, 0, 0, 0]
	 A0A011NTU3	[0, 0, 0, 0, 0, 0, 0, 0, 0]
	 A0A011Q056	[0, 0, 0, 0, 0, 0, 0, 0, 0]
	 A0A011N2Z0	[0, 0, 0, 0, 0, 0, 0, 0, 0]
	 A0A013TEV4	[0, 0, 0, 0, 0, 0, 0, 0, 0]
	 A0A011VYF6	[0, 0, 0, 0, 0, 0, 0, 0, 0]
	 A0A013S2B9	[0, 0, 0, 0, 0, 0, 0, 0, 0]
	 A0A013SBR8	[0, 0, 0, 0, 0, 0, 0, 0, 0]
	 A0A013SL47	[0, 0, 0, 0, 0, 0, 0, 0, 0]
	 A0A011WUT3	[0, 0, 0, 0, 0, 0, 0, 0, 0]
	 A0A011UHL2	[0, 0, 0, 0, 0, 0, 0, 0, 0]
	 A0A011UBN9	[0, 0, 0, 0, 0, 0, 0, 0, 0]
	 A0A009M4K0	[0, 0, 0, 0, 0, 0, 0, 0, 0]
	 A0A009PDV4	[0, 0, 0, 0, 0, 0, 0, 0, 0]
	 A0A011VNE2	[0, 0, 0, 0, 0, 0, 0, 0, 0]
	 A0A009MH90	[0, 0, 0, 0, 0, 0, 0, 0, 0]
	 A0A009HIL8	[0, 0, 0, 0, 0, 0, 0, 0, 0]
	 A0A010SHY1	[0, 0, 0, 0, 0, 0, 0, 0, 0]
	 A0A011UFM5	[0, 0, 0, 0, 0, 0, 0, 0, 0]
	 A0A010SPJ7	[0, 0, 0, 0, 0, 0, 0, 0, 0]
	 A0A010SSQ8	[0, 0, 0, 0, 0, 0, 0, 0, 0]
	 A0A010T025	[0, 0, 0, 0, 0, 0, 0, 0, 0]
	 A0A010YJA7	[0, 0, 0, 0, 0, 0, 0, 0, 0]
	 A0A010ZTI3	[0, 0, 0, 0, 0, 0, 0, 0, 0]
	 A0A011A146	[0, 0, 0, 0, 0, 0, 0, 0, 0]
	 A0A010YZS8	[0, 0, 0, 0, 0, 0, 0, 0, 0]
	 A0A010Z120	[0, 0, 0, 0, 0, 0, 0, 0, 0]

 ### Operon type: 312

	 A0A010TG27	[685, 0, 54, 0, 0, 0, 724, 0, 0]

 ### Operon type: 313

	 A0A011PMK1	[0, 0, 0, 0, 0, 0, 0, 685, 0]

 ### Operon type: 314

	 A0A009HM15	[0, 231, 130, 0, 0, 0, -1, 0, 0]

 ### Operon type: 315

	 A0A009HRU1	[0, 168, 0, 0, 0, 0, 0, 0, 0]

 ### Operon type: 316

	 A0A009HSN8	[0, 267, 0, 0, 0, -1, 0, 202, -1]

 ### Operon type: 317

	 A0A009HV82	[128, 0, 0, 0, 0, 0, 0, 0, 0]

 ### Operon type: 318

	 A0A009IG74	[0, 0, 139, 0, 482, -1, 0, 0, 0]

 ### Operon type: 319

	 A0A009IJ90	[0, 85, 0, 0, 0, 0, 0, 0, 0]

 ### Operon type: 320

	 A0A009NM94	[0, 837, 837, 0, 0, 0, 424, 0, 0]

 ### Operon type: 321

	 A0A009Q4N5	[0, 0, 263, 0, 0, 0, 0, 0, 0]

 ### Operon type: 322

	 A0A009SSZ9	[0, 94, 0, 0, 0, 0, 0, 0, 0]

 ### Operon type: 323

	 A0A009YIH1	[0, 0, 0, 0, 233, 0, -1, -1, 2]

 ### Operon type: 324

	 A0A009YR05	[0, 0, 0, 0, 163, 0, 0, 0, 0]

 ### Operon type: 325

	 A0A009Z004	[118, 0, 118, 0, 0, 605, 0, 0, 0]

 ### Operon type: 326

	 A0A010RUQ5	[0, 0, 0, 0, 0, 0, 0, 0, 276]

 ### Operon type: 327

	 A0A010S195	[761, 0, 60, 59, 0, 0, 0, 0, 0]

 ### Operon type: 328

	 A0A010SCZ2	[0, 0, 0, 0, 0, 0, 0, 346, 0]

 ### Operon type: 329

	 A0A010SN41	[0, 0, 0, 0, 335, 0, 0, 0, 0]

 ### Operon type: 330

	 A0A010SSU2	[0, 0, 0, 0, 101, 0, -1, 740, 0]

 ### Operon type: 331

	 A0A010SUP6	[0, 0, 0, 0, 0, 0, 0, 59, 0]

 ### Operon type: 332

	 A0A010SUY9	[0, 0, 0, 0, 0, 492, 704, 0]

 ### Operon type: 333

	 A0A010THK2	[0, 0, -1, 0, 0, 688, 605, 0, 0]

 ### Operon type: 334

	 A0A010SRL4	[54, 0, 0, -1, 0, 0, 0, 605, 172]

 ### Operon type: 335

	 A0A010YX61	[379, 743, 0, 859, 0, 0, 0, 0, 0]

 ### Operon type: 336

	 A0A010S5W8	[0, 0, 582, 767, 0, 0, 0, 0, 0]

 ### Operon type: 337

	 A0A011NE37	[536, 0, 0, 0, 0, 0, 0, 0, 0]

 ### Operon type: 338

	 A0A011NF78	[0, 0, 825, 0, 0, 0, 0, 0, 0]

 ### Operon type: 339

	 A0A011NVE2	[0, 0, 0, 799, 0, 0, 682, 0, 598]

 ### Operon type: 340

	 A0A011NXJ4	[0, 0, 0, 0, 0, 0, 0, 0, 595]

 ### Operon type: 341

	 A0A011P8I1	[0, 0, 744, 743, 0, 0, 0, 0, 742]

 ### Operon type: 342

	 A0A011P9Q7	[737, 0, 0, 0, 0, 0, 0, 0, 0]

 ### Operon type: 343

	 A0A011PJ75	[0, 799, 616, 799, 0, 0, 0, 0, 0]

 ### Operon type: 344

	 A0A011PRB4	[0, 0, 0, 0, 0, 0, 0, 625, 0]

 ### Operon type: 345

	 A0A011QVT2	[803, 0, 0, 0, 0, 0, 0, 802, 0]

 ### Operon type: 346

	 A0A011RP14	[0, 0, 0, 0, 0, 0, 0, 844, 0]

 ### Operon type: 347

	 A0A011SM49	[682, 0, 844, 0, 0, 0, 577, 0, 0]

 ### Operon type: 348

	 A0A011AM27	[626, 0, 0, 0, 461, 0, 0, 0, 39]

 ### Operon type: 349

	 A0A011T607	[0, 0, 767, 0, 0, 0, 0, 0, 424]

 ### Operon type: 350

	 A0A011TAW2	[0, 0, 0, 0, 0, 0, 425, 0, 0]

 ### Operon type: 351

	 A0A011TED9	[0, 0, 0, 0, 0, 505, 0, 0, 0]

 ### Operon type: 352

	 A0A011TXS5	[0, 569, 0, 0, 0, 0, 0, 0, 0]

 ### Operon type: 353

	 A0A011U144	[0, 276, 0, 0, 0, 0, 595, 542, 0]

 ### Operon type: 354

	 A0A011U1C8	[759, 0, 0, 0, 0, 0, 0, 0, 275]

 ### Operon type: 355

	 A0A011U483	[0, 0, 0, 0, 0, 758, 0, 0, 0]

 ### Operon type: 356

	 A0A011UG86	[0, 763, 0, 0, 0, 64, 0, 0, 0]

 ### Operon type: 357

	 A0A011UQB5	[834, 713, 0, 0, 0, 0, 0, 413, 0]

 ### Operon type: 358

	 A0A011UVI5	[0, 0, 0, 0, 0, 57, 799, 799, 0]

 ### Operon type: 359

	 A0A011UWI3	[0, 0, 0, 0, 150, 0, 79, 761, 0]

 ### Operon type: 360

	 A0A011V5E6	[0, 0, 0, 0, 0, 478, 0, 0, 0]

 ### Operon type: 361

	 A0A011M4H6	[347, 0, 665, 0, 0, 0, 0, 0, 0]

 ### Operon type: 362

	 A0A011VSV3	[0, 0, 0, 0, 0, 0, 697, 0, 0]

 ### Operon type: 363

	 A0A011VWI0	[0, 0, 0, 0, 0, 225, 0, 0, 0]

 ### Operon type: 364

	 A0A011VZ91	[323, 0, 0, 0, 0, 0, 0, 0, 0]

 ### Operon type: 365

	 A0A011WP76	[0, 0, 0, 0, 0, 0, 0, 0, 806]

 ### Operon type: 366

	 A0A011WSD4	[0, 0, 0, -1, 0, 787, 0, 0, 476]

 ### Operon type: 367

	 A0A011WT35	[476, 0, 0, 0, 0, 0, 0, 0, 0]

 ### Operon type: 368

	 A0A013S843	[0, 399, 0, 0, 0, 0, -1, 398, 0]

 ### Operon type: 369

	 A0A013T5E6	[0, 0, 0, 547, 0, 0, 0, 0, 0]

 ### Operon type: 370

	 A0A009T185	[800, 0, 616, 616, 442, 799, 616, 564, 768]

 ### Operon type: 371

	 A0A010IN36	[443, 682, 0, 0, 442, 799, 616, 564, 768]

 ### Operon type: 372

	 A0A009PG43	[799, 616, 520, 802, 0, 564, 768, 0, 0]

 ### Operon type: 373

	 A0A009INE0	[443, 0, 0, 0, 0, 0, 0, 616, 564]

 ### Operon type: 374

	 A0A009T9H0	[0, 2, 762, -1, 0, 0, 169, 0, 168]

 ### Operon type: 375

	 A0A010THH5	[0, 73, 67, 57, 0, 0, 829, 0, 458]

 ### Operon type: 376

	 A0A011WSH8	[0, 0, 0, 724, 336, 0, 0, 0, 0]
	 A0A011VZE3	[0, 0, 0, 724, 336, 0, 0, 0, 0]

 ### Operon type: 377

	 A0A011NAF3	[0, 0, 0, 0, 0, 0, 724, 0, 728]

 ### Operon type: 378

	 A0A009IQ93	[271, 0, 724, 0, 0, 172, 0, 0, 0]

 ### Operon type: 379

	 A0A009Q8S9	[0, 0, 762, 400, 0, 558, 0, 0, 0]

 ### Operon type: 380

	 A0A009TLU4	[0, 569, -1, 235, 0, 43, 0, -1, -1]

 ### Operon type: 381

	 A0A009ZB47	[134, 152, 0, 0, 0, 787, 456, 0, 0]

 ### Operon type: 382

	 A0A009ZVR4	[842, 0, 743, 0, 0, 48, 0, 0, 47]

 ### Operon type: 383

	 A0A010JIN9	[456, 0, 0, 137, 248, 0, 0, 0, 0]

 ### Operon type: 384

	 A0A010S003	[693, 0, 0, 0, 0, 763, 763, 439, 0]

 ### Operon type: 385

	 A0A010SMN8	[0, -1, 61, 0, 668, 0, 0, 700, 0]

 ### Operon type: 386

	 A0A010SXS1	[0, 520, 0, 0, 0, 561, 0, 0, 802]

 ### Operon type: 387

	 A0A010T689	[39, -1, 829, 848, 0, 0, 0, 0, 0]

 ### Operon type: 388

	 A0A010TBB4	[0, 354, 0, 64, 0, 0, 0, 0, 759]

 ### Operon type: 389

	 A0A010YFK3	[0, 861, 0, 0, 0, 0, 157, 0, 275]

 ### Operon type: 390

	 A0A010YVY1	[8, 0, 8, 0, 0, 0, 0, 439, 0]

 ### Operon type: 391

	 A0A010ZSZ2	[0, 58, 0, 25, 24, 0, 0, 0, 0]

 ### Operon type: 392

	 A0A010Z0Y7	[0, 0, 0, 0, 24, 258, 0, 0, 0]

 ### Operon type: 393

	 A0A011A0M8	[0, 0, 605, 0, 66, 0, 0, 10, 10]

 ### Operon type: 394

	 A0A011NFL4	[0, 836, 0, 0, 686, 685, 0, 684, 0]

 ### Operon type: 395

	 A0A011P407	[0, 0, 760, 835, 0, 0, 759, 0, 758]

 ### Operon type: 396

	 A0A011QGT2	[724, 0, 0, 651, 650, 0, 0, 0, 0]

 ### Operon type: 397

	 A0A011QSA4	[828, 0, 827, 826, 0, 0, 0, 0, 825]

 ### Operon type: 398

	 A0A011T6J6	[0, 790, 0, 743, 0, 0, 468, 0, 467]

 ### Operon type: 399

	 A0A011TAL2	[0, 767, 0, 0, 0, 426, 0, 596, 0]

 ### Operon type: 400

	 A0A011TZG0	[605, 788, 0, 0, 0, 0, 0, 566, 0]

 ### Operon type: 401

	 A0A011UGY3	[338, 337, 478, 56, 0, 0, 0, 56, 0]

 ### Operon type: 402

	 A0A011UII7	[0, 0, 0, 0, 0, 598, 565, 0, 0]

 ### Operon type: 403

	 A0A011UNT9	[558, 580, 0, 0, 0, 0, 0, 0, 0]

 ### Operon type: 404

	 A0A011SIS0	[0, 776, 581, 581, 0, 0, 0, 580, 0]

 ### Operon type: 405

	 A0A011UT49	[0, 58, 0, 0, 0, 0, 520, 165, 0]

 ### Operon type: 406

	 A0A011VU65	[158, 0, 0, 0, 0, 157, 0, 697, 270]

 ### Operon type: 407

	 A0A011VV03	[0, 349, 0, 0, 348, 347, 0, 0, 0]

 ### Operon type: 408

	 A0A011VVZ9	[0, 0, -1, 0, 0, 346, 345, 345, 579]

 ### Operon type: 409

	 A0A011VWX7	[802, 416, 0, 0, 0, 0, 0, 830, 0]

 ### Operon type: 410

	 A0A011VXK7	[837, 837, 0, 533, 0, 0, 0, 792, 0]

 ### Operon type: 411

	 A0A011W0I6	[322, 0, 0, 0, 0, 607, 0, 689, 0]

 ### Operon type: 412

	 A0A010YEF6	[0, 322, 0, 0, 0, 0, 0, 0, 40]

 ### Operon type: 413

	 A0A013SQH1	[0, 0, 0, 0, 335, 614, 0, 515, 723]

 ### Operon type: 414

	 A0A009QJA8	[133, 132, 0, 0, 0, 0, 0, 0, 677]

 ### Operon type: 415

	 A0A009YL68	[0, 0, 759, 381, 377, 0, 0, 4, 0]

 ### Operon type: 416

	 A0A010JNG7	[515, 0, 0, 466, 0, 0, 0, 0, 0]

 ### Operon type: 417

	 A0A010RM40	[667, 724, 666, 0, 0, 0, 0, -1, 748]

 ### Operon type: 418

	 A0A010RRQ6	[0, 665, 0, 0, 0, 668, 664, 663, 0]

 ### Operon type: 419

	 A0A010S423	[468, 0, 0, 0, 0, 0, 0, 79, 841]

 ### Operon type: 420

	 A0A010T0I7	[0, 0, 40, 0, 0, 744, 827, 724, 0]

 ### Operon type: 421

	 A0A010ZUR7	[349, 23, 0, 23, 0, 22, 439, 0, 0]

 ### Operon type: 422

	 A0A011NA78	[0, 725, 0, 0, 0, 818, 0, 0, 748]

 ### Operon type: 423

	 A0A011P8W7	[741, 760, 802, 0, 740, 0, 0, 0, 0]

 ### Operon type: 424

	 A0A011PG97	[700, 0, 0, 699, 0, 0, 0, 0, 0]

 ### Operon type: 425

	 A0A011PKT4	[0, 614, 0, 0, 0, 0, 613, 0, 0]

 ### Operon type: 426

	 A0A011PLB2	[0, 741, 0, 615, 0, 0, 0, 0, 0]

 ### Operon type: 427

	 A0A011R339	[0, 0, 0, 0, 0, 0, 290, 289, 0]

 ### Operon type: 428

	 A0A011SFE5	[0, 0, 0, 837, 0, 0, 836, 835, 834]

 ### Operon type: 429

	 A0A011SJT5	[0, 0, 0, 579, 578, 578, 578, 578, 578]

 ### Operon type: 430

	 A0A011TDQ5	[0, 0, 0, 0, 423, 609, 0, 0, 0]

 ### Operon type: 431

	 A0A011VT01	[0, 0, 159, 0, 0, 159, 0, 0, 184]

 ### Operon type: 432

	 A0A009Z3V9	[724, 0, 0, 0, 0, 117, 603, 116, 115]

 ### Operon type: 433

	 A0A010SRB2	[43, 42, 0, 0, 0, 42, 63, 0, 0]

 ### Operon type: 434

	 A0A010KA25	[456, 0, 829, 489, 297, 0, 0, 456, 396]

 ### Operon type: 435

	 A0A011TZN1	[280, 279, 278, 0, 277, 0, 0, 0, 0]

 ### Operon type: 436

	 A0A011VJ76	[166, 166, 165, 684, 0, 724, 605, 0, 760]

 ### Operon type: 437

	 A0A011UG17	[181, 0, 324, 0, 343, 158, 0, 0, 0]

 ### Operon type: 438

	 A0A011WUA8	[773, 0, 0, 360, 0, 0, 0, 359, 359]

 ### Operon type: 439

	 A0A010S4X6	[0, 258, 666, 763, 365, 0, 597, 606, 688]

 ### Operon type: 440

	 A0A010YY02	[0, 7, 0, 0, 7, 589, 6, 0, 9]
