
 ### Operon type: 1

	 A0A010ILU3	[489, 488, 487, 486, 485, 532, 484, 483, 482]
	 A0A009QS71	[489, 488, 487, 486, 485, 532, 484, 483, 482]
	 A0A009QBR9	[489, 488, 487, 486, 485, 532, 483, 482, 113]
	 A0A009H3B0	[489, 488, 487, 486, 485, 532, 484, 483, 482]
	 A0A009MW50	[489, 488, 487, 486, 485, 532, 484, 483, 482]
	 A0A009I8S2	[489, 488, 487, 486, 485, 532, 483, 482, 113]
	 A0A009TM70	[489, 488, 487, 486, 485, 532, 483, 482, 113]

 ### Operon type: 2

	 A0A013TH43	[375, 374, 385, 373, 372, 371, 370, 369, 368]
	 A0A009RAF0	[375, 374, 385, 373, 372, 371, 370, 369, 368]

 ### Operon type: 3

	 A0A011PVT3	[779, 778, 777, 776, 775, 774, 773, 772, 771]
	 A0A011R7V7	[779, 778, 777, 776, 775, 774, 773, 772, 771]
	 A0A011MET3	[779, 778, 777, 776, 775, 774, 773, 772, 771]

 ### Operon type: 4

	 A0A013SNJ8	[623, 390, 482, 389, 388, 423, 397, 387, 386]
	 A0A013RZW2	[623, 390, 482, 389, 388, 423, 397, 387, 386]
	 A0A009HBT3	[623, 390, 482, 389, 388, 423, 397, 387, 386]
	 A0A009SIZ4	[623, 390, 482, 389, 388, 423, 397, 387, 386]
	 A0A009PH20	[623, 390, 482, 389, 388, 423, 397, 387, 386]
	 A0A009MMM3	[623, 390, 482, 389, 388, 423, 397, 387, 386]
	 A0A009RD69	[623, 390, 482, 389, 388, 423, 397, 387, 386]
	 A0A010J9U3	[623, 390, 482, 389, 388, 423, 397, 387, 386]
	 A0A009IV03	[623, 390, 482, 389, 388, 423, 397, 387, 386]
	 A0A009YIZ0	[623, 390, 482, 389, 388, 423, 397, 387, 386]

 ### Operon type: 5

	 A0A009PH57	[217, 216, -1, 215, 214, 794, 213, 212, 211]
	 A0A009TG92	[217, 216, -1, 215, 214, 794, 213, 212, 211]

 ### Operon type: 6

	 A0A013SXT2	[427, 426, 425, 424, 423, 422, 421, 420, 419]
	 A0A013S288	[427, 426, 425, 424, 423, 422, 421, 420, 419]
	 A0A009SFX8	[427, 426, 425, 424, 305, 423, 422, 421, 420]
	 A0A009PWG1	[427, 426, 425, 424, 423, 422, 421, 420, 419]
	 A0A009N031	[427, 426, 425, 424, 423, 422, 421, 420, 419]
	 A0A010J3I1	[427, 426, 425, 424, 423, 422, 421, 420, 419]
	 A0A009I0I9	[427, 426, 425, 424, 423, 422, 421, 420, 419]
	 A0A009R2X0	[427, 426, 425, 424, 423, 422, 421, 420, 419]
	 A0A009TBM2	[426, 425, 424, 305, 423, 422, 421, 420, 419]

 ### Operon type: 7

	 A0A013T8M5	[441, 819, 440, 439, 438, 514, 437, 436, 435]
	 A0A013SZ54	[441, 819, 440, 439, 438, 514, 437, 436, 435]
	 A0A009IRJ6	[441, 819, 440, 439, 438, 514, 437, 436, 435]
	 A0A010IMP8	[441, 819, 440, 439, 438, 514, 437, 436, 435]
	 A0A009Q3K7	[441, 819, 440, 439, 438, 514, 437, 436, 435]
	 A0A009N123	[441, 819, 440, 439, 438, 514, 437, 436, 435]
	 A0A009RBQ2	[441, 819, 440, 439, 438, 514, 437, 436, 435]
	 A0A009SWU0	[441, 819, 440, 439, 438, 514, 437, 436, 435]
	 A0A009H7U0	[441, 819, 440, 439, 438, 514, 437, 436, 435]
	 A0A009ZM43	[-1, 819, 440, 439, 438, 514, 437, 436, 435]

 ### Operon type: 8

	 A0A009ZIC0	[615, 614, 613, 612, 611, 610, 609, 608, 607]
	 A0A013RMD0	[-1, 614, 613, 612, 611, 610, 609, 608, 607]
	 A0A009QDV7	[-1, 614, 613, 612, 611, 610, 609, 608, 607]
	 A0A009N9Z1	[-1, 614, 613, 612, 611, 610, 609, 608, 607]
	 A0A010JDA6	[-1, 614, 613, 612, 611, 610, 609, 608, 607]
	 A0A009RG92	[-1, 614, 613, 612, 611, 610, 609, 608, 607]
	 A0A009IHQ3	[-1, 614, 613, 612, 611, 610, 609, 608, 607]
	 A0A009S854	[-1, 614, 613, 612, 611, 610, 609, 608, 607]
	 A0A009H6M2	[-1, 614, 613, 612, 611, 610, 609, 608, 607]

 ### Operon type: 9

	 A0A011V5V3	[0, 210, 209, 208, 207, 206, 205, 204, 203]
	 A0A011UIA1	[210, 209, 208, 207, 206, 205, 204, 203, 0]

 ### Operon type: 10

	 A0A011PTE7	[742, 741, 740, 739, 738, 0, 737, 736, 735]
	 A0A011NE72	[742, 741, 740, 739, 738, 737, 736, 735, 0]

 ### Operon type: 11

	 A0A010JWJ1	[183, 66, 770, 99, 182, 181, 180, 179, 178]
	 A0A009I4A1	[183, 66, 770, 99, 182, 181, 180, 179, 178]

 ### Operon type: 12

	 A0A009QF22	[185, 184, 183, 0, 182, 181, 180, 179, 178]
	 A0A009TBY8	[185, 184, 183, 99, 182, 181, 180, 179, 178]

 ### Operon type: 13

	 A0A011NEY3	[382, 872, 873, 871, 871, 870, 869, 868, 0]

 ### Operon type: 14

	 A0A011PAN4	[872, 873, 0, 871, 871, 870, 869, 868, 867]

 ### Operon type: 15

	 A0A011RCD5	[382, 872, 873, 871, 871, 870, 869, 868, 867]

 ### Operon type: 16

	 A0A011P4U7	[0, 684, 683, 682, 681, 680, 679, 678, 677]
	 A0A011NAY5	[684, 683, 682, 681, 680, 679, 678, 677, 0]

 ### Operon type: 17

	 A0A011PF67	[860, 859, 858, 857, 856, 0, 0, 0, 0]
	 A0A011NW66	[860, 859, 858, 857, 856, 642, 0, 0, 0]
	 A0A011NBX7	[860, 859, 858, 857, 856, 642, 0, 0, 0]

 ### Operon type: 18

	 A0A011NS68	[860, 859, 858, 857, 856, 633, 632, 692, 688]
	 A0A011RHX4	[860, 859, 858, 857, 856, 633, 632, 692, 0]

 ### Operon type: 19

	 A0A010YT39	[0, 691, 134, 234, 133, 132, 131, 130, 323]

 ### Operon type: 20

	 A0A010Z7T4	[134, 234, 133, 132, 131, 130, 323, 259, 628]

 ### Operon type: 21

	 A0A013SP43	[399, 398, 397, 396, 395, 394, 393, 392, 391]
	 A0A010K6G6	[399, 398, 397, 396, 395, 394, 393, 0, 391]
	 A0A009RUN3	[399, 398, 397, 396, 395, 394, 393, 392, 391]

 ### Operon type: 22

	 A0A011VWR4	[0, 0, 0, 0, 231, 230, 229, 228, 227]

 ### Operon type: 23

	 A0A011VYP6	[231, 230, 229, 228, 227, 0, 226, 776, 0]

 ### Operon type: 24

	 A0A011QAS2	[0, 670, 669, 668, 667, 666, 665, 664, 663]
	 A0A011NEQ1	[0, 670, 669, 668, 667, 666, 665, 664, 663]

 ### Operon type: 25

	 A0A010JSI3	[599, 598, 597, 596, 595, 594, 593, 592, 0]
	 A0A013T0M4	[599, 598, 597, 596, 595, 594, 593, 592, 0]
	 A0A009HDS5	[599, 598, 597, 596, 595, 594, 593, 592, 289]
	 A0A009RGL2	[599, 598, 597, 596, 595, 594, 593, 592, 289]

 ### Operon type: 26

	 A0A009SNL0	[46, 45, 324, 82, 81, 80, 79, 78, 77]

 ### Operon type: 27

	 A0A009T1I8	[324, 82, 81, 80, 79, 78, 77, 0, 0]

 ### Operon type: 28

	 A0A011VW71	[0, 544, 543, 542, 541, 540, 539, 538, 537]
	 A0A011VUV0	[544, 543, 542, 541, 540, 539, 538, 537, 0]

 ### Operon type: 29

	 A0A011UG71	[198, 221, 197, 202, 201, 222, 200, 219, 199]

 ### Operon type: 30

	 A0A011V8Z7	[0, 0, 198, 221, 197, 202, 201, 222, 200]

 ### Operon type: 31

	 A0A011V8Y9	[202, 201, 222, 200, 219, 199, 0, 0, 0]

 ### Operon type: 32

	 A0A011U8C0	[0, 222, 221, 0, 220, 219, 0, 0, 0]

 ### Operon type: 33

	 A0A011QBB5	[808, 807, 806, 805, 804, 803, 802, 801, 800]
	 A0A011QSF0	[0, 807, 806, 805, 804, 803, 802, 801, 0]
	 A0A011Q0X6	[808, 807, 806, 805, 804, 803, 802, 801, 800]
	 A0A011Q1X8	[807, 0, 806, 805, 804, 803, 802, 801, 800]

 ### Operon type: 34

	 A0A011PG87	[808, 807, 806, 805, 804, 803, 802, 0, 0]

 ### Operon type: 35

	 A0A011PCT1	[866, 865, 864, 0, 0, 0, 0, 863, 0]

 ### Operon type: 36

	 A0A011QU35	[0, 0, 0, 0, 855, 0, 866, 865, 864]

 ### Operon type: 37

	 A0A011Q2B1	[783, 676, 855, 675, 864, 647, 646, 645, 863]

 ### Operon type: 38

	 A0A011RLN8	[782, 781, 855, 675, 864, 647, 646, 645, 863]

 ### Operon type: 39

	 A0A011P700	[0, 0, 785, 784, 783, 676, 855, 675, 864]

 ### Operon type: 40

	 A0A011QSI4	[0, 0, 785, 784, 783, 0, 782, 781, 855]

 ### Operon type: 41

	 A0A013T337	[587, 453, 452, 451, 450, 837, 449, 840, 448]
	 A0A013TH30	[587, 453, 452, 451, 450, 837, 449, 840, 448]
	 A0A013S981	[353, 587, 453, 452, 451, 450, 837, 449, 840]

 ### Operon type: 42

	 A0A010JY00	[353, 587, 453, 452, 619, 837, 449, 840, 448]

 ### Operon type: 43

	 A0A013TPV4	[412, 411, 410, 409, 408, 407, 563, 770, 406]
	 A0A009MGJ1	[412, 411, 410, 409, 408, 407, 563, 770, 406]
	 A0A010IZE4	[412, 411, 410, 409, 408, 407, 563, 770, 406]
	 A0A009QQ47	[412, 411, 410, 409, 408, 407, 563, 770, 406]
	 A0A009HR98	[412, 411, 410, 409, 408, 407, 563, 770, 406]
	 A0A009SZB5	[412, 411, 410, 409, 408, 407, 563, 770, 406]
	 A0A009HL81	[412, 411, 410, 409, 408, 407, 563, 770, 406]

 ### Operon type: 44

	 A0A009Z8F7	[411, 410, 407, 0, 408, 171, 171, 0, 308]

 ### Operon type: 45

	 A0A009HFU9	[96, 95, 94, 93, 615, 505, 92, 91, 0]
	 A0A009R016	[96, 95, 94, 93, 615, -1, 505, 92, 91]

 ### Operon type: 46

	 A0A011UJN3	[0, 274, 0, 0, 585, 584, 583, 582, 581]

 ### Operon type: 47

	 A0A011W213	[585, 584, 583, 582, 581, 625, 0, 0, 0]

 ### Operon type: 48

	 A0A011QUG8	[854, 853, 852, 851, 850, 849, 0, 848, 847]
	 A0A011QIT1	[854, 853, 852, 851, 850, 849, 848, 847, 765]

 ### Operon type: 49

	 A0A011PP01	[631, 630, 629, 743, 744, 745, 746, 747, 748]
	 A0A011NVE7	[631, 630, 629, 743, 744, 745, 746, 747, 748]

 ### Operon type: 50

	 A0A011P2I4	[751, 750, 749, 748, 747, 746, 745, 744, 743]
	 A0A011N9N8	[751, 750, 749, 748, 747, 746, 745, 744, 743]

 ### Operon type: 51

	 A0A011PIY7	[733, 0, 749, 748, 747, 746, 745, 0, 743]

 ### Operon type: 52

	 A0A011Q3J4	[0, 733, 749, 748, 747, 746, 745, 744, 0]

 ### Operon type: 53

	 A0A011MH88	[696, 733, 749, 748, 747, 746, 745, 744, 743]

 ### Operon type: 54

	 A0A013SPM5	[446, 445, 605, 604, 603, 444, 443, 442, 601]
	 A0A009QFZ7	[446, 445, 605, 604, 603, 444, 443, 442, 601]
	 A0A010IX62	[446, 445, 605, 604, 603, 444, 443, 442, 601]
	 A0A009HSL1	[446, 445, 605, 604, 603, 444, 443, 442, 601]
	 A0A009I6Z0	[446, 445, 605, 604, 603, 444, 443, 442, 601]
	 A0A009MH71	[446, 445, 605, 604, 603, 444, 443, 442, 601]
	 A0A009TK03	[446, 445, 605, 604, 603, 444, 443, 442, 601]

 ### Operon type: 55

	 A0A009ZIX8	[0, 606, 605, 604, 603, 602, 0, 601, 0]

 ### Operon type: 56

	 A0A010JJN4	[503, 502, 501, 500, 499, 498, 497, 671, 588]
	 A0A013TPR7	[503, 502, 501, 500, 499, 498, 497, 671, 588]
	 A0A009PMT3	[503, 502, 501, 500, 499, 498, 497, 671, 588]
	 A0A009NI48	[503, 502, 501, 500, 499, 498, 497, 671, -1]
	 A0A009SEP4	[503, 502, 501, 500, 499, 0, 498, 497, 0]
	 A0A009RMI1	[503, 502, 501, 500, 499, 498, 497, 671, 0]
	 A0A009I8I7	[503, 502, 501, 500, 499, 498, 497, 671, 25]
	 A0A009HJJ5	[503, 502, 501, 500, 499, 498, 497, 671, 25]
	 A0A009YG45	[0, 503, 502, 501, 499, 0, 498, 497, 671]

 ### Operon type: 57

	 A0A013TPQ9	[418, 417, 416, 415, 414, 770, 813, 413, 589]
	 A0A013S8F0	[418, 417, 416, 415, 414, 770, 813, 413, 589]
	 A0A010IZH1	[-1, 417, 416, 415, 414, 770, 813, 413, 589]
	 A0A009PMU2	[418, 417, 416, -1, 414, 770, 813, 413, 589]
	 A0A009SZ84	[418, 417, 416, 415, 414, 770, 813, 413, 589]
	 A0A009HJM0	[418, 417, 416, 415, 414, 770, 813, 413, 589]

 ### Operon type: 58

	 A0A009HUS9	[417, 416, 0, 415, 414, 71, -1, 70, 69]

 ### Operon type: 59

	 A0A009ISE1	[498, 497, 671, 69, 70, -1, 71, 414, 415]

 ### Operon type: 60

	 A0A009NPS1	[418, 417, 416, 415, 414, -1, 671, 497, 498]

 ### Operon type: 61

	 A0A013SB36	[352, 351, 350, 349, 348, 637, 636, 347, 346]
	 A0A009QSI3	[352, 351, 350, 349, 348, 637, 636, 347, -1]

 ### Operon type: 62

	 A0A010ITP2	[352, 351, 350, 349, 348, 637, 636, 0, 0]

 ### Operon type: 63

	 A0A009SII9	[-1, 351, 350, 349, 348, 637, 636, 297, 296]

 ### Operon type: 64

	 A0A009T0Q9	[348, 637, 636, 297, 296, 346, 696, 770, 31]

 ### Operon type: 65

	 A0A009YJF4	[0, 637, 636, 101, 100, 696, 770, 0, 31]

 ### Operon type: 66

	 A0A009GP96	[0, 90, 770, 259, 276, 89, 505, 88, 87]

 ### Operon type: 67

	 A0A009GSR4	[259, 276, 89, 505, 88, 87, 87, 86, 0]

 ### Operon type: 68

	 A0A009IIT6	[90, 770, 259, 276, 88, 87, 87, 86, 0]

 ### Operon type: 69

	 A0A011SQL0	[687, 191, -1, 190, 220, 189, 431, 188, 187]
	 A0A011UZ49	[191, -1, 190, 220, 189, 431, 188, 187, 0]

 ### Operon type: 70

	 A0A009SIF9	[750, 810, 304, 303, 302, 301, 300, 299, 298]
	 A0A009PT82	[750, 810, 304, 303, 302, 301, 300, 299, 298]

 ### Operon type: 71

	 A0A009IS10	[51, 0, 0, 0, 302, 301, 300, 0, 0]

 ### Operon type: 72

	 A0A009QHW5	[0, 0, 0, 489, 302, 301, 300, 0, 170]

 ### Operon type: 73

	 A0A011UVB4	[0, 0, 0, 247, 0, 0, 51, 0, 537]

 ### Operon type: 74

	 A0A011V107	[342, -1, 341, 340, 339, 338, 337, 336, 0]
	 A0A011U7M7	[0, 342, -1, 341, 340, 339, 338, 337, 336]

 ### Operon type: 75

	 A0A011TLH0	[332, 339, 341, 331, 340, 338, 0, 0, 0]

 ### Operon type: 76

	 A0A011UG87	[469, 470, 471, 332, 339, 341, 331, 340, 338]

 ### Operon type: 77

	 A0A011TLH7	[471, 470, 469, 0, 0, 0, 0, 0, 0]

 ### Operon type: 78

	 A0A011TWN2	[468, 467, 466, 465, 464, 463, 462, 0, 0]
	 A0A011TAF9	[0, 0, 468, 467, 466, 465, 464, 463, 462]

 ### Operon type: 79

	 A0A011Q5V7	[728, 0, 0, 0, 727, 726, 725, 724, 723]

 ### Operon type: 80

	 A0A011RM25	[727, 726, 725, 724, 723, 845, 0, 385, 0]

 ### Operon type: 81

	 A0A011QDV3	[816, 815, 814, 813, 812, 811, 810, 0, 809]
	 A0A011QIE8	[816, 815, 814, 813, 812, 811, 809, 0, 0]

 ### Operon type: 82

	 A0A011PL71	[711, 710, 709, 708, 707, 751, 706, 705, 0]
	 A0A011QAB0	[710, 709, 708, 0, 707, 751, 706, 705, 0]

 ### Operon type: 83

	 A0A011Q6N5	[722, 721, 720, 0, 0, 0, 719, 718, 719]

 ### Operon type: 84

	 A0A011SGD5	[0, 0, 0, 0, 0, 0, 722, 721, 720]

 ### Operon type: 85

	 A0A011NYU6	[796, 795, 0, 794, 793, 510, 509, 0, 792]

 ### Operon type: 86

	 A0A011PYI6	[796, 795, 0, 794, 793, 792, 791, 790, 0]

 ### Operon type: 87

	 A0A011P1C0	[0, 0, 510, 509, 792, 0, 0, 0, 0]

 ### Operon type: 88

	 A0A011PKU5	[717, 716, 715, 714, 715, 713, 712, 0, 0]
	 A0A011N4G4	[0, 0, 717, 716, 715, 714, 715, 713, 712]

 ### Operon type: 89

	 A0A010ZWJ8	[14, 13, 12, 628, 11, 764, 456, 764, 10]

 ### Operon type: 90

	 A0A011AHW1	[11, 628, 12, 13, 14, 0, 0, 15, 0]

 ### Operon type: 91

	 A0A011AHU9	[456, 764, 10, 0, 0, 0, 0, 17, 696]

 ### Operon type: 92

	 A0A010ZX98	[9, 8, 7, 6, 5, 20, 813, 813, 0]

 ### Operon type: 93

	 A0A011AIL7	[5, 6, 7, 8, 9, 0, 0, 0, 0]

 ### Operon type: 94

	 A0A010YF95	[729, 139, 848, 138, 137, 137, 136, 154, 135]

 ### Operon type: 95

	 A0A010ZJQ6	[139, 848, 138, 137, 137, 136, 154, 135, 0]

 ### Operon type: 96

	 A0A009GXL8	[104, 103, 102, 101, 100, 99, 288, 141, 140]

 ### Operon type: 97

	 A0A010JIW7	[104, 103, 102, 101, 100, 0, 0, 288, 141]

 ### Operon type: 98

	 A0A011QNA5	[0, 832, 831, 830, 0, 829, 828, 827, 826]
	 A0A009ZLJ7	[826, 827, 828, 829, 0, 0, 832, 831, 830]

 ### Operon type: 99

	 A0A013T0T6	[829, 828, 827, 826, 481, 480, 455, 479, 454]
	 A0A009HAX1	[829, 828, 827, 826, 481, 480, 455, 479, 454]
	 A0A009QMH5	[829, 828, 827, 826, 481, 480, 455, 479, 454]
	 A0A009PE10	[829, 828, 827, 826, 481, 142, 455, 479, -1]
	 A0A009ISY0	[829, 828, 827, 826, 481, 142, 455, 479, 454]
	 A0A009RMD0	[829, 828, 827, 826, 481, 142, 455, 479, 454]

 ### Operon type: 100

	 A0A010ILW6	[829, 828, 827, 826, 481, 480, 0, 0, 479]

 ### Operon type: 101

	 A0A009Z9X7	[828, 827, 826, 0, 481, 0, 844, 0, 479]

 ### Operon type: 102

	 A0A013S8V2	[356, 355, 0, 0, 0, 354, 0, 0, 0]
	 A0A009R8E1	[0, 508, 0, 356, 355, 0, 0, 354, 0]

 ### Operon type: 103

	 A0A009ZFR5	[623, 622, 621, 620, 619, 618, 617, 616, 840]
	 A0A009ICH6	[623, 622, 621, 620, 619, 618, 617, 616, 840]

 ### Operon type: 104

	 A0A009NQA1	[623, 622, 621, 620, 124, 123, 452, 840, 837]
	 A0A009RR21	[623, 622, 621, 620, 124, 123, 452, 840, 837]

 ### Operon type: 105

	 A0A009HTN9	[623, 622, 621, 620, 124, 123, 73, 652, 72]
	 A0A009T3J5	[623, 622, 621, 620, 124, 123, 73, 652, 72]

 ### Operon type: 106

	 A0A009Q0U9	[623, 622, 621, 620, 124, 123, -1, -1, 0]

 ### Operon type: 107

	 A0A009IPC3	[273, 272, 271, 270, 269, 268, 267, 266, 265]
	 A0A009QEG7	[273, 272, 271, 270, 269, 268, 267, 266, 265]

 ### Operon type: 108

	 A0A009I573	[44, 0, 63, 64, 0, 65, 269, 270, 271]

 ### Operon type: 109

	 A0A009ILP9	[266, 0, 271, 270, 269, 65, 265, 64, 63]

 ### Operon type: 110

	 A0A009I953	[266, 0, 271, 270, 269, 65, 265, 0, -1]

 ### Operon type: 111

	 A0A009SX74	[756, 688, 0, 64, 265, 266, 272, 273, 49]

 ### Operon type: 112

	 A0A010IPH1	[156, 401, 571, 536, 251, 250, 249, 248, 261]
	 A0A009MMG9	[156, 401, 571, 536, 251, 250, 249, 248, 261]
	 A0A009QVK8	[156, 401, 571, 536, 251, 250, 249, 248, 261]
	 A0A009ICP5	[156, 401, 571, 536, 251, 250, 249, 248, 261]

 ### Operon type: 113

	 A0A009SIV4	[255, 254, 253, 252, 251, 250, 249, 248, 261]
	 A0A009QLL2	[255, 254, 253, 252, 251, 250, 249, 248, 261]
	 A0A009HTW0	[255, 254, 253, 252, 251, 250, 249, 248, 261]
	 A0A013TSJ4	[254, 253, 0, 252, 251, 250, 249, 248, 261]

 ### Operon type: 114

	 A0A013TCN9	[486, 381, 380, 379, 378, 377, 376, 770, 813]
	 A0A010ITG1	[486, 381, 380, 379, 378, 377, 376, 770, 813]
	 A0A009QNC9	[486, 381, 380, 379, 378, 377, 376, 770, 813]
	 A0A009NIJ3	[486, 381, 380, 379, 378, 377, 376, 770, 813]
	 A0A013TRC1	[486, 381, 380, 379, 378, 377, 376, 770, 813]

 ### Operon type: 115

	 A0A009H935	[0, 0, 380, 379, 378, 377, 376, 770, 813]

 ### Operon type: 116

	 A0A009SF48	[320, 319, 318, 317, 316, -1, 307, 790, 306]
	 A0A009QEX0	[320, 319, 318, 317, 316, 307, 307, 790, 306]
	 A0A009IMX3	[320, 319, 318, 317, 316, 307, 307, 790, 306]

 ### Operon type: 117

	 A0A013S7V1	[320, 319, 318, 317, 316, 315, 623, 314, 313]
	 A0A010ISX2	[320, 319, 318, 317, 316, 315, 623, 314, 313]
	 A0A009MR00	[320, 319, 318, 317, 316, 315, 623, 314, 313]
	 A0A009RES7	[320, 319, 318, 317, 316, 315, 623, 314, 313]

 ### Operon type: 118

	 A0A009YTT3	[3, 615, 318, 317, 316, 315, 623, 314, 313]

 ### Operon type: 119

	 A0A009GYP9	[0, 0, 0, 317, 316, 315, 623, 314, 313]

 ### Operon type: 120

	 A0A009ZZC8	[-1, 45, 46, 3, 615, 318, 317, 316, 315]

 ### Operon type: 121

	 A0A011WSE5	[551, 550, 549, 548, 547, 546, 525, 524, 523]
	 A0A011UGX8	[552, 551, 550, 549, 548, 547, 546, 525, 524]

 ### Operon type: 122

	 A0A011VZG0	[553, 0, 552, 551, 550, 549, 548, 547, 546]

 ### Operon type: 123

	 A0A009SJZ7	[247, 246, 245, 244, 243, 475, 242, 241, 240]
	 A0A009PJF7	[246, 245, 245, 244, 243, 475, 242, 241, 240]

 ### Operon type: 124

	 A0A009Z5G0	[475, 244, 245, 0, 526, 246, 247, 294]

 ### Operon type: 125

	 A0A010JJC1	[555, 496, 495, 494, 493, 492, 491, 504, 490]
	 A0A010IZ41	[496, 495, 494, 493, 492, 491, 504, 490, 397]

 ### Operon type: 126

	 A0A009QJL6	[555, 496, 495, 494, 0, 490, 397, 28, 0]

 ### Operon type: 127

	 A0A013TB41	[405, -1, 404, 403, 402, 750, 401, 686, 400]
	 A0A013SGL3	[405, 345, 404, 403, 402, 750, 401, 686, 400]
	 A0A009SHB3	[405, 345, 404, 403, 402, 750, 401, 686, 400]
	 A0A010KAV2	[405, 345, 404, 403, 402, 750, 401, 686, 400]
	 A0A009PG53	[405, 345, 404, 403, 402, 750, 401, 686, 400]
	 A0A009NE81	[405, 345, 404, 403, 402, 750, 401, 686, 400]
	 A0A009RQH3	[405, 345, 404, 403, 402, 750, 401, 686, 400]
	 A0A009I5Z6	[405, 345, 404, 403, 402, 750, 401, 686, 400]

 ### Operon type: 128

	 A0A009H3X4	[405, 345, 404, 403, 402, 750, -1, 694, -1]

 ### Operon type: 129

	 A0A009SLR5	[0, 0, 0, 239, 238, 237, 505, 770, 751]
	 A0A009PIB4	[0, 0, 0, 239, 238, 237, 505, 770, 751]

 ### Operon type: 130

	 A0A009HSU4	[0, 0, 702, 770, 0, 750, 686, 751, 505]

 ### Operon type: 131

	 A0A009I463	[564, 48, 47, 423, 423, 323, 322, 321, 122]
	 A0A009PAG1	[564, 48, 47, 423, 423, 323, 322, 321, 122]

 ### Operon type: 132

	 A0A013SKX6	[0, 0, 564, 0, 423, 423, 323, 322, 321]

 ### Operon type: 133

	 A0A011Q5S3	[765, 732, 0, 0, 0, 0, 731, 730, 729]

 ### Operon type: 134

	 A0A011UZZ4	[0, 731, 730, 0, 0, 0, 344, 344, 729]

 ### Operon type: 135

	 A0A011UTJ0	[0, 0, 0, 165, 164, 163, 679, 162, 161]

 ### Operon type: 136

	 A0A011VMV7	[165, 164, 163, 679, 162, 161, 160, 159, 158]

 ### Operon type: 137

	 A0A011NYT4	[674, 673, 672, 671, 0, 638, 638, 637, 636]

 ### Operon type: 138

	 A0A011P8E9	[0, 0, 674, 673, 0, 672, 671, 0, 0]

 ### Operon type: 139

	 A0A010SYH9	[43, 42, 41, 40, 39, 0, 0, 0, 0]
	 A0A010TF34	[0, -1, 0, 0, 43, 42, 41, 40, 39]

 ### Operon type: 140

	 A0A010S7A1	[360, 359, 358, 572, 0, 357, 0, 0, 0]
	 A0A010TFJ4	[0, -1, 0, 360, 359, 358, 572, -1, 357]

 ### Operon type: 141

	 A0A009PAV9	[152, -1, 571, 151, 423, 505, 150, 149, 148]
	 A0A009HJC2	[152, 813, 571, 151, 423, 505, 150, 149, 148]

 ### Operon type: 142

	 A0A009SE02	[0, 148, 0, 0, 0, 149, 150, 505, 423]

 ### Operon type: 143

	 A0A009HS41	[686, 623, 759, 330, 218, 770, 770, 328, 327]
	 A0A009RSB7	[686, 623, 759, 330, 218, 770, 770, 328, 327]
	 A0A009SYU8	[686, 623, 759, 330, 218, 770, 770, 328, 327]

 ### Operon type: 144

	 A0A013SHA9	[686, 623, 759, 330, 329, 770, 770, 328, 327]
	 A0A010IT25	[686, 623, 759, 330, 329, 770, 770, 328, 327]
	 A0A009I466	[686, 623, 759, 330, 329, 770, 770, 328, 327]

 ### Operon type: 145

	 A0A009NMQ9	[686, 623, 759, 330, 329, 0, 770, 770, 328]

 ### Operon type: 146

	 A0A009P8A9	[0, 0, 759, 330, 218, 770, 770, 328, 327]

 ### Operon type: 147

	 A0A009NJ90	[58, 57, 56, 286, 285, 112, 55, 284, 283]
	 A0A009ITT8	[58, 57, 56, 286, 285, 55, 284, 283, 282]

 ### Operon type: 148

	 A0A009NCH6	[236, 284, 283, 282, 280, 279, 235, 60, 59]
	 A0A009IJ01	[284, 283, 282, 281, 280, 279, 235, 60, 59]

 ### Operon type: 149

	 A0A009RQL5	[284, 283, 282, 50, 280, 279, 235, 60, 0]

 ### Operon type: 150

	 A0A009MGQ8	[285, 0, 236, 284, 283, 282, 280, 279, 235]

 ### Operon type: 151

	 A0A009IJ07	[68, 67, 287, 286, 285, 284, 283, 282, 281]
	 A0A009RHH7	[68, 67, 287, 286, 285, 112, 284, 283, 282]
	 A0A009S6G1	[68, 67, 287, 286, 285, 284, 283, 282, 280]

 ### Operon type: 152

	 A0A009HZK2	[287, 286, 285, 284, 283, 282, 281, 280, 279]

 ### Operon type: 153

	 A0A009R4N4	[286, 285, 112, 284, 283, 282, 50, 280, 279]

 ### Operon type: 154

	 A0A009S5A5	[285, 112, 55, 284, 283, 282, 281, 32, 280]

 ### Operon type: 155

	 A0A009RHH9	[0, 0, 0, 0, 97, 68, 67, 287, 286]

 ### Operon type: 156

	 A0A011PGU1	[0, 0, 755, 822, 821, 820, 754, 753, 752]
	 A0A011MDH1	[648, 0, 755, 822, 821, 820, 754, 753, 752]

 ### Operon type: 157

	 A0A011V0P4	[521, 343, 0, 0, 530, 0, 0, 576, 575]

 ### Operon type: 158

	 A0A011WPV7	[576, 575, 0, 0, 0, 0, 0, 0, 0]

 ### Operon type: 159

	 A0A011UDF3	[822, 472, 0, 0, 0, 461, 478, 477, 789]

 ### Operon type: 160

	 A0A011VSC9	[478, 477, 789, 0, 0, 0, 0, 0, 0]

 ### Operon type: 161

	 A0A011SF89	[561, 560, 559, 0, 0, 0, 0, 0, 0]

 ### Operon type: 162

	 A0A011UCX7	[0, 710, 561, 560, 0, 559, 264, 0, 0]

 ### Operon type: 163

	 A0A011RNP9	[0, 0, 0, 0, 0, 538, 706, 0, 0]

 ### Operon type: 164

	 A0A011V0B5	[564, 0, 0, 0, 0, 0, 538, 0, 0]

 ### Operon type: 165

	 A0A011RQC9	[0, 564, 563, 0, 0, 0, 0, 562, 0]

 ### Operon type: 166

	 A0A011QG28	[824, 823, 822, 0, 821, 820, 819, 818, 817]
	 A0A011RIM8	[824, 823, 0, 0, 821, 820, 819, 818, 817]

 ### Operon type: 167

	 A0A011PHI6	[690, 0, 767, 0, 0, 766, 851, 689, 0]

 ### Operon type: 168

	 A0A011QI68	[0, 0, 767, 766, 0, 0, 0, 0, 0]

 ### Operon type: 169

	 A0A011NVJ6	[644, 656, 655, 654, 653, 652, 0, 0, 643]

 ### Operon type: 170

	 A0A011PVP2	[0, 656, 655, 654, 653, 652, 0, 0, 779]

 ### Operon type: 171

	 A0A011NXY7	[0, 0, 655, 0, 653, 0, 0, 0, 0]

 ### Operon type: 172

	 A0A011QR69	[842, 841, 840, 839, 838, 837, 0, 0, 0]
	 A0A011NUB4	[842, 841, 840, 839, 838, 837, 0, 625, 0]

 ### Operon type: 173

	 A0A011NN36	[841, 840, 0, 0, 838, 837, 0, 0, 0]

 ### Operon type: 174

	 A0A011PK69	[840, 704, 0, 0, 838, 837, 0, 0, 0]

 ### Operon type: 175

	 A0A011NYD6	[661, 834, 833, 640, 639, 660, 659, 658, 657]
	 A0A011RMI6	[661, 834, 833, 640, 639, 660, 659, 658, 657]

 ### Operon type: 176

	 A0A011QB28	[662, 661, 834, 0, 0, 660, 659, 658, 657]

 ### Operon type: 177

	 A0A011NF33	[0, 660, 659, 0, 0, 0, 0, 0, 0]

 ### Operon type: 178

	 A0A011NBY4	[568, 0, 0, 567, 0, 0, 566, 0, 0]

 ### Operon type: 179

	 A0A011WRT0	[568, 0, 0, 0, 0, 0, 0, 790, 0]

 ### Operon type: 180

	 A0A011SHV5	[0, 0, 0, 0, 0, 556, 790, 555, 0]

 ### Operon type: 181

	 A0A011NB95	[0, 846, 0, 0, 0, 0, 571, 570, 569]

 ### Operon type: 182

	 A0A011UHT4	[28, 545, 570, 0, 0, 27, 27, 569, 0]

 ### Operon type: 183

	 A0A010Z1W7	[0, 0, 0, 0, 0, 535, 0, 512, 513]

 ### Operon type: 184

	 A0A011VY84	[0, 0, 513, 512, 0, 0, 0, 0, 0]

 ### Operon type: 185

	 A0A010YW85	[0, 0, 0, 0, 0, 310, 0, 512, 513]

 ### Operon type: 186

	 A0A010ZMA0	[512, 590, 0, 0, 0, 0, 0, 0, 0]

 ### Operon type: 187

	 A0A011N5L2	[0, 0, 0, 590, 0, 589, 588, 0, 0]

 ### Operon type: 188

	 A0A009MJ75	[0, 0, 122, 121, 260, 0, 0, 0, 259]

 ### Operon type: 189

	 A0A010IH51	[0, 261, 0, 0, 260, 0, 259, 0, 0]

 ### Operon type: 190

	 A0A011TYT7	[0, 0, 0, 0, 0, 0, 261, 155, 155]

 ### Operon type: 191

	 A0A010RRR9	[0, 0, 0, 0, 775, 0, 0, 573, 259]

 ### Operon type: 192

	 A0A010SIA7	[0, 0, 573, 572, 0, 0, 0, 0, 0]

 ### Operon type: 193

	 A0A010RFQ9	[0, 0, 610, 0, 591, 0, 0, 0, 0]

 ### Operon type: 194

	 A0A010SPR9	[23, 23, 0, 0, 0, 591, 0, 0, 0]

 ### Operon type: 195

	 A0A009LNU8	[428, 430, 431, 432, 0, 36, 0, 505, 0]

 ### Operon type: 196

	 A0A013SRG6	[433, 432, 431, 430, 0, 429, 0, 428, 635]

 ### Operon type: 197

	 A0A009IQU8	[0, 430, 0, 0, 0, 429, 635, 0, 0]

 ### Operon type: 198

	 A0A010K2K8	[431, 432, 433, 0, 0, 0, 0, -1, 505]

 ### Operon type: 199

	 A0A011NPR8	[0, 635, 0, 0, 0, 0, 634, 0, 0]

 ### Operon type: 200

	 A0A010SEA2	[732, 634, 574, 0, 0, 0, 0, 0, 0]

 ### Operon type: 201

	 A0A010IGH8	[0, 0, 0, 0, 0, 0, 0, 290, 328]

 ### Operon type: 202

	 A0A010STD3	[0, 0, 0, 460, 459, 458, 0, 328, 290]

 ### Operon type: 203

	 A0A010SQJ5	[312, 536, 0, 460, 459, 458, 0, 0, 0]

 ### Operon type: 204

	 A0A013RVV2	[486, 0, 292, 291, 0, 0, 328, 290, 0]

 ### Operon type: 205

	 A0A011TD67	[461, 0, 0, 460, 459, 458, 457, 0, 456]

 ### Operon type: 206

	 A0A009ZC12	[0, 0, 0, 460, 0, 458, 457, 169, 787]

 ### Operon type: 207

	 A0A009YSC7	[0, 0, 566, 1, 0, 1, 292, 291, 0]

 ### Operon type: 208

	 A0A009ZJK4	[0, 0, 0, 0, 0, 0, 623, 600, 0]

 ### Operon type: 209

	 A0A010SVN1	[-1, 600, 770, 533, 333, 0, 0, 623, 0]

 ### Operon type: 210

	 A0A009QGN4	[177, 176, 175, 174, 173, 172, 0, 0, 0]
	 A0A009PFK7	[177, 176, 175, 174, 173, 0, 0, 172, 0]

 ### Operon type: 211

	 A0A009YR20	[0, 172, 0, 0, 0, 0, 176, 0, 0]

 ### Operon type: 212

	 A0A009SCM5	[35, 34, 33, 0, 0, 0, 0, 0, 0]

 ### Operon type: 213

	 A0A009TJ77	[49, 75, 0, 0, 0, 0, 35, 34, 33]

 ### Operon type: 214

	 A0A009HZV2	[0, 0, 0, 0, 120, 119, 112, 0, 0]

 ### Operon type: 215

	 A0A009QPE7	[0, 0, 0, 0, 120, 119, 0, 0, 0]

 ### Operon type: 216

	 A0A009MGR3	[0, 0, 84, 0, 447, 32, 93, 145, 144]

 ### Operon type: 217

	 A0A009Q4G0	[0, 85, 84, 0, 447, 0, 145, 144, 145]

 ### Operon type: 218

	 A0A009PB53	[0, 0, 147, 146, 447, 145, 144, 145, 143]

 ### Operon type: 219

	 A0A009PUJ8	[0, 147, 146, 447, 0, 143, 288, 141, 140]

 ### Operon type: 220

	 A0A009QQC0	[118, 0, 117, 770, 325, 325, 116, 413, 533]
	 A0A009H7I0	[118, 0, 0, 770, 325, 325, 116, 413, 533]

 ### Operon type: 221

	 A0A009MVG4	[117, 0, 326, 770, 325, 325, 116, 413, 533]

 ### Operon type: 222

	 A0A009QA91	[115, 114, 686, 770, 325, 325, 116, 413, 533]
	 A0A010J377	[115, 114, 686, 770, 325, 325, 116, 413, 533]

 ### Operon type: 223

	 A0A009S1X4	[115, 114, 686, 770, 325, 325, 770, 0, 213]

 ### Operon type: 224

	 A0A013SHF4	[0, 0, 326, 770, 325, 325, 0, 324, 0]

 ### Operon type: 225

	 A0A011PJK8	[702, 701, 700, 769, 768, 699, 0, 0, 0]
	 A0A011N3C3	[0, 0, 0, 702, 701, 700, 769, 768, 699]

 ### Operon type: 226

	 A0A011WKI4	[0, 0, 0, 0, 0, 703, 580, 579, 578]
	 A0A011UWH1	[703, 580, 579, 578, 0, 0, 0, 0, 0]

 ### Operon type: 227

	 A0A010YKP2	[0, 0, 0, 0, 0, 0, 643, 335, 0]

 ### Operon type: 228

	 A0A011V1A2	[343, 0, 0, 335, 0, 0, 0, 0, 0]

 ### Operon type: 229

	 A0A011NGS0	[0, 0, 0, 0, 799, 798, 0, 0, 0]

 ### Operon type: 230

	 A0A011PW61	[0, 0, 0, 0, 799, 798, 0, 0, 797]

 ### Operon type: 231

	 A0A011UXI1	[0, 697, 0, 0, 799, 798, 233, 0, 0]

 ### Operon type: 232

	 A0A011SWI9	[-1, -1, 0, 690, 799, 798, 233, -1, -1]

 ### Operon type: 233

	 A0A011P952	[798, 0, 760, 0, 0, 760, 0, 0, 0]

 ### Operon type: 234

	 A0A011Q1B3	[651, 689, 650, 649, 650, 779, 648, 0, 0]
	 A0A011QVV5	[0, 0, 651, 689, 650, 649, 650, 779, 648]

 ### Operon type: 235

	 A0A011NSG8	[0, 0, 0, 689, 650, 649, 0, 650, 0]

 ### Operon type: 236

	 A0A011P0X4	[0, 0, 648, 0, 650, 0, 0, 649, 508]

 ### Operon type: 237

	 A0A010YNY9	[0, 0, 256, 30, 0, 0, 0, 0, 129]

 ### Operon type: 238

	 A0A011AC71	[213, 0, 0, 295, 0, 256, 30, 0, 686]

 ### Operon type: 239

	 A0A011QLX0	[0, 836, 0, 0, 835, 0, 834, 833, 0]
	 A0A011PRW6	[836, 0, 0, 0, 835, 834, 833, 0, 0]

 ### Operon type: 240

	 A0A010SML6	[0, 834, 833, -1, 0, 688, 0, 0, 0]

 ### Operon type: 241

	 A0A010RS09	[0, 0, 0, 0, 40, 0, 694, 694, 0]

 ### Operon type: 242

	 A0A010RTE7	[0, 0, 0, 0, 0, 0, 40, 75, 0]

 ### Operon type: 243

	 A0A009P817	[128, 0, 0, 0, 127, 0, 311, 126, 125]

 ### Operon type: 244

	 A0A009TIY0	[0, 0, 0, 0, 127, 0, 311, 126, 0]

 ### Operon type: 245

	 A0A009QKA3	[311, 126, 0, 125, 0, 0, 0, 0, 177]

 ### Operon type: 246

	 A0A009HSR2	[0, 54, 53, 0, 52, 109, 108, 112, 106]

 ### Operon type: 247

	 A0A009SWM1	[0, 54, 53, 0, 52, 0, 0, 108, 0]

 ### Operon type: 248

	 A0A009MYX0	[105, 106, 0, 702, 0, 0, 108, 109, 98]

 ### Operon type: 249

	 A0A009QK79	[0, 0, 98, 109, 0, 108, 0, 0, 106]

 ### Operon type: 250

	 A0A009GXJ1	[111, 110, 109, 108, 107, 112, 106, 105, 0]

 ### Operon type: 251

	 A0A013TKW8	[0, 861, 0, 505, 367, 366, 365, 364, 363]
	 A0A009QT77	[0, 0, -1, 505, 367, 366, 365, 364, 363]
	 A0A010IT95	[0, 0, 0, 505, 367, 366, 365, 364, 363]
	 A0A009GWD0	[112, 0, 0, 505, 367, 366, 365, 364, 363]
	 A0A009PRQ9	[0, 505, 74, 0, 367, 366, 365, 364, 363]
	 A0A009S0T6	[0, 0, 505, 74, 367, 366, 365, 364, 363]
	 A0A009I5G9	[0, 0, 505, 74, 367, 366, 365, 364, 363]
	 A0A009MH36	[0, 0, 0, 505, 367, 366, 365, 364, 363]

 ### Operon type: 252

	 A0A013TMJ7	[813, -1, 0, 505, 367, 364, 363, 0, 0]

 ### Operon type: 253

	 A0A011VXC2	[-1, 520, 0, 626, 519, 518, 517, 516, 515]
	 A0A011V392	[520, 0, 626, 519, 518, 517, 0, 516, 515]

 ### Operon type: 254

	 A0A011V490	[553, 554, 0, 515, 516, 517, 518, 519, 626]

 ### Operon type: 255

	 A0A011VZF5	[0, 0, 519, 518, 517, 710, 554, 710, 0]

 ### Operon type: 256

	 A0A011WLE7	[0, 0, 0, 0, 0, 577, 0, 0, 0]
	 A0A011VU44	[0, 0, 0, 0, 0, 577, 0, 0, 0]

 ### Operon type: 257

	 A0A011VAP2	[0, 0, 195, 0, 0, 0, 0, 0, 529]

 ### Operon type: 258

	 A0A011VRJ8	[0, 0, 0, 0, 0, 0, 195, 0, 0]

 ### Operon type: 259

	 A0A011RNU1	[0, 0, 0, 0, 0, 0, 384, 384, 383]

 ### Operon type: 260

	 A0A011VKJ9	[0, 0, 0, 0, 0, 0, 383, 384, -1]

 ### Operon type: 261

	 A0A011PQZ7	[0, 0, 0, 628, 793, 0, 627, 0, 0]

 ### Operon type: 262

	 A0A011TUX4	[0, 0, 0, 0, 793, 0, 0, 627, 0]

 ### Operon type: 263

	 A0A011STZ9	[0, 0, 0, 627, 0, 0, 0, 0, 0]

 ### Operon type: 264

	 A0A011PUJ9	[0, 0, 0, 0, 0, 0, 0, 0, 780]
	 A0A011PRF5	[780, 0, 0, 0, 0, 0, 0, 0, 0]

 ### Operon type: 265

	 A0A011PFY8	[0, 0, 0, 0, 0, 0, 0, 0, 758]

 ### Operon type: 266

	 A0A011PNS3	[843, 758, 0, 0, 0, 0, 0, 0, 0]

 ### Operon type: 267

	 A0A011T648	[0, 758, 0, 0, 0, 0, 0, 840, 0]

 ### Operon type: 268

	 A0A010YYJ5	[0, 0, 0, 710, 0, 0, 0, 309, 309]

 ### Operon type: 269

	 A0A011NDM5	[710, 0, 0, 0, 0, 0, 0, 0, 0]

 ### Operon type: 270

	 A0A011MSR2	[0, 0, 0, 586, 0, 0, 0, 710, 710]

 ### Operon type: 271

	 A0A011WSU6	[0, 710, 0, 0, 516, 0, 0, 0, 0]

 ### Operon type: 272

	 A0A011AEN3	[0, 0, 0, 0, 0, 0, 819, 0, 0]
	 A0A011U3C2	[0, 0, 819, 0, 0, 0, 0, 0, 0]

 ### Operon type: 273

	 A0A011AAZ2	[0, 507, 0, 0, 0, 819, 819, 819, 0]

 ### Operon type: 274

	 A0A011T698	[0, 0, 0, 0, 0, 686, 819, 0, 0]

 ### Operon type: 275

	 A0A010YRE8	[0, 0, 0, 0, 0, 0, 0, 20, 0]

 ### Operon type: 276

	 A0A011AF05	[0, 0, 213, 20, 0, 0, 0, 0, 0]

 ### Operon type: 277

	 A0A009ZG48	[0, 0, 0, 861, 0, 0, 0, 0, 0]

 ### Operon type: 278

	 A0A011PEJ8	[0, 0, 862, 861, 0, 0, 0, 0, 0]

 ### Operon type: 279

	 A0A011QNJ7	[825, 0, 0, 861, 0, 0, 0, 825, 0]

 ### Operon type: 280

	 A0A011MMJ4	[0, 0, 0, 0, 0, 0, 0, 825, 0]

 ### Operon type: 281

	 A0A011R8M3	[0, 0, 862, 861, 0, 232, 0, 825, 0]

 ### Operon type: 282

	 A0A009ZC82	[0, 0, 687, 0, 0, 0, 0, 0, 0]

 ### Operon type: 283

	 A0A011P3F6	[688, 0, 0, 687, 0, 0, 0, 0, 0]

 ### Operon type: 284

	 A0A009IG48	[0, 0, 0, 62, 61, 0, 0, 0, 688]

 ### Operon type: 285

	 A0A009IMQ0	[0, 0, 0, 62, 61, 0, 0, 0, 0]

 ### Operon type: 286

	 A0A009SWV1	[0, 0, 0, 0, 0, 0, 0, 62, 0]

 ### Operon type: 287

	 A0A009Q512	[0, 0, 0, 0, 83, 0, 0, 0, 0]
	 A0A009PMZ9	[83, 0, 0, 0, 0, 0, 0, 0, 0]

 ### Operon type: 288

	 A0A009IFL2	[0, 168, 0, 24, -1, 0, 0, 0]

 ### Operon type: 289

	 A0A009ZDS1	[-1, -1, 0, 168, 0, 0, 496, 0, 0]

 ### Operon type: 290

	 A0A010SNM6	[258, 257, -1, 0, 0, 0, 813, 0, 0]

 ### Operon type: 291

	 A0A010T5D8	[257, 258, 0, -1, 0, -1, 397, 0, 0]

 ### Operon type: 292

	 A0A011UB51	[511, 0, 0, 0, 0, 0, 0, 0, 0]
	 A0A011UFH1	[0, 0, 0, 0, 0, 511, 0, 0, 0]

 ### Operon type: 293

	 A0A011V965	[0, -1, -1, 0, 196, 0, -1, -1, 0]
	 A0A011VHP2	[0, -1, -1, -1, 196, 0, 0, 0, 0]

 ### Operon type: 294

	 A0A010RVD0	[-1, 0, 0, -1, 0, 801, 801, 0, 37]

 ### Operon type: 295

	 A0A010T7Q5	[0, 37, 0, 0, 0, 0, -1, 0, 0]

 ### Operon type: 296

	 A0A010SJH7	[0, 0, 813, -1, 0, 0, 116, 0, 0]

 ### Operon type: 297

	 A0A010SRR2	[0, 0, -1, 0, 0, 0, 0, 0, 813]

 ### Operon type: 298

	 A0A010RY47	[-1, 0, -1, 0, 0, 0, 0, 0, 0]
	 A0A010TF14	[-1, 0, 0, 0, 0, 0, 0, 0, 0]
	 A0A010RKP8	[0, 0, 0, 0, 0, 0, -1, 0, 0]
	 A0A011UZ32	[0, 0, 0, 0, 0, -1, 0, 0, 0]
	 A0A009HJU6	[0, 0, 0, 0, 0, 0, 0, 0, -1]

 ### Operon type: 299

	 A0A010SJF9	[0, 0, 0, 0, 0, -1, 0, 262, -1]

 ### Operon type: 300

	 A0A011ML54	[0, 0, 0, 695, 0, 0, 0, 0, -1]

 ### Operon type: 301

	 A0A011NHY1	[0, 0, 0, 0, 0, 813, 0, 0, 0]

 ### Operon type: 302

	 A0A010Z171	[0, 0, 0, 0, 0, 0, 813, 0, 702]

 ### Operon type: 303

	 A0A011T697	[813, 0, 0, 0, 0, 0, 0, 0, 311]

 ### Operon type: 304

	 A0A011TDD1	[0, 334, 813, 0, 0, 0, 0, 0, 0]

 ### Operon type: 305

	 A0A011VW24	[0, 0, 845, 0, 0, 0, 0, 0, -1]

 ### Operon type: 306

	 A0A011T8V3	[0, 0, 845, 0, 0, 0, 0, 0, 0]

 ### Operon type: 307

	 A0A010TH98	[797, 0, 0, 845, 0, 0, 0, 0, 0]

 ### Operon type: 308

	 A0A011QVR3	[0, 0, 0, 0, 0, 0, 0, 846, 845]

 ### Operon type: 309

	 A0A011VYF1	[845, 0, 0, 0, 0, 0, 511, 0, 0]

 ### Operon type: 310

	 A0A010S415	[-1, 845, 0, 533, 0, 0, 0, 0, 532]

 ### Operon type: 311

	 A0A011PBM9	[0, 0, 0, 0, 0, 0, 0, 0, 0]
	 A0A011QMJ8	[0, 0, 0, 0, 0, 0, 0, 0, 0]
	 A0A011Q056	[0, 0, 0, 0, 0, 0, 0, 0, 0]
	 A0A011QSN2	[0, 0, 0, 0, 0, 0, 0, 0, 0]
	 A0A011P9Z5	[0, 0, 0, 0, 0, 0, 0, 0, 0]
	 A0A011PNN2	[0, 0, 0, 0, 0, 0, 0, 0, 0]
	 A0A011NMI8	[0, 0, 0, 0, 0, 0, 0, 0, 0]
	 A0A011NTU3	[0, 0, 0, 0, 0, 0, 0, 0, 0]
	 A0A011N2Z0	[0, 0, 0, 0, 0, 0, 0, 0, 0]
	 A0A010SHY1	[0, 0, 0, 0, 0, 0, 0, 0, 0]
	 A0A011NAJ1	[0, 0, 0, 0, 0, 0, 0, 0, 0]
	 A0A011VYF6	[0, 0, 0, 0, 0, 0, 0, 0, 0]
	 A0A010ZTI3	[0, 0, 0, 0, 0, 0, 0, 0, 0]
	 A0A013TEV4	[0, 0, 0, 0, 0, 0, 0, 0, 0]
	 A0A013SBR8	[0, 0, 0, 0, 0, 0, 0, 0, 0]
	 A0A013S2B9	[0, 0, 0, 0, 0, 0, 0, 0, 0]
	 A0A013SL47	[0, 0, 0, 0, 0, 0, 0, 0, 0]
	 A0A011WUT3	[0, 0, 0, 0, 0, 0, 0, 0, 0]
	 A0A009M4K0	[0, 0, 0, 0, 0, 0, 0, 0, 0]
	 A0A011VNE2	[0, 0, 0, 0, 0, 0, 0, 0, 0]
	 A0A009PDV4	[0, 0, 0, 0, 0, 0, 0, 0, 0]
	 A0A009MH90	[0, 0, 0, 0, 0, 0, 0, 0, 0]
	 A0A011UHL2	[0, 0, 0, 0, 0, 0, 0, 0, 0]
	 A0A011UBN9	[0, 0, 0, 0, 0, 0, 0, 0, 0]
	 A0A009HIL8	[0, 0, 0, 0, 0, 0, 0, 0, 0]
	 A0A011UFM5	[0, 0, 0, 0, 0, 0, 0, 0, 0]
	 A0A010T025	[0, 0, 0, 0, 0, 0, 0, 0, 0]
	 A0A010YJA7	[0, 0, 0, 0, 0, 0, 0, 0, 0]
	 A0A010SPJ7	[0, 0, 0, 0, 0, 0, 0, 0, 0]
	 A0A010SSQ8	[0, 0, 0, 0, 0, 0, 0, 0, 0]
	 A0A011A146	[0, 0, 0, 0, 0, 0, 0, 0, 0]
	 A0A010YZS8	[0, 0, 0, 0, 0, 0, 0, 0, 0]
	 A0A010Z120	[0, 0, 0, 0, 0, 0, 0, 0, 0]

 ### Operon type: 312

	 A0A010TG27	[703, 0, 26, 0, 0, 0, 770, 0, 0]

 ### Operon type: 313

	 A0A011PMK1	[0, 0, 0, 0, 0, 0, 0, 703, 0]

 ### Operon type: 314

	 A0A009HM15	[0, 235, 60, 0, 0, 0, -1, 0, 0]

 ### Operon type: 315

	 A0A009HRU1	[0, 109, 0, 0, 0, 0, 0, 0, 0]

 ### Operon type: 316

	 A0A009HSN8	[0, 85, 0, 0, 0, -1, 0, 143, -1]

 ### Operon type: 317

	 A0A009HV82	[288, 0, 0, 0, 0, 0, 0, 0, 0]

 ### Operon type: 318

	 A0A009IG74	[0, 0, 121, 0, 423, -1, 0, 0, 0]

 ### Operon type: 319

	 A0A009IJ90	[0, 49, 0, 0, 0, 0, 0, 0, 0]

 ### Operon type: 320

	 A0A009NM94	[0, 558, 558, 0, 0, 0, 334, 0, 0]

 ### Operon type: 321

	 A0A009Q4N5	[0, 0, 128, 0, 0, 0, 0, 0, 0]

 ### Operon type: 322

	 A0A009SSZ9	[0, 44, 0, 0, 0, 0, 0, 0, 0]

 ### Operon type: 323

	 A0A009YIH1	[0, 0, 0, 0, 280, 0, -1, -1, 2]

 ### Operon type: 324

	 A0A009YR05	[0, 0, 0, 0, 164, 0, 0, 0, 0]

 ### Operon type: 325

	 A0A009Z004	[76, 0, 76, 0, 0, 702, 0, 0, 0]

 ### Operon type: 326

	 A0A010RUQ5	[0, 0, 0, 0, 0, 0, 0, 0, 224]

 ### Operon type: 327

	 A0A010S195	[687, 0, 535, 534, 0, 0, 0, 0, 0]

 ### Operon type: 328

	 A0A010SCZ2	[0, 0, 0, 0, 0, 0, 0, 528, 0]

 ### Operon type: 329

	 A0A010SN41	[0, 0, 0, 0, 434, 0, 0, 0, 0]

 ### Operon type: 330

	 A0A010SSU2	[0, 0, 0, 0, 107, 0, -1, 761, 0]

 ### Operon type: 331

	 A0A010SUP6	[0, 0, 0, 0, 0, 0, 0, 534, 0]

 ### Operon type: 332

	 A0A010SUY9	[0, 0, 0, 0, 0, 232, 862, 0]

 ### Operon type: 333

	 A0A010THK2	[0, 0, -1, 0, 0, 694, 702, 0, 0]

 ### Operon type: 334

	 A0A010SRL4	[26, 0, 0, -1, 0, 0, 0, 702, 263]

 ### Operon type: 335

	 A0A010YX61	[404, 819, 0, 845, 0, 0, 0, 0, 0]

 ### Operon type: 336

	 A0A010S5W8	[0, 0, 586, 779, 0, 0, 0, 0, 0]

 ### Operon type: 337

	 A0A011NE37	[440, 0, 0, 0, 0, 0, 0, 0, 0]

 ### Operon type: 338

	 A0A011NF78	[0, 0, 786, 0, 0, 0, 0, 0, 0]

 ### Operon type: 339

	 A0A011NVE2	[0, 0, 0, 840, 0, 0, 813, 0, 624]

 ### Operon type: 340

	 A0A011NXJ4	[0, 0, 0, 0, 0, 0, 0, 0, 641]

 ### Operon type: 341

	 A0A011P8I1	[0, 0, 817, 819, 0, 0, 0, 0, 764]

 ### Operon type: 342

	 A0A011P9Q7	[759, 0, 0, 0, 0, 0, 0, 0, 0]

 ### Operon type: 343

	 A0A011PJ75	[0, 840, 734, 840, 0, 0, 0, 0, 0]

 ### Operon type: 344

	 A0A011PRB4	[0, 0, 0, 0, 0, 0, 0, 626, 0]

 ### Operon type: 345

	 A0A011QVT2	[844, 0, 0, 0, 0, 0, 0, 843, 0]

 ### Operon type: 346

	 A0A011RP14	[0, 0, 0, 0, 0, 0, 0, 565, 0]

 ### Operon type: 347

	 A0A011SM49	[813, 0, 565, 0, 0, 0, 212, 0, 0]

 ### Operon type: 348

	 A0A011AM27	[627, 0, 0, 0, 499, 0, 0, 0, 278]

 ### Operon type: 349

	 A0A011T607	[0, 0, 779, 0, 0, 0, 0, 0, 334]

 ### Operon type: 350

	 A0A011TAW2	[0, 0, 0, 0, 0, 0, 427, 0, 0]

 ### Operon type: 351

	 A0A011TED9	[0, 0, 0, 0, 0, 467, 0, 0, 0]

 ### Operon type: 352

	 A0A011TXS5	[0, 186, 0, 0, 0, 0, 0, 0, 0]

 ### Operon type: 353

	 A0A011U144	[0, 224, 0, 0, 0, 0, 641, 603, 0]

 ### Operon type: 354

	 A0A011U1C8	[686, 0, 0, 0, 0, 0, 0, 0, 223]

 ### Operon type: 355

	 A0A011U483	[0, 0, 0, 0, 0, 685, 0, 0, 0]

 ### Operon type: 356

	 A0A011UG86	[0, 689, 0, 0, 0, 262, 0, 0, 0]

 ### Operon type: 357

	 A0A011UQB5	[557, 567, 0, 0, 0, 0, 0, 511, 0]

 ### Operon type: 358

	 A0A011UVI5	[0, 0, 0, 0, 0, 129, 840, 840, 0]

 ### Operon type: 359

	 A0A011UWI3	[0, 0, 0, 0, 238, 0, 361, 687, 0]

 ### Operon type: 360

	 A0A011V5E6	[0, 0, 0, 0, 0, 523, 0, 0, 0]

 ### Operon type: 361

	 A0A011M4H6	[529, 0, 277, 0, 0, 0, 0, 0, 0]

 ### Operon type: 362

	 A0A011VSV3	[0, 0, 0, 0, 0, 0, 822, 0, 0]

 ### Operon type: 363

	 A0A011VWI0	[0, 0, 0, 0, 0, 545, 0, 0, 0]

 ### Operon type: 364

	 A0A011VZ91	[578, 0, 0, 0, 0, 0, 0, 0, 0]

 ### Operon type: 365

	 A0A011WP76	[0, 0, 0, 0, 0, 0, 0, 0, 848]

 ### Operon type: 366

	 A0A011WSD4	[0, 0, 0, -1, 0, 710, 0, 0, 554]

 ### Operon type: 367

	 A0A011WT35	[554, 0, 0, 0, 0, 0, 0, 0, 0]

 ### Operon type: 368

	 A0A013S843	[0, 413, 0, 0, 0, 0, -1, 312, 0]

 ### Operon type: 369

	 A0A013T5E6	[0, 0, 0, 447, 0, 0, 0, 0, 0]

 ### Operon type: 370

	 A0A009T185	[841, 0, 734, 734, 157, 840, 734, 274, 652]

 ### Operon type: 371

	 A0A010IN36	[275, 813, 0, 0, 157, 840, 734, 274, 652]

 ### Operon type: 372

	 A0A009PG43	[840, 734, 373, 843, 0, 274, 652, 0, 0]

 ### Operon type: 373

	 A0A009INE0	[275, 0, 0, 0, 0, 0, 0, 734, 274]

 ### Operon type: 374

	 A0A009T9H0	[0, 2, 688, -1, 0, 0, 108, 0, 109]

 ### Operon type: 375

	 A0A010THH5	[0, 574, 168, 129, 0, 0, 555, 0, 496]

 ### Operon type: 376

	 A0A011WSH8	[0, 0, 0, 770, 522, 0, 0, 0, 0]
	 A0A011VZE3	[0, 0, 0, 770, 522, 0, 0, 0, 0]

 ### Operon type: 377

	 A0A011NAF3	[0, 0, 0, 0, 0, 0, 770, 0, 745]

 ### Operon type: 378

	 A0A009IQ93	[264, 0, 770, 0, 0, 263, 0, 0, 0]

 ### Operon type: 379

	 A0A009Q8S9	[0, 0, 688, 419, 0, 153, 0, 0, 0]

 ### Operon type: 380

	 A0A009TLU4	[0, 186, -1, 36, 0, 22, 0, -1, -1]

 ### Operon type: 381

	 A0A009ZB47	[170, 298, 0, 0, 0, 710, 494, 0, 0]

 ### Operon type: 382

	 A0A009ZVR4	[563, 0, 819, 0, 0, 309, 0, 0, 308]

 ### Operon type: 383

	 A0A010JIN9	[494, 0, 0, 75, 265, 0, 0, 0, 0]

 ### Operon type: 384

	 A0A010S003	[753, 0, 0, 0, 0, 689, 689, 536, 0]

 ### Operon type: 385

	 A0A010SMN8	[0, -1, 256, 0, 591, 0, 0, 757, 0]

 ### Operon type: 386

	 A0A010SXS1	[0, 373, 0, 0, 0, 583, 0, 0, 843]

 ### Operon type: 387

	 A0A010T689	[278, -1, 555, 538, 0, 0, 0, 0, 0]

 ### Operon type: 388

	 A0A010TBB4	[0, 608, 0, 262, 0, 0, 0, 0, 686]

 ### Operon type: 389

	 A0A010YFK3	[0, 724, 0, 0, 0, 0, 473, 0, 223]

 ### Operon type: 390

	 A0A010YVY1	[19, 0, 19, 0, 0, 0, 0, 536, 0]

 ### Operon type: 391

	 A0A010ZSZ2	[0, 507, 0, 602, 506, 0, 0, 0, 0]

 ### Operon type: 392

	 A0A010Z0Y7	[0, 0, 0, 0, 506, 533, 0, 0, 0]

 ### Operon type: 393

	 A0A011A0M8	[0, 0, 702, 0, 24, 0, 0, 4, 4]

 ### Operon type: 394

	 A0A011NFL4	[0, 693, 0, 0, 692, 703, 0, 691, 0]

 ### Operon type: 395

	 A0A011P407	[0, 0, 762, 790, 0, 0, 686, 0, 685]

 ### Operon type: 396

	 A0A011QGT2	[770, 0, 0, 769, 768, 0, 0, 0, 0]

 ### Operon type: 397

	 A0A011QSA4	[789, 0, 788, 787, 0, 0, 0, 0, 786]

 ### Operon type: 398

	 A0A011T6J6	[0, 728, 0, 819, 0, 0, 362, 0, 310]

 ### Operon type: 399

	 A0A011TAL2	[0, 779, 0, 0, 0, 295, 0, 643, 0]

 ### Operon type: 400

	 A0A011TZG0	[702, 718, 0, 0, 0, 0, 0, 368, 0]

 ### Operon type: 401

	 A0A011UGY3	[525, 524, 523, 29, 0, 0, 0, 29, 0]

 ### Operon type: 402

	 A0A011UII7	[0, 0, 0, 0, 0, 624, 154, 0, 0]

 ### Operon type: 403

	 A0A011UNT9	[153, 193, 0, 0, 0, 0, 0, 0, 0]

 ### Operon type: 404

	 A0A011SIS0	[0, 665, 194, 194, 0, 0, 0, 193, 0]

 ### Operon type: 405

	 A0A011UT49	[0, 507, 0, 0, 0, 0, 373, 166, 0]

 ### Operon type: 406

	 A0A011VU65	[474, 0, 0, 0, 0, 473, 0, 822, 472]

 ### Operon type: 407

	 A0A011VV03	[0, 531, 0, 0, 530, 529, 0, 0, 0]

 ### Operon type: 408

	 A0A011VVZ9	[0, 0, -1, 0, 0, 528, 527, 527, 526]

 ### Operon type: 409

	 A0A011VWX7	[843, 521, 0, 0, 0, 0, 0, 556, 0]

 ### Operon type: 410

	 A0A011VXK7	[558, 558, 0, 514, 0, 0, 0, 730, 0]

 ### Operon type: 411

	 A0A011W0I6	[225, 0, 0, 0, 0, 712, 0, 695, 0]

 ### Operon type: 412

	 A0A010YEF6	[0, 225, 0, 0, 0, 0, 0, 0, 38]

 ### Operon type: 413

	 A0A013SQH1	[0, 0, 0, 0, 434, 698, 0, 505, 571]

 ### Operon type: 414

	 A0A009QJA8	[141, 140, 0, 0, 0, 0, 0, 0, 599]

 ### Operon type: 415

	 A0A009YL68	[0, 0, 686, 405, 402, 0, 0, 169, 0]

 ### Operon type: 416

	 A0A010JNG7	[505, 0, 0, 504, 0, 0, 0, 0, 0]

 ### Operon type: 417

	 A0A010RM40	[453, 770, 791, 0, 0, 0, 0, -1, 674]

 ### Operon type: 418

	 A0A010RRQ6	[0, 277, 0, 0, 0, 591, 613, 234, 0]

 ### Operon type: 419

	 A0A010S423	[362, 0, 0, 0, 0, 0, 0, 361, 562]

 ### Operon type: 420

	 A0A010T0I7	[0, 0, 38, 0, 0, 817, 788, 770, 0]

 ### Operon type: 421

	 A0A010ZUR7	[531, 16, 0, 16, 0, 15, 536, 0, 0]

 ### Operon type: 422

	 A0A011NA78	[0, 587, 0, 0, 0, 801, 0, 0, 674]

 ### Operon type: 423

	 A0A011P8W7	[763, 762, 843, 0, 761, 0, 0, 0, 0]

 ### Operon type: 424

	 A0A011PG97	[757, 0, 0, 756, 0, 0, 0, 0, 0]

 ### Operon type: 425

	 A0A011PKT4	[0, 698, 0, 0, 0, 0, 697, 0, 0]

 ### Operon type: 426

	 A0A011PLB2	[0, 763, 0, 704, 0, 0, 0, 0, 0]

 ### Operon type: 427

	 A0A011R339	[0, 0, 0, 0, 0, 0, 111, 110, 0]

 ### Operon type: 428

	 A0A011SFE5	[0, 0, 0, 558, 0, 0, 693, 790, 557]

 ### Operon type: 429

	 A0A011SJT5	[0, 0, 0, 526, 192, 192, 192, 192, 192]

 ### Operon type: 430

	 A0A011TDQ5	[0, 0, 0, 0, 333, 714, 0, 0, 0]

 ### Operon type: 431

	 A0A011VT01	[0, 0, 476, 0, 0, 476, 0, 0, 475]

 ### Operon type: 432

	 A0A009Z3V9	[770, 0, 0, 0, 0, 253, 700, 254, 255]

 ### Operon type: 433

	 A0A010SRB2	[22, 21, 0, 0, 0, 21, 258, 0, 0]

 ### Operon type: 434

	 A0A010KA25	[494, 0, 555, 330, 276, 0, 0, 494, 417]

 ### Operon type: 435

	 A0A011TZN1	[160, 159, 158, 0, 97, 0, 0, 0, 0]

 ### Operon type: 436

	 A0A011VJ76	[167, 167, 166, 691, 0, 770, 702, 0, 762]

 ### Operon type: 437

	 A0A011UG17	[240, 0, 226, 0, 550, 474, 0, 0, 0]

 ### Operon type: 438

	 A0A011WUA8	[662, 0, 0, 294, 0, 0, 0, 293, 293]

 ### Operon type: 439

	 A0A010S4X6	[0, 533, 791, 689, 395, 0, 644, 711, 694]

 ### Operon type: 440

	 A0A010YY02	[0, 18, 0, 0, 18, 794, 606, 0, 17]
