
 ### Operon type: 1

	 A0A010ILU3	[565, 564, 563, 562, 561, 560, 559, 558, 557]
	 A0A009QS71	[565, 564, 563, 562, 561, 560, 559, 558, 557]
	 A0A009QBR9	[565, 564, 563, 562, 561, 560, 558, 557, 236]
	 A0A009MW50	[565, 564, 563, 562, 561, 560, 559, 558, 557]
	 A0A009H3B0	[565, 564, 563, 562, 561, 560, 559, 558, 557]
	 A0A009I8S2	[565, 564, 563, 562, 561, 560, 558, 557, 236]
	 A0A009TM70	[565, 564, 563, 562, 561, 560, 558, 557, 236]

 ### Operon type: 2

	 A0A013TH43	[471, 470, 858, 469, 468, 467, 466, 465, 502]
	 A0A009RAF0	[471, 470, 858, 469, 468, 467, 466, 465, 502]

 ### Operon type: 3

	 A0A011PVT3	[767, 669, 668, 667, 673, 666, 665, 664, 663]
	 A0A011R7V7	[767, 669, 668, 667, 673, 666, 665, 664, 663]
	 A0A011MET3	[767, 669, 668, 667, 673, 666, 665, 664, 663]

 ### Operon type: 4

	 A0A013RZW2	[528, 321, 557, 320, 319, 432, 392, 318, 317]
	 A0A013SNJ8	[528, 321, 557, 320, 319, 432, 392, 318, 317]
	 A0A009IV03	[528, 321, 557, 320, 319, 432, 392, 318, 317]
	 A0A009PH20	[528, 321, 557, 320, 319, 432, 392, 318, 317]
	 A0A009MMM3	[528, 321, 557, 320, 319, 432, 392, 318, 317]
	 A0A010J9U3	[528, 321, 557, 320, 319, 432, 392, 318, 317]
	 A0A009HBT3	[528, 321, 557, 320, 319, 432, 392, 318, 317]
	 A0A009SIZ4	[528, 321, 557, 320, 319, 432, 392, 318, 317]
	 A0A009RD69	[528, 321, 557, 320, 319, 432, 392, 318, 317]
	 A0A009YIZ0	[528, 321, 557, 320, 319, 432, 392, 318, 317]

 ### Operon type: 5

	 A0A009PH57	[202, 201, -1, 200, 199, 589, 198, 512, 197]
	 A0A009TG92	[202, 201, -1, 200, 199, 589, 198, 512, 197]

 ### Operon type: 6

	 A0A013SXT2	[377, 328, 327, 326, 432, 325, 324, 323, 322]
	 A0A013S288	[377, 328, 327, 326, 432, 325, 324, 323, 322]
	 A0A009I0I9	[377, 328, 327, 326, 432, 325, 324, 323, 322]
	 A0A009N031	[377, 328, 327, 326, 432, 325, 324, 323, 322]
	 A0A010J3I1	[377, 328, 327, 326, 432, 325, 324, 323, 322]
	 A0A009PWG1	[377, 328, 327, 326, 432, 325, 324, 323, 322]
	 A0A009R2X0	[377, 328, 327, 326, 432, 325, 324, 323, 322]
	 A0A009SFX8	[377, 328, 327, 326, 46, 432, 325, 324, 323]
	 A0A009TBM2	[328, 327, 326, 46, 432, 325, 324, 323, 322]

 ### Operon type: 7

	 A0A010IMP8	[553, 743, 552, 551, 550, 549, 548, 547, 546]
	 A0A013T8M5	[553, 743, 552, 551, 550, 549, 548, 547, 546]
	 A0A013SZ54	[553, 743, 552, 551, 550, 549, 548, 547, 546]
	 A0A009IRJ6	[553, 743, 552, 551, 550, 549, 548, 547, 546]
	 A0A009N123	[553, 743, 552, 551, 550, 549, 548, 547, 546]
	 A0A009Q3K7	[553, 743, 552, 551, 550, 549, 548, 547, 546]
	 A0A009H7U0	[553, 743, 552, 551, 550, 549, 548, 547, 546]
	 A0A009SWU0	[553, 743, 552, 551, 550, 549, 548, 547, 546]
	 A0A009RBQ2	[553, 743, 552, 551, 550, 549, 548, 547, 546]
	 A0A009ZM43	[-1, 743, 552, 551, 550, 549, 548, 547, 546]

 ### Operon type: 8

	 A0A009RG92	[-1, 413, 675, 412, 411, 681, 410, 409, 408]
	 A0A013RMD0	[-1, 413, 675, 412, 411, 681, 410, 409, 408]
	 A0A009QDV7	[-1, 413, 675, 412, 411, 681, 410, 409, 408]
	 A0A009N9Z1	[-1, 413, 675, 412, 411, 681, 410, 409, 408]
	 A0A010JDA6	[-1, 413, 675, 412, 411, 681, 410, 409, 408]
	 A0A009H6M2	[-1, 413, 675, 412, 411, 681, 410, 409, 408]
	 A0A009S854	[-1, 413, 675, 412, 411, 681, 410, 409, 408]
	 A0A009IHQ3	[-1, 413, 675, 412, 411, 681, 410, 409, 408]
	 A0A009ZIC0	[97, 413, 675, 412, 411, 681, 410, 409, 408]

 ### Operon type: 9

	 A0A011UIA1	[357, 356, 355, 354, 353, 352, 351, 350, 0]
	 A0A011V5V3	[0, 357, 356, 355, 354, 353, 352, 351, 350]

 ### Operon type: 10

	 A0A011PTE7	[610, 609, 608, 607, 606, 0, 605, 604, 603]
	 A0A011NE72	[610, 609, 608, 607, 606, 605, 604, 603, 0]

 ### Operon type: 11

	 A0A010JWJ1	[406, 405, 678, 404, 403, 402, 401, 400, 399]
	 A0A009I4A1	[406, 405, 678, 404, 403, 402, 401, 400, 399]

 ### Operon type: 12

	 A0A009QF22	[139, 138, 406, 0, 403, 402, 401, 400, 399]
	 A0A009TBY8	[139, 138, 406, 404, 403, 402, 401, 400, 399]

 ### Operon type: 13

	 A0A011NEY3	[446, 736, 735, 734, 734, 733, 732, 731, 0]

 ### Operon type: 14

	 A0A011PAN4	[736, 735, 0, 734, 734, 733, 732, 731, 730]

 ### Operon type: 15

	 A0A011RCD5	[446, 736, 735, 734, 734, 733, 732, 731, 730]

 ### Operon type: 16

	 A0A011P4U7	[0, 757, 756, 755, 754, 753, 752, 751, 750]
	 A0A011NAY5	[757, 756, 755, 754, 753, 752, 751, 750, 0]

 ### Operon type: 17

	 A0A011PF67	[727, 726, 725, 724, 723, 0, 0, 0, 0]
	 A0A011NBX7	[727, 726, 725, 724, 723, 621, 0, 0, 0]
	 A0A011NW66	[727, 726, 725, 724, 723, 621, 0, 0, 0]

 ### Operon type: 18

	 A0A011NS68	[727, 726, 725, 724, 723, 691, 690, 698, 762]
	 A0A011RHX4	[727, 726, 725, 724, 723, 691, 690, 698, 0]

 ### Operon type: 19

	 A0A010YT39	[0, 696, 33, 674, 32, 31, 30, 29, 431]

 ### Operon type: 20

	 A0A010Z7T4	[33, 674, 32, 31, 30, 29, 431, 671, 614]

 ### Operon type: 21

	 A0A010K6G6	[394, 393, 392, 391, 390, 389, 388, 0, 387]
	 A0A013SP43	[394, 393, 392, 391, 390, 389, 388, 293, 387]
	 A0A009RUN3	[394, 393, 392, 391, 390, 389, 388, 293, 387]

 ### Operon type: 22

	 A0A011VWR4	[0, 0, 0, 0, 287, 286, 285, 284, 283]

 ### Operon type: 23

	 A0A011VYP6	[287, 286, 285, 284, 283, 0, 282, 667, 0]

 ### Operon type: 24

	 A0A011QAS2	[0, 781, 780, 779, 778, 777, 776, 775, 774]
	 A0A011NEQ1	[0, 781, 780, 779, 778, 777, 776, 775, 774]

 ### Operon type: 25

	 A0A010JSI3	[689, 688, 687, 686, 685, 684, 683, 682, 0]
	 A0A009RGL2	[689, 688, 687, 686, 685, 684, 683, 682, 407]
	 A0A013T0M4	[689, 688, 687, 686, 685, 684, 683, 682, 0]
	 A0A009HDS5	[689, 688, 687, 686, 685, 684, 683, 682, 407]

 ### Operon type: 26

	 A0A009SNL0	[82, 81, 433, 118, 117, 116, 115, 114, 113]

 ### Operon type: 27

	 A0A009T1I8	[433, 118, 117, 116, 115, 114, 113, 0, 0]

 ### Operon type: 28

	 A0A011VW71	[0, 161, 160, 159, 158, 157, 156, 848, 155]
	 A0A011VUV0	[161, 160, 159, 158, 157, 156, 848, 155, 0]

 ### Operon type: 29

	 A0A011UG71	[150, 273, 149, 154, 153, 274, 152, 272, 151]

 ### Operon type: 30

	 A0A011V8Z7	[0, 0, 150, 273, 149, 154, 153, 274, 152]

 ### Operon type: 31

	 A0A011V8Y9	[154, 153, 274, 152, 272, 151, 0, 0, 0]

 ### Operon type: 32

	 A0A011U8C0	[0, 274, 273, 0, 509, 272, 0, 0, 0]

 ### Operon type: 33

	 A0A011QSF0	[0, 824, 823, 822, 821, 820, 819, 818, 0]
	 A0A011QBB5	[721, 824, 823, 822, 821, 820, 819, 818, 593]
	 A0A011Q0X6	[721, 824, 823, 822, 821, 820, 819, 818, 593]
	 A0A011Q1X8	[824, 0, 823, 822, 821, 820, 819, 818, 593]

 ### Operon type: 34

	 A0A011PG87	[721, 824, 823, 822, 821, 820, 819, 0, 0]

 ### Operon type: 35

	 A0A011PCT1	[814, 813, 869, 0, 0, 0, 0, 865, 0]

 ### Operon type: 36

	 A0A011QU35	[0, 0, 0, 0, 871, 0, 814, 813, 869]

 ### Operon type: 37

	 A0A011Q2B1	[815, 749, 871, 870, 869, 868, 867, 866, 865]

 ### Operon type: 38

	 A0A011RLN8	[872, 873, 871, 870, 869, 868, 867, 866, 865]

 ### Operon type: 39

	 A0A011P700	[0, 0, 817, 816, 815, 749, 871, 870, 869]

 ### Operon type: 40

	 A0A011QSI4	[0, 0, 817, 816, 815, 0, 872, 873, 871]

 ### Operon type: 41

	 A0A013T337	[625, 679, 492, 491, 490, 796, 489, 799, 488]
	 A0A013TH30	[625, 679, 492, 491, 490, 796, 489, 799, 488]
	 A0A013S981	[398, 625, 679, 492, 491, 490, 796, 489, 799]

 ### Operon type: 42

	 A0A010JY00	[398, 625, 679, 492, 397, 796, 489, 799, 488]

 ### Operon type: 43

	 A0A013TPV4	[300, 299, 298, 297, 296, 295, 842, 678, 294]
	 A0A009MGJ1	[300, 299, 298, 297, 296, 295, 842, 678, 294]
	 A0A009QQ47	[300, 299, 298, 297, 296, 295, 842, 678, 294]
	 A0A010IZE4	[300, 299, 298, 297, 296, 295, 842, 678, 294]
	 A0A009SZB5	[300, 299, 298, 297, 296, 295, 842, 678, 294]
	 A0A009HL81	[300, 299, 298, 297, 296, 295, 842, 678, 294]
	 A0A009HR98	[300, 299, 298, 297, 296, 295, 842, 678, 294]

 ### Operon type: 44

	 A0A009Z8F7	[299, 298, 295, 0, 296, 5, 5, 0, 47]

 ### Operon type: 45

	 A0A009HFU9	[101, 100, 99, 98, 97, 581, 96, 95, 0]
	 A0A009R016	[101, 100, 99, 98, 97, -1, 581, 96, 95]

 ### Operon type: 46

	 A0A011UJN3	[0, 543, 0, 0, 500, 499, 498, 497, 496]

 ### Operon type: 47

	 A0A011W213	[500, 499, 498, 497, 496, 599, 0, 0, 0]

 ### Operon type: 48

	 A0A011QUG8	[812, 811, 810, 809, 808, 807, 0, 806, 805]
	 A0A011QIT1	[812, 811, 810, 809, 808, 807, 806, 805, 795]

 ### Operon type: 49

	 A0A011PP01	[617, 616, 615, 704, 705, 706, 707, 708, 709]
	 A0A011NVE7	[617, 616, 615, 704, 705, 706, 707, 708, 709]

 ### Operon type: 50

	 A0A011P2I4	[783, 711, 710, 709, 708, 707, 706, 705, 704]
	 A0A011N9N8	[783, 711, 710, 709, 708, 707, 706, 705, 704]

 ### Operon type: 51

	 A0A011PIY7	[702, 0, 710, 709, 708, 707, 706, 0, 704]

 ### Operon type: 52

	 A0A011Q3J4	[0, 702, 710, 709, 708, 707, 706, 705, 0]

 ### Operon type: 53

	 A0A011MH88	[703, 702, 710, 709, 708, 707, 706, 705, 704]

 ### Operon type: 54

	 A0A013SPM5	[486, 485, 484, 483, 482, 481, 480, 479, 478]
	 A0A010IX62	[486, 485, 484, 483, 482, 481, 480, 479, 478]
	 A0A009QFZ7	[486, 485, 484, 483, 482, 481, 480, 479, 478]
	 A0A009MH71	[486, 485, 484, 483, 482, 481, 480, 479, 478]
	 A0A009HSL1	[486, 485, 484, 483, 482, 481, 480, 479, 478]
	 A0A009I6Z0	[486, 485, 484, 483, 482, 481, 480, 479, 478]
	 A0A009TK03	[486, 485, 484, 483, 482, 481, 480, 479, 478]

 ### Operon type: 55

	 A0A009ZIX8	[0, 6, 484, 483, 482, 25, 0, 478, 0]

 ### Operon type: 56

	 A0A010JJN4	[579, 578, 577, 576, 575, 574, 573, 745, 626]
	 A0A013TPR7	[579, 578, 577, 576, 575, 574, 573, 745, 626]
	 A0A009PMT3	[579, 578, 577, 576, 575, 574, 573, 745, 626]
	 A0A009NI48	[579, 578, 577, 576, 575, 574, 573, 745, -1]
	 A0A009SEP4	[579, 578, 577, 576, 575, 0, 574, 573, 0]
	 A0A009RMI1	[579, 578, 577, 576, 575, 574, 573, 745, 0]
	 A0A009HJJ5	[579, 578, 577, 576, 575, 574, 573, 745, 73]
	 A0A009I8I7	[579, 578, 577, 576, 575, 574, 573, 745, 73]
	 A0A009YG45	[0, 579, 578, 577, 575, 0, 574, 573, 745]

 ### Operon type: 57

	 A0A013S8F0	[314, 385, 313, 312, 311, 678, 694, 316, 627]
	 A0A013TPQ9	[314, 385, 313, 312, 311, 678, 694, 316, 627]
	 A0A010IZH1	[-1, 385, 313, 312, 311, 678, 694, 316, 627]
	 A0A009PMU2	[314, 385, 313, -1, 311, 678, 694, 316, 627]
	 A0A009SZ84	[314, 385, 313, 312, 311, 678, 694, 316, 627]
	 A0A009HJM0	[314, 385, 313, 312, 311, 678, 694, 316, 627]

 ### Operon type: 58

	 A0A009HUS9	[385, 313, 0, 312, 311, 261, -1, 262, 263]

 ### Operon type: 59

	 A0A009ISE1	[574, 573, 745, 263, 262, -1, 261, 311, 312]

 ### Operon type: 60

	 A0A009NPS1	[314, 385, 313, 312, 311, -1, 745, 573, 574]

 ### Operon type: 61

	 A0A013SB36	[307, 306, 305, 304, 303, 584, 583, 302, 301]
	 A0A009QSI3	[307, 306, 305, 304, 303, 584, 583, 302, -1]

 ### Operon type: 62

	 A0A010ITP2	[307, 306, 305, 304, 303, 584, 583, 0, 0]

 ### Operon type: 63

	 A0A009SII9	[-1, 306, 305, 304, 303, 584, 583, 121, 120]

 ### Operon type: 64

	 A0A009T0Q9	[303, 584, 583, 121, 120, 301, 703, 678, 119]

 ### Operon type: 65

	 A0A009YJF4	[0, 584, 583, 85, 84, 703, 678, 0, 119]

 ### Operon type: 66

	 A0A009GP96	[0, 94, 678, 671, 386, 93, 581, 92, 91]

 ### Operon type: 67

	 A0A009GSR4	[671, 386, 93, 581, 92, 91, 91, 90, 0]

 ### Operon type: 68

	 A0A009IIT6	[94, 678, 671, 386, 92, 91, 91, 90, 0]

 ### Operon type: 69

	 A0A011SQL0	[761, 511, -1, 510, 509, 508, 507, 506, 505]
	 A0A011UZ49	[511, -1, 510, 509, 508, 507, 506, 505, 0]

 ### Operon type: 70

	 A0A009PT82	[711, 594, 181, 180, 266, 265, 264, 179, 178]
	 A0A009SIF9	[711, 594, 181, 180, 266, 265, 264, 179, 178]

 ### Operon type: 71

	 A0A009IS10	[267, 0, 0, 0, 266, 265, 264, 0, 0]

 ### Operon type: 72

	 A0A009QHW5	[0, 0, 0, 565, 266, 265, 264, 0, 137]

 ### Operon type: 73

	 A0A011UVB4	[0, 0, 0, 126, 0, 0, 267, 0, 155]

 ### Operon type: 74

	 A0A011V107	[363, -1, 372, 370, 373, 369, 362, 361, 0]
	 A0A011U7M7	[0, 363, -1, 372, 370, 373, 369, 362, 361]

 ### Operon type: 75

	 A0A011TLH0	[374, 373, 372, 371, 370, 369, 0, 0, 0]

 ### Operon type: 76

	 A0A011UG87	[462, 463, 464, 374, 373, 372, 371, 370, 369]

 ### Operon type: 77

	 A0A011TLH7	[464, 463, 462, 0, 0, 0, 0, 0, 0]

 ### Operon type: 78

	 A0A011TWN2	[461, 460, 459, 458, 457, 456, 455, 0, 0]
	 A0A011TAF9	[0, 0, 461, 460, 459, 458, 457, 456, 455]

 ### Operon type: 79

	 A0A011Q5V7	[790, 0, 0, 0, 864, 863, 862, 861, 860]

 ### Operon type: 80

	 A0A011RM25	[864, 863, 862, 861, 860, 859, 0, 858, 0]

 ### Operon type: 81

	 A0A011QIE8	[660, 659, 658, 694, 657, 656, 655, 0, 0]
	 A0A011QDV3	[660, 659, 658, 694, 657, 656, 594, 0, 655]

 ### Operon type: 82

	 A0A011QAB0	[787, 786, 785, 0, 784, 783, 847, 782, 0]
	 A0A011PL71	[633, 787, 786, 785, 784, 783, 847, 782, 0]

 ### Operon type: 83

	 A0A011Q6N5	[833, 832, 831, 0, 0, 0, 789, 788, 789]

 ### Operon type: 84

	 A0A011SGD5	[0, 0, 0, 0, 0, 0, 833, 832, 831]

 ### Operon type: 85

	 A0A011NYU6	[591, 590, 0, 589, 613, 27, 26, 0, 588]

 ### Operon type: 86

	 A0A011PYI6	[591, 590, 0, 589, 613, 588, 677, 835, 0]

 ### Operon type: 87

	 A0A011P1C0	[0, 0, 27, 26, 588, 0, 0, 0, 0]

 ### Operon type: 88

	 A0A011PKU5	[639, 638, 637, 636, 637, 635, 634, 0, 0]
	 A0A011N4G4	[0, 0, 639, 638, 637, 636, 637, 635, 634]

 ### Operon type: 89

	 A0A010ZWJ8	[21, 20, 19, 614, 18, 742, 449, 742, 17]

 ### Operon type: 90

	 A0A011AHW1	[18, 614, 19, 20, 21, 0, 0, 22, 0]

 ### Operon type: 91

	 A0A011AHU9	[449, 742, 17, 0, 0, 0, 0, 9, 703]

 ### Operon type: 92

	 A0A010ZX98	[16, 15, 14, 13, 12, 11, 694, 694, 0]

 ### Operon type: 93

	 A0A011AIL7	[12, 13, 14, 15, 16, 0, 0, 0, 0]

 ### Operon type: 94

	 A0A010YF95	[791, 38, 806, 37, 36, 36, 35, 501, 34]

 ### Operon type: 95

	 A0A010ZJQ6	[38, 806, 37, 36, 36, 35, 501, 34, 0]

 ### Operon type: 96

	 A0A009GXL8	[88, 87, 86, 85, 84, 404, 131, 136, 135]

 ### Operon type: 97

	 A0A010JIW7	[88, 87, 86, 85, 84, 0, 0, 131, 136]

 ### Operon type: 98

	 A0A011QNA5	[0, 652, 651, 650, 0, 649, 648, 647, 646]
	 A0A009ZLJ7	[646, 647, 648, 649, 0, 0, 652, 651, 650]

 ### Operon type: 99

	 A0A013T0T6	[649, 648, 647, 646, 556, 555, 494, 554, 493]
	 A0A009ISY0	[649, 648, 647, 646, 556, 260, 494, 554, 493]
	 A0A009QMH5	[649, 648, 647, 646, 556, 555, 494, 554, 493]
	 A0A009PE10	[649, 648, 647, 646, 556, 260, 494, 554, -1]
	 A0A009HAX1	[649, 648, 647, 646, 556, 555, 494, 554, 493]
	 A0A009RMD0	[649, 648, 647, 646, 556, 260, 494, 554, 493]

 ### Operon type: 100

	 A0A010ILW6	[649, 648, 647, 646, 556, 555, 0, 0, 554]

 ### Operon type: 101

	 A0A009Z9X7	[648, 647, 646, 0, 556, 0, 803, 0, 554]

 ### Operon type: 102

	 A0A013S8V2	[310, 309, 0, 0, 0, 308, 0, 0, 0]
	 A0A009R8E1	[0, 57, 0, 310, 309, 0, 0, 308, 0]

 ### Operon type: 103

	 A0A009ICH6	[528, 171, 170, 169, 397, 64, 63, 62, 799]
	 A0A009ZFR5	[528, 171, 170, 169, 397, 64, 63, 62, 799]

 ### Operon type: 104

	 A0A009NQA1	[528, 171, 170, 169, 168, 167, 492, 799, 796]
	 A0A009RR21	[528, 171, 170, 169, 168, 167, 492, 799, 796]

 ### Operon type: 105

	 A0A009HTN9	[528, 171, 170, 169, 168, 167, 77, 768, 76]
	 A0A009T3J5	[528, 171, 170, 169, 168, 167, 77, 768, 76]

 ### Operon type: 106

	 A0A009Q0U9	[528, 171, 170, 169, 168, 167, -1, -1, 0]

 ### Operon type: 107

	 A0A009QEG7	[235, 234, 233, 232, 231, 230, 229, 228, 227]
	 A0A009IPC3	[235, 234, 233, 232, 231, 230, 229, 228, 227]

 ### Operon type: 108

	 A0A009I573	[125, 0, 223, 224, 0, 225, 231, 232, 233]

 ### Operon type: 109

	 A0A009ILP9	[228, 0, 233, 232, 231, 225, 227, 224, 223]

 ### Operon type: 110

	 A0A009I953	[228, 0, 233, 232, 231, 225, 227, 0, -1]

 ### Operon type: 111

	 A0A009SX74	[719, 762, 0, 224, 227, 228, 234, 235, 83]

 ### Operon type: 112

	 A0A010IPH1	[542, 541, 624, 540, 539, 538, 537, 536, 535]
	 A0A009MMG9	[542, 541, 624, 540, 539, 538, 537, 536, 535]
	 A0A009ICP5	[542, 541, 624, 540, 539, 538, 537, 536, 535]
	 A0A009QVK8	[542, 541, 624, 540, 539, 538, 537, 536, 535]

 ### Operon type: 113

	 A0A009SIV4	[130, 129, 128, 127, 539, 538, 537, 536, 535]
	 A0A009HTW0	[130, 129, 128, 127, 539, 538, 537, 536, 535]
	 A0A009QLL2	[130, 129, 128, 127, 539, 538, 537, 536, 535]
	 A0A013TSJ4	[129, 128, 0, 127, 539, 538, 537, 536, 535]

 ### Operon type: 114

	 A0A013TCN9	[562, 477, 476, 475, 474, 473, 472, 678, 694]
	 A0A009QNC9	[562, 477, 476, 475, 474, 473, 472, 678, 694]
	 A0A010ITG1	[562, 477, 476, 475, 474, 473, 472, 678, 694]
	 A0A009NIJ3	[562, 477, 476, 475, 474, 473, 472, 678, 694]
	 A0A013TRC1	[562, 477, 476, 475, 474, 473, 472, 678, 694]

 ### Operon type: 115

	 A0A009H935	[0, 0, 476, 475, 474, 473, 472, 678, 694]

 ### Operon type: 116

	 A0A009IMX3	[534, 533, 532, 531, 530, 220, 220, 835, 219]
	 A0A009QEX0	[534, 533, 532, 531, 530, 220, 220, 835, 219]
	 A0A009SF48	[534, 533, 532, 531, 530, -1, 220, 835, 219]

 ### Operon type: 117

	 A0A010ISX2	[534, 533, 532, 531, 530, 529, 528, 527, 526]
	 A0A009RES7	[534, 533, 532, 531, 530, 529, 528, 527, 526]
	 A0A013S7V1	[534, 533, 532, 531, 530, 529, 528, 527, 526]
	 A0A009MR00	[534, 533, 532, 531, 530, 529, 528, 527, 526]

 ### Operon type: 118

	 A0A009YTT3	[3, 97, 532, 531, 530, 529, 528, 527, 526]

 ### Operon type: 119

	 A0A009GYP9	[0, 0, 0, 531, 530, 529, 528, 527, 526]

 ### Operon type: 120

	 A0A009ZZC8	[-1, 81, 82, 3, 97, 532, 531, 530, 529]

 ### Operon type: 121

	 A0A011WSE5	[341, 340, 339, 338, 337, 336, 335, 334, 428]
	 A0A011UGX8	[163, 341, 340, 339, 338, 337, 336, 335, 334]

 ### Operon type: 122

	 A0A011VZG0	[427, 0, 163, 341, 340, 339, 338, 337, 336]

 ### Operon type: 123

	 A0A009PJF7	[196, 195, 195, 194, 193, 192, 191, 190, 189]
	 A0A009SJZ7	[126, 196, 195, 194, 193, 192, 191, 190, 189]

 ### Operon type: 124

	 A0A009Z5G0	[192, 194, 195, 0, 514, 196, 126, 292]

 ### Operon type: 125

	 A0A010JJC1	[829, 572, 571, 570, 569, 568, 567, 580, 566]
	 A0A010IZ41	[572, 571, 570, 569, 568, 567, 580, 566, 392]

 ### Operon type: 126

	 A0A009QJL6	[829, 572, 571, 570, 0, 566, 392, 134, 0]

 ### Operon type: 127

	 A0A010KAV2	[384, 383, 382, 381, 380, 711, 541, 759, 379]
	 A0A013SGL3	[384, 383, 382, 381, 380, 711, 541, 759, 379]
	 A0A013TB41	[384, -1, 382, 381, 380, 711, 541, 759, 379]
	 A0A009PG53	[384, 383, 382, 381, 380, 711, 541, 759, 379]
	 A0A009NE81	[384, 383, 382, 381, 380, 711, 541, 759, 379]
	 A0A009RQH3	[384, 383, 382, 381, 380, 711, 541, 759, 379]
	 A0A009I5Z6	[384, 383, 382, 381, 380, 711, 541, 759, 379]
	 A0A009SHB3	[384, 383, 382, 381, 380, 711, 541, 759, 379]

 ### Operon type: 128

	 A0A009H3X4	[384, 383, 382, 381, 380, 711, -1, 700, -1]

 ### Operon type: 129

	 A0A009PIB4	[0, 0, 0, 177, 176, 175, 581, 678, 783]
	 A0A009SLR5	[0, 0, 0, 177, 176, 175, 581, 678, 783]

 ### Operon type: 130

	 A0A009HSU4	[0, 0, 632, 678, 0, 711, 759, 783, 581]

 ### Operon type: 131

	 A0A009I463	[843, 72, 71, 432, 432, 431, 430, 429, 166]
	 A0A009PAG1	[843, 72, 71, 432, 432, 431, 430, 429, 166]

 ### Operon type: 132

	 A0A013SKX6	[0, 0, 843, 0, 432, 432, 431, 430, 429]

 ### Operon type: 133

	 A0A011Q5S3	[795, 794, 0, 0, 0, 0, 793, 792, 791]

 ### Operon type: 134

	 A0A011UZZ4	[0, 793, 792, 0, 0, 0, 368, 368, 791]

 ### Operon type: 135

	 A0A011UTJ0	[0, 0, 0, 109, 108, 107, 752, 106, 105]

 ### Operon type: 136

	 A0A011VMV7	[109, 108, 107, 752, 106, 105, 349, 348, 347]

 ### Operon type: 137

	 A0A011NYT4	[748, 747, 746, 745, 0, 585, 585, 584, 583]

 ### Operon type: 138

	 A0A011P8E9	[0, 0, 748, 747, 0, 746, 745, 0, 0]

 ### Operon type: 139

	 A0A010TF34	[0, -1, 0, 0, 53, 52, 51, 50, 49]
	 A0A010SYH9	[53, 52, 51, 50, 49, 0, 0, 0, 0]

 ### Operon type: 140

	 A0A010S7A1	[145, 144, 143, 142, 0, 141, 0, 0, 0]
	 A0A010TFJ4	[0, -1, 0, 145, 144, 143, 142, -1, 141]

 ### Operon type: 141

	 A0A009PAV9	[217, -1, 624, 216, 432, 581, 215, 214, 213]
	 A0A009HJC2	[217, 694, 624, 216, 432, 581, 215, 214, 213]

 ### Operon type: 142

	 A0A009SE02	[0, 213, 0, 0, 0, 214, 215, 581, 432]

 ### Operon type: 143

	 A0A009SYU8	[759, 528, 737, 525, 203, 678, 678, 523, 522]
	 A0A009HS41	[759, 528, 737, 525, 203, 678, 678, 523, 522]
	 A0A009RSB7	[759, 528, 737, 525, 203, 678, 678, 523, 522]

 ### Operon type: 144

	 A0A010IT25	[759, 528, 737, 525, 524, 678, 678, 523, 522]
	 A0A013SHA9	[759, 528, 737, 525, 524, 678, 678, 523, 522]
	 A0A009I466	[759, 528, 737, 525, 524, 678, 678, 523, 522]

 ### Operon type: 145

	 A0A009NMQ9	[759, 528, 737, 525, 524, 0, 678, 678, 523]

 ### Operon type: 146

	 A0A009P8A9	[0, 0, 737, 525, 203, 678, 678, 523, 522]

 ### Operon type: 147

	 A0A009ITT8	[259, 258, 257, 419, 418, 256, 417, 416, 415]
	 A0A009NJ90	[259, 258, 257, 419, 418, 226, 256, 417, 416]

 ### Operon type: 148

	 A0A009NCH6	[254, 417, 416, 415, 253, 252, 251, 133, 132]
	 A0A009IJ01	[417, 416, 415, 414, 253, 252, 251, 133, 132]

 ### Operon type: 149

	 A0A009RQL5	[417, 416, 415, 75, 253, 252, 251, 133, 0]

 ### Operon type: 150

	 A0A009MGQ8	[418, 0, 254, 417, 416, 415, 253, 252, 251]

 ### Operon type: 151

	 A0A009IJ07	[422, 421, 420, 419, 418, 417, 416, 415, 414]
	 A0A009S6G1	[422, 421, 420, 419, 418, 417, 416, 415, 253]
	 A0A009RHH7	[422, 421, 420, 419, 418, 226, 417, 416, 415]

 ### Operon type: 152

	 A0A009HZK2	[420, 419, 418, 417, 416, 415, 414, 253, 252]

 ### Operon type: 153

	 A0A009R4N4	[419, 418, 226, 417, 416, 415, 75, 253, 252]

 ### Operon type: 154

	 A0A009S5A5	[418, 226, 256, 417, 416, 415, 414, 74, 253]

 ### Operon type: 155

	 A0A009RHH9	[0, 0, 0, 0, 346, 422, 421, 420, 419]

 ### Operon type: 156

	 A0A011PGU1	[0, 0, 718, 717, 716, 715, 714, 713, 712]
	 A0A011MDH1	[586, 0, 718, 717, 716, 715, 714, 713, 712]

 ### Operon type: 157

	 A0A011V0P4	[445, 367, 0, 0, 366, 0, 0, 365, 364]

 ### Operon type: 158

	 A0A011WPV7	[365, 364, 0, 0, 0, 0, 0, 0, 0]

 ### Operon type: 159

	 A0A011UDF3	[717, 270, 0, 0, 0, 454, 269, 268, 828]

 ### Operon type: 160

	 A0A011VSC9	[269, 268, 828, 0, 0, 0, 0, 0, 0]

 ### Operon type: 161

	 A0A011SF89	[840, 839, 838, 0, 0, 0, 0, 0, 0]

 ### Operon type: 162

	 A0A011UCX7	[0, 787, 840, 839, 0, 838, 271, 0, 0]

 ### Operon type: 163

	 A0A011RNP9	[0, 0, 0, 0, 0, 848, 847, 0, 0]

 ### Operon type: 164

	 A0A011V0B5	[843, 0, 0, 0, 0, 0, 848, 0, 0]

 ### Operon type: 165

	 A0A011RQC9	[0, 843, 842, 0, 0, 0, 0, 841, 0]

 ### Operon type: 166

	 A0A011QG28	[645, 644, 717, 0, 716, 715, 743, 643, 744]
	 A0A011RIM8	[645, 644, 0, 0, 716, 715, 743, 643, 744]

 ### Operon type: 167

	 A0A011PHI6	[766, 0, 765, 0, 0, 764, 809, 763, 0]

 ### Operon type: 168

	 A0A011QI68	[0, 0, 765, 764, 0, 0, 0, 0, 0]

 ### Operon type: 169

	 A0A011NVJ6	[597, 772, 771, 770, 769, 768, 0, 0, 596]

 ### Operon type: 170

	 A0A011PVP2	[0, 772, 771, 770, 769, 768, 0, 0, 767]

 ### Operon type: 171

	 A0A011NXY7	[0, 0, 771, 0, 769, 0, 0, 0, 0]

 ### Operon type: 172

	 A0A011QR69	[801, 800, 799, 798, 797, 796, 0, 0, 0]
	 A0A011NUB4	[801, 800, 799, 798, 797, 796, 0, 599, 0]

 ### Operon type: 173

	 A0A011NN36	[800, 799, 0, 0, 797, 796, 0, 0, 0]

 ### Operon type: 174

	 A0A011PK69	[799, 642, 0, 0, 797, 796, 0, 0, 0]

 ### Operon type: 175

	 A0A011RMI6	[857, 856, 855, 854, 853, 852, 851, 850, 849]
	 A0A011NYD6	[857, 856, 855, 854, 853, 852, 851, 850, 849]

 ### Operon type: 176

	 A0A011QB28	[773, 857, 856, 0, 0, 852, 851, 850, 849]

 ### Operon type: 177

	 A0A011NF33	[0, 852, 851, 0, 0, 0, 0, 0, 0]

 ### Operon type: 178

	 A0A011NBY4	[620, 0, 0, 619, 0, 0, 618, 0, 0]

 ### Operon type: 179

	 A0A011WRT0	[620, 0, 0, 0, 0, 0, 0, 835, 0]

 ### Operon type: 180

	 A0A011SHV5	[0, 0, 0, 0, 0, 830, 835, 829, 0]

 ### Operon type: 181

	 A0A011NB95	[0, 804, 0, 0, 0, 0, 624, 623, 622]

 ### Operon type: 182

	 A0A011UHT4	[134, 162, 623, 0, 0, 55, 55, 622, 0]

 ### Operon type: 183

	 A0A010Z1W7	[0, 0, 0, 0, 0, 66, 0, 437, 438]

 ### Operon type: 184

	 A0A011VY84	[0, 0, 438, 437, 0, 0, 0, 0, 0]

 ### Operon type: 185

	 A0A010YW85	[0, 0, 0, 0, 0, 423, 0, 437, 438]

 ### Operon type: 186

	 A0A010ZMA0	[437, 628, 0, 0, 0, 0, 0, 0, 0]

 ### Operon type: 187

	 A0A011N5L2	[0, 0, 0, 628, 0, 627, 626, 0, 0]

 ### Operon type: 188

	 A0A009MJ75	[0, 0, 166, 165, 164, 0, 0, 0, 671]

 ### Operon type: 189

	 A0A010IH51	[0, 535, 0, 0, 164, 0, 671, 0, 0]

 ### Operon type: 190

	 A0A011TYT7	[0, 0, 0, 0, 0, 0, 535, 503, 503]

 ### Operon type: 191

	 A0A010RRR9	[0, 0, 0, 0, 673, 0, 0, 672, 671]

 ### Operon type: 192

	 A0A010SIA7	[0, 0, 672, 142, 0, 0, 0, 0, 0]

 ### Operon type: 193

	 A0A010RFQ9	[0, 0, 681, 0, 680, 0, 0, 0, 0]

 ### Operon type: 194

	 A0A010SPR9	[44, 44, 0, 0, 0, 680, 0, 0, 0]

 ### Operon type: 195

	 A0A009LNU8	[329, 331, 507, 396, 0, 255, 0, 581, 0]

 ### Operon type: 196

	 A0A013SRG6	[395, 396, 507, 331, 0, 330, 0, 329, 693]

 ### Operon type: 197

	 A0A009IQU8	[0, 331, 0, 0, 0, 330, 693, 0, 0]

 ### Operon type: 198

	 A0A010K2K8	[507, 396, 395, 0, 0, 0, 0, -1, 581]

 ### Operon type: 199

	 A0A011NPR8	[0, 693, 0, 0, 0, 0, 692, 0, 0]

 ### Operon type: 200

	 A0A010SEA2	[794, 692, 140, 0, 0, 0, 0, 0, 0]

 ### Operon type: 201

	 A0A010IGH8	[0, 0, 0, 0, 0, 0, 0, 288, 523]

 ### Operon type: 202

	 A0A010STD3	[0, 0, 0, 453, 452, 451, 0, 523, 288]

 ### Operon type: 203

	 A0A010SQJ5	[315, 540, 0, 453, 452, 451, 0, 0, 0]

 ### Operon type: 204

	 A0A013RVV2	[562, 0, 290, 289, 0, 0, 523, 288, 0]

 ### Operon type: 205

	 A0A011TD67	[454, 0, 0, 453, 452, 451, 450, 0, 449]

 ### Operon type: 206

	 A0A009ZC12	[0, 0, 0, 453, 0, 451, 450, 4, 826]

 ### Operon type: 207

	 A0A009YSC7	[0, 0, 618, 1, 0, 1, 290, 289, 0]

 ### Operon type: 208

	 A0A009ZJK4	[0, 0, 0, 0, 0, 0, 528, 41, 0]

 ### Operon type: 209

	 A0A010SVN1	[-1, 41, 678, 245, 375, 0, 0, 528, 0]

 ### Operon type: 210

	 A0A009PFK7	[209, 208, 207, 206, 205, 0, 0, 204, 0]
	 A0A009QGN4	[209, 208, 207, 206, 205, 204, 0, 0, 0]

 ### Operon type: 211

	 A0A009YR20	[0, 204, 0, 0, 0, 0, 208, 0, 0]

 ### Operon type: 212

	 A0A009SCM5	[80, 79, 78, 0, 0, 0, 0, 0, 0]

 ### Operon type: 213

	 A0A009TJ77	[83, 183, 0, 0, 0, 0, 80, 79, 78]

 ### Operon type: 214

	 A0A009HZV2	[0, 0, 0, 0, 250, 249, 226, 0, 0]

 ### Operon type: 215

	 A0A009QPE7	[0, 0, 0, 0, 250, 249, 0, 0, 0]

 ### Operon type: 216

	 A0A009MGR3	[0, 0, 243, 0, 487, 74, 98, 242, 241]

 ### Operon type: 217

	 A0A009Q4G0	[0, 244, 243, 0, 487, 0, 242, 241, 242]

 ### Operon type: 218

	 A0A009PB53	[0, 0, 212, 211, 487, 242, 241, 242, 210]

 ### Operon type: 219

	 A0A009PUJ8	[0, 212, 211, 487, 0, 210, 131, 136, 135]

 ### Operon type: 220

	 A0A009QQC0	[248, 0, 247, 678, 434, 434, 246, 316, 245]
	 A0A009H7I0	[248, 0, 0, 678, 434, 434, 246, 316, 245]

 ### Operon type: 221

	 A0A009MVG4	[247, 0, 435, 678, 434, 434, 246, 316, 245]

 ### Operon type: 222

	 A0A009QA91	[238, 237, 759, 678, 434, 434, 246, 316, 245]
	 A0A010J377	[238, 237, 759, 678, 434, 434, 246, 316, 245]

 ### Operon type: 223

	 A0A009S1X4	[238, 237, 759, 678, 434, 434, 678, 0, 198]

 ### Operon type: 224

	 A0A013SHF4	[0, 0, 435, 678, 434, 434, 0, 433, 0]

 ### Operon type: 225

	 A0A011PJK8	[632, 631, 630, 662, 661, 629, 0, 0, 0]
	 A0A011N3C3	[0, 0, 0, 632, 631, 630, 662, 661, 629]

 ### Operon type: 226

	 A0A011WKI4	[0, 0, 0, 0, 0, 697, 279, 278, 281]
	 A0A011UWH1	[697, 279, 278, 281, 0, 0, 0, 0, 0]

 ### Operon type: 227

	 A0A010YKP2	[0, 0, 0, 0, 0, 0, 596, 360, 0]

 ### Operon type: 228

	 A0A011V1A2	[367, 0, 0, 360, 0, 0, 0, 0, 0]

 ### Operon type: 229

	 A0A011NGS0	[0, 0, 0, 0, 695, 739, 0, 0, 0]

 ### Operon type: 230

	 A0A011PW61	[0, 0, 0, 0, 695, 739, 0, 0, 592]

 ### Operon type: 231

	 A0A011UXI1	[0, 640, 0, 0, 695, 739, 448, 0, 0]

 ### Operon type: 232

	 A0A011SWI9	[-1, -1, 0, 766, 695, 739, 448, -1, -1]

 ### Operon type: 233

	 A0A011P952	[739, 0, 738, 0, 0, 738, 0, 0, 0]

 ### Operon type: 234

	 A0A011Q1B3	[587, 763, 601, 600, 601, 767, 586, 0, 0]
	 A0A011QVV5	[0, 0, 587, 763, 601, 600, 601, 767, 586]

 ### Operon type: 235

	 A0A011NSG8	[0, 0, 0, 763, 601, 600, 0, 601, 0]

 ### Operon type: 236

	 A0A011P0X4	[0, 0, 586, 0, 601, 0, 0, 600, 57]

 ### Operon type: 237

	 A0A010YNY9	[0, 0, 67, 28, 0, 0, 0, 0, 58]

 ### Operon type: 238

	 A0A011AC71	[198, 0, 0, 378, 0, 67, 28, 0, 759]

 ### Operon type: 239

	 A0A011QLX0	[0, 654, 0, 0, 653, 0, 856, 855, 0]
	 A0A011PRW6	[654, 0, 0, 0, 653, 856, 855, 0, 0]

 ### Operon type: 240

	 A0A010SML6	[0, 856, 855, -1, 0, 762, 0, 0, 0]

 ### Operon type: 241

	 A0A010RS09	[0, 0, 0, 0, 50, 0, 700, 700, 0]

 ### Operon type: 242

	 A0A010RTE7	[0, 0, 0, 0, 0, 0, 50, 183, 0]

 ### Operon type: 243

	 A0A009P817	[240, 0, 0, 0, 174, 0, 425, 173, 172]

 ### Operon type: 244

	 A0A009TIY0	[0, 0, 0, 0, 174, 0, 425, 173, 0]

 ### Operon type: 245

	 A0A009QKA3	[425, 173, 0, 172, 0, 0, 0, 0, 209]

 ### Operon type: 246

	 A0A009HSR2	[0, 124, 123, 0, 122, 185, 186, 226, 187]

 ### Operon type: 247

	 A0A009SWM1	[0, 124, 123, 0, 122, 0, 0, 186, 0]

 ### Operon type: 248

	 A0A009MYX0	[188, 187, 0, 632, 0, 0, 186, 185, 184]

 ### Operon type: 249

	 A0A009QK79	[0, 0, 184, 185, 0, 186, 0, 0, 187]

 ### Operon type: 250

	 A0A009GXJ1	[359, 358, 185, 186, 89, 226, 187, 188, 0]

 ### Operon type: 251

	 A0A010IT95	[0, 0, 0, 581, 521, 520, 519, 518, 517]
	 A0A013TKW8	[0, 728, 0, 581, 521, 520, 519, 518, 517]
	 A0A009QT77	[0, 0, -1, 581, 521, 520, 519, 518, 517]
	 A0A009PRQ9	[0, 581, 182, 0, 521, 520, 519, 518, 517]
	 A0A009MH36	[0, 0, 0, 581, 521, 520, 519, 518, 517]
	 A0A009GWD0	[226, 0, 0, 581, 521, 520, 519, 518, 517]
	 A0A009S0T6	[0, 0, 581, 182, 521, 520, 519, 518, 517]
	 A0A009I5G9	[0, 0, 581, 182, 521, 520, 519, 518, 517]

 ### Operon type: 252

	 A0A013TMJ7	[694, -1, 0, 581, 521, 518, 517, 0, 0]

 ### Operon type: 253

	 A0A011VXC2	[-1, 444, 0, 611, 443, 442, 441, 440, 439]
	 A0A011V392	[444, 0, 611, 443, 442, 441, 0, 440, 439]

 ### Operon type: 254

	 A0A011V490	[427, 426, 0, 439, 440, 441, 442, 443, 611]

 ### Operon type: 255

	 A0A011VZF5	[0, 0, 443, 442, 441, 787, 426, 787, 0]

 ### Operon type: 256

	 A0A011WLE7	[0, 0, 0, 0, 0, 277, 0, 0, 0]
	 A0A011VU44	[0, 0, 0, 0, 0, 277, 0, 0, 0]

 ### Operon type: 257

	 A0A011VAP2	[0, 0, 147, 0, 0, 0, 0, 0, 344]

 ### Operon type: 258

	 A0A011VRJ8	[0, 0, 0, 0, 0, 0, 147, 0, 0]

 ### Operon type: 259

	 A0A011RNU1	[0, 0, 0, 0, 0, 0, 846, 846, 845]

 ### Operon type: 260

	 A0A011VKJ9	[0, 0, 0, 0, 0, 0, 845, 846, -1]

 ### Operon type: 261

	 A0A011PQZ7	[0, 0, 0, 614, 613, 0, 612, 0, 0]

 ### Operon type: 262

	 A0A011TUX4	[0, 0, 0, 0, 613, 0, 0, 612, 0]

 ### Operon type: 263

	 A0A011STZ9	[0, 0, 0, 612, 0, 0, 0, 0, 0]

 ### Operon type: 264

	 A0A011PUJ9	[0, 0, 0, 0, 0, 0, 0, 0, 670]
	 A0A011PRF5	[670, 0, 0, 0, 0, 0, 0, 0, 0]

 ### Operon type: 265

	 A0A011PFY8	[0, 0, 0, 0, 0, 0, 0, 0, 722]

 ### Operon type: 266

	 A0A011PNS3	[802, 722, 0, 0, 0, 0, 0, 0, 0]

 ### Operon type: 267

	 A0A011T648	[0, 722, 0, 0, 0, 0, 0, 799, 0]

 ### Operon type: 268

	 A0A010YYJ5	[0, 0, 0, 787, 0, 0, 0, 48, 48]

 ### Operon type: 269

	 A0A011NDM5	[787, 0, 0, 0, 0, 0, 0, 0, 0]

 ### Operon type: 270

	 A0A011MSR2	[0, 0, 0, 582, 0, 0, 0, 787, 787]

 ### Operon type: 271

	 A0A011WSU6	[0, 787, 0, 0, 440, 0, 0, 0, 0]

 ### Operon type: 272

	 A0A011U3C2	[0, 0, 743, 0, 0, 0, 0, 0, 0]
	 A0A011AEN3	[0, 0, 0, 0, 0, 0, 743, 0, 0]

 ### Operon type: 273

	 A0A011AAZ2	[0, 59, 0, 0, 0, 743, 743, 743, 0]

 ### Operon type: 274

	 A0A011T698	[0, 0, 0, 0, 0, 759, 743, 0, 0]

 ### Operon type: 275

	 A0A010YRE8	[0, 0, 0, 0, 0, 0, 0, 11, 0]

 ### Operon type: 276

	 A0A011AF05	[0, 0, 198, 11, 0, 0, 0, 0, 0]

 ### Operon type: 277

	 A0A009ZG48	[0, 0, 0, 728, 0, 0, 0, 0, 0]

 ### Operon type: 278

	 A0A011PEJ8	[0, 0, 729, 728, 0, 0, 0, 0, 0]

 ### Operon type: 279

	 A0A011QNJ7	[699, 0, 0, 728, 0, 0, 0, 699, 0]

 ### Operon type: 280

	 A0A011MMJ4	[0, 0, 0, 0, 0, 0, 0, 699, 0]

 ### Operon type: 281

	 A0A011R8M3	[0, 0, 729, 728, 0, 447, 0, 699, 0]

 ### Operon type: 282

	 A0A009ZC82	[0, 0, 761, 0, 0, 0, 0, 0, 0]

 ### Operon type: 283

	 A0A011P3F6	[762, 0, 0, 761, 0, 0, 0, 0, 0]

 ### Operon type: 284

	 A0A009IG48	[0, 0, 0, 222, 221, 0, 0, 0, 762]

 ### Operon type: 285

	 A0A009IMQ0	[0, 0, 0, 222, 221, 0, 0, 0, 0]

 ### Operon type: 286

	 A0A009SWV1	[0, 0, 0, 0, 0, 0, 0, 222, 0]

 ### Operon type: 287

	 A0A009Q512	[0, 0, 0, 0, 239, 0, 0, 0, 0]
	 A0A009PMZ9	[239, 0, 0, 0, 0, 0, 0, 0, 0]

 ### Operon type: 288

	 A0A009IFL2	[0, 61, 0, 60, -1, 0, 0, 0]

 ### Operon type: 289

	 A0A009ZDS1	[-1, -1, 0, 61, 0, 0, 572, 0, 0]

 ### Operon type: 290

	 A0A010SNM6	[69, 68, -1, 0, 0, 0, 694, 0, 0]

 ### Operon type: 291

	 A0A010T5D8	[68, 69, 0, -1, 0, -1, 392, 0, 0]

 ### Operon type: 292

	 A0A011UB51	[436, 0, 0, 0, 0, 0, 0, 0, 0]
	 A0A011UFH1	[0, 0, 0, 0, 0, 436, 0, 0, 0]

 ### Operon type: 293

	 A0A011V965	[0, -1, -1, 0, 148, 0, -1, -1, 0]
	 A0A011VHP2	[0, -1, -1, -1, 148, 0, 0, 0, 0]

 ### Operon type: 294

	 A0A010RVD0	[-1, 0, 0, -1, 0, 818, 818, 0, 45]

 ### Operon type: 295

	 A0A010T7Q5	[0, 45, 0, 0, 0, 0, -1, 0, 0]

 ### Operon type: 296

	 A0A010SJH7	[0, 0, 694, -1, 0, 0, 246, 0, 0]

 ### Operon type: 297

	 A0A010SRR2	[0, 0, -1, 0, 0, 0, 0, 0, 694]

 ### Operon type: 298

	 A0A010RKP8	[0, 0, 0, 0, 0, 0, -1, 0, 0]
	 A0A009HJU6	[0, 0, 0, 0, 0, 0, 0, 0, -1]
	 A0A010TF14	[-1, 0, 0, 0, 0, 0, 0, 0, 0]
	 A0A010RY47	[-1, 0, -1, 0, 0, 0, 0, 0, 0]
	 A0A011UZ32	[0, 0, 0, 0, 0, -1, 0, 0, 0]

 ### Operon type: 299

	 A0A010SJF9	[0, 0, 0, 0, 0, -1, 0, 70, -1]

 ### Operon type: 300

	 A0A011ML54	[0, 0, 0, 701, 0, 0, 0, 0, -1]

 ### Operon type: 301

	 A0A011NHY1	[0, 0, 0, 0, 0, 694, 0, 0, 0]

 ### Operon type: 302

	 A0A010Z171	[0, 0, 0, 0, 0, 0, 694, 0, 632]

 ### Operon type: 303

	 A0A011T697	[694, 0, 0, 0, 0, 0, 0, 0, 425]

 ### Operon type: 304

	 A0A011TDD1	[0, 376, 694, 0, 0, 0, 0, 0, 0]

 ### Operon type: 305

	 A0A011VW24	[0, 0, 859, 0, 0, 0, 0, 0, -1]

 ### Operon type: 306

	 A0A011T8V3	[0, 0, 859, 0, 0, 0, 0, 0, 0]

 ### Operon type: 307

	 A0A010TH98	[592, 0, 0, 859, 0, 0, 0, 0, 0]

 ### Operon type: 308

	 A0A011QVR3	[0, 0, 0, 0, 0, 0, 0, 804, 859]

 ### Operon type: 309

	 A0A011VYF1	[859, 0, 0, 0, 0, 0, 436, 0, 0]

 ### Operon type: 310

	 A0A010S415	[-1, 859, 0, 245, 0, 0, 0, 0, 560]

 ### Operon type: 311

	 A0A011QSN2	[0, 0, 0, 0, 0, 0, 0, 0, 0]
	 A0A011P9Z5	[0, 0, 0, 0, 0, 0, 0, 0, 0]
	 A0A011PBM9	[0, 0, 0, 0, 0, 0, 0, 0, 0]
	 A0A011NMI8	[0, 0, 0, 0, 0, 0, 0, 0, 0]
	 A0A011QMJ8	[0, 0, 0, 0, 0, 0, 0, 0, 0]
	 A0A011PNN2	[0, 0, 0, 0, 0, 0, 0, 0, 0]
	 A0A011NAJ1	[0, 0, 0, 0, 0, 0, 0, 0, 0]
	 A0A011NTU3	[0, 0, 0, 0, 0, 0, 0, 0, 0]
	 A0A011Q056	[0, 0, 0, 0, 0, 0, 0, 0, 0]
	 A0A011N2Z0	[0, 0, 0, 0, 0, 0, 0, 0, 0]
	 A0A013TEV4	[0, 0, 0, 0, 0, 0, 0, 0, 0]
	 A0A011VYF6	[0, 0, 0, 0, 0, 0, 0, 0, 0]
	 A0A011UHL2	[0, 0, 0, 0, 0, 0, 0, 0, 0]
	 A0A013S2B9	[0, 0, 0, 0, 0, 0, 0, 0, 0]
	 A0A013SBR8	[0, 0, 0, 0, 0, 0, 0, 0, 0]
	 A0A013SL47	[0, 0, 0, 0, 0, 0, 0, 0, 0]
	 A0A011WUT3	[0, 0, 0, 0, 0, 0, 0, 0, 0]
	 A0A011UBN9	[0, 0, 0, 0, 0, 0, 0, 0, 0]
	 A0A009M4K0	[0, 0, 0, 0, 0, 0, 0, 0, 0]
	 A0A009PDV4	[0, 0, 0, 0, 0, 0, 0, 0, 0]
	 A0A010SHY1	[0, 0, 0, 0, 0, 0, 0, 0, 0]
	 A0A009MH90	[0, 0, 0, 0, 0, 0, 0, 0, 0]
	 A0A011VNE2	[0, 0, 0, 0, 0, 0, 0, 0, 0]
	 A0A009HIL8	[0, 0, 0, 0, 0, 0, 0, 0, 0]
	 A0A011UFM5	[0, 0, 0, 0, 0, 0, 0, 0, 0]
	 A0A010SPJ7	[0, 0, 0, 0, 0, 0, 0, 0, 0]
	 A0A010SSQ8	[0, 0, 0, 0, 0, 0, 0, 0, 0]
	 A0A010T025	[0, 0, 0, 0, 0, 0, 0, 0, 0]
	 A0A010YJA7	[0, 0, 0, 0, 0, 0, 0, 0, 0]
	 A0A010ZTI3	[0, 0, 0, 0, 0, 0, 0, 0, 0]
	 A0A011A146	[0, 0, 0, 0, 0, 0, 0, 0, 0]
	 A0A010YZS8	[0, 0, 0, 0, 0, 0, 0, 0, 0]
	 A0A010Z120	[0, 0, 0, 0, 0, 0, 0, 0, 0]

 ### Operon type: 312

	 A0A010TG27	[697, 0, 54, 0, 0, 0, 678, 0, 0]

 ### Operon type: 313

	 A0A011PMK1	[0, 0, 0, 0, 0, 0, 0, 697, 0]

 ### Operon type: 314

	 A0A009HM15	[0, 251, 133, 0, 0, 0, -1, 0, 0]

 ### Operon type: 315

	 A0A009HRU1	[0, 185, 0, 0, 0, 0, 0, 0, 0]

 ### Operon type: 316

	 A0A009HSN8	[0, 244, 0, 0, 0, -1, 0, 210, -1]

 ### Operon type: 317

	 A0A009HV82	[131, 0, 0, 0, 0, 0, 0, 0, 0]

 ### Operon type: 318

	 A0A009IG74	[0, 0, 165, 0, 432, -1, 0, 0, 0]

 ### Operon type: 319

	 A0A009IJ90	[0, 83, 0, 0, 0, 0, 0, 0, 0]

 ### Operon type: 320

	 A0A009NM94	[0, 837, 837, 0, 0, 0, 376, 0, 0]

 ### Operon type: 321

	 A0A009Q4N5	[0, 0, 240, 0, 0, 0, 0, 0, 0]

 ### Operon type: 322

	 A0A009SSZ9	[0, 125, 0, 0, 0, 0, 0, 0, 0]

 ### Operon type: 323

	 A0A009YIH1	[0, 0, 0, 0, 253, 0, -1, -1, 2]

 ### Operon type: 324

	 A0A009YR05	[0, 0, 0, 0, 108, 0, 0, 0, 0]

 ### Operon type: 325

	 A0A009Z004	[112, 0, 112, 0, 0, 632, 0, 0, 0]

 ### Operon type: 326

	 A0A010RUQ5	[0, 0, 0, 0, 0, 0, 0, 0, 276]

 ### Operon type: 327

	 A0A010S195	[761, 0, 66, 65, 0, 0, 0, 0, 0]

 ### Operon type: 328

	 A0A010SCZ2	[0, 0, 0, 0, 0, 0, 0, 343, 0]

 ### Operon type: 329

	 A0A010SN41	[0, 0, 0, 0, 332, 0, 0, 0, 0]

 ### Operon type: 330

	 A0A010SSU2	[0, 0, 0, 0, 89, 0, -1, 740, 0]

 ### Operon type: 331

	 A0A010SUP6	[0, 0, 0, 0, 0, 0, 0, 65, 0]

 ### Operon type: 332

	 A0A010SUY9	[0, 0, 0, 0, 0, 447, 729, 0]

 ### Operon type: 333

	 A0A010THK2	[0, 0, -1, 0, 0, 700, 632, 0, 0]

 ### Operon type: 334

	 A0A010SRL4	[54, 0, 0, -1, 0, 0, 0, 632, 218]

 ### Operon type: 335

	 A0A010YX61	[382, 743, 0, 859, 0, 0, 0, 0, 0]

 ### Operon type: 336

	 A0A010S5W8	[0, 0, 582, 767, 0, 0, 0, 0, 0]

 ### Operon type: 337

	 A0A011NE37	[552, 0, 0, 0, 0, 0, 0, 0, 0]

 ### Operon type: 338

	 A0A011NF78	[0, 0, 825, 0, 0, 0, 0, 0, 0]

 ### Operon type: 339

	 A0A011NVE2	[0, 0, 0, 799, 0, 0, 694, 0, 598]

 ### Operon type: 340

	 A0A011NXJ4	[0, 0, 0, 0, 0, 0, 0, 0, 595]

 ### Operon type: 341

	 A0A011P8I1	[0, 0, 744, 743, 0, 0, 0, 0, 742]

 ### Operon type: 342

	 A0A011P9Q7	[737, 0, 0, 0, 0, 0, 0, 0, 0]

 ### Operon type: 343

	 A0A011PJ75	[0, 799, 602, 799, 0, 0, 0, 0, 0]

 ### Operon type: 344

	 A0A011PRB4	[0, 0, 0, 0, 0, 0, 0, 611, 0]

 ### Operon type: 345

	 A0A011QVT2	[803, 0, 0, 0, 0, 0, 0, 802, 0]

 ### Operon type: 346

	 A0A011RP14	[0, 0, 0, 0, 0, 0, 0, 844, 0]

 ### Operon type: 347

	 A0A011SM49	[694, 0, 844, 0, 0, 0, 512, 0, 0]

 ### Operon type: 348

	 A0A011AM27	[612, 0, 0, 0, 575, 0, 0, 0, 39]

 ### Operon type: 349

	 A0A011T607	[0, 0, 767, 0, 0, 0, 0, 0, 376]

 ### Operon type: 350

	 A0A011TAW2	[0, 0, 0, 0, 0, 0, 377, 0, 0]

 ### Operon type: 351

	 A0A011TED9	[0, 0, 0, 0, 0, 460, 0, 0, 0]

 ### Operon type: 352

	 A0A011TXS5	[0, 504, 0, 0, 0, 0, 0, 0, 0]

 ### Operon type: 353

	 A0A011U144	[0, 276, 0, 0, 0, 0, 595, 482, 0]

 ### Operon type: 354

	 A0A011U1C8	[759, 0, 0, 0, 0, 0, 0, 0, 275]

 ### Operon type: 355

	 A0A011U483	[0, 0, 0, 0, 0, 758, 0, 0, 0]

 ### Operon type: 356

	 A0A011UG86	[0, 763, 0, 0, 0, 70, 0, 0, 0]

 ### Operon type: 357

	 A0A011UQB5	[834, 619, 0, 0, 0, 0, 0, 436, 0]

 ### Operon type: 358

	 A0A011UVI5	[0, 0, 0, 0, 0, 58, 799, 799, 0]

 ### Operon type: 359

	 A0A011UWI3	[0, 0, 0, 0, 176, 0, 146, 761, 0]

 ### Operon type: 360

	 A0A011V5E6	[0, 0, 0, 0, 0, 428, 0, 0, 0]

 ### Operon type: 361

	 A0A011M4H6	[344, 0, 676, 0, 0, 0, 0, 0, 0]

 ### Operon type: 362

	 A0A011VSV3	[0, 0, 0, 0, 0, 0, 717, 0, 0]

 ### Operon type: 363

	 A0A011VWI0	[0, 0, 0, 0, 0, 162, 0, 0, 0]

 ### Operon type: 364

	 A0A011VZ91	[281, 0, 0, 0, 0, 0, 0, 0, 0]

 ### Operon type: 365

	 A0A011WP76	[0, 0, 0, 0, 0, 0, 0, 0, 806]

 ### Operon type: 366

	 A0A011WSD4	[0, 0, 0, -1, 0, 787, 0, 0, 426]

 ### Operon type: 367

	 A0A011WT35	[426, 0, 0, 0, 0, 0, 0, 0, 0]

 ### Operon type: 368

	 A0A013S843	[0, 316, 0, 0, 0, 0, -1, 315, 0]

 ### Operon type: 369

	 A0A013T5E6	[0, 0, 0, 487, 0, 0, 0, 0, 0]

 ### Operon type: 370

	 A0A009T185	[800, 0, 602, 602, 544, 799, 602, 543, 768]

 ### Operon type: 371

	 A0A010IN36	[545, 694, 0, 0, 544, 799, 602, 543, 768]

 ### Operon type: 372

	 A0A009PG43	[799, 602, 469, 802, 0, 543, 768, 0, 0]

 ### Operon type: 373

	 A0A009INE0	[545, 0, 0, 0, 0, 0, 0, 602, 543]

 ### Operon type: 374

	 A0A009T9H0	[0, 2, 762, -1, 0, 0, 186, 0, 185]

 ### Operon type: 375

	 A0A010THH5	[0, 140, 61, 58, 0, 0, 829, 0, 572]

 ### Operon type: 376

	 A0A011WSH8	[0, 0, 0, 678, 333, 0, 0, 0, 0]
	 A0A011VZE3	[0, 0, 0, 678, 333, 0, 0, 0, 0]

 ### Operon type: 377

	 A0A011NAF3	[0, 0, 0, 0, 0, 0, 678, 0, 706]

 ### Operon type: 378

	 A0A009IQ93	[271, 0, 678, 0, 0, 218, 0, 0, 0]

 ### Operon type: 379

	 A0A009Q8S9	[0, 0, 762, 322, 0, 495, 0, 0, 0]

 ### Operon type: 380

	 A0A009TLU4	[0, 504, -1, 255, 0, 43, 0, -1, -1]

 ### Operon type: 381

	 A0A009ZB47	[137, 178, 0, 0, 0, 787, 570, 0, 0]

 ### Operon type: 382

	 A0A009ZVR4	[842, 0, 743, 0, 0, 48, 0, 0, 47]

 ### Operon type: 383

	 A0A010JIN9	[570, 0, 0, 183, 227, 0, 0, 0, 0]

 ### Operon type: 384

	 A0A010S003	[713, 0, 0, 0, 0, 763, 763, 540, 0]

 ### Operon type: 385

	 A0A010SMN8	[0, -1, 67, 0, 680, 0, 0, 720, 0]

 ### Operon type: 386

	 A0A010SXS1	[0, 469, 0, 0, 0, 498, 0, 0, 802]

 ### Operon type: 387

	 A0A010T689	[39, -1, 829, 848, 0, 0, 0, 0, 0]

 ### Operon type: 388

	 A0A010TBB4	[0, 409, 0, 70, 0, 0, 0, 0, 759]

 ### Operon type: 389

	 A0A010YFK3	[0, 861, 0, 0, 0, 0, 102, 0, 275]

 ### Operon type: 390

	 A0A010YVY1	[8, 0, 8, 0, 0, 0, 0, 540, 0]

 ### Operon type: 391

	 A0A010ZSZ2	[0, 59, 0, 25, 24, 0, 0, 0, 0]

 ### Operon type: 392

	 A0A010Z0Y7	[0, 0, 0, 0, 24, 245, 0, 0, 0]

 ### Operon type: 393

	 A0A011A0M8	[0, 0, 632, 0, 60, 0, 0, 10, 10]

 ### Operon type: 394

	 A0A011NFL4	[0, 836, 0, 0, 698, 697, 0, 696, 0]

 ### Operon type: 395

	 A0A011P407	[0, 0, 760, 835, 0, 0, 759, 0, 758]

 ### Operon type: 396

	 A0A011QGT2	[678, 0, 0, 662, 661, 0, 0, 0, 0]

 ### Operon type: 397

	 A0A011QSA4	[828, 0, 827, 826, 0, 0, 0, 0, 825]

 ### Operon type: 398

	 A0A011T6J6	[0, 790, 0, 743, 0, 0, 424, 0, 423]

 ### Operon type: 399

	 A0A011TAL2	[0, 767, 0, 0, 0, 378, 0, 596, 0]

 ### Operon type: 400

	 A0A011TZG0	[632, 788, 0, 0, 0, 0, 0, 502, 0]

 ### Operon type: 401

	 A0A011UGY3	[335, 334, 428, 56, 0, 0, 0, 56, 0]

 ### Operon type: 402

	 A0A011UII7	[0, 0, 0, 0, 0, 598, 501, 0, 0]

 ### Operon type: 403

	 A0A011UNT9	[495, 515, 0, 0, 0, 0, 0, 0, 0]

 ### Operon type: 404

	 A0A011SIS0	[0, 776, 516, 516, 0, 0, 0, 515, 0]

 ### Operon type: 405

	 A0A011UT49	[0, 59, 0, 0, 0, 0, 469, 110, 0]

 ### Operon type: 406

	 A0A011VU65	[103, 0, 0, 0, 0, 102, 0, 717, 270]

 ### Operon type: 407

	 A0A011VV03	[0, 345, 0, 0, 366, 344, 0, 0, 0]

 ### Operon type: 408

	 A0A011VVZ9	[0, 0, -1, 0, 0, 343, 342, 342, 514]

 ### Operon type: 409

	 A0A011VWX7	[802, 445, 0, 0, 0, 0, 0, 830, 0]

 ### Operon type: 410

	 A0A011VXK7	[837, 837, 0, 549, 0, 0, 0, 792, 0]

 ### Operon type: 411

	 A0A011W0I6	[280, 0, 0, 0, 0, 634, 0, 701, 0]

 ### Operon type: 412

	 A0A010YEF6	[0, 280, 0, 0, 0, 0, 0, 0, 40]

 ### Operon type: 413

	 A0A013SQH1	[0, 0, 0, 0, 332, 641, 0, 581, 624]

 ### Operon type: 414

	 A0A009QJA8	[136, 135, 0, 0, 0, 0, 0, 0, 689]

 ### Operon type: 415

	 A0A009YL68	[0, 0, 759, 384, 380, 0, 0, 4, 0]

 ### Operon type: 416

	 A0A010JNG7	[581, 0, 0, 580, 0, 0, 0, 0, 0]

 ### Operon type: 417

	 A0A010RM40	[679, 678, 677, 0, 0, 0, 0, -1, 748]

 ### Operon type: 418

	 A0A010RRQ6	[0, 676, 0, 0, 0, 680, 675, 674, 0]

 ### Operon type: 419

	 A0A010S423	[424, 0, 0, 0, 0, 0, 0, 146, 841]

 ### Operon type: 420

	 A0A010T0I7	[0, 0, 40, 0, 0, 744, 827, 678, 0]

 ### Operon type: 421

	 A0A010ZUR7	[345, 23, 0, 23, 0, 22, 540, 0, 0]

 ### Operon type: 422

	 A0A011NA78	[0, 625, 0, 0, 0, 818, 0, 0, 748]

 ### Operon type: 423

	 A0A011P8W7	[741, 760, 802, 0, 740, 0, 0, 0, 0]

 ### Operon type: 424

	 A0A011PG97	[720, 0, 0, 719, 0, 0, 0, 0, 0]

 ### Operon type: 425

	 A0A011PKT4	[0, 641, 0, 0, 0, 0, 640, 0, 0]

 ### Operon type: 426

	 A0A011PLB2	[0, 741, 0, 642, 0, 0, 0, 0, 0]

 ### Operon type: 427

	 A0A011R339	[0, 0, 0, 0, 0, 0, 359, 358, 0]

 ### Operon type: 428

	 A0A011SFE5	[0, 0, 0, 837, 0, 0, 836, 835, 834]

 ### Operon type: 429

	 A0A011SJT5	[0, 0, 0, 514, 513, 513, 513, 513, 513]

 ### Operon type: 430

	 A0A011TDQ5	[0, 0, 0, 0, 375, 636, 0, 0, 0]

 ### Operon type: 431

	 A0A011VT01	[0, 0, 104, 0, 0, 104, 0, 0, 192]

 ### Operon type: 432

	 A0A009Z3V9	[678, 0, 0, 0, 0, 128, 630, 129, 130]

 ### Operon type: 433

	 A0A010SRB2	[43, 42, 0, 0, 0, 42, 69, 0, 0]

 ### Operon type: 434

	 A0A010KA25	[570, 0, 829, 525, 386, 0, 0, 570, 385]

 ### Operon type: 435

	 A0A011TZN1	[349, 348, 347, 0, 346, 0, 0, 0, 0]

 ### Operon type: 436

	 A0A011VJ76	[111, 111, 110, 696, 0, 678, 632, 0, 760]

 ### Operon type: 437

	 A0A011UG17	[189, 0, 282, 0, 340, 103, 0, 0, 0]

 ### Operon type: 438

	 A0A011WUA8	[773, 0, 0, 292, 0, 0, 0, 291, 291]

 ### Operon type: 439

	 A0A010S4X6	[0, 245, 677, 763, 390, 0, 597, 633, 700]

 ### Operon type: 440

	 A0A010YY02	[0, 7, 0, 0, 7, 589, 6, 0, 9]
