
 ### Operon type: 1

	 A0A011PVT3	[668, 667, 666, 665, 664, 663, 662, 661, 660]
	 A0A011R7V7	[668, 667, 666, 665, 664, 663, 662, 661, 660]
	 A0A011MET3	[668, 667, 666, 665, 664, 663, 662, 661, 660]

 ### Operon type: 2

	 A0A011V5V3	[0, 338, 337, 336, 335, 334, 333, 332, 331]
	 A0A011UIA1	[338, 337, 336, 335, 334, 333, 332, 331, 0]

 ### Operon type: 3

	 A0A011PTE7	[209, 208, 207, 206, 205, 0, 204, 203, 202]
	 A0A011NE72	[209, 208, 207, 206, 205, 204, 203, 202, 0]

 ### Operon type: 4

	 A0A011NEY3	[100, 718, 717, 716, 716, 715, 714, 713, 0]

 ### Operon type: 5

	 A0A011PAN4	[718, 717, 0, 716, 716, 715, 714, 713, 712]

 ### Operon type: 6

	 A0A011RCD5	[100, 718, 717, 716, 716, 715, 714, 713, 712]

 ### Operon type: 7

	 A0A010JSI3	[627, 626, 625, 624, 623, 622, 621, 620, 0]
	 A0A013T0M4	[627, 626, 625, 624, 623, 622, 621, 620, 0]
	 A0A009HDS5	[627, 626, 625, 624, 623, 622, 621, 620, 0]
	 A0A009RGL2	[0, 626, 625, 624, 623, 622, 621, 620, 0]

 ### Operon type: 8

	 A0A011PF67	[708, 707, 706, 705, 704, 0, 0, 0, 0]
	 A0A011NBX7	[708, 707, 706, 705, 704, 120, 0, 0, 0]
	 A0A011NW66	[708, 707, 706, 705, 704, 120, 0, 0, 0]

 ### Operon type: 9

	 A0A011RHX4	[708, 707, 706, 705, 704, 99, 98, 167, 0]
	 A0A011NS68	[708, 707, 706, 705, 704, 99, 98, 167, 305]

 ### Operon type: 10

	 A0A010JY00	[358, 538, 537, 536, 357, 684, 533, 687, 555]

 ### Operon type: 11

	 A0A013TH30	[538, 537, 536, 535, 534, 684, 533, 687, 555]

 ### Operon type: 12

	 A0A011QAS2	[0, 157, 156, 155, 154, 153, 152, 151, 150]
	 A0A011NEQ1	[0, 157, 156, 155, 154, 153, 152, 151, 150]

 ### Operon type: 13

	 A0A011QSF0	[0, 679, 678, 677, 676, 675, 674, 673, 0]
	 A0A011QBB5	[590, 679, 678, 677, 676, 675, 674, 673, 589]
	 A0A011Q0X6	[590, 679, 678, 677, 676, 675, 674, 673, 589]
	 A0A011Q1X8	[679, 0, 678, 677, 676, 675, 674, 673, 589]

 ### Operon type: 14

	 A0A011PG87	[590, 679, 678, 677, 676, 675, 674, 0, 0]

 ### Operon type: 15

	 A0A013SP43	[497, 496, 495, 494, 493, 492, 491, 490, 489]
	 A0A010K6G6	[497, 496, 495, 494, 493, 492, 491, 0, 489]
	 A0A009RUN3	[497, 496, 495, 494, 493, 492, 491, 490, 489]

 ### Operon type: 16

	 A0A009SZB5	[0, 0, 384, 177, 382, 0, 0, 0, 176]
	 A0A009HR98	[0, 0, 384, 177, 382, 0, 0, 0, 176]

 ### Operon type: 17

	 A0A009Z8F7	[385, 384, 383, 0, 382, 381, 381, 0, 0]

 ### Operon type: 18

	 A0A011QUG8	[701, 700, 699, 698, 697, 696, 0, 695, 694]
	 A0A011QIT1	[701, 700, 699, 698, 697, 696, 695, 694, 647]

 ### Operon type: 19

	 A0A011PL71	[233, 617, 232, 231, 230, 571, 270, 229, 0]
	 A0A011QAB0	[617, 232, 231, 0, 230, 571, 270, 229, 0]

 ### Operon type: 20

	 A0A011PIY7	[201, 0, 569, 218, 219, 220, 221, 0, 223]

 ### Operon type: 21

	 A0A011Q3J4	[0, 201, 569, 218, 219, 220, 221, 222, 0]

 ### Operon type: 22

	 A0A011MH88	[173, 201, 569, 218, 219, 220, 221, 222, 223]

 ### Operon type: 23

	 A0A009QBR9	[0, 0, 474, 545, 473, 0, 0, 469, 189]
	 A0A009TM70	[0, 475, 474, 545, 473, 0, 0, 469, 189]

 ### Operon type: 24

	 A0A010ILU3	[476, 475, 474, 0, 473, 472, 471, 470, 469]
	 A0A009MW50	[0, 475, 474, 545, 473, 472, 0, 470, 469]
	 A0A009QS71	[476, 475, 474, 545, 473, 472, 0, 470, 469]
	 A0A009H3B0	[0, 475, 474, 0, 473, 472, 471, 470, 469]

 ### Operon type: 25

	 A0A009I8S2	[0, 0, 474, 545, 473, 472, 470, 469, 189]

 ### Operon type: 26

	 A0A009ZFR5	[488, 344, 343, 342, 357, 253, 252, 251, 687]
	 A0A009ICH6	[488, 344, 343, 342, 357, 253, 252, 251, 687]

 ### Operon type: 27

	 A0A009GP96	[0, 238, 659, 433, 356, 237, 613, 236, 235]

 ### Operon type: 28

	 A0A009GSR4	[433, 356, 237, 613, 236, 235, 235, 234, 0]

 ### Operon type: 29

	 A0A009IIT6	[238, 659, 433, 356, 236, 235, 235, 234, 0]

 ### Operon type: 30

	 A0A009IS10	[132, 0, 0, 0, 131, 130, 129, 0, 0]

 ### Operon type: 31

	 A0A009QHW5	[0, 0, 0, 476, 131, 130, 129, 0, 380]

 ### Operon type: 32

	 A0A011UVB4	[0, 0, 0, 314, 0, 0, 132, 0, 59]

 ### Operon type: 33

	 A0A011TLH7	[108, 107, 106, 0, 0, 0, 0, 0, 0]
	 A0A011UG87	[106, 107, 108, 0, 0, 0, 0, 0, 0]

 ### Operon type: 34

	 A0A011QIE8	[654, 653, 652, 651, 650, 649, 648, 0, 0]
	 A0A011QDV3	[654, 653, 652, 651, 650, 649, 591, 0, 648]

 ### Operon type: 35

	 A0A011NYU6	[585, 584, 0, 583, 582, 28, 27, 0, 581]

 ### Operon type: 36

	 A0A011PYI6	[585, 584, 0, 583, 582, 581, 580, 579, 0]

 ### Operon type: 37

	 A0A011P1C0	[0, 0, 28, 27, 581, 0, 0, 0, 0]

 ### Operon type: 38

	 A0A011PP01	[226, 225, 224, 0, 0, 0, 0, 0, 0]
	 A0A011NVE7	[226, 225, 224, 0, 0, 0, 0, 0, 0]

 ### Operon type: 39

	 A0A013TH43	[532, 0, 0, 0, 531, 530, 529, 0, 528]
	 A0A009RAF0	[532, 0, 0, 0, 531, 530, 529, 0, 528]

 ### Operon type: 40

	 A0A009R8E1	[0, 164, 0, 163, 162, 0, 0, 161, 0]
	 A0A013S8V2	[163, 162, 0, 0, 0, 161, 0, 0, 0]

 ### Operon type: 41

	 A0A009QFZ7	[553, 552, 0, 0, 549, 0, 547, 546, 0]
	 A0A009TK03	[553, 552, 0, 0, 549, 0, 547, 546, 0]

 ### Operon type: 42

	 A0A013SPM5	[553, 552, 551, 550, 549, 548, 547, 546, 0]
	 A0A010IX62	[553, 552, 551, 550, 549, 0, 547, 546, 0]
	 A0A009HSL1	[553, 552, 551, 550, 549, 0, 547, 546, 0]
	 A0A009MH71	[553, 552, 0, 550, 549, 548, 547, 546, 0]

 ### Operon type: 43

	 A0A009I6Z0	[553, 552, 0, 550, 549, 0, 547, 546, 241]

 ### Operon type: 44

	 A0A009ZIX8	[0, 243, 551, 550, 549, 242, 0, 241, 0]

 ### Operon type: 45

	 A0A009I573	[328, 0, 158, 304, 0, 159, 353, 187, 188]

 ### Operon type: 46

	 A0A009ILP9	[303, 0, 188, 187, 353, 159, 350, 304, 158]

 ### Operon type: 47

	 A0A009I953	[303, 0, 188, 187, 353, 159, 350, 0, -1]

 ### Operon type: 48

	 A0A009IPC3	[355, 354, 0, 0, 353, 352, 351, 0, 350]
	 A0A009QEG7	[355, 354, 0, 0, 353, 352, 351, 0, 350]

 ### Operon type: 49

	 A0A009SX74	[576, 305, 0, 304, 350, 303, 354, 355, 0]

 ### Operon type: 50

	 A0A010JWJ1	[0, 186, 659, 0, 264, 263, 262, 261, 0]
	 A0A009I4A1	[0, 186, 659, 0, 264, 263, 262, 261, 0]

 ### Operon type: 51

	 A0A009QF22	[267, 266, 265, 0, 264, 263, 262, 261, 260]
	 A0A009TBY8	[267, 266, 265, 193, 264, 263, 262, 261, 260]

 ### Operon type: 52

	 A0A009ITT8	[394, 393, 392, 391, 365, 389, 388, 387, 364]

 ### Operon type: 53

	 A0A009NJ90	[394, 393, 392, 391, 0, 390, 389, 388, 387]

 ### Operon type: 54

	 A0A009HZK2	[359, 391, 365, 0, 0, 0, 0, 0, 0]

 ### Operon type: 55

	 A0A009IJ07	[346, 345, 359, 391, 365, 0, 0, 0, 0]

 ### Operon type: 56

	 A0A009S6G1	[346, 345, 359, 391, 365, 388, 387, 364, 363]

 ### Operon type: 57

	 A0A009S5A5	[365, 390, 389, 388, 387, 364, 183, 182, 363]

 ### Operon type: 58

	 A0A013TCN9	[545, 544, 543, 542, 541, 540, 539, 659, 651]
	 A0A009NIJ3	[545, 544, 543, 542, 541, 540, 539, 659, 651]
	 A0A010ITG1	[545, 544, 543, 542, 541, 540, 539, 659, 651]
	 A0A009QNC9	[545, 544, 543, 542, 541, 540, 539, 659, 651]
	 A0A013TRC1	[545, 544, 543, 542, 541, 540, 539, 659, 651]

 ### Operon type: 59

	 A0A009H935	[0, 0, 543, 542, 541, 540, 539, 659, 651]

 ### Operon type: 60

	 A0A009SJZ7	[314, 315, 316, 317, 36, 722, 35, 34, 33]
	 A0A009PJF7	[315, 316, 316, 317, 36, 722, 35, 34, 33]

 ### Operon type: 61

	 A0A009Z5G0	[722, 317, 316, 0, 562, 315, 314, 313]

 ### Operon type: 62

	 A0A010JJC1	[484, 483, 482, 481, 480, 479, 478, 485, 477]
	 A0A010IZ41	[483, 482, 481, 480, 479, 478, 485, 477, 495]

 ### Operon type: 63

	 A0A009QJL6	[484, 483, 482, 481, 0, 477, 495, 29, 0]

 ### Operon type: 64

	 A0A011P2I4	[571, 570, 569, 0, 0, 0, 0, 0, 0]
	 A0A011N9N8	[571, 570, 569, 0, 0, 0, 0, 0, 0]

 ### Operon type: 65

	 A0A009PIB4	[0, 0, 0, 444, 443, 442, 613, 659, 571]
	 A0A009SLR5	[0, 0, 0, 444, 443, 442, 613, 659, 571]

 ### Operon type: 66

	 A0A009HSU4	[0, 0, 466, 659, 0, 570, 499, 571, 613]

 ### Operon type: 67

	 A0A011SF89	[415, 414, 413, 0, 0, 0, 0, 0, 0]

 ### Operon type: 68

	 A0A011UCX7	[0, 617, 415, 414, 0, 413, 349, 0, 0]

 ### Operon type: 69

	 A0A011NYT4	[424, 211, 210, 504, 0, 113, 113, 112, 289]

 ### Operon type: 70

	 A0A011P8E9	[0, 0, 424, 211, 0, 210, 504, 0, 0]

 ### Operon type: 71

	 A0A010TF34	[0, -1, 0, 0, 16, 15, 14, 70, 13]
	 A0A010SYH9	[16, 15, 14, 70, 13, 0, 0, 0, 0]

 ### Operon type: 72

	 A0A010S7A1	[83, 82, 81, 178, 0, 80, 0, 0, 0]
	 A0A010TFJ4	[0, -1, 0, 83, 82, 81, 178, -1, 80]

 ### Operon type: 73

	 A0A009ICP5	[462, 500, 612, 461, 460, 0, 0, 458, 0]

 ### Operon type: 74

	 A0A009MMG9	[462, 500, 612, 461, 460, 0, 459, 458, 457]

 ### Operon type: 75

	 A0A009HTW0	[0, 319, 321, 0, 460, 0, 0, 458, 0]
	 A0A009QLL2	[0, 319, 321, 0, 460, 0, 0, 458, 0]

 ### Operon type: 76

	 A0A009SIV4	[318, 319, 321, 124, 460, 123, 0, 458, 457]

 ### Operon type: 77

	 A0A013TSJ4	[319, 321, 0, 124, 460, 0, 0, 458, 457]

 ### Operon type: 78

	 A0A009Z3V9	[659, 0, 0, 0, 0, 321, 320, 319, 318]

 ### Operon type: 79

	 A0A009T0Q9	[0, 0, 0, 0, 175, 174, 173, 659, 172]

 ### Operon type: 80

	 A0A009YJF4	[0, 112, 289, 71, 194, 173, 659, 0, 172]

 ### Operon type: 81

	 A0A009HJC2	[116, 651, 612, 115, 600, 613, 295, 296, 297]
	 A0A009PAV9	[116, -1, 612, 115, 600, 613, 295, 296, 297]

 ### Operon type: 82

	 A0A009SE02	[0, 297, 0, 0, 0, 296, 295, 613, 600]

 ### Operon type: 83

	 A0A011QNA5	[0, 642, 641, 640, 0, 639, 638, 637, 636]
	 A0A009ZLJ7	[636, 637, 638, 639, 0, 0, 642, 641, 640]

 ### Operon type: 84

	 A0A013T0T6	[639, 638, 637, 636, 560, 559, 558, 557, 556]
	 A0A009HAX1	[639, 638, 637, 636, 560, 559, 558, 557, 556]
	 A0A009QMH5	[639, 638, 637, 636, 560, 559, 558, 557, 556]

 ### Operon type: 85

	 A0A010ILW6	[639, 638, 637, 636, 560, 559, 0, 0, 557]

 ### Operon type: 86

	 A0A009Z9X7	[638, 637, 636, 0, 560, 0, 691, 0, 557]

 ### Operon type: 87

	 A0A009PE10	[0, 0, 0, 636, 560, 128, 558, 557, -1]

 ### Operon type: 88

	 A0A009RSB7	[499, 488, 517, 432, 339, 659, 659, 430, 400]
	 A0A009SYU8	[499, 488, 517, 432, 339, 659, 659, 430, 400]
	 A0A009HS41	[499, 488, 517, 432, 339, 659, 659, 430, 400]

 ### Operon type: 89

	 A0A010IT25	[499, 488, 517, 432, 431, 659, 659, 430, 400]
	 A0A009I466	[499, 488, 517, 432, 431, 659, 659, 430, 400]
	 A0A013SHA9	[499, 488, 517, 432, 431, 659, 659, 430, 400]

 ### Operon type: 90

	 A0A009NMQ9	[499, 488, 517, 432, 431, 0, 659, 659, 430]

 ### Operon type: 91

	 A0A009P8A9	[0, 0, 517, 432, 339, 659, 659, 430, 400]

 ### Operon type: 92

	 A0A011PGU1	[0, 0, 575, 724, 632, 631, 574, 573, 572]
	 A0A011MDH1	[109, 0, 575, 724, 632, 631, 574, 573, 572]

 ### Operon type: 93

	 A0A011V0P4	[143, 142, 0, 0, 567, 0, 0, 141, 140]

 ### Operon type: 94

	 A0A011WPV7	[141, 140, 0, 0, 0, 0, 0, 0, 0]

 ### Operon type: 95

	 A0A011RNP9	[0, 0, 0, 0, 0, 271, 270, 0, 0]

 ### Operon type: 96

	 A0A011V0B5	[418, 0, 0, 0, 0, 0, 271, 0, 0]

 ### Operon type: 97

	 A0A011RQC9	[0, 418, 417, 0, 0, 0, 0, 416, 0]

 ### Operon type: 98

	 A0A011QG28	[634, 633, 724, 0, 632, 631, 630, 629, 628]
	 A0A011RIM8	[634, 633, 0, 0, 632, 631, 630, 629, 628]

 ### Operon type: 99

	 A0A011PHI6	[214, 0, 656, 0, 0, 655, 698, 213, 0]

 ### Operon type: 100

	 A0A011QI68	[0, 0, 656, 655, 0, 0, 0, 0, 0]

 ### Operon type: 101

	 A0A011P700	[0, 0, 672, 671, 0, 0, 0, 0, 0]

 ### Operon type: 102

	 A0A011QSI4	[0, 0, 672, 671, 670, 0, 0, 0, 0]

 ### Operon type: 103

	 A0A011NVJ6	[84, 148, 147, 146, 145, 401, 0, 0, 73]

 ### Operon type: 104

	 A0A011PVP2	[0, 148, 147, 146, 145, 401, 0, 0, 668]

 ### Operon type: 105

	 A0A011NXY7	[0, 0, 147, 0, 145, 0, 0, 0, 0]

 ### Operon type: 106

	 A0A011QR69	[689, 688, 687, 686, 685, 684, 0, 0, 0]
	 A0A011NUB4	[689, 688, 687, 686, 685, 684, 0, 114, 0]

 ### Operon type: 107

	 A0A011NN36	[688, 687, 0, 0, 685, 684, 0, 0, 0]

 ### Operon type: 108

	 A0A011PK69	[687, 228, 0, 0, 685, 684, 0, 0, 0]

 ### Operon type: 109

	 A0A011RMI6	[278, 644, 643, 277, 276, 275, 274, 273, 272]
	 A0A011NYD6	[278, 644, 643, 277, 276, 275, 274, 273, 272]

 ### Operon type: 110

	 A0A011QB28	[149, 278, 644, 0, 0, 275, 274, 273, 272]

 ### Operon type: 111

	 A0A011NF33	[0, 275, 274, 0, 0, 0, 0, 0, 0]

 ### Operon type: 112

	 A0A011NBY4	[119, 0, 0, 118, 0, 0, 117, 0, 0]

 ### Operon type: 113

	 A0A011WRT0	[119, 0, 0, 0, 0, 0, 0, 579, 0]

 ### Operon type: 114

	 A0A011SHV5	[0, 0, 0, 0, 0, 409, 579, 484, 0]

 ### Operon type: 115

	 A0A011NB95	[0, 693, 0, 0, 0, 0, 612, 122, 121]

 ### Operon type: 116

	 A0A011UHT4	[29, 60, 122, 0, 0, 17, 17, 121, 0]

 ### Operon type: 117

	 A0A010Z1W7	[0, 0, 0, 0, 0, 171, 0, 65, 66]

 ### Operon type: 118

	 A0A011VY84	[0, 0, 66, 65, 0, 0, 0, 0, 0]

 ### Operon type: 119

	 A0A010YW85	[0, 0, 0, 0, 0, 37, 0, 65, 66]

 ### Operon type: 120

	 A0A010ZMA0	[65, 166, 0, 0, 0, 0, 0, 0, 0]

 ### Operon type: 121

	 A0A011N5L2	[0, 0, 0, 166, 0, 510, 503, 0, 0]

 ### Operon type: 122

	 A0A010SQJ5	[78, 461, 0, 378, 104, 377, 0, 0, 0]

 ### Operon type: 123

	 A0A010STD3	[0, 0, 0, 378, 104, 377, 0, 430, 97]

 ### Operon type: 124

	 A0A011TD67	[105, 0, 0, 378, 104, 377, 376, 0, 103]

 ### Operon type: 125

	 A0A009ZC12	[0, 0, 0, 378, 0, 377, 376, 375, 681]

 ### Operon type: 126

	 A0A010RFQ9	[0, 0, 619, 0, 618, 0, 0, 0, 0]

 ### Operon type: 127

	 A0A010SPR9	[79, 79, 0, 0, 0, 618, 0, 0, 0]

 ### Operon type: 128

	 A0A010J3I1	[0, 0, 0, 601, 600, 599, 598, 0, 596]
	 A0A013S288	[0, 0, 0, 601, 600, 599, 598, 0, 596]

 ### Operon type: 129

	 A0A013SXT2	[604, 603, 602, 601, 600, 599, 598, 597, 596]
	 A0A009PWG1	[604, 603, 602, 601, 600, 599, 598, 597, 596]

 ### Operon type: 130

	 A0A009ZJK4	[0, 0, 0, 0, 0, 0, 488, 240, 0]

 ### Operon type: 131

	 A0A010SVN1	[-1, 240, 659, 445, 96, 0, 0, 488, 0]

 ### Operon type: 132

	 A0A009IMX3	[456, 0, 454, 0, 452, 269, 269, 579, 268]
	 A0A009SF48	[456, 0, 454, 0, 452, -1, 269, 579, 268]

 ### Operon type: 133

	 A0A009QEX0	[456, 455, 454, 453, 452, 269, 269, 579, 268]

 ### Operon type: 134

	 A0A009MR00	[456, 455, 454, 453, 452, 451, 488, 450, 449]
	 A0A010ISX2	[456, 455, 454, 453, 452, 451, 488, 450, 449]
	 A0A009RES7	[456, 455, 454, 453, 452, 451, 488, 450, 449]
	 A0A013S7V1	[456, 455, 454, 453, 452, 451, 488, 450, 449]

 ### Operon type: 135

	 A0A009GYP9	[0, 0, 0, 453, 452, 451, 488, 450, 449]

 ### Operon type: 136

	 A0A009YTT3	[0, 0, 0, 0, 0, 0, 488, 450, 449]

 ### Operon type: 137

	 A0A009QGN4	[259, 258, 257, 256, 255, 254, 0, 0, 0]
	 A0A009PFK7	[259, 258, 257, 256, 255, 0, 0, 254, 0]

 ### Operon type: 138

	 A0A009YR20	[0, 254, 0, 0, 0, 0, 258, 0, 0]

 ### Operon type: 139

	 A0A009QSI3	[294, 293, 292, 291, 290, 0, 289, 288, -1]
	 A0A013SB36	[294, 293, 292, 291, 290, 0, 289, 288, 174]

 ### Operon type: 140

	 A0A010ITP2	[294, 293, 292, 291, 290, 0, 289, 0, 0]

 ### Operon type: 141

	 A0A009SII9	[-1, 293, 292, 291, 0, 0, 0, 0, 175]

 ### Operon type: 142

	 A0A009HZV2	[0, 0, 0, 0, 287, 286, 390, 0, 0]

 ### Operon type: 143

	 A0A009QPE7	[0, 0, 0, 0, 287, 286, 0, 0, 0]

 ### Operon type: 144

	 A0A009GXL8	[197, 196, 195, 0, 194, 193, 427, 426, 425]

 ### Operon type: 145

	 A0A010JIW7	[197, 196, 195, 0, 194, 0, 0, 427, 426]

 ### Operon type: 146

	 A0A009MGR3	[0, 0, 137, 0, 554, 182, 165, 136, 135]

 ### Operon type: 147

	 A0A009Q4G0	[0, 138, 137, 0, 554, 0, 136, 135, 136]

 ### Operon type: 148

	 A0A009PUJ8	[0, 429, 0, 0, 0, 428, 427, 426, 425]

 ### Operon type: 149

	 A0A009QJA8	[426, 425, 0, 0, 0, 0, 0, 0, 0]

 ### Operon type: 150

	 A0A009PB53	[0, 0, 429, 0, 0, 136, 135, 136, 428]

 ### Operon type: 151

	 A0A013SNJ8	[488, 0, 0, 487, 486, 600, 495, 0, 0]
	 A0A010J9U3	[488, 0, 0, 487, 486, 600, 495, 0, 0]
	 A0A009RD69	[488, 361, 0, 487, 486, 600, 495, 125, 0]
	 A0A009SIZ4	[488, 361, 0, 487, 486, 0, 495, 125, 0]
	 A0A013RZW2	[488, 361, 0, 487, 486, 600, 495, 0, 0]

 ### Operon type: 152

	 A0A009IV03	[0, 0, 469, 487, 486, 0, 495, 0, 0]
	 A0A009PH20	[0, 0, 469, 487, 486, 600, 495, 0, 0]

 ### Operon type: 153

	 A0A009YIZ0	[488, 361, 469, 487, 486, 600, 495, 125, 360]

 ### Operon type: 154

	 A0A010J377	[192, 191, 499, 659, 446, 446, 285, 511, 445]
	 A0A009QA91	[192, 191, 499, 659, 446, 446, 285, 511, 445]

 ### Operon type: 155

	 A0A009MVG4	[448, 0, 447, 659, 446, 446, 0, 511, 445]
	 A0A009QQC0	[0, 0, 448, 659, 446, 446, 0, 511, 445]

 ### Operon type: 156

	 A0A009H7I0	[0, 0, 0, 659, 446, 446, 285, 511, 445]

 ### Operon type: 157

	 A0A009S1X4	[192, 191, 499, 659, 446, 446, 659, 0, 184]

 ### Operon type: 158

	 A0A013SHF4	[0, 0, 447, 659, 446, 446, 0, 300, 0]

 ### Operon type: 159

	 A0A009H7U0	[595, 630, 0, 593, 592, 408, 407, 0, 0]

 ### Operon type: 160

	 A0A010IMP8	[595, 0, 0, 593, 592, 408, 407, 0, 406]

 ### Operon type: 161

	 A0A013SZ54	[595, 0, 594, 593, 592, 0, 0, 0, 0]

 ### Operon type: 162

	 A0A009ZM43	[-1, 630, 594, 593, 592, 408, 407, 324, 406]

 ### Operon type: 163

	 A0A009YSC7	[0, 0, 117, 1, 0, 1, 31, 30, 0]

 ### Operon type: 164

	 A0A013RVV2	[545, 0, 31, 30, 0, 0, 0, 97, 0]

 ### Operon type: 165

	 A0A011Q5S3	[647, 312, 0, 0, 0, 0, 311, 310, 309]

 ### Operon type: 166

	 A0A011UZZ4	[0, 311, 310, 0, 0, 0, 144, 144, 309]

 ### Operon type: 167

	 A0A010YKP2	[0, 0, 0, 0, 0, 0, 73, 139, 0]

 ### Operon type: 168

	 A0A011V1A2	[142, 0, 0, 139, 0, 0, 0, 0, 0]

 ### Operon type: 169

	 A0A011Q2B1	[0, 0, 0, 0, 0, 283, 282, 281, 711]

 ### Operon type: 170

	 A0A011RLN8	[0, 0, 0, 284, 702, 283, 282, 281, 711]

 ### Operon type: 171

	 A0A011NGS0	[0, 0, 0, 0, 588, 587, 0, 0, 0]

 ### Operon type: 172

	 A0A011PW61	[0, 0, 0, 0, 588, 587, 0, 0, 586]

 ### Operon type: 173

	 A0A011UXI1	[0, 181, 0, 0, 588, 587, 102, 0, 0]

 ### Operon type: 174

	 A0A011SWI9	[-1, -1, 0, 214, 588, 587, 102, -1, -1]

 ### Operon type: 175

	 A0A011P952	[587, 0, 518, 0, 0, 518, 0, 0, 0]

 ### Operon type: 176

	 A0A011NSG8	[0, 0, 0, 213, 111, 110, 0, 111, 0]

 ### Operon type: 177

	 A0A011P0X4	[0, 0, 109, 0, 111, 0, 0, 110, 164]

 ### Operon type: 178

	 A0A009MJ75	[0, 0, 436, 435, 434, 0, 0, 0, 433]

 ### Operon type: 179

	 A0A010IH51	[0, 457, 0, 0, 434, 0, 433, 0, 0]

 ### Operon type: 180

	 A0A010YNY9	[0, 0, 62, 10, 0, 0, 0, 0, 19]

 ### Operon type: 181

	 A0A011AC71	[184, 0, 0, 50, 0, 62, 10, 0, 499]

 ### Operon type: 182

	 A0A011QLX0	[0, 646, 0, 0, 645, 0, 644, 643, 0]
	 A0A011PRW6	[646, 0, 0, 0, 645, 644, 643, 0, 0]

 ### Operon type: 183

	 A0A010SML6	[0, 644, 643, -1, 0, 305, 0, 0, 0]

 ### Operon type: 184

	 A0A009P817	[441, 0, 0, 0, 440, 0, 439, 438, 437]

 ### Operon type: 185

	 A0A009TIY0	[0, 0, 0, 0, 440, 0, 439, 438, 0]

 ### Operon type: 186

	 A0A009QKA3	[439, 438, 0, 437, 0, 0, 0, 0, 259]

 ### Operon type: 187

	 A0A009S854	[-1, 0, 0, 248, 247, 0, 0, 0, 244]

 ### Operon type: 188

	 A0A013RMD0	[-1, 0, 422, 0, 247, 619, 0, 0, 244]

 ### Operon type: 189

	 A0A009HFU9	[0, 239, 0, 0, 250, 613, 0, 0, 0]
	 A0A009R016	[0, 239, 0, 0, 250, -1, 613, 0, 0]

 ### Operon type: 190

	 A0A009HSR2	[0, 327, 326, 0, 325, 464, 465, 390, 467]

 ### Operon type: 191

	 A0A009SWM1	[0, 327, 326, 0, 325, 0, 0, 465, 0]

 ### Operon type: 192

	 A0A009MYX0	[468, 467, 0, 466, 0, 0, 465, 464, 463]

 ### Operon type: 193

	 A0A009QK79	[0, 0, 463, 464, 0, 465, 0, 0, 467]

 ### Operon type: 194

	 A0A009GXJ1	[200, 199, 464, 465, 198, 390, 467, 468, 0]

 ### Operon type: 195

	 A0A013TKW8	[0, 709, 0, 613, 527, 526, 525, 524, 523]
	 A0A010IT95	[0, 0, 0, 613, 527, 526, 525, 524, 523]
	 A0A009QT77	[0, 0, -1, 613, 527, 526, 525, 524, 523]
	 A0A009GWD0	[390, 0, 0, 613, 527, 526, 525, 524, 523]
	 A0A009S0T6	[0, 0, 613, 185, 527, 526, 525, 524, 523]
	 A0A009I5G9	[0, 0, 613, 185, 527, 526, 525, 524, 523]
	 A0A009MH36	[0, 0, 0, 613, 527, 526, 525, 524, 523]
	 A0A009PRQ9	[0, 613, 185, 0, 527, 526, 525, 524, 523]

 ### Operon type: 196

	 A0A013TMJ7	[651, -1, 0, 613, 527, 524, 523, 0, 0]

 ### Operon type: 197

	 A0A009I8I7	[509, 508, 507, 299, 506, 505, 0, 504, 43]
	 A0A009HJJ5	[509, 508, 507, 0, 506, 505, 0, 504, 43]

 ### Operon type: 198

	 A0A013TPR7	[509, 508, 507, 0, 506, 505, 0, 504, 503]
	 A0A010JJN4	[0, 508, 507, 0, 506, 505, 0, 504, 503]
	 A0A009RMI1	[0, 508, 507, 0, 506, 505, 0, 504, 0]
	 A0A009PMT3	[509, 508, 507, 0, 506, 505, 298, 504, 503]
	 A0A009YG45	[0, 509, 508, 507, 506, 0, 505, 298, 504]

 ### Operon type: 199

	 A0A009SEP4	[509, 508, 507, 299, 506, 0, 505, 298, 0]

 ### Operon type: 200

	 A0A009NI48	[509, 508, 507, 0, 506, 0, 0, 0, -1]

 ### Operon type: 201

	 A0A011VU44	[0, 0, 0, 0, 0, 721, 0, 0, 0]
	 A0A011WLE7	[0, 0, 0, 0, 0, 721, 0, 0, 0]

 ### Operon type: 202

	 A0A011VAP2	[0, 0, 366, 0, 0, 0, 0, 0, 566]

 ### Operon type: 203

	 A0A011VRJ8	[0, 0, 0, 0, 0, 0, 366, 0, 0]

 ### Operon type: 204

	 A0A011RNU1	[0, 0, 0, 0, 0, 0, 367, 367, 368]

 ### Operon type: 205

	 A0A011VKJ9	[0, 0, 0, 0, 0, 0, 368, 367, -1]

 ### Operon type: 206

	 A0A011V490	[0, 61, 0, 0, 0, 0, 0, 0, 0]
	 A0A011WT35	[61, 0, 0, 0, 0, 0, 0, 0, 0]

 ### Operon type: 207

	 A0A009T185	[688, 0, 403, 403, 404, 687, 403, 402, 401]

 ### Operon type: 208

	 A0A010IN36	[405, 651, 0, 0, 404, 687, 403, 402, 401]

 ### Operon type: 209

	 A0A009PG43	[687, 403, 160, 690, 0, 402, 401, 0, 0]

 ### Operon type: 210

	 A0A011PQZ7	[0, 0, 0, 217, 582, 0, 216, 0, 0]

 ### Operon type: 211

	 A0A011TUX4	[0, 0, 0, 0, 582, 0, 0, 216, 0]

 ### Operon type: 212

	 A0A011STZ9	[0, 0, 0, 216, 0, 0, 0, 0, 0]

 ### Operon type: 213

	 A0A011PUJ9	[0, 0, 0, 0, 0, 0, 0, 0, 669]
	 A0A011PRF5	[669, 0, 0, 0, 0, 0, 0, 0, 0]

 ### Operon type: 214

	 A0A011PFY8	[0, 0, 0, 0, 0, 0, 0, 0, 578]

 ### Operon type: 215

	 A0A011PNS3	[690, 578, 0, 0, 0, 0, 0, 0, 0]

 ### Operon type: 216

	 A0A011T648	[0, 578, 0, 0, 0, 0, 0, 687, 0]

 ### Operon type: 217

	 A0A011U3C2	[0, 0, 630, 0, 0, 0, 0, 0, 0]
	 A0A011AEN3	[0, 0, 0, 0, 0, 0, 630, 0, 0]

 ### Operon type: 218

	 A0A011AAZ2	[0, 26, 0, 0, 0, 630, 630, 630, 0]

 ### Operon type: 219

	 A0A011T698	[0, 0, 0, 0, 0, 499, 630, 0, 0]

 ### Operon type: 220

	 A0A009SNL0	[302, 301, 0, 0, 0, 0, 0, 0, 0]

 ### Operon type: 221

	 A0A009ZZC8	[-1, 301, 302, 0, 0, 0, 0, 0, 0]

 ### Operon type: 222

	 A0A009ZG48	[0, 0, 0, 709, 0, 0, 0, 0, 0]

 ### Operon type: 223

	 A0A011PEJ8	[0, 0, 710, 709, 0, 0, 0, 0, 0]

 ### Operon type: 224

	 A0A011QNJ7	[635, 0, 0, 709, 0, 0, 0, 635, 0]

 ### Operon type: 225

	 A0A011MMJ4	[0, 0, 0, 0, 0, 0, 0, 635, 0]

 ### Operon type: 226

	 A0A011R8M3	[0, 0, 710, 709, 0, 101, 0, 635, 0]

 ### Operon type: 227

	 A0A009TJ77	[0, 190, 0, 0, 0, 0, 0, 0, 0]

 ### Operon type: 228

	 A0A010RTE7	[0, 0, 0, 0, 0, 0, 70, 190, 0]

 ### Operon type: 229

	 A0A013TPQ9	[516, 515, 514, 513, 512, 659, 651, 511, 510]
	 A0A009SZ84	[516, 515, 514, 513, 512, 659, 651, 511, 510]
	 A0A013S8F0	[516, 515, 514, 513, 512, 659, 651, 511, 510]
	 A0A009PMU2	[516, 515, 514, -1, 512, 659, 651, 511, 510]

 ### Operon type: 230

	 A0A009IG48	[0, 0, 0, 323, 169, 0, 0, 0, 305]

 ### Operon type: 231

	 A0A009IMQ0	[0, 0, 0, 323, 169, 0, 0, 0, 0]

 ### Operon type: 232

	 A0A009SWV1	[0, 0, 0, 0, 0, 0, 0, 323, 0]

 ### Operon type: 233

	 A0A011TAW2	[0, 0, 0, 0, 0, 0, 604, 0, 0]
	 A0A009SFX8	[604, 0, 0, 0, 0, 0, 0, 0, 0]

 ### Operon type: 234

	 A0A009RHH9	[0, 0, 0, 0, 347, 0, 0, 0, 0]
	 A0A011TZN1	[0, 0, 0, 0, 347, 0, 0, 0, 0]

 ### Operon type: 235

	 A0A009Q512	[0, 0, 0, 0, 134, 0, 0, 0, 0]
	 A0A009PMZ9	[134, 0, 0, 0, 0, 0, 0, 0, 0]

 ### Operon type: 236

	 A0A009IFL2	[0, 373, 0, 42, -1, 0, 0, 0]

 ### Operon type: 237

	 A0A009ZDS1	[-1, -1, 0, 373, 0, 0, 483, 0, 0]

 ### Operon type: 238

	 A0A009NPS1	[0, 515, 514, 513, 512, -1, 0, 0, 0]
	 A0A010IZH1	[-1, 515, 514, 513, 512, 659, 0, 0, 0]
	 A0A009HJM0	[0, 515, 514, 513, 512, 659, 0, 0, 0]

 ### Operon type: 239

	 A0A009HUS9	[515, 514, 0, 0, 0, 0, -1, 0, 0]

 ### Operon type: 240

	 A0A009HM15	[0, 362, 399, 0, 0, 0, -1, 0, 0]

 ### Operon type: 241

	 A0A009RQL5	[0, 0, 0, 0, 0, 0, 362, 399, 0]

 ### Operon type: 242

	 A0A009IJ01	[0, 0, 0, 0, 0, 0, 362, 399, 398]

 ### Operon type: 243

	 A0A009NCH6	[0, 0, 0, 0, 0, 0, 0, 399, 398]

 ### Operon type: 244

	 A0A011UB51	[64, 0, 0, 0, 0, 0, 0, 0, 0]
	 A0A011UFH1	[0, 0, 0, 0, 0, 64, 0, 0, 0]

 ### Operon type: 245

	 A0A011VHP2	[0, -1, -1, -1, 372, 0, 0, 0, 0]
	 A0A011V965	[0, -1, -1, 0, 372, 0, -1, -1, 0]

 ### Operon type: 246

	 A0A010RVD0	[-1, 0, 0, -1, 0, 673, 673, 0, 68]

 ### Operon type: 247

	 A0A010T7Q5	[0, 68, 0, 0, 0, 0, -1, 0, 0]

 ### Operon type: 248

	 A0A010SRR2	[0, 0, -1, 0, 0, 0, 0, 0, 651]
	 A0A010SNM6	[0, 0, -1, 0, 0, 0, 651, 0, 0]

 ### Operon type: 249

	 A0A010SJH7	[0, 0, 651, -1, 0, 0, 285, 0, 0]

 ### Operon type: 250

	 A0A009N9Z1	[-1, 0, 0, 0, 0, 0, 0, 0, 0]
	 A0A010RKP8	[0, 0, 0, 0, 0, 0, -1, 0, 0]
	 A0A010JDA6	[-1, 0, 0, 0, 0, 0, 0, 0, 0]
	 A0A009QDV7	[-1, 0, 0, 0, 0, 0, 0, 0, 0]
	 A0A009RG92	[-1, 0, 0, 0, 0, 0, 0, 0, 0]
	 A0A009H6M2	[-1, 0, 0, 0, 0, 0, 0, 0, 0]
	 A0A010RY47	[-1, 0, -1, 0, 0, 0, 0, 0, 0]
	 A0A009IHQ3	[-1, 0, 0, 0, 0, 0, 0, 0, 0]
	 A0A011V107	[0, -1, 0, 0, 0, 0, 0, 0, 0]
	 A0A010TF14	[-1, 0, 0, 0, 0, 0, 0, 0, 0]
	 A0A011U7M7	[0, 0, -1, 0, 0, 0, 0, 0, 0]
	 A0A009HJU6	[0, 0, 0, 0, 0, 0, 0, 0, -1]
	 A0A009PH57	[0, 0, -1, 0, 0, 0, 0, 0, 0]
	 A0A011UZ32	[0, 0, 0, 0, 0, -1, 0, 0, 0]
	 A0A011UZ49	[0, -1, 0, 0, 0, 0, 0, 0, 0]
	 A0A009TG92	[0, 0, -1, 0, 0, 0, 0, 0, 0]

 ### Operon type: 251

	 A0A010SJF9	[0, 0, 0, 0, 0, -1, 0, 63, -1]

 ### Operon type: 252

	 A0A010T5D8	[0, 0, 0, -1, 0, -1, 495, 0, 0]

 ### Operon type: 253

	 A0A011ML54	[0, 0, 0, 168, 0, 0, 0, 0, -1]

 ### Operon type: 254

	 A0A011NHY1	[0, 0, 0, 0, 0, 651, 0, 0, 0]

 ### Operon type: 255

	 A0A010Z171	[0, 0, 0, 0, 0, 0, 651, 0, 466]

 ### Operon type: 256

	 A0A010ZX98	[0, 0, 0, 0, 0, 9, 651, 651, 0]

 ### Operon type: 257

	 A0A010YRE8	[0, 0, 0, 0, 0, 0, 0, 9, 0]

 ### Operon type: 258

	 A0A011AF05	[0, 0, 184, 9, 0, 0, 0, 0, 0]

 ### Operon type: 259

	 A0A011SQL0	[374, 0, -1, 0, 0, 0, 0, 0, 0]

 ### Operon type: 260

	 A0A009ZC82	[0, 0, 374, 0, 0, 0, 0, 0, 0]

 ### Operon type: 261

	 A0A011P3F6	[305, 0, 0, 374, 0, 0, 0, 0, 0]

 ### Operon type: 262

	 A0A011T697	[651, 0, 0, 0, 0, 0, 0, 0, 439]

 ### Operon type: 263

	 A0A011TDD1	[0, 386, 651, 0, 0, 0, 0, 0, 0]

 ### Operon type: 264

	 A0A011VW24	[0, 0, 692, 0, 0, 0, 0, 0, -1]

 ### Operon type: 265

	 A0A011T8V3	[0, 0, 692, 0, 0, 0, 0, 0, 0]

 ### Operon type: 266

	 A0A010TH98	[586, 0, 0, 692, 0, 0, 0, 0, 0]

 ### Operon type: 267

	 A0A011QVR3	[0, 0, 0, 0, 0, 0, 0, 693, 692]

 ### Operon type: 268

	 A0A011RM25	[0, 0, 0, 0, 0, 692, 0, 279, 0]

 ### Operon type: 269

	 A0A011VXC2	[-1, 67, 0, 0, 0, 0, 0, 0, 0]

 ### Operon type: 270

	 A0A011VYF1	[692, 0, 0, 0, 0, 0, 64, 0, 0]

 ### Operon type: 271

	 A0A010S415	[-1, 692, 0, 445, 0, 0, 0, 0, 472]

 ### Operon type: 272

	 A0A011VSC9	[0, 0, 0, 0, 0, 0, 0, 0, 0]
	 A0A011VUV0	[0, 0, 0, 0, 0, 0, 0, 0, 0]
	 A0A011PBM9	[0, 0, 0, 0, 0, 0, 0, 0, 0]
	 A0A011QSN2	[0, 0, 0, 0, 0, 0, 0, 0, 0]
	 A0A011QMJ8	[0, 0, 0, 0, 0, 0, 0, 0, 0]
	 A0A011Q056	[0, 0, 0, 0, 0, 0, 0, 0, 0]
	 A0A011WSE5	[0, 0, 0, 0, 0, 0, 0, 0, 0]
	 A0A013T8M5	[0, 0, 0, 0, 0, 0, 0, 0, 0]
	 A0A013TEV4	[0, 0, 0, 0, 0, 0, 0, 0, 0]
	 A0A011P9Z5	[0, 0, 0, 0, 0, 0, 0, 0, 0]
	 A0A013TPV4	[0, 0, 0, 0, 0, 0, 0, 0, 0]
	 A0A009N031	[0, 0, 0, 0, 0, 0, 0, 0, 0]
	 A0A009N123	[0, 0, 0, 0, 0, 0, 0, 0, 0]
	 A0A009MMM3	[0, 0, 0, 0, 0, 0, 0, 0, 0]
	 A0A009PT82	[0, 0, 0, 0, 0, 0, 0, 0, 0]
	 A0A009NQA1	[0, 0, 0, 0, 0, 0, 0, 0, 0]
	 A0A009MH90	[0, 0, 0, 0, 0, 0, 0, 0, 0]
	 A0A009Q3K7	[0, 0, 0, 0, 0, 0, 0, 0, 0]
	 A0A011SGD5	[0, 0, 0, 0, 0, 0, 0, 0, 0]
	 A0A010IPH1	[0, 0, 0, 0, 0, 0, 0, 0, 0]
	 A0A011VMV7	[0, 0, 0, 0, 0, 0, 0, 0, 0]
	 A0A011VNE2	[0, 0, 0, 0, 0, 0, 0, 0, 0]
	 A0A009M4K0	[0, 0, 0, 0, 0, 0, 0, 0, 0]
	 A0A009MGJ1	[0, 0, 0, 0, 0, 0, 0, 0, 0]
	 A0A009MGQ8	[0, 0, 0, 0, 0, 0, 0, 0, 0]
	 A0A009HBT3	[0, 0, 0, 0, 0, 0, 0, 0, 0]
	 A0A009IRJ6	[0, 0, 0, 0, 0, 0, 0, 0, 0]
	 A0A009SCM5	[0, 0, 0, 0, 0, 0, 0, 0, 0]
	 A0A009RHH7	[0, 0, 0, 0, 0, 0, 0, 0, 0]
	 A0A009RMD0	[0, 0, 0, 0, 0, 0, 0, 0, 0]
	 A0A009RR21	[0, 0, 0, 0, 0, 0, 0, 0, 0]
	 A0A011V8Y9	[0, 0, 0, 0, 0, 0, 0, 0, 0]
	 A0A009SWU0	[0, 0, 0, 0, 0, 0, 0, 0, 0]
	 A0A009T1I8	[0, 0, 0, 0, 0, 0, 0, 0, 0]
	 A0A010IZE4	[0, 0, 0, 0, 0, 0, 0, 0, 0]
	 A0A009QQ47	[0, 0, 0, 0, 0, 0, 0, 0, 0]
	 A0A011PKU5	[0, 0, 0, 0, 0, 0, 0, 0, 0]
	 A0A011PJK8	[0, 0, 0, 0, 0, 0, 0, 0, 0]
	 A0A011PNN2	[0, 0, 0, 0, 0, 0, 0, 0, 0]
	 A0A011P4U7	[0, 0, 0, 0, 0, 0, 0, 0, 0]
	 A0A009HTN9	[0, 0, 0, 0, 0, 0, 0, 0, 0]
	 A0A009HIL8	[0, 0, 0, 0, 0, 0, 0, 0, 0]
	 A0A010SHY1	[0, 0, 0, 0, 0, 0, 0, 0, 0]
	 A0A011Q1B3	[0, 0, 0, 0, 0, 0, 0, 0, 0]
	 A0A009R2X0	[0, 0, 0, 0, 0, 0, 0, 0, 0]
	 A0A009R4N4	[0, 0, 0, 0, 0, 0, 0, 0, 0]
	 A0A009I0I9	[0, 0, 0, 0, 0, 0, 0, 0, 0]
	 A0A009ISY0	[0, 0, 0, 0, 0, 0, 0, 0, 0]
	 A0A009I463	[0, 0, 0, 0, 0, 0, 0, 0, 0]
	 A0A009RBQ2	[0, 0, 0, 0, 0, 0, 0, 0, 0]
	 A0A009QVK8	[0, 0, 0, 0, 0, 0, 0, 0, 0]
	 A0A011NAJ1	[0, 0, 0, 0, 0, 0, 0, 0, 0]
	 A0A011NAY5	[0, 0, 0, 0, 0, 0, 0, 0, 0]
	 A0A011NDM5	[0, 0, 0, 0, 0, 0, 0, 0, 0]
	 A0A011WKI4	[0, 0, 0, 0, 0, 0, 0, 0, 0]
	 A0A011QVV5	[0, 0, 0, 0, 0, 0, 0, 0, 0]
	 A0A011TWN2	[0, 0, 0, 0, 0, 0, 0, 0, 0]
	 A0A011N2Z0	[0, 0, 0, 0, 0, 0, 0, 0, 0]
	 A0A011N3C3	[0, 0, 0, 0, 0, 0, 0, 0, 0]
	 A0A011N4G4	[0, 0, 0, 0, 0, 0, 0, 0, 0]
	 A0A010SSQ8	[0, 0, 0, 0, 0, 0, 0, 0, 0]
	 A0A010SPJ7	[0, 0, 0, 0, 0, 0, 0, 0, 0]
	 A0A011VYF6	[0, 0, 0, 0, 0, 0, 0, 0, 0]
	 A0A011VZG0	[0, 0, 0, 0, 0, 0, 0, 0, 0]
	 A0A011VW71	[0, 0, 0, 0, 0, 0, 0, 0, 0]
	 A0A011TAF9	[0, 0, 0, 0, 0, 0, 0, 0, 0]
	 A0A013SBR8	[0, 0, 0, 0, 0, 0, 0, 0, 0]
	 A0A011NTU3	[0, 0, 0, 0, 0, 0, 0, 0, 0]
	 A0A009SHB3	[0, 0, 0, 0, 0, 0, 0, 0, 0]
	 A0A009SIF9	[0, 0, 0, 0, 0, 0, 0, 0, 0]
	 A0A011TLH0	[0, 0, 0, 0, 0, 0, 0, 0, 0]
	 A0A009HL81	[0, 0, 0, 0, 0, 0, 0, 0, 0]
	 A0A013SL47	[0, 0, 0, 0, 0, 0, 0, 0, 0]
	 A0A011WUT3	[0, 0, 0, 0, 0, 0, 0, 0, 0]
	 A0A011UBN9	[0, 0, 0, 0, 0, 0, 0, 0, 0]
	 A0A013S2B9	[0, 0, 0, 0, 0, 0, 0, 0, 0]
	 A0A009PG53	[0, 0, 0, 0, 0, 0, 0, 0, 0]
	 A0A011UHL2	[0, 0, 0, 0, 0, 0, 0, 0, 0]
	 A0A011NMI8	[0, 0, 0, 0, 0, 0, 0, 0, 0]
	 A0A010ZTI3	[0, 0, 0, 0, 0, 0, 0, 0, 0]
	 A0A011UTJ0	[0, 0, 0, 0, 0, 0, 0, 0, 0]
	 A0A009PDV4	[0, 0, 0, 0, 0, 0, 0, 0, 0]
	 A0A011UFM5	[0, 0, 0, 0, 0, 0, 0, 0, 0]
	 A0A011UG71	[0, 0, 0, 0, 0, 0, 0, 0, 0]
	 A0A011UGX8	[0, 0, 0, 0, 0, 0, 0, 0, 0]
	 A0A011VWR4	[0, 0, 0, 0, 0, 0, 0, 0, 0]
	 A0A011UWH1	[0, 0, 0, 0, 0, 0, 0, 0, 0]
	 A0A009PAG1	[0, 0, 0, 0, 0, 0, 0, 0, 0]
	 A0A010T025	[0, 0, 0, 0, 0, 0, 0, 0, 0]
	 A0A010ZJQ6	[0, 0, 0, 0, 0, 0, 0, 0, 0]
	 A0A010YJA7	[0, 0, 0, 0, 0, 0, 0, 0, 0]
	 A0A011A146	[0, 0, 0, 0, 0, 0, 0, 0, 0]
	 A0A011AIL7	[0, 0, 0, 0, 0, 0, 0, 0, 0]
	 A0A010YZS8	[0, 0, 0, 0, 0, 0, 0, 0, 0]
	 A0A010Z120	[0, 0, 0, 0, 0, 0, 0, 0, 0]
	 A0A009T3J5	[0, 0, 0, 0, 0, 0, 0, 0, 0]

 ### Operon type: 273

	 A0A010TG27	[227, 0, 74, 0, 0, 0, 659, 0, 0]

 ### Operon type: 274

	 A0A011PMK1	[0, 0, 0, 0, 0, 0, 0, 227, 0]

 ### Operon type: 275

	 A0A009HRU1	[0, 464, 0, 0, 0, 0, 0, 0, 0]

 ### Operon type: 276

	 A0A009HSN8	[0, 138, 0, 0, 0, -1, 0, 428, -1]

 ### Operon type: 277

	 A0A009HV82	[427, 0, 0, 0, 0, 0, 0, 0, 0]

 ### Operon type: 278

	 A0A009IG74	[0, 0, 435, 0, 600, -1, 0, 0, 0]

 ### Operon type: 279

	 A0A009IJ90	[0, 126, 0, 0, 0, 0, 0, 0, 0]

 ### Operon type: 280

	 A0A009ISE1	[505, 0, 504, 0, 0, -1, 0, 0, 0]

 ### Operon type: 281

	 A0A009NM94	[0, 412, 412, 0, 0, 0, 386, 0, 0]

 ### Operon type: 282

	 A0A009Q4N5	[0, 0, 441, 0, 0, 0, 0, 0, 0]

 ### Operon type: 283

	 A0A009SSZ9	[0, 328, 0, 0, 0, 0, 0, 0, 0]

 ### Operon type: 284

	 A0A009TBM2	[0, 0, 0, 0, 0, 0, 0, 0, 596]

 ### Operon type: 285

	 A0A009Q8S9	[0, 0, 305, 596, 0, 133, 0, 0, 0]

 ### Operon type: 286

	 A0A009YIH1	[0, 0, 0, 0, 363, 0, -1, -1, 2]

 ### Operon type: 287

	 A0A009YR05	[0, 0, 0, 0, 24, 0, 0, 0, 0]

 ### Operon type: 288

	 A0A009Z004	[322, 0, 322, 0, 0, 466, 0, 0, 0]

 ### Operon type: 289

	 A0A010IGH8	[0, 0, 0, 0, 0, 0, 0, 97, 0]

 ### Operon type: 290

	 A0A010JIN9	[481, 0, 0, 190, 350, 0, 0, 0, 0]

 ### Operon type: 291

	 A0A010RS09	[0, 0, 0, 0, 70, 0, 565, 565, 0]

 ### Operon type: 292

	 A0A010RUQ5	[0, 0, 0, 0, 0, 0, 0, 0, 69]

 ### Operon type: 293

	 A0A010S195	[374, 0, 171, 170, 0, 0, 0, 0, 0]

 ### Operon type: 294

	 A0A010SCZ2	[0, 0, 0, 0, 0, 0, 0, 564, 0]

 ### Operon type: 295

	 A0A010SN41	[0, 0, 0, 0, 615, 0, 0, 0, 0]

 ### Operon type: 296

	 A0A010SSU2	[0, 0, 0, 0, 198, 0, -1, 519, 0]

 ### Operon type: 297

	 A0A010SUP6	[0, 0, 0, 0, 0, 0, 0, 170, 0]

 ### Operon type: 298

	 A0A010SUY9	[0, 0, 0, 0, 0, 101, 710, 0]

 ### Operon type: 299

	 A0A010THK2	[0, 0, -1, 0, 0, 565, 466, 0, 0]

 ### Operon type: 300

	 A0A010SRL4	[74, 0, 0, -1, 0, 0, 0, 466, 348]

 ### Operon type: 301

	 A0A010YF95	[309, 0, 0, 0, 0, 0, 0, 0, 0]

 ### Operon type: 302

	 A0A010YT39	[0, 369, 0, 0, 0, 0, 0, 0, 0]

 ### Operon type: 303

	 A0A010YX61	[396, 630, 0, 692, 0, 0, 0, 0, 0]

 ### Operon type: 304

	 A0A010ZWJ8	[0, 0, 0, 0, 0, 522, 0, 0, 0]

 ### Operon type: 305

	 A0A009ZVR4	[417, 0, 630, 0, 0, 44, 0, 0, 0]

 ### Operon type: 306

	 A0A011AHW1	[0, 0, 0, 0, 0, 0, 0, 4, 0]

 ### Operon type: 307

	 A0A011NE37	[594, 0, 0, 0, 0, 0, 0, 0, 0]

 ### Operon type: 308

	 A0A011NF78	[0, 0, 680, 0, 0, 0, 0, 0, 0]

 ### Operon type: 309

	 A0A011NVE2	[0, 0, 0, 687, 0, 0, 651, 0, 53]

 ### Operon type: 310

	 A0A011NXJ4	[0, 0, 0, 0, 0, 0, 0, 0, 72]

 ### Operon type: 311

	 A0A011P8I1	[0, 0, 628, 630, 0, 0, 0, 0, 522]

 ### Operon type: 312

	 A0A011P9Q7	[517, 0, 0, 0, 0, 0, 0, 0, 0]

 ### Operon type: 313

	 A0A011PCT1	[0, 0, 0, 0, 0, 0, 0, 711, 0]

 ### Operon type: 314

	 A0A011PJ75	[0, 687, 403, 687, 0, 0, 0, 0, 0]

 ### Operon type: 315

	 A0A011PRB4	[0, 0, 0, 0, 0, 0, 0, 215, 0]

 ### Operon type: 316

	 A0A011Q5V7	[308, 0, 0, 0, 0, 0, 0, 0, 0]

 ### Operon type: 317

	 A0A011QU35	[0, 0, 0, 0, 703, 0, 0, 0, 0]

 ### Operon type: 318

	 A0A011QVT2	[691, 0, 0, 0, 0, 0, 0, 690, 0]

 ### Operon type: 319

	 A0A011RP14	[0, 0, 0, 0, 0, 0, 0, 419, 0]

 ### Operon type: 320

	 A0A011SM49	[651, 0, 419, 0, 0, 0, 91, 0, 0]

 ### Operon type: 321

	 A0A011AM27	[216, 0, 0, 0, 506, 0, 0, 0, 12]

 ### Operon type: 322

	 A0A011T607	[0, 0, 668, 0, 0, 0, 0, 0, 386]

 ### Operon type: 323

	 A0A010S5W8	[0, 0, 89, 668, 0, 0, 0, 0, 0]

 ### Operon type: 324

	 A0A011MSR2	[0, 0, 0, 89, 0, 0, 0, 617, 0]

 ### Operon type: 325

	 A0A010YYJ5	[0, 0, 0, 617, 0, 0, 0, 44, 44]

 ### Operon type: 326

	 A0A011TED9	[0, 0, 0, 0, 0, 51, 0, 0, 0]

 ### Operon type: 327

	 A0A011TXS5	[0, 90, 0, 0, 0, 0, 0, 0, 0]

 ### Operon type: 328

	 A0A011U144	[0, 69, 0, 0, 0, 0, 72, 549, 0]

 ### Operon type: 329

	 A0A011U1C8	[499, 0, 0, 0, 0, 0, 0, 0, 49]

 ### Operon type: 330

	 A0A011U483	[0, 0, 0, 0, 0, 212, 0, 0, 0]

 ### Operon type: 331

	 A0A011UDF3	[0, 0, 0, 0, 0, 105, 0, 0, 0]

 ### Operon type: 332

	 A0A011UG86	[0, 213, 0, 0, 0, 63, 0, 0, 0]

 ### Operon type: 333

	 A0A011UGY3	[0, 0, 0, 18, 0, 0, 0, 18, 0]

 ### Operon type: 334

	 A0A011UJN3	[0, 402, 0, 0, 0, 0, 0, 0, 0]

 ### Operon type: 335

	 A0A009INE0	[405, 0, 0, 0, 0, 0, 0, 403, 402]

 ### Operon type: 336

	 A0A011UQB5	[410, 118, 0, 0, 0, 0, 0, 64, 0]

 ### Operon type: 337

	 A0A011UVI5	[0, 0, 0, 0, 0, 19, 687, 687, 0]

 ### Operon type: 338

	 A0A011UWI3	[0, 0, 0, 0, 443, 0, 85, 374, 0]

 ### Operon type: 339

	 A0A011V5E6	[0, 0, 0, 0, 0, 55, 0, 0, 0]

 ### Operon type: 340

	 A0A011M4H6	[566, 0, 423, 0, 0, 0, 0, 0, 0]

 ### Operon type: 341

	 A0A011VSV3	[0, 0, 0, 0, 0, 0, 724, 0, 0]

 ### Operon type: 342

	 A0A011VWI0	[0, 0, 0, 0, 0, 60, 0, 0, 0]

 ### Operon type: 343

	 A0A011VZ91	[21, 0, 0, 0, 0, 0, 0, 0, 0]

 ### Operon type: 344

	 A0A011W213	[0, 0, 0, 0, 0, 114, 0, 0, 0]

 ### Operon type: 345

	 A0A011WP76	[0, 0, 0, 0, 0, 0, 0, 0, 695]

 ### Operon type: 346

	 A0A011WSD4	[0, 0, 0, -1, 0, 617, 0, 0, 61]

 ### Operon type: 347

	 A0A011VZF5	[0, 0, 39, 40, 0, 617, 61, 617, 0]

 ### Operon type: 348

	 A0A011WSU6	[0, 617, 0, 0, 616, 0, 0, 0, 0]

 ### Operon type: 349

	 A0A013S843	[0, 511, 0, 0, 0, 0, -1, 78, 0]

 ### Operon type: 350

	 A0A013S981	[358, 0, 0, 0, 0, 0, 0, 0, 0]

 ### Operon type: 351

	 A0A013T337	[0, 0, 0, 0, 0, 0, 0, 0, 555]

 ### Operon type: 352

	 A0A013T5E6	[0, 0, 0, 554, 0, 0, 0, 0, 0]

 ### Operon type: 353

	 A0A009NE81	[502, 397, 396, 395, 501, 570, 500, 499, 498]
	 A0A010KAV2	[502, 0, 0, 395, 501, 570, 500, 499, 498]
	 A0A009RQH3	[502, 0, 0, 395, 501, 570, 500, 499, 498]
	 A0A009I5Z6	[502, 0, 396, 395, 501, 570, 500, 499, 498]
	 A0A013SGL3	[502, 397, 396, 395, 501, 570, 500, 499, 498]

 ### Operon type: 354

	 A0A013TB41	[502, -1, 0, 0, 501, 570, 500, 499, 498]

 ### Operon type: 355

	 A0A009H3X4	[502, 0, 0, 0, 501, 570, -1, 565, -1]

 ### Operon type: 356

	 A0A009YL68	[0, 0, 499, 502, 501, 0, 0, 375, 0]

 ### Operon type: 357

	 A0A009T9H0	[0, 2, 305, -1, 0, 0, 465, 0, 464]

 ### Operon type: 358

	 A0A010THH5	[0, 179, 373, 19, 0, 0, 484, 0, 483]

 ### Operon type: 359

	 A0A011WSH8	[0, 0, 0, 659, 561, 0, 0, 0, 0]
	 A0A011VZE3	[0, 0, 0, 659, 561, 0, 0, 0, 0]

 ### Operon type: 360

	 A0A011NAF3	[0, 0, 0, 0, 0, 0, 659, 0, 221]

 ### Operon type: 361

	 A0A009IQ93	[349, 0, 659, 0, 0, 348, 0, 0, 0]

 ### Operon type: 362

	 A0A009TLU4	[0, 90, -1, 127, 0, 77, 0, -1, -1]

 ### Operon type: 363

	 A0A010JNG7	[613, 0, 0, 485, 0, 0, 0, 0, 0]

 ### Operon type: 364

	 A0A010S003	[573, 0, 0, 0, 0, 213, 213, 461, 0]

 ### Operon type: 365

	 A0A010SMN8	[0, -1, 62, 0, 618, 0, 0, 577, 0]

 ### Operon type: 366

	 A0A010SXS1	[0, 160, 0, 0, 0, 95, 0, 0, 690]

 ### Operon type: 367

	 A0A010T689	[12, -1, 484, 271, 0, 0, 0, 0, 0]

 ### Operon type: 368

	 A0A010TBB4	[0, 245, 0, 63, 0, 0, 0, 0, 499]

 ### Operon type: 369

	 A0A010YFK3	[0, 280, 0, 0, 0, 0, 719, 0, 49]

 ### Operon type: 370

	 A0A010YVY1	[8, 0, 8, 0, 0, 0, 0, 461, 0]

 ### Operon type: 371

	 A0A010Z7T4	[0, 0, 0, 0, 0, 0, 0, 433, 217]

 ### Operon type: 372

	 A0A010RRR9	[0, 0, 0, 0, 664, 0, 0, 420, 433]

 ### Operon type: 373

	 A0A010SIA7	[0, 0, 420, 178, 0, 0, 0, 0, 0]

 ### Operon type: 374

	 A0A010ZSZ2	[0, 26, 0, 242, 25, 0, 0, 0, 0]

 ### Operon type: 375

	 A0A010Z0Y7	[0, 0, 0, 0, 25, 445, 0, 0, 0]

 ### Operon type: 376

	 A0A010ZUR7	[568, 5, 0, 5, 0, 4, 461, 0, 0]

 ### Operon type: 377

	 A0A011A0M8	[0, 0, 466, 0, 42, 0, 0, 3, 3]

 ### Operon type: 378

	 A0A011NFL4	[0, 411, 0, 0, 167, 227, 0, 369, 0]

 ### Operon type: 379

	 A0A011P407	[0, 0, 520, 579, 0, 0, 499, 0, 212]

 ### Operon type: 380

	 A0A011QGT2	[659, 0, 0, 658, 657, 0, 0, 0, 0]

 ### Operon type: 381

	 A0A011QSA4	[683, 0, 682, 681, 0, 0, 0, 0, 680]

 ### Operon type: 382

	 A0A011T6J6	[0, 308, 0, 630, 0, 0, 86, 0, 37]

 ### Operon type: 383

	 A0A011TAL2	[0, 668, 0, 0, 0, 50, 0, 73, 0]

 ### Operon type: 384

	 A0A011TYT7	[0, 0, 0, 0, 0, 0, 457, 54, 54]

 ### Operon type: 385

	 A0A011TZG0	[466, 306, 0, 0, 0, 0, 0, 528, 0]

 ### Operon type: 386

	 A0A011Q6N5	[0, 0, 0, 0, 0, 0, 307, 306, 307]

 ### Operon type: 387

	 A0A011UII7	[0, 0, 0, 0, 0, 53, 52, 0, 0]

 ### Operon type: 388

	 A0A011UNT9	[133, 93, 0, 0, 0, 0, 0, 0, 0]

 ### Operon type: 389

	 A0A011SIS0	[0, 152, 94, 94, 0, 0, 0, 93, 0]

 ### Operon type: 390

	 A0A011UT49	[0, 26, 0, 0, 0, 0, 160, 370, 0]

 ### Operon type: 391

	 A0A011VU65	[720, 0, 0, 0, 0, 719, 0, 0, 0]

 ### Operon type: 392

	 A0A011VV03	[0, 568, 0, 0, 567, 566, 0, 0, 0]

 ### Operon type: 393

	 A0A011VVZ9	[0, 0, -1, 0, 0, 564, 563, 563, 562]

 ### Operon type: 394

	 A0A011VWX7	[690, 143, 0, 0, 0, 0, 0, 409, 0]

 ### Operon type: 395

	 A0A011VXK7	[412, 412, 0, 408, 0, 0, 0, 310, 0]

 ### Operon type: 396

	 A0A011W0I6	[20, 0, 0, 0, 0, 87, 0, 168, 0]

 ### Operon type: 397

	 A0A010YEF6	[0, 20, 0, 0, 0, 0, 0, 0, 11]

 ### Operon type: 398

	 A0A013SQH1	[0, 0, 0, 0, 615, 614, 0, 613, 612]

 ### Operon type: 399

	 A0A009LNU8	[606, 608, 609, 610, 0, 127, 0, 613, 0]

 ### Operon type: 400

	 A0A013SRG6	[611, 610, 609, 608, 0, 607, 0, 606, 605]

 ### Operon type: 401

	 A0A009IQU8	[0, 608, 0, 0, 0, 607, 605, 0, 0]

 ### Operon type: 402

	 A0A010K2K8	[609, 610, 611, 0, 0, 0, 0, -1, 613]

 ### Operon type: 403

	 A0A011NPR8	[0, 605, 0, 0, 0, 0, 180, 0, 0]

 ### Operon type: 404

	 A0A010SEA2	[312, 180, 179, 0, 0, 0, 0, 0, 0]

 ### Operon type: 405

	 A0A009ZIC0	[250, 249, 422, 248, 247, 619, 246, 245, 244]

 ### Operon type: 406

	 A0A009ZB47	[380, 379, 0, 0, 0, 617, 481, 0, 0]

 ### Operon type: 407

	 A0A010RM40	[537, 659, 580, 0, 0, 0, 0, -1, 424]

 ### Operon type: 408

	 A0A010RRQ6	[0, 423, 0, 0, 0, 618, 422, 421, 0]

 ### Operon type: 409

	 A0A010S423	[86, 0, 0, 0, 0, 0, 0, 85, 416]

 ### Operon type: 410

	 A0A010T0I7	[0, 0, 11, 0, 0, 628, 682, 659, 0]

 ### Operon type: 411

	 A0A011AHU9	[0, 0, 0, 0, 0, 0, 0, 6, 173]

 ### Operon type: 412

	 A0A010YY02	[0, 7, 0, 0, 7, 583, 243, 0, 6]

 ### Operon type: 413

	 A0A011NA78	[0, 538, 0, 0, 0, 673, 0, 0, 424]

 ### Operon type: 414

	 A0A011P8W7	[521, 520, 690, 0, 519, 0, 0, 0, 0]

 ### Operon type: 415

	 A0A011PG97	[577, 0, 0, 576, 0, 0, 0, 0, 0]

 ### Operon type: 416

	 A0A011PKT4	[0, 614, 0, 0, 0, 0, 181, 0, 0]

 ### Operon type: 417

	 A0A011PLB2	[0, 521, 0, 228, 0, 0, 0, 0, 0]

 ### Operon type: 418

	 A0A011R339	[0, 0, 0, 0, 0, 0, 200, 199, 0]

 ### Operon type: 419

	 A0A011SFE5	[0, 0, 0, 412, 0, 0, 411, 579, 410]

 ### Operon type: 420

	 A0A011SJT5	[0, 0, 0, 562, 92, 92, 92, 92, 92]

 ### Operon type: 421

	 A0A011TDQ5	[0, 0, 0, 0, 96, 88, 0, 0, 0]

 ### Operon type: 422

	 A0A011UG17	[33, 0, 23, 0, 22, 720, 0, 0, 0]

 ### Operon type: 423

	 A0A011V8Z7	[0, 0, 0, 0, 0, 330, 329, 0, 0]

 ### Operon type: 424

	 A0A011VT01	[0, 0, 723, 0, 0, 723, 0, 0, 722]

 ### Operon type: 425

	 A0A011VYP6	[0, 0, 0, 0, 0, 0, 23, 665, 0]

 ### Operon type: 426

	 A0A011V392	[67, 0, 215, 39, 40, 38, 0, 616, 41]

 ### Operon type: 427

	 A0A009Q0U9	[488, 344, 343, 0, 341, 340, -1, -1, 0]

 ### Operon type: 428

	 A0A010SRB2	[77, 76, 0, 0, 0, 76, 75, 0, 0]

 ### Operon type: 429

	 A0A011VJ76	[371, 371, 370, 369, 0, 659, 466, 0, 520]

 ### Operon type: 430

	 A0A013SKX6	[0, 0, 418, 0, 600, 600, 58, 57, 56]

 ### Operon type: 431

	 A0A010KA25	[481, 0, 484, 432, 356, 0, 0, 481, 515]

 ### Operon type: 432

	 A0A011WUA8	[149, 0, 0, 313, 0, 0, 0, 32, 32]

 ### Operon type: 433

	 A0A010S4X6	[0, 445, 580, 213, 493, 0, 84, 233, 565]

 ### Operon type: 434

	 A0A011U8C0	[0, 48, 47, 0, 46, 45, 0, 0, 0]
