
 ### Operon type: 1

	 A0A011PVT3	[708, 707, 706, 705, 704, 703, 702, 701, 700]
	 A0A011R7V7	[708, 707, 706, 705, 704, 703, 702, 701, 700]
	 A0A011MET3	[708, 707, 706, 705, 704, 703, 702, 701, 700]

 ### Operon type: 2

	 A0A011V5V3	[0, 178, 177, 176, 175, 174, 173, 172, 171]
	 A0A011UIA1	[178, 177, 176, 175, 174, 173, 172, 171, 0]

 ### Operon type: 3

	 A0A011PTE7	[577, 576, 575, 574, 573, 0, 572, 571, 570]
	 A0A011NE72	[577, 576, 575, 574, 573, 572, 571, 570, 0]

 ### Operon type: 4

	 A0A011NEY3	[359, 723, 724, 722, 722, 721, 720, 719, 0]

 ### Operon type: 5

	 A0A011PAN4	[723, 724, 0, 722, 722, 721, 720, 719, 718]

 ### Operon type: 6

	 A0A011RCD5	[359, 723, 724, 722, 722, 721, 720, 719, 718]

 ### Operon type: 7

	 A0A010JSI3	[512, 511, 510, 509, 508, 507, 506, 505, 0]
	 A0A013T0M4	[512, 511, 510, 509, 508, 507, 506, 505, 0]
	 A0A009HDS5	[512, 511, 510, 509, 508, 507, 506, 505, 0]
	 A0A009RGL2	[0, 511, 510, 509, 508, 507, 506, 505, 0]

 ### Operon type: 8

	 A0A011PF67	[714, 713, 712, 711, 710, 0, 0, 0, 0]
	 A0A011NW66	[714, 713, 712, 711, 710, 518, 0, 0, 0]
	 A0A011NBX7	[714, 713, 712, 711, 710, 518, 0, 0, 0]

 ### Operon type: 9

	 A0A011NS68	[714, 713, 712, 711, 710, 466, 465, 557, 594]
	 A0A011RHX4	[714, 713, 712, 711, 710, 466, 465, 557, 0]

 ### Operon type: 10

	 A0A010JY00	[300, 456, 351, 350, 498, 667, 347, 670, 371]

 ### Operon type: 11

	 A0A013TH30	[456, 351, 350, 349, 348, 667, 347, 670, 371]

 ### Operon type: 12

	 A0A011QAS2	[0, 545, 544, 543, 542, 541, 540, 539, 538]
	 A0A011NEQ1	[0, 545, 544, 543, 542, 541, 540, 539, 538]

 ### Operon type: 13

	 A0A011QSF0	[0, 642, 641, 640, 639, 638, 637, 636, 0]
	 A0A011QBB5	[631, 642, 641, 640, 639, 638, 637, 636, 620]
	 A0A011Q0X6	[631, 642, 641, 640, 639, 638, 637, 636, 620]
	 A0A011Q1X8	[642, 0, 641, 640, 639, 638, 637, 636, 620]

 ### Operon type: 14

	 A0A011PG87	[631, 642, 641, 640, 639, 638, 637, 0, 0]

 ### Operon type: 15

	 A0A013SP43	[325, 324, 323, 322, 321, 320, 319, 318, 317]
	 A0A010K6G6	[325, 324, 323, 322, 321, 320, 319, 0, 317]
	 A0A009RUN3	[325, 324, 323, 322, 321, 320, 319, 318, 317]

 ### Operon type: 16

	 A0A009HR98	[0, 0, 288, 82, 286, 0, 0, 0, 81]
	 A0A009SZB5	[0, 0, 288, 82, 286, 0, 0, 0, 81]

 ### Operon type: 17

	 A0A009Z8F7	[289, 288, 287, 0, 286, 285, 285, 0, 0]

 ### Operon type: 18

	 A0A011QIT1	[687, 686, 685, 684, 683, 682, 681, 680, 679]
	 A0A011QUG8	[687, 686, 685, 684, 683, 682, 0, 681, 680]

 ### Operon type: 19

	 A0A011PL71	[586, 585, 584, 583, 582, 624, 581, 580, 0]
	 A0A011QAB0	[585, 584, 583, 0, 582, 624, 581, 580, 0]

 ### Operon type: 20

	 A0A011PIY7	[568, 0, 622, 567, 566, 565, 564, 0, 563]

 ### Operon type: 21

	 A0A011Q3J4	[0, 568, 622, 567, 566, 565, 564, 561, 0]

 ### Operon type: 22

	 A0A011MH88	[562, 568, 622, 567, 566, 565, 564, 561, 563]

 ### Operon type: 23

	 A0A009QBR9	[0, 0, 419, 358, 418, 0, 0, 415, 118]
	 A0A009TM70	[0, 420, 419, 358, 418, 0, 0, 415, 118]

 ### Operon type: 24

	 A0A010ILU3	[421, 420, 419, 0, 418, 446, 417, 416, 415]
	 A0A009QS71	[421, 420, 419, 358, 418, 446, 0, 416, 415]
	 A0A009MW50	[0, 420, 419, 358, 418, 446, 0, 416, 415]
	 A0A009H3B0	[0, 420, 419, 0, 418, 446, 417, 416, 415]

 ### Operon type: 25

	 A0A009I8S2	[0, 0, 419, 358, 418, 446, 416, 415, 118]

 ### Operon type: 26

	 A0A009ZFR5	[502, 501, 500, 499, 498, 497, 496, 495, 670]
	 A0A009ICH6	[502, 501, 500, 499, 498, 497, 496, 495, 670]

 ### Operon type: 27

	 A0A009GP96	[0, 58, 699, 221, 219, 57, 434, 56, 55]

 ### Operon type: 28

	 A0A009GSR4	[221, 219, 57, 434, 56, 55, 55, 54, 0]

 ### Operon type: 29

	 A0A009IIT6	[58, 699, 221, 219, 56, 55, 55, 54, 0]

 ### Operon type: 30

	 A0A009IS10	[33, 0, 0, 0, 138, 137, 136, 0, 0]

 ### Operon type: 31

	 A0A009QHW5	[0, 0, 0, 421, 138, 137, 136, 0, 284]

 ### Operon type: 32

	 A0A011UVB4	[0, 0, 0, 180, 0, 0, 33, 0, 374]

 ### Operon type: 33

	 A0A011TLH7	[277, 276, 275, 0, 0, 0, 0, 0, 0]
	 A0A011UG87	[275, 276, 277, 0, 0, 0, 0, 0, 0]

 ### Operon type: 34

	 A0A011QIE8	[694, 693, 692, 691, 690, 689, 688, 0, 0]
	 A0A011QDV3	[694, 693, 692, 691, 690, 689, 621, 0, 688]

 ### Operon type: 35

	 A0A011NYU6	[616, 615, 0, 614, 613, 402, 401, 0, 612]

 ### Operon type: 36

	 A0A011PYI6	[616, 615, 0, 614, 613, 612, 611, 610, 0]

 ### Operon type: 37

	 A0A011P1C0	[0, 0, 402, 401, 612, 0, 0, 0, 0]

 ### Operon type: 38

	 A0A011PP01	[555, 554, 553, 0, 0, 0, 0, 0, 0]
	 A0A011NVE7	[555, 554, 553, 0, 0, 0, 0, 0, 0]

 ### Operon type: 39

	 A0A013TH43	[346, 0, 0, 0, 345, 344, 343, 0, 342]
	 A0A009RAF0	[346, 0, 0, 0, 345, 344, 343, 0, 342]

 ### Operon type: 40

	 A0A013S8V2	[303, 302, 0, 0, 0, 301, 0, 0, 0]
	 A0A009R8E1	[0, 400, 0, 303, 302, 0, 0, 301, 0]

 ### Operon type: 41

	 A0A009QFZ7	[369, 368, 0, 0, 483, 0, 366, 365, 0]
	 A0A009TK03	[369, 368, 0, 0, 483, 0, 366, 365, 0]

 ### Operon type: 42

	 A0A013SPM5	[369, 368, 485, 484, 483, 367, 366, 365, 0]
	 A0A010IX62	[369, 368, 485, 484, 483, 0, 366, 365, 0]
	 A0A009HSL1	[369, 368, 485, 484, 483, 0, 366, 365, 0]
	 A0A009MH71	[369, 368, 0, 484, 483, 367, 366, 365, 0]

 ### Operon type: 43

	 A0A009I6Z0	[369, 368, 0, 484, 483, 0, 366, 365, 481]

 ### Operon type: 44

	 A0A009ZIX8	[0, 486, 485, 484, 483, 482, 0, 481, 0]

 ### Operon type: 45

	 A0A009I573	[66, 0, 52, 72, 0, 53, 194, 116, 117]

 ### Operon type: 46

	 A0A009ILP9	[115, 0, 117, 116, 194, 53, 191, 72, 52]

 ### Operon type: 47

	 A0A009I953	[115, 0, 117, 116, 194, 53, 191, 0, -1]

 ### Operon type: 48

	 A0A009IPC3	[196, 195, 0, 0, 194, 193, 192, 0, 191]
	 A0A009QEG7	[196, 195, 0, 0, 194, 193, 192, 0, 191]

 ### Operon type: 49

	 A0A009SX74	[629, 594, 0, 72, 191, 115, 195, 196, 0]

 ### Operon type: 50

	 A0A010JWJ1	[0, 32, 699, 0, 233, 232, 231, 230, 0]
	 A0A009I4A1	[0, 32, 699, 0, 233, 232, 231, 230, 0]

 ### Operon type: 51

	 A0A009QF22	[236, 235, 234, 0, 233, 232, 231, 230, 229]
	 A0A009TBY8	[236, 235, 234, 73, 233, 232, 231, 230, 229]

 ### Operon type: 52

	 A0A009ITT8	[45, 44, 43, 262, 261, 42, 50, 49, 48]

 ### Operon type: 53

	 A0A009NJ90	[45, 44, 43, 262, 0, 79, 42, 50, 49]

 ### Operon type: 54

	 A0A009HZK2	[263, 262, 261, 0, 0, 0, 0, 0, 0]

 ### Operon type: 55

	 A0A009IJ07	[41, 40, 263, 262, 261, 0, 0, 0, 0]

 ### Operon type: 56

	 A0A009S6G1	[41, 40, 263, 262, 261, 50, 49, 48, 47]

 ### Operon type: 57

	 A0A009S5A5	[261, 79, 42, 50, 49, 48, 36, 35, 47]

 ### Operon type: 58

	 A0A013TCN9	[358, 357, 356, 355, 354, 353, 352, 699, 691]
	 A0A010ITG1	[358, 357, 356, 355, 354, 353, 352, 699, 691]
	 A0A009QNC9	[358, 357, 356, 355, 354, 353, 352, 699, 691]
	 A0A009NIJ3	[358, 357, 356, 355, 354, 353, 352, 699, 691]
	 A0A013TRC1	[358, 357, 356, 355, 354, 353, 352, 699, 691]

 ### Operon type: 59

	 A0A009H935	[0, 0, 356, 355, 354, 353, 352, 699, 691]

 ### Operon type: 60

	 A0A009SJZ7	[180, 181, 182, 183, 145, 438, 144, 143, 142]
	 A0A009PJF7	[181, 182, 182, 183, 145, 438, 144, 143, 142]

 ### Operon type: 61

	 A0A009Z5G0	[438, 183, 182, 0, 406, 181, 180, 179]

 ### Operon type: 62

	 A0A010JJC1	[469, 428, 427, 426, 425, 424, 423, 433, 422]
	 A0A010IZ41	[428, 427, 426, 425, 424, 423, 433, 422, 323]

 ### Operon type: 63

	 A0A009QJL6	[469, 428, 427, 426, 0, 422, 323, 28, 0]

 ### Operon type: 64

	 A0A011P2I4	[624, 623, 622, 0, 0, 0, 0, 0, 0]
	 A0A011N9N8	[624, 623, 622, 0, 0, 0, 0, 0, 0]

 ### Operon type: 65

	 A0A009SLR5	[0, 0, 0, 141, 140, 139, 434, 699, 624]
	 A0A009PIB4	[0, 0, 0, 141, 140, 139, 434, 699, 624]

 ### Operon type: 66

	 A0A009HSU4	[0, 0, 363, 699, 0, 623, 592, 624, 434]

 ### Operon type: 67

	 A0A011SF89	[475, 474, 473, 0, 0, 0, 0, 0, 0]

 ### Operon type: 68

	 A0A011UCX7	[0, 585, 475, 474, 0, 473, 190, 0, 0]

 ### Operon type: 69

	 A0A011NYT4	[590, 589, 588, 587, 0, 526, 526, 525, 524]

 ### Operon type: 70

	 A0A011P8E9	[0, 0, 590, 589, 0, 588, 587, 0, 0]

 ### Operon type: 71

	 A0A010TF34	[0, -1, 0, 0, 22, 21, 20, 19, 18]
	 A0A010SYH9	[22, 21, 20, 19, 18, 0, 0, 0, 0]

 ### Operon type: 72

	 A0A010S7A1	[258, 257, 256, 460, 0, 255, 0, 0, 0]
	 A0A010TFJ4	[0, -1, 0, 258, 257, 256, 460, -1, 255]

 ### Operon type: 73

	 A0A009ICP5	[84, 327, 445, 450, 149, 0, 0, 147, 0]

 ### Operon type: 74

	 A0A009MMG9	[84, 327, 445, 450, 149, 0, 83, 147, 162]

 ### Operon type: 75

	 A0A009QLL2	[0, 185, 186, 0, 149, 0, 0, 147, 0]
	 A0A009HTW0	[0, 185, 186, 0, 149, 0, 0, 147, 0]

 ### Operon type: 76

	 A0A009SIV4	[184, 185, 186, 150, 149, 148, 0, 147, 162]

 ### Operon type: 77

	 A0A013TSJ4	[185, 186, 0, 150, 149, 0, 0, 147, 162]

 ### Operon type: 78

	 A0A009Z3V9	[699, 0, 0, 0, 0, 186, 362, 185, 184]

 ### Operon type: 79

	 A0A009T0Q9	[0, 0, 0, 0, 197, 293, 562, 699, 39]

 ### Operon type: 80

	 A0A009YJF4	[0, 525, 524, 17, 74, 562, 699, 0, 39]

 ### Operon type: 81

	 A0A009PAV9	[91, -1, 445, 90, 385, 434, 89, 88, 87]
	 A0A009HJC2	[91, 691, 445, 90, 385, 434, 89, 88, 87]

 ### Operon type: 82

	 A0A009SE02	[0, 87, 0, 0, 0, 88, 89, 434, 385]

 ### Operon type: 83

	 A0A011QNA5	[0, 662, 661, 660, 0, 659, 658, 657, 656]
	 A0A009ZLJ7	[656, 657, 658, 659, 0, 0, 662, 661, 660]

 ### Operon type: 84

	 A0A013T0T6	[659, 658, 657, 656, 414, 413, 373, 412, 372]
	 A0A009HAX1	[659, 658, 657, 656, 414, 413, 373, 412, 372]
	 A0A009QMH5	[659, 658, 657, 656, 414, 413, 373, 412, 372]

 ### Operon type: 85

	 A0A010ILW6	[659, 658, 657, 656, 414, 413, 0, 0, 412]

 ### Operon type: 86

	 A0A009Z9X7	[658, 657, 656, 0, 414, 0, 674, 0, 412]

 ### Operon type: 87

	 A0A009PE10	[0, 0, 0, 656, 414, 86, 373, 412, -1]

 ### Operon type: 88

	 A0A009RSB7	[592, 502, 597, 220, 112, 699, 699, 207, 206]
	 A0A009SYU8	[592, 502, 597, 220, 112, 699, 699, 207, 206]
	 A0A009HS41	[592, 502, 597, 220, 112, 699, 699, 207, 206]

 ### Operon type: 89

	 A0A010IT25	[592, 502, 597, 220, 208, 699, 699, 207, 206]
	 A0A013SHA9	[592, 502, 597, 220, 208, 699, 699, 207, 206]
	 A0A009I466	[592, 502, 597, 220, 208, 699, 699, 207, 206]

 ### Operon type: 90

	 A0A009NMQ9	[592, 502, 597, 220, 208, 0, 699, 699, 207]

 ### Operon type: 91

	 A0A009P8A9	[0, 0, 597, 220, 112, 699, 699, 207, 206]

 ### Operon type: 92

	 A0A011PGU1	[0, 0, 628, 652, 651, 650, 627, 626, 625]
	 A0A011MDH1	[521, 0, 628, 652, 651, 650, 627, 626, 625]

 ### Operon type: 93

	 A0A011V0P4	[314, 305, 0, 0, 410, 0, 0, 404, 403]

 ### Operon type: 94

	 A0A011WPV7	[404, 403, 0, 0, 0, 0, 0, 0, 0]

 ### Operon type: 95

	 A0A011RNP9	[0, 0, 0, 0, 0, 453, 581, 0, 0]

 ### Operon type: 96

	 A0A011V0B5	[478, 0, 0, 0, 0, 0, 453, 0, 0]

 ### Operon type: 97

	 A0A011RQC9	[0, 478, 477, 0, 0, 0, 0, 476, 0]

 ### Operon type: 98

	 A0A011QG28	[654, 653, 652, 0, 651, 650, 649, 648, 647]
	 A0A011RIM8	[654, 653, 0, 0, 651, 650, 649, 648, 647]

 ### Operon type: 99

	 A0A011PHI6	[596, 0, 696, 0, 0, 695, 684, 595, 0]

 ### Operon type: 100

	 A0A011QI68	[0, 0, 696, 695, 0, 0, 0, 0, 0]

 ### Operon type: 101

	 A0A011P700	[0, 0, 635, 634, 0, 0, 0, 0, 0]

 ### Operon type: 102

	 A0A011QSI4	[0, 0, 635, 634, 633, 0, 0, 0, 0]

 ### Operon type: 103

	 A0A011NVJ6	[520, 531, 530, 529, 528, 527, 0, 0, 519]

 ### Operon type: 104

	 A0A011PVP2	[0, 531, 530, 529, 528, 527, 0, 0, 708]

 ### Operon type: 105

	 A0A011NXY7	[0, 0, 530, 0, 528, 0, 0, 0, 0]

 ### Operon type: 106

	 A0A011QR69	[672, 671, 670, 669, 668, 667, 0, 0, 0]
	 A0A011NUB4	[672, 671, 670, 669, 668, 667, 0, 514, 0]

 ### Operon type: 107

	 A0A011NN36	[671, 670, 0, 0, 668, 667, 0, 0, 0]

 ### Operon type: 108

	 A0A011PK69	[670, 579, 0, 0, 668, 667, 0, 0, 0]

 ### Operon type: 109

	 A0A011NYD6	[536, 664, 663, 516, 515, 535, 534, 533, 532]
	 A0A011RMI6	[536, 664, 663, 516, 515, 535, 534, 533, 532]

 ### Operon type: 110

	 A0A011QB28	[537, 536, 664, 0, 0, 535, 534, 533, 532]

 ### Operon type: 111

	 A0A011NF33	[0, 535, 534, 0, 0, 0, 0, 0, 0]

 ### Operon type: 112

	 A0A011NBY4	[442, 0, 0, 441, 0, 0, 440, 0, 0]

 ### Operon type: 113

	 A0A011WRT0	[442, 0, 0, 0, 0, 0, 0, 610, 0]

 ### Operon type: 114

	 A0A011SHV5	[0, 0, 0, 0, 0, 470, 610, 469, 0]

 ### Operon type: 115

	 A0A011NB95	[0, 676, 0, 0, 0, 0, 445, 444, 443]

 ### Operon type: 116

	 A0A011UHT4	[28, 375, 444, 0, 0, 24, 24, 443, 0]

 ### Operon type: 117

	 A0A010Z1W7	[0, 0, 0, 0, 0, 449, 0, 310, 311]

 ### Operon type: 118

	 A0A011VY84	[0, 0, 311, 310, 0, 0, 0, 0, 0]

 ### Operon type: 119

	 A0A010YW85	[0, 0, 0, 0, 0, 163, 0, 310, 311]

 ### Operon type: 120

	 A0A010ZMA0	[310, 459, 0, 0, 0, 0, 0, 0, 0]

 ### Operon type: 121

	 A0A011N5L2	[0, 0, 0, 459, 0, 458, 457, 0, 0]

 ### Operon type: 122

	 A0A010SQJ5	[239, 450, 0, 282, 273, 281, 0, 0, 0]

 ### Operon type: 123

	 A0A010STD3	[0, 0, 0, 282, 273, 281, 0, 207, 154]

 ### Operon type: 124

	 A0A011TD67	[274, 0, 0, 282, 273, 281, 280, 0, 272]

 ### Operon type: 125

	 A0A009ZC12	[0, 0, 0, 282, 0, 281, 280, 279, 644]

 ### Operon type: 126

	 A0A010RFQ9	[0, 0, 504, 0, 503, 0, 0, 0, 0]

 ### Operon type: 127

	 A0A010SPR9	[15, 15, 0, 0, 0, 503, 0, 0, 0]

 ### Operon type: 128

	 A0A013S288	[0, 0, 0, 386, 385, 384, 383, 0, 381]
	 A0A010J3I1	[0, 0, 0, 386, 385, 384, 383, 0, 381]

 ### Operon type: 129

	 A0A013SXT2	[389, 388, 387, 386, 385, 384, 383, 382, 381]
	 A0A009PWG1	[389, 388, 387, 386, 385, 384, 383, 382, 381]

 ### Operon type: 130

	 A0A009ZJK4	[0, 0, 0, 0, 0, 0, 502, 480, 0]

 ### Operon type: 131

	 A0A010SVN1	[-1, 480, 699, 447, 152, 0, 0, 502, 0]

 ### Operon type: 132

	 A0A009SF48	[247, 0, 245, 0, 243, -1, 238, 610, 237]
	 A0A009IMX3	[247, 0, 245, 0, 243, 238, 238, 610, 237]

 ### Operon type: 133

	 A0A009QEX0	[247, 246, 245, 244, 243, 238, 238, 610, 237]

 ### Operon type: 134

	 A0A013S7V1	[247, 246, 245, 244, 243, 242, 502, 241, 240]
	 A0A010ISX2	[247, 246, 245, 244, 243, 242, 502, 241, 240]
	 A0A009MR00	[247, 246, 245, 244, 243, 242, 502, 241, 240]
	 A0A009RES7	[247, 246, 245, 244, 243, 242, 502, 241, 240]

 ### Operon type: 135

	 A0A009GYP9	[0, 0, 0, 244, 243, 242, 502, 241, 240]

 ### Operon type: 136

	 A0A009YTT3	[0, 0, 0, 0, 0, 0, 502, 241, 240]

 ### Operon type: 137

	 A0A009QGN4	[228, 227, 226, 225, 224, 223, 0, 0, 0]
	 A0A009PFK7	[228, 227, 226, 225, 224, 0, 0, 223, 0]

 ### Operon type: 138

	 A0A009YR20	[0, 223, 0, 0, 0, 0, 227, 0, 0]

 ### Operon type: 139

	 A0A013SB36	[299, 298, 297, 296, 295, 0, 524, 294, 293]
	 A0A009QSI3	[299, 298, 297, 296, 295, 0, 524, 294, -1]

 ### Operon type: 140

	 A0A010ITP2	[299, 298, 297, 296, 295, 0, 524, 0, 0]

 ### Operon type: 141

	 A0A009SII9	[-1, 298, 297, 296, 0, 0, 0, 0, 197]

 ### Operon type: 142

	 A0A009HZV2	[0, 0, 0, 0, 111, 110, 79, 0, 0]

 ### Operon type: 143

	 A0A009QPE7	[0, 0, 0, 0, 111, 110, 0, 0, 0]

 ### Operon type: 144

	 A0A009GXL8	[77, 76, 75, 0, 74, 73, 264, 124, 123]

 ### Operon type: 145

	 A0A010JIW7	[77, 76, 75, 0, 74, 0, 0, 264, 124]

 ### Operon type: 146

	 A0A009MGR3	[0, 0, 95, 0, 370, 35, 29, 94, 93]

 ### Operon type: 147

	 A0A009Q4G0	[0, 96, 95, 0, 370, 0, 94, 93, 94]

 ### Operon type: 148

	 A0A009PUJ8	[0, 126, 0, 0, 0, 125, 264, 124, 123]

 ### Operon type: 149

	 A0A009QJA8	[124, 123, 0, 0, 0, 0, 0, 0, 0]

 ### Operon type: 150

	 A0A009PB53	[0, 0, 126, 0, 0, 94, 93, 94, 125]

 ### Operon type: 151

	 A0A013SNJ8	[502, 0, 0, 316, 315, 385, 323, 0, 0]
	 A0A013RZW2	[502, 248, 0, 316, 315, 385, 323, 0, 0]
	 A0A009SIZ4	[502, 248, 0, 316, 315, 0, 323, 146, 0]
	 A0A009RD69	[502, 248, 0, 316, 315, 385, 323, 146, 0]
	 A0A010J9U3	[502, 0, 0, 316, 315, 385, 323, 0, 0]

 ### Operon type: 152

	 A0A009PH20	[0, 0, 415, 316, 315, 385, 323, 0, 0]
	 A0A009IV03	[0, 0, 415, 316, 315, 0, 323, 0, 0]

 ### Operon type: 153

	 A0A009YIZ0	[502, 248, 415, 316, 315, 385, 323, 146, 80]

 ### Operon type: 154

	 A0A009QA91	[121, 120, 592, 699, 204, 204, 119, 331, 447]
	 A0A010J377	[121, 120, 592, 699, 204, 204, 119, 331, 447]

 ### Operon type: 155

	 A0A009QQC0	[0, 0, 109, 699, 204, 204, 0, 331, 447]
	 A0A009MVG4	[109, 0, 205, 699, 204, 204, 0, 331, 447]

 ### Operon type: 156

	 A0A009H7I0	[0, 0, 0, 699, 204, 204, 119, 331, 447]

 ### Operon type: 157

	 A0A009S1X4	[121, 120, 592, 699, 204, 204, 699, 0, 37]

 ### Operon type: 158

	 A0A013SHF4	[0, 0, 205, 699, 204, 204, 0, 203, 0]

 ### Operon type: 159

	 A0A009H7U0	[380, 649, 0, 378, 377, 312, 213, 0, 0]

 ### Operon type: 160

	 A0A010IMP8	[380, 0, 0, 378, 377, 312, 213, 0, 212]

 ### Operon type: 161

	 A0A013SZ54	[380, 0, 379, 378, 377, 0, 0, 0, 0]

 ### Operon type: 162

	 A0A009ZM43	[-1, 649, 379, 378, 377, 312, 213, 62, 212]

 ### Operon type: 163

	 A0A009YSC7	[0, 0, 440, 1, 0, 1, 156, 155, 0]

 ### Operon type: 164

	 A0A013RVV2	[358, 0, 156, 155, 0, 0, 0, 154, 0]

 ### Operon type: 165

	 A0A011Q5S3	[679, 609, 0, 0, 0, 0, 608, 607, 606]

 ### Operon type: 166

	 A0A011UZZ4	[0, 608, 607, 0, 0, 0, 306, 306, 606]

 ### Operon type: 167

	 A0A010YKP2	[0, 0, 0, 0, 0, 0, 519, 304, 0]

 ### Operon type: 168

	 A0A011V1A2	[305, 0, 0, 304, 0, 0, 0, 0, 0]

 ### Operon type: 169

	 A0A011Q2B1	[0, 0, 0, 0, 0, 548, 547, 546, 717]

 ### Operon type: 170

	 A0A011RLN8	[0, 0, 0, 549, 677, 548, 547, 546, 717]

 ### Operon type: 171

	 A0A011NGS0	[0, 0, 0, 0, 619, 618, 0, 0, 0]

 ### Operon type: 172

	 A0A011PW61	[0, 0, 0, 0, 619, 618, 0, 0, 617]

 ### Operon type: 173

	 A0A011UXI1	[0, 463, 0, 0, 619, 618, 271, 0, 0]

 ### Operon type: 174

	 A0A011SWI9	[-1, -1, 0, 596, 619, 618, 271, -1, -1]

 ### Operon type: 175

	 A0A011P952	[618, 0, 598, 0, 0, 598, 0, 0, 0]

 ### Operon type: 176

	 A0A011NSG8	[0, 0, 0, 595, 523, 522, 0, 523, 0]

 ### Operon type: 177

	 A0A011P0X4	[0, 0, 521, 0, 523, 0, 0, 522, 400]

 ### Operon type: 178

	 A0A009MJ75	[0, 0, 131, 130, 129, 0, 0, 0, 221]

 ### Operon type: 179

	 A0A010IH51	[0, 162, 0, 0, 129, 0, 221, 0, 0]

 ### Operon type: 180

	 A0A010YNY9	[0, 0, 127, 10, 0, 0, 0, 0, 188]

 ### Operon type: 181

	 A0A011AC71	[37, 0, 0, 122, 0, 127, 10, 0, 592]

 ### Operon type: 182

	 A0A011QLX0	[0, 666, 0, 0, 665, 0, 664, 663, 0]
	 A0A011PRW6	[666, 0, 0, 0, 665, 664, 663, 0, 0]

 ### Operon type: 183

	 A0A010SML6	[0, 664, 663, -1, 0, 594, 0, 0, 0]

 ### Operon type: 184

	 A0A009P817	[135, 0, 0, 0, 134, 0, 164, 133, 132]

 ### Operon type: 185

	 A0A009TIY0	[0, 0, 0, 0, 134, 0, 164, 133, 0]

 ### Operon type: 186

	 A0A009QKA3	[164, 133, 0, 132, 0, 0, 0, 0, 228]

 ### Operon type: 187

	 A0A009S854	[-1, 0, 0, 491, 490, 0, 0, 0, 487]

 ### Operon type: 188

	 A0A013RMD0	[-1, 0, 492, 0, 490, 504, 0, 0, 487]

 ### Operon type: 189

	 A0A009HFU9	[0, 59, 0, 0, 494, 434, 0, 0, 0]
	 A0A009R016	[0, 59, 0, 0, 494, -1, 434, 0, 0]

 ### Operon type: 190

	 A0A009HSR2	[0, 65, 64, 0, 63, 101, 102, 79, 103]

 ### Operon type: 191

	 A0A009SWM1	[0, 65, 64, 0, 63, 0, 0, 102, 0]

 ### Operon type: 192

	 A0A009MYX0	[104, 103, 0, 363, 0, 0, 102, 101, 100]

 ### Operon type: 193

	 A0A009QK79	[0, 0, 100, 101, 0, 102, 0, 0, 103]

 ### Operon type: 194

	 A0A009GXJ1	[99, 98, 101, 102, 78, 79, 103, 104, 0]

 ### Operon type: 195

	 A0A013TKW8	[0, 715, 0, 434, 341, 340, 339, 338, 337]
	 A0A010IT95	[0, 0, 0, 434, 341, 340, 339, 338, 337]
	 A0A009QT77	[0, 0, -1, 434, 341, 340, 339, 338, 337]
	 A0A009GWD0	[79, 0, 0, 434, 341, 340, 339, 338, 337]
	 A0A009PRQ9	[0, 434, 60, 0, 341, 340, 339, 338, 337]
	 A0A009S0T6	[0, 0, 434, 60, 341, 340, 339, 338, 337]
	 A0A009MH36	[0, 0, 0, 434, 341, 340, 339, 338, 337]
	 A0A009I5G9	[0, 0, 434, 60, 341, 340, 339, 338, 337]

 ### Operon type: 196

	 A0A013TMJ7	[691, -1, 0, 434, 341, 338, 337, 0, 0]

 ### Operon type: 197

	 A0A009HJJ5	[330, 432, 431, 0, 430, 429, 0, 587, 27]
	 A0A009I8I7	[330, 432, 431, 69, 430, 429, 0, 587, 27]

 ### Operon type: 198

	 A0A010JJN4	[0, 432, 431, 0, 430, 429, 0, 587, 457]
	 A0A013TPR7	[330, 432, 431, 0, 430, 429, 0, 587, 457]
	 A0A009PMT3	[330, 432, 431, 0, 430, 429, 68, 587, 457]
	 A0A009RMI1	[0, 432, 431, 0, 430, 429, 0, 587, 0]
	 A0A009YG45	[0, 330, 432, 431, 430, 0, 429, 68, 587]

 ### Operon type: 199

	 A0A009SEP4	[330, 432, 431, 69, 430, 0, 429, 68, 0]

 ### Operon type: 200

	 A0A009NI48	[330, 432, 431, 0, 430, 0, 0, 0, -1]

 ### Operon type: 201

	 A0A011VU44	[0, 0, 0, 0, 0, 437, 0, 0, 0]
	 A0A011WLE7	[0, 0, 0, 0, 0, 437, 0, 0, 0]

 ### Operon type: 202

	 A0A011VAP2	[0, 0, 167, 0, 0, 0, 0, 0, 409]

 ### Operon type: 203

	 A0A011VRJ8	[0, 0, 0, 0, 0, 0, 167, 0, 0]

 ### Operon type: 204

	 A0A011RNU1	[0, 0, 0, 0, 0, 0, 452, 452, 451]

 ### Operon type: 205

	 A0A011VKJ9	[0, 0, 0, 0, 0, 0, 451, 452, -1]

 ### Operon type: 206

	 A0A011V490	[0, 376, 0, 0, 0, 0, 0, 0, 0]
	 A0A011WT35	[376, 0, 0, 0, 0, 0, 0, 0, 0]

 ### Operon type: 207

	 A0A009T185	[671, 0, 569, 569, 210, 670, 569, 209, 527]

 ### Operon type: 208

	 A0A010IN36	[211, 691, 0, 0, 210, 670, 569, 209, 527]

 ### Operon type: 209

	 A0A009PG43	[670, 569, 85, 673, 0, 209, 527, 0, 0]

 ### Operon type: 210

	 A0A011PQZ7	[0, 0, 0, 552, 613, 0, 551, 0, 0]

 ### Operon type: 211

	 A0A011TUX4	[0, 0, 0, 0, 613, 0, 0, 551, 0]

 ### Operon type: 212

	 A0A011STZ9	[0, 0, 0, 551, 0, 0, 0, 0, 0]

 ### Operon type: 213

	 A0A011PUJ9	[0, 0, 0, 0, 0, 0, 0, 0, 709]
	 A0A011PRF5	[709, 0, 0, 0, 0, 0, 0, 0, 0]

 ### Operon type: 214

	 A0A011PFY8	[0, 0, 0, 0, 0, 0, 0, 0, 632]

 ### Operon type: 215

	 A0A011PNS3	[673, 632, 0, 0, 0, 0, 0, 0, 0]

 ### Operon type: 216

	 A0A011T648	[0, 632, 0, 0, 0, 0, 0, 670, 0]

 ### Operon type: 217

	 A0A011AEN3	[0, 0, 0, 0, 0, 0, 649, 0, 0]
	 A0A011U3C2	[0, 0, 649, 0, 0, 0, 0, 0, 0]

 ### Operon type: 218

	 A0A011AAZ2	[0, 399, 0, 0, 0, 649, 649, 649, 0]

 ### Operon type: 219

	 A0A011T698	[0, 0, 0, 0, 0, 592, 649, 0, 0]

 ### Operon type: 220

	 A0A009SNL0	[71, 70, 0, 0, 0, 0, 0, 0, 0]

 ### Operon type: 221

	 A0A009ZZC8	[-1, 70, 71, 0, 0, 0, 0, 0, 0]

 ### Operon type: 222

	 A0A009ZG48	[0, 0, 0, 715, 0, 0, 0, 0, 0]

 ### Operon type: 223

	 A0A011PEJ8	[0, 0, 716, 715, 0, 0, 0, 0, 0]

 ### Operon type: 224

	 A0A011QNJ7	[655, 0, 0, 715, 0, 0, 0, 655, 0]

 ### Operon type: 225

	 A0A011MMJ4	[0, 0, 0, 0, 0, 0, 0, 655, 0]

 ### Operon type: 226

	 A0A011R8M3	[0, 0, 716, 715, 0, 270, 0, 655, 0]

 ### Operon type: 227

	 A0A009TJ77	[0, 67, 0, 0, 0, 0, 0, 0, 0]

 ### Operon type: 228

	 A0A010RTE7	[0, 0, 0, 0, 0, 0, 19, 67, 0]

 ### Operon type: 229

	 A0A013TPQ9	[336, 335, 334, 333, 332, 699, 691, 331, 458]
	 A0A013S8F0	[336, 335, 334, 333, 332, 699, 691, 331, 458]
	 A0A009SZ84	[336, 335, 334, 333, 332, 699, 691, 331, 458]
	 A0A009PMU2	[336, 335, 334, -1, 332, 699, 691, 331, 458]

 ### Operon type: 230

	 A0A009IG48	[0, 0, 0, 61, 51, 0, 0, 0, 594]

 ### Operon type: 231

	 A0A009IMQ0	[0, 0, 0, 61, 51, 0, 0, 0, 0]

 ### Operon type: 232

	 A0A009SWV1	[0, 0, 0, 0, 0, 0, 0, 61, 0]

 ### Operon type: 233

	 A0A009SFX8	[389, 0, 0, 0, 0, 0, 0, 0, 0]
	 A0A011TAW2	[0, 0, 0, 0, 0, 0, 389, 0, 0]

 ### Operon type: 234

	 A0A011TZN1	[0, 0, 0, 0, 97, 0, 0, 0, 0]
	 A0A009RHH9	[0, 0, 0, 0, 97, 0, 0, 0, 0]

 ### Operon type: 235

	 A0A009Q512	[0, 0, 0, 0, 92, 0, 0, 0, 0]
	 A0A009PMZ9	[92, 0, 0, 0, 0, 0, 0, 0, 0]

 ### Operon type: 236

	 A0A009IFL2	[0, 278, 0, 26, -1, 0, 0, 0]

 ### Operon type: 237

	 A0A009ZDS1	[-1, -1, 0, 278, 0, 0, 428, 0, 0]

 ### Operon type: 238

	 A0A009NPS1	[0, 335, 334, 333, 332, -1, 0, 0, 0]
	 A0A010IZH1	[-1, 335, 334, 333, 332, 699, 0, 0, 0]
	 A0A009HJM0	[0, 335, 334, 333, 332, 699, 0, 0, 0]

 ### Operon type: 239

	 A0A009HUS9	[335, 334, 0, 0, 0, 0, -1, 0, 0]

 ### Operon type: 240

	 A0A009HM15	[0, 108, 107, 0, 0, 0, -1, 0, 0]

 ### Operon type: 241

	 A0A009RQL5	[0, 0, 0, 0, 0, 0, 108, 107, 0]

 ### Operon type: 242

	 A0A009IJ01	[0, 0, 0, 0, 0, 0, 108, 107, 46]

 ### Operon type: 243

	 A0A009NCH6	[0, 0, 0, 0, 0, 0, 0, 107, 46]

 ### Operon type: 244

	 A0A011UB51	[309, 0, 0, 0, 0, 0, 0, 0, 0]
	 A0A011UFH1	[0, 0, 0, 0, 0, 309, 0, 0, 0]

 ### Operon type: 245

	 A0A011V965	[0, -1, -1, 0, 168, 0, -1, -1, 0]
	 A0A011VHP2	[0, -1, -1, -1, 168, 0, 0, 0, 0]

 ### Operon type: 246

	 A0A010RVD0	[-1, 0, 0, -1, 0, 636, 636, 0, 16]

 ### Operon type: 247

	 A0A010T7Q5	[0, 16, 0, 0, 0, 0, -1, 0, 0]

 ### Operon type: 248

	 A0A010SNM6	[0, 0, -1, 0, 0, 0, 691, 0, 0]
	 A0A010SRR2	[0, 0, -1, 0, 0, 0, 0, 0, 691]

 ### Operon type: 249

	 A0A010SJH7	[0, 0, 691, -1, 0, 0, 119, 0, 0]

 ### Operon type: 250

	 A0A010RY47	[-1, 0, -1, 0, 0, 0, 0, 0, 0]
	 A0A011V107	[0, -1, 0, 0, 0, 0, 0, 0, 0]
	 A0A011U7M7	[0, 0, -1, 0, 0, 0, 0, 0, 0]
	 A0A010RKP8	[0, 0, 0, 0, 0, 0, -1, 0, 0]
	 A0A010TF14	[-1, 0, 0, 0, 0, 0, 0, 0, 0]
	 A0A009QDV7	[-1, 0, 0, 0, 0, 0, 0, 0, 0]
	 A0A009PH57	[0, 0, -1, 0, 0, 0, 0, 0, 0]
	 A0A009N9Z1	[-1, 0, 0, 0, 0, 0, 0, 0, 0]
	 A0A010JDA6	[-1, 0, 0, 0, 0, 0, 0, 0, 0]
	 A0A009RG92	[-1, 0, 0, 0, 0, 0, 0, 0, 0]
	 A0A009IHQ3	[-1, 0, 0, 0, 0, 0, 0, 0, 0]
	 A0A011UZ32	[0, 0, 0, 0, 0, -1, 0, 0, 0]
	 A0A011UZ49	[0, -1, 0, 0, 0, 0, 0, 0, 0]
	 A0A009H6M2	[-1, 0, 0, 0, 0, 0, 0, 0, 0]
	 A0A009HJU6	[0, 0, 0, 0, 0, 0, 0, 0, -1]
	 A0A009TG92	[0, 0, -1, 0, 0, 0, 0, 0, 0]

 ### Operon type: 251

	 A0A010SJF9	[0, 0, 0, 0, 0, -1, 0, 128, -1]

 ### Operon type: 252

	 A0A010T5D8	[0, 0, 0, -1, 0, -1, 323, 0, 0]

 ### Operon type: 253

	 A0A011ML54	[0, 0, 0, 560, 0, 0, 0, 0, -1]

 ### Operon type: 254

	 A0A011NHY1	[0, 0, 0, 0, 0, 691, 0, 0, 0]

 ### Operon type: 255

	 A0A010Z171	[0, 0, 0, 0, 0, 0, 691, 0, 363]

 ### Operon type: 256

	 A0A010ZX98	[0, 0, 0, 0, 0, 9, 691, 691, 0]

 ### Operon type: 257

	 A0A010YRE8	[0, 0, 0, 0, 0, 0, 0, 9, 0]

 ### Operon type: 258

	 A0A011AF05	[0, 0, 37, 9, 0, 0, 0, 0, 0]

 ### Operon type: 259

	 A0A011SQL0	[593, 0, -1, 0, 0, 0, 0, 0, 0]

 ### Operon type: 260

	 A0A009ZC82	[0, 0, 593, 0, 0, 0, 0, 0, 0]

 ### Operon type: 261

	 A0A011P3F6	[594, 0, 0, 593, 0, 0, 0, 0, 0]

 ### Operon type: 262

	 A0A011T697	[691, 0, 0, 0, 0, 0, 0, 0, 164]

 ### Operon type: 263

	 A0A011TDD1	[0, 153, 691, 0, 0, 0, 0, 0, 0]

 ### Operon type: 264

	 A0A011VW24	[0, 0, 675, 0, 0, 0, 0, 0, -1]

 ### Operon type: 265

	 A0A011T8V3	[0, 0, 675, 0, 0, 0, 0, 0, 0]

 ### Operon type: 266

	 A0A010TH98	[617, 0, 0, 675, 0, 0, 0, 0, 0]

 ### Operon type: 267

	 A0A011QVR3	[0, 0, 0, 0, 0, 0, 0, 676, 675]

 ### Operon type: 268

	 A0A011RM25	[0, 0, 0, 0, 0, 675, 0, 454, 0]

 ### Operon type: 269

	 A0A011VXC2	[-1, 313, 0, 0, 0, 0, 0, 0, 0]

 ### Operon type: 270

	 A0A011VYF1	[675, 0, 0, 0, 0, 0, 309, 0, 0]

 ### Operon type: 271

	 A0A010S415	[-1, 675, 0, 447, 0, 0, 0, 0, 446]

 ### Operon type: 272

	 A0A011PBM9	[0, 0, 0, 0, 0, 0, 0, 0, 0]
	 A0A011QMJ8	[0, 0, 0, 0, 0, 0, 0, 0, 0]
	 A0A011QSN2	[0, 0, 0, 0, 0, 0, 0, 0, 0]
	 A0A011Q056	[0, 0, 0, 0, 0, 0, 0, 0, 0]
	 A0A011P9Z5	[0, 0, 0, 0, 0, 0, 0, 0, 0]
	 A0A011P4U7	[0, 0, 0, 0, 0, 0, 0, 0, 0]
	 A0A011PKU5	[0, 0, 0, 0, 0, 0, 0, 0, 0]
	 A0A011PJK8	[0, 0, 0, 0, 0, 0, 0, 0, 0]
	 A0A011PNN2	[0, 0, 0, 0, 0, 0, 0, 0, 0]
	 A0A011Q1B3	[0, 0, 0, 0, 0, 0, 0, 0, 0]
	 A0A011QVV5	[0, 0, 0, 0, 0, 0, 0, 0, 0]
	 A0A011NTU3	[0, 0, 0, 0, 0, 0, 0, 0, 0]
	 A0A011SGD5	[0, 0, 0, 0, 0, 0, 0, 0, 0]
	 A0A011NMI8	[0, 0, 0, 0, 0, 0, 0, 0, 0]
	 A0A010SHY1	[0, 0, 0, 0, 0, 0, 0, 0, 0]
	 A0A011NAJ1	[0, 0, 0, 0, 0, 0, 0, 0, 0]
	 A0A011NAY5	[0, 0, 0, 0, 0, 0, 0, 0, 0]
	 A0A011NDM5	[0, 0, 0, 0, 0, 0, 0, 0, 0]
	 A0A011VSC9	[0, 0, 0, 0, 0, 0, 0, 0, 0]
	 A0A011VUV0	[0, 0, 0, 0, 0, 0, 0, 0, 0]
	 A0A011WSE5	[0, 0, 0, 0, 0, 0, 0, 0, 0]
	 A0A011WKI4	[0, 0, 0, 0, 0, 0, 0, 0, 0]
	 A0A010ZTI3	[0, 0, 0, 0, 0, 0, 0, 0, 0]
	 A0A011VZG0	[0, 0, 0, 0, 0, 0, 0, 0, 0]
	 A0A011VW71	[0, 0, 0, 0, 0, 0, 0, 0, 0]
	 A0A013T8M5	[0, 0, 0, 0, 0, 0, 0, 0, 0]
	 A0A011N2Z0	[0, 0, 0, 0, 0, 0, 0, 0, 0]
	 A0A011N3C3	[0, 0, 0, 0, 0, 0, 0, 0, 0]
	 A0A011N4G4	[0, 0, 0, 0, 0, 0, 0, 0, 0]
	 A0A013TEV4	[0, 0, 0, 0, 0, 0, 0, 0, 0]
	 A0A013TPV4	[0, 0, 0, 0, 0, 0, 0, 0, 0]
	 A0A011VYF6	[0, 0, 0, 0, 0, 0, 0, 0, 0]
	 A0A013SBR8	[0, 0, 0, 0, 0, 0, 0, 0, 0]
	 A0A011TWN2	[0, 0, 0, 0, 0, 0, 0, 0, 0]
	 A0A011VWR4	[0, 0, 0, 0, 0, 0, 0, 0, 0]
	 A0A009HBT3	[0, 0, 0, 0, 0, 0, 0, 0, 0]
	 A0A013S2B9	[0, 0, 0, 0, 0, 0, 0, 0, 0]
	 A0A009M4K0	[0, 0, 0, 0, 0, 0, 0, 0, 0]
	 A0A009MGJ1	[0, 0, 0, 0, 0, 0, 0, 0, 0]
	 A0A009MGQ8	[0, 0, 0, 0, 0, 0, 0, 0, 0]
	 A0A010IPH1	[0, 0, 0, 0, 0, 0, 0, 0, 0]
	 A0A009SHB3	[0, 0, 0, 0, 0, 0, 0, 0, 0]
	 A0A009SIF9	[0, 0, 0, 0, 0, 0, 0, 0, 0]
	 A0A009IRJ6	[0, 0, 0, 0, 0, 0, 0, 0, 0]
	 A0A010ZJQ6	[0, 0, 0, 0, 0, 0, 0, 0, 0]
	 A0A009T1I8	[0, 0, 0, 0, 0, 0, 0, 0, 0]
	 A0A011V8Y9	[0, 0, 0, 0, 0, 0, 0, 0, 0]
	 A0A013SL47	[0, 0, 0, 0, 0, 0, 0, 0, 0]
	 A0A011WUT3	[0, 0, 0, 0, 0, 0, 0, 0, 0]
	 A0A011TLH0	[0, 0, 0, 0, 0, 0, 0, 0, 0]
	 A0A009PT82	[0, 0, 0, 0, 0, 0, 0, 0, 0]
	 A0A009NQA1	[0, 0, 0, 0, 0, 0, 0, 0, 0]
	 A0A009MH90	[0, 0, 0, 0, 0, 0, 0, 0, 0]
	 A0A009Q3K7	[0, 0, 0, 0, 0, 0, 0, 0, 0]
	 A0A010IZE4	[0, 0, 0, 0, 0, 0, 0, 0, 0]
	 A0A011TAF9	[0, 0, 0, 0, 0, 0, 0, 0, 0]
	 A0A011VMV7	[0, 0, 0, 0, 0, 0, 0, 0, 0]
	 A0A011VNE2	[0, 0, 0, 0, 0, 0, 0, 0, 0]
	 A0A009PG53	[0, 0, 0, 0, 0, 0, 0, 0, 0]
	 A0A009QQ47	[0, 0, 0, 0, 0, 0, 0, 0, 0]
	 A0A009RR21	[0, 0, 0, 0, 0, 0, 0, 0, 0]
	 A0A011UBN9	[0, 0, 0, 0, 0, 0, 0, 0, 0]
	 A0A009N031	[0, 0, 0, 0, 0, 0, 0, 0, 0]
	 A0A009N123	[0, 0, 0, 0, 0, 0, 0, 0, 0]
	 A0A011UHL2	[0, 0, 0, 0, 0, 0, 0, 0, 0]
	 A0A009PDV4	[0, 0, 0, 0, 0, 0, 0, 0, 0]
	 A0A009RBQ2	[0, 0, 0, 0, 0, 0, 0, 0, 0]
	 A0A009QVK8	[0, 0, 0, 0, 0, 0, 0, 0, 0]
	 A0A009MMM3	[0, 0, 0, 0, 0, 0, 0, 0, 0]
	 A0A009SWU0	[0, 0, 0, 0, 0, 0, 0, 0, 0]
	 A0A009I0I9	[0, 0, 0, 0, 0, 0, 0, 0, 0]
	 A0A009SCM5	[0, 0, 0, 0, 0, 0, 0, 0, 0]
	 A0A009RHH7	[0, 0, 0, 0, 0, 0, 0, 0, 0]
	 A0A009RMD0	[0, 0, 0, 0, 0, 0, 0, 0, 0]
	 A0A011UFM5	[0, 0, 0, 0, 0, 0, 0, 0, 0]
	 A0A011UG71	[0, 0, 0, 0, 0, 0, 0, 0, 0]
	 A0A011UGX8	[0, 0, 0, 0, 0, 0, 0, 0, 0]
	 A0A009HTN9	[0, 0, 0, 0, 0, 0, 0, 0, 0]
	 A0A009HIL8	[0, 0, 0, 0, 0, 0, 0, 0, 0]
	 A0A011UTJ0	[0, 0, 0, 0, 0, 0, 0, 0, 0]
	 A0A009ISY0	[0, 0, 0, 0, 0, 0, 0, 0, 0]
	 A0A009I463	[0, 0, 0, 0, 0, 0, 0, 0, 0]
	 A0A011UWH1	[0, 0, 0, 0, 0, 0, 0, 0, 0]
	 A0A009R2X0	[0, 0, 0, 0, 0, 0, 0, 0, 0]
	 A0A009R4N4	[0, 0, 0, 0, 0, 0, 0, 0, 0]
	 A0A009HL81	[0, 0, 0, 0, 0, 0, 0, 0, 0]
	 A0A009PAG1	[0, 0, 0, 0, 0, 0, 0, 0, 0]
	 A0A010SPJ7	[0, 0, 0, 0, 0, 0, 0, 0, 0]
	 A0A010SSQ8	[0, 0, 0, 0, 0, 0, 0, 0, 0]
	 A0A010T025	[0, 0, 0, 0, 0, 0, 0, 0, 0]
	 A0A010YJA7	[0, 0, 0, 0, 0, 0, 0, 0, 0]
	 A0A011A146	[0, 0, 0, 0, 0, 0, 0, 0, 0]
	 A0A011AIL7	[0, 0, 0, 0, 0, 0, 0, 0, 0]
	 A0A010YZS8	[0, 0, 0, 0, 0, 0, 0, 0, 0]
	 A0A010Z120	[0, 0, 0, 0, 0, 0, 0, 0, 0]
	 A0A009T3J5	[0, 0, 0, 0, 0, 0, 0, 0, 0]

 ### Operon type: 273

	 A0A010TG27	[578, 0, 23, 0, 0, 0, 699, 0, 0]

 ### Operon type: 274

	 A0A011PMK1	[0, 0, 0, 0, 0, 0, 0, 578, 0]

 ### Operon type: 275

	 A0A009HRU1	[0, 101, 0, 0, 0, 0, 0, 0, 0]

 ### Operon type: 276

	 A0A009HSN8	[0, 96, 0, 0, 0, -1, 0, 125, -1]

 ### Operon type: 277

	 A0A009HV82	[264, 0, 0, 0, 0, 0, 0, 0, 0]

 ### Operon type: 278

	 A0A009IG74	[0, 0, 130, 0, 385, -1, 0, 0, 0]

 ### Operon type: 279

	 A0A009IJ90	[0, 30, 0, 0, 0, 0, 0, 0, 0]

 ### Operon type: 280

	 A0A009ISE1	[429, 0, 587, 0, 0, -1, 0, 0, 0]

 ### Operon type: 281

	 A0A009NM94	[0, 472, 472, 0, 0, 0, 153, 0, 0]

 ### Operon type: 282

	 A0A009Q4N5	[0, 0, 135, 0, 0, 0, 0, 0, 0]

 ### Operon type: 283

	 A0A009SSZ9	[0, 66, 0, 0, 0, 0, 0, 0, 0]

 ### Operon type: 284

	 A0A009TBM2	[0, 0, 0, 0, 0, 0, 0, 0, 381]

 ### Operon type: 285

	 A0A009Q8S9	[0, 0, 594, 381, 0, 158, 0, 0, 0]

 ### Operon type: 286

	 A0A009YIH1	[0, 0, 0, 0, 47, 0, -1, -1, 2]

 ### Operon type: 287

	 A0A009YR05	[0, 0, 0, 0, 34, 0, 0, 0, 0]

 ### Operon type: 288

	 A0A009Z004	[187, 0, 187, 0, 0, 363, 0, 0, 0]

 ### Operon type: 289

	 A0A010IGH8	[0, 0, 0, 0, 0, 0, 0, 154, 0]

 ### Operon type: 290

	 A0A010JIN9	[426, 0, 0, 67, 191, 0, 0, 0, 0]

 ### Operon type: 291

	 A0A010RS09	[0, 0, 0, 0, 19, 0, 559, 559, 0]

 ### Operon type: 292

	 A0A010RUQ5	[0, 0, 0, 0, 0, 0, 0, 0, 254]

 ### Operon type: 293

	 A0A010S195	[593, 0, 449, 448, 0, 0, 0, 0, 0]

 ### Operon type: 294

	 A0A010SCZ2	[0, 0, 0, 0, 0, 0, 0, 408, 0]

 ### Operon type: 295

	 A0A010SN41	[0, 0, 0, 0, 396, 0, 0, 0, 0]

 ### Operon type: 296

	 A0A010SSU2	[0, 0, 0, 0, 78, 0, -1, 599, 0]

 ### Operon type: 297

	 A0A010SUP6	[0, 0, 0, 0, 0, 0, 0, 448, 0]

 ### Operon type: 298

	 A0A010SUY9	[0, 0, 0, 0, 0, 270, 716, 0]

 ### Operon type: 299

	 A0A010THK2	[0, 0, -1, 0, 0, 559, 363, 0, 0]

 ### Operon type: 300

	 A0A010SRL4	[23, 0, 0, -1, 0, 0, 0, 363, 189]

 ### Operon type: 301

	 A0A010YF95	[606, 0, 0, 0, 0, 0, 0, 0, 0]

 ### Operon type: 302

	 A0A010YT39	[0, 556, 0, 0, 0, 0, 0, 0, 0]

 ### Operon type: 303

	 A0A010YX61	[291, 649, 0, 675, 0, 0, 0, 0, 0]

 ### Operon type: 304

	 A0A010ZWJ8	[0, 0, 0, 0, 0, 602, 0, 0, 0]

 ### Operon type: 305

	 A0A009ZVR4	[477, 0, 649, 0, 0, 198, 0, 0, 0]

 ### Operon type: 306

	 A0A011AHW1	[0, 0, 0, 0, 0, 0, 0, 4, 0]

 ### Operon type: 307

	 A0A011NE37	[379, 0, 0, 0, 0, 0, 0, 0, 0]

 ### Operon type: 308

	 A0A011NF78	[0, 0, 643, 0, 0, 0, 0, 0, 0]

 ### Operon type: 309

	 A0A011NVE2	[0, 0, 0, 670, 0, 0, 691, 0, 513]

 ### Operon type: 310

	 A0A011NXJ4	[0, 0, 0, 0, 0, 0, 0, 0, 517]

 ### Operon type: 311

	 A0A011P8I1	[0, 0, 647, 649, 0, 0, 0, 0, 602]

 ### Operon type: 312

	 A0A011P9Q7	[597, 0, 0, 0, 0, 0, 0, 0, 0]

 ### Operon type: 313

	 A0A011PCT1	[0, 0, 0, 0, 0, 0, 0, 717, 0]

 ### Operon type: 314

	 A0A011PJ75	[0, 670, 569, 670, 0, 0, 0, 0, 0]

 ### Operon type: 315

	 A0A011PRB4	[0, 0, 0, 0, 0, 0, 0, 550, 0]

 ### Operon type: 316

	 A0A011Q5V7	[605, 0, 0, 0, 0, 0, 0, 0, 0]

 ### Operon type: 317

	 A0A011QU35	[0, 0, 0, 0, 678, 0, 0, 0, 0]

 ### Operon type: 318

	 A0A011QVT2	[674, 0, 0, 0, 0, 0, 0, 673, 0]

 ### Operon type: 319

	 A0A011RP14	[0, 0, 0, 0, 0, 0, 0, 479, 0]

 ### Operon type: 320

	 A0A011SM49	[691, 0, 479, 0, 0, 0, 215, 0, 0]

 ### Operon type: 321

	 A0A011AM27	[551, 0, 0, 0, 430, 0, 0, 0, 308]

 ### Operon type: 322

	 A0A011T607	[0, 0, 708, 0, 0, 0, 0, 0, 153]

 ### Operon type: 323

	 A0A010S5W8	[0, 0, 364, 708, 0, 0, 0, 0, 0]

 ### Operon type: 324

	 A0A011MSR2	[0, 0, 0, 364, 0, 0, 0, 585, 0]

 ### Operon type: 325

	 A0A010YYJ5	[0, 0, 0, 585, 0, 0, 0, 198, 198]

 ### Operon type: 326

	 A0A011TED9	[0, 0, 0, 0, 0, 151, 0, 0, 0]

 ### Operon type: 327

	 A0A011TXS5	[0, 214, 0, 0, 0, 0, 0, 0, 0]

 ### Operon type: 328

	 A0A011U144	[0, 254, 0, 0, 0, 0, 517, 483, 0]

 ### Operon type: 329

	 A0A011U1C8	[592, 0, 0, 0, 0, 0, 0, 0, 253]

 ### Operon type: 330

	 A0A011U483	[0, 0, 0, 0, 0, 591, 0, 0, 0]

 ### Operon type: 331

	 A0A011UDF3	[0, 0, 0, 0, 0, 274, 0, 0, 0]

 ### Operon type: 332

	 A0A011UG86	[0, 595, 0, 0, 0, 128, 0, 0, 0]

 ### Operon type: 333

	 A0A011UGY3	[0, 0, 0, 25, 0, 0, 0, 25, 0]

 ### Operon type: 334

	 A0A011UJN3	[0, 209, 0, 0, 0, 0, 0, 0, 0]

 ### Operon type: 335

	 A0A009INE0	[211, 0, 0, 0, 0, 0, 0, 569, 209]

 ### Operon type: 336

	 A0A011UQB5	[471, 441, 0, 0, 0, 0, 0, 309, 0]

 ### Operon type: 337

	 A0A011UVI5	[0, 0, 0, 0, 0, 188, 670, 670, 0]

 ### Operon type: 338

	 A0A011UWI3	[0, 0, 0, 0, 140, 0, 259, 593, 0]

 ### Operon type: 339

	 A0A011V5E6	[0, 0, 0, 0, 0, 199, 0, 0, 0]

 ### Operon type: 340

	 A0A011M4H6	[409, 0, 307, 0, 0, 0, 0, 0, 0]

 ### Operon type: 341

	 A0A011VSV3	[0, 0, 0, 0, 0, 0, 652, 0, 0]

 ### Operon type: 342

	 A0A011VWI0	[0, 0, 0, 0, 0, 375, 0, 0, 0]

 ### Operon type: 343

	 A0A011VZ91	[268, 0, 0, 0, 0, 0, 0, 0, 0]

 ### Operon type: 344

	 A0A011W213	[0, 0, 0, 0, 0, 514, 0, 0, 0]

 ### Operon type: 345

	 A0A011WP76	[0, 0, 0, 0, 0, 0, 0, 0, 681]

 ### Operon type: 346

	 A0A011WSD4	[0, 0, 0, -1, 0, 585, 0, 0, 376]

 ### Operon type: 347

	 A0A011VZF5	[0, 0, 267, 266, 0, 585, 376, 585, 0]

 ### Operon type: 348

	 A0A011WSU6	[0, 585, 0, 0, 397, 0, 0, 0, 0]

 ### Operon type: 349

	 A0A013S843	[0, 331, 0, 0, 0, 0, -1, 239, 0]

 ### Operon type: 350

	 A0A013S981	[300, 0, 0, 0, 0, 0, 0, 0, 0]

 ### Operon type: 351

	 A0A013T337	[0, 0, 0, 0, 0, 0, 0, 0, 371]

 ### Operon type: 352

	 A0A013T5E6	[0, 0, 0, 370, 0, 0, 0, 0, 0]

 ### Operon type: 353

	 A0A013SGL3	[329, 292, 291, 290, 328, 623, 327, 592, 326]
	 A0A010KAV2	[329, 0, 0, 290, 328, 623, 327, 592, 326]
	 A0A009NE81	[329, 292, 291, 290, 328, 623, 327, 592, 326]
	 A0A009RQH3	[329, 0, 0, 290, 328, 623, 327, 592, 326]
	 A0A009I5Z6	[329, 0, 291, 290, 328, 623, 327, 592, 326]

 ### Operon type: 354

	 A0A013TB41	[329, -1, 0, 0, 328, 623, 327, 592, 326]

 ### Operon type: 355

	 A0A009H3X4	[329, 0, 0, 0, 328, 623, -1, 559, -1]

 ### Operon type: 356

	 A0A009YL68	[0, 0, 592, 329, 328, 0, 0, 279, 0]

 ### Operon type: 357

	 A0A009T9H0	[0, 2, 594, -1, 0, 0, 102, 0, 101]

 ### Operon type: 358

	 A0A010THH5	[0, 462, 278, 188, 0, 0, 469, 0, 428]

 ### Operon type: 359

	 A0A011WSH8	[0, 0, 0, 699, 405, 0, 0, 0, 0]
	 A0A011VZE3	[0, 0, 0, 699, 405, 0, 0, 0, 0]

 ### Operon type: 360

	 A0A011NAF3	[0, 0, 0, 0, 0, 0, 699, 0, 564]

 ### Operon type: 361

	 A0A009IQ93	[190, 0, 699, 0, 0, 189, 0, 0, 0]

 ### Operon type: 362

	 A0A009TLU4	[0, 214, -1, 31, 0, 14, 0, -1, -1]

 ### Operon type: 363

	 A0A010JNG7	[434, 0, 0, 433, 0, 0, 0, 0, 0]

 ### Operon type: 364

	 A0A010S003	[626, 0, 0, 0, 0, 595, 595, 450, 0]

 ### Operon type: 365

	 A0A010SMN8	[0, -1, 127, 0, 503, 0, 0, 630, 0]

 ### Operon type: 366

	 A0A010SXS1	[0, 85, 0, 0, 0, 159, 0, 0, 673]

 ### Operon type: 367

	 A0A010T689	[308, -1, 469, 453, 0, 0, 0, 0, 0]

 ### Operon type: 368

	 A0A010TBB4	[0, 488, 0, 128, 0, 0, 0, 0, 592]

 ### Operon type: 369

	 A0A010YFK3	[0, 455, 0, 0, 0, 0, 435, 0, 253]

 ### Operon type: 370

	 A0A010YVY1	[8, 0, 8, 0, 0, 0, 0, 450, 0]

 ### Operon type: 371

	 A0A010Z7T4	[0, 0, 0, 0, 0, 0, 0, 221, 552]

 ### Operon type: 372

	 A0A010RRR9	[0, 0, 0, 0, 704, 0, 0, 461, 221]

 ### Operon type: 373

	 A0A010SIA7	[0, 0, 461, 460, 0, 0, 0, 0, 0]

 ### Operon type: 374

	 A0A010ZSZ2	[0, 399, 0, 482, 398, 0, 0, 0, 0]

 ### Operon type: 375

	 A0A010Z0Y7	[0, 0, 0, 0, 398, 447, 0, 0, 0]

 ### Operon type: 376

	 A0A010ZUR7	[411, 5, 0, 5, 0, 4, 450, 0, 0]

 ### Operon type: 377

	 A0A011A0M8	[0, 0, 363, 0, 26, 0, 0, 3, 3]

 ### Operon type: 378

	 A0A011NFL4	[0, 558, 0, 0, 557, 578, 0, 556, 0]

 ### Operon type: 379

	 A0A011P407	[0, 0, 600, 610, 0, 0, 592, 0, 591]

 ### Operon type: 380

	 A0A011QGT2	[699, 0, 0, 698, 697, 0, 0, 0, 0]

 ### Operon type: 381

	 A0A011QSA4	[646, 0, 645, 644, 0, 0, 0, 0, 643]

 ### Operon type: 382

	 A0A011T6J6	[0, 605, 0, 649, 0, 0, 260, 0, 163]

 ### Operon type: 383

	 A0A011TAL2	[0, 708, 0, 0, 0, 122, 0, 519, 0]

 ### Operon type: 384

	 A0A011TYT7	[0, 0, 0, 0, 0, 0, 162, 161, 161]

 ### Operon type: 385

	 A0A011TZG0	[363, 603, 0, 0, 0, 0, 0, 342, 0]

 ### Operon type: 386

	 A0A011Q6N5	[0, 0, 0, 0, 0, 0, 604, 603, 604]

 ### Operon type: 387

	 A0A011UII7	[0, 0, 0, 0, 0, 513, 160, 0, 0]

 ### Operon type: 388

	 A0A011UNT9	[158, 217, 0, 0, 0, 0, 0, 0, 0]

 ### Operon type: 389

	 A0A011SIS0	[0, 540, 218, 218, 0, 0, 0, 217, 0]

 ### Operon type: 390

	 A0A011UT49	[0, 399, 0, 0, 0, 0, 85, 113, 0]

 ### Operon type: 391

	 A0A011VU65	[436, 0, 0, 0, 0, 435, 0, 0, 0]

 ### Operon type: 392

	 A0A011VV03	[0, 411, 0, 0, 410, 409, 0, 0, 0]

 ### Operon type: 393

	 A0A011VVZ9	[0, 0, -1, 0, 0, 408, 407, 407, 406]

 ### Operon type: 394

	 A0A011VWX7	[673, 314, 0, 0, 0, 0, 0, 470, 0]

 ### Operon type: 395

	 A0A011VXK7	[472, 472, 0, 312, 0, 0, 0, 607, 0]

 ### Operon type: 396

	 A0A011W0I6	[265, 0, 0, 0, 0, 360, 0, 560, 0]

 ### Operon type: 397

	 A0A010YEF6	[0, 265, 0, 0, 0, 0, 0, 0, 11]

 ### Operon type: 398

	 A0A013SQH1	[0, 0, 0, 0, 396, 464, 0, 434, 445]

 ### Operon type: 399

	 A0A009LNU8	[390, 392, 393, 394, 0, 31, 0, 434, 0]

 ### Operon type: 400

	 A0A013SRG6	[395, 394, 393, 392, 0, 391, 0, 390, 468]

 ### Operon type: 401

	 A0A009IQU8	[0, 392, 0, 0, 0, 391, 468, 0, 0]

 ### Operon type: 402

	 A0A010K2K8	[393, 394, 395, 0, 0, 0, 0, -1, 434]

 ### Operon type: 403

	 A0A011NPR8	[0, 468, 0, 0, 0, 0, 467, 0, 0]

 ### Operon type: 404

	 A0A010SEA2	[609, 467, 462, 0, 0, 0, 0, 0, 0]

 ### Operon type: 405

	 A0A009ZIC0	[494, 493, 492, 491, 490, 504, 489, 488, 487]

 ### Operon type: 406

	 A0A009ZB47	[284, 283, 0, 0, 0, 585, 426, 0, 0]

 ### Operon type: 407

	 A0A010RM40	[351, 699, 611, 0, 0, 0, 0, -1, 590]

 ### Operon type: 408

	 A0A010RRQ6	[0, 307, 0, 0, 0, 503, 492, 222, 0]

 ### Operon type: 409

	 A0A010S423	[260, 0, 0, 0, 0, 0, 0, 259, 476]

 ### Operon type: 410

	 A0A010T0I7	[0, 0, 11, 0, 0, 647, 645, 699, 0]

 ### Operon type: 411

	 A0A011AHU9	[0, 0, 0, 0, 0, 0, 0, 6, 562]

 ### Operon type: 412

	 A0A010YY02	[0, 7, 0, 0, 7, 614, 486, 0, 6]

 ### Operon type: 413

	 A0A011NA78	[0, 456, 0, 0, 0, 636, 0, 0, 590]

 ### Operon type: 414

	 A0A011P8W7	[601, 600, 673, 0, 599, 0, 0, 0, 0]

 ### Operon type: 415

	 A0A011PG97	[630, 0, 0, 629, 0, 0, 0, 0, 0]

 ### Operon type: 416

	 A0A011PKT4	[0, 464, 0, 0, 0, 0, 463, 0, 0]

 ### Operon type: 417

	 A0A011PLB2	[0, 601, 0, 579, 0, 0, 0, 0, 0]

 ### Operon type: 418

	 A0A011R339	[0, 0, 0, 0, 0, 0, 99, 98, 0]

 ### Operon type: 419

	 A0A011SFE5	[0, 0, 0, 472, 0, 0, 558, 610, 471]

 ### Operon type: 420

	 A0A011SJT5	[0, 0, 0, 406, 216, 216, 216, 216, 216]

 ### Operon type: 421

	 A0A011TDQ5	[0, 0, 0, 0, 152, 361, 0, 0, 0]

 ### Operon type: 422

	 A0A011UG17	[142, 0, 269, 0, 38, 436, 0, 0, 0]

 ### Operon type: 423

	 A0A011V8Z7	[0, 0, 0, 0, 0, 170, 169, 0, 0]

 ### Operon type: 424

	 A0A011VT01	[0, 0, 439, 0, 0, 439, 0, 0, 438]

 ### Operon type: 425

	 A0A011VYP6	[0, 0, 0, 0, 0, 0, 269, 705, 0]

 ### Operon type: 426

	 A0A011V392	[313, 0, 550, 267, 266, 165, 0, 397, 166]

 ### Operon type: 427

	 A0A009Q0U9	[502, 501, 500, 0, 106, 105, -1, -1, 0]

 ### Operon type: 428

	 A0A010SRB2	[14, 13, 0, 0, 0, 13, 12, 0, 0]

 ### Operon type: 429

	 A0A011VJ76	[114, 114, 113, 556, 0, 699, 363, 0, 600]

 ### Operon type: 430

	 A0A013SKX6	[0, 0, 478, 0, 385, 385, 202, 201, 200]

 ### Operon type: 431

	 A0A010KA25	[426, 0, 469, 220, 219, 0, 0, 426, 335]

 ### Operon type: 432

	 A0A011WUA8	[537, 0, 0, 179, 0, 0, 0, 157, 157]

 ### Operon type: 433

	 A0A010S4X6	[0, 447, 611, 595, 321, 0, 520, 586, 559]

 ### Operon type: 434

	 A0A011U8C0	[0, 252, 251, 0, 250, 249, 0, 0, 0]
