
 ### Operon type: 1

	 A0A010ILU3	[298, 297, 296, 463, 295, 294, 293, 292, 356]
	 A0A009MW50	[298, 297, 296, 463, 295, 294, 293, 292, 356]
	 A0A009QS71	[298, 297, 296, 463, 295, 294, 293, 292, 356]
	 A0A009QBR9	[298, 297, 296, 463, 295, 294, 292, 356, 108]
	 A0A009H3B0	[298, 297, 296, 463, 295, 294, 293, 292, 356]
	 A0A009I8S2	[298, 297, 296, 463, 295, 294, 292, 356, 108]
	 A0A009TM70	[298, 297, 296, 463, 295, 294, 292, 356, 108]

 ### Operon type: 2

	 A0A013TH43	[456, 455, 674, 454, 453, 452, 451, 450, 449]
	 A0A009RAF0	[456, 455, 674, 454, 453, 452, 451, 450, 449]

 ### Operon type: 3

	 A0A011PVT3	[834, 833, 832, 831, 830, 829, 828, 827, 826]
	 A0A011R7V7	[834, 833, 832, 831, 830, 829, 828, 827, 826]
	 A0A011MET3	[834, 833, 832, 831, 830, 829, 828, 827, 826]

 ### Operon type: 4

	 A0A013SNJ8	[627, 357, 356, 355, 354, 412, 364, 353, 352]
	 A0A013RZW2	[627, 357, 356, 355, 354, 412, 364, 353, 352]
	 A0A009PH20	[627, 357, 356, 355, 354, 412, 364, 353, 352]
	 A0A009MMM3	[627, 357, 356, 355, 354, 412, 364, 353, 352]
	 A0A009HBT3	[627, 357, 356, 355, 354, 412, 364, 353, 352]
	 A0A009RD69	[627, 357, 356, 355, 354, 412, 364, 353, 352]
	 A0A010J9U3	[627, 357, 356, 355, 354, 412, 364, 353, 352]
	 A0A009SIZ4	[627, 357, 356, 355, 354, 412, 364, 353, 352]
	 A0A009IV03	[627, 357, 356, 355, 354, 412, 364, 353, 352]
	 A0A009YIZ0	[627, 357, 356, 355, 354, 412, 364, 353, 352]

 ### Operon type: 5

	 A0A009PH57	[257, 256, -1, 255, 254, 789, 253, 428, 252]
	 A0A009TG92	[257, 256, -1, 255, 254, 789, 253, 428, 252]

 ### Operon type: 6

	 A0A013SXT2	[344, 343, 342, 341, 412, 340, 339, 338, 337]
	 A0A013S288	[344, 343, 342, 341, 412, 340, 339, 338, 337]
	 A0A009PWG1	[344, 343, 342, 341, 412, 340, 339, 338, 337]
	 A0A009N031	[344, 343, 342, 341, 412, 340, 339, 338, 337]
	 A0A010J3I1	[344, 343, 342, 341, 412, 340, 339, 338, 337]
	 A0A009SFX8	[344, 343, 342, 341, 79, 412, 340, 339, 338]
	 A0A009I0I9	[344, 343, 342, 341, 412, 340, 339, 338, 337]
	 A0A009R2X0	[344, 343, 342, 341, 412, 340, 339, 338, 337]
	 A0A009TBM2	[343, 342, 341, 79, 412, 340, 339, 338, 337]

 ### Operon type: 7

	 A0A013T8M5	[484, 838, 483, 482, 481, 575, 480, 479, 478]
	 A0A013SZ54	[484, 838, 483, 482, 481, 575, 480, 479, 478]
	 A0A009Q3K7	[484, 838, 483, 482, 481, 575, 480, 479, 478]
	 A0A009N123	[484, 838, 483, 482, 481, 575, 480, 479, 478]
	 A0A009IRJ6	[484, 838, 483, 482, 481, 575, 480, 479, 478]
	 A0A009RBQ2	[484, 838, 483, 482, 481, 575, 480, 479, 478]
	 A0A010IMP8	[484, 838, 483, 482, 481, 575, 480, 479, 478]
	 A0A009SWU0	[484, 838, 483, 482, 481, 575, 480, 479, 478]
	 A0A009H7U0	[484, 838, 483, 482, 481, 575, 480, 479, 478]
	 A0A009ZM43	[-1, 838, 483, 482, 481, 575, 480, 479, 478]

 ### Operon type: 8

	 A0A009ZIC0	[619, 618, 617, 616, 615, 614, 613, 612, 611]
	 A0A013RMD0	[-1, 618, 617, 616, 615, 614, 613, 612, 611]
	 A0A009N9Z1	[-1, 618, 617, 616, 615, 614, 613, 612, 611]
	 A0A009RG92	[-1, 618, 617, 616, 615, 614, 613, 612, 611]
	 A0A009QDV7	[-1, 618, 617, 616, 615, 614, 613, 612, 611]
	 A0A010JDA6	[-1, 618, 617, 616, 615, 614, 613, 612, 611]
	 A0A009IHQ3	[-1, 618, 617, 616, 615, 614, 613, 612, 611]
	 A0A009S854	[-1, 618, 617, 616, 615, 614, 613, 612, 611]
	 A0A009H6M2	[-1, 618, 617, 616, 615, 614, 613, 612, 611]

 ### Operon type: 9

	 A0A011V5V3	[0, 171, 170, 169, 168, 167, 166, 165, 164]
	 A0A011UIA1	[171, 170, 169, 168, 167, 166, 165, 164, 0]

 ### Operon type: 10

	 A0A011PTE7	[721, 720, 719, 718, 717, 0, 716, 715, 714]
	 A0A011NE72	[721, 720, 719, 718, 717, 716, 715, 714, 0]

 ### Operon type: 11

	 A0A010JWJ1	[278, 139, 825, 138, 277, 276, 275, 274, 273]
	 A0A009I4A1	[278, 139, 825, 138, 277, 276, 275, 274, 273]

 ### Operon type: 12

	 A0A009QF22	[280, 279, 278, 0, 277, 276, 275, 274, 273]
	 A0A009TBY8	[280, 279, 278, 138, 277, 276, 275, 274, 273]

 ### Operon type: 13

	 A0A011NEY3	[504, 872, 873, 871, 871, 870, 869, 868, 0]

 ### Operon type: 14

	 A0A011PAN4	[872, 873, 0, 871, 871, 870, 869, 868, 867]

 ### Operon type: 15

	 A0A011RCD5	[504, 872, 873, 871, 871, 870, 869, 868, 867]

 ### Operon type: 16

	 A0A011P4U7	[0, 741, 740, 739, 738, 737, 736, 735, 734]
	 A0A011NAY5	[741, 740, 739, 738, 737, 736, 735, 734, 0]

 ### Operon type: 17

	 A0A011PF67	[860, 859, 858, 857, 856, 0, 0, 0, 0]
	 A0A011NBX7	[860, 859, 858, 857, 856, 567, 0, 0, 0]
	 A0A011NW66	[860, 859, 858, 857, 856, 567, 0, 0, 0]

 ### Operon type: 18

	 A0A011RHX4	[860, 859, 858, 857, 856, 503, 502, 524, 0]
	 A0A011NS68	[860, 859, 858, 857, 856, 503, 502, 524, 746]

 ### Operon type: 19

	 A0A010YT39	[0, 523, 31, 214, 30, 29, 28, 27, 411]

 ### Operon type: 20

	 A0A010Z7T4	[31, 214, 30, 29, 28, 27, 411, 213, 724]

 ### Operon type: 21

	 A0A013SP43	[366, 365, 364, 363, 362, 361, 360, 359, 358]
	 A0A010K6G6	[366, 365, 364, 363, 362, 361, 360, 0, 358]
	 A0A009RUN3	[366, 365, 364, 363, 362, 361, 360, 359, 358]

 ### Operon type: 22

	 A0A011VWR4	[0, 0, 0, 0, 522, 521, 520, 519, 518]

 ### Operon type: 23

	 A0A011VYP6	[522, 521, 520, 519, 518, 0, 517, 831, 0]

 ### Operon type: 24

	 A0A011QAS2	[0, 477, 476, 475, 474, 473, 472, 471, 470]
	 A0A011NEQ1	[0, 477, 476, 475, 474, 473, 472, 471, 470]

 ### Operon type: 25

	 A0A010JSI3	[603, 602, 601, 600, 599, 598, 597, 596, 0]
	 A0A013T0M4	[603, 602, 601, 600, 599, 598, 597, 596, 0]
	 A0A009HDS5	[603, 602, 601, 600, 599, 598, 597, 596, 146]
	 A0A009RGL2	[603, 602, 601, 600, 599, 598, 597, 596, 146]

 ### Operon type: 26

	 A0A009SNL0	[64, 63, 413, 106, 105, 104, 103, 102, 101]

 ### Operon type: 27

	 A0A009T1I8	[413, 106, 105, 104, 103, 102, 101, 0, 0]

 ### Operon type: 28

	 A0A011VUV0	[651, 650, 649, 648, 647, 646, 666, 645, 0]
	 A0A011VW71	[0, 651, 650, 649, 648, 647, 646, 666, 645]

 ### Operon type: 29

	 A0A011UG71	[159, 263, 158, 163, 162, 264, 161, 262, 160]

 ### Operon type: 30

	 A0A011V8Z7	[0, 0, 159, 263, 158, 163, 162, 264, 161]

 ### Operon type: 31

	 A0A011V8Y9	[163, 162, 264, 161, 262, 160, 0, 0, 0]

 ### Operon type: 32

	 A0A011U8C0	[0, 264, 263, 0, 425, 262, 0, 0, 0]

 ### Operon type: 33

	 A0A011QBB5	[803, 802, 801, 800, 799, 798, 797, 796, 795]
	 A0A011QSF0	[0, 802, 801, 800, 799, 798, 797, 796, 0]
	 A0A011Q0X6	[803, 802, 801, 800, 799, 798, 797, 796, 795]
	 A0A011Q1X8	[802, 0, 801, 800, 799, 798, 797, 796, 795]

 ### Operon type: 34

	 A0A011PG87	[803, 802, 801, 800, 799, 798, 797, 0, 0]

 ### Operon type: 35

	 A0A011PCT1	[866, 865, 864, 0, 0, 0, 0, 863, 0]

 ### Operon type: 36

	 A0A011QU35	[0, 0, 0, 0, 768, 0, 866, 865, 864]

 ### Operon type: 37

	 A0A011Q2B1	[751, 733, 768, 732, 864, 686, 685, 684, 863]

 ### Operon type: 38

	 A0A011RLN8	[750, 749, 768, 732, 864, 686, 685, 684, 863]

 ### Operon type: 39

	 A0A011P700	[0, 0, 753, 752, 751, 733, 768, 732, 864]

 ### Operon type: 40

	 A0A011QSI4	[0, 0, 753, 752, 751, 0, 750, 749, 768]

 ### Operon type: 41

	 A0A013T337	[660, 496, 495, 494, 493, 758, 492, 761, 491]
	 A0A013TH30	[660, 496, 495, 494, 493, 758, 492, 761, 491]
	 A0A013S981	[398, 660, 496, 495, 494, 493, 758, 492, 761]

 ### Operon type: 42

	 A0A010JY00	[398, 660, 496, 495, 623, 758, 492, 761, 491]

 ### Operon type: 43

	 A0A013TPV4	[373, 372, 371, 370, 369, 368, 640, 825, 367]
	 A0A009MGJ1	[373, 372, 371, 370, 369, 368, 640, 825, 367]
	 A0A009QQ47	[373, 372, 371, 370, 369, 368, 640, 825, 367]
	 A0A010IZE4	[373, 372, 371, 370, 369, 368, 640, 825, 367]
	 A0A009HR98	[373, 372, 371, 370, 369, 368, 640, 825, 367]
	 A0A009SZB5	[373, 372, 371, 370, 369, 368, 640, 825, 367]
	 A0A009HL81	[373, 372, 371, 370, 369, 368, 640, 825, 367]

 ### Operon type: 44

	 A0A009Z8F7	[372, 371, 368, 0, 369, 176, 176, 0, 175]

 ### Operon type: 45

	 A0A009HFU9	[92, 91, 90, 89, 619, 448, 88, 87, 0]
	 A0A009R016	[92, 91, 90, 89, 619, -1, 448, 88, 87]

 ### Operon type: 46

	 A0A011UJN3	[0, 327, 0, 0, 559, 558, 557, 556, 555]

 ### Operon type: 47

	 A0A011W213	[559, 558, 557, 556, 555, 554, 0, 0, 0]

 ### Operon type: 48

	 A0A011QIT1	[813, 812, 811, 810, 809, 808, 807, 806, 805]
	 A0A011QUG8	[813, 812, 811, 810, 809, 808, 0, 807, 806]

 ### Operon type: 49

	 A0A011PP01	[727, 726, 725, 769, 770, 771, 772, 773, 774]
	 A0A011NVE7	[727, 726, 725, 769, 770, 771, 772, 773, 774]

 ### Operon type: 50

	 A0A011P2I4	[777, 776, 775, 774, 773, 772, 771, 770, 769]
	 A0A011N9N8	[777, 776, 775, 774, 773, 772, 771, 770, 769]

 ### Operon type: 51

	 A0A011PIY7	[712, 0, 775, 774, 773, 772, 771, 0, 769]

 ### Operon type: 52

	 A0A011Q3J4	[0, 712, 775, 774, 773, 772, 771, 770, 0]

 ### Operon type: 53

	 A0A011MH88	[526, 712, 775, 774, 773, 772, 771, 770, 769]

 ### Operon type: 54

	 A0A013SPM5	[489, 488, 609, 608, 607, 487, 486, 485, 605]
	 A0A009QFZ7	[489, 488, 609, 608, 607, 487, 486, 485, 605]
	 A0A010IX62	[489, 488, 609, 608, 607, 487, 486, 485, 605]
	 A0A009HSL1	[489, 488, 609, 608, 607, 487, 486, 485, 605]
	 A0A009I6Z0	[489, 488, 609, 608, 607, 487, 486, 485, 605]
	 A0A009MH71	[489, 488, 609, 608, 607, 487, 486, 485, 605]
	 A0A009TK03	[489, 488, 609, 608, 607, 487, 486, 485, 605]

 ### Operon type: 55

	 A0A009ZIX8	[0, 610, 609, 608, 607, 606, 0, 605, 0]

 ### Operon type: 56

	 A0A013TPR7	[380, 379, 378, 377, 376, 375, 374, 728, 661]
	 A0A010JJN4	[380, 379, 378, 377, 376, 375, 374, 728, 661]
	 A0A009NI48	[380, 379, 378, 377, 376, 375, 374, 728, -1]
	 A0A009PMT3	[380, 379, 378, 377, 376, 375, 374, 728, 661]
	 A0A009SEP4	[380, 379, 378, 377, 376, 0, 375, 374, 0]
	 A0A009RMI1	[380, 379, 378, 377, 376, 375, 374, 728, 0]
	 A0A009I8I7	[380, 379, 378, 377, 376, 375, 374, 728, 42]
	 A0A009HJJ5	[380, 379, 378, 377, 376, 375, 374, 728, 42]
	 A0A009YG45	[0, 380, 379, 378, 376, 0, 375, 374, 728]

 ### Operon type: 57

	 A0A013S8F0	[407, 406, 405, 404, 403, 825, 817, 402, 662]
	 A0A013TPQ9	[407, 406, 405, 404, 403, 825, 817, 402, 662]
	 A0A009PMU2	[407, 406, 405, -1, 403, 825, 817, 402, 662]
	 A0A010IZH1	[-1, 406, 405, 404, 403, 825, 817, 402, 662]
	 A0A009SZ84	[407, 406, 405, 404, 403, 825, 817, 402, 662]
	 A0A009HJM0	[407, 406, 405, 404, 403, 825, 817, 402, 662]

 ### Operon type: 58

	 A0A009HUS9	[406, 405, 0, 404, 403, 46, -1, 47, 48]

 ### Operon type: 59

	 A0A009ISE1	[375, 374, 728, 48, 47, -1, 46, 403, 404]

 ### Operon type: 60

	 A0A009NPS1	[407, 406, 405, 404, 403, -1, 728, 374, 375]

 ### Operon type: 61

	 A0A013SB36	[397, 396, 395, 394, 393, 392, 391, 390, 389]
	 A0A009QSI3	[397, 396, 395, 394, 393, 392, 391, 390, -1]

 ### Operon type: 62

	 A0A010ITP2	[397, 396, 395, 394, 393, 392, 391, 0, 0]

 ### Operon type: 63

	 A0A009SII9	[-1, 396, 395, 394, 393, 392, 391, 78, 77]

 ### Operon type: 64

	 A0A009T0Q9	[393, 392, 391, 78, 77, 389, 526, 825, 59]

 ### Operon type: 65

	 A0A009YJF4	[0, 392, 391, 72, 71, 526, 825, 0, 59]

 ### Operon type: 66

	 A0A009GP96	[0, 86, 825, 213, 229, 85, 448, 84, 83]

 ### Operon type: 67

	 A0A009GSR4	[213, 229, 85, 448, 84, 83, 83, 82, 0]

 ### Operon type: 68

	 A0A009IIT6	[86, 825, 213, 229, 84, 83, 83, 82, 0]

 ### Operon type: 69

	 A0A011SQL0	[745, 427, -1, 426, 425, 424, 423, 422, 421]
	 A0A011UZ49	[427, -1, 426, 425, 424, 423, 422, 421, 0]

 ### Operon type: 70

	 A0A009PT82	[776, 804, 204, 203, 202, 201, 200, 199, 198]
	 A0A009SIF9	[776, 804, 204, 203, 202, 201, 200, 199, 198]

 ### Operon type: 71

	 A0A009IS10	[221, 0, 0, 0, 202, 201, 200, 0, 0]

 ### Operon type: 72

	 A0A009QHW5	[0, 0, 0, 298, 202, 201, 200, 0, 174]

 ### Operon type: 73

	 A0A011UVB4	[0, 0, 0, 222, 0, 0, 221, 0, 645]

 ### Operon type: 74

	 A0A011V107	[436, -1, 510, 508, 511, 507, 435, 434, 0]
	 A0A011U7M7	[0, 436, -1, 510, 508, 511, 507, 435, 434]

 ### Operon type: 75

	 A0A011TLH0	[512, 511, 510, 509, 508, 507, 0, 0, 0]

 ### Operon type: 76

	 A0A011UG87	[540, 541, 542, 512, 511, 510, 509, 508, 507]

 ### Operon type: 77

	 A0A011TLH7	[542, 541, 540, 0, 0, 0, 0, 0, 0]

 ### Operon type: 78

	 A0A011TWN2	[539, 538, 537, 536, 535, 534, 533, 0, 0]
	 A0A011TAF9	[0, 0, 539, 538, 537, 536, 535, 534, 533]

 ### Operon type: 79

	 A0A011Q5V7	[545, 0, 0, 0, 679, 678, 677, 676, 675]

 ### Operon type: 80

	 A0A011RM25	[679, 678, 677, 676, 675, 766, 0, 674, 0]

 ### Operon type: 81

	 A0A011QIE8	[820, 819, 818, 817, 816, 815, 814, 0, 0]
	 A0A011QDV3	[820, 819, 818, 817, 816, 815, 804, 0, 814]

 ### Operon type: 82

	 A0A011PL71	[705, 704, 703, 702, 701, 777, 700, 699, 0]
	 A0A011QAB0	[704, 703, 702, 0, 701, 777, 700, 699, 0]

 ### Operon type: 83

	 A0A011Q6N5	[632, 631, 630, 0, 0, 0, 544, 543, 544]

 ### Operon type: 84

	 A0A011SGD5	[0, 0, 0, 0, 0, 0, 632, 631, 630]

 ### Operon type: 85

	 A0A011NYU6	[791, 790, 0, 789, 788, 564, 563, 0, 787]

 ### Operon type: 86

	 A0A011PYI6	[791, 790, 0, 789, 788, 787, 786, 785, 0]

 ### Operon type: 87

	 A0A011P1C0	[0, 0, 564, 563, 787, 0, 0, 0, 0]

 ### Operon type: 88

	 A0A011PKU5	[711, 710, 709, 708, 709, 707, 706, 0, 0]
	 A0A011N4G4	[0, 0, 711, 710, 709, 708, 709, 707, 706]

 ### Operon type: 89

	 A0A010ZWJ8	[12, 13, 14, 724, 15, 683, 527, 683, 16]

 ### Operon type: 90

	 A0A011AHW1	[15, 724, 14, 13, 12, 0, 0, 11, 0]

 ### Operon type: 91

	 A0A011AHU9	[527, 683, 16, 0, 0, 0, 0, 17, 526]

 ### Operon type: 92

	 A0A010ZX98	[6, 7, 8, 9, 10, 20, 817, 817, 0]

 ### Operon type: 93

	 A0A011AIL7	[10, 9, 8, 7, 6, 0, 0, 0, 0]

 ### Operon type: 94

	 A0A010YF95	[546, 36, 807, 35, 34, 34, 33, 328, 32]

 ### Operon type: 95

	 A0A010ZJQ6	[36, 807, 35, 34, 34, 33, 328, 32, 0]

 ### Operon type: 96

	 A0A009GXL8	[75, 74, 73, 72, 71, 138, 232, 231, 230]

 ### Operon type: 97

	 A0A010JIW7	[75, 74, 73, 72, 71, 0, 0, 232, 231]

 ### Operon type: 98

	 A0A011QNA5	[0, 851, 850, 849, 0, 848, 847, 846, 845]
	 A0A009ZLJ7	[845, 846, 847, 848, 0, 0, 851, 850, 849]

 ### Operon type: 99

	 A0A013T0T6	[848, 847, 846, 845, 501, 500, 499, 498, 497]
	 A0A009PE10	[848, 847, 846, 845, 501, 205, 499, 498, -1]
	 A0A009QMH5	[848, 847, 846, 845, 501, 500, 499, 498, 497]
	 A0A009HAX1	[848, 847, 846, 845, 501, 500, 499, 498, 497]
	 A0A009RMD0	[848, 847, 846, 845, 501, 205, 499, 498, 497]
	 A0A009ISY0	[848, 847, 846, 845, 501, 205, 499, 498, 497]

 ### Operon type: 100

	 A0A010ILW6	[848, 847, 846, 845, 501, 500, 0, 0, 498]

 ### Operon type: 101

	 A0A009Z9X7	[847, 846, 845, 0, 501, 0, 765, 0, 498]

 ### Operon type: 102

	 A0A013S8V2	[401, 400, 0, 0, 0, 399, 0, 0, 0]
	 A0A009R8E1	[0, 562, 0, 401, 400, 0, 0, 399, 0]

 ### Operon type: 103

	 A0A009ZFR5	[627, 626, 625, 624, 623, 622, 621, 620, 761]
	 A0A009ICH6	[627, 626, 625, 624, 623, 622, 621, 620, 761]

 ### Operon type: 104

	 A0A009NQA1	[627, 626, 625, 624, 190, 189, 495, 761, 758]
	 A0A009RR21	[627, 626, 625, 624, 190, 189, 495, 761, 758]

 ### Operon type: 105

	 A0A009HTN9	[627, 626, 625, 624, 190, 189, 44, 464, 43]
	 A0A009T3J5	[627, 626, 625, 624, 190, 189, 44, 464, 43]

 ### Operon type: 106

	 A0A009Q0U9	[627, 626, 625, 624, 190, 189, -1, -1, 0]

 ### Operon type: 107

	 A0A009IPC3	[127, 126, 125, 124, 123, 122, 121, 120, 119]
	 A0A009QEG7	[127, 126, 125, 124, 123, 122, 121, 120, 119]

 ### Operon type: 108

	 A0A009I573	[68, 0, 67, 66, 0, 65, 123, 124, 125]

 ### Operon type: 109

	 A0A009ILP9	[120, 0, 125, 124, 123, 65, 119, 66, 67]

 ### Operon type: 110

	 A0A009I953	[120, 0, 125, 124, 123, 65, 119, 0, -1]

 ### Operon type: 111

	 A0A009SX74	[782, 746, 0, 66, 119, 120, 126, 127, 96]

 ### Operon type: 112

	 A0A009MMG9	[244, 383, 570, 243, 242, 241, 240, 239, 330]
	 A0A009QVK8	[244, 383, 570, 243, 242, 241, 240, 239, 330]
	 A0A010IPH1	[244, 383, 570, 243, 242, 241, 240, 239, 330]
	 A0A009ICP5	[244, 383, 570, 243, 242, 241, 240, 239, 330]

 ### Operon type: 113

	 A0A009QLL2	[114, 113, 112, 111, 242, 241, 240, 239, 330]
	 A0A009SIV4	[114, 113, 112, 111, 242, 241, 240, 239, 330]
	 A0A009HTW0	[114, 113, 112, 111, 242, 241, 240, 239, 330]
	 A0A013TSJ4	[113, 112, 0, 111, 242, 241, 240, 239, 330]

 ### Operon type: 114

	 A0A013TCN9	[463, 462, 461, 460, 459, 458, 457, 825, 817]
	 A0A009QNC9	[463, 462, 461, 460, 459, 458, 457, 825, 817]
	 A0A009NIJ3	[463, 462, 461, 460, 459, 458, 457, 825, 817]
	 A0A010ITG1	[463, 462, 461, 460, 459, 458, 457, 825, 817]
	 A0A013TRC1	[463, 462, 461, 460, 459, 458, 457, 825, 817]

 ### Operon type: 115

	 A0A009H935	[0, 0, 461, 460, 459, 458, 457, 825, 817]

 ### Operon type: 116

	 A0A009QEX0	[291, 290, 289, 288, 287, 282, 282, 785, 281]
	 A0A009SF48	[291, 290, 289, 288, 287, -1, 282, 785, 281]
	 A0A009IMX3	[291, 290, 289, 288, 287, 282, 282, 785, 281]

 ### Operon type: 117

	 A0A013S7V1	[291, 290, 289, 288, 287, 286, 627, 285, 284]
	 A0A009MR00	[291, 290, 289, 288, 287, 286, 627, 285, 284]
	 A0A009RES7	[291, 290, 289, 288, 287, 286, 627, 285, 284]
	 A0A010ISX2	[291, 290, 289, 288, 287, 286, 627, 285, 284]

 ### Operon type: 118

	 A0A009YTT3	[3, 619, 289, 288, 287, 286, 627, 285, 284]

 ### Operon type: 119

	 A0A009GYP9	[0, 0, 0, 288, 287, 286, 627, 285, 284]

 ### Operon type: 120

	 A0A009ZZC8	[-1, 63, 64, 3, 619, 289, 288, 287, 286]

 ### Operon type: 121

	 A0A011WSE5	[589, 588, 587, 586, 585, 584, 321, 320, 408]
	 A0A011UGX8	[590, 589, 588, 587, 586, 585, 584, 321, 320]

 ### Operon type: 122

	 A0A011VZG0	[591, 0, 590, 589, 588, 587, 586, 585, 584]

 ### Operon type: 123

	 A0A009PJF7	[251, 250, 250, 249, 248, 656, 247, 246, 245]
	 A0A009SJZ7	[222, 251, 250, 249, 248, 656, 247, 246, 245]

 ### Operon type: 124

	 A0A009Z5G0	[656, 249, 250, 0, 430, 251, 222, 335]

 ### Operon type: 125

	 A0A010JJC1	[628, 305, 304, 303, 302, 301, 300, 306, 299]
	 A0A010IZ41	[305, 304, 303, 302, 301, 300, 306, 299, 364]

 ### Operon type: 126

	 A0A009QJL6	[628, 305, 304, 303, 0, 299, 364, 57, 0]

 ### Operon type: 127

	 A0A013SGL3	[388, 387, 386, 385, 384, 776, 383, 743, 382]
	 A0A013TB41	[388, -1, 386, 385, 384, 776, 383, 743, 382]
	 A0A009PG53	[388, 387, 386, 385, 384, 776, 383, 743, 382]
	 A0A010KAV2	[388, 387, 386, 385, 384, 776, 383, 743, 382]
	 A0A009NE81	[388, 387, 386, 385, 384, 776, 383, 743, 382]
	 A0A009SHB3	[388, 387, 386, 385, 384, 776, 383, 743, 382]
	 A0A009I5Z6	[388, 387, 386, 385, 384, 776, 383, 743, 382]
	 A0A009RQH3	[388, 387, 386, 385, 384, 776, 383, 743, 382]

 ### Operon type: 128

	 A0A009H3X4	[388, 387, 386, 385, 384, 776, -1, 593, -1]

 ### Operon type: 129

	 A0A009PIB4	[0, 0, 0, 197, 196, 195, 448, 825, 777]
	 A0A009SLR5	[0, 0, 0, 197, 196, 195, 448, 825, 777]

 ### Operon type: 130

	 A0A009HSU4	[0, 0, 695, 825, 0, 776, 743, 777, 448]

 ### Operon type: 131

	 A0A009I463	[641, 95, 94, 412, 412, 411, 410, 409, 188]
	 A0A009PAG1	[641, 95, 94, 412, 412, 411, 410, 409, 188]

 ### Operon type: 132

	 A0A013SKX6	[0, 0, 641, 0, 412, 412, 411, 410, 409]

 ### Operon type: 133

	 A0A011Q5S3	[805, 548, 0, 0, 0, 0, 547, 574, 546]

 ### Operon type: 134

	 A0A011UZZ4	[0, 547, 574, 0, 0, 0, 439, 439, 546]

 ### Operon type: 135

	 A0A011UTJ0	[0, 0, 0, 227, 226, 225, 736, 224, 223]

 ### Operon type: 136

	 A0A011VMV7	[227, 226, 225, 736, 224, 223, 132, 131, 130]

 ### Operon type: 137

	 A0A011NYT4	[731, 730, 729, 728, 0, 336, 336, 392, 391]

 ### Operon type: 138

	 A0A011P8E9	[0, 0, 731, 730, 0, 729, 728, 0, 0]

 ### Operon type: 139

	 A0A010TF34	[0, -1, 0, 0, 54, 53, 52, 51, 50]
	 A0A010SYH9	[54, 53, 52, 51, 50, 0, 0, 0, 0]

 ### Operon type: 140

	 A0A010S7A1	[180, 179, 178, 315, 0, 177, 0, 0, 0]
	 A0A010TFJ4	[0, -1, 0, 180, 179, 178, 315, -1, 177]

 ### Operon type: 141

	 A0A009PAV9	[212, -1, 570, 211, 412, 448, 210, 209, 208]
	 A0A009HJC2	[212, 817, 570, 211, 412, 448, 210, 209, 208]

 ### Operon type: 142

	 A0A009SE02	[0, 208, 0, 0, 0, 209, 210, 448, 412]

 ### Operon type: 143

	 A0A009HS41	[743, 627, 680, 419, 258, 825, 825, 417, 416]
	 A0A009RSB7	[743, 627, 680, 419, 258, 825, 825, 417, 416]
	 A0A009SYU8	[743, 627, 680, 419, 258, 825, 825, 417, 416]

 ### Operon type: 144

	 A0A013SHA9	[743, 627, 680, 419, 418, 825, 825, 417, 416]
	 A0A010IT25	[743, 627, 680, 419, 418, 825, 825, 417, 416]
	 A0A009I466	[743, 627, 680, 419, 418, 825, 825, 417, 416]

 ### Operon type: 145

	 A0A009NMQ9	[743, 627, 680, 419, 418, 0, 825, 825, 417]

 ### Operon type: 146

	 A0A009P8A9	[0, 0, 680, 419, 258, 825, 825, 417, 416]

 ### Operon type: 147

	 A0A009NJ90	[153, 152, 151, 150, 314, 149, 148, 312, 311]
	 A0A009ITT8	[153, 152, 151, 150, 314, 148, 312, 311, 310]

 ### Operon type: 148

	 A0A009NCH6	[313, 312, 311, 310, 309, 308, 307, 155, 154]
	 A0A009IJ01	[312, 311, 310, 144, 309, 308, 307, 155, 154]

 ### Operon type: 149

	 A0A009RQL5	[312, 311, 310, 81, 309, 308, 307, 155, 0]

 ### Operon type: 150

	 A0A009MGQ8	[314, 0, 313, 312, 311, 310, 309, 308, 307]

 ### Operon type: 151

	 A0A009IJ07	[141, 140, 145, 150, 314, 312, 311, 310, 144]
	 A0A009RHH7	[141, 140, 145, 150, 314, 149, 312, 311, 310]
	 A0A009S6G1	[141, 140, 145, 150, 314, 312, 311, 310, 309]

 ### Operon type: 152

	 A0A009HZK2	[145, 150, 314, 312, 311, 310, 144, 309, 308]

 ### Operon type: 153

	 A0A009R4N4	[150, 314, 149, 312, 311, 310, 81, 309, 308]

 ### Operon type: 154

	 A0A009S5A5	[314, 149, 148, 312, 311, 310, 144, 49, 309]

 ### Operon type: 155

	 A0A009RHH9	[0, 0, 0, 0, 129, 141, 140, 145, 150]

 ### Operon type: 156

	 A0A011PGU1	[0, 0, 781, 841, 840, 839, 780, 779, 778]
	 A0A011MDH1	[687, 0, 781, 841, 840, 839, 780, 779, 778]

 ### Operon type: 157

	 A0A011V0P4	[582, 438, 0, 0, 437, 0, 0, 550, 549]

 ### Operon type: 158

	 A0A011WPV7	[550, 549, 0, 0, 0, 0, 0, 0, 0]

 ### Operon type: 159

	 A0A011UDF3	[841, 652, 0, 0, 0, 532, 659, 658, 757]

 ### Operon type: 160

	 A0A011VSC9	[659, 658, 757, 0, 0, 0, 0, 0, 0]

 ### Operon type: 161

	 A0A011SF89	[638, 637, 636, 0, 0, 0, 0, 0, 0]

 ### Operon type: 162

	 A0A011UCX7	[0, 704, 638, 637, 0, 636, 185, 0, 0]

 ### Operon type: 163

	 A0A011RNP9	[0, 0, 0, 0, 0, 666, 700, 0, 0]

 ### Operon type: 164

	 A0A011V0B5	[641, 0, 0, 0, 0, 0, 666, 0, 0]

 ### Operon type: 165

	 A0A011RQC9	[0, 641, 640, 0, 0, 0, 0, 639, 0]

 ### Operon type: 166

	 A0A011QG28	[843, 842, 841, 0, 840, 839, 838, 837, 836]
	 A0A011RIM8	[843, 842, 0, 0, 840, 839, 838, 837, 836]

 ### Operon type: 167

	 A0A011PHI6	[748, 0, 822, 0, 0, 821, 810, 747, 0]

 ### Operon type: 168

	 A0A011QI68	[0, 0, 822, 821, 0, 0, 0, 0, 0]

 ### Operon type: 169

	 A0A011NVJ6	[442, 468, 467, 466, 465, 464, 0, 0, 441]

 ### Operon type: 170

	 A0A011PVP2	[0, 468, 467, 466, 465, 464, 0, 0, 834]

 ### Operon type: 171

	 A0A011NXY7	[0, 0, 467, 0, 465, 0, 0, 0, 0]

 ### Operon type: 172

	 A0A011QR69	[763, 762, 761, 760, 759, 758, 0, 0, 0]
	 A0A011NUB4	[763, 762, 761, 760, 759, 758, 0, 554, 0]

 ### Operon type: 173

	 A0A011NN36	[762, 761, 0, 0, 759, 758, 0, 0, 0]

 ### Operon type: 174

	 A0A011PK69	[761, 697, 0, 0, 759, 758, 0, 0, 0]

 ### Operon type: 175

	 A0A011RMI6	[673, 853, 852, 672, 671, 670, 669, 668, 667]
	 A0A011NYD6	[673, 853, 852, 672, 671, 670, 669, 668, 667]

 ### Operon type: 176

	 A0A011QB28	[469, 673, 853, 0, 0, 670, 669, 668, 667]

 ### Operon type: 177

	 A0A011NF33	[0, 670, 669, 0, 0, 0, 0, 0, 0]

 ### Operon type: 178

	 A0A011NBY4	[594, 0, 0, 566, 0, 0, 565, 0, 0]

 ### Operon type: 179

	 A0A011WRT0	[594, 0, 0, 0, 0, 0, 0, 785, 0]

 ### Operon type: 180

	 A0A011SHV5	[0, 0, 0, 0, 0, 629, 785, 628, 0]

 ### Operon type: 181

	 A0A011NB95	[0, 767, 0, 0, 0, 0, 570, 569, 568]

 ### Operon type: 182

	 A0A011UHT4	[57, 583, 569, 0, 0, 56, 56, 568, 0]

 ### Operon type: 183

	 A0A010Z1W7	[0, 0, 0, 0, 0, 143, 0, 572, 573]

 ### Operon type: 184

	 A0A011VY84	[0, 0, 573, 572, 0, 0, 0, 0, 0]

 ### Operon type: 185

	 A0A010YW85	[0, 0, 0, 0, 0, 259, 0, 572, 573]

 ### Operon type: 186

	 A0A010ZMA0	[572, 663, 0, 0, 0, 0, 0, 0, 0]

 ### Operon type: 187

	 A0A011N5L2	[0, 0, 0, 663, 0, 662, 661, 0, 0]

 ### Operon type: 188

	 A0A009MJ75	[0, 0, 188, 187, 186, 0, 0, 0, 213]

 ### Operon type: 189

	 A0A010IH51	[0, 330, 0, 0, 186, 0, 213, 0, 0]

 ### Operon type: 190

	 A0A011TYT7	[0, 0, 0, 0, 0, 0, 330, 329, 329]

 ### Operon type: 191

	 A0A010RRR9	[0, 0, 0, 0, 830, 0, 0, 316, 213]

 ### Operon type: 192

	 A0A010SIA7	[0, 0, 316, 315, 0, 0, 0, 0, 0]

 ### Operon type: 193

	 A0A010RFQ9	[0, 0, 614, 0, 595, 0, 0, 0, 0]

 ### Operon type: 194

	 A0A010SPR9	[23, 23, 0, 0, 0, 595, 0, 0, 0]

 ### Operon type: 195

	 A0A009LNU8	[346, 348, 423, 349, 0, 45, 0, 448, 0]

 ### Operon type: 196

	 A0A013SRG6	[350, 349, 423, 348, 0, 347, 0, 346, 345]

 ### Operon type: 197

	 A0A009IQU8	[0, 348, 0, 0, 0, 347, 345, 0, 0]

 ### Operon type: 198

	 A0A010K2K8	[423, 349, 350, 0, 0, 0, 0, -1, 448]

 ### Operon type: 199

	 A0A011NPR8	[0, 345, 0, 0, 0, 0, 318, 0, 0]

 ### Operon type: 200

	 A0A010SEA2	[548, 318, 317, 0, 0, 0, 0, 0, 0]

 ### Operon type: 201

	 A0A010IGH8	[0, 0, 0, 0, 0, 0, 0, 331, 417]

 ### Operon type: 202

	 A0A010STD3	[0, 0, 0, 531, 530, 529, 0, 417, 331]

 ### Operon type: 203

	 A0A010SQJ5	[283, 243, 0, 531, 530, 529, 0, 0, 0]

 ### Operon type: 204

	 A0A013RVV2	[463, 0, 333, 332, 0, 0, 417, 331, 0]

 ### Operon type: 205

	 A0A011TD67	[532, 0, 0, 531, 530, 529, 528, 0, 527]

 ### Operon type: 206

	 A0A009ZC12	[0, 0, 0, 531, 0, 529, 528, 173, 755]

 ### Operon type: 207

	 A0A009YSC7	[0, 0, 565, 1, 0, 1, 333, 332, 0]

 ### Operon type: 208

	 A0A009ZJK4	[0, 0, 0, 0, 0, 0, 627, 604, 0]

 ### Operon type: 209

	 A0A010SVN1	[-1, 604, 825, 236, 513, 0, 0, 627, 0]

 ### Operon type: 210

	 A0A009QGN4	[272, 271, 270, 269, 268, 267, 0, 0, 0]
	 A0A009PFK7	[272, 271, 270, 269, 268, 0, 0, 267, 0]

 ### Operon type: 211

	 A0A009YR20	[0, 267, 0, 0, 0, 0, 271, 0, 0]

 ### Operon type: 212

	 A0A009SCM5	[62, 61, 60, 0, 0, 0, 0, 0, 0]

 ### Operon type: 213

	 A0A009TJ77	[96, 93, 0, 0, 0, 0, 62, 61, 60]

 ### Operon type: 214

	 A0A009HZV2	[0, 0, 0, 0, 184, 183, 149, 0, 0]

 ### Operon type: 215

	 A0A009QPE7	[0, 0, 0, 0, 184, 183, 0, 0, 0]

 ### Operon type: 216

	 A0A009MGR3	[0, 0, 115, 0, 490, 49, 89, 207, 206]

 ### Operon type: 217

	 A0A009Q4G0	[0, 116, 115, 0, 490, 0, 207, 206, 207]

 ### Operon type: 218

	 A0A009PB53	[0, 0, 235, 234, 490, 207, 206, 207, 233]

 ### Operon type: 219

	 A0A009PUJ8	[0, 235, 234, 490, 0, 233, 232, 231, 230]

 ### Operon type: 220

	 A0A009QQC0	[182, 0, 238, 825, 414, 414, 237, 402, 236]
	 A0A009H7I0	[182, 0, 0, 825, 414, 414, 237, 402, 236]

 ### Operon type: 221

	 A0A009MVG4	[238, 0, 415, 825, 414, 414, 237, 402, 236]

 ### Operon type: 222

	 A0A009QA91	[110, 109, 743, 825, 414, 414, 237, 402, 236]
	 A0A010J377	[110, 109, 743, 825, 414, 414, 237, 402, 236]

 ### Operon type: 223

	 A0A009S1X4	[110, 109, 743, 825, 414, 414, 825, 0, 253]

 ### Operon type: 224

	 A0A013SHF4	[0, 0, 415, 825, 414, 414, 0, 413, 0]

 ### Operon type: 225

	 A0A011PJK8	[695, 694, 693, 824, 823, 692, 0, 0, 0]
	 A0A011N3C3	[0, 0, 0, 695, 694, 693, 824, 823, 692]

 ### Operon type: 226

	 A0A011WKI4	[0, 0, 0, 0, 0, 696, 553, 552, 551]
	 A0A011UWH1	[696, 553, 552, 551, 0, 0, 0, 0, 0]

 ### Operon type: 227

	 A0A010YKP2	[0, 0, 0, 0, 0, 0, 441, 433, 0]

 ### Operon type: 228

	 A0A011V1A2	[438, 0, 0, 433, 0, 0, 0, 0, 0]

 ### Operon type: 229

	 A0A011NGS0	[0, 0, 0, 0, 794, 793, 0, 0, 0]

 ### Operon type: 230

	 A0A011PW61	[0, 0, 0, 0, 794, 793, 0, 0, 792]

 ### Operon type: 231

	 A0A011UXI1	[0, 643, 0, 0, 794, 793, 506, 0, 0]

 ### Operon type: 232

	 A0A011SWI9	[-1, -1, 0, 748, 794, 793, 506, -1, -1]

 ### Operon type: 233

	 A0A011P952	[793, 0, 681, 0, 0, 681, 0, 0, 0]

 ### Operon type: 234

	 A0A011Q1B3	[690, 747, 689, 688, 689, 834, 687, 0, 0]
	 A0A011QVV5	[0, 0, 690, 747, 689, 688, 689, 834, 687]

 ### Operon type: 235

	 A0A011NSG8	[0, 0, 0, 747, 689, 688, 0, 689, 0]

 ### Operon type: 236

	 A0A011P0X4	[0, 0, 687, 0, 689, 0, 0, 688, 562]

 ### Operon type: 237

	 A0A010YNY9	[0, 0, 38, 25, 0, 0, 0, 0, 147]

 ### Operon type: 238

	 A0A011AC71	[253, 0, 0, 319, 0, 38, 25, 0, 743]

 ### Operon type: 239

	 A0A011QLX0	[0, 855, 0, 0, 854, 0, 853, 852, 0]
	 A0A011PRW6	[855, 0, 0, 0, 854, 853, 852, 0, 0]

 ### Operon type: 240

	 A0A010SML6	[0, 853, 852, -1, 0, 746, 0, 0, 0]

 ### Operon type: 241

	 A0A010RS09	[0, 0, 0, 0, 51, 0, 593, 593, 0]

 ### Operon type: 242

	 A0A010RTE7	[0, 0, 0, 0, 0, 0, 51, 93, 0]

 ### Operon type: 243

	 A0A009P817	[194, 0, 0, 0, 193, 0, 261, 192, 191]

 ### Operon type: 244

	 A0A009TIY0	[0, 0, 0, 0, 193, 0, 261, 192, 0]

 ### Operon type: 245

	 A0A009QKA3	[261, 192, 0, 191, 0, 0, 0, 0, 272]

 ### Operon type: 246

	 A0A009HSR2	[0, 99, 98, 0, 97, 217, 218, 149, 219]

 ### Operon type: 247

	 A0A009SWM1	[0, 99, 98, 0, 97, 0, 0, 218, 0]

 ### Operon type: 248

	 A0A009MYX0	[220, 219, 0, 695, 0, 0, 218, 217, 216]

 ### Operon type: 249

	 A0A009QK79	[0, 0, 216, 217, 0, 218, 0, 0, 219]

 ### Operon type: 250

	 A0A009GXJ1	[134, 133, 217, 218, 76, 149, 219, 220, 0]

 ### Operon type: 251

	 A0A013TKW8	[0, 861, 0, 448, 447, 446, 445, 444, 443]
	 A0A009QT77	[0, 0, -1, 448, 447, 446, 445, 444, 443]
	 A0A009PRQ9	[0, 448, 135, 0, 447, 446, 445, 444, 443]
	 A0A010IT95	[0, 0, 0, 448, 447, 446, 445, 444, 443]
	 A0A009GWD0	[149, 0, 0, 448, 447, 446, 445, 444, 443]
	 A0A009I5G9	[0, 0, 448, 135, 447, 446, 445, 444, 443]
	 A0A009S0T6	[0, 0, 448, 135, 447, 446, 445, 444, 443]
	 A0A009MH36	[0, 0, 0, 448, 447, 446, 445, 444, 443]

 ### Operon type: 252

	 A0A013TMJ7	[817, -1, 0, 448, 447, 444, 443, 0, 0]

 ### Operon type: 253

	 A0A011VXC2	[-1, 581, 0, 722, 580, 579, 578, 577, 576]
	 A0A011V392	[581, 0, 722, 580, 579, 578, 0, 577, 576]

 ### Operon type: 254

	 A0A011V490	[591, 592, 0, 576, 577, 578, 579, 580, 722]

 ### Operon type: 255

	 A0A011VZF5	[0, 0, 580, 579, 578, 704, 592, 704, 0]

 ### Operon type: 256

	 A0A011VU44	[0, 0, 0, 0, 0, 655, 0, 0, 0]
	 A0A011WLE7	[0, 0, 0, 0, 0, 655, 0, 0, 0]

 ### Operon type: 257

	 A0A011VAP2	[0, 0, 156, 0, 0, 0, 0, 0, 324]

 ### Operon type: 258

	 A0A011VRJ8	[0, 0, 0, 0, 0, 0, 156, 0, 0]

 ### Operon type: 259

	 A0A011RNU1	[0, 0, 0, 0, 0, 0, 665, 665, 664]

 ### Operon type: 260

	 A0A011VKJ9	[0, 0, 0, 0, 0, 0, 664, 665, -1]

 ### Operon type: 261

	 A0A011PQZ7	[0, 0, 0, 724, 788, 0, 723, 0, 0]

 ### Operon type: 262

	 A0A011TUX4	[0, 0, 0, 0, 788, 0, 0, 723, 0]

 ### Operon type: 263

	 A0A011STZ9	[0, 0, 0, 723, 0, 0, 0, 0, 0]

 ### Operon type: 264

	 A0A011PUJ9	[0, 0, 0, 0, 0, 0, 0, 0, 835]
	 A0A011PRF5	[835, 0, 0, 0, 0, 0, 0, 0, 0]

 ### Operon type: 265

	 A0A011PFY8	[0, 0, 0, 0, 0, 0, 0, 0, 784]

 ### Operon type: 266

	 A0A011PNS3	[764, 784, 0, 0, 0, 0, 0, 0, 0]

 ### Operon type: 267

	 A0A011T648	[0, 784, 0, 0, 0, 0, 0, 761, 0]

 ### Operon type: 268

	 A0A010YYJ5	[0, 0, 0, 704, 0, 0, 0, 80, 80]

 ### Operon type: 269

	 A0A011NDM5	[704, 0, 0, 0, 0, 0, 0, 0, 0]

 ### Operon type: 270

	 A0A011MSR2	[0, 0, 0, 691, 0, 0, 0, 704, 704]

 ### Operon type: 271

	 A0A011WSU6	[0, 704, 0, 0, 577, 0, 0, 0, 0]

 ### Operon type: 272

	 A0A011U3C2	[0, 0, 838, 0, 0, 0, 0, 0, 0]
	 A0A011AEN3	[0, 0, 0, 0, 0, 0, 838, 0, 0]

 ### Operon type: 273

	 A0A011AAZ2	[0, 561, 0, 0, 0, 838, 838, 838, 0]

 ### Operon type: 274

	 A0A011T698	[0, 0, 0, 0, 0, 743, 838, 0, 0]

 ### Operon type: 275

	 A0A010YRE8	[0, 0, 0, 0, 0, 0, 0, 20, 0]

 ### Operon type: 276

	 A0A011AF05	[0, 0, 253, 20, 0, 0, 0, 0, 0]

 ### Operon type: 277

	 A0A009ZG48	[0, 0, 0, 861, 0, 0, 0, 0, 0]

 ### Operon type: 278

	 A0A011PEJ8	[0, 0, 862, 861, 0, 0, 0, 0, 0]

 ### Operon type: 279

	 A0A011QNJ7	[844, 0, 0, 861, 0, 0, 0, 844, 0]

 ### Operon type: 280

	 A0A011MMJ4	[0, 0, 0, 0, 0, 0, 0, 844, 0]

 ### Operon type: 281

	 A0A011R8M3	[0, 0, 862, 861, 0, 505, 0, 844, 0]

 ### Operon type: 282

	 A0A009ZC82	[0, 0, 745, 0, 0, 0, 0, 0, 0]

 ### Operon type: 283

	 A0A011P3F6	[746, 0, 0, 745, 0, 0, 0, 0, 0]

 ### Operon type: 284

	 A0A009IG48	[0, 0, 0, 70, 69, 0, 0, 0, 746]

 ### Operon type: 285

	 A0A009IMQ0	[0, 0, 0, 70, 69, 0, 0, 0, 0]

 ### Operon type: 286

	 A0A009SWV1	[0, 0, 0, 0, 0, 0, 0, 70, 0]

 ### Operon type: 287

	 A0A009PMZ9	[136, 0, 0, 0, 0, 0, 0, 0, 0]
	 A0A009Q512	[0, 0, 0, 0, 136, 0, 0, 0, 0]

 ### Operon type: 288

	 A0A009IFL2	[0, 172, 0, 41, -1, 0, 0, 0]

 ### Operon type: 289

	 A0A009ZDS1	[-1, -1, 0, 172, 0, 0, 305, 0, 0]

 ### Operon type: 290

	 A0A010SNM6	[40, 39, -1, 0, 0, 0, 817, 0, 0]

 ### Operon type: 291

	 A0A010T5D8	[39, 40, 0, -1, 0, -1, 364, 0, 0]

 ### Operon type: 292

	 A0A011UB51	[571, 0, 0, 0, 0, 0, 0, 0, 0]
	 A0A011UFH1	[0, 0, 0, 0, 0, 571, 0, 0, 0]

 ### Operon type: 293

	 A0A011V965	[0, -1, -1, 0, 157, 0, -1, -1, 0]
	 A0A011VHP2	[0, -1, -1, -1, 157, 0, 0, 0, 0]

 ### Operon type: 294

	 A0A010RVD0	[-1, 0, 0, -1, 0, 796, 796, 0, 24]

 ### Operon type: 295

	 A0A010T7Q5	[0, 24, 0, 0, 0, 0, -1, 0, 0]

 ### Operon type: 296

	 A0A010SJH7	[0, 0, 817, -1, 0, 0, 237, 0, 0]

 ### Operon type: 297

	 A0A010SRR2	[0, 0, -1, 0, 0, 0, 0, 0, 817]

 ### Operon type: 298

	 A0A010RKP8	[0, 0, 0, 0, 0, 0, -1, 0, 0]
	 A0A011UZ32	[0, 0, 0, 0, 0, -1, 0, 0, 0]
	 A0A010RY47	[-1, 0, -1, 0, 0, 0, 0, 0, 0]
	 A0A009HJU6	[0, 0, 0, 0, 0, 0, 0, 0, -1]
	 A0A010TF14	[-1, 0, 0, 0, 0, 0, 0, 0, 0]

 ### Operon type: 299

	 A0A010SJF9	[0, 0, 0, 0, 0, -1, 0, 137, -1]

 ### Operon type: 300

	 A0A011ML54	[0, 0, 0, 525, 0, 0, 0, 0, -1]

 ### Operon type: 301

	 A0A011NHY1	[0, 0, 0, 0, 0, 817, 0, 0, 0]

 ### Operon type: 302

	 A0A010Z171	[0, 0, 0, 0, 0, 0, 817, 0, 695]

 ### Operon type: 303

	 A0A011T697	[817, 0, 0, 0, 0, 0, 0, 0, 261]

 ### Operon type: 304

	 A0A011TDD1	[0, 514, 817, 0, 0, 0, 0, 0, 0]

 ### Operon type: 305

	 A0A011VW24	[0, 0, 766, 0, 0, 0, 0, 0, -1]

 ### Operon type: 306

	 A0A011T8V3	[0, 0, 766, 0, 0, 0, 0, 0, 0]

 ### Operon type: 307

	 A0A010TH98	[792, 0, 0, 766, 0, 0, 0, 0, 0]

 ### Operon type: 308

	 A0A011QVR3	[0, 0, 0, 0, 0, 0, 0, 767, 766]

 ### Operon type: 309

	 A0A011VYF1	[766, 0, 0, 0, 0, 0, 571, 0, 0]

 ### Operon type: 310

	 A0A010S415	[-1, 766, 0, 236, 0, 0, 0, 0, 294]

 ### Operon type: 311

	 A0A011PBM9	[0, 0, 0, 0, 0, 0, 0, 0, 0]
	 A0A011QMJ8	[0, 0, 0, 0, 0, 0, 0, 0, 0]
	 A0A011Q056	[0, 0, 0, 0, 0, 0, 0, 0, 0]
	 A0A011QSN2	[0, 0, 0, 0, 0, 0, 0, 0, 0]
	 A0A011PNN2	[0, 0, 0, 0, 0, 0, 0, 0, 0]
	 A0A011N2Z0	[0, 0, 0, 0, 0, 0, 0, 0, 0]
	 A0A011P9Z5	[0, 0, 0, 0, 0, 0, 0, 0, 0]
	 A0A011VYF6	[0, 0, 0, 0, 0, 0, 0, 0, 0]
	 A0A011NAJ1	[0, 0, 0, 0, 0, 0, 0, 0, 0]
	 A0A010ZTI3	[0, 0, 0, 0, 0, 0, 0, 0, 0]
	 A0A013TEV4	[0, 0, 0, 0, 0, 0, 0, 0, 0]
	 A0A013SBR8	[0, 0, 0, 0, 0, 0, 0, 0, 0]
	 A0A011NTU3	[0, 0, 0, 0, 0, 0, 0, 0, 0]
	 A0A013SL47	[0, 0, 0, 0, 0, 0, 0, 0, 0]
	 A0A011WUT3	[0, 0, 0, 0, 0, 0, 0, 0, 0]
	 A0A010SHY1	[0, 0, 0, 0, 0, 0, 0, 0, 0]
	 A0A009M4K0	[0, 0, 0, 0, 0, 0, 0, 0, 0]
	 A0A013S2B9	[0, 0, 0, 0, 0, 0, 0, 0, 0]
	 A0A011NMI8	[0, 0, 0, 0, 0, 0, 0, 0, 0]
	 A0A009MH90	[0, 0, 0, 0, 0, 0, 0, 0, 0]
	 A0A009PDV4	[0, 0, 0, 0, 0, 0, 0, 0, 0]
	 A0A011UBN9	[0, 0, 0, 0, 0, 0, 0, 0, 0]
	 A0A011UFM5	[0, 0, 0, 0, 0, 0, 0, 0, 0]
	 A0A011UHL2	[0, 0, 0, 0, 0, 0, 0, 0, 0]
	 A0A011VNE2	[0, 0, 0, 0, 0, 0, 0, 0, 0]
	 A0A009HIL8	[0, 0, 0, 0, 0, 0, 0, 0, 0]
	 A0A010YJA7	[0, 0, 0, 0, 0, 0, 0, 0, 0]
	 A0A010SPJ7	[0, 0, 0, 0, 0, 0, 0, 0, 0]
	 A0A010SSQ8	[0, 0, 0, 0, 0, 0, 0, 0, 0]
	 A0A010T025	[0, 0, 0, 0, 0, 0, 0, 0, 0]
	 A0A011A146	[0, 0, 0, 0, 0, 0, 0, 0, 0]
	 A0A010YZS8	[0, 0, 0, 0, 0, 0, 0, 0, 0]
	 A0A010Z120	[0, 0, 0, 0, 0, 0, 0, 0, 0]

 ### Operon type: 312

	 A0A010TG27	[696, 0, 55, 0, 0, 0, 825, 0, 0]

 ### Operon type: 313

	 A0A011PMK1	[0, 0, 0, 0, 0, 0, 0, 696, 0]

 ### Operon type: 314

	 A0A009HM15	[0, 307, 155, 0, 0, 0, -1, 0, 0]

 ### Operon type: 315

	 A0A009HRU1	[0, 217, 0, 0, 0, 0, 0, 0, 0]

 ### Operon type: 316

	 A0A009HSN8	[0, 116, 0, 0, 0, -1, 0, 233, -1]

 ### Operon type: 317

	 A0A009HV82	[232, 0, 0, 0, 0, 0, 0, 0, 0]

 ### Operon type: 318

	 A0A009IG74	[0, 0, 187, 0, 412, -1, 0, 0, 0]

 ### Operon type: 319

	 A0A009IJ90	[0, 96, 0, 0, 0, 0, 0, 0, 0]

 ### Operon type: 320

	 A0A009NM94	[0, 635, 635, 0, 0, 0, 514, 0, 0]

 ### Operon type: 321

	 A0A009Q4N5	[0, 0, 194, 0, 0, 0, 0, 0, 0]

 ### Operon type: 322

	 A0A009SSZ9	[0, 68, 0, 0, 0, 0, 0, 0, 0]

 ### Operon type: 323

	 A0A009YIH1	[0, 0, 0, 0, 309, 0, -1, -1, 2]

 ### Operon type: 324

	 A0A009YR05	[0, 0, 0, 0, 226, 0, 0, 0, 0]

 ### Operon type: 325

	 A0A009Z004	[100, 0, 100, 0, 0, 695, 0, 0, 0]

 ### Operon type: 326

	 A0A010RUQ5	[0, 0, 0, 0, 0, 0, 0, 0, 266]

 ### Operon type: 327

	 A0A010S195	[745, 0, 143, 142, 0, 0, 0, 0, 0]

 ### Operon type: 328

	 A0A010SCZ2	[0, 0, 0, 0, 0, 0, 0, 323, 0]

 ### Operon type: 329

	 A0A010SN41	[0, 0, 0, 0, 351, 0, 0, 0, 0]

 ### Operon type: 330

	 A0A010SSU2	[0, 0, 0, 0, 76, 0, -1, 682, 0]

 ### Operon type: 331

	 A0A010SUP6	[0, 0, 0, 0, 0, 0, 0, 142, 0]

 ### Operon type: 332

	 A0A010SUY9	[0, 0, 0, 0, 0, 505, 862, 0]

 ### Operon type: 333

	 A0A010THK2	[0, 0, -1, 0, 0, 593, 695, 0, 0]

 ### Operon type: 334

	 A0A010SRL4	[55, 0, 0, -1, 0, 0, 0, 695, 118]

 ### Operon type: 335

	 A0A010YX61	[386, 838, 0, 766, 0, 0, 0, 0, 0]

 ### Operon type: 336

	 A0A010S5W8	[0, 0, 691, 834, 0, 0, 0, 0, 0]

 ### Operon type: 337

	 A0A011NE37	[483, 0, 0, 0, 0, 0, 0, 0, 0]

 ### Operon type: 338

	 A0A011NF78	[0, 0, 754, 0, 0, 0, 0, 0, 0]

 ### Operon type: 339

	 A0A011NVE2	[0, 0, 0, 761, 0, 0, 817, 0, 381]

 ### Operon type: 340

	 A0A011NXJ4	[0, 0, 0, 0, 0, 0, 0, 0, 440]

 ### Operon type: 341

	 A0A011P8I1	[0, 0, 836, 838, 0, 0, 0, 0, 683]

 ### Operon type: 342

	 A0A011P9Q7	[680, 0, 0, 0, 0, 0, 0, 0, 0]

 ### Operon type: 343

	 A0A011PJ75	[0, 761, 713, 761, 0, 0, 0, 0, 0]

 ### Operon type: 344

	 A0A011PRB4	[0, 0, 0, 0, 0, 0, 0, 722, 0]

 ### Operon type: 345

	 A0A011QVT2	[765, 0, 0, 0, 0, 0, 0, 764, 0]

 ### Operon type: 346

	 A0A011RP14	[0, 0, 0, 0, 0, 0, 0, 642, 0]

 ### Operon type: 347

	 A0A011SM49	[817, 0, 642, 0, 0, 0, 428, 0, 0]

 ### Operon type: 348

	 A0A011AM27	[723, 0, 0, 0, 376, 0, 0, 0, 37]

 ### Operon type: 349

	 A0A011T607	[0, 0, 834, 0, 0, 0, 0, 0, 514]

 ### Operon type: 350

	 A0A011TAW2	[0, 0, 0, 0, 0, 0, 344, 0, 0]

 ### Operon type: 351

	 A0A011TED9	[0, 0, 0, 0, 0, 538, 0, 0, 0]

 ### Operon type: 352

	 A0A011TXS5	[0, 420, 0, 0, 0, 0, 0, 0, 0]

 ### Operon type: 353

	 A0A011U144	[0, 266, 0, 0, 0, 0, 440, 607, 0]

 ### Operon type: 354

	 A0A011U1C8	[743, 0, 0, 0, 0, 0, 0, 0, 265]

 ### Operon type: 355

	 A0A011U483	[0, 0, 0, 0, 0, 742, 0, 0, 0]

 ### Operon type: 356

	 A0A011UG86	[0, 747, 0, 0, 0, 137, 0, 0, 0]

 ### Operon type: 357

	 A0A011UQB5	[633, 566, 0, 0, 0, 0, 0, 571, 0]

 ### Operon type: 358

	 A0A011UVI5	[0, 0, 0, 0, 0, 147, 761, 761, 0]

 ### Operon type: 359

	 A0A011UWI3	[0, 0, 0, 0, 196, 0, 181, 745, 0]

 ### Operon type: 360

	 A0A011V5E6	[0, 0, 0, 0, 0, 408, 0, 0, 0]

 ### Operon type: 361

	 A0A011M4H6	[324, 0, 215, 0, 0, 0, 0, 0, 0]

 ### Operon type: 362

	 A0A011VSV3	[0, 0, 0, 0, 0, 0, 841, 0, 0]

 ### Operon type: 363

	 A0A011VWI0	[0, 0, 0, 0, 0, 583, 0, 0, 0]

 ### Operon type: 364

	 A0A011VZ91	[551, 0, 0, 0, 0, 0, 0, 0, 0]

 ### Operon type: 365

	 A0A011WP76	[0, 0, 0, 0, 0, 0, 0, 0, 807]

 ### Operon type: 366

	 A0A011WSD4	[0, 0, 0, -1, 0, 704, 0, 0, 592]

 ### Operon type: 367

	 A0A011WT35	[592, 0, 0, 0, 0, 0, 0, 0, 0]

 ### Operon type: 368

	 A0A013S843	[0, 402, 0, 0, 0, 0, -1, 283, 0]

 ### Operon type: 369

	 A0A013T5E6	[0, 0, 0, 490, 0, 0, 0, 0, 0]

 ### Operon type: 370

	 A0A009T185	[762, 0, 713, 713, 107, 761, 713, 327, 464]

 ### Operon type: 371

	 A0A010IN36	[128, 817, 0, 0, 107, 761, 713, 327, 464]

 ### Operon type: 372

	 A0A009PG43	[761, 713, 454, 764, 0, 327, 464, 0, 0]

 ### Operon type: 373

	 A0A009INE0	[128, 0, 0, 0, 0, 0, 0, 713, 327]

 ### Operon type: 374

	 A0A009T9H0	[0, 2, 746, -1, 0, 0, 218, 0, 217]

 ### Operon type: 375

	 A0A010THH5	[0, 317, 172, 147, 0, 0, 628, 0, 305]

 ### Operon type: 376

	 A0A011VZE3	[0, 0, 0, 825, 516, 0, 0, 0, 0]
	 A0A011WSH8	[0, 0, 0, 825, 516, 0, 0, 0, 0]

 ### Operon type: 377

	 A0A011NAF3	[0, 0, 0, 0, 0, 0, 825, 0, 771]

 ### Operon type: 378

	 A0A009IQ93	[185, 0, 825, 0, 0, 118, 0, 0, 0]

 ### Operon type: 379

	 A0A009Q8S9	[0, 0, 746, 337, 0, 326, 0, 0, 0]

 ### Operon type: 380

	 A0A009TLU4	[0, 420, -1, 45, 0, 22, 0, -1, -1]

 ### Operon type: 381

	 A0A009ZB47	[174, 198, 0, 0, 0, 704, 303, 0, 0]

 ### Operon type: 382

	 A0A009ZVR4	[640, 0, 838, 0, 0, 80, 0, 0, 175]

 ### Operon type: 383

	 A0A010JIN9	[303, 0, 0, 93, 119, 0, 0, 0, 0]

 ### Operon type: 384

	 A0A010S003	[779, 0, 0, 0, 0, 747, 747, 243, 0]

 ### Operon type: 385

	 A0A010SMN8	[0, -1, 38, 0, 595, 0, 0, 783, 0]

 ### Operon type: 386

	 A0A010SXS1	[0, 454, 0, 0, 0, 557, 0, 0, 764]

 ### Operon type: 387

	 A0A010T689	[37, -1, 628, 666, 0, 0, 0, 0, 0]

 ### Operon type: 388

	 A0A010TBB4	[0, 612, 0, 137, 0, 0, 0, 0, 743]

 ### Operon type: 389

	 A0A010YFK3	[0, 676, 0, 0, 0, 0, 653, 0, 265]

 ### Operon type: 390

	 A0A010YVY1	[19, 0, 19, 0, 0, 0, 0, 243, 0]

 ### Operon type: 391

	 A0A010ZSZ2	[0, 561, 0, 606, 560, 0, 0, 0, 0]

 ### Operon type: 392

	 A0A010Z0Y7	[0, 0, 0, 0, 560, 236, 0, 0, 0]

 ### Operon type: 393

	 A0A011A0M8	[0, 0, 695, 0, 41, 0, 0, 4, 4]

 ### Operon type: 394

	 A0A011NFL4	[0, 634, 0, 0, 524, 696, 0, 523, 0]

 ### Operon type: 395

	 A0A011P407	[0, 0, 744, 785, 0, 0, 743, 0, 742]

 ### Operon type: 396

	 A0A011QGT2	[825, 0, 0, 824, 823, 0, 0, 0, 0]

 ### Operon type: 397

	 A0A011QSA4	[757, 0, 756, 755, 0, 0, 0, 0, 754]

 ### Operon type: 398

	 A0A011T6J6	[0, 545, 0, 838, 0, 0, 260, 0, 259]

 ### Operon type: 399

	 A0A011TAL2	[0, 834, 0, 0, 0, 319, 0, 441, 0]

 ### Operon type: 400

	 A0A011TZG0	[695, 543, 0, 0, 0, 0, 0, 449, 0]

 ### Operon type: 401

	 A0A011UGY3	[321, 320, 408, 58, 0, 0, 0, 58, 0]

 ### Operon type: 402

	 A0A011UII7	[0, 0, 0, 0, 0, 381, 328, 0, 0]

 ### Operon type: 403

	 A0A011UNT9	[326, 431, 0, 0, 0, 0, 0, 0, 0]

 ### Operon type: 404

	 A0A011SIS0	[0, 472, 432, 432, 0, 0, 0, 431, 0]

 ### Operon type: 405

	 A0A011UT49	[0, 561, 0, 0, 0, 0, 454, 228, 0]

 ### Operon type: 406

	 A0A011VU65	[654, 0, 0, 0, 0, 653, 0, 841, 652]

 ### Operon type: 407

	 A0A011VV03	[0, 325, 0, 0, 437, 324, 0, 0, 0]

 ### Operon type: 408

	 A0A011VVZ9	[0, 0, -1, 0, 0, 323, 322, 322, 430]

 ### Operon type: 409

	 A0A011VWX7	[764, 582, 0, 0, 0, 0, 0, 629, 0]

 ### Operon type: 410

	 A0A011VXK7	[635, 635, 0, 575, 0, 0, 0, 574, 0]

 ### Operon type: 411

	 A0A011W0I6	[515, 0, 0, 0, 0, 706, 0, 525, 0]

 ### Operon type: 412

	 A0A010YEF6	[0, 515, 0, 0, 0, 0, 0, 0, 26]

 ### Operon type: 413

	 A0A013SQH1	[0, 0, 0, 0, 351, 644, 0, 448, 570]

 ### Operon type: 414

	 A0A009QJA8	[231, 230, 0, 0, 0, 0, 0, 0, 603]

 ### Operon type: 415

	 A0A009YL68	[0, 0, 743, 388, 384, 0, 0, 173, 0]

 ### Operon type: 416

	 A0A010JNG7	[448, 0, 0, 306, 0, 0, 0, 0, 0]

 ### Operon type: 417

	 A0A010RM40	[496, 825, 786, 0, 0, 0, 0, -1, 731]

 ### Operon type: 418

	 A0A010RRQ6	[0, 215, 0, 0, 0, 595, 617, 214, 0]

 ### Operon type: 419

	 A0A010S423	[260, 0, 0, 0, 0, 0, 0, 181, 639]

 ### Operon type: 420

	 A0A010T0I7	[0, 0, 26, 0, 0, 836, 756, 825, 0]

 ### Operon type: 421

	 A0A010ZUR7	[325, 5, 0, 5, 0, 11, 243, 0, 0]

 ### Operon type: 422

	 A0A011NA78	[0, 660, 0, 0, 0, 796, 0, 0, 731]

 ### Operon type: 423

	 A0A011P8W7	[698, 744, 764, 0, 682, 0, 0, 0, 0]

 ### Operon type: 424

	 A0A011PG97	[783, 0, 0, 782, 0, 0, 0, 0, 0]

 ### Operon type: 425

	 A0A011PKT4	[0, 644, 0, 0, 0, 0, 643, 0, 0]

 ### Operon type: 426

	 A0A011PLB2	[0, 698, 0, 697, 0, 0, 0, 0, 0]

 ### Operon type: 427

	 A0A011R339	[0, 0, 0, 0, 0, 0, 134, 133, 0]

 ### Operon type: 428

	 A0A011SFE5	[0, 0, 0, 635, 0, 0, 634, 785, 633]

 ### Operon type: 429

	 A0A011SJT5	[0, 0, 0, 430, 429, 429, 429, 429, 429]

 ### Operon type: 430

	 A0A011TDQ5	[0, 0, 0, 0, 513, 708, 0, 0, 0]

 ### Operon type: 431

	 A0A011VT01	[0, 0, 657, 0, 0, 657, 0, 0, 656]

 ### Operon type: 432

	 A0A009Z3V9	[825, 0, 0, 0, 0, 112, 693, 113, 114]

 ### Operon type: 433

	 A0A010SRB2	[22, 21, 0, 0, 0, 21, 40, 0, 0]

 ### Operon type: 434

	 A0A010KA25	[303, 0, 628, 419, 229, 0, 0, 303, 406]

 ### Operon type: 435

	 A0A011TZN1	[132, 131, 130, 0, 129, 0, 0, 0, 0]

 ### Operon type: 436

	 A0A011VJ76	[117, 117, 228, 523, 0, 825, 695, 0, 744]

 ### Operon type: 437

	 A0A011UG17	[245, 0, 517, 0, 588, 654, 0, 0, 0]

 ### Operon type: 438

	 A0A011WUA8	[469, 0, 0, 335, 0, 0, 0, 334, 334]

 ### Operon type: 439

	 A0A010S4X6	[0, 236, 786, 747, 362, 0, 442, 705, 593]

 ### Operon type: 440

	 A0A010YY02	[0, 18, 0, 0, 18, 789, 610, 0, 17]
