
 ### Operon type: 1

	 A0A011PVT3	[629, 487, 486, 485, 533, 484, 483, 482, 481]
	 A0A011R7V7	[629, 487, 486, 485, 533, 484, 483, 482, 481]
	 A0A011MET3	[629, 487, 486, 485, 533, 484, 483, 482, 481]

 ### Operon type: 2

	 A0A011UIA1	[327, 326, 325, 324, 323, 322, 321, 320, 0]
	 A0A011V5V3	[0, 327, 326, 325, 324, 323, 322, 321, 320]

 ### Operon type: 3

	 A0A011PTE7	[500, 499, 498, 497, 496, 0, 495, 494, 493]
	 A0A011NE72	[500, 499, 498, 497, 496, 495, 494, 493, 0]

 ### Operon type: 4

	 A0A011NEY3	[411, 568, 567, 566, 566, 565, 564, 563, 0]

 ### Operon type: 5

	 A0A011PAN4	[568, 567, 0, 566, 566, 565, 564, 563, 562]

 ### Operon type: 6

	 A0A011RCD5	[411, 568, 567, 566, 566, 565, 564, 563, 562]

 ### Operon type: 7

	 A0A010JSI3	[548, 547, 546, 545, 544, 543, 542, 541, 0]
	 A0A009RGL2	[0, 547, 546, 545, 544, 543, 542, 541, 0]
	 A0A013T0M4	[548, 547, 546, 545, 544, 543, 542, 541, 0]
	 A0A009HDS5	[548, 547, 546, 545, 544, 543, 542, 541, 0]

 ### Operon type: 8

	 A0A011NBX7	[608, 607, 606, 605, 604, 590, 0, 0, 0]
	 A0A011PF67	[608, 607, 606, 605, 604, 0, 0, 0, 0]
	 A0A011NW66	[608, 607, 606, 605, 604, 590, 0, 0, 0]

 ### Operon type: 9

	 A0A011NS68	[608, 607, 606, 605, 604, 603, 602, 616, 601]
	 A0A011RHX4	[608, 607, 606, 605, 604, 603, 602, 616, 0]

 ### Operon type: 10

	 A0A010JY00	[295, 596, 538, 437, 254, 659, 434, 662, 454]

 ### Operon type: 11

	 A0A013TH30	[596, 538, 437, 436, 435, 659, 434, 662, 454]

 ### Operon type: 12

	 A0A011QAS2	[0, 643, 642, 641, 640, 639, 638, 637, 636]
	 A0A011NEQ1	[0, 643, 642, 641, 640, 639, 638, 637, 636]

 ### Operon type: 13

	 A0A011QSF0	[0, 686, 685, 684, 683, 682, 681, 680, 0]
	 A0A011QBB5	[558, 686, 685, 684, 683, 682, 681, 680, 513]
	 A0A011Q0X6	[558, 686, 685, 684, 683, 682, 681, 680, 513]
	 A0A011Q1X8	[686, 0, 685, 684, 683, 682, 681, 680, 513]

 ### Operon type: 14

	 A0A011PG87	[558, 686, 685, 684, 683, 682, 681, 0, 0]

 ### Operon type: 15

	 A0A013SP43	[279, 278, 310, 277, 276, 275, 274, 273, 272]
	 A0A010K6G6	[279, 278, 310, 277, 276, 275, 274, 0, 272]
	 A0A009RUN3	[279, 278, 310, 277, 276, 275, 274, 273, 272]

 ### Operon type: 16

	 A0A009SZB5	[0, 0, 87, 86, 85, 0, 0, 0, 84]
	 A0A009HR98	[0, 0, 87, 86, 85, 0, 0, 0, 84]

 ### Operon type: 17

	 A0A009Z8F7	[72, 87, 73, 0, 85, 4, 4, 0, 0]

 ### Operon type: 18

	 A0A011QUG8	[675, 674, 673, 672, 671, 670, 0, 669, 668]
	 A0A011QIT1	[675, 674, 673, 672, 671, 670, 669, 668, 658]

 ### Operon type: 19

	 A0A011QAB0	[649, 648, 647, 0, 646, 645, 706, 644, 0]
	 A0A011PL71	[488, 649, 648, 647, 646, 645, 706, 644, 0]

 ### Operon type: 20

	 A0A011PIY7	[627, 0, 626, 625, 624, 623, 622, 0, 620]

 ### Operon type: 21

	 A0A011Q3J4	[0, 627, 626, 625, 624, 623, 622, 621, 0]

 ### Operon type: 22

	 A0A011MH88	[628, 627, 626, 625, 624, 623, 622, 621, 620]

 ### Operon type: 23

	 A0A009QBR9	[0, 0, 396, 444, 395, 0, 0, 391, 188]
	 A0A009TM70	[0, 397, 396, 444, 395, 0, 0, 391, 188]

 ### Operon type: 24

	 A0A010ILU3	[398, 397, 396, 0, 395, 394, 393, 392, 391]
	 A0A009QS71	[398, 397, 396, 444, 395, 394, 0, 392, 391]
	 A0A009MW50	[0, 397, 396, 444, 395, 394, 0, 392, 391]
	 A0A009H3B0	[0, 397, 396, 0, 395, 394, 393, 392, 391]

 ### Operon type: 25

	 A0A009I8S2	[0, 0, 396, 444, 395, 394, 392, 391, 188]

 ### Operon type: 26

	 A0A009ICH6	[375, 115, 114, 55, 254, 42, 41, 40, 662]
	 A0A009ZFR5	[375, 115, 114, 55, 254, 42, 41, 40, 662]

 ### Operon type: 27

	 A0A009GP96	[0, 104, 594, 531, 250, 103, 428, 102, 101]

 ### Operon type: 28

	 A0A009GSR4	[531, 250, 103, 428, 102, 101, 101, 100, 0]

 ### Operon type: 29

	 A0A009IIT6	[104, 594, 531, 250, 102, 101, 101, 100, 0]

 ### Operon type: 30

	 A0A009IS10	[181, 0, 0, 0, 180, 179, 178, 0, 0]

 ### Operon type: 31

	 A0A009QHW5	[0, 0, 0, 398, 180, 179, 178, 0, 117]

 ### Operon type: 32

	 A0A011UVB4	[0, 0, 0, 77, 0, 0, 181, 0, 88]

 ### Operon type: 33

	 A0A011TLH7	[422, 421, 420, 0, 0, 0, 0, 0, 0]
	 A0A011UG87	[420, 421, 422, 0, 0, 0, 0, 0, 0]

 ### Operon type: 34

	 A0A011QDV3	[520, 519, 518, 611, 517, 516, 515, 0, 514]
	 A0A011QIE8	[520, 519, 518, 611, 517, 516, 514, 0, 0]

 ### Operon type: 35

	 A0A011NYU6	[511, 510, 0, 509, 508, 16, 15, 0, 507]

 ### Operon type: 36

	 A0A011PYI6	[511, 510, 0, 509, 508, 507, 537, 694, 0]

 ### Operon type: 37

	 A0A011P1C0	[0, 0, 16, 15, 507, 0, 0, 0, 0]

 ### Operon type: 38

	 A0A011NVE7	[526, 525, 524, 0, 0, 0, 0, 0, 0]
	 A0A011PP01	[526, 525, 524, 0, 0, 0, 0, 0, 0]

 ### Operon type: 39

	 A0A013TH43	[433, 0, 0, 0, 432, 431, 430, 0, 429]
	 A0A009RAF0	[433, 0, 0, 0, 432, 431, 430, 0, 429]

 ### Operon type: 40

	 A0A013S8V2	[298, 297, 0, 0, 0, 296, 0, 0, 0]
	 A0A009R8E1	[0, 43, 0, 298, 297, 0, 0, 296, 0]

 ### Operon type: 41

	 A0A009QFZ7	[452, 451, 0, 0, 448, 0, 446, 445, 0]
	 A0A009TK03	[452, 451, 0, 0, 448, 0, 446, 445, 0]

 ### Operon type: 42

	 A0A013SPM5	[452, 451, 450, 449, 448, 447, 446, 445, 0]
	 A0A010IX62	[452, 451, 450, 449, 448, 0, 446, 445, 0]
	 A0A009MH71	[452, 451, 0, 449, 448, 447, 446, 445, 0]
	 A0A009HSL1	[452, 451, 450, 449, 448, 0, 446, 445, 0]

 ### Operon type: 43

	 A0A009I6Z0	[452, 451, 0, 449, 448, 0, 446, 445, 111]

 ### Operon type: 44

	 A0A009ZIX8	[0, 5, 450, 449, 448, 14, 0, 111, 0]

 ### Operon type: 45

	 A0A009I573	[59, 0, 152, 153, 0, 154, 185, 155, 156]

 ### Operon type: 46

	 A0A009ILP9	[157, 0, 156, 155, 185, 154, 182, 153, 152]

 ### Operon type: 47

	 A0A009I953	[157, 0, 156, 155, 185, 154, 182, 0, -1]

 ### Operon type: 48

	 A0A009QEG7	[187, 186, 0, 0, 185, 184, 183, 0, 182]
	 A0A009IPC3	[187, 186, 0, 0, 185, 184, 183, 0, 182]

 ### Operon type: 49

	 A0A009SX74	[556, 601, 0, 153, 182, 157, 186, 187, 0]

 ### Operon type: 50

	 A0A010JWJ1	[0, 259, 594, 0, 258, 257, 256, 255, 0]
	 A0A009I4A1	[0, 259, 594, 0, 258, 257, 256, 255, 0]

 ### Operon type: 51

	 A0A009QF22	[121, 120, 119, 0, 258, 257, 256, 255, 118]
	 A0A009TBY8	[121, 120, 119, 94, 258, 257, 256, 255, 118]

 ### Operon type: 52

	 A0A009ITT8	[177, 176, 175, 261, 260, 174, 173, 172, 171]

 ### Operon type: 53

	 A0A009NJ90	[177, 176, 175, 261, 0, 158, 174, 173, 172]

 ### Operon type: 54

	 A0A009HZK2	[262, 261, 260, 0, 0, 0, 0, 0, 0]

 ### Operon type: 55

	 A0A009IJ07	[264, 263, 262, 261, 260, 0, 0, 0, 0]

 ### Operon type: 56

	 A0A009S6G1	[264, 263, 262, 261, 260, 173, 172, 171, 133]

 ### Operon type: 57

	 A0A009S5A5	[260, 158, 174, 173, 172, 171, 56, 76, 133]

 ### Operon type: 58

	 A0A013TCN9	[444, 443, 442, 441, 440, 439, 438, 594, 611]
	 A0A009QNC9	[444, 443, 442, 441, 440, 439, 438, 594, 611]
	 A0A010ITG1	[444, 443, 442, 441, 440, 439, 438, 594, 611]
	 A0A009NIJ3	[444, 443, 442, 441, 440, 439, 438, 594, 611]
	 A0A013TRC1	[444, 443, 442, 441, 440, 439, 438, 594, 611]

 ### Operon type: 59

	 A0A009H935	[0, 0, 442, 441, 440, 439, 438, 594, 611]

 ### Operon type: 60

	 A0A009PJF7	[203, 202, 202, 201, 200, 199, 198, 197, 196]
	 A0A009SJZ7	[77, 203, 202, 201, 200, 199, 198, 197, 196]

 ### Operon type: 61

	 A0A009Z5G0	[199, 201, 202, 0, 348, 203, 77, 271]

 ### Operon type: 62

	 A0A010JJC1	[691, 405, 404, 403, 402, 401, 400, 410, 399]
	 A0A010IZ41	[405, 404, 403, 402, 401, 400, 410, 399, 310]

 ### Operon type: 63

	 A0A009QJL6	[691, 405, 404, 403, 0, 399, 310, 116, 0]

 ### Operon type: 64

	 A0A011N9N8	[645, 597, 626, 0, 0, 0, 0, 0, 0]
	 A0A011P2I4	[645, 597, 626, 0, 0, 0, 0, 0, 0]

 ### Operon type: 65

	 A0A009PIB4	[0, 0, 0, 144, 143, 142, 428, 594, 645]
	 A0A009SLR5	[0, 0, 0, 144, 143, 142, 428, 594, 645]

 ### Operon type: 66

	 A0A009HSU4	[0, 0, 463, 594, 0, 597, 580, 645, 428]

 ### Operon type: 67

	 A0A011SF89	[699, 698, 697, 0, 0, 0, 0, 0, 0]

 ### Operon type: 68

	 A0A011UCX7	[0, 649, 699, 698, 0, 697, 243, 0, 0]

 ### Operon type: 69

	 A0A011NYT4	[595, 578, 577, 576, 0, 468, 468, 467, 466]

 ### Operon type: 70

	 A0A011P8E9	[0, 0, 595, 578, 0, 577, 576, 0, 0]

 ### Operon type: 71

	 A0A010TF34	[0, -1, 0, 0, 33, 32, 31, 30, 29]
	 A0A010SYH9	[33, 32, 31, 30, 29, 0, 0, 0, 0]

 ### Operon type: 72

	 A0A010S7A1	[67, 66, 65, 64, 0, 63, 0, 0, 0]
	 A0A010TFJ4	[0, -1, 0, 67, 66, 65, 64, -1, 63]

 ### Operon type: 73

	 A0A009ICP5	[168, 282, 593, 167, 166, 0, 0, 164, 0]

 ### Operon type: 74

	 A0A009MMG9	[168, 282, 593, 167, 166, 0, 165, 164, 344]

 ### Operon type: 75

	 A0A009HTW0	[0, 79, 80, 0, 166, 0, 0, 164, 0]
	 A0A009QLL2	[0, 79, 80, 0, 166, 0, 0, 164, 0]

 ### Operon type: 76

	 A0A009SIV4	[78, 79, 80, 61, 166, 60, 0, 164, 344]

 ### Operon type: 77

	 A0A013TSJ4	[79, 80, 0, 61, 166, 0, 0, 164, 344]

 ### Operon type: 78

	 A0A009Z3V9	[594, 0, 0, 0, 0, 80, 462, 79, 78]

 ### Operon type: 79

	 A0A009T0Q9	[0, 0, 0, 0, 83, 288, 628, 594, 82]

 ### Operon type: 80

	 A0A009YJF4	[0, 467, 466, 26, 95, 628, 594, 0, 82]

 ### Operon type: 81

	 A0A009PAV9	[221, -1, 593, 220, 365, 428, 219, 218, 217]
	 A0A009HJC2	[221, 611, 593, 220, 365, 428, 219, 218, 217]

 ### Operon type: 82

	 A0A009SE02	[0, 217, 0, 0, 0, 218, 219, 428, 365]

 ### Operon type: 83

	 A0A011QNA5	[0, 478, 477, 476, 0, 475, 474, 473, 472]
	 A0A009ZLJ7	[472, 473, 474, 475, 0, 0, 478, 477, 476]

 ### Operon type: 84

	 A0A013T0T6	[475, 474, 473, 472, 459, 458, 457, 456, 455]
	 A0A009QMH5	[475, 474, 473, 472, 459, 458, 457, 456, 455]
	 A0A009HAX1	[475, 474, 473, 472, 459, 458, 457, 456, 455]

 ### Operon type: 85

	 A0A010ILW6	[475, 474, 473, 472, 459, 458, 0, 0, 456]

 ### Operon type: 86

	 A0A009Z9X7	[474, 473, 472, 0, 459, 0, 666, 0, 456]

 ### Operon type: 87

	 A0A009PE10	[0, 0, 0, 472, 459, 212, 457, 456, -1]

 ### Operon type: 88

	 A0A009HS41	[580, 375, 569, 372, 204, 594, 594, 370, 369]
	 A0A009RSB7	[580, 375, 569, 372, 204, 594, 594, 370, 369]
	 A0A009SYU8	[580, 375, 569, 372, 204, 594, 594, 370, 369]

 ### Operon type: 89

	 A0A010IT25	[580, 375, 569, 372, 371, 594, 594, 370, 369]
	 A0A013SHA9	[580, 375, 569, 372, 371, 594, 594, 370, 369]
	 A0A009I466	[580, 375, 569, 372, 371, 594, 594, 370, 369]

 ### Operon type: 90

	 A0A009NMQ9	[580, 375, 569, 372, 371, 0, 594, 594, 370]

 ### Operon type: 91

	 A0A009P8A9	[0, 0, 569, 372, 204, 594, 594, 370, 369]

 ### Operon type: 92

	 A0A011PGU1	[0, 0, 555, 554, 553, 552, 551, 550, 549]
	 A0A011MDH1	[465, 0, 555, 554, 553, 552, 551, 550, 549]

 ### Operon type: 93

	 A0A011V0P4	[339, 334, 0, 0, 333, 0, 0, 332, 331]

 ### Operon type: 94

	 A0A011WPV7	[332, 331, 0, 0, 0, 0, 0, 0, 0]

 ### Operon type: 95

	 A0A011RNP9	[0, 0, 0, 0, 0, 707, 706, 0, 0]

 ### Operon type: 96

	 A0A011V0B5	[702, 0, 0, 0, 0, 0, 707, 0, 0]

 ### Operon type: 97

	 A0A011RQC9	[0, 702, 701, 0, 0, 0, 0, 700, 0]

 ### Operon type: 98

	 A0A011QG28	[471, 470, 554, 0, 553, 552, 574, 469, 575]
	 A0A011RIM8	[471, 470, 0, 0, 553, 552, 574, 469, 575]

 ### Operon type: 99

	 A0A011PHI6	[586, 0, 585, 0, 0, 584, 672, 583, 0]

 ### Operon type: 100

	 A0A011QI68	[0, 0, 585, 584, 0, 0, 0, 0, 0]

 ### Operon type: 101

	 A0A011P700	[0, 0, 679, 678, 0, 0, 0, 0, 0]

 ### Operon type: 102

	 A0A011QSI4	[0, 0, 679, 678, 677, 0, 0, 0, 0]

 ### Operon type: 103

	 A0A011NVJ6	[523, 634, 633, 632, 631, 630, 0, 0, 522]

 ### Operon type: 104

	 A0A011PVP2	[0, 634, 633, 632, 631, 630, 0, 0, 629]

 ### Operon type: 105

	 A0A011NXY7	[0, 0, 633, 0, 631, 0, 0, 0, 0]

 ### Operon type: 106

	 A0A011QR69	[664, 663, 662, 661, 660, 659, 0, 0, 0]
	 A0A011NUB4	[664, 663, 662, 661, 660, 659, 0, 528, 0]

 ### Operon type: 107

	 A0A011NN36	[663, 662, 0, 0, 660, 659, 0, 0, 0]

 ### Operon type: 108

	 A0A011PK69	[662, 491, 0, 0, 660, 659, 0, 0, 0]

 ### Operon type: 109

	 A0A011RMI6	[716, 715, 714, 713, 712, 711, 710, 709, 708]
	 A0A011NYD6	[716, 715, 714, 713, 712, 711, 710, 709, 708]

 ### Operon type: 110

	 A0A011QB28	[635, 716, 715, 0, 0, 711, 710, 709, 708]

 ### Operon type: 111

	 A0A011NF33	[0, 711, 710, 0, 0, 0, 0, 0, 0]

 ### Operon type: 112

	 A0A011NBY4	[589, 0, 0, 588, 0, 0, 587, 0, 0]

 ### Operon type: 113

	 A0A011WRT0	[589, 0, 0, 0, 0, 0, 0, 694, 0]

 ### Operon type: 114

	 A0A011SHV5	[0, 0, 0, 0, 0, 692, 694, 691, 0]

 ### Operon type: 115

	 A0A011NB95	[0, 667, 0, 0, 0, 0, 593, 592, 591]

 ### Operon type: 116

	 A0A011UHT4	[116, 126, 592, 0, 0, 35, 35, 591, 0]

 ### Operon type: 117

	 A0A010Z1W7	[0, 0, 0, 0, 0, 48, 0, 337, 338]

 ### Operon type: 118

	 A0A011VY84	[0, 0, 338, 337, 0, 0, 0, 0, 0]

 ### Operon type: 119

	 A0A010YW85	[0, 0, 0, 0, 0, 351, 0, 337, 338]

 ### Operon type: 120

	 A0A010ZMA0	[337, 600, 0, 0, 0, 0, 0, 0, 0]

 ### Operon type: 121

	 A0A011N5L2	[0, 0, 0, 600, 0, 599, 598, 0, 0]

 ### Operon type: 122

	 A0A010SQJ5	[304, 167, 0, 418, 417, 416, 0, 0, 0]

 ### Operon type: 123

	 A0A010STD3	[0, 0, 0, 418, 417, 416, 0, 370, 265]

 ### Operon type: 124

	 A0A011TD67	[419, 0, 0, 418, 417, 416, 415, 0, 414]

 ### Operon type: 125

	 A0A009ZC12	[0, 0, 0, 418, 0, 416, 415, 3, 688]

 ### Operon type: 126

	 A0A010RFQ9	[0, 0, 540, 0, 539, 0, 0, 0, 0]

 ### Operon type: 127

	 A0A010SPR9	[24, 24, 0, 0, 0, 539, 0, 0, 0]

 ### Operon type: 128

	 A0A013S288	[0, 0, 0, 309, 365, 308, 307, 0, 306]
	 A0A010J3I1	[0, 0, 0, 309, 365, 308, 307, 0, 306]

 ### Operon type: 129

	 A0A013SXT2	[316, 228, 227, 309, 365, 308, 307, 226, 306]
	 A0A009PWG1	[316, 228, 227, 309, 365, 308, 307, 226, 306]

 ### Operon type: 130

	 A0A009ZJK4	[0, 0, 0, 0, 0, 0, 375, 20, 0]

 ### Operon type: 131

	 A0A010SVN1	[-1, 20, 594, 222, 314, 0, 0, 375, 0]

 ### Operon type: 132

	 A0A009IMX3	[381, 0, 379, 0, 377, 149, 149, 694, 148]
	 A0A009SF48	[381, 0, 379, 0, 377, -1, 149, 694, 148]

 ### Operon type: 133

	 A0A009QEX0	[381, 380, 379, 378, 377, 149, 149, 694, 148]

 ### Operon type: 134

	 A0A010ISX2	[381, 380, 379, 378, 377, 376, 375, 374, 373]
	 A0A013S7V1	[381, 380, 379, 378, 377, 376, 375, 374, 373]
	 A0A009RES7	[381, 380, 379, 378, 377, 376, 375, 374, 373]
	 A0A009MR00	[381, 380, 379, 378, 377, 376, 375, 374, 373]

 ### Operon type: 135

	 A0A009GYP9	[0, 0, 0, 378, 377, 376, 375, 374, 373]

 ### Operon type: 136

	 A0A009YTT3	[0, 0, 0, 0, 0, 0, 375, 374, 373]

 ### Operon type: 137

	 A0A009PFK7	[211, 210, 209, 208, 207, 0, 0, 206, 0]
	 A0A009QGN4	[211, 210, 209, 208, 207, 206, 0, 0, 0]

 ### Operon type: 138

	 A0A009YR20	[0, 206, 0, 0, 0, 0, 210, 0, 0]

 ### Operon type: 139

	 A0A013SB36	[294, 293, 292, 291, 290, 0, 466, 289, 288]
	 A0A009QSI3	[294, 293, 292, 291, 290, 0, 466, 289, -1]

 ### Operon type: 140

	 A0A010ITP2	[294, 293, 292, 291, 290, 0, 466, 0, 0]

 ### Operon type: 141

	 A0A009SII9	[-1, 293, 292, 291, 0, 0, 0, 0, 83]

 ### Operon type: 142

	 A0A009HZV2	[0, 0, 0, 0, 225, 224, 158, 0, 0]

 ### Operon type: 143

	 A0A009QPE7	[0, 0, 0, 0, 225, 224, 0, 0, 0]

 ### Operon type: 144

	 A0A009GXL8	[98, 97, 96, 0, 95, 94, 129, 128, 127]

 ### Operon type: 145

	 A0A010JIW7	[98, 97, 96, 0, 95, 0, 0, 129, 128]

 ### Operon type: 146

	 A0A009MGR3	[0, 0, 194, 0, 453, 76, 75, 215, 214]

 ### Operon type: 147

	 A0A009Q4G0	[0, 195, 194, 0, 453, 0, 215, 214, 215]

 ### Operon type: 148

	 A0A009PUJ8	[0, 216, 0, 0, 0, 213, 129, 128, 127]

 ### Operon type: 149

	 A0A009QJA8	[128, 127, 0, 0, 0, 0, 0, 0, 0]

 ### Operon type: 150

	 A0A009PB53	[0, 0, 216, 0, 0, 215, 214, 215, 213]

 ### Operon type: 151

	 A0A013RZW2	[375, 313, 0, 312, 311, 365, 310, 0, 0]
	 A0A013SNJ8	[375, 0, 0, 312, 311, 365, 310, 0, 0]
	 A0A010J9U3	[375, 0, 0, 312, 311, 365, 310, 0, 0]
	 A0A009SIZ4	[375, 313, 0, 312, 311, 0, 310, 170, 0]
	 A0A009RD69	[375, 313, 0, 312, 311, 365, 310, 170, 0]

 ### Operon type: 152

	 A0A009PH20	[0, 0, 391, 312, 311, 365, 310, 0, 0]
	 A0A009IV03	[0, 0, 391, 312, 311, 0, 310, 0, 0]

 ### Operon type: 153

	 A0A009YIZ0	[375, 313, 391, 312, 311, 365, 310, 170, 107]

 ### Operon type: 154

	 A0A009QA91	[191, 190, 580, 594, 367, 367, 189, 305, 222]
	 A0A010J377	[191, 190, 580, 594, 367, 367, 189, 305, 222]

 ### Operon type: 155

	 A0A009QQC0	[0, 0, 223, 594, 367, 367, 0, 305, 222]
	 A0A009MVG4	[223, 0, 368, 594, 367, 367, 0, 305, 222]

 ### Operon type: 156

	 A0A009H7I0	[0, 0, 0, 594, 367, 367, 189, 305, 222]

 ### Operon type: 157

	 A0A009S1X4	[191, 190, 580, 594, 367, 367, 594, 0, 54]

 ### Operon type: 158

	 A0A013SHF4	[0, 0, 368, 594, 367, 367, 0, 366, 0]

 ### Operon type: 159

	 A0A009H7U0	[390, 574, 0, 389, 388, 387, 386, 0, 0]

 ### Operon type: 160

	 A0A010IMP8	[390, 0, 0, 389, 388, 387, 386, 0, 385]

 ### Operon type: 161

	 A0A013SZ54	[390, 0, 340, 389, 388, 0, 0, 0, 0]

 ### Operon type: 162

	 A0A009ZM43	[-1, 574, 340, 389, 388, 387, 386, 58, 385]

 ### Operon type: 163

	 A0A009YSC7	[0, 0, 587, 1, 0, 1, 267, 266, 0]

 ### Operon type: 164

	 A0A013RVV2	[444, 0, 267, 266, 0, 0, 0, 265, 0]

 ### Operon type: 165

	 A0A011Q5S3	[658, 657, 0, 0, 0, 0, 656, 655, 654]

 ### Operon type: 166

	 A0A011UZZ4	[0, 656, 655, 0, 0, 0, 335, 335, 654]

 ### Operon type: 167

	 A0A010YKP2	[0, 0, 0, 0, 0, 0, 522, 330, 0]

 ### Operon type: 168

	 A0A011V1A2	[334, 0, 0, 330, 0, 0, 0, 0, 0]

 ### Operon type: 169

	 A0A011Q2B1	[0, 0, 0, 0, 0, 722, 721, 720, 719]

 ### Operon type: 170

	 A0A011RLN8	[0, 0, 0, 724, 723, 722, 721, 720, 719]

 ### Operon type: 171

	 A0A011NGS0	[0, 0, 0, 0, 613, 612, 0, 0, 0]

 ### Operon type: 172

	 A0A011PW61	[0, 0, 0, 0, 613, 612, 0, 0, 512]

 ### Operon type: 173

	 A0A011UXI1	[0, 489, 0, 0, 613, 612, 413, 0, 0]

 ### Operon type: 174

	 A0A011SWI9	[-1, -1, 0, 586, 613, 612, 413, -1, -1]

 ### Operon type: 175

	 A0A011P952	[612, 0, 570, 0, 0, 570, 0, 0, 0]

 ### Operon type: 176

	 A0A011NSG8	[0, 0, 0, 583, 530, 529, 0, 530, 0]

 ### Operon type: 177

	 A0A011P0X4	[0, 0, 465, 0, 530, 0, 0, 529, 43]

 ### Operon type: 178

	 A0A009MJ75	[0, 0, 138, 137, 136, 0, 0, 0, 531]

 ### Operon type: 179

	 A0A010IH51	[0, 344, 0, 0, 136, 0, 531, 0, 0]

 ### Operon type: 180

	 A0A010YNY9	[0, 0, 49, 17, 0, 0, 0, 0, 44]

 ### Operon type: 181

	 A0A011AC71	[54, 0, 0, 317, 0, 49, 17, 0, 580]

 ### Operon type: 182

	 A0A011PRW6	[502, 0, 0, 0, 501, 715, 714, 0, 0]
	 A0A011QLX0	[0, 502, 0, 0, 501, 0, 715, 714, 0]

 ### Operon type: 183

	 A0A010SML6	[0, 715, 714, -1, 0, 601, 0, 0, 0]

 ### Operon type: 184

	 A0A009P817	[193, 0, 0, 0, 141, 0, 353, 140, 139]

 ### Operon type: 185

	 A0A009TIY0	[0, 0, 0, 0, 141, 0, 353, 140, 0]

 ### Operon type: 186

	 A0A009QKA3	[353, 140, 0, 139, 0, 0, 0, 0, 211]

 ### Operon type: 187

	 A0A009S854	[-1, 0, 0, 135, 269, 0, 0, 0, 268]

 ### Operon type: 188

	 A0A013RMD0	[-1, 0, 535, 0, 269, 540, 0, 0, 268]

 ### Operon type: 189

	 A0A009HFU9	[0, 106, 0, 0, 105, 428, 0, 0, 0]
	 A0A009R016	[0, 106, 0, 0, 105, -1, 428, 0, 0]

 ### Operon type: 190

	 A0A009HSR2	[0, 71, 70, 0, 69, 160, 161, 158, 162]

 ### Operon type: 191

	 A0A009SWM1	[0, 71, 70, 0, 69, 0, 0, 161, 0]

 ### Operon type: 192

	 A0A009MYX0	[163, 162, 0, 463, 0, 0, 161, 160, 159]

 ### Operon type: 193

	 A0A009QK79	[0, 0, 159, 160, 0, 161, 0, 0, 162]

 ### Operon type: 194

	 A0A009GXJ1	[329, 328, 160, 161, 99, 158, 162, 163, 0]

 ### Operon type: 195

	 A0A013TKW8	[0, 560, 0, 428, 427, 426, 425, 424, 423]
	 A0A010IT95	[0, 0, 0, 428, 427, 426, 425, 424, 423]
	 A0A009QT77	[0, 0, -1, 428, 427, 426, 425, 424, 423]
	 A0A009PRQ9	[0, 428, 145, 0, 427, 426, 425, 424, 423]
	 A0A009MH36	[0, 0, 0, 428, 427, 426, 425, 424, 423]
	 A0A009GWD0	[158, 0, 0, 428, 427, 426, 425, 424, 423]
	 A0A009I5G9	[0, 0, 428, 145, 427, 426, 425, 424, 423]
	 A0A009S0T6	[0, 0, 428, 145, 427, 426, 425, 424, 423]

 ### Operon type: 196

	 A0A013TMJ7	[611, -1, 0, 428, 427, 424, 423, 0, 0]

 ### Operon type: 197

	 A0A009HJJ5	[280, 409, 408, 0, 407, 406, 0, 576, 74]
	 A0A009I8I7	[280, 409, 408, 51, 407, 406, 0, 576, 74]

 ### Operon type: 198

	 A0A010JJN4	[0, 409, 408, 0, 407, 406, 0, 576, 598]
	 A0A013TPR7	[280, 409, 408, 0, 407, 406, 0, 576, 598]
	 A0A009PMT3	[280, 409, 408, 0, 407, 406, 146, 576, 598]
	 A0A009RMI1	[0, 409, 408, 0, 407, 406, 0, 576, 0]
	 A0A009YG45	[0, 280, 409, 408, 407, 0, 406, 146, 576]

 ### Operon type: 199

	 A0A009SEP4	[280, 409, 408, 51, 407, 0, 406, 146, 0]

 ### Operon type: 200

	 A0A009NI48	[280, 409, 408, 0, 407, 0, 0, 0, -1]

 ### Operon type: 201

	 A0A011WLE7	[0, 0, 0, 0, 0, 237, 0, 0, 0]
	 A0A011VU44	[0, 0, 0, 0, 0, 237, 0, 0, 0]

 ### Operon type: 202

	 A0A011VAP2	[0, 0, 122, 0, 0, 0, 0, 0, 235]

 ### Operon type: 203

	 A0A011VRJ8	[0, 0, 0, 0, 0, 0, 122, 0, 0]

 ### Operon type: 204

	 A0A011RNU1	[0, 0, 0, 0, 0, 0, 705, 705, 704]

 ### Operon type: 205

	 A0A011VKJ9	[0, 0, 0, 0, 0, 0, 704, 705, -1]

 ### Operon type: 206

	 A0A011V490	[0, 360, 0, 0, 0, 0, 0, 0, 0]
	 A0A011WT35	[360, 0, 0, 0, 0, 0, 0, 0, 0]

 ### Operon type: 207

	 A0A009T185	[663, 0, 492, 492, 383, 662, 492, 382, 630]

 ### Operon type: 208

	 A0A010IN36	[384, 611, 0, 0, 383, 662, 492, 382, 630]

 ### Operon type: 209

	 A0A009PG43	[662, 492, 205, 665, 0, 382, 630, 0, 0]

 ### Operon type: 210

	 A0A011PQZ7	[0, 0, 0, 506, 508, 0, 505, 0, 0]

 ### Operon type: 211

	 A0A011TUX4	[0, 0, 0, 0, 508, 0, 0, 505, 0]

 ### Operon type: 212

	 A0A011STZ9	[0, 0, 0, 505, 0, 0, 0, 0, 0]

 ### Operon type: 213

	 A0A011PRF5	[503, 0, 0, 0, 0, 0, 0, 0, 0]
	 A0A011PUJ9	[0, 0, 0, 0, 0, 0, 0, 0, 503]

 ### Operon type: 214

	 A0A011PFY8	[0, 0, 0, 0, 0, 0, 0, 0, 559]

 ### Operon type: 215

	 A0A011PNS3	[665, 559, 0, 0, 0, 0, 0, 0, 0]

 ### Operon type: 216

	 A0A011T648	[0, 559, 0, 0, 0, 0, 0, 662, 0]

 ### Operon type: 217

	 A0A011U3C2	[0, 0, 574, 0, 0, 0, 0, 0, 0]
	 A0A011AEN3	[0, 0, 0, 0, 0, 0, 574, 0, 0]

 ### Operon type: 218

	 A0A011AAZ2	[0, 46, 0, 0, 0, 574, 574, 574, 0]

 ### Operon type: 219

	 A0A011T698	[0, 0, 0, 0, 0, 580, 574, 0, 0]

 ### Operon type: 220

	 A0A009SNL0	[53, 52, 0, 0, 0, 0, 0, 0, 0]

 ### Operon type: 221

	 A0A009ZZC8	[-1, 52, 53, 0, 0, 0, 0, 0, 0]

 ### Operon type: 222

	 A0A009ZG48	[0, 0, 0, 560, 0, 0, 0, 0, 0]

 ### Operon type: 223

	 A0A011PEJ8	[0, 0, 561, 560, 0, 0, 0, 0, 0]

 ### Operon type: 224

	 A0A011QNJ7	[617, 0, 0, 560, 0, 0, 0, 617, 0]

 ### Operon type: 225

	 A0A011MMJ4	[0, 0, 0, 0, 0, 0, 0, 617, 0]

 ### Operon type: 226

	 A0A011R8M3	[0, 0, 561, 560, 0, 412, 0, 617, 0]

 ### Operon type: 227

	 A0A009TJ77	[0, 134, 0, 0, 0, 0, 0, 0, 0]

 ### Operon type: 228

	 A0A010RTE7	[0, 0, 0, 0, 0, 0, 30, 134, 0]

 ### Operon type: 229

	 A0A013S8F0	[303, 302, 301, 300, 299, 594, 611, 305, 599]
	 A0A013TPQ9	[303, 302, 301, 300, 299, 594, 611, 305, 599]
	 A0A009PMU2	[303, 302, 301, -1, 299, 594, 611, 305, 599]
	 A0A009SZ84	[303, 302, 301, 300, 299, 594, 611, 305, 599]

 ### Operon type: 230

	 A0A009IG48	[0, 0, 0, 151, 150, 0, 0, 0, 601]

 ### Operon type: 231

	 A0A009IMQ0	[0, 0, 0, 151, 150, 0, 0, 0, 0]

 ### Operon type: 232

	 A0A009SWV1	[0, 0, 0, 0, 0, 0, 0, 151, 0]

 ### Operon type: 233

	 A0A011TAW2	[0, 0, 0, 0, 0, 0, 316, 0, 0]
	 A0A009SFX8	[316, 0, 0, 0, 0, 0, 0, 0, 0]

 ### Operon type: 234

	 A0A011TZN1	[0, 0, 0, 0, 319, 0, 0, 0, 0]
	 A0A009RHH9	[0, 0, 0, 0, 319, 0, 0, 0, 0]

 ### Operon type: 235

	 A0A009Q512	[0, 0, 0, 0, 192, 0, 0, 0, 0]
	 A0A009PMZ9	[192, 0, 0, 0, 0, 0, 0, 0, 0]

 ### Operon type: 236

	 A0A009IFL2	[0, 39, 0, 38, -1, 0, 0, 0]

 ### Operon type: 237

	 A0A009ZDS1	[-1, -1, 0, 39, 0, 0, 405, 0, 0]

 ### Operon type: 238

	 A0A010IZH1	[-1, 302, 301, 300, 299, 594, 0, 0, 0]
	 A0A009NPS1	[0, 302, 301, 300, 299, -1, 0, 0, 0]
	 A0A009HJM0	[0, 302, 301, 300, 299, 594, 0, 0, 0]

 ### Operon type: 239

	 A0A009HUS9	[302, 301, 0, 0, 0, 0, -1, 0, 0]

 ### Operon type: 240

	 A0A009HM15	[0, 132, 131, 0, 0, 0, -1, 0, 0]

 ### Operon type: 241

	 A0A009RQL5	[0, 0, 0, 0, 0, 0, 132, 131, 0]

 ### Operon type: 242

	 A0A009IJ01	[0, 0, 0, 0, 0, 0, 132, 131, 130]

 ### Operon type: 243

	 A0A009NCH6	[0, 0, 0, 0, 0, 0, 0, 131, 130]

 ### Operon type: 244

	 A0A011UB51	[336, 0, 0, 0, 0, 0, 0, 0, 0]
	 A0A011UFH1	[0, 0, 0, 0, 0, 336, 0, 0, 0]

 ### Operon type: 245

	 A0A011V965	[0, -1, -1, 0, 123, 0, -1, -1, 0]
	 A0A011VHP2	[0, -1, -1, -1, 123, 0, 0, 0, 0]

 ### Operon type: 246

	 A0A010RVD0	[-1, 0, 0, -1, 0, 680, 680, 0, 25]

 ### Operon type: 247

	 A0A010T7Q5	[0, 25, 0, 0, 0, 0, -1, 0, 0]

 ### Operon type: 248

	 A0A010SNM6	[0, 0, -1, 0, 0, 0, 611, 0, 0]
	 A0A010SRR2	[0, 0, -1, 0, 0, 0, 0, 0, 611]

 ### Operon type: 249

	 A0A010SJH7	[0, 0, 611, -1, 0, 0, 189, 0, 0]

 ### Operon type: 250

	 A0A010RKP8	[0, 0, 0, 0, 0, 0, -1, 0, 0]
	 A0A011V107	[0, -1, 0, 0, 0, 0, 0, 0, 0]
	 A0A009RG92	[-1, 0, 0, 0, 0, 0, 0, 0, 0]
	 A0A011U7M7	[0, 0, -1, 0, 0, 0, 0, 0, 0]
	 A0A009PH57	[0, 0, -1, 0, 0, 0, 0, 0, 0]
	 A0A009QDV7	[-1, 0, 0, 0, 0, 0, 0, 0, 0]
	 A0A009N9Z1	[-1, 0, 0, 0, 0, 0, 0, 0, 0]
	 A0A010JDA6	[-1, 0, 0, 0, 0, 0, 0, 0, 0]
	 A0A009H6M2	[-1, 0, 0, 0, 0, 0, 0, 0, 0]
	 A0A009HJU6	[0, 0, 0, 0, 0, 0, 0, 0, -1]
	 A0A010TF14	[-1, 0, 0, 0, 0, 0, 0, 0, 0]
	 A0A010RY47	[-1, 0, -1, 0, 0, 0, 0, 0, 0]
	 A0A011UZ32	[0, 0, 0, 0, 0, -1, 0, 0, 0]
	 A0A011UZ49	[0, -1, 0, 0, 0, 0, 0, 0, 0]
	 A0A009IHQ3	[-1, 0, 0, 0, 0, 0, 0, 0, 0]
	 A0A009TG92	[0, 0, -1, 0, 0, 0, 0, 0, 0]

 ### Operon type: 251

	 A0A010SJF9	[0, 0, 0, 0, 0, -1, 0, 50, -1]

 ### Operon type: 252

	 A0A010T5D8	[0, 0, 0, -1, 0, -1, 310, 0, 0]

 ### Operon type: 253

	 A0A011ML54	[0, 0, 0, 619, 0, 0, 0, 0, -1]

 ### Operon type: 254

	 A0A011NHY1	[0, 0, 0, 0, 0, 611, 0, 0, 0]

 ### Operon type: 255

	 A0A010Z171	[0, 0, 0, 0, 0, 0, 611, 0, 463]

 ### Operon type: 256

	 A0A010ZX98	[0, 0, 0, 0, 0, 10, 611, 611, 0]

 ### Operon type: 257

	 A0A010YRE8	[0, 0, 0, 0, 0, 0, 0, 10, 0]

 ### Operon type: 258

	 A0A011AF05	[0, 0, 54, 10, 0, 0, 0, 0, 0]

 ### Operon type: 259

	 A0A011SQL0	[582, 0, -1, 0, 0, 0, 0, 0, 0]

 ### Operon type: 260

	 A0A009ZC82	[0, 0, 582, 0, 0, 0, 0, 0, 0]

 ### Operon type: 261

	 A0A011P3F6	[601, 0, 0, 582, 0, 0, 0, 0, 0]

 ### Operon type: 262

	 A0A011T697	[611, 0, 0, 0, 0, 0, 0, 0, 353]

 ### Operon type: 263

	 A0A011TDD1	[0, 315, 611, 0, 0, 0, 0, 0, 0]

 ### Operon type: 264

	 A0A011VW24	[0, 0, 718, 0, 0, 0, 0, 0, -1]

 ### Operon type: 265

	 A0A011T8V3	[0, 0, 718, 0, 0, 0, 0, 0, 0]

 ### Operon type: 266

	 A0A010TH98	[512, 0, 0, 718, 0, 0, 0, 0, 0]

 ### Operon type: 267

	 A0A011QVR3	[0, 0, 0, 0, 0, 0, 0, 667, 718]

 ### Operon type: 268

	 A0A011RM25	[0, 0, 0, 0, 0, 718, 0, 717, 0]

 ### Operon type: 269

	 A0A011VXC2	[-1, 359, 0, 0, 0, 0, 0, 0, 0]

 ### Operon type: 270

	 A0A011VYF1	[718, 0, 0, 0, 0, 0, 336, 0, 0]

 ### Operon type: 271

	 A0A010S415	[-1, 718, 0, 222, 0, 0, 0, 0, 394]

 ### Operon type: 272

	 A0A011SGD5	[0, 0, 0, 0, 0, 0, 0, 0, 0]
	 A0A011QSN2	[0, 0, 0, 0, 0, 0, 0, 0, 0]
	 A0A011NMI8	[0, 0, 0, 0, 0, 0, 0, 0, 0]
	 A0A011NAJ1	[0, 0, 0, 0, 0, 0, 0, 0, 0]
	 A0A011NAY5	[0, 0, 0, 0, 0, 0, 0, 0, 0]
	 A0A011NDM5	[0, 0, 0, 0, 0, 0, 0, 0, 0]
	 A0A011P4U7	[0, 0, 0, 0, 0, 0, 0, 0, 0]
	 A0A011P9Z5	[0, 0, 0, 0, 0, 0, 0, 0, 0]
	 A0A011PBM9	[0, 0, 0, 0, 0, 0, 0, 0, 0]
	 A0A011NTU3	[0, 0, 0, 0, 0, 0, 0, 0, 0]
	 A0A011Q056	[0, 0, 0, 0, 0, 0, 0, 0, 0]
	 A0A011Q1B3	[0, 0, 0, 0, 0, 0, 0, 0, 0]
	 A0A011PKU5	[0, 0, 0, 0, 0, 0, 0, 0, 0]
	 A0A011PJK8	[0, 0, 0, 0, 0, 0, 0, 0, 0]
	 A0A011PNN2	[0, 0, 0, 0, 0, 0, 0, 0, 0]
	 A0A011QMJ8	[0, 0, 0, 0, 0, 0, 0, 0, 0]
	 A0A011QVV5	[0, 0, 0, 0, 0, 0, 0, 0, 0]
	 A0A011N2Z0	[0, 0, 0, 0, 0, 0, 0, 0, 0]
	 A0A011N3C3	[0, 0, 0, 0, 0, 0, 0, 0, 0]
	 A0A011N4G4	[0, 0, 0, 0, 0, 0, 0, 0, 0]
	 A0A013T8M5	[0, 0, 0, 0, 0, 0, 0, 0, 0]
	 A0A013TEV4	[0, 0, 0, 0, 0, 0, 0, 0, 0]
	 A0A011TWN2	[0, 0, 0, 0, 0, 0, 0, 0, 0]
	 A0A010IPH1	[0, 0, 0, 0, 0, 0, 0, 0, 0]
	 A0A011VYF6	[0, 0, 0, 0, 0, 0, 0, 0, 0]
	 A0A011UHL2	[0, 0, 0, 0, 0, 0, 0, 0, 0]
	 A0A011TAF9	[0, 0, 0, 0, 0, 0, 0, 0, 0]
	 A0A011TLH0	[0, 0, 0, 0, 0, 0, 0, 0, 0]
	 A0A013S2B9	[0, 0, 0, 0, 0, 0, 0, 0, 0]
	 A0A013SBR8	[0, 0, 0, 0, 0, 0, 0, 0, 0]
	 A0A013TPV4	[0, 0, 0, 0, 0, 0, 0, 0, 0]
	 A0A013SL47	[0, 0, 0, 0, 0, 0, 0, 0, 0]
	 A0A011WUT3	[0, 0, 0, 0, 0, 0, 0, 0, 0]
	 A0A011UBN9	[0, 0, 0, 0, 0, 0, 0, 0, 0]
	 A0A011VWR4	[0, 0, 0, 0, 0, 0, 0, 0, 0]
	 A0A011WKI4	[0, 0, 0, 0, 0, 0, 0, 0, 0]
	 A0A011WSE5	[0, 0, 0, 0, 0, 0, 0, 0, 0]
	 A0A009QQ47	[0, 0, 0, 0, 0, 0, 0, 0, 0]
	 A0A009PDV4	[0, 0, 0, 0, 0, 0, 0, 0, 0]
	 A0A009PG53	[0, 0, 0, 0, 0, 0, 0, 0, 0]
	 A0A009ISY0	[0, 0, 0, 0, 0, 0, 0, 0, 0]
	 A0A009M4K0	[0, 0, 0, 0, 0, 0, 0, 0, 0]
	 A0A009MGJ1	[0, 0, 0, 0, 0, 0, 0, 0, 0]
	 A0A009MGQ8	[0, 0, 0, 0, 0, 0, 0, 0, 0]
	 A0A009MMM3	[0, 0, 0, 0, 0, 0, 0, 0, 0]
	 A0A009N031	[0, 0, 0, 0, 0, 0, 0, 0, 0]
	 A0A009N123	[0, 0, 0, 0, 0, 0, 0, 0, 0]
	 A0A009I0I9	[0, 0, 0, 0, 0, 0, 0, 0, 0]
	 A0A009IRJ6	[0, 0, 0, 0, 0, 0, 0, 0, 0]
	 A0A009PT82	[0, 0, 0, 0, 0, 0, 0, 0, 0]
	 A0A009NQA1	[0, 0, 0, 0, 0, 0, 0, 0, 0]
	 A0A010IZE4	[0, 0, 0, 0, 0, 0, 0, 0, 0]
	 A0A009MH90	[0, 0, 0, 0, 0, 0, 0, 0, 0]
	 A0A009Q3K7	[0, 0, 0, 0, 0, 0, 0, 0, 0]
	 A0A011VZG0	[0, 0, 0, 0, 0, 0, 0, 0, 0]
	 A0A011VW71	[0, 0, 0, 0, 0, 0, 0, 0, 0]
	 A0A011V8Y9	[0, 0, 0, 0, 0, 0, 0, 0, 0]
	 A0A009HBT3	[0, 0, 0, 0, 0, 0, 0, 0, 0]
	 A0A011VMV7	[0, 0, 0, 0, 0, 0, 0, 0, 0]
	 A0A011VNE2	[0, 0, 0, 0, 0, 0, 0, 0, 0]
	 A0A011VSC9	[0, 0, 0, 0, 0, 0, 0, 0, 0]
	 A0A011VUV0	[0, 0, 0, 0, 0, 0, 0, 0, 0]
	 A0A009T1I8	[0, 0, 0, 0, 0, 0, 0, 0, 0]
	 A0A009HL81	[0, 0, 0, 0, 0, 0, 0, 0, 0]
	 A0A009HTN9	[0, 0, 0, 0, 0, 0, 0, 0, 0]
	 A0A009HIL8	[0, 0, 0, 0, 0, 0, 0, 0, 0]
	 A0A010SHY1	[0, 0, 0, 0, 0, 0, 0, 0, 0]
	 A0A009SWU0	[0, 0, 0, 0, 0, 0, 0, 0, 0]
	 A0A009I463	[0, 0, 0, 0, 0, 0, 0, 0, 0]
	 A0A009RR21	[0, 0, 0, 0, 0, 0, 0, 0, 0]
	 A0A009SCM5	[0, 0, 0, 0, 0, 0, 0, 0, 0]
	 A0A009RHH7	[0, 0, 0, 0, 0, 0, 0, 0, 0]
	 A0A009RMD0	[0, 0, 0, 0, 0, 0, 0, 0, 0]
	 A0A011UTJ0	[0, 0, 0, 0, 0, 0, 0, 0, 0]
	 A0A011UWH1	[0, 0, 0, 0, 0, 0, 0, 0, 0]
	 A0A009R2X0	[0, 0, 0, 0, 0, 0, 0, 0, 0]
	 A0A009R4N4	[0, 0, 0, 0, 0, 0, 0, 0, 0]
	 A0A009RBQ2	[0, 0, 0, 0, 0, 0, 0, 0, 0]
	 A0A009QVK8	[0, 0, 0, 0, 0, 0, 0, 0, 0]
	 A0A011UFM5	[0, 0, 0, 0, 0, 0, 0, 0, 0]
	 A0A011UG71	[0, 0, 0, 0, 0, 0, 0, 0, 0]
	 A0A011UGX8	[0, 0, 0, 0, 0, 0, 0, 0, 0]
	 A0A009PAG1	[0, 0, 0, 0, 0, 0, 0, 0, 0]
	 A0A009SHB3	[0, 0, 0, 0, 0, 0, 0, 0, 0]
	 A0A009SIF9	[0, 0, 0, 0, 0, 0, 0, 0, 0]
	 A0A010SPJ7	[0, 0, 0, 0, 0, 0, 0, 0, 0]
	 A0A010SSQ8	[0, 0, 0, 0, 0, 0, 0, 0, 0]
	 A0A010T025	[0, 0, 0, 0, 0, 0, 0, 0, 0]
	 A0A010ZJQ6	[0, 0, 0, 0, 0, 0, 0, 0, 0]
	 A0A010YJA7	[0, 0, 0, 0, 0, 0, 0, 0, 0]
	 A0A010ZTI3	[0, 0, 0, 0, 0, 0, 0, 0, 0]
	 A0A011A146	[0, 0, 0, 0, 0, 0, 0, 0, 0]
	 A0A011AIL7	[0, 0, 0, 0, 0, 0, 0, 0, 0]
	 A0A010YZS8	[0, 0, 0, 0, 0, 0, 0, 0, 0]
	 A0A010Z120	[0, 0, 0, 0, 0, 0, 0, 0, 0]
	 A0A009T3J5	[0, 0, 0, 0, 0, 0, 0, 0, 0]

 ### Operon type: 273

	 A0A010TG27	[615, 0, 34, 0, 0, 0, 594, 0, 0]

 ### Operon type: 274

	 A0A011PMK1	[0, 0, 0, 0, 0, 0, 0, 615, 0]

 ### Operon type: 275

	 A0A009HRU1	[0, 160, 0, 0, 0, 0, 0, 0, 0]

 ### Operon type: 276

	 A0A009HSN8	[0, 195, 0, 0, 0, -1, 0, 213, -1]

 ### Operon type: 277

	 A0A009HV82	[129, 0, 0, 0, 0, 0, 0, 0, 0]

 ### Operon type: 278

	 A0A009IG74	[0, 0, 137, 0, 365, -1, 0, 0, 0]

 ### Operon type: 279

	 A0A009IJ90	[0, 57, 0, 0, 0, 0, 0, 0, 0]

 ### Operon type: 280

	 A0A009ISE1	[406, 0, 576, 0, 0, -1, 0, 0, 0]

 ### Operon type: 281

	 A0A009NM94	[0, 696, 696, 0, 0, 0, 315, 0, 0]

 ### Operon type: 282

	 A0A009Q4N5	[0, 0, 193, 0, 0, 0, 0, 0, 0]

 ### Operon type: 283

	 A0A009SSZ9	[0, 59, 0, 0, 0, 0, 0, 0, 0]

 ### Operon type: 284

	 A0A009TBM2	[0, 0, 0, 0, 0, 0, 0, 0, 306]

 ### Operon type: 285

	 A0A009Q8S9	[0, 0, 601, 306, 0, 341, 0, 0, 0]

 ### Operon type: 286

	 A0A009YIH1	[0, 0, 0, 0, 133, 0, -1, -1, 2]

 ### Operon type: 287

	 A0A009YR05	[0, 0, 0, 0, 45, 0, 0, 0, 0]

 ### Operon type: 288

	 A0A009Z004	[81, 0, 81, 0, 0, 463, 0, 0, 0]

 ### Operon type: 289

	 A0A010IGH8	[0, 0, 0, 0, 0, 0, 0, 265, 0]

 ### Operon type: 290

	 A0A010JIN9	[403, 0, 0, 134, 182, 0, 0, 0, 0]

 ### Operon type: 291

	 A0A010RS09	[0, 0, 0, 0, 30, 0, 618, 618, 0]

 ### Operon type: 292

	 A0A010RUQ5	[0, 0, 0, 0, 0, 0, 0, 0, 249]

 ### Operon type: 293

	 A0A010S195	[582, 0, 48, 47, 0, 0, 0, 0, 0]

 ### Operon type: 294

	 A0A010SCZ2	[0, 0, 0, 0, 0, 0, 0, 234, 0]

 ### Operon type: 295

	 A0A010SN41	[0, 0, 0, 0, 232, 0, 0, 0, 0]

 ### Operon type: 296

	 A0A010SSU2	[0, 0, 0, 0, 99, 0, -1, 571, 0]

 ### Operon type: 297

	 A0A010SUP6	[0, 0, 0, 0, 0, 0, 0, 47, 0]

 ### Operon type: 298

	 A0A010SUY9	[0, 0, 0, 0, 0, 412, 561, 0]

 ### Operon type: 299

	 A0A010THK2	[0, 0, -1, 0, 0, 618, 463, 0, 0]

 ### Operon type: 300

	 A0A010SRL4	[34, 0, 0, -1, 0, 0, 0, 463, 147]

 ### Operon type: 301

	 A0A010YF95	[654, 0, 0, 0, 0, 0, 0, 0, 0]

 ### Operon type: 302

	 A0A010YT39	[0, 614, 0, 0, 0, 0, 0, 0, 0]

 ### Operon type: 303

	 A0A010YX61	[285, 574, 0, 718, 0, 0, 0, 0, 0]

 ### Operon type: 304

	 A0A010ZWJ8	[0, 0, 0, 0, 0, 573, 0, 0, 0]

 ### Operon type: 305

	 A0A009ZVR4	[701, 0, 574, 0, 0, 28, 0, 0, 0]

 ### Operon type: 306

	 A0A011AHW1	[0, 0, 0, 0, 0, 0, 0, 11, 0]

 ### Operon type: 307

	 A0A011NE37	[340, 0, 0, 0, 0, 0, 0, 0, 0]

 ### Operon type: 308

	 A0A011NF78	[0, 0, 687, 0, 0, 0, 0, 0, 0]

 ### Operon type: 309

	 A0A011NVE2	[0, 0, 0, 662, 0, 0, 611, 0, 527]

 ### Operon type: 310

	 A0A011NXJ4	[0, 0, 0, 0, 0, 0, 0, 0, 521]

 ### Operon type: 311

	 A0A011P8I1	[0, 0, 575, 574, 0, 0, 0, 0, 573]

 ### Operon type: 312

	 A0A011P9Q7	[569, 0, 0, 0, 0, 0, 0, 0, 0]

 ### Operon type: 313

	 A0A011PCT1	[0, 0, 0, 0, 0, 0, 0, 719, 0]

 ### Operon type: 314

	 A0A011PJ75	[0, 662, 492, 662, 0, 0, 0, 0, 0]

 ### Operon type: 315

	 A0A011PRB4	[0, 0, 0, 0, 0, 0, 0, 504, 0]

 ### Operon type: 316

	 A0A011Q5V7	[653, 0, 0, 0, 0, 0, 0, 0, 0]

 ### Operon type: 317

	 A0A011QU35	[0, 0, 0, 0, 676, 0, 0, 0, 0]

 ### Operon type: 318

	 A0A011QVT2	[666, 0, 0, 0, 0, 0, 0, 665, 0]

 ### Operon type: 319

	 A0A011RP14	[0, 0, 0, 0, 0, 0, 0, 703, 0]

 ### Operon type: 320

	 A0A011SM49	[611, 0, 703, 0, 0, 0, 346, 0, 0]

 ### Operon type: 321

	 A0A011AM27	[505, 0, 0, 0, 407, 0, 0, 0, 18]

 ### Operon type: 322

	 A0A011T607	[0, 0, 629, 0, 0, 0, 0, 0, 315]

 ### Operon type: 323

	 A0A010S5W8	[0, 0, 464, 629, 0, 0, 0, 0, 0]

 ### Operon type: 324

	 A0A011MSR2	[0, 0, 0, 464, 0, 0, 0, 649, 0]

 ### Operon type: 325

	 A0A010YYJ5	[0, 0, 0, 649, 0, 0, 0, 28, 28]

 ### Operon type: 326

	 A0A011TED9	[0, 0, 0, 0, 0, 318, 0, 0, 0]

 ### Operon type: 327

	 A0A011TXS5	[0, 345, 0, 0, 0, 0, 0, 0, 0]

 ### Operon type: 328

	 A0A011U144	[0, 249, 0, 0, 0, 0, 521, 448, 0]

 ### Operon type: 329

	 A0A011U1C8	[580, 0, 0, 0, 0, 0, 0, 0, 248]

 ### Operon type: 330

	 A0A011U483	[0, 0, 0, 0, 0, 579, 0, 0, 0]

 ### Operon type: 331

	 A0A011UDF3	[0, 0, 0, 0, 0, 419, 0, 0, 0]

 ### Operon type: 332

	 A0A011UG86	[0, 583, 0, 0, 0, 50, 0, 0, 0]

 ### Operon type: 333

	 A0A011UGY3	[0, 0, 0, 36, 0, 0, 0, 36, 0]

 ### Operon type: 334

	 A0A011UJN3	[0, 382, 0, 0, 0, 0, 0, 0, 0]

 ### Operon type: 335

	 A0A009INE0	[384, 0, 0, 0, 0, 0, 0, 492, 382]

 ### Operon type: 336

	 A0A011UQB5	[693, 588, 0, 0, 0, 0, 0, 336, 0]

 ### Operon type: 337

	 A0A011UVI5	[0, 0, 0, 0, 0, 44, 662, 662, 0]

 ### Operon type: 338

	 A0A011UWI3	[0, 0, 0, 0, 143, 0, 68, 582, 0]

 ### Operon type: 339

	 A0A011V5E6	[0, 0, 0, 0, 0, 361, 0, 0, 0]

 ### Operon type: 340

	 A0A011M4H6	[235, 0, 536, 0, 0, 0, 0, 0, 0]

 ### Operon type: 341

	 A0A011VSV3	[0, 0, 0, 0, 0, 0, 554, 0, 0]

 ### Operon type: 342

	 A0A011VWI0	[0, 0, 0, 0, 0, 126, 0, 0, 0]

 ### Operon type: 343

	 A0A011VZ91	[241, 0, 0, 0, 0, 0, 0, 0, 0]

 ### Operon type: 344

	 A0A011W213	[0, 0, 0, 0, 0, 528, 0, 0, 0]

 ### Operon type: 345

	 A0A011WP76	[0, 0, 0, 0, 0, 0, 0, 0, 669]

 ### Operon type: 346

	 A0A011WSD4	[0, 0, 0, -1, 0, 649, 0, 0, 360]

 ### Operon type: 347

	 A0A011VZF5	[0, 0, 358, 357, 0, 649, 360, 649, 0]

 ### Operon type: 348

	 A0A011WSU6	[0, 649, 0, 0, 355, 0, 0, 0, 0]

 ### Operon type: 349

	 A0A013S843	[0, 305, 0, 0, 0, 0, -1, 304, 0]

 ### Operon type: 350

	 A0A013S981	[295, 0, 0, 0, 0, 0, 0, 0, 0]

 ### Operon type: 351

	 A0A013T337	[0, 0, 0, 0, 0, 0, 0, 0, 454]

 ### Operon type: 352

	 A0A013T5E6	[0, 0, 0, 453, 0, 0, 0, 0, 0]

 ### Operon type: 353

	 A0A013SGL3	[287, 286, 285, 284, 283, 597, 282, 580, 281]
	 A0A010KAV2	[287, 0, 0, 284, 283, 597, 282, 580, 281]
	 A0A009NE81	[287, 286, 285, 284, 283, 597, 282, 580, 281]
	 A0A009I5Z6	[287, 0, 285, 284, 283, 597, 282, 580, 281]
	 A0A009RQH3	[287, 0, 0, 284, 283, 597, 282, 580, 281]

 ### Operon type: 354

	 A0A013TB41	[287, -1, 0, 0, 283, 597, 282, 580, 281]

 ### Operon type: 355

	 A0A009H3X4	[287, 0, 0, 0, 283, 597, -1, 618, -1]

 ### Operon type: 356

	 A0A009YL68	[0, 0, 580, 287, 283, 0, 0, 3, 0]

 ### Operon type: 357

	 A0A009T9H0	[0, 2, 601, -1, 0, 0, 161, 0, 160]

 ### Operon type: 358

	 A0A010THH5	[0, 62, 39, 44, 0, 0, 691, 0, 405]

 ### Operon type: 359

	 A0A011VZE3	[0, 0, 0, 594, 240, 0, 0, 0, 0]
	 A0A011WSH8	[0, 0, 0, 594, 240, 0, 0, 0, 0]

 ### Operon type: 360

	 A0A011NAF3	[0, 0, 0, 0, 0, 0, 594, 0, 622]

 ### Operon type: 361

	 A0A009IQ93	[243, 0, 594, 0, 0, 147, 0, 0, 0]

 ### Operon type: 362

	 A0A009TLU4	[0, 345, -1, 169, 0, 23, 0, -1, -1]

 ### Operon type: 363

	 A0A010JNG7	[428, 0, 0, 410, 0, 0, 0, 0, 0]

 ### Operon type: 364

	 A0A010S003	[550, 0, 0, 0, 0, 583, 583, 167, 0]

 ### Operon type: 365

	 A0A010SMN8	[0, -1, 49, 0, 539, 0, 0, 557, 0]

 ### Operon type: 366

	 A0A010SXS1	[0, 205, 0, 0, 0, 238, 0, 0, 665]

 ### Operon type: 367

	 A0A010T689	[18, -1, 691, 707, 0, 0, 0, 0, 0]

 ### Operon type: 368

	 A0A010TBB4	[0, 108, 0, 50, 0, 0, 0, 0, 580]

 ### Operon type: 369

	 A0A010YFK3	[0, 652, 0, 0, 0, 0, 89, 0, 248]

 ### Operon type: 370

	 A0A010YVY1	[7, 0, 7, 0, 0, 0, 0, 167, 0]

 ### Operon type: 371

	 A0A010Z7T4	[0, 0, 0, 0, 0, 0, 0, 531, 506]

 ### Operon type: 372

	 A0A010RRR9	[0, 0, 0, 0, 533, 0, 0, 532, 531]

 ### Operon type: 373

	 A0A010SIA7	[0, 0, 532, 64, 0, 0, 0, 0, 0]

 ### Operon type: 374

	 A0A010ZSZ2	[0, 46, 0, 14, 13, 0, 0, 0, 0]

 ### Operon type: 375

	 A0A010Z0Y7	[0, 0, 0, 0, 13, 222, 0, 0, 0]

 ### Operon type: 376

	 A0A010ZUR7	[236, 12, 0, 12, 0, 11, 167, 0, 0]

 ### Operon type: 377

	 A0A011A0M8	[0, 0, 463, 0, 38, 0, 0, 9, 9]

 ### Operon type: 378

	 A0A011NFL4	[0, 695, 0, 0, 616, 615, 0, 614, 0]

 ### Operon type: 379

	 A0A011P407	[0, 0, 581, 694, 0, 0, 580, 0, 579]

 ### Operon type: 380

	 A0A011QGT2	[594, 0, 0, 480, 479, 0, 0, 0, 0]

 ### Operon type: 381

	 A0A011QSA4	[690, 0, 689, 688, 0, 0, 0, 0, 687]

 ### Operon type: 382

	 A0A011T6J6	[0, 653, 0, 574, 0, 0, 352, 0, 351]

 ### Operon type: 383

	 A0A011TAL2	[0, 629, 0, 0, 0, 317, 0, 522, 0]

 ### Operon type: 384

	 A0A011TYT7	[0, 0, 0, 0, 0, 0, 344, 343, 343]

 ### Operon type: 385

	 A0A011TZG0	[463, 650, 0, 0, 0, 0, 0, 429, 0]

 ### Operon type: 386

	 A0A011Q6N5	[0, 0, 0, 0, 0, 0, 651, 650, 651]

 ### Operon type: 387

	 A0A011UII7	[0, 0, 0, 0, 0, 527, 342, 0, 0]

 ### Operon type: 388

	 A0A011UNT9	[341, 349, 0, 0, 0, 0, 0, 0, 0]

 ### Operon type: 389

	 A0A011SIS0	[0, 638, 350, 350, 0, 0, 0, 349, 0]

 ### Operon type: 390

	 A0A011UT49	[0, 46, 0, 0, 0, 0, 205, 92, 0]

 ### Operon type: 391

	 A0A011VU65	[90, 0, 0, 0, 0, 89, 0, 0, 0]

 ### Operon type: 392

	 A0A011VV03	[0, 236, 0, 0, 333, 235, 0, 0, 0]

 ### Operon type: 393

	 A0A011VVZ9	[0, 0, -1, 0, 0, 234, 233, 233, 348]

 ### Operon type: 394

	 A0A011VWX7	[665, 339, 0, 0, 0, 0, 0, 692, 0]

 ### Operon type: 395

	 A0A011VXK7	[696, 696, 0, 387, 0, 0, 0, 655, 0]

 ### Operon type: 396

	 A0A011W0I6	[239, 0, 0, 0, 0, 460, 0, 619, 0]

 ### Operon type: 397

	 A0A010YEF6	[0, 239, 0, 0, 0, 0, 0, 0, 19]

 ### Operon type: 398

	 A0A013SQH1	[0, 0, 0, 0, 232, 490, 0, 428, 593]

 ### Operon type: 399

	 A0A009LNU8	[229, 231, 253, 252, 0, 169, 0, 428, 0]

 ### Operon type: 400

	 A0A013SRG6	[251, 252, 253, 231, 0, 230, 0, 229, 610]

 ### Operon type: 401

	 A0A009IQU8	[0, 231, 0, 0, 0, 230, 610, 0, 0]

 ### Operon type: 402

	 A0A010K2K8	[253, 252, 251, 0, 0, 0, 0, -1, 428]

 ### Operon type: 403

	 A0A011NPR8	[0, 610, 0, 0, 0, 0, 609, 0, 0]

 ### Operon type: 404

	 A0A010SEA2	[657, 609, 62, 0, 0, 0, 0, 0, 0]

 ### Operon type: 405

	 A0A009ZIC0	[105, 110, 535, 135, 269, 540, 109, 108, 268]

 ### Operon type: 406

	 A0A009ZB47	[117, 27, 0, 0, 0, 649, 403, 0, 0]

 ### Operon type: 407

	 A0A010RM40	[538, 594, 537, 0, 0, 0, 0, -1, 595]

 ### Operon type: 408

	 A0A010RRQ6	[0, 536, 0, 0, 0, 539, 535, 534, 0]

 ### Operon type: 409

	 A0A010S423	[352, 0, 0, 0, 0, 0, 0, 68, 700]

 ### Operon type: 410

	 A0A010T0I7	[0, 0, 19, 0, 0, 575, 689, 594, 0]

 ### Operon type: 411

	 A0A011AHU9	[0, 0, 0, 0, 0, 0, 0, 8, 628]

 ### Operon type: 412

	 A0A010YY02	[0, 6, 0, 0, 6, 509, 5, 0, 8]

 ### Operon type: 413

	 A0A011NA78	[0, 596, 0, 0, 0, 680, 0, 0, 595]

 ### Operon type: 414

	 A0A011P8W7	[572, 581, 665, 0, 571, 0, 0, 0, 0]

 ### Operon type: 415

	 A0A011PG97	[557, 0, 0, 556, 0, 0, 0, 0, 0]

 ### Operon type: 416

	 A0A011PKT4	[0, 490, 0, 0, 0, 0, 489, 0, 0]

 ### Operon type: 417

	 A0A011PLB2	[0, 572, 0, 491, 0, 0, 0, 0, 0]

 ### Operon type: 418

	 A0A011R339	[0, 0, 0, 0, 0, 0, 329, 328, 0]

 ### Operon type: 419

	 A0A011SFE5	[0, 0, 0, 696, 0, 0, 695, 694, 693]

 ### Operon type: 420

	 A0A011SJT5	[0, 0, 0, 348, 347, 347, 347, 347, 347]

 ### Operon type: 421

	 A0A011TDQ5	[0, 0, 0, 0, 314, 461, 0, 0, 0]

 ### Operon type: 422

	 A0A011UG17	[196, 0, 242, 0, 37, 90, 0, 0, 0]

 ### Operon type: 423

	 A0A011V8Z7	[0, 0, 0, 0, 0, 125, 124, 0, 0]

 ### Operon type: 424

	 A0A011VT01	[0, 0, 91, 0, 0, 91, 0, 0, 199]

 ### Operon type: 425

	 A0A011VYP6	[0, 0, 0, 0, 0, 0, 242, 485, 0]

 ### Operon type: 426

	 A0A011V392	[359, 0, 504, 358, 357, 356, 0, 355, 354]

 ### Operon type: 427

	 A0A009Q0U9	[375, 115, 114, 0, 113, 112, -1, -1, 0]

 ### Operon type: 428

	 A0A010SRB2	[23, 22, 0, 0, 0, 22, 21, 0, 0]

 ### Operon type: 429

	 A0A011VJ76	[93, 93, 92, 614, 0, 594, 463, 0, 581]

 ### Operon type: 430

	 A0A013SKX6	[0, 0, 702, 0, 365, 365, 364, 363, 362]

 ### Operon type: 431

	 A0A010KA25	[403, 0, 691, 372, 250, 0, 0, 403, 302]

 ### Operon type: 432

	 A0A011WUA8	[635, 0, 0, 271, 0, 0, 0, 270, 270]

 ### Operon type: 433

	 A0A010S4X6	[0, 222, 537, 583, 276, 0, 523, 488, 618]

 ### Operon type: 434

	 A0A011U8C0	[0, 247, 246, 0, 245, 244, 0, 0, 0]
