
 ### Operon type: 1

	 A0A011PVT3	[690, 689, 688, 687, 686, 685, 684, 683, 682]
	 A0A011R7V7	[690, 689, 688, 687, 686, 685, 684, 683, 682]
	 A0A011MET3	[690, 689, 688, 687, 686, 685, 684, 683, 682]

 ### Operon type: 2

	 A0A011V5V3	[0, 134, 133, 132, 131, 130, 129, 128, 127]
	 A0A011UIA1	[134, 133, 132, 131, 130, 129, 128, 127, 0]

 ### Operon type: 3

	 A0A011PTE7	[519, 518, 517, 516, 515, 0, 514, 513, 512]
	 A0A011NE72	[519, 518, 517, 516, 515, 514, 513, 512, 0]

 ### Operon type: 4

	 A0A011NEY3	[403, 723, 724, 722, 722, 721, 720, 719, 0]

 ### Operon type: 5

	 A0A011PAN4	[723, 724, 0, 722, 722, 721, 720, 719, 718]

 ### Operon type: 6

	 A0A011RCD5	[403, 723, 724, 722, 722, 721, 720, 719, 718]

 ### Operon type: 7

	 A0A010JSI3	[506, 505, 504, 503, 502, 501, 500, 499, 0]
	 A0A013T0M4	[506, 505, 504, 503, 502, 501, 500, 499, 0]
	 A0A009HDS5	[506, 505, 504, 503, 502, 501, 500, 499, 0]
	 A0A009RGL2	[0, 505, 504, 503, 502, 501, 500, 499, 0]

 ### Operon type: 8

	 A0A011PF67	[714, 713, 712, 711, 710, 0, 0, 0, 0]
	 A0A011NW66	[714, 713, 712, 711, 710, 653, 0, 0, 0]
	 A0A011NBX7	[714, 713, 712, 711, 710, 653, 0, 0, 0]

 ### Operon type: 9

	 A0A011NS68	[714, 713, 712, 711, 710, 596, 595, 696, 594]
	 A0A011RHX4	[714, 713, 712, 711, 710, 596, 595, 696, 0]

 ### Operon type: 10

	 A0A010JY00	[299, 470, 341, 340, 492, 599, 337, 601, 377]

 ### Operon type: 11

	 A0A013TH30	[470, 341, 340, 339, 338, 599, 337, 601, 377]

 ### Operon type: 12

	 A0A011NEQ1	[0, 617, 616, 615, 614, 613, 612, 611, 610]
	 A0A011QAS2	[0, 617, 616, 615, 614, 613, 612, 611, 610]

 ### Operon type: 13

	 A0A011QBB5	[584, 583, 582, 581, 580, 579, 578, 577, 576]
	 A0A011QSF0	[0, 583, 582, 581, 580, 579, 578, 577, 0]
	 A0A011Q0X6	[584, 583, 582, 581, 580, 579, 578, 577, 576]
	 A0A011Q1X8	[583, 0, 582, 581, 580, 579, 578, 577, 576]

 ### Operon type: 14

	 A0A011PG87	[584, 583, 582, 581, 580, 579, 578, 0, 0]

 ### Operon type: 15

	 A0A013SP43	[359, 358, 357, 356, 355, 354, 353, 352, 351]
	 A0A010K6G6	[359, 358, 357, 356, 355, 354, 353, 0, 351]
	 A0A009RUN3	[359, 358, 357, 356, 355, 354, 353, 352, 351]

 ### Operon type: 16

	 A0A009HR98	[0, 0, 189, 96, 187, 0, 0, 0, 95]
	 A0A009SZB5	[0, 0, 189, 96, 187, 0, 0, 0, 95]

 ### Operon type: 17

	 A0A009Z8F7	[190, 189, 188, 0, 187, 186, 186, 0, 0]

 ### Operon type: 18

	 A0A011QIT1	[669, 668, 667, 666, 665, 664, 663, 662, 661]
	 A0A011QUG8	[669, 668, 667, 666, 665, 664, 0, 663, 662]

 ### Operon type: 19

	 A0A011QAB0	[540, 539, 538, 0, 537, 546, 536, 535, 0]
	 A0A011PL71	[507, 540, 539, 538, 537, 546, 536, 535, 0]

 ### Operon type: 20

	 A0A011PIY7	[708, 0, 707, 706, 705, 704, 703, 0, 701]

 ### Operon type: 21

	 A0A011Q3J4	[0, 708, 707, 706, 705, 704, 703, 702, 0]

 ### Operon type: 22

	 A0A011MH88	[709, 708, 707, 706, 705, 704, 703, 702, 701]

 ### Operon type: 23

	 A0A009QBR9	[0, 0, 388, 348, 387, 0, 0, 383, 121]
	 A0A009TM70	[0, 389, 388, 348, 387, 0, 0, 383, 121]

 ### Operon type: 24

	 A0A010ILU3	[390, 389, 388, 0, 387, 386, 385, 384, 383]
	 A0A009QS71	[390, 389, 388, 348, 387, 386, 0, 384, 383]
	 A0A009MW50	[0, 389, 388, 348, 387, 386, 0, 384, 383]
	 A0A009H3B0	[0, 389, 388, 0, 387, 386, 385, 384, 383]

 ### Operon type: 25

	 A0A009I8S2	[0, 0, 388, 348, 387, 386, 384, 383, 121]

 ### Operon type: 26

	 A0A009ZFR5	[496, 495, 494, 493, 492, 491, 490, 489, 601]
	 A0A009ICH6	[496, 495, 494, 493, 492, 491, 490, 489, 601]

 ### Operon type: 27

	 A0A009GP96	[0, 72, 681, 285, 262, 32, 423, 71, 70]

 ### Operon type: 28

	 A0A009GSR4	[285, 262, 32, 423, 71, 70, 70, 69, 0]

 ### Operon type: 29

	 A0A009IIT6	[72, 681, 285, 262, 71, 70, 70, 69, 0]

 ### Operon type: 30

	 A0A009IS10	[42, 0, 0, 0, 49, 48, 47, 0, 0]

 ### Operon type: 31

	 A0A009QHW5	[0, 0, 0, 390, 49, 48, 47, 0, 185]

 ### Operon type: 32

	 A0A011UVB4	[0, 0, 0, 75, 0, 0, 42, 0, 431]

 ### Operon type: 33

	 A0A011TLH7	[326, 325, 324, 0, 0, 0, 0, 0, 0]
	 A0A011UG87	[324, 325, 326, 0, 0, 0, 0, 0, 0]

 ### Operon type: 34

	 A0A011QIE8	[676, 675, 674, 673, 672, 671, 670, 0, 0]
	 A0A011QDV3	[676, 675, 674, 673, 672, 671, 585, 0, 670]

 ### Operon type: 35

	 A0A011NYU6	[574, 573, 0, 572, 571, 441, 440, 0, 570]

 ### Operon type: 36

	 A0A011PYI6	[574, 573, 0, 572, 571, 570, 569, 568, 0]

 ### Operon type: 37

	 A0A011P1C0	[0, 0, 441, 440, 570, 0, 0, 0, 0]

 ### Operon type: 38

	 A0A011NVE7	[556, 555, 554, 0, 0, 0, 0, 0, 0]
	 A0A011PP01	[556, 555, 554, 0, 0, 0, 0, 0, 0]

 ### Operon type: 39

	 A0A013TH43	[336, 0, 0, 0, 335, 334, 333, 0, 332]
	 A0A009RAF0	[336, 0, 0, 0, 335, 334, 333, 0, 332]

 ### Operon type: 40

	 A0A013S8V2	[302, 301, 0, 0, 0, 300, 0, 0, 0]
	 A0A009R8E1	[0, 439, 0, 302, 301, 0, 0, 300, 0]

 ### Operon type: 41

	 A0A009QFZ7	[375, 374, 0, 0, 477, 0, 372, 371, 0]
	 A0A009TK03	[375, 374, 0, 0, 477, 0, 372, 371, 0]

 ### Operon type: 42

	 A0A013SPM5	[375, 374, 479, 478, 477, 373, 372, 371, 0]
	 A0A010IX62	[375, 374, 479, 478, 477, 0, 372, 371, 0]
	 A0A009HSL1	[375, 374, 479, 478, 477, 0, 372, 371, 0]
	 A0A009MH71	[375, 374, 0, 478, 477, 373, 372, 371, 0]

 ### Operon type: 43

	 A0A009I6Z0	[375, 374, 0, 478, 477, 0, 372, 371, 475]

 ### Operon type: 44

	 A0A009ZIX8	[0, 480, 479, 478, 477, 476, 0, 475, 0]

 ### Operon type: 45

	 A0A009I573	[37, 0, 34, 41, 0, 35, 180, 119, 120]

 ### Operon type: 46

	 A0A009ILP9	[118, 0, 120, 119, 180, 35, 177, 41, 34]

 ### Operon type: 47

	 A0A009I953	[118, 0, 120, 119, 180, 35, 177, 0, -1]

 ### Operon type: 48

	 A0A009IPC3	[182, 181, 0, 0, 180, 179, 178, 0, 177]
	 A0A009QEG7	[182, 181, 0, 0, 180, 179, 178, 0, 177]

 ### Operon type: 49

	 A0A009SX74	[551, 594, 0, 41, 177, 118, 181, 182, 0]

 ### Operon type: 50

	 A0A010JWJ1	[0, 122, 681, 0, 224, 223, 222, 221, 0]
	 A0A009I4A1	[0, 122, 681, 0, 224, 223, 222, 221, 0]

 ### Operon type: 51

	 A0A009QF22	[227, 226, 225, 0, 224, 223, 222, 221, 220]
	 A0A009TBY8	[227, 226, 225, 51, 224, 223, 222, 221, 220]

 ### Operon type: 52

	 A0A009ITT8	[85, 84, 83, 197, 196, 81, 92, 91, 90]

 ### Operon type: 53

	 A0A009NJ90	[85, 84, 83, 197, 0, 82, 81, 92, 91]

 ### Operon type: 54

	 A0A009HZK2	[198, 197, 196, 0, 0, 0, 0, 0, 0]

 ### Operon type: 55

	 A0A009IJ07	[124, 123, 198, 197, 196, 0, 0, 0, 0]

 ### Operon type: 56

	 A0A009S6G1	[124, 123, 198, 197, 196, 92, 91, 90, 89]

 ### Operon type: 57

	 A0A009S5A5	[196, 82, 81, 92, 91, 90, 67, 25, 89]

 ### Operon type: 58

	 A0A013TCN9	[348, 347, 346, 345, 344, 343, 342, 681, 673]
	 A0A010ITG1	[348, 347, 346, 345, 344, 343, 342, 681, 673]
	 A0A009QNC9	[348, 347, 346, 345, 344, 343, 342, 681, 673]
	 A0A009NIJ3	[348, 347, 346, 345, 344, 343, 342, 681, 673]
	 A0A013TRC1	[348, 347, 346, 345, 344, 343, 342, 681, 673]

 ### Operon type: 59

	 A0A009H935	[0, 0, 346, 345, 344, 343, 342, 681, 673]

 ### Operon type: 60

	 A0A009PJF7	[149, 148, 148, 147, 146, 435, 145, 144, 143]
	 A0A009SJZ7	[75, 149, 148, 147, 146, 435, 145, 144, 143]

 ### Operon type: 61

	 A0A009Z5G0	[435, 147, 148, 0, 312, 149, 75, 254]

 ### Operon type: 62

	 A0A010JJC1	[459, 397, 396, 395, 394, 393, 392, 402, 391]
	 A0A010IZ41	[397, 396, 395, 394, 393, 392, 402, 391, 357]

 ### Operon type: 63

	 A0A009QJL6	[459, 397, 396, 395, 0, 391, 357, 20, 0]

 ### Operon type: 64

	 A0A011P2I4	[546, 545, 707, 0, 0, 0, 0, 0, 0]
	 A0A011N9N8	[546, 545, 707, 0, 0, 0, 0, 0, 0]

 ### Operon type: 65

	 A0A009PIB4	[0, 0, 0, 170, 169, 168, 423, 681, 546]
	 A0A009SLR5	[0, 0, 0, 170, 169, 168, 423, 681, 546]

 ### Operon type: 66

	 A0A009HSU4	[0, 0, 429, 681, 0, 545, 525, 546, 423]

 ### Operon type: 67

	 A0A011SF89	[465, 464, 463, 0, 0, 0, 0, 0, 0]

 ### Operon type: 68

	 A0A011UCX7	[0, 540, 465, 464, 0, 463, 176, 0, 0]

 ### Operon type: 69

	 A0A011NYT4	[625, 624, 623, 622, 0, 621, 621, 620, 619]

 ### Operon type: 70

	 A0A011P8E9	[0, 0, 625, 624, 0, 623, 622, 0, 0]

 ### Operon type: 71

	 A0A010TF34	[0, -1, 0, 0, 9, 8, 7, 18, 6]
	 A0A010SYH9	[9, 8, 7, 18, 6, 0, 0, 0, 0]

 ### Operon type: 72

	 A0A010S7A1	[60, 59, 58, 255, 0, 57, 0, 0, 0]
	 A0A010TFJ4	[0, -1, 0, 60, 59, 58, 255, -1, 57]

 ### Operon type: 73

	 A0A009ICP5	[160, 361, 449, 233, 159, 0, 0, 157, 0]

 ### Operon type: 74

	 A0A009MMG9	[160, 361, 449, 233, 159, 0, 158, 157, 156]

 ### Operon type: 75

	 A0A009QLL2	[0, 98, 97, 0, 159, 0, 0, 157, 0]
	 A0A009HTW0	[0, 98, 97, 0, 159, 0, 0, 157, 0]

 ### Operon type: 76

	 A0A009SIV4	[76, 98, 97, 31, 159, 30, 0, 157, 156]

 ### Operon type: 77

	 A0A013TSJ4	[98, 97, 0, 31, 159, 0, 0, 157, 156]

 ### Operon type: 78

	 A0A009Z3V9	[681, 0, 0, 0, 0, 97, 428, 98, 76]

 ### Operon type: 79

	 A0A009T0Q9	[0, 0, 0, 0, 46, 292, 709, 681, 27]

 ### Operon type: 80

	 A0A009YJF4	[0, 620, 619, 19, 52, 709, 681, 0, 27]

 ### Operon type: 81

	 A0A009PAV9	[105, -1, 449, 104, 412, 423, 103, 102, 101]
	 A0A009HJC2	[105, 673, 449, 104, 412, 423, 103, 102, 101]

 ### Operon type: 82

	 A0A009SE02	[0, 101, 0, 0, 0, 102, 103, 423, 412]

 ### Operon type: 83

	 A0A011QNA5	[0, 640, 639, 638, 0, 637, 636, 635, 634]
	 A0A009ZLJ7	[634, 635, 636, 637, 0, 0, 640, 639, 638]

 ### Operon type: 84

	 A0A013T0T6	[637, 636, 635, 634, 382, 381, 379, 380, 378]
	 A0A009QMH5	[637, 636, 635, 634, 382, 381, 379, 380, 378]
	 A0A009HAX1	[637, 636, 635, 634, 382, 381, 379, 380, 378]

 ### Operon type: 85

	 A0A010ILW6	[637, 636, 635, 634, 382, 381, 0, 0, 380]

 ### Operon type: 86

	 A0A009Z9X7	[636, 635, 634, 0, 382, 0, 589, 0, 380]

 ### Operon type: 87

	 A0A009PE10	[0, 0, 0, 634, 382, 100, 379, 380, -1]

 ### Operon type: 88

	 A0A009HS41	[525, 496, 528, 274, 150, 681, 681, 272, 271]
	 A0A009RSB7	[525, 496, 528, 274, 150, 681, 681, 272, 271]
	 A0A009SYU8	[525, 496, 528, 274, 150, 681, 681, 272, 271]

 ### Operon type: 89

	 A0A013SHA9	[525, 496, 528, 274, 273, 681, 681, 272, 271]
	 A0A010IT25	[525, 496, 528, 274, 273, 681, 681, 272, 271]
	 A0A009I466	[525, 496, 528, 274, 273, 681, 681, 272, 271]

 ### Operon type: 90

	 A0A009NMQ9	[525, 496, 528, 274, 273, 0, 681, 681, 272]

 ### Operon type: 91

	 A0A009P8A9	[0, 0, 528, 274, 150, 681, 681, 272, 271]

 ### Operon type: 92

	 A0A011PGU1	[0, 0, 550, 631, 630, 629, 549, 548, 547]
	 A0A011MDH1	[544, 0, 550, 631, 630, 629, 549, 548, 547]

 ### Operon type: 93

	 A0A011V0P4	[455, 210, 0, 0, 316, 0, 0, 443, 442]

 ### Operon type: 94

	 A0A011WPV7	[443, 442, 0, 0, 0, 0, 0, 0, 0]

 ### Operon type: 95

	 A0A011RNP9	[0, 0, 0, 0, 0, 432, 536, 0, 0]

 ### Operon type: 96

	 A0A011V0B5	[468, 0, 0, 0, 0, 0, 432, 0, 0]

 ### Operon type: 97

	 A0A011RQC9	[0, 468, 467, 0, 0, 0, 0, 466, 0]

 ### Operon type: 98

	 A0A011QG28	[633, 632, 631, 0, 630, 629, 628, 627, 626]
	 A0A011RIM8	[633, 632, 0, 0, 630, 629, 628, 627, 626]

 ### Operon type: 99

	 A0A011PHI6	[527, 0, 678, 0, 0, 677, 666, 561, 0]

 ### Operon type: 100

	 A0A011QI68	[0, 0, 678, 677, 0, 0, 0, 0, 0]

 ### Operon type: 101

	 A0A011P700	[0, 0, 564, 563, 0, 0, 0, 0, 0]

 ### Operon type: 102

	 A0A011QSI4	[0, 0, 564, 563, 562, 0, 0, 0, 0]

 ### Operon type: 103

	 A0A011NVJ6	[660, 659, 658, 657, 656, 655, 0, 0, 654]

 ### Operon type: 104

	 A0A011PVP2	[0, 659, 658, 657, 656, 655, 0, 0, 690]

 ### Operon type: 105

	 A0A011NXY7	[0, 0, 658, 0, 656, 0, 0, 0, 0]

 ### Operon type: 106

	 A0A011QR69	[587, 602, 601, 586, 600, 599, 0, 0, 0]
	 A0A011NUB4	[587, 602, 601, 586, 600, 599, 0, 558, 0]

 ### Operon type: 107

	 A0A011NN36	[602, 601, 0, 0, 600, 599, 0, 0, 0]

 ### Operon type: 108

	 A0A011PK69	[601, 522, 0, 0, 600, 599, 0, 0, 0]

 ### Operon type: 109

	 A0A011NYD6	[651, 650, 649, 648, 647, 646, 645, 644, 643]
	 A0A011RMI6	[651, 650, 649, 648, 647, 646, 645, 644, 643]

 ### Operon type: 110

	 A0A011QB28	[534, 651, 650, 0, 0, 646, 645, 644, 643]

 ### Operon type: 111

	 A0A011NF33	[0, 646, 645, 0, 0, 0, 0, 0, 0]

 ### Operon type: 112

	 A0A011NBY4	[458, 0, 0, 446, 0, 0, 445, 0, 0]

 ### Operon type: 113

	 A0A011WRT0	[458, 0, 0, 0, 0, 0, 0, 568, 0]

 ### Operon type: 114

	 A0A011SHV5	[0, 0, 0, 0, 0, 460, 568, 459, 0]

 ### Operon type: 115

	 A0A011NB95	[0, 591, 0, 0, 0, 0, 449, 448, 447]

 ### Operon type: 116

	 A0A011UHT4	[20, 456, 448, 0, 0, 10, 10, 447, 0]

 ### Operon type: 117

	 A0A010Z1W7	[0, 0, 0, 0, 0, 232, 0, 451, 452]

 ### Operon type: 118

	 A0A011VY84	[0, 0, 452, 451, 0, 0, 0, 0, 0]

 ### Operon type: 119

	 A0A010YW85	[0, 0, 0, 0, 0, 257, 0, 451, 452]

 ### Operon type: 120

	 A0A010ZMA0	[451, 473, 0, 0, 0, 0, 0, 0, 0]

 ### Operon type: 121

	 A0A011N5L2	[0, 0, 0, 473, 0, 472, 471, 0, 0]

 ### Operon type: 122

	 A0A010SQJ5	[239, 233, 0, 322, 321, 320, 0, 0, 0]

 ### Operon type: 123

	 A0A010STD3	[0, 0, 0, 322, 321, 320, 0, 272, 250]

 ### Operon type: 124

	 A0A011TD67	[323, 0, 0, 322, 321, 320, 319, 0, 318]

 ### Operon type: 125

	 A0A009ZC12	[0, 0, 0, 322, 0, 320, 319, 183, 565]

 ### Operon type: 126

	 A0A010RFQ9	[0, 0, 498, 0, 497, 0, 0, 0, 0]

 ### Operon type: 127

	 A0A010SPR9	[16, 16, 0, 0, 0, 497, 0, 0, 0]

 ### Operon type: 128

	 A0A013S288	[0, 0, 0, 413, 412, 411, 410, 0, 408]
	 A0A010J3I1	[0, 0, 0, 413, 412, 411, 410, 0, 408]

 ### Operon type: 129

	 A0A013SXT2	[416, 415, 414, 413, 412, 411, 410, 409, 408]
	 A0A009PWG1	[416, 415, 414, 413, 412, 411, 410, 409, 408]

 ### Operon type: 130

	 A0A009ZJK4	[0, 0, 0, 0, 0, 0, 496, 474, 0]

 ### Operon type: 131

	 A0A010SVN1	[-1, 474, 681, 230, 283, 0, 0, 496, 0]

 ### Operon type: 132

	 A0A009SF48	[247, 0, 245, 0, 243, -1, 229, 568, 228]
	 A0A009IMX3	[247, 0, 245, 0, 243, 229, 229, 568, 228]

 ### Operon type: 133

	 A0A009QEX0	[247, 246, 245, 244, 243, 229, 229, 568, 228]

 ### Operon type: 134

	 A0A013S7V1	[247, 246, 245, 244, 243, 242, 496, 241, 240]
	 A0A010ISX2	[247, 246, 245, 244, 243, 242, 496, 241, 240]
	 A0A009MR00	[247, 246, 245, 244, 243, 242, 496, 241, 240]
	 A0A009RES7	[247, 246, 245, 244, 243, 242, 496, 241, 240]

 ### Operon type: 135

	 A0A009GYP9	[0, 0, 0, 244, 243, 242, 496, 241, 240]

 ### Operon type: 136

	 A0A009YTT3	[0, 0, 0, 0, 0, 0, 496, 241, 240]

 ### Operon type: 137

	 A0A009QGN4	[219, 218, 217, 216, 215, 214, 0, 0, 0]
	 A0A009PFK7	[219, 218, 217, 216, 215, 0, 0, 214, 0]

 ### Operon type: 138

	 A0A009YR20	[0, 214, 0, 0, 0, 0, 218, 0, 0]

 ### Operon type: 139

	 A0A013SB36	[298, 297, 296, 295, 294, 0, 619, 293, 292]
	 A0A009QSI3	[298, 297, 296, 295, 294, 0, 619, 293, -1]

 ### Operon type: 140

	 A0A010ITP2	[298, 297, 296, 295, 294, 0, 619, 0, 0]

 ### Operon type: 141

	 A0A009SII9	[-1, 297, 296, 295, 0, 0, 0, 0, 46]

 ### Operon type: 142

	 A0A009HZV2	[0, 0, 0, 0, 153, 152, 82, 0, 0]

 ### Operon type: 143

	 A0A009QPE7	[0, 0, 0, 0, 153, 152, 0, 0, 0]

 ### Operon type: 144

	 A0A009GXL8	[55, 54, 53, 0, 52, 51, 199, 115, 114]

 ### Operon type: 145

	 A0A010JIW7	[55, 54, 53, 0, 52, 0, 0, 199, 115]

 ### Operon type: 146

	 A0A009MGR3	[0, 0, 109, 0, 376, 25, 21, 108, 107]

 ### Operon type: 147

	 A0A009Q4G0	[0, 110, 109, 0, 376, 0, 108, 107, 108]

 ### Operon type: 148

	 A0A009PUJ8	[0, 117, 0, 0, 0, 116, 199, 115, 114]

 ### Operon type: 149

	 A0A009QJA8	[115, 114, 0, 0, 0, 0, 0, 0, 0]

 ### Operon type: 150

	 A0A009PB53	[0, 0, 117, 0, 0, 108, 107, 108, 116]

 ### Operon type: 151

	 A0A013SNJ8	[496, 0, 0, 350, 349, 412, 357, 0, 0]
	 A0A013RZW2	[496, 248, 0, 350, 349, 412, 357, 0, 0]
	 A0A010J9U3	[496, 0, 0, 350, 349, 412, 357, 0, 0]
	 A0A009RD69	[496, 248, 0, 350, 349, 412, 357, 140, 0]
	 A0A009SIZ4	[496, 248, 0, 350, 349, 0, 357, 140, 0]

 ### Operon type: 152

	 A0A009PH20	[0, 0, 383, 350, 349, 412, 357, 0, 0]
	 A0A009IV03	[0, 0, 383, 350, 349, 0, 357, 0, 0]

 ### Operon type: 153

	 A0A009YIZ0	[496, 248, 383, 350, 349, 412, 357, 140, 155]

 ### Operon type: 154

	 A0A010J377	[142, 141, 525, 681, 269, 269, 151, 365, 230]
	 A0A009QA91	[142, 141, 525, 681, 269, 269, 151, 365, 230]

 ### Operon type: 155

	 A0A009MVG4	[154, 0, 270, 681, 269, 269, 0, 365, 230]
	 A0A009QQC0	[0, 0, 154, 681, 269, 269, 0, 365, 230]

 ### Operon type: 156

	 A0A009H7I0	[0, 0, 0, 681, 269, 269, 151, 365, 230]

 ### Operon type: 157

	 A0A009S1X4	[142, 141, 525, 681, 269, 269, 681, 0, 26]

 ### Operon type: 158

	 A0A013SHF4	[0, 0, 270, 681, 269, 269, 0, 268, 0]

 ### Operon type: 159

	 A0A009H7U0	[407, 628, 0, 405, 404, 453, 238, 0, 0]

 ### Operon type: 160

	 A0A010IMP8	[407, 0, 0, 405, 404, 453, 238, 0, 237]

 ### Operon type: 161

	 A0A013SZ54	[407, 0, 406, 405, 404, 0, 0, 0, 0]

 ### Operon type: 162

	 A0A009ZM43	[-1, 628, 406, 405, 404, 453, 238, 36, 237]

 ### Operon type: 163

	 A0A009YSC7	[0, 0, 445, 1, 0, 1, 252, 251, 0]

 ### Operon type: 164

	 A0A013RVV2	[348, 0, 252, 251, 0, 0, 0, 250, 0]

 ### Operon type: 165

	 A0A011Q5S3	[661, 609, 0, 0, 0, 0, 608, 607, 606]

 ### Operon type: 166

	 A0A011UZZ4	[0, 608, 607, 0, 0, 0, 211, 211, 606]

 ### Operon type: 167

	 A0A010YKP2	[0, 0, 0, 0, 0, 0, 654, 306, 0]

 ### Operon type: 168

	 A0A011V1A2	[210, 0, 0, 306, 0, 0, 0, 0, 0]

 ### Operon type: 169

	 A0A011Q2B1	[0, 0, 0, 0, 0, 543, 542, 541, 717]

 ### Operon type: 170

	 A0A011RLN8	[0, 0, 0, 523, 592, 543, 542, 541, 717]

 ### Operon type: 171

	 A0A011NGS0	[0, 0, 0, 0, 693, 692, 0, 0, 0]

 ### Operon type: 172

	 A0A011PW61	[0, 0, 0, 0, 693, 692, 0, 0, 575]

 ### Operon type: 173

	 A0A011UXI1	[0, 520, 0, 0, 693, 692, 94, 0, 0]

 ### Operon type: 174

	 A0A011SWI9	[-1, -1, 0, 527, 693, 692, 94, -1, -1]

 ### Operon type: 175

	 A0A011P952	[692, 0, 529, 0, 0, 529, 0, 0, 0]

 ### Operon type: 176

	 A0A011NSG8	[0, 0, 0, 561, 560, 559, 0, 560, 0]

 ### Operon type: 177

	 A0A011P0X4	[0, 0, 544, 0, 560, 0, 0, 559, 439]

 ### Operon type: 178

	 A0A009MJ75	[0, 0, 163, 162, 161, 0, 0, 0, 285]

 ### Operon type: 179

	 A0A010IH51	[0, 156, 0, 0, 161, 0, 285, 0, 0]

 ### Operon type: 180

	 A0A010YNY9	[0, 0, 305, 304, 0, 0, 0, 0, 303]

 ### Operon type: 181

	 A0A011AC71	[26, 0, 0, 263, 0, 305, 304, 0, 525]

 ### Operon type: 182

	 A0A011QLX0	[0, 642, 0, 0, 641, 0, 650, 649, 0]
	 A0A011PRW6	[642, 0, 0, 0, 641, 650, 649, 0, 0]

 ### Operon type: 183

	 A0A010SML6	[0, 650, 649, -1, 0, 594, 0, 0, 0]

 ### Operon type: 184

	 A0A009P817	[167, 0, 0, 0, 166, 0, 259, 165, 164]

 ### Operon type: 185

	 A0A009TIY0	[0, 0, 0, 0, 166, 0, 259, 165, 0]

 ### Operon type: 186

	 A0A009QKA3	[259, 165, 0, 164, 0, 0, 0, 0, 219]

 ### Operon type: 187

	 A0A009S854	[-1, 0, 0, 485, 484, 0, 0, 0, 481]

 ### Operon type: 188

	 A0A013RMD0	[-1, 0, 486, 0, 484, 498, 0, 0, 481]

 ### Operon type: 189

	 A0A009HFU9	[0, 33, 0, 0, 488, 423, 0, 0, 0]
	 A0A009R016	[0, 33, 0, 0, 488, -1, 423, 0, 0]

 ### Operon type: 190

	 A0A009HSR2	[0, 66, 65, 0, 64, 201, 202, 82, 203]

 ### Operon type: 191

	 A0A009SWM1	[0, 66, 65, 0, 64, 0, 0, 202, 0]

 ### Operon type: 192

	 A0A009MYX0	[204, 203, 0, 429, 0, 0, 202, 201, 200]

 ### Operon type: 193

	 A0A009QK79	[0, 0, 200, 201, 0, 202, 0, 0, 203]

 ### Operon type: 194

	 A0A009GXJ1	[80, 79, 201, 202, 56, 82, 203, 204, 0]

 ### Operon type: 195

	 A0A013TKW8	[0, 715, 0, 423, 331, 330, 329, 328, 327]
	 A0A010IT95	[0, 0, 0, 423, 331, 330, 329, 328, 327]
	 A0A009QT77	[0, 0, -1, 423, 331, 330, 329, 328, 327]
	 A0A009PRQ9	[0, 423, 62, 0, 331, 330, 329, 328, 327]
	 A0A009GWD0	[82, 0, 0, 423, 331, 330, 329, 328, 327]
	 A0A009I5G9	[0, 0, 423, 62, 331, 330, 329, 328, 327]
	 A0A009S0T6	[0, 0, 423, 62, 331, 330, 329, 328, 327]
	 A0A009MH36	[0, 0, 0, 423, 331, 330, 329, 328, 327]

 ### Operon type: 196

	 A0A013TMJ7	[673, -1, 0, 423, 331, 328, 327, 0, 0]

 ### Operon type: 197

	 A0A009I8I7	[364, 401, 400, 38, 399, 398, 0, 622, 24]
	 A0A009HJJ5	[364, 401, 400, 0, 399, 398, 0, 622, 24]

 ### Operon type: 198

	 A0A010JJN4	[0, 401, 400, 0, 399, 398, 0, 622, 471]
	 A0A013TPR7	[364, 401, 400, 0, 399, 398, 0, 622, 471]
	 A0A009PMT3	[364, 401, 400, 0, 399, 398, 63, 622, 471]
	 A0A009RMI1	[0, 401, 400, 0, 399, 398, 0, 622, 0]
	 A0A009YG45	[0, 364, 401, 400, 399, 0, 398, 63, 622]

 ### Operon type: 199

	 A0A009SEP4	[364, 401, 400, 38, 399, 0, 398, 63, 0]

 ### Operon type: 200

	 A0A009NI48	[364, 401, 400, 0, 399, 0, 0, 0, -1]

 ### Operon type: 201

	 A0A011WLE7	[0, 0, 0, 0, 0, 444, 0, 0, 0]
	 A0A011VU44	[0, 0, 0, 0, 0, 444, 0, 0, 0]

 ### Operon type: 202

	 A0A011VAP2	[0, 0, 135, 0, 0, 0, 0, 0, 315]

 ### Operon type: 203

	 A0A011VRJ8	[0, 0, 0, 0, 0, 0, 135, 0, 0]

 ### Operon type: 204

	 A0A011RNU1	[0, 0, 0, 0, 0, 0, 280, 280, 279]

 ### Operon type: 205

	 A0A011VKJ9	[0, 0, 0, 0, 0, 0, 279, 280, -1]

 ### Operon type: 206

	 A0A011V490	[0, 457, 0, 0, 0, 0, 0, 0, 0]
	 A0A011WT35	[457, 0, 0, 0, 0, 0, 0, 0, 0]

 ### Operon type: 207

	 A0A009T185	[602, 0, 511, 511, 235, 601, 511, 234, 655]

 ### Operon type: 208

	 A0A010IN36	[236, 673, 0, 0, 235, 601, 511, 234, 655]

 ### Operon type: 209

	 A0A009PG43	[601, 511, 99, 588, 0, 234, 655, 0, 0]

 ### Operon type: 210

	 A0A011PQZ7	[0, 0, 0, 510, 571, 0, 509, 0, 0]

 ### Operon type: 211

	 A0A011TUX4	[0, 0, 0, 0, 571, 0, 0, 509, 0]

 ### Operon type: 212

	 A0A011STZ9	[0, 0, 0, 509, 0, 0, 0, 0, 0]

 ### Operon type: 213

	 A0A011PUJ9	[0, 0, 0, 0, 0, 0, 0, 0, 691]
	 A0A011PRF5	[691, 0, 0, 0, 0, 0, 0, 0, 0]

 ### Operon type: 214

	 A0A011PFY8	[0, 0, 0, 0, 0, 0, 0, 0, 553]

 ### Operon type: 215

	 A0A011PNS3	[588, 553, 0, 0, 0, 0, 0, 0, 0]

 ### Operon type: 216

	 A0A011T648	[0, 553, 0, 0, 0, 0, 0, 601, 0]

 ### Operon type: 217

	 A0A011AEN3	[0, 0, 0, 0, 0, 0, 628, 0, 0]
	 A0A011U3C2	[0, 0, 628, 0, 0, 0, 0, 0, 0]

 ### Operon type: 218

	 A0A011AAZ2	[0, 438, 0, 0, 0, 628, 628, 628, 0]

 ### Operon type: 219

	 A0A011T698	[0, 0, 0, 0, 0, 525, 628, 0, 0]

 ### Operon type: 220

	 A0A009SNL0	[40, 39, 0, 0, 0, 0, 0, 0, 0]

 ### Operon type: 221

	 A0A009ZZC8	[-1, 39, 40, 0, 0, 0, 0, 0, 0]

 ### Operon type: 222

	 A0A009ZG48	[0, 0, 0, 715, 0, 0, 0, 0, 0]

 ### Operon type: 223

	 A0A011PEJ8	[0, 0, 716, 715, 0, 0, 0, 0, 0]

 ### Operon type: 224

	 A0A011QNJ7	[698, 0, 0, 715, 0, 0, 0, 698, 0]

 ### Operon type: 225

	 A0A011MMJ4	[0, 0, 0, 0, 0, 0, 0, 698, 0]

 ### Operon type: 226

	 A0A011R8M3	[0, 0, 716, 715, 0, 93, 0, 698, 0]

 ### Operon type: 227

	 A0A009TJ77	[0, 139, 0, 0, 0, 0, 0, 0, 0]

 ### Operon type: 228

	 A0A010RTE7	[0, 0, 0, 0, 0, 0, 18, 139, 0]

 ### Operon type: 229

	 A0A013TPQ9	[370, 369, 368, 367, 366, 681, 673, 365, 472]
	 A0A013S8F0	[370, 369, 368, 367, 366, 681, 673, 365, 472]
	 A0A009PMU2	[370, 369, 368, -1, 366, 681, 673, 365, 472]
	 A0A009SZ84	[370, 369, 368, 367, 366, 681, 673, 365, 472]

 ### Operon type: 230

	 A0A009IG48	[0, 0, 0, 74, 73, 0, 0, 0, 594]

 ### Operon type: 231

	 A0A009IMQ0	[0, 0, 0, 74, 73, 0, 0, 0, 0]

 ### Operon type: 232

	 A0A009SWV1	[0, 0, 0, 0, 0, 0, 0, 74, 0]

 ### Operon type: 233

	 A0A011TAW2	[0, 0, 0, 0, 0, 0, 416, 0, 0]
	 A0A009SFX8	[416, 0, 0, 0, 0, 0, 0, 0, 0]

 ### Operon type: 234

	 A0A011TZN1	[0, 0, 0, 0, 78, 0, 0, 0, 0]
	 A0A009RHH9	[0, 0, 0, 0, 78, 0, 0, 0, 0]

 ### Operon type: 235

	 A0A009Q512	[0, 0, 0, 0, 106, 0, 0, 0, 0]
	 A0A009PMZ9	[106, 0, 0, 0, 0, 0, 0, 0, 0]

 ### Operon type: 236

	 A0A009IFL2	[0, 212, 0, 23, -1, 0, 0, 0]

 ### Operon type: 237

	 A0A009ZDS1	[-1, -1, 0, 212, 0, 0, 397, 0, 0]

 ### Operon type: 238

	 A0A010IZH1	[-1, 369, 368, 367, 366, 681, 0, 0, 0]
	 A0A009NPS1	[0, 369, 368, 367, 366, -1, 0, 0, 0]
	 A0A009HJM0	[0, 369, 368, 367, 366, 681, 0, 0, 0]

 ### Operon type: 239

	 A0A009HUS9	[369, 368, 0, 0, 0, 0, -1, 0, 0]

 ### Operon type: 240

	 A0A009HM15	[0, 88, 87, 0, 0, 0, -1, 0, 0]

 ### Operon type: 241

	 A0A009RQL5	[0, 0, 0, 0, 0, 0, 88, 87, 0]

 ### Operon type: 242

	 A0A009IJ01	[0, 0, 0, 0, 0, 0, 88, 87, 86]

 ### Operon type: 243

	 A0A009NCH6	[0, 0, 0, 0, 0, 0, 0, 87, 86]

 ### Operon type: 244

	 A0A011UB51	[450, 0, 0, 0, 0, 0, 0, 0, 0]
	 A0A011UFH1	[0, 0, 0, 0, 0, 450, 0, 0, 0]

 ### Operon type: 245

	 A0A011VHP2	[0, -1, -1, -1, 138, 0, 0, 0, 0]
	 A0A011V965	[0, -1, -1, 0, 138, 0, -1, -1, 0]

 ### Operon type: 246

	 A0A010RVD0	[-1, 0, 0, -1, 0, 577, 577, 0, 17]

 ### Operon type: 247

	 A0A010T7Q5	[0, 17, 0, 0, 0, 0, -1, 0, 0]

 ### Operon type: 248

	 A0A010SNM6	[0, 0, -1, 0, 0, 0, 673, 0, 0]
	 A0A010SRR2	[0, 0, -1, 0, 0, 0, 0, 0, 673]

 ### Operon type: 249

	 A0A010SJH7	[0, 0, 673, -1, 0, 0, 151, 0, 0]

 ### Operon type: 250

	 A0A010RKP8	[0, 0, 0, 0, 0, 0, -1, 0, 0]
	 A0A010RY47	[-1, 0, -1, 0, 0, 0, 0, 0, 0]
	 A0A011V107	[0, -1, 0, 0, 0, 0, 0, 0, 0]
	 A0A009N9Z1	[-1, 0, 0, 0, 0, 0, 0, 0, 0]
	 A0A011U7M7	[0, 0, -1, 0, 0, 0, 0, 0, 0]
	 A0A009PH57	[0, 0, -1, 0, 0, 0, 0, 0, 0]
	 A0A010JDA6	[-1, 0, 0, 0, 0, 0, 0, 0, 0]
	 A0A009RG92	[-1, 0, 0, 0, 0, 0, 0, 0, 0]
	 A0A009QDV7	[-1, 0, 0, 0, 0, 0, 0, 0, 0]
	 A0A009IHQ3	[-1, 0, 0, 0, 0, 0, 0, 0, 0]
	 A0A010TF14	[-1, 0, 0, 0, 0, 0, 0, 0, 0]
	 A0A009HJU6	[0, 0, 0, 0, 0, 0, 0, 0, -1]
	 A0A011UZ32	[0, 0, 0, 0, 0, -1, 0, 0, 0]
	 A0A011UZ49	[0, -1, 0, 0, 0, 0, 0, 0, 0]
	 A0A009H6M2	[-1, 0, 0, 0, 0, 0, 0, 0, 0]
	 A0A009TG92	[0, 0, -1, 0, 0, 0, 0, 0, 0]

 ### Operon type: 251

	 A0A010SJF9	[0, 0, 0, 0, 0, -1, 0, 29, -1]

 ### Operon type: 252

	 A0A010T5D8	[0, 0, 0, -1, 0, -1, 357, 0, 0]

 ### Operon type: 253

	 A0A011ML54	[0, 0, 0, 700, 0, 0, 0, 0, -1]

 ### Operon type: 254

	 A0A011NHY1	[0, 0, 0, 0, 0, 673, 0, 0, 0]

 ### Operon type: 255

	 A0A010Z171	[0, 0, 0, 0, 0, 0, 673, 0, 429]

 ### Operon type: 256

	 A0A010ZX98	[0, 0, 0, 0, 0, 174, 673, 673, 0]

 ### Operon type: 257

	 A0A010YRE8	[0, 0, 0, 0, 0, 0, 0, 174, 0]

 ### Operon type: 258

	 A0A011AF05	[0, 0, 26, 174, 0, 0, 0, 0, 0]

 ### Operon type: 259

	 A0A011SQL0	[526, 0, -1, 0, 0, 0, 0, 0, 0]

 ### Operon type: 260

	 A0A009ZC82	[0, 0, 526, 0, 0, 0, 0, 0, 0]

 ### Operon type: 261

	 A0A011P3F6	[594, 0, 0, 526, 0, 0, 0, 0, 0]

 ### Operon type: 262

	 A0A011T697	[673, 0, 0, 0, 0, 0, 0, 0, 259]

 ### Operon type: 263

	 A0A011TDD1	[0, 284, 673, 0, 0, 0, 0, 0, 0]

 ### Operon type: 264

	 A0A011VW24	[0, 0, 590, 0, 0, 0, 0, 0, -1]

 ### Operon type: 265

	 A0A011T8V3	[0, 0, 590, 0, 0, 0, 0, 0, 0]

 ### Operon type: 266

	 A0A010TH98	[575, 0, 0, 590, 0, 0, 0, 0, 0]

 ### Operon type: 267

	 A0A011QVR3	[0, 0, 0, 0, 0, 0, 0, 591, 590]

 ### Operon type: 268

	 A0A011RM25	[0, 0, 0, 0, 0, 590, 0, 281, 0]

 ### Operon type: 269

	 A0A011VXC2	[-1, 454, 0, 0, 0, 0, 0, 0, 0]

 ### Operon type: 270

	 A0A011VYF1	[590, 0, 0, 0, 0, 0, 450, 0, 0]

 ### Operon type: 271

	 A0A010S415	[-1, 590, 0, 230, 0, 0, 0, 0, 386]

 ### Operon type: 272

	 A0A011PBM9	[0, 0, 0, 0, 0, 0, 0, 0, 0]
	 A0A011QMJ8	[0, 0, 0, 0, 0, 0, 0, 0, 0]
	 A0A011QVV5	[0, 0, 0, 0, 0, 0, 0, 0, 0]
	 A0A011NMI8	[0, 0, 0, 0, 0, 0, 0, 0, 0]
	 A0A011Q056	[0, 0, 0, 0, 0, 0, 0, 0, 0]
	 A0A011QSN2	[0, 0, 0, 0, 0, 0, 0, 0, 0]
	 A0A011NTU3	[0, 0, 0, 0, 0, 0, 0, 0, 0]
	 A0A011Q1B3	[0, 0, 0, 0, 0, 0, 0, 0, 0]
	 A0A011P9Z5	[0, 0, 0, 0, 0, 0, 0, 0, 0]
	 A0A011P4U7	[0, 0, 0, 0, 0, 0, 0, 0, 0]
	 A0A011PKU5	[0, 0, 0, 0, 0, 0, 0, 0, 0]
	 A0A011PJK8	[0, 0, 0, 0, 0, 0, 0, 0, 0]
	 A0A011PNN2	[0, 0, 0, 0, 0, 0, 0, 0, 0]
	 A0A011SGD5	[0, 0, 0, 0, 0, 0, 0, 0, 0]
	 A0A011VZG0	[0, 0, 0, 0, 0, 0, 0, 0, 0]
	 A0A011VW71	[0, 0, 0, 0, 0, 0, 0, 0, 0]
	 A0A011VYF6	[0, 0, 0, 0, 0, 0, 0, 0, 0]
	 A0A011NAJ1	[0, 0, 0, 0, 0, 0, 0, 0, 0]
	 A0A011NAY5	[0, 0, 0, 0, 0, 0, 0, 0, 0]
	 A0A011NDM5	[0, 0, 0, 0, 0, 0, 0, 0, 0]
	 A0A011WKI4	[0, 0, 0, 0, 0, 0, 0, 0, 0]
	 A0A010ZTI3	[0, 0, 0, 0, 0, 0, 0, 0, 0]
	 A0A011VSC9	[0, 0, 0, 0, 0, 0, 0, 0, 0]
	 A0A011VUV0	[0, 0, 0, 0, 0, 0, 0, 0, 0]
	 A0A011N2Z0	[0, 0, 0, 0, 0, 0, 0, 0, 0]
	 A0A011N3C3	[0, 0, 0, 0, 0, 0, 0, 0, 0]
	 A0A011N4G4	[0, 0, 0, 0, 0, 0, 0, 0, 0]
	 A0A013T8M5	[0, 0, 0, 0, 0, 0, 0, 0, 0]
	 A0A013TPV4	[0, 0, 0, 0, 0, 0, 0, 0, 0]
	 A0A013TEV4	[0, 0, 0, 0, 0, 0, 0, 0, 0]
	 A0A011TWN2	[0, 0, 0, 0, 0, 0, 0, 0, 0]
	 A0A011WSE5	[0, 0, 0, 0, 0, 0, 0, 0, 0]
	 A0A010YJA7	[0, 0, 0, 0, 0, 0, 0, 0, 0]
	 A0A013SBR8	[0, 0, 0, 0, 0, 0, 0, 0, 0]
	 A0A011TLH0	[0, 0, 0, 0, 0, 0, 0, 0, 0]
	 A0A009M4K0	[0, 0, 0, 0, 0, 0, 0, 0, 0]
	 A0A009MGJ1	[0, 0, 0, 0, 0, 0, 0, 0, 0]
	 A0A009MGQ8	[0, 0, 0, 0, 0, 0, 0, 0, 0]
	 A0A011VWR4	[0, 0, 0, 0, 0, 0, 0, 0, 0]
	 A0A011TAF9	[0, 0, 0, 0, 0, 0, 0, 0, 0]
	 A0A010SHY1	[0, 0, 0, 0, 0, 0, 0, 0, 0]
	 A0A013SL47	[0, 0, 0, 0, 0, 0, 0, 0, 0]
	 A0A011WUT3	[0, 0, 0, 0, 0, 0, 0, 0, 0]
	 A0A013S2B9	[0, 0, 0, 0, 0, 0, 0, 0, 0]
	 A0A010IPH1	[0, 0, 0, 0, 0, 0, 0, 0, 0]
	 A0A010IZE4	[0, 0, 0, 0, 0, 0, 0, 0, 0]
	 A0A010ZJQ6	[0, 0, 0, 0, 0, 0, 0, 0, 0]
	 A0A009N031	[0, 0, 0, 0, 0, 0, 0, 0, 0]
	 A0A009N123	[0, 0, 0, 0, 0, 0, 0, 0, 0]
	 A0A009HBT3	[0, 0, 0, 0, 0, 0, 0, 0, 0]
	 A0A009IRJ6	[0, 0, 0, 0, 0, 0, 0, 0, 0]
	 A0A009PT82	[0, 0, 0, 0, 0, 0, 0, 0, 0]
	 A0A009NQA1	[0, 0, 0, 0, 0, 0, 0, 0, 0]
	 A0A009MMM3	[0, 0, 0, 0, 0, 0, 0, 0, 0]
	 A0A009QQ47	[0, 0, 0, 0, 0, 0, 0, 0, 0]
	 A0A009PG53	[0, 0, 0, 0, 0, 0, 0, 0, 0]
	 A0A011VMV7	[0, 0, 0, 0, 0, 0, 0, 0, 0]
	 A0A011VNE2	[0, 0, 0, 0, 0, 0, 0, 0, 0]
	 A0A011V8Y9	[0, 0, 0, 0, 0, 0, 0, 0, 0]
	 A0A009MH90	[0, 0, 0, 0, 0, 0, 0, 0, 0]
	 A0A009Q3K7	[0, 0, 0, 0, 0, 0, 0, 0, 0]
	 A0A009PDV4	[0, 0, 0, 0, 0, 0, 0, 0, 0]
	 A0A009RBQ2	[0, 0, 0, 0, 0, 0, 0, 0, 0]
	 A0A009QVK8	[0, 0, 0, 0, 0, 0, 0, 0, 0]
	 A0A011UHL2	[0, 0, 0, 0, 0, 0, 0, 0, 0]
	 A0A009T1I8	[0, 0, 0, 0, 0, 0, 0, 0, 0]
	 A0A009I463	[0, 0, 0, 0, 0, 0, 0, 0, 0]
	 A0A009SHB3	[0, 0, 0, 0, 0, 0, 0, 0, 0]
	 A0A009SIF9	[0, 0, 0, 0, 0, 0, 0, 0, 0]
	 A0A011UBN9	[0, 0, 0, 0, 0, 0, 0, 0, 0]
	 A0A009RR21	[0, 0, 0, 0, 0, 0, 0, 0, 0]
	 A0A011UTJ0	[0, 0, 0, 0, 0, 0, 0, 0, 0]
	 A0A009SWU0	[0, 0, 0, 0, 0, 0, 0, 0, 0]
	 A0A009I0I9	[0, 0, 0, 0, 0, 0, 0, 0, 0]
	 A0A009HTN9	[0, 0, 0, 0, 0, 0, 0, 0, 0]
	 A0A009HIL8	[0, 0, 0, 0, 0, 0, 0, 0, 0]
	 A0A011UFM5	[0, 0, 0, 0, 0, 0, 0, 0, 0]
	 A0A011UG71	[0, 0, 0, 0, 0, 0, 0, 0, 0]
	 A0A011UGX8	[0, 0, 0, 0, 0, 0, 0, 0, 0]
	 A0A009SCM5	[0, 0, 0, 0, 0, 0, 0, 0, 0]
	 A0A009RHH7	[0, 0, 0, 0, 0, 0, 0, 0, 0]
	 A0A009RMD0	[0, 0, 0, 0, 0, 0, 0, 0, 0]
	 A0A009ISY0	[0, 0, 0, 0, 0, 0, 0, 0, 0]
	 A0A009R2X0	[0, 0, 0, 0, 0, 0, 0, 0, 0]
	 A0A009R4N4	[0, 0, 0, 0, 0, 0, 0, 0, 0]
	 A0A009HL81	[0, 0, 0, 0, 0, 0, 0, 0, 0]
	 A0A011UWH1	[0, 0, 0, 0, 0, 0, 0, 0, 0]
	 A0A010SPJ7	[0, 0, 0, 0, 0, 0, 0, 0, 0]
	 A0A010SSQ8	[0, 0, 0, 0, 0, 0, 0, 0, 0]
	 A0A009PAG1	[0, 0, 0, 0, 0, 0, 0, 0, 0]
	 A0A010T025	[0, 0, 0, 0, 0, 0, 0, 0, 0]
	 A0A010YZS8	[0, 0, 0, 0, 0, 0, 0, 0, 0]
	 A0A010Z120	[0, 0, 0, 0, 0, 0, 0, 0, 0]
	 A0A011A146	[0, 0, 0, 0, 0, 0, 0, 0, 0]
	 A0A011AIL7	[0, 0, 0, 0, 0, 0, 0, 0, 0]
	 A0A009T3J5	[0, 0, 0, 0, 0, 0, 0, 0, 0]

 ### Operon type: 273

	 A0A010TG27	[695, 0, 12, 0, 0, 0, 681, 0, 0]

 ### Operon type: 274

	 A0A011PMK1	[0, 0, 0, 0, 0, 0, 0, 695, 0]

 ### Operon type: 275

	 A0A009HRU1	[0, 201, 0, 0, 0, 0, 0, 0, 0]

 ### Operon type: 276

	 A0A009HSN8	[0, 110, 0, 0, 0, -1, 0, 116, -1]

 ### Operon type: 277

	 A0A009HV82	[199, 0, 0, 0, 0, 0, 0, 0, 0]

 ### Operon type: 278

	 A0A009IG74	[0, 0, 162, 0, 412, -1, 0, 0, 0]

 ### Operon type: 279

	 A0A009IJ90	[0, 68, 0, 0, 0, 0, 0, 0, 0]

 ### Operon type: 280

	 A0A009ISE1	[398, 0, 622, 0, 0, -1, 0, 0, 0]

 ### Operon type: 281

	 A0A009NM94	[0, 462, 462, 0, 0, 0, 284, 0, 0]

 ### Operon type: 282

	 A0A009Q4N5	[0, 0, 167, 0, 0, 0, 0, 0, 0]

 ### Operon type: 283

	 A0A009SSZ9	[0, 37, 0, 0, 0, 0, 0, 0, 0]

 ### Operon type: 284

	 A0A009TBM2	[0, 0, 0, 0, 0, 0, 0, 0, 408]

 ### Operon type: 285

	 A0A009Q8S9	[0, 0, 594, 408, 0, 111, 0, 0, 0]

 ### Operon type: 286

	 A0A009YIH1	[0, 0, 0, 0, 89, 0, -1, -1, 2]

 ### Operon type: 287

	 A0A009YR05	[0, 0, 0, 0, 43, 0, 0, 0, 0]

 ### Operon type: 288

	 A0A009Z004	[77, 0, 77, 0, 0, 429, 0, 0, 0]

 ### Operon type: 289

	 A0A010IGH8	[0, 0, 0, 0, 0, 0, 0, 250, 0]

 ### Operon type: 290

	 A0A010JIN9	[395, 0, 0, 139, 177, 0, 0, 0, 0]

 ### Operon type: 291

	 A0A010RS09	[0, 0, 0, 0, 18, 0, 699, 699, 0]

 ### Operon type: 292

	 A0A010RUQ5	[0, 0, 0, 0, 0, 0, 0, 0, 195]

 ### Operon type: 293

	 A0A010S195	[526, 0, 232, 231, 0, 0, 0, 0, 0]

 ### Operon type: 294

	 A0A010SCZ2	[0, 0, 0, 0, 0, 0, 0, 314, 0]

 ### Operon type: 295

	 A0A010SN41	[0, 0, 0, 0, 424, 0, 0, 0, 0]

 ### Operon type: 296

	 A0A010SSU2	[0, 0, 0, 0, 56, 0, -1, 530, 0]

 ### Operon type: 297

	 A0A010SUP6	[0, 0, 0, 0, 0, 0, 0, 231, 0]

 ### Operon type: 298

	 A0A010SUY9	[0, 0, 0, 0, 0, 93, 716, 0]

 ### Operon type: 299

	 A0A010THK2	[0, 0, -1, 0, 0, 699, 429, 0, 0]

 ### Operon type: 300

	 A0A010SRL4	[12, 0, 0, -1, 0, 0, 0, 429, 175]

 ### Operon type: 301

	 A0A010YF95	[606, 0, 0, 0, 0, 0, 0, 0, 0]

 ### Operon type: 302

	 A0A010YT39	[0, 694, 0, 0, 0, 0, 0, 0, 0]

 ### Operon type: 303

	 A0A010YX61	[290, 628, 0, 590, 0, 0, 0, 0, 0]

 ### Operon type: 304

	 A0A010ZWJ8	[0, 0, 0, 0, 0, 533, 0, 0, 0]

 ### Operon type: 305

	 A0A009ZVR4	[467, 0, 628, 0, 0, 50, 0, 0, 0]

 ### Operon type: 306

	 A0A011AHW1	[0, 0, 0, 0, 0, 0, 0, 4, 0]

 ### Operon type: 307

	 A0A011NE37	[406, 0, 0, 0, 0, 0, 0, 0, 0]

 ### Operon type: 308

	 A0A011NF78	[0, 0, 618, 0, 0, 0, 0, 0, 0]

 ### Operon type: 309

	 A0A011NVE2	[0, 0, 0, 601, 0, 0, 673, 0, 557]

 ### Operon type: 310

	 A0A011NXJ4	[0, 0, 0, 0, 0, 0, 0, 0, 652]

 ### Operon type: 311

	 A0A011P8I1	[0, 0, 626, 628, 0, 0, 0, 0, 533]

 ### Operon type: 312

	 A0A011P9Q7	[528, 0, 0, 0, 0, 0, 0, 0, 0]

 ### Operon type: 313

	 A0A011PCT1	[0, 0, 0, 0, 0, 0, 0, 717, 0]

 ### Operon type: 314

	 A0A011PJ75	[0, 601, 511, 601, 0, 0, 0, 0, 0]

 ### Operon type: 315

	 A0A011PRB4	[0, 0, 0, 0, 0, 0, 0, 508, 0]

 ### Operon type: 316

	 A0A011Q5V7	[605, 0, 0, 0, 0, 0, 0, 0, 0]

 ### Operon type: 317

	 A0A011QU35	[0, 0, 0, 0, 593, 0, 0, 0, 0]

 ### Operon type: 318

	 A0A011QVT2	[589, 0, 0, 0, 0, 0, 0, 588, 0]

 ### Operon type: 319

	 A0A011RP14	[0, 0, 0, 0, 0, 0, 0, 469, 0]

 ### Operon type: 320

	 A0A011SM49	[673, 0, 469, 0, 0, 0, 206, 0, 0]

 ### Operon type: 321

	 A0A011AM27	[509, 0, 0, 0, 399, 0, 0, 0, 249]

 ### Operon type: 322

	 A0A011T607	[0, 0, 690, 0, 0, 0, 0, 0, 284]

 ### Operon type: 323

	 A0A010S5W8	[0, 0, 430, 690, 0, 0, 0, 0, 0]

 ### Operon type: 324

	 A0A011MSR2	[0, 0, 0, 430, 0, 0, 0, 540, 0]

 ### Operon type: 325

	 A0A010YYJ5	[0, 0, 0, 540, 0, 0, 0, 50, 50]

 ### Operon type: 326

	 A0A011TED9	[0, 0, 0, 0, 0, 282, 0, 0, 0]

 ### Operon type: 327

	 A0A011TXS5	[0, 205, 0, 0, 0, 0, 0, 0, 0]

 ### Operon type: 328

	 A0A011U144	[0, 195, 0, 0, 0, 0, 652, 477, 0]

 ### Operon type: 329

	 A0A011U1C8	[525, 0, 0, 0, 0, 0, 0, 0, 307]

 ### Operon type: 330

	 A0A011U483	[0, 0, 0, 0, 0, 524, 0, 0, 0]

 ### Operon type: 331

	 A0A011UDF3	[0, 0, 0, 0, 0, 323, 0, 0, 0]

 ### Operon type: 332

	 A0A011UG86	[0, 561, 0, 0, 0, 29, 0, 0, 0]

 ### Operon type: 333

	 A0A011UGY3	[0, 0, 0, 11, 0, 0, 0, 11, 0]

 ### Operon type: 334

	 A0A011UJN3	[0, 234, 0, 0, 0, 0, 0, 0, 0]

 ### Operon type: 335

	 A0A009INE0	[236, 0, 0, 0, 0, 0, 0, 511, 234]

 ### Operon type: 336

	 A0A011UQB5	[461, 446, 0, 0, 0, 0, 0, 450, 0]

 ### Operon type: 337

	 A0A011UVI5	[0, 0, 0, 0, 0, 303, 601, 601, 0]

 ### Operon type: 338

	 A0A011UWI3	[0, 0, 0, 0, 169, 0, 61, 526, 0]

 ### Operon type: 339

	 A0A011V5E6	[0, 0, 0, 0, 0, 264, 0, 0, 0]

 ### Operon type: 340

	 A0A011M4H6	[315, 0, 288, 0, 0, 0, 0, 0, 0]

 ### Operon type: 341

	 A0A011VSV3	[0, 0, 0, 0, 0, 0, 631, 0, 0]

 ### Operon type: 342

	 A0A011VWI0	[0, 0, 0, 0, 0, 456, 0, 0, 0]

 ### Operon type: 343

	 A0A011VZ91	[277, 0, 0, 0, 0, 0, 0, 0, 0]

 ### Operon type: 344

	 A0A011W213	[0, 0, 0, 0, 0, 558, 0, 0, 0]

 ### Operon type: 345

	 A0A011WP76	[0, 0, 0, 0, 0, 0, 0, 0, 663]

 ### Operon type: 346

	 A0A011WSD4	[0, 0, 0, -1, 0, 540, 0, 0, 457]

 ### Operon type: 347

	 A0A011VZF5	[0, 0, 276, 275, 0, 540, 457, 540, 0]

 ### Operon type: 348

	 A0A011WSU6	[0, 540, 0, 0, 425, 0, 0, 0, 0]

 ### Operon type: 349

	 A0A013S843	[0, 365, 0, 0, 0, 0, -1, 239, 0]

 ### Operon type: 350

	 A0A013S981	[299, 0, 0, 0, 0, 0, 0, 0, 0]

 ### Operon type: 351

	 A0A013T337	[0, 0, 0, 0, 0, 0, 0, 0, 377]

 ### Operon type: 352

	 A0A013T5E6	[0, 0, 0, 376, 0, 0, 0, 0, 0]

 ### Operon type: 353

	 A0A013SGL3	[363, 291, 290, 289, 362, 545, 361, 525, 360]
	 A0A010KAV2	[363, 0, 0, 289, 362, 545, 361, 525, 360]
	 A0A009NE81	[363, 291, 290, 289, 362, 545, 361, 525, 360]
	 A0A009I5Z6	[363, 0, 290, 289, 362, 545, 361, 525, 360]
	 A0A009RQH3	[363, 0, 0, 289, 362, 545, 361, 525, 360]

 ### Operon type: 354

	 A0A013TB41	[363, -1, 0, 0, 362, 545, 361, 525, 360]

 ### Operon type: 355

	 A0A009H3X4	[363, 0, 0, 0, 362, 545, -1, 699, -1]

 ### Operon type: 356

	 A0A009YL68	[0, 0, 525, 363, 362, 0, 0, 183, 0]

 ### Operon type: 357

	 A0A009T9H0	[0, 2, 594, -1, 0, 0, 202, 0, 201]

 ### Operon type: 358

	 A0A010THH5	[0, 256, 212, 303, 0, 0, 459, 0, 397]

 ### Operon type: 359

	 A0A011WSH8	[0, 0, 0, 681, 311, 0, 0, 0, 0]
	 A0A011VZE3	[0, 0, 0, 681, 311, 0, 0, 0, 0]

 ### Operon type: 360

	 A0A011NAF3	[0, 0, 0, 0, 0, 0, 681, 0, 703]

 ### Operon type: 361

	 A0A009IQ93	[176, 0, 681, 0, 0, 175, 0, 0, 0]

 ### Operon type: 362

	 A0A009TLU4	[0, 205, -1, 22, 0, 15, 0, -1, -1]

 ### Operon type: 363

	 A0A010JNG7	[423, 0, 0, 402, 0, 0, 0, 0, 0]

 ### Operon type: 364

	 A0A010S003	[548, 0, 0, 0, 0, 561, 561, 233, 0]

 ### Operon type: 365

	 A0A010SMN8	[0, -1, 305, 0, 497, 0, 0, 552, 0]

 ### Operon type: 366

	 A0A010SXS1	[0, 99, 0, 0, 0, 112, 0, 0, 588]

 ### Operon type: 367

	 A0A010T689	[249, -1, 459, 432, 0, 0, 0, 0, 0]

 ### Operon type: 368

	 A0A010TBB4	[0, 482, 0, 29, 0, 0, 0, 0, 525]

 ### Operon type: 369

	 A0A010YFK3	[0, 308, 0, 0, 0, 0, 433, 0, 307]

 ### Operon type: 370

	 A0A010YVY1	[173, 0, 173, 0, 0, 0, 0, 233, 0]

 ### Operon type: 371

	 A0A010Z7T4	[0, 0, 0, 0, 0, 0, 0, 285, 510]

 ### Operon type: 372

	 A0A010RRR9	[0, 0, 0, 0, 686, 0, 0, 286, 285]

 ### Operon type: 373

	 A0A010SIA7	[0, 0, 286, 255, 0, 0, 0, 0, 0]

 ### Operon type: 374

	 A0A010ZSZ2	[0, 438, 0, 476, 437, 0, 0, 0, 0]

 ### Operon type: 375

	 A0A010Z0Y7	[0, 0, 0, 0, 437, 230, 0, 0, 0]

 ### Operon type: 376

	 A0A010ZUR7	[317, 5, 0, 5, 0, 4, 233, 0, 0]

 ### Operon type: 377

	 A0A011A0M8	[0, 0, 429, 0, 23, 0, 0, 3, 3]

 ### Operon type: 378

	 A0A011NFL4	[0, 697, 0, 0, 696, 695, 0, 694, 0]

 ### Operon type: 379

	 A0A011P407	[0, 0, 531, 568, 0, 0, 525, 0, 524]

 ### Operon type: 380

	 A0A011QGT2	[681, 0, 0, 680, 679, 0, 0, 0, 0]

 ### Operon type: 381

	 A0A011QSA4	[567, 0, 566, 565, 0, 0, 0, 0, 618]

 ### Operon type: 382

	 A0A011T6J6	[0, 605, 0, 628, 0, 0, 258, 0, 257]

 ### Operon type: 383

	 A0A011TAL2	[0, 690, 0, 0, 0, 263, 0, 654, 0]

 ### Operon type: 384

	 A0A011TYT7	[0, 0, 0, 0, 0, 0, 156, 113, 113]

 ### Operon type: 385

	 A0A011TZG0	[429, 603, 0, 0, 0, 0, 0, 332, 0]

 ### Operon type: 386

	 A0A011Q6N5	[0, 0, 0, 0, 0, 0, 604, 603, 604]

 ### Operon type: 387

	 A0A011UII7	[0, 0, 0, 0, 0, 557, 213, 0, 0]

 ### Operon type: 388

	 A0A011UNT9	[111, 208, 0, 0, 0, 0, 0, 0, 0]

 ### Operon type: 389

	 A0A011SIS0	[0, 612, 209, 209, 0, 0, 0, 208, 0]

 ### Operon type: 390

	 A0A011UT49	[0, 438, 0, 0, 0, 0, 99, 136, 0]

 ### Operon type: 391

	 A0A011VU65	[434, 0, 0, 0, 0, 433, 0, 0, 0]

 ### Operon type: 392

	 A0A011VV03	[0, 317, 0, 0, 316, 315, 0, 0, 0]

 ### Operon type: 393

	 A0A011VVZ9	[0, 0, -1, 0, 0, 314, 313, 313, 312]

 ### Operon type: 394

	 A0A011VWX7	[588, 455, 0, 0, 0, 0, 0, 460, 0]

 ### Operon type: 395

	 A0A011VXK7	[462, 462, 0, 453, 0, 0, 0, 607, 0]

 ### Operon type: 396

	 A0A011W0I6	[310, 0, 0, 0, 0, 426, 0, 700, 0]

 ### Operon type: 397

	 A0A010YEF6	[0, 310, 0, 0, 0, 0, 0, 0, 309]

 ### Operon type: 398

	 A0A013SQH1	[0, 0, 0, 0, 424, 521, 0, 423, 449]

 ### Operon type: 399

	 A0A009LNU8	[417, 419, 420, 421, 0, 22, 0, 423, 0]

 ### Operon type: 400

	 A0A013SRG6	[422, 421, 420, 419, 0, 418, 0, 417, 598]

 ### Operon type: 401

	 A0A009IQU8	[0, 419, 0, 0, 0, 418, 598, 0, 0]

 ### Operon type: 402

	 A0A010K2K8	[420, 421, 422, 0, 0, 0, 0, -1, 423]

 ### Operon type: 403

	 A0A011NPR8	[0, 598, 0, 0, 0, 0, 597, 0, 0]

 ### Operon type: 404

	 A0A010SEA2	[609, 597, 256, 0, 0, 0, 0, 0, 0]

 ### Operon type: 405

	 A0A009ZIC0	[488, 487, 486, 485, 484, 498, 483, 482, 481]

 ### Operon type: 406

	 A0A009ZB47	[185, 184, 0, 0, 0, 540, 395, 0, 0]

 ### Operon type: 407

	 A0A010RM40	[341, 681, 569, 0, 0, 0, 0, -1, 625]

 ### Operon type: 408

	 A0A010RRQ6	[0, 288, 0, 0, 0, 497, 486, 287, 0]

 ### Operon type: 409

	 A0A010S423	[258, 0, 0, 0, 0, 0, 0, 61, 466]

 ### Operon type: 410

	 A0A010T0I7	[0, 0, 309, 0, 0, 626, 566, 681, 0]

 ### Operon type: 411

	 A0A011AHU9	[0, 0, 0, 0, 0, 0, 0, 171, 709]

 ### Operon type: 412

	 A0A010YY02	[0, 172, 0, 0, 172, 572, 480, 0, 171]

 ### Operon type: 413

	 A0A011NA78	[0, 470, 0, 0, 0, 577, 0, 0, 625]

 ### Operon type: 414

	 A0A011P8W7	[532, 531, 588, 0, 530, 0, 0, 0, 0]

 ### Operon type: 415

	 A0A011PG97	[552, 0, 0, 551, 0, 0, 0, 0, 0]

 ### Operon type: 416

	 A0A011PKT4	[0, 521, 0, 0, 0, 0, 520, 0, 0]

 ### Operon type: 417

	 A0A011PLB2	[0, 532, 0, 522, 0, 0, 0, 0, 0]

 ### Operon type: 418

	 A0A011R339	[0, 0, 0, 0, 0, 0, 80, 79, 0]

 ### Operon type: 419

	 A0A011SFE5	[0, 0, 0, 462, 0, 0, 697, 568, 461]

 ### Operon type: 420

	 A0A011SJT5	[0, 0, 0, 312, 207, 207, 207, 207, 207]

 ### Operon type: 421

	 A0A011TDQ5	[0, 0, 0, 0, 283, 427, 0, 0, 0]

 ### Operon type: 422

	 A0A011UG17	[143, 0, 278, 0, 28, 434, 0, 0, 0]

 ### Operon type: 423

	 A0A011V8Z7	[0, 0, 0, 0, 0, 126, 125, 0, 0]

 ### Operon type: 424

	 A0A011VT01	[0, 0, 436, 0, 0, 436, 0, 0, 435]

 ### Operon type: 425

	 A0A011VYP6	[0, 0, 0, 0, 0, 0, 278, 687, 0]

 ### Operon type: 426

	 A0A011V392	[454, 0, 508, 276, 275, 260, 0, 425, 261]

 ### Operon type: 427

	 A0A009Q0U9	[496, 495, 494, 0, 45, 44, -1, -1, 0]

 ### Operon type: 428

	 A0A010SRB2	[15, 14, 0, 0, 0, 14, 13, 0, 0]

 ### Operon type: 429

	 A0A011VJ76	[137, 137, 136, 694, 0, 681, 429, 0, 531]

 ### Operon type: 430

	 A0A013SKX6	[0, 0, 468, 0, 412, 412, 267, 266, 265]

 ### Operon type: 431

	 A0A010KA25	[395, 0, 459, 274, 262, 0, 0, 395, 369]

 ### Operon type: 432

	 A0A011WUA8	[534, 0, 0, 254, 0, 0, 0, 253, 253]

 ### Operon type: 433

	 A0A010S4X6	[0, 230, 569, 561, 355, 0, 660, 507, 699]

 ### Operon type: 434

	 A0A011U8C0	[0, 194, 193, 0, 192, 191, 0, 0, 0]
