
 ### Operon type: 1

	 A0A010ILU3	[663, 662, 661, 660, 659, 658, 657, 656, 655]
	 A0A009QBR9	[663, 662, 661, 660, 659, 658, 656, 655, 241]
	 A0A009QS71	[663, 662, 661, 660, 659, 658, 657, 656, 655]
	 A0A009MW50	[663, 662, 661, 660, 659, 658, 657, 656, 655]
	 A0A009H3B0	[663, 662, 661, 660, 659, 658, 657, 656, 655]
	 A0A009I8S2	[663, 662, 661, 660, 659, 658, 656, 655, 241]
	 A0A009TM70	[663, 662, 661, 660, 659, 658, 656, 655, 241]

 ### Operon type: 2

	 A0A013TH43	[538, 537, 858, 536, 535, 534, 533, 532, 531]
	 A0A009RAF0	[538, 537, 858, 536, 535, 534, 533, 532, 531]

 ### Operon type: 3

	 A0A011PVT3	[746, 511, 510, 509, 777, 508, 507, 506, 505]
	 A0A011R7V7	[746, 511, 510, 509, 777, 508, 507, 506, 505]
	 A0A011MET3	[746, 511, 510, 509, 777, 508, 507, 506, 505]

 ### Operon type: 4

	 A0A009SIZ4	[621, 297, 655, 296, 295, 464, 397, 294, 293]
	 A0A013RZW2	[621, 297, 655, 296, 295, 464, 397, 294, 293]
	 A0A013SNJ8	[621, 297, 655, 296, 295, 464, 397, 294, 293]
	 A0A009IV03	[621, 297, 655, 296, 295, 464, 397, 294, 293]
	 A0A010J9U3	[621, 297, 655, 296, 295, 464, 397, 294, 293]
	 A0A009PH20	[621, 297, 655, 296, 295, 464, 397, 294, 293]
	 A0A009MMM3	[621, 297, 655, 296, 295, 464, 397, 294, 293]
	 A0A009HBT3	[621, 297, 655, 296, 295, 464, 397, 294, 293]
	 A0A009RD69	[621, 297, 655, 296, 295, 464, 397, 294, 293]
	 A0A009YIZ0	[621, 297, 655, 296, 295, 464, 397, 294, 293]

 ### Operon type: 5

	 A0A009PH57	[164, 163, -1, 162, 161, 454, 160, 380, 159]
	 A0A009TG92	[164, 163, -1, 162, 161, 454, 160, 380, 159]

 ### Operon type: 6

	 A0A013SXT2	[468, 467, 466, 465, 464, 463, 462, 461, 460]
	 A0A013S288	[468, 467, 466, 465, 464, 463, 462, 461, 460]
	 A0A010J3I1	[468, 467, 466, 465, 464, 463, 462, 461, 460]
	 A0A009N031	[468, 467, 466, 465, 464, 463, 462, 461, 460]
	 A0A009I0I9	[468, 467, 466, 465, 464, 463, 462, 461, 460]
	 A0A009PWG1	[468, 467, 466, 465, 464, 463, 462, 461, 460]
	 A0A009R2X0	[468, 467, 466, 465, 464, 463, 462, 461, 460]
	 A0A009SFX8	[468, 467, 466, 465, 54, 464, 463, 462, 461]
	 A0A009TBM2	[467, 466, 465, 54, 464, 463, 462, 461, 460]

 ### Operon type: 7

	 A0A010IMP8	[647, 723, 646, 645, 644, 643, 642, 641, 640]
	 A0A013T8M5	[647, 723, 646, 645, 644, 643, 642, 641, 640]
	 A0A013SZ54	[647, 723, 646, 645, 644, 643, 642, 641, 640]
	 A0A009SWU0	[647, 723, 646, 645, 644, 643, 642, 641, 640]
	 A0A009N123	[647, 723, 646, 645, 644, 643, 642, 641, 640]
	 A0A009IRJ6	[647, 723, 646, 645, 644, 643, 642, 641, 640]
	 A0A009Q3K7	[647, 723, 646, 645, 644, 643, 642, 641, 640]
	 A0A009H7U0	[647, 723, 646, 645, 644, 643, 642, 641, 640]
	 A0A009RBQ2	[647, 723, 646, 645, 644, 643, 642, 641, 640]
	 A0A009ZM43	[-1, 723, 646, 645, 644, 643, 642, 641, 640]

 ### Operon type: 8

	 A0A009RG92	[-1, 416, 779, 415, 414, 787, 413, 412, 411]
	 A0A009QDV7	[-1, 416, 779, 415, 414, 787, 413, 412, 411]
	 A0A013RMD0	[-1, 416, 779, 415, 414, 787, 413, 412, 411]
	 A0A010JDA6	[-1, 416, 779, 415, 414, 787, 413, 412, 411]
	 A0A009N9Z1	[-1, 416, 779, 415, 414, 787, 413, 412, 411]
	 A0A009S854	[-1, 416, 779, 415, 414, 787, 413, 412, 411]
	 A0A009H6M2	[-1, 416, 779, 415, 414, 787, 413, 412, 411]
	 A0A009IHQ3	[-1, 416, 779, 415, 414, 787, 413, 412, 411]
	 A0A009ZIC0	[91, 416, 779, 415, 414, 787, 413, 412, 411]

 ### Operon type: 9

	 A0A011UIA1	[437, 436, 435, 434, 433, 432, 431, 430, 0]
	 A0A011V5V3	[0, 437, 436, 435, 434, 433, 432, 431, 430]

 ### Operon type: 10

	 A0A011PTE7	[519, 518, 517, 516, 515, 0, 514, 513, 512]
	 A0A011NE72	[519, 518, 517, 516, 515, 514, 513, 512, 0]

 ### Operon type: 11

	 A0A010JWJ1	[409, 408, 783, 407, 406, 405, 404, 403, 402]
	 A0A009I4A1	[409, 408, 783, 407, 406, 405, 404, 403, 402]

 ### Operon type: 12

	 A0A009QF22	[114, 113, 409, 0, 406, 405, 404, 403, 402]
	 A0A009TBY8	[114, 113, 409, 407, 406, 405, 404, 403, 402]

 ### Operon type: 13

	 A0A011NEY3	[346, 599, 598, 597, 597, 596, 595, 594, 0]

 ### Operon type: 14

	 A0A011PAN4	[599, 598, 0, 597, 597, 596, 595, 594, 593]

 ### Operon type: 15

	 A0A011RCD5	[346, 599, 598, 597, 597, 596, 595, 594, 593]

 ### Operon type: 16

	 A0A011P4U7	[0, 736, 735, 734, 733, 732, 731, 730, 729]
	 A0A011NAY5	[736, 735, 734, 733, 732, 731, 730, 729, 0]

 ### Operon type: 17

	 A0A011NBX7	[698, 697, 696, 695, 694, 683, 0, 0, 0]
	 A0A011NW66	[698, 697, 696, 695, 694, 683, 0, 0, 0]
	 A0A011PF67	[698, 697, 696, 695, 694, 0, 0, 0, 0]

 ### Operon type: 18

	 A0A011NS68	[698, 697, 696, 695, 694, 693, 692, 705, 741]
	 A0A011RHX4	[698, 697, 696, 695, 694, 693, 692, 705, 0]

 ### Operon type: 19

	 A0A010YT39	[0, 703, 33, 778, 32, 31, 30, 29, 327]

 ### Operon type: 20

	 A0A010Z7T4	[33, 778, 32, 31, 30, 29, 327, 775, 526]

 ### Operon type: 21

	 A0A010K6G6	[399, 398, 397, 396, 395, 394, 393, 0, 392]
	 A0A013SP43	[399, 398, 397, 396, 395, 394, 393, 224, 392]
	 A0A009RUN3	[399, 398, 397, 396, 395, 394, 393, 224, 392]

 ### Operon type: 22

	 A0A011VWR4	[0, 0, 0, 0, 345, 344, 343, 342, 341]

 ### Operon type: 23

	 A0A011VYP6	[345, 344, 343, 342, 341, 0, 340, 509, 0]

 ### Operon type: 24

	 A0A011QAS2	[0, 760, 759, 758, 757, 756, 755, 754, 753]
	 A0A011NEQ1	[0, 760, 759, 758, 757, 756, 755, 754, 753]

 ### Operon type: 25

	 A0A010JSI3	[795, 794, 793, 792, 791, 790, 789, 788, 0]
	 A0A013T0M4	[795, 794, 793, 792, 791, 790, 789, 788, 0]
	 A0A009RGL2	[795, 794, 793, 792, 791, 790, 789, 788, 410]
	 A0A009HDS5	[795, 794, 793, 792, 791, 790, 789, 788, 410]

 ### Operon type: 26

	 A0A009SNL0	[70, 69, 328, 105, 104, 103, 102, 101, 100]

 ### Operon type: 27

	 A0A009T1I8	[328, 105, 104, 103, 102, 101, 100, 0, 0]

 ### Operon type: 28

	 A0A011VW71	[0, 212, 211, 210, 209, 208, 207, 848, 206]
	 A0A011VUV0	[212, 211, 210, 209, 208, 207, 848, 206, 0]

 ### Operon type: 29

	 A0A011UG71	[201, 315, 200, 205, 204, 316, 203, 314, 202]

 ### Operon type: 30

	 A0A011V8Z7	[0, 0, 201, 315, 200, 205, 204, 316, 203]

 ### Operon type: 31

	 A0A011V8Y9	[205, 204, 316, 203, 314, 202, 0, 0, 0]

 ### Operon type: 32

	 A0A011U8C0	[0, 316, 315, 0, 377, 314, 0, 0, 0]

 ### Operon type: 33

	 A0A011QSF0	[0, 824, 823, 822, 821, 820, 819, 818, 0]
	 A0A011QBB5	[589, 824, 823, 822, 821, 820, 819, 818, 458]
	 A0A011Q0X6	[589, 824, 823, 822, 821, 820, 819, 818, 458]
	 A0A011Q1X8	[824, 0, 823, 822, 821, 820, 819, 818, 458]

 ### Operon type: 34

	 A0A011PG87	[589, 824, 823, 822, 821, 820, 819, 0, 0]

 ### Operon type: 35

	 A0A011PCT1	[814, 813, 869, 0, 0, 0, 0, 865, 0]

 ### Operon type: 36

	 A0A011QU35	[0, 0, 0, 0, 871, 0, 814, 813, 869]

 ### Operon type: 37

	 A0A011Q2B1	[815, 728, 871, 870, 869, 868, 867, 866, 865]

 ### Operon type: 38

	 A0A011RLN8	[872, 873, 871, 870, 869, 868, 867, 866, 865]

 ### Operon type: 39

	 A0A011P700	[0, 0, 817, 816, 815, 728, 871, 870, 869]

 ### Operon type: 40

	 A0A011QSI4	[0, 0, 817, 816, 815, 0, 872, 873, 871]

 ### Operon type: 41

	 A0A013T337	[687, 784, 559, 558, 557, 796, 556, 799, 555]
	 A0A013TH30	[687, 784, 559, 558, 557, 796, 556, 799, 555]
	 A0A013S981	[401, 687, 784, 559, 558, 557, 796, 556, 799]

 ### Operon type: 42

	 A0A010JY00	[401, 687, 784, 559, 400, 796, 556, 799, 555]

 ### Operon type: 43

	 A0A013TPV4	[231, 230, 229, 228, 227, 226, 842, 783, 225]
	 A0A009QQ47	[231, 230, 229, 228, 227, 226, 842, 783, 225]
	 A0A009MGJ1	[231, 230, 229, 228, 227, 226, 842, 783, 225]
	 A0A010IZE4	[231, 230, 229, 228, 227, 226, 842, 783, 225]
	 A0A009SZB5	[231, 230, 229, 228, 227, 226, 842, 783, 225]
	 A0A009HL81	[231, 230, 229, 228, 227, 226, 842, 783, 225]
	 A0A009HR98	[231, 230, 229, 228, 227, 226, 842, 783, 225]

 ### Operon type: 44

	 A0A009Z8F7	[230, 229, 226, 0, 227, 5, 5, 0, 55]

 ### Operon type: 45

	 A0A009HFU9	[95, 94, 93, 92, 91, 679, 90, 89, 0]
	 A0A009R016	[95, 94, 93, 92, 91, -1, 679, 90, 89]

 ### Operon type: 46

	 A0A011UJN3	[0, 636, 0, 0, 370, 369, 368, 367, 366]

 ### Operon type: 47

	 A0A011W213	[370, 369, 368, 367, 366, 607, 0, 0, 0]

 ### Operon type: 48

	 A0A011QUG8	[812, 811, 810, 809, 808, 807, 0, 806, 805]
	 A0A011QIT1	[812, 811, 810, 809, 808, 807, 806, 805, 774]

 ### Operon type: 49

	 A0A011NVE7	[605, 604, 603, 708, 709, 710, 711, 712, 713]
	 A0A011PP01	[605, 604, 603, 708, 709, 710, 711, 712, 713]

 ### Operon type: 50

	 A0A011N9N8	[762, 688, 714, 713, 712, 711, 710, 709, 708]
	 A0A011P2I4	[762, 688, 714, 713, 712, 711, 710, 709, 708]

 ### Operon type: 51

	 A0A011PIY7	[715, 0, 714, 713, 712, 711, 710, 0, 708]

 ### Operon type: 52

	 A0A011Q3J4	[0, 715, 714, 713, 712, 711, 710, 709, 0]

 ### Operon type: 53

	 A0A011MH88	[716, 715, 714, 713, 712, 711, 710, 709, 708]

 ### Operon type: 54

	 A0A013SPM5	[553, 552, 551, 550, 549, 548, 547, 546, 545]
	 A0A010IX62	[553, 552, 551, 550, 549, 548, 547, 546, 545]
	 A0A009QFZ7	[553, 552, 551, 550, 549, 548, 547, 546, 545]
	 A0A009MH71	[553, 552, 551, 550, 549, 548, 547, 546, 545]
	 A0A009HSL1	[553, 552, 551, 550, 549, 548, 547, 546, 545]
	 A0A009I6Z0	[553, 552, 551, 550, 549, 548, 547, 546, 545]
	 A0A009TK03	[553, 552, 551, 550, 549, 548, 547, 546, 545]

 ### Operon type: 55

	 A0A009ZIX8	[0, 6, 551, 550, 549, 25, 0, 545, 0]

 ### Operon type: 56

	 A0A010JJN4	[677, 676, 675, 674, 673, 672, 671, 725, 689]
	 A0A013TPR7	[677, 676, 675, 674, 673, 672, 671, 725, 689]
	 A0A009PMT3	[677, 676, 675, 674, 673, 672, 671, 725, 689]
	 A0A009NI48	[677, 676, 675, 674, 673, 672, 671, 725, -1]
	 A0A009SEP4	[677, 676, 675, 674, 673, 0, 672, 671, 0]
	 A0A009RMI1	[677, 676, 675, 674, 673, 672, 671, 725, 0]
	 A0A009HJJ5	[677, 676, 675, 674, 673, 672, 671, 725, 65]
	 A0A009I8I7	[677, 676, 675, 674, 673, 672, 671, 725, 65]
	 A0A009YG45	[0, 677, 676, 675, 673, 0, 672, 671, 725]

 ### Operon type: 57

	 A0A013S8F0	[264, 390, 263, 262, 261, 783, 701, 266, 690]
	 A0A013TPQ9	[264, 390, 263, 262, 261, 783, 701, 266, 690]
	 A0A010IZH1	[-1, 390, 263, 262, 261, 783, 701, 266, 690]
	 A0A009PMU2	[264, 390, 263, -1, 261, 783, 701, 266, 690]
	 A0A009SZ84	[264, 390, 263, 262, 261, 783, 701, 266, 690]
	 A0A009HJM0	[264, 390, 263, 262, 261, 783, 701, 266, 690]

 ### Operon type: 58

	 A0A009HUS9	[390, 263, 0, 262, 261, 191, -1, 192, 193]

 ### Operon type: 59

	 A0A009ISE1	[672, 671, 725, 193, 192, -1, 191, 261, 262]

 ### Operon type: 60

	 A0A009NPS1	[264, 390, 263, 262, 261, -1, 725, 671, 672]

 ### Operon type: 61

	 A0A013SB36	[257, 256, 255, 254, 253, 578, 577, 252, 251]
	 A0A009QSI3	[257, 256, 255, 254, 253, 578, 577, 252, -1]

 ### Operon type: 62

	 A0A010ITP2	[257, 256, 255, 254, 253, 578, 577, 0, 0]

 ### Operon type: 63

	 A0A009SII9	[-1, 256, 255, 254, 253, 578, 577, 108, 107]

 ### Operon type: 64

	 A0A009T0Q9	[253, 578, 577, 108, 107, 251, 716, 783, 106]

 ### Operon type: 65

	 A0A009YJF4	[0, 578, 577, 79, 78, 716, 783, 0, 106]

 ### Operon type: 66

	 A0A009GP96	[0, 88, 783, 775, 391, 87, 679, 86, 85]

 ### Operon type: 67

	 A0A009GSR4	[775, 391, 87, 679, 86, 85, 85, 84, 0]

 ### Operon type: 68

	 A0A009IIT6	[88, 783, 775, 391, 86, 85, 85, 84, 0]

 ### Operon type: 69

	 A0A011SQL0	[740, 379, -1, 378, 377, 376, 472, 375, 374]
	 A0A011UZ49	[379, -1, 378, 377, 376, 472, 375, 374, 0]

 ### Operon type: 70

	 A0A009PT82	[688, 459, 128, 127, 196, 195, 194, 126, 125]
	 A0A009SIF9	[688, 459, 128, 127, 196, 195, 194, 126, 125]

 ### Operon type: 71

	 A0A009IS10	[197, 0, 0, 0, 196, 195, 194, 0, 0]

 ### Operon type: 72

	 A0A009QHW5	[0, 0, 0, 663, 196, 195, 194, 0, 112]

 ### Operon type: 73

	 A0A011UVB4	[0, 0, 0, 292, 0, 0, 197, 0, 206]

 ### Operon type: 74

	 A0A011V107	[447, -1, 446, 445, 444, 443, 442, 441, 0]
	 A0A011U7M7	[0, 447, -1, 446, 445, 444, 443, 442, 441]

 ### Operon type: 75

	 A0A011TLH0	[303, 444, 446, 302, 445, 443, 0, 0, 0]

 ### Operon type: 76

	 A0A011UG87	[362, 363, 364, 303, 444, 446, 302, 445, 443]

 ### Operon type: 77

	 A0A011TLH7	[364, 363, 362, 0, 0, 0, 0, 0, 0]

 ### Operon type: 78

	 A0A011TWN2	[361, 360, 359, 358, 357, 356, 355, 0, 0]
	 A0A011TAF9	[0, 0, 361, 360, 359, 358, 357, 356, 355]

 ### Operon type: 79

	 A0A011Q5V7	[769, 0, 0, 0, 864, 863, 862, 861, 860]

 ### Operon type: 80

	 A0A011RM25	[864, 863, 862, 861, 860, 859, 0, 858, 0]

 ### Operon type: 81

	 A0A011QIE8	[504, 503, 502, 701, 501, 500, 499, 0, 0]
	 A0A011QDV3	[504, 503, 502, 701, 501, 500, 459, 0, 499]

 ### Operon type: 82

	 A0A011QAB0	[766, 765, 764, 0, 763, 762, 847, 761, 0]
	 A0A011PL71	[527, 766, 765, 764, 763, 762, 847, 761, 0]

 ### Operon type: 83

	 A0A011Q6N5	[833, 832, 831, 0, 0, 0, 768, 767, 768]

 ### Operon type: 84

	 A0A011SGD5	[0, 0, 0, 0, 0, 0, 833, 832, 831]

 ### Operon type: 85

	 A0A011NYU6	[456, 455, 0, 454, 525, 27, 26, 0, 453]

 ### Operon type: 86

	 A0A011PYI6	[456, 455, 0, 454, 525, 453, 782, 835, 0]

 ### Operon type: 87

	 A0A011P1C0	[0, 0, 27, 26, 453, 0, 0, 0, 0]

 ### Operon type: 88

	 A0A011N4G4	[0, 0, 567, 566, 565, 564, 565, 563, 562]
	 A0A011PKU5	[567, 566, 565, 564, 565, 563, 562, 0, 0]

 ### Operon type: 89

	 A0A010ZWJ8	[21, 20, 19, 526, 18, 722, 349, 722, 17]

 ### Operon type: 90

	 A0A011AHW1	[18, 526, 19, 20, 21, 0, 0, 22, 0]

 ### Operon type: 91

	 A0A011AHU9	[349, 722, 17, 0, 0, 0, 0, 9, 716]

 ### Operon type: 92

	 A0A010ZX98	[16, 15, 14, 13, 12, 11, 701, 701, 0]

 ### Operon type: 93

	 A0A011AIL7	[12, 13, 14, 15, 16, 0, 0, 0, 0]

 ### Operon type: 94

	 A0A010YF95	[770, 38, 806, 37, 36, 36, 35, 371, 34]

 ### Operon type: 95

	 A0A010ZJQ6	[38, 806, 37, 36, 36, 35, 371, 34, 0]

 ### Operon type: 96

	 A0A009GXL8	[82, 81, 80, 79, 78, 407, 96, 111, 110]

 ### Operon type: 97

	 A0A010JIW7	[82, 81, 80, 79, 78, 0, 0, 96, 111]

 ### Operon type: 98

	 A0A011QNA5	[0, 498, 497, 496, 0, 654, 653, 652, 651]
	 A0A009ZLJ7	[651, 652, 653, 654, 0, 0, 498, 497, 496]

 ### Operon type: 99

	 A0A013T0T6	[654, 653, 652, 651, 650, 649, 561, 648, 560]
	 A0A009QMH5	[654, 653, 652, 651, 650, 649, 561, 648, 560]
	 A0A009ISY0	[654, 653, 652, 651, 650, 190, 561, 648, 560]
	 A0A009PE10	[654, 653, 652, 651, 650, 190, 561, 648, -1]
	 A0A009HAX1	[654, 653, 652, 651, 650, 649, 561, 648, 560]
	 A0A009RMD0	[654, 653, 652, 651, 650, 190, 561, 648, 560]

 ### Operon type: 100

	 A0A010ILW6	[654, 653, 652, 651, 650, 649, 0, 0, 648]

 ### Operon type: 101

	 A0A009Z9X7	[653, 652, 651, 0, 650, 0, 803, 0, 648]

 ### Operon type: 102

	 A0A013S8V2	[260, 259, 0, 0, 0, 258, 0, 0, 0]
	 A0A009R8E1	[0, 62, 0, 260, 259, 0, 0, 258, 0]

 ### Operon type: 103

	 A0A009ICH6	[621, 121, 120, 119, 400, 61, 60, 59, 799]
	 A0A009ZFR5	[621, 121, 120, 119, 400, 61, 60, 59, 799]

 ### Operon type: 104

	 A0A009NQA1	[621, 121, 120, 119, 118, 117, 559, 799, 796]
	 A0A009RR21	[621, 121, 120, 119, 118, 117, 559, 799, 796]

 ### Operon type: 105

	 A0A009HTN9	[621, 121, 120, 119, 118, 117, 73, 747, 72]
	 A0A009T3J5	[621, 121, 120, 119, 118, 117, 73, 747, 72]

 ### Operon type: 106

	 A0A009Q0U9	[621, 121, 120, 119, 118, 117, -1, -1, 0]

 ### Operon type: 107

	 A0A009QEG7	[240, 239, 238, 237, 236, 235, 234, 233, 232]
	 A0A009IPC3	[240, 239, 238, 237, 236, 235, 234, 233, 232]

 ### Operon type: 108

	 A0A009I573	[280, 0, 134, 135, 0, 136, 236, 237, 238]

 ### Operon type: 109

	 A0A009ILP9	[233, 0, 238, 237, 236, 136, 232, 135, 134]

 ### Operon type: 110

	 A0A009I953	[233, 0, 238, 237, 236, 136, 232, 0, -1]

 ### Operon type: 111

	 A0A009SX74	[587, 741, 0, 135, 232, 233, 239, 240, 71]

 ### Operon type: 112

	 A0A010IPH1	[635, 634, 686, 633, 632, 631, 630, 629, 628]
	 A0A009MMG9	[635, 634, 686, 633, 632, 631, 630, 629, 628]
	 A0A009QVK8	[635, 634, 686, 633, 632, 631, 630, 629, 628]
	 A0A009ICP5	[635, 634, 686, 633, 632, 631, 630, 629, 628]

 ### Operon type: 113

	 A0A009SIV4	[301, 300, 299, 298, 632, 631, 630, 629, 628]
	 A0A009HTW0	[301, 300, 299, 298, 632, 631, 630, 629, 628]
	 A0A009QLL2	[301, 300, 299, 298, 632, 631, 630, 629, 628]
	 A0A013TSJ4	[300, 299, 0, 298, 632, 631, 630, 629, 628]

 ### Operon type: 114

	 A0A013TCN9	[660, 544, 543, 542, 541, 540, 539, 783, 701]
	 A0A009QNC9	[660, 544, 543, 542, 541, 540, 539, 783, 701]
	 A0A010ITG1	[660, 544, 543, 542, 541, 540, 539, 783, 701]
	 A0A009NIJ3	[660, 544, 543, 542, 541, 540, 539, 783, 701]
	 A0A013TRC1	[660, 544, 543, 542, 541, 540, 539, 783, 701]

 ### Operon type: 115

	 A0A009H935	[0, 0, 543, 542, 541, 540, 539, 783, 701]

 ### Operon type: 116

	 A0A009IMX3	[627, 626, 625, 624, 623, 132, 132, 835, 131]
	 A0A009QEX0	[627, 626, 625, 624, 623, 132, 132, 835, 131]
	 A0A009SF48	[627, 626, 625, 624, 623, -1, 132, 835, 131]

 ### Operon type: 117

	 A0A010ISX2	[627, 626, 625, 624, 623, 622, 621, 620, 619]
	 A0A009RES7	[627, 626, 625, 624, 623, 622, 621, 620, 619]
	 A0A013S7V1	[627, 626, 625, 624, 623, 622, 621, 620, 619]
	 A0A009MR00	[627, 626, 625, 624, 623, 622, 621, 620, 619]

 ### Operon type: 118

	 A0A009YTT3	[3, 91, 625, 624, 623, 622, 621, 620, 619]

 ### Operon type: 119

	 A0A009GYP9	[0, 0, 0, 624, 623, 622, 621, 620, 619]

 ### Operon type: 120

	 A0A009ZZC8	[-1, 69, 70, 3, 91, 625, 624, 623, 622]

 ### Operon type: 121

	 A0A011WSE5	[486, 485, 484, 483, 482, 481, 480, 479, 478]
	 A0A011UGX8	[214, 486, 485, 484, 483, 482, 481, 480, 479]

 ### Operon type: 122

	 A0A011VZG0	[324, 0, 214, 486, 485, 484, 483, 482, 481]

 ### Operon type: 123

	 A0A009SJZ7	[292, 291, 290, 289, 288, 287, 286, 285, 284]
	 A0A009PJF7	[291, 290, 290, 289, 288, 287, 286, 285, 284]

 ### Operon type: 124

	 A0A009Z5G0	[287, 289, 290, 0, 487, 291, 292, 223]

 ### Operon type: 125

	 A0A010JJC1	[829, 670, 669, 668, 667, 666, 665, 678, 664]
	 A0A010IZ41	[670, 669, 668, 667, 666, 665, 678, 664, 397]

 ### Operon type: 126

	 A0A009QJL6	[829, 670, 669, 668, 0, 664, 397, 109, 0]

 ### Operon type: 127

	 A0A010KAV2	[389, 388, 387, 386, 385, 688, 634, 738, 384]
	 A0A013SGL3	[389, 388, 387, 386, 385, 688, 634, 738, 384]
	 A0A013TB41	[389, -1, 387, 386, 385, 688, 634, 738, 384]
	 A0A009PG53	[389, 388, 387, 386, 385, 688, 634, 738, 384]
	 A0A009NE81	[389, 388, 387, 386, 385, 688, 634, 738, 384]
	 A0A009RQH3	[389, 388, 387, 386, 385, 688, 634, 738, 384]
	 A0A009I5Z6	[389, 388, 387, 386, 385, 688, 634, 738, 384]
	 A0A009SHB3	[389, 388, 387, 386, 385, 688, 634, 738, 384]

 ### Operon type: 128

	 A0A009H3X4	[389, 388, 387, 386, 385, 688, -1, 785, -1]

 ### Operon type: 129

	 A0A009SLR5	[0, 0, 0, 283, 282, 281, 679, 783, 762]
	 A0A009PIB4	[0, 0, 0, 283, 282, 281, 679, 783, 762]

 ### Operon type: 130

	 A0A009HSU4	[0, 0, 573, 783, 0, 688, 738, 762, 679]

 ### Operon type: 131

	 A0A009I463	[843, 64, 63, 464, 464, 327, 326, 325, 116]
	 A0A009PAG1	[843, 64, 63, 464, 464, 327, 326, 325, 116]

 ### Operon type: 132

	 A0A013SKX6	[0, 0, 843, 0, 464, 464, 327, 326, 325]

 ### Operon type: 133

	 A0A011Q5S3	[774, 773, 0, 0, 0, 0, 772, 771, 770]

 ### Operon type: 134

	 A0A011UZZ4	[0, 772, 771, 0, 0, 0, 452, 452, 770]

 ### Operon type: 135

	 A0A011UTJ0	[0, 0, 0, 156, 155, 154, 731, 153, 152]

 ### Operon type: 136

	 A0A011VMV7	[156, 155, 154, 731, 153, 152, 429, 428, 427]

 ### Operon type: 137

	 A0A011NYT4	[781, 727, 726, 725, 0, 579, 579, 578, 577]

 ### Operon type: 138

	 A0A011P8E9	[0, 0, 781, 727, 0, 726, 725, 0, 0]

 ### Operon type: 139

	 A0A010TF34	[0, -1, 0, 0, 50, 49, 48, 47, 46]
	 A0A010SYH9	[50, 49, 48, 47, 46, 0, 0, 0, 0]

 ### Operon type: 140

	 A0A010S7A1	[272, 271, 270, 269, 0, 268, 0, 0, 0]
	 A0A010TFJ4	[0, -1, 0, 272, 271, 270, 269, -1, 268]

 ### Operon type: 141

	 A0A009PAV9	[179, -1, 686, 178, 464, 679, 177, 176, 175]
	 A0A009HJC2	[179, 701, 686, 178, 464, 679, 177, 176, 175]

 ### Operon type: 142

	 A0A009SE02	[0, 175, 0, 0, 0, 176, 177, 679, 464]

 ### Operon type: 143

	 A0A009RSB7	[738, 621, 717, 618, 165, 783, 783, 616, 615]
	 A0A009HS41	[738, 621, 717, 618, 165, 783, 783, 616, 615]
	 A0A009SYU8	[738, 621, 717, 618, 165, 783, 783, 616, 615]

 ### Operon type: 144

	 A0A010IT25	[738, 621, 717, 618, 617, 783, 783, 616, 615]
	 A0A013SHA9	[738, 621, 717, 618, 617, 783, 783, 616, 615]
	 A0A009I466	[738, 621, 717, 618, 617, 783, 783, 616, 615]

 ### Operon type: 145

	 A0A009NMQ9	[738, 621, 717, 618, 617, 0, 783, 783, 616]

 ### Operon type: 146

	 A0A009P8A9	[0, 0, 717, 618, 165, 783, 783, 616, 615]

 ### Operon type: 147

	 A0A009ITT8	[189, 188, 187, 422, 421, 186, 420, 419, 418]
	 A0A009NJ90	[189, 188, 187, 422, 421, 137, 186, 420, 419]

 ### Operon type: 148

	 A0A009NCH6	[184, 420, 419, 418, 183, 182, 181, 98, 97]
	 A0A009IJ01	[420, 419, 418, 417, 183, 182, 181, 98, 97]

 ### Operon type: 149

	 A0A009RQL5	[420, 419, 418, 77, 183, 182, 181, 98, 0]

 ### Operon type: 150

	 A0A009MGQ8	[421, 0, 184, 420, 419, 418, 183, 182, 181]

 ### Operon type: 151

	 A0A009IJ07	[425, 424, 423, 422, 421, 420, 419, 418, 417]
	 A0A009S6G1	[425, 424, 423, 422, 421, 420, 419, 418, 183]
	 A0A009RHH7	[425, 424, 423, 422, 421, 137, 420, 419, 418]

 ### Operon type: 152

	 A0A009HZK2	[423, 422, 421, 420, 419, 418, 417, 183, 182]

 ### Operon type: 153

	 A0A009R4N4	[422, 421, 137, 420, 419, 418, 77, 183, 182]

 ### Operon type: 154

	 A0A009S5A5	[421, 137, 186, 420, 419, 418, 417, 76, 183]

 ### Operon type: 155

	 A0A009RHH9	[0, 0, 0, 0, 426, 425, 424, 423, 422]

 ### Operon type: 156

	 A0A011PGU1	[0, 0, 586, 585, 584, 583, 582, 581, 580]
	 A0A011MDH1	[575, 0, 586, 585, 584, 583, 582, 581, 580]

 ### Operon type: 157

	 A0A011V0P4	[451, 450, 0, 0, 491, 0, 0, 449, 448]

 ### Operon type: 158

	 A0A011WPV7	[449, 448, 0, 0, 0, 0, 0, 0, 0]

 ### Operon type: 159

	 A0A011UDF3	[585, 311, 0, 0, 0, 354, 310, 309, 828]

 ### Operon type: 160

	 A0A011VSC9	[310, 309, 828, 0, 0, 0, 0, 0, 0]

 ### Operon type: 161

	 A0A011SF89	[840, 839, 838, 0, 0, 0, 0, 0, 0]

 ### Operon type: 162

	 A0A011UCX7	[0, 766, 840, 839, 0, 838, 312, 0, 0]

 ### Operon type: 163

	 A0A011RNP9	[0, 0, 0, 0, 0, 848, 847, 0, 0]

 ### Operon type: 164

	 A0A011V0B5	[843, 0, 0, 0, 0, 0, 848, 0, 0]

 ### Operon type: 165

	 A0A011RQC9	[0, 843, 842, 0, 0, 0, 0, 841, 0]

 ### Operon type: 166

	 A0A011QG28	[495, 494, 585, 0, 584, 583, 723, 493, 724]
	 A0A011RIM8	[495, 494, 0, 0, 584, 583, 723, 493, 724]

 ### Operon type: 167

	 A0A011PHI6	[745, 0, 744, 0, 0, 743, 809, 742, 0]

 ### Operon type: 168

	 A0A011QI68	[0, 0, 744, 743, 0, 0, 0, 0, 0]

 ### Operon type: 169

	 A0A011NVJ6	[602, 751, 750, 749, 748, 747, 0, 0, 601]

 ### Operon type: 170

	 A0A011PVP2	[0, 751, 750, 749, 748, 747, 0, 0, 746]

 ### Operon type: 171

	 A0A011NXY7	[0, 0, 750, 0, 748, 0, 0, 0, 0]

 ### Operon type: 172

	 A0A011QR69	[801, 800, 799, 798, 797, 796, 0, 0, 0]
	 A0A011NUB4	[801, 800, 799, 798, 797, 796, 0, 607, 0]

 ### Operon type: 173

	 A0A011NN36	[800, 799, 0, 0, 797, 796, 0, 0, 0]

 ### Operon type: 174

	 A0A011PK69	[799, 530, 0, 0, 797, 796, 0, 0, 0]

 ### Operon type: 175

	 A0A011RMI6	[857, 856, 855, 854, 853, 852, 851, 850, 849]
	 A0A011NYD6	[857, 856, 855, 854, 853, 852, 851, 850, 849]

 ### Operon type: 176

	 A0A011QB28	[752, 857, 856, 0, 0, 852, 851, 850, 849]

 ### Operon type: 177

	 A0A011NF33	[0, 852, 851, 0, 0, 0, 0, 0, 0]

 ### Operon type: 178

	 A0A011NBY4	[682, 0, 0, 681, 0, 0, 680, 0, 0]

 ### Operon type: 179

	 A0A011WRT0	[682, 0, 0, 0, 0, 0, 0, 835, 0]

 ### Operon type: 180

	 A0A011SHV5	[0, 0, 0, 0, 0, 830, 835, 829, 0]

 ### Operon type: 181

	 A0A011NB95	[0, 804, 0, 0, 0, 0, 686, 685, 684]

 ### Operon type: 182

	 A0A011UHT4	[109, 213, 685, 0, 0, 52, 52, 684, 0]

 ### Operon type: 183

	 A0A010Z1W7	[0, 0, 0, 0, 0, 143, 0, 307, 308]

 ### Operon type: 184

	 A0A011VY84	[0, 0, 308, 307, 0, 0, 0, 0, 0]

 ### Operon type: 185

	 A0A010YW85	[0, 0, 0, 0, 0, 319, 0, 307, 308]

 ### Operon type: 186

	 A0A010ZMA0	[307, 691, 0, 0, 0, 0, 0, 0, 0]

 ### Operon type: 187

	 A0A011N5L2	[0, 0, 0, 691, 0, 690, 689, 0, 0]

 ### Operon type: 188

	 A0A009MJ75	[0, 0, 116, 115, 147, 0, 0, 0, 775]

 ### Operon type: 189

	 A0A010IH51	[0, 628, 0, 0, 147, 0, 775, 0, 0]

 ### Operon type: 190

	 A0A011TYT7	[0, 0, 0, 0, 0, 0, 628, 372, 372]

 ### Operon type: 191

	 A0A010RRR9	[0, 0, 0, 0, 777, 0, 0, 776, 775]

 ### Operon type: 192

	 A0A010SIA7	[0, 0, 776, 269, 0, 0, 0, 0, 0]

 ### Operon type: 193

	 A0A010RFQ9	[0, 0, 787, 0, 786, 0, 0, 0, 0]

 ### Operon type: 194

	 A0A010SPR9	[44, 44, 0, 0, 0, 786, 0, 0, 0]

 ### Operon type: 195

	 A0A009LNU8	[469, 471, 472, 473, 0, 185, 0, 679, 0]

 ### Operon type: 196

	 A0A013SRG6	[474, 473, 472, 471, 0, 470, 0, 469, 700]

 ### Operon type: 197

	 A0A009IQU8	[0, 471, 0, 0, 0, 470, 700, 0, 0]

 ### Operon type: 198

	 A0A010K2K8	[472, 473, 474, 0, 0, 0, 0, -1, 679]

 ### Operon type: 199

	 A0A011NPR8	[0, 700, 0, 0, 0, 0, 699, 0, 0]

 ### Operon type: 200

	 A0A010SEA2	[773, 699, 267, 0, 0, 0, 0, 0, 0]

 ### Operon type: 201

	 A0A010IGH8	[0, 0, 0, 0, 0, 0, 0, 219, 616]

 ### Operon type: 202

	 A0A010STD3	[0, 0, 0, 353, 352, 351, 0, 616, 219]

 ### Operon type: 203

	 A0A010SQJ5	[265, 633, 0, 353, 352, 351, 0, 0, 0]

 ### Operon type: 204

	 A0A013RVV2	[660, 0, 221, 220, 0, 0, 616, 219, 0]

 ### Operon type: 205

	 A0A011TD67	[354, 0, 0, 353, 352, 351, 350, 0, 349]

 ### Operon type: 206

	 A0A009ZC12	[0, 0, 0, 353, 0, 351, 350, 4, 826]

 ### Operon type: 207

	 A0A009YSC7	[0, 0, 680, 1, 0, 1, 221, 220, 0]

 ### Operon type: 208

	 A0A009ZJK4	[0, 0, 0, 0, 0, 0, 621, 41, 0]

 ### Operon type: 209

	 A0A010SVN1	[-1, 41, 783, 273, 304, 0, 0, 621, 0]

 ### Operon type: 210

	 A0A009PFK7	[171, 170, 169, 168, 167, 0, 0, 166, 0]
	 A0A009QGN4	[171, 170, 169, 168, 167, 166, 0, 0, 0]

 ### Operon type: 211

	 A0A009YR20	[0, 166, 0, 0, 0, 0, 170, 0, 0]

 ### Operon type: 212

	 A0A009SCM5	[68, 67, 66, 0, 0, 0, 0, 0, 0]

 ### Operon type: 213

	 A0A009TJ77	[71, 180, 0, 0, 0, 0, 68, 67, 66]

 ### Operon type: 214

	 A0A009HZV2	[0, 0, 0, 0, 218, 217, 137, 0, 0]

 ### Operon type: 215

	 A0A009QPE7	[0, 0, 0, 0, 218, 217, 0, 0, 0]

 ### Operon type: 216

	 A0A009MGR3	[0, 0, 249, 0, 554, 76, 92, 248, 247]

 ### Operon type: 217

	 A0A009Q4G0	[0, 250, 249, 0, 554, 0, 248, 247, 248]

 ### Operon type: 218

	 A0A009PB53	[0, 0, 174, 173, 554, 248, 247, 248, 172]

 ### Operon type: 219

	 A0A009PUJ8	[0, 174, 173, 554, 0, 172, 96, 111, 110]

 ### Operon type: 220

	 A0A009QQC0	[216, 0, 215, 783, 329, 329, 242, 266, 273]
	 A0A009H7I0	[216, 0, 0, 783, 329, 329, 242, 266, 273]

 ### Operon type: 221

	 A0A009MVG4	[215, 0, 330, 783, 329, 329, 242, 266, 273]

 ### Operon type: 222

	 A0A009QA91	[244, 243, 738, 783, 329, 329, 242, 266, 273]
	 A0A010J377	[244, 243, 738, 783, 329, 329, 242, 266, 273]

 ### Operon type: 223

	 A0A009S1X4	[244, 243, 738, 783, 329, 329, 783, 0, 160]

 ### Operon type: 224

	 A0A013SHF4	[0, 0, 330, 783, 329, 329, 0, 328, 0]

 ### Operon type: 225

	 A0A011N3C3	[0, 0, 0, 573, 572, 571, 570, 569, 568]
	 A0A011PJK8	[573, 572, 571, 570, 569, 568, 0, 0, 0]

 ### Operon type: 226

	 A0A011WKI4	[0, 0, 0, 0, 0, 704, 333, 332, 339]
	 A0A011UWH1	[704, 333, 332, 339, 0, 0, 0, 0, 0]

 ### Operon type: 227

	 A0A010YKP2	[0, 0, 0, 0, 0, 0, 601, 440, 0]

 ### Operon type: 228

	 A0A011V1A2	[450, 0, 0, 440, 0, 0, 0, 0, 0]

 ### Operon type: 229

	 A0A011NGS0	[0, 0, 0, 0, 702, 719, 0, 0, 0]

 ### Operon type: 230

	 A0A011PW61	[0, 0, 0, 0, 702, 719, 0, 0, 457]

 ### Operon type: 231

	 A0A011UXI1	[0, 528, 0, 0, 702, 719, 348, 0, 0]

 ### Operon type: 232

	 A0A011SWI9	[-1, -1, 0, 745, 702, 719, 348, -1, -1]

 ### Operon type: 233

	 A0A011P952	[719, 0, 718, 0, 0, 718, 0, 0, 0]

 ### Operon type: 234

	 A0A011QVV5	[0, 0, 576, 742, 609, 608, 609, 746, 575]
	 A0A011Q1B3	[576, 742, 609, 608, 609, 746, 575, 0, 0]

 ### Operon type: 235

	 A0A011NSG8	[0, 0, 0, 742, 609, 608, 0, 609, 0]

 ### Operon type: 236

	 A0A011P0X4	[0, 0, 575, 0, 609, 0, 0, 608, 62]

 ### Operon type: 237

	 A0A010YNY9	[0, 0, 144, 28, 0, 0, 0, 0, 74]

 ### Operon type: 238

	 A0A011AC71	[160, 0, 0, 306, 0, 144, 28, 0, 738]

 ### Operon type: 239

	 A0A011PRW6	[521, 0, 0, 0, 520, 856, 855, 0, 0]
	 A0A011QLX0	[0, 521, 0, 0, 520, 0, 856, 855, 0]

 ### Operon type: 240

	 A0A010SML6	[0, 856, 855, -1, 0, 741, 0, 0, 0]

 ### Operon type: 241

	 A0A010RS09	[0, 0, 0, 0, 47, 0, 785, 785, 0]

 ### Operon type: 242

	 A0A010RTE7	[0, 0, 0, 0, 0, 0, 47, 180, 0]

 ### Operon type: 243

	 A0A009P817	[246, 0, 0, 0, 124, 0, 321, 123, 122]

 ### Operon type: 244

	 A0A009TIY0	[0, 0, 0, 0, 124, 0, 321, 123, 0]

 ### Operon type: 245

	 A0A009QKA3	[321, 123, 0, 122, 0, 0, 0, 0, 171]

 ### Operon type: 246

	 A0A009HSR2	[0, 279, 278, 0, 277, 139, 276, 137, 140]

 ### Operon type: 247

	 A0A009SWM1	[0, 279, 278, 0, 277, 0, 0, 276, 0]

 ### Operon type: 248

	 A0A009MYX0	[141, 140, 0, 573, 0, 0, 276, 139, 138]

 ### Operon type: 249

	 A0A009QK79	[0, 0, 138, 139, 0, 276, 0, 0, 140]

 ### Operon type: 250

	 A0A009GXJ1	[439, 438, 139, 276, 83, 137, 140, 141, 0]

 ### Operon type: 251

	 A0A010IT95	[0, 0, 0, 679, 614, 613, 612, 611, 610]
	 A0A013TKW8	[0, 591, 0, 679, 614, 613, 612, 611, 610]
	 A0A009QT77	[0, 0, -1, 679, 614, 613, 612, 611, 610]
	 A0A009PRQ9	[0, 679, 129, 0, 614, 613, 612, 611, 610]
	 A0A009MH36	[0, 0, 0, 679, 614, 613, 612, 611, 610]
	 A0A009GWD0	[137, 0, 0, 679, 614, 613, 612, 611, 610]
	 A0A009S0T6	[0, 0, 679, 129, 614, 613, 612, 611, 610]
	 A0A009I5G9	[0, 0, 679, 129, 614, 613, 612, 611, 610]

 ### Operon type: 252

	 A0A013TMJ7	[701, -1, 0, 679, 614, 611, 610, 0, 0]

 ### Operon type: 253

	 A0A011V392	[322, 0, 523, 338, 337, 336, 0, 476, 323]
	 A0A011VXC2	[-1, 322, 0, 523, 338, 337, 336, 476, 323]

 ### Operon type: 254

	 A0A011V490	[324, 335, 0, 323, 476, 336, 337, 338, 523]

 ### Operon type: 255

	 A0A011VZF5	[0, 0, 338, 337, 336, 766, 335, 766, 0]

 ### Operon type: 256

	 A0A011WLE7	[0, 0, 0, 0, 0, 331, 0, 0, 0]
	 A0A011VU44	[0, 0, 0, 0, 0, 331, 0, 0, 0]

 ### Operon type: 257

	 A0A011VAP2	[0, 0, 198, 0, 0, 0, 0, 0, 490]

 ### Operon type: 258

	 A0A011VRJ8	[0, 0, 0, 0, 0, 0, 198, 0, 0]

 ### Operon type: 259

	 A0A011RNU1	[0, 0, 0, 0, 0, 0, 846, 846, 845]

 ### Operon type: 260

	 A0A011VKJ9	[0, 0, 0, 0, 0, 0, 845, 846, -1]

 ### Operon type: 261

	 A0A011PQZ7	[0, 0, 0, 526, 525, 0, 524, 0, 0]

 ### Operon type: 262

	 A0A011TUX4	[0, 0, 0, 0, 525, 0, 0, 524, 0]

 ### Operon type: 263

	 A0A011STZ9	[0, 0, 0, 524, 0, 0, 0, 0, 0]

 ### Operon type: 264

	 A0A011PRF5	[522, 0, 0, 0, 0, 0, 0, 0, 0]
	 A0A011PUJ9	[0, 0, 0, 0, 0, 0, 0, 0, 522]

 ### Operon type: 265

	 A0A011PFY8	[0, 0, 0, 0, 0, 0, 0, 0, 590]

 ### Operon type: 266

	 A0A011PNS3	[802, 590, 0, 0, 0, 0, 0, 0, 0]

 ### Operon type: 267

	 A0A011T648	[0, 590, 0, 0, 0, 0, 0, 799, 0]

 ### Operon type: 268

	 A0A010YYJ5	[0, 0, 0, 766, 0, 0, 0, 56, 56]

 ### Operon type: 269

	 A0A011NDM5	[766, 0, 0, 0, 0, 0, 0, 0, 0]

 ### Operon type: 270

	 A0A011MSR2	[0, 0, 0, 574, 0, 0, 0, 766, 766]

 ### Operon type: 271

	 A0A011WSU6	[0, 766, 0, 0, 476, 0, 0, 0, 0]

 ### Operon type: 272

	 A0A011U3C2	[0, 0, 723, 0, 0, 0, 0, 0, 0]
	 A0A011AEN3	[0, 0, 0, 0, 0, 0, 723, 0, 0]

 ### Operon type: 273

	 A0A011AAZ2	[0, 75, 0, 0, 0, 723, 723, 723, 0]

 ### Operon type: 274

	 A0A011T698	[0, 0, 0, 0, 0, 738, 723, 0, 0]

 ### Operon type: 275

	 A0A010YRE8	[0, 0, 0, 0, 0, 0, 0, 11, 0]

 ### Operon type: 276

	 A0A011AF05	[0, 0, 160, 11, 0, 0, 0, 0, 0]

 ### Operon type: 277

	 A0A009ZG48	[0, 0, 0, 591, 0, 0, 0, 0, 0]

 ### Operon type: 278

	 A0A011PEJ8	[0, 0, 592, 591, 0, 0, 0, 0, 0]

 ### Operon type: 279

	 A0A011QNJ7	[706, 0, 0, 591, 0, 0, 0, 706, 0]

 ### Operon type: 280

	 A0A011MMJ4	[0, 0, 0, 0, 0, 0, 0, 706, 0]

 ### Operon type: 281

	 A0A011R8M3	[0, 0, 592, 591, 0, 347, 0, 706, 0]

 ### Operon type: 282

	 A0A009ZC82	[0, 0, 740, 0, 0, 0, 0, 0, 0]

 ### Operon type: 283

	 A0A011P3F6	[741, 0, 0, 740, 0, 0, 0, 0, 0]

 ### Operon type: 284

	 A0A009IG48	[0, 0, 0, 275, 133, 0, 0, 0, 741]

 ### Operon type: 285

	 A0A009IMQ0	[0, 0, 0, 275, 133, 0, 0, 0, 0]

 ### Operon type: 286

	 A0A009SWV1	[0, 0, 0, 0, 0, 0, 0, 275, 0]

 ### Operon type: 287

	 A0A009Q512	[0, 0, 0, 0, 245, 0, 0, 0, 0]
	 A0A009PMZ9	[245, 0, 0, 0, 0, 0, 0, 0, 0]

 ### Operon type: 288

	 A0A009IFL2	[0, 58, 0, 57, -1, 0, 0, 0]

 ### Operon type: 289

	 A0A009ZDS1	[-1, -1, 0, 58, 0, 0, 670, 0, 0]

 ### Operon type: 290

	 A0A010SNM6	[146, 145, -1, 0, 0, 0, 701, 0, 0]

 ### Operon type: 291

	 A0A010T5D8	[145, 146, 0, -1, 0, -1, 397, 0, 0]

 ### Operon type: 292

	 A0A011UB51	[313, 0, 0, 0, 0, 0, 0, 0, 0]
	 A0A011UFH1	[0, 0, 0, 0, 0, 313, 0, 0, 0]

 ### Operon type: 293

	 A0A011V965	[0, -1, -1, 0, 199, 0, -1, -1, 0]
	 A0A011VHP2	[0, -1, -1, -1, 199, 0, 0, 0, 0]

 ### Operon type: 294

	 A0A010RVD0	[-1, 0, 0, -1, 0, 818, 818, 0, 45]

 ### Operon type: 295

	 A0A010T7Q5	[0, 45, 0, 0, 0, 0, -1, 0, 0]

 ### Operon type: 296

	 A0A010SJH7	[0, 0, 701, -1, 0, 0, 242, 0, 0]

 ### Operon type: 297

	 A0A010SRR2	[0, 0, -1, 0, 0, 0, 0, 0, 701]

 ### Operon type: 298

	 A0A010RKP8	[0, 0, 0, 0, 0, 0, -1, 0, 0]
	 A0A010TF14	[-1, 0, 0, 0, 0, 0, 0, 0, 0]
	 A0A010RY47	[-1, 0, -1, 0, 0, 0, 0, 0, 0]
	 A0A011UZ32	[0, 0, 0, 0, 0, -1, 0, 0, 0]
	 A0A009HJU6	[0, 0, 0, 0, 0, 0, 0, 0, -1]

 ### Operon type: 299

	 A0A010SJF9	[0, 0, 0, 0, 0, -1, 0, 148, -1]

 ### Operon type: 300

	 A0A011ML54	[0, 0, 0, 707, 0, 0, 0, 0, -1]

 ### Operon type: 301

	 A0A011NHY1	[0, 0, 0, 0, 0, 701, 0, 0, 0]

 ### Operon type: 302

	 A0A010Z171	[0, 0, 0, 0, 0, 0, 701, 0, 573]

 ### Operon type: 303

	 A0A011T697	[701, 0, 0, 0, 0, 0, 0, 0, 321]

 ### Operon type: 304

	 A0A011TDD1	[0, 305, 701, 0, 0, 0, 0, 0, 0]

 ### Operon type: 305

	 A0A011VW24	[0, 0, 859, 0, 0, 0, 0, 0, -1]

 ### Operon type: 306

	 A0A011T8V3	[0, 0, 859, 0, 0, 0, 0, 0, 0]

 ### Operon type: 307

	 A0A010TH98	[457, 0, 0, 859, 0, 0, 0, 0, 0]

 ### Operon type: 308

	 A0A011QVR3	[0, 0, 0, 0, 0, 0, 0, 804, 859]

 ### Operon type: 309

	 A0A011VYF1	[859, 0, 0, 0, 0, 0, 313, 0, 0]

 ### Operon type: 310

	 A0A010S415	[-1, 859, 0, 273, 0, 0, 0, 0, 658]

 ### Operon type: 311

	 A0A011QSN2	[0, 0, 0, 0, 0, 0, 0, 0, 0]
	 A0A011P9Z5	[0, 0, 0, 0, 0, 0, 0, 0, 0]
	 A0A011NMI8	[0, 0, 0, 0, 0, 0, 0, 0, 0]
	 A0A011NAJ1	[0, 0, 0, 0, 0, 0, 0, 0, 0]
	 A0A011NTU3	[0, 0, 0, 0, 0, 0, 0, 0, 0]
	 A0A011PBM9	[0, 0, 0, 0, 0, 0, 0, 0, 0]
	 A0A011N2Z0	[0, 0, 0, 0, 0, 0, 0, 0, 0]
	 A0A013TEV4	[0, 0, 0, 0, 0, 0, 0, 0, 0]
	 A0A011PNN2	[0, 0, 0, 0, 0, 0, 0, 0, 0]
	 A0A011QMJ8	[0, 0, 0, 0, 0, 0, 0, 0, 0]
	 A0A011Q056	[0, 0, 0, 0, 0, 0, 0, 0, 0]
	 A0A011UHL2	[0, 0, 0, 0, 0, 0, 0, 0, 0]
	 A0A011UBN9	[0, 0, 0, 0, 0, 0, 0, 0, 0]
	 A0A011VYF6	[0, 0, 0, 0, 0, 0, 0, 0, 0]
	 A0A010SHY1	[0, 0, 0, 0, 0, 0, 0, 0, 0]
	 A0A013S2B9	[0, 0, 0, 0, 0, 0, 0, 0, 0]
	 A0A013SBR8	[0, 0, 0, 0, 0, 0, 0, 0, 0]
	 A0A013SL47	[0, 0, 0, 0, 0, 0, 0, 0, 0]
	 A0A011WUT3	[0, 0, 0, 0, 0, 0, 0, 0, 0]
	 A0A009M4K0	[0, 0, 0, 0, 0, 0, 0, 0, 0]
	 A0A009PDV4	[0, 0, 0, 0, 0, 0, 0, 0, 0]
	 A0A011VNE2	[0, 0, 0, 0, 0, 0, 0, 0, 0]
	 A0A009MH90	[0, 0, 0, 0, 0, 0, 0, 0, 0]
	 A0A009HIL8	[0, 0, 0, 0, 0, 0, 0, 0, 0]
	 A0A011UFM5	[0, 0, 0, 0, 0, 0, 0, 0, 0]
	 A0A010SPJ7	[0, 0, 0, 0, 0, 0, 0, 0, 0]
	 A0A010SSQ8	[0, 0, 0, 0, 0, 0, 0, 0, 0]
	 A0A010T025	[0, 0, 0, 0, 0, 0, 0, 0, 0]
	 A0A010YJA7	[0, 0, 0, 0, 0, 0, 0, 0, 0]
	 A0A010ZTI3	[0, 0, 0, 0, 0, 0, 0, 0, 0]
	 A0A011A146	[0, 0, 0, 0, 0, 0, 0, 0, 0]
	 A0A010YZS8	[0, 0, 0, 0, 0, 0, 0, 0, 0]
	 A0A010Z120	[0, 0, 0, 0, 0, 0, 0, 0, 0]

 ### Operon type: 312

	 A0A010TG27	[704, 0, 51, 0, 0, 0, 783, 0, 0]

 ### Operon type: 313

	 A0A011PMK1	[0, 0, 0, 0, 0, 0, 0, 704, 0]

 ### Operon type: 314

	 A0A009HM15	[0, 181, 98, 0, 0, 0, -1, 0, 0]

 ### Operon type: 315

	 A0A009HRU1	[0, 139, 0, 0, 0, 0, 0, 0, 0]

 ### Operon type: 316

	 A0A009HSN8	[0, 250, 0, 0, 0, -1, 0, 172, -1]

 ### Operon type: 317

	 A0A009HV82	[96, 0, 0, 0, 0, 0, 0, 0, 0]

 ### Operon type: 318

	 A0A009IG74	[0, 0, 115, 0, 464, -1, 0, 0, 0]

 ### Operon type: 319

	 A0A009IJ90	[0, 71, 0, 0, 0, 0, 0, 0, 0]

 ### Operon type: 320

	 A0A009NM94	[0, 837, 837, 0, 0, 0, 305, 0, 0]

 ### Operon type: 321

	 A0A009Q4N5	[0, 0, 246, 0, 0, 0, 0, 0, 0]

 ### Operon type: 322

	 A0A009SSZ9	[0, 280, 0, 0, 0, 0, 0, 0, 0]

 ### Operon type: 323

	 A0A009YIH1	[0, 0, 0, 0, 183, 0, -1, -1, 2]

 ### Operon type: 324

	 A0A009YR05	[0, 0, 0, 0, 155, 0, 0, 0, 0]

 ### Operon type: 325

	 A0A009Z004	[99, 0, 99, 0, 0, 573, 0, 0, 0]

 ### Operon type: 326

	 A0A010RUQ5	[0, 0, 0, 0, 0, 0, 0, 0, 318]

 ### Operon type: 327

	 A0A010S195	[740, 0, 143, 142, 0, 0, 0, 0, 0]

 ### Operon type: 328

	 A0A010SCZ2	[0, 0, 0, 0, 0, 0, 0, 489, 0]

 ### Operon type: 329

	 A0A010SN41	[0, 0, 0, 0, 475, 0, 0, 0, 0]

 ### Operon type: 330

	 A0A010SSU2	[0, 0, 0, 0, 83, 0, -1, 720, 0]

 ### Operon type: 331

	 A0A010SUP6	[0, 0, 0, 0, 0, 0, 0, 142, 0]

 ### Operon type: 332

	 A0A010SUY9	[0, 0, 0, 0, 0, 347, 592, 0]

 ### Operon type: 333

	 A0A010THK2	[0, 0, -1, 0, 0, 785, 573, 0, 0]

 ### Operon type: 334

	 A0A010SRL4	[51, 0, 0, -1, 0, 0, 0, 573, 130]

 ### Operon type: 335

	 A0A010YX61	[387, 723, 0, 859, 0, 0, 0, 0, 0]

 ### Operon type: 336

	 A0A010S5W8	[0, 0, 574, 746, 0, 0, 0, 0, 0]

 ### Operon type: 337

	 A0A011NE37	[646, 0, 0, 0, 0, 0, 0, 0, 0]

 ### Operon type: 338

	 A0A011NF78	[0, 0, 825, 0, 0, 0, 0, 0, 0]

 ### Operon type: 339

	 A0A011NVE2	[0, 0, 0, 799, 0, 0, 701, 0, 606]

 ### Operon type: 340

	 A0A011NXJ4	[0, 0, 0, 0, 0, 0, 0, 0, 600]

 ### Operon type: 341

	 A0A011P8I1	[0, 0, 724, 723, 0, 0, 0, 0, 722]

 ### Operon type: 342

	 A0A011P9Q7	[717, 0, 0, 0, 0, 0, 0, 0, 0]

 ### Operon type: 343

	 A0A011PJ75	[0, 799, 637, 799, 0, 0, 0, 0, 0]

 ### Operon type: 344

	 A0A011PRB4	[0, 0, 0, 0, 0, 0, 0, 523, 0]

 ### Operon type: 345

	 A0A011QVT2	[803, 0, 0, 0, 0, 0, 0, 802, 0]

 ### Operon type: 346

	 A0A011RP14	[0, 0, 0, 0, 0, 0, 0, 844, 0]

 ### Operon type: 347

	 A0A011SM49	[701, 0, 844, 0, 0, 0, 380, 0, 0]

 ### Operon type: 348

	 A0A011AM27	[524, 0, 0, 0, 673, 0, 0, 0, 39]

 ### Operon type: 349

	 A0A011T607	[0, 0, 746, 0, 0, 0, 0, 0, 305]

 ### Operon type: 350

	 A0A011TAW2	[0, 0, 0, 0, 0, 0, 468, 0, 0]

 ### Operon type: 351

	 A0A011TED9	[0, 0, 0, 0, 0, 360, 0, 0, 0]

 ### Operon type: 352

	 A0A011TXS5	[0, 373, 0, 0, 0, 0, 0, 0, 0]

 ### Operon type: 353

	 A0A011U144	[0, 318, 0, 0, 0, 0, 600, 549, 0]

 ### Operon type: 354

	 A0A011U1C8	[738, 0, 0, 0, 0, 0, 0, 0, 317]

 ### Operon type: 355

	 A0A011U483	[0, 0, 0, 0, 0, 737, 0, 0, 0]

 ### Operon type: 356

	 A0A011UG86	[0, 742, 0, 0, 0, 148, 0, 0, 0]

 ### Operon type: 357

	 A0A011UQB5	[834, 681, 0, 0, 0, 0, 0, 313, 0]

 ### Operon type: 358

	 A0A011UVI5	[0, 0, 0, 0, 0, 74, 799, 799, 0]

 ### Operon type: 359

	 A0A011UWI3	[0, 0, 0, 0, 282, 0, 274, 740, 0]

 ### Operon type: 360

	 A0A011V5E6	[0, 0, 0, 0, 0, 478, 0, 0, 0]

 ### Operon type: 361

	 A0A011M4H6	[490, 0, 780, 0, 0, 0, 0, 0, 0]

 ### Operon type: 362

	 A0A011VSV3	[0, 0, 0, 0, 0, 0, 585, 0, 0]

 ### Operon type: 363

	 A0A011VWI0	[0, 0, 0, 0, 0, 213, 0, 0, 0]

 ### Operon type: 364

	 A0A011VZ91	[339, 0, 0, 0, 0, 0, 0, 0, 0]

 ### Operon type: 365

	 A0A011WP76	[0, 0, 0, 0, 0, 0, 0, 0, 806]

 ### Operon type: 366

	 A0A011WSD4	[0, 0, 0, -1, 0, 766, 0, 0, 335]

 ### Operon type: 367

	 A0A011WT35	[335, 0, 0, 0, 0, 0, 0, 0, 0]

 ### Operon type: 368

	 A0A013S843	[0, 266, 0, 0, 0, 0, -1, 265, 0]

 ### Operon type: 369

	 A0A013T5E6	[0, 0, 0, 554, 0, 0, 0, 0, 0]

 ### Operon type: 370

	 A0A009T185	[800, 0, 637, 637, 638, 799, 637, 636, 747]

 ### Operon type: 371

	 A0A010IN36	[639, 701, 0, 0, 638, 799, 637, 636, 747]

 ### Operon type: 372

	 A0A009PG43	[799, 637, 536, 802, 0, 636, 747, 0, 0]

 ### Operon type: 373

	 A0A009INE0	[639, 0, 0, 0, 0, 0, 0, 637, 636]

 ### Operon type: 374

	 A0A009T9H0	[0, 2, 741, -1, 0, 0, 276, 0, 139]

 ### Operon type: 375

	 A0A010THH5	[0, 267, 58, 74, 0, 0, 829, 0, 670]

 ### Operon type: 376

	 A0A011WSH8	[0, 0, 0, 783, 477, 0, 0, 0, 0]
	 A0A011VZE3	[0, 0, 0, 783, 477, 0, 0, 0, 0]

 ### Operon type: 377

	 A0A011NAF3	[0, 0, 0, 0, 0, 0, 783, 0, 710]

 ### Operon type: 378

	 A0A009IQ93	[312, 0, 783, 0, 0, 130, 0, 0, 0]

 ### Operon type: 379

	 A0A009Q8S9	[0, 0, 741, 460, 0, 365, 0, 0, 0]

 ### Operon type: 380

	 A0A009TLU4	[0, 373, -1, 185, 0, 43, 0, -1, -1]

 ### Operon type: 381

	 A0A009ZB47	[112, 125, 0, 0, 0, 766, 668, 0, 0]

 ### Operon type: 382

	 A0A009ZVR4	[842, 0, 723, 0, 0, 56, 0, 0, 55]

 ### Operon type: 383

	 A0A010JIN9	[668, 0, 0, 180, 232, 0, 0, 0, 0]

 ### Operon type: 384

	 A0A010S003	[581, 0, 0, 0, 0, 742, 742, 633, 0]

 ### Operon type: 385

	 A0A010SMN8	[0, -1, 144, 0, 786, 0, 0, 588, 0]

 ### Operon type: 386

	 A0A010SXS1	[0, 536, 0, 0, 0, 368, 0, 0, 802]

 ### Operon type: 387

	 A0A010T689	[39, -1, 829, 848, 0, 0, 0, 0, 0]

 ### Operon type: 388

	 A0A010TBB4	[0, 412, 0, 148, 0, 0, 0, 0, 738]

 ### Operon type: 389

	 A0A010YFK3	[0, 861, 0, 0, 0, 0, 149, 0, 317]

 ### Operon type: 390

	 A0A010YVY1	[8, 0, 8, 0, 0, 0, 0, 633, 0]

 ### Operon type: 391

	 A0A010ZSZ2	[0, 75, 0, 25, 24, 0, 0, 0, 0]

 ### Operon type: 392

	 A0A010Z0Y7	[0, 0, 0, 0, 24, 273, 0, 0, 0]

 ### Operon type: 393

	 A0A011A0M8	[0, 0, 573, 0, 57, 0, 0, 10, 10]

 ### Operon type: 394

	 A0A011NFL4	[0, 836, 0, 0, 705, 704, 0, 703, 0]

 ### Operon type: 395

	 A0A011P407	[0, 0, 739, 835, 0, 0, 738, 0, 737]

 ### Operon type: 396

	 A0A011QGT2	[783, 0, 0, 570, 569, 0, 0, 0, 0]

 ### Operon type: 397

	 A0A011QSA4	[828, 0, 827, 826, 0, 0, 0, 0, 825]

 ### Operon type: 398

	 A0A011T6J6	[0, 769, 0, 723, 0, 0, 320, 0, 319]

 ### Operon type: 399

	 A0A011TAL2	[0, 746, 0, 0, 0, 306, 0, 601, 0]

 ### Operon type: 400

	 A0A011TZG0	[573, 767, 0, 0, 0, 0, 0, 531, 0]

 ### Operon type: 401

	 A0A011UGY3	[480, 479, 478, 53, 0, 0, 0, 53, 0]

 ### Operon type: 402

	 A0A011UII7	[0, 0, 0, 0, 0, 606, 371, 0, 0]

 ### Operon type: 403

	 A0A011UNT9	[365, 382, 0, 0, 0, 0, 0, 0, 0]

 ### Operon type: 404

	 A0A011SIS0	[0, 755, 383, 383, 0, 0, 0, 382, 0]

 ### Operon type: 405

	 A0A011UT49	[0, 75, 0, 0, 0, 0, 536, 157, 0]

 ### Operon type: 406

	 A0A011VU65	[150, 0, 0, 0, 0, 149, 0, 585, 311]

 ### Operon type: 407

	 A0A011VV03	[0, 492, 0, 0, 491, 490, 0, 0, 0]

 ### Operon type: 408

	 A0A011VVZ9	[0, 0, -1, 0, 0, 489, 488, 488, 487]

 ### Operon type: 409

	 A0A011VWX7	[802, 451, 0, 0, 0, 0, 0, 830, 0]

 ### Operon type: 410

	 A0A011VXK7	[837, 837, 0, 643, 0, 0, 0, 771, 0]

 ### Operon type: 411

	 A0A011W0I6	[334, 0, 0, 0, 0, 562, 0, 707, 0]

 ### Operon type: 412

	 A0A010YEF6	[0, 334, 0, 0, 0, 0, 0, 0, 40]

 ### Operon type: 413

	 A0A013SQH1	[0, 0, 0, 0, 475, 529, 0, 679, 686]

 ### Operon type: 414

	 A0A009QJA8	[111, 110, 0, 0, 0, 0, 0, 0, 795]

 ### Operon type: 415

	 A0A009YL68	[0, 0, 738, 389, 385, 0, 0, 4, 0]

 ### Operon type: 416

	 A0A010JNG7	[679, 0, 0, 678, 0, 0, 0, 0, 0]

 ### Operon type: 417

	 A0A010RM40	[784, 783, 782, 0, 0, 0, 0, -1, 781]

 ### Operon type: 418

	 A0A010RRQ6	[0, 780, 0, 0, 0, 786, 779, 778, 0]

 ### Operon type: 419

	 A0A010S423	[320, 0, 0, 0, 0, 0, 0, 274, 841]

 ### Operon type: 420

	 A0A010T0I7	[0, 0, 40, 0, 0, 724, 827, 783, 0]

 ### Operon type: 421

	 A0A010ZUR7	[492, 23, 0, 23, 0, 22, 633, 0, 0]

 ### Operon type: 422

	 A0A011NA78	[0, 687, 0, 0, 0, 818, 0, 0, 781]

 ### Operon type: 423

	 A0A011P8W7	[721, 739, 802, 0, 720, 0, 0, 0, 0]

 ### Operon type: 424

	 A0A011PG97	[588, 0, 0, 587, 0, 0, 0, 0, 0]

 ### Operon type: 425

	 A0A011PKT4	[0, 529, 0, 0, 0, 0, 528, 0, 0]

 ### Operon type: 426

	 A0A011PLB2	[0, 721, 0, 530, 0, 0, 0, 0, 0]

 ### Operon type: 427

	 A0A011R339	[0, 0, 0, 0, 0, 0, 439, 438, 0]

 ### Operon type: 428

	 A0A011SFE5	[0, 0, 0, 837, 0, 0, 836, 835, 834]

 ### Operon type: 429

	 A0A011SJT5	[0, 0, 0, 487, 381, 381, 381, 381, 381]

 ### Operon type: 430

	 A0A011TDQ5	[0, 0, 0, 0, 304, 564, 0, 0, 0]

 ### Operon type: 431

	 A0A011VT01	[0, 0, 151, 0, 0, 151, 0, 0, 287]

 ### Operon type: 432

	 A0A009Z3V9	[783, 0, 0, 0, 0, 299, 571, 300, 301]

 ### Operon type: 433

	 A0A010SRB2	[43, 42, 0, 0, 0, 42, 146, 0, 0]

 ### Operon type: 434

	 A0A010KA25	[668, 0, 829, 618, 391, 0, 0, 668, 390]

 ### Operon type: 435

	 A0A011TZN1	[429, 428, 427, 0, 426, 0, 0, 0, 0]

 ### Operon type: 436

	 A0A011VJ76	[158, 158, 157, 703, 0, 783, 573, 0, 739]

 ### Operon type: 437

	 A0A011UG17	[284, 0, 340, 0, 485, 150, 0, 0, 0]

 ### Operon type: 438

	 A0A011WUA8	[752, 0, 0, 223, 0, 0, 0, 222, 222]

 ### Operon type: 439

	 A0A010S4X6	[0, 273, 782, 742, 395, 0, 602, 527, 785]

 ### Operon type: 440

	 A0A010YY02	[0, 7, 0, 0, 7, 454, 6, 0, 9]
