
 ### Operon type: 1

	 A0A011PVT3	[630, 629, 628, 627, 626, 625, 624, 623, 622]
	 A0A011R7V7	[630, 629, 628, 627, 626, 625, 624, 623, 622]
	 A0A011MET3	[630, 629, 628, 627, 626, 625, 624, 623, 622]

 ### Operon type: 2

	 A0A011UIA1	[361, 360, 359, 358, 357, 356, 355, 354, 0]
	 A0A011V5V3	[0, 361, 360, 359, 358, 357, 356, 355, 354]

 ### Operon type: 3

	 A0A011PTE7	[562, 561, 560, 559, 558, 0, 557, 556, 555]
	 A0A011NE72	[562, 561, 560, 559, 558, 557, 556, 555, 0]

 ### Operon type: 4

	 A0A011NEY3	[341, 665, 664, 663, 663, 662, 661, 660, 0]

 ### Operon type: 5

	 A0A011PAN4	[665, 664, 0, 663, 663, 662, 661, 660, 659]

 ### Operon type: 6

	 A0A011RCD5	[341, 665, 664, 663, 663, 662, 661, 660, 659]

 ### Operon type: 7

	 A0A010JSI3	[525, 524, 523, 522, 521, 520, 519, 518, 0]
	 A0A009RGL2	[0, 524, 523, 522, 521, 520, 519, 518, 0]
	 A0A013T0M4	[525, 524, 523, 522, 521, 520, 519, 518, 0]
	 A0A009HDS5	[525, 524, 523, 522, 521, 520, 519, 518, 0]

 ### Operon type: 8

	 A0A011PF67	[656, 655, 654, 653, 652, 0, 0, 0, 0]
	 A0A011NBX7	[656, 655, 654, 653, 652, 500, 0, 0, 0]
	 A0A011NW66	[656, 655, 654, 653, 652, 500, 0, 0, 0]

 ### Operon type: 9

	 A0A011NS68	[656, 655, 654, 653, 652, 481, 480, 487, 685]
	 A0A011RHX4	[656, 655, 654, 653, 652, 481, 480, 487, 0]

 ### Operon type: 10

	 A0A010JY00	[296, 504, 514, 378, 295, 576, 375, 579, 395]

 ### Operon type: 11

	 A0A013TH30	[504, 514, 378, 377, 376, 576, 375, 579, 395]

 ### Operon type: 12

	 A0A011QAS2	[0, 539, 538, 537, 536, 535, 534, 533, 532]
	 A0A011NEQ1	[0, 539, 538, 537, 536, 535, 534, 533, 532]

 ### Operon type: 13

	 A0A011QSF0	[0, 649, 648, 647, 646, 645, 644, 586, 0]
	 A0A011QBB5	[650, 649, 648, 647, 646, 645, 644, 586, 474]
	 A0A011Q0X6	[650, 649, 648, 647, 646, 645, 644, 586, 474]
	 A0A011Q1X8	[649, 0, 648, 647, 646, 645, 644, 586, 474]

 ### Operon type: 14

	 A0A011PG87	[650, 649, 648, 647, 646, 645, 644, 0, 0]

 ### Operon type: 15

	 A0A010K6G6	[291, 290, 289, 288, 287, 286, 285, 0, 284]
	 A0A013SP43	[291, 290, 289, 288, 287, 286, 285, 250, 284]
	 A0A009RUN3	[291, 290, 289, 288, 287, 286, 285, 250, 284]

 ### Operon type: 16

	 A0A009SZB5	[0, 0, 126, 125, 124, 0, 0, 0, 123]
	 A0A009HR98	[0, 0, 126, 125, 124, 0, 0, 0, 123]

 ### Operon type: 17

	 A0A009Z8F7	[48, 126, 49, 0, 124, 4, 4, 0, 0]

 ### Operon type: 18

	 A0A011QIT1	[611, 610, 609, 687, 608, 607, 606, 605, 604]
	 A0A011QUG8	[611, 610, 609, 687, 608, 607, 0, 606, 605]

 ### Operon type: 19

	 A0A011QAB0	[544, 543, 542, 0, 541, 634, 706, 540, 0]
	 A0A011PL71	[476, 544, 543, 542, 541, 634, 706, 540, 0]

 ### Operon type: 20

	 A0A011PIY7	[553, 0, 632, 567, 568, 569, 570, 0, 572]

 ### Operon type: 21

	 A0A011Q3J4	[0, 553, 632, 567, 568, 569, 570, 571, 0]

 ### Operon type: 22

	 A0A011MH88	[489, 553, 632, 567, 568, 569, 570, 571, 572]

 ### Operon type: 23

	 A0A009QBR9	[0, 0, 444, 385, 443, 0, 0, 439, 156]
	 A0A009TM70	[0, 445, 444, 385, 443, 0, 0, 439, 156]

 ### Operon type: 24

	 A0A010ILU3	[446, 445, 444, 0, 443, 442, 441, 440, 439]
	 A0A009MW50	[0, 445, 444, 385, 443, 442, 0, 440, 439]
	 A0A009QS71	[446, 445, 444, 385, 443, 442, 0, 440, 439]
	 A0A009H3B0	[0, 445, 444, 0, 443, 442, 441, 440, 439]

 ### Operon type: 25

	 A0A009I8S2	[0, 0, 444, 385, 443, 442, 440, 439, 156]

 ### Operon type: 26

	 A0A009ICH6	[420, 98, 97, 57, 295, 47, 46, 45, 579]
	 A0A009ZFR5	[420, 98, 97, 57, 295, 47, 46, 45, 579]

 ### Operon type: 27

	 A0A009GP96	[0, 83, 621, 508, 283, 82, 459, 81, 80]

 ### Operon type: 28

	 A0A009GSR4	[508, 283, 82, 459, 81, 80, 80, 79, 0]

 ### Operon type: 29

	 A0A009IIT6	[83, 621, 508, 283, 81, 80, 80, 79, 0]

 ### Operon type: 30

	 A0A009IS10	[187, 0, 0, 0, 186, 185, 184, 0, 0]

 ### Operon type: 31

	 A0A009QHW5	[0, 0, 0, 446, 186, 185, 184, 0, 100]

 ### Operon type: 32

	 A0A011UVB4	[0, 0, 0, 116, 0, 0, 187, 0, 105]

 ### Operon type: 33

	 A0A011TLH7	[352, 351, 350, 0, 0, 0, 0, 0, 0]
	 A0A011UG87	[350, 351, 352, 0, 0, 0, 0, 0, 0]

 ### Operon type: 34

	 A0A011QIE8	[618, 617, 616, 615, 614, 613, 612, 0, 0]
	 A0A011QDV3	[618, 617, 616, 615, 614, 613, 475, 0, 612]

 ### Operon type: 35

	 A0A011NYU6	[472, 471, 0, 470, 565, 16, 15, 0, 469]

 ### Operon type: 36

	 A0A011PYI6	[472, 471, 0, 470, 565, 469, 513, 694, 0]

 ### Operon type: 37

	 A0A011P1C0	[0, 0, 16, 15, 469, 0, 0, 0, 0]

 ### Operon type: 38

	 A0A011PP01	[575, 574, 573, 0, 0, 0, 0, 0, 0]
	 A0A011NVE7	[575, 574, 573, 0, 0, 0, 0, 0, 0]

 ### Operon type: 39

	 A0A013TH43	[374, 0, 0, 0, 373, 372, 371, 0, 400]
	 A0A009RAF0	[374, 0, 0, 0, 373, 372, 371, 0, 400]

 ### Operon type: 40

	 A0A013S8V2	[263, 262, 0, 0, 0, 261, 0, 0, 0]
	 A0A009R8E1	[0, 29, 0, 263, 262, 0, 0, 261, 0]

 ### Operon type: 41

	 A0A009QFZ7	[393, 392, 0, 0, 389, 0, 387, 386, 0]
	 A0A009TK03	[393, 392, 0, 0, 389, 0, 387, 386, 0]

 ### Operon type: 42

	 A0A013SPM5	[393, 392, 391, 390, 389, 388, 387, 386, 0]
	 A0A010IX62	[393, 392, 391, 390, 389, 0, 387, 386, 0]
	 A0A009MH71	[393, 392, 0, 390, 389, 388, 387, 386, 0]
	 A0A009HSL1	[393, 392, 391, 390, 389, 0, 387, 386, 0]

 ### Operon type: 43

	 A0A009I6Z0	[393, 392, 0, 390, 389, 0, 387, 386, 94]

 ### Operon type: 44

	 A0A009ZIX8	[0, 5, 391, 390, 389, 14, 0, 94, 0]

 ### Operon type: 45

	 A0A009I573	[64, 0, 134, 135, 0, 136, 153, 137, 138]

 ### Operon type: 46

	 A0A009ILP9	[139, 0, 138, 137, 153, 136, 150, 135, 134]

 ### Operon type: 47

	 A0A009I953	[139, 0, 138, 137, 153, 136, 150, 0, -1]

 ### Operon type: 48

	 A0A009QEG7	[155, 154, 0, 0, 153, 152, 151, 0, 150]
	 A0A009IPC3	[155, 154, 0, 0, 153, 152, 151, 0, 150]

 ### Operon type: 49

	 A0A009SX74	[642, 685, 0, 135, 150, 139, 154, 155, 0]

 ### Operon type: 50

	 A0A010JWJ1	[0, 301, 621, 0, 300, 299, 298, 297, 0]
	 A0A009I4A1	[0, 301, 621, 0, 300, 299, 298, 297, 0]

 ### Operon type: 51

	 A0A009QF22	[104, 103, 102, 0, 300, 299, 298, 297, 101]
	 A0A009TBY8	[104, 103, 102, 73, 300, 299, 298, 297, 101]

 ### Operon type: 52

	 A0A009ITT8	[183, 182, 181, 303, 302, 180, 179, 178, 177]

 ### Operon type: 53

	 A0A009NJ90	[183, 182, 181, 303, 0, 145, 180, 179, 178]

 ### Operon type: 54

	 A0A009HZK2	[304, 303, 302, 0, 0, 0, 0, 0, 0]

 ### Operon type: 55

	 A0A009IJ07	[306, 305, 304, 303, 302, 0, 0, 0, 0]

 ### Operon type: 56

	 A0A009S6G1	[306, 305, 304, 303, 302, 179, 178, 177, 149]

 ### Operon type: 57

	 A0A009S5A5	[302, 145, 180, 179, 178, 177, 65, 55, 149]

 ### Operon type: 58

	 A0A013TCN9	[385, 384, 383, 382, 381, 380, 379, 621, 615]
	 A0A009NIJ3	[385, 384, 383, 382, 381, 380, 379, 621, 615]
	 A0A009QNC9	[385, 384, 383, 382, 381, 380, 379, 621, 615]
	 A0A010ITG1	[385, 384, 383, 382, 381, 380, 379, 621, 615]
	 A0A013TRC1	[385, 384, 383, 382, 381, 380, 379, 621, 615]

 ### Operon type: 59

	 A0A009H935	[0, 0, 383, 382, 381, 380, 379, 621, 615]

 ### Operon type: 60

	 A0A009PJF7	[207, 206, 206, 205, 204, 203, 202, 201, 200]
	 A0A009SJZ7	[116, 207, 206, 205, 204, 203, 202, 201, 200]

 ### Operon type: 61

	 A0A009Z5G0	[203, 205, 206, 0, 406, 207, 116, 249]

 ### Operon type: 62

	 A0A010JJC1	[691, 453, 452, 451, 450, 449, 448, 458, 447]
	 A0A010IZ41	[453, 452, 451, 450, 449, 448, 458, 447, 289]

 ### Operon type: 63

	 A0A009QJL6	[691, 453, 452, 451, 0, 447, 289, 99, 0]

 ### Operon type: 64

	 A0A011P2I4	[634, 633, 632, 0, 0, 0, 0, 0, 0]
	 A0A011N9N8	[634, 633, 632, 0, 0, 0, 0, 0, 0]

 ### Operon type: 65

	 A0A009PIB4	[0, 0, 0, 171, 170, 169, 459, 621, 634]
	 A0A009SLR5	[0, 0, 0, 171, 170, 169, 459, 621, 634]

 ### Operon type: 66

	 A0A009HSU4	[0, 0, 463, 621, 0, 633, 682, 634, 459]

 ### Operon type: 67

	 A0A011SF89	[699, 698, 697, 0, 0, 0, 0, 0, 0]

 ### Operon type: 68

	 A0A011UCX7	[0, 544, 699, 698, 0, 697, 312, 0, 0]

 ### Operon type: 69

	 A0A011NYT4	[678, 677, 676, 675, 0, 468, 468, 467, 466]

 ### Operon type: 70

	 A0A011P8E9	[0, 0, 678, 677, 0, 676, 675, 0, 0]

 ### Operon type: 71

	 A0A010TF34	[0, -1, 0, 0, 34, 33, 32, 31, 30]
	 A0A010SYH9	[34, 33, 32, 31, 30, 0, 0, 0, 0]

 ### Operon type: 72

	 A0A010S7A1	[72, 71, 70, 69, 0, 68, 0, 0, 0]
	 A0A010TFJ4	[0, -1, 0, 72, 71, 70, 69, -1, 68]

 ### Operon type: 73

	 A0A009ICP5	[199, 278, 503, 198, 197, 0, 0, 195, 0]

 ### Operon type: 74

	 A0A009MMG9	[199, 278, 503, 198, 197, 0, 196, 195, 402]

 ### Operon type: 75

	 A0A009HTW0	[0, 118, 119, 0, 197, 0, 0, 195, 0]
	 A0A009QLL2	[0, 118, 119, 0, 197, 0, 0, 195, 0]

 ### Operon type: 76

	 A0A009SIV4	[117, 118, 119, 63, 197, 62, 0, 195, 402]

 ### Operon type: 77

	 A0A013TSJ4	[118, 119, 0, 63, 197, 0, 0, 195, 402]

 ### Operon type: 78

	 A0A009Z3V9	[621, 0, 0, 0, 0, 119, 462, 118, 117]

 ### Operon type: 79

	 A0A009T0Q9	[0, 0, 0, 0, 122, 254, 489, 621, 121]

 ### Operon type: 80

	 A0A009YJF4	[0, 467, 466, 26, 74, 489, 621, 0, 121]

 ### Operon type: 81

	 A0A009PAV9	[225, -1, 503, 224, 332, 459, 223, 222, 221]
	 A0A009HJC2	[225, 615, 503, 224, 332, 459, 223, 222, 221]

 ### Operon type: 82

	 A0A009SE02	[0, 221, 0, 0, 0, 222, 223, 459, 332]

 ### Operon type: 83

	 A0A011QNA5	[0, 601, 600, 599, 0, 598, 597, 596, 595]
	 A0A009ZLJ7	[595, 596, 597, 598, 0, 0, 601, 600, 599]

 ### Operon type: 84

	 A0A013T0T6	[598, 597, 596, 595, 438, 437, 397, 436, 396]
	 A0A009QMH5	[598, 597, 596, 595, 438, 437, 397, 436, 396]
	 A0A009HAX1	[598, 597, 596, 595, 438, 437, 397, 436, 396]

 ### Operon type: 85

	 A0A010ILW6	[598, 597, 596, 595, 438, 437, 0, 0, 436]

 ### Operon type: 86

	 A0A009Z9X7	[597, 596, 595, 0, 438, 0, 582, 0, 436]

 ### Operon type: 87

	 A0A009PE10	[0, 0, 0, 595, 438, 216, 397, 436, -1]

 ### Operon type: 88

	 A0A009RSB7	[682, 420, 666, 417, 208, 621, 621, 415, 414]
	 A0A009SYU8	[682, 420, 666, 417, 208, 621, 621, 415, 414]
	 A0A009HS41	[682, 420, 666, 417, 208, 621, 621, 415, 414]

 ### Operon type: 89

	 A0A010IT25	[682, 420, 666, 417, 416, 621, 621, 415, 414]
	 A0A013SHA9	[682, 420, 666, 417, 416, 621, 621, 415, 414]
	 A0A009I466	[682, 420, 666, 417, 416, 621, 621, 415, 414]

 ### Operon type: 90

	 A0A009NMQ9	[682, 420, 666, 417, 416, 0, 621, 621, 415]

 ### Operon type: 91

	 A0A009P8A9	[0, 0, 666, 417, 208, 621, 621, 415, 414]

 ### Operon type: 92

	 A0A011PGU1	[0, 0, 641, 640, 639, 638, 637, 636, 635]
	 A0A011MDH1	[465, 0, 641, 640, 639, 638, 637, 636, 635]

 ### Operon type: 93

	 A0A011V0P4	[369, 368, 0, 0, 367, 0, 0, 366, 365]

 ### Operon type: 94

	 A0A011WPV7	[366, 365, 0, 0, 0, 0, 0, 0, 0]

 ### Operon type: 95

	 A0A011RNP9	[0, 0, 0, 0, 0, 707, 706, 0, 0]

 ### Operon type: 96

	 A0A011V0B5	[702, 0, 0, 0, 0, 0, 707, 0, 0]

 ### Operon type: 97

	 A0A011RQC9	[0, 702, 701, 0, 0, 0, 0, 700, 0]

 ### Operon type: 98

	 A0A011QG28	[593, 592, 640, 0, 639, 638, 673, 591, 674]
	 A0A011RIM8	[593, 592, 0, 0, 639, 638, 673, 591, 674]

 ### Operon type: 99

	 A0A011PHI6	[690, 0, 689, 0, 0, 688, 687, 686, 0]

 ### Operon type: 100

	 A0A011QI68	[0, 0, 689, 688, 0, 0, 0, 0, 0]

 ### Operon type: 101

	 A0A011P700	[0, 0, 680, 679, 0, 0, 0, 0, 0]

 ### Operon type: 102

	 A0A011QSI4	[0, 0, 680, 679, 585, 0, 0, 0, 0]

 ### Operon type: 103

	 A0A011NVJ6	[492, 530, 529, 528, 527, 526, 0, 0, 491]

 ### Operon type: 104

	 A0A011PVP2	[0, 530, 529, 528, 527, 526, 0, 0, 630]

 ### Operon type: 105

	 A0A011NXY7	[0, 0, 529, 0, 527, 0, 0, 0, 0]

 ### Operon type: 106

	 A0A011QR69	[581, 580, 579, 578, 577, 576, 0, 0, 0]
	 A0A011NUB4	[581, 580, 579, 578, 577, 576, 0, 494, 0]

 ### Operon type: 107

	 A0A011NN36	[580, 579, 0, 0, 577, 576, 0, 0, 0]

 ### Operon type: 108

	 A0A011PK69	[579, 479, 0, 0, 577, 576, 0, 0, 0]

 ### Operon type: 109

	 A0A011RMI6	[716, 715, 714, 713, 712, 711, 710, 709, 708]
	 A0A011NYD6	[716, 715, 714, 713, 712, 711, 710, 709, 708]

 ### Operon type: 110

	 A0A011QB28	[531, 716, 715, 0, 0, 711, 710, 709, 708]

 ### Operon type: 111

	 A0A011NF33	[0, 711, 710, 0, 0, 0, 0, 0, 0]

 ### Operon type: 112

	 A0A011NBY4	[499, 0, 0, 498, 0, 0, 497, 0, 0]

 ### Operon type: 113

	 A0A011WRT0	[499, 0, 0, 0, 0, 0, 0, 694, 0]

 ### Operon type: 114

	 A0A011SHV5	[0, 0, 0, 0, 0, 692, 694, 691, 0]

 ### Operon type: 115

	 A0A011NB95	[0, 583, 0, 0, 0, 0, 503, 502, 501]

 ### Operon type: 116

	 A0A011UHT4	[99, 115, 502, 0, 0, 36, 36, 501, 0]

 ### Operon type: 117

	 A0A010Z1W7	[0, 0, 0, 0, 0, 40, 0, 337, 338]

 ### Operon type: 118

	 A0A011VY84	[0, 0, 338, 337, 0, 0, 0, 0, 0]

 ### Operon type: 119

	 A0A010YW85	[0, 0, 0, 0, 0, 319, 0, 337, 338]

 ### Operon type: 120

	 A0A010ZMA0	[337, 507, 0, 0, 0, 0, 0, 0, 0]

 ### Operon type: 121

	 A0A011N5L2	[0, 0, 0, 507, 0, 506, 505, 0, 0]

 ### Operon type: 122

	 A0A010SQJ5	[268, 198, 0, 348, 347, 346, 0, 0, 0]

 ### Operon type: 123

	 A0A010STD3	[0, 0, 0, 348, 347, 346, 0, 415, 243]

 ### Operon type: 124

	 A0A011TD67	[349, 0, 0, 348, 347, 346, 345, 0, 344]

 ### Operon type: 125

	 A0A009ZC12	[0, 0, 0, 348, 0, 346, 345, 3, 588]

 ### Operon type: 126

	 A0A010RFQ9	[0, 0, 517, 0, 516, 0, 0, 0, 0]

 ### Operon type: 127

	 A0A010SPR9	[24, 24, 0, 0, 0, 516, 0, 0, 0]

 ### Operon type: 128

	 A0A013S288	[0, 0, 0, 273, 332, 272, 271, 0, 270]
	 A0A010J3I1	[0, 0, 0, 273, 332, 272, 271, 0, 270]

 ### Operon type: 129

	 A0A013SXT2	[309, 233, 232, 273, 332, 272, 271, 231, 270]
	 A0A009PWG1	[309, 233, 232, 273, 332, 272, 271, 231, 270]

 ### Operon type: 130

	 A0A009ZJK4	[0, 0, 0, 0, 0, 0, 420, 20, 0]

 ### Operon type: 131

	 A0A010SVN1	[-1, 20, 621, 193, 307, 0, 0, 420, 0]

 ### Operon type: 132

	 A0A009IMX3	[426, 0, 424, 0, 422, 131, 131, 694, 130]
	 A0A009SF48	[426, 0, 424, 0, 422, -1, 131, 694, 130]

 ### Operon type: 133

	 A0A009QEX0	[426, 425, 424, 423, 422, 131, 131, 694, 130]

 ### Operon type: 134

	 A0A010ISX2	[426, 425, 424, 423, 422, 421, 420, 419, 418]
	 A0A009RES7	[426, 425, 424, 423, 422, 421, 420, 419, 418]
	 A0A013S7V1	[426, 425, 424, 423, 422, 421, 420, 419, 418]
	 A0A009MR00	[426, 425, 424, 423, 422, 421, 420, 419, 418]

 ### Operon type: 135

	 A0A009GYP9	[0, 0, 0, 423, 422, 421, 420, 419, 418]

 ### Operon type: 136

	 A0A009YTT3	[0, 0, 0, 0, 0, 0, 420, 419, 418]

 ### Operon type: 137

	 A0A009PFK7	[215, 214, 213, 212, 211, 0, 0, 210, 0]
	 A0A009QGN4	[215, 214, 213, 212, 211, 210, 0, 0, 0]

 ### Operon type: 138

	 A0A009YR20	[0, 210, 0, 0, 0, 0, 214, 0, 0]

 ### Operon type: 139

	 A0A013SB36	[260, 259, 258, 257, 256, 0, 466, 255, 254]
	 A0A009QSI3	[260, 259, 258, 257, 256, 0, 466, 255, -1]

 ### Operon type: 140

	 A0A010ITP2	[260, 259, 258, 257, 256, 0, 466, 0, 0]

 ### Operon type: 141

	 A0A009SII9	[-1, 259, 258, 257, 0, 0, 0, 0, 122]

 ### Operon type: 142

	 A0A009HZV2	[0, 0, 0, 0, 141, 140, 145, 0, 0]

 ### Operon type: 143

	 A0A009QPE7	[0, 0, 0, 0, 141, 140, 0, 0, 0]

 ### Operon type: 144

	 A0A009GXL8	[77, 76, 75, 0, 74, 73, 144, 143, 142]

 ### Operon type: 145

	 A0A010JIW7	[77, 76, 75, 0, 74, 0, 0, 144, 143]

 ### Operon type: 146

	 A0A009MGR3	[0, 0, 160, 0, 394, 55, 51, 219, 218]

 ### Operon type: 147

	 A0A009Q4G0	[0, 161, 160, 0, 394, 0, 219, 218, 219]

 ### Operon type: 148

	 A0A009PUJ8	[0, 220, 0, 0, 0, 217, 144, 143, 142]

 ### Operon type: 149

	 A0A009QJA8	[143, 142, 0, 0, 0, 0, 0, 0, 0]

 ### Operon type: 150

	 A0A009PB53	[0, 0, 220, 0, 0, 219, 218, 219, 217]

 ### Operon type: 151

	 A0A013RZW2	[420, 276, 0, 275, 274, 332, 289, 0, 0]
	 A0A013SNJ8	[420, 0, 0, 275, 274, 332, 289, 0, 0]
	 A0A010J9U3	[420, 0, 0, 275, 274, 332, 289, 0, 0]
	 A0A009SIZ4	[420, 276, 0, 275, 274, 0, 289, 176, 0]
	 A0A009RD69	[420, 276, 0, 275, 274, 332, 289, 176, 0]

 ### Operon type: 152

	 A0A009PH20	[0, 0, 439, 275, 274, 332, 289, 0, 0]
	 A0A009IV03	[0, 0, 439, 275, 274, 0, 289, 0, 0]

 ### Operon type: 153

	 A0A009YIZ0	[420, 276, 439, 275, 274, 332, 289, 176, 86]

 ### Operon type: 154

	 A0A009QA91	[159, 158, 682, 621, 334, 334, 157, 269, 193]
	 A0A010J377	[159, 158, 682, 621, 334, 334, 157, 269, 193]

 ### Operon type: 155

	 A0A009MVG4	[194, 0, 335, 621, 334, 334, 0, 269, 193]
	 A0A009QQC0	[0, 0, 194, 621, 334, 334, 0, 269, 193]

 ### Operon type: 156

	 A0A009H7I0	[0, 0, 0, 621, 334, 334, 157, 269, 193]

 ### Operon type: 157

	 A0A009S1X4	[159, 158, 682, 621, 334, 334, 621, 0, 56]

 ### Operon type: 158

	 A0A013SHF4	[0, 0, 335, 621, 334, 334, 0, 333, 0]

 ### Operon type: 159

	 A0A009H7U0	[435, 673, 0, 434, 433, 432, 431, 0, 0]

 ### Operon type: 160

	 A0A010IMP8	[435, 0, 0, 434, 433, 432, 431, 0, 430]

 ### Operon type: 161

	 A0A013SZ54	[435, 0, 340, 434, 433, 0, 0, 0, 0]

 ### Operon type: 162

	 A0A009ZM43	[-1, 673, 340, 434, 433, 432, 431, 58, 430]

 ### Operon type: 163

	 A0A009YSC7	[0, 0, 497, 1, 0, 1, 245, 244, 0]

 ### Operon type: 164

	 A0A013RVV2	[385, 0, 245, 244, 0, 0, 0, 243, 0]

 ### Operon type: 165

	 A0A011Q5S3	[604, 552, 0, 0, 0, 0, 551, 550, 549]

 ### Operon type: 166

	 A0A011UZZ4	[0, 551, 550, 0, 0, 0, 370, 370, 549]

 ### Operon type: 167

	 A0A010YKP2	[0, 0, 0, 0, 0, 0, 491, 364, 0]

 ### Operon type: 168

	 A0A011V1A2	[368, 0, 0, 364, 0, 0, 0, 0, 0]

 ### Operon type: 169

	 A0A011Q2B1	[0, 0, 0, 0, 0, 722, 721, 720, 719]

 ### Operon type: 170

	 A0A011RLN8	[0, 0, 0, 724, 723, 722, 721, 720, 719]

 ### Operon type: 171

	 A0A011NGS0	[0, 0, 0, 0, 484, 668, 0, 0, 0]

 ### Operon type: 172

	 A0A011PW61	[0, 0, 0, 0, 484, 668, 0, 0, 473]

 ### Operon type: 173

	 A0A011UXI1	[0, 477, 0, 0, 484, 668, 343, 0, 0]

 ### Operon type: 174

	 A0A011SWI9	[-1, -1, 0, 690, 484, 668, 343, -1, -1]

 ### Operon type: 175

	 A0A011P952	[668, 0, 667, 0, 0, 667, 0, 0, 0]

 ### Operon type: 176

	 A0A011NSG8	[0, 0, 0, 686, 496, 495, 0, 496, 0]

 ### Operon type: 177

	 A0A011P0X4	[0, 0, 465, 0, 496, 0, 0, 495, 29]

 ### Operon type: 178

	 A0A009MJ75	[0, 0, 164, 163, 162, 0, 0, 0, 508]

 ### Operon type: 179

	 A0A010IH51	[0, 402, 0, 0, 162, 0, 508, 0, 0]

 ### Operon type: 180

	 A0A010YNY9	[0, 0, 41, 17, 0, 0, 0, 0, 91]

 ### Operon type: 181

	 A0A011AC71	[56, 0, 0, 310, 0, 41, 17, 0, 682]

 ### Operon type: 182

	 A0A011QLX0	[0, 603, 0, 0, 602, 0, 715, 714, 0]
	 A0A011PRW6	[603, 0, 0, 0, 602, 715, 714, 0, 0]

 ### Operon type: 183

	 A0A010SML6	[0, 715, 714, -1, 0, 685, 0, 0, 0]

 ### Operon type: 184

	 A0A009P817	[168, 0, 0, 0, 167, 0, 321, 166, 165]

 ### Operon type: 185

	 A0A009TIY0	[0, 0, 0, 0, 167, 0, 321, 166, 0]

 ### Operon type: 186

	 A0A009QKA3	[321, 166, 0, 165, 0, 0, 0, 0, 215]

 ### Operon type: 187

	 A0A009S854	[-1, 0, 0, 128, 247, 0, 0, 0, 246]

 ### Operon type: 188

	 A0A013RMD0	[-1, 0, 511, 0, 247, 517, 0, 0, 246]

 ### Operon type: 189

	 A0A009HFU9	[0, 85, 0, 0, 84, 459, 0, 0, 0]
	 A0A009R016	[0, 85, 0, 0, 84, -1, 459, 0, 0]

 ### Operon type: 190

	 A0A009HSR2	[0, 61, 60, 0, 59, 189, 190, 145, 191]

 ### Operon type: 191

	 A0A009SWM1	[0, 61, 60, 0, 59, 0, 0, 190, 0]

 ### Operon type: 192

	 A0A009MYX0	[192, 191, 0, 463, 0, 0, 190, 189, 188]

 ### Operon type: 193

	 A0A009QK79	[0, 0, 188, 189, 0, 190, 0, 0, 191]

 ### Operon type: 194

	 A0A009GXJ1	[363, 362, 189, 190, 78, 145, 191, 192, 0]

 ### Operon type: 195

	 A0A010IT95	[0, 0, 0, 459, 413, 412, 411, 410, 409]
	 A0A013TKW8	[0, 657, 0, 459, 413, 412, 411, 410, 409]
	 A0A009PRQ9	[0, 459, 172, 0, 413, 412, 411, 410, 409]
	 A0A009QT77	[0, 0, -1, 459, 413, 412, 411, 410, 409]
	 A0A009MH36	[0, 0, 0, 459, 413, 412, 411, 410, 409]
	 A0A009GWD0	[145, 0, 0, 459, 413, 412, 411, 410, 409]
	 A0A009I5G9	[0, 0, 459, 172, 413, 412, 411, 410, 409]
	 A0A009S0T6	[0, 0, 459, 172, 413, 412, 411, 410, 409]

 ### Operon type: 196

	 A0A013TMJ7	[615, -1, 0, 459, 413, 410, 409, 0, 0]

 ### Operon type: 197

	 A0A009HJJ5	[251, 457, 456, 0, 455, 454, 0, 675, 50]
	 A0A009I8I7	[251, 457, 456, 52, 455, 454, 0, 675, 50]

 ### Operon type: 198

	 A0A010JJN4	[0, 457, 456, 0, 455, 454, 0, 675, 505]
	 A0A013TPR7	[251, 457, 456, 0, 455, 454, 0, 675, 505]
	 A0A009PMT3	[251, 457, 456, 0, 455, 454, 174, 675, 505]
	 A0A009RMI1	[0, 457, 456, 0, 455, 454, 0, 675, 0]
	 A0A009YG45	[0, 251, 457, 456, 455, 0, 454, 174, 675]

 ### Operon type: 199

	 A0A009SEP4	[251, 457, 456, 52, 455, 0, 454, 174, 0]

 ### Operon type: 200

	 A0A009NI48	[251, 457, 456, 0, 455, 0, 0, 0, -1]

 ### Operon type: 201

	 A0A011WLE7	[0, 0, 0, 0, 0, 226, 0, 0, 0]
	 A0A011VU44	[0, 0, 0, 0, 0, 226, 0, 0, 0]

 ### Operon type: 202

	 A0A011VAP2	[0, 0, 111, 0, 0, 0, 0, 0, 241]

 ### Operon type: 203

	 A0A011VRJ8	[0, 0, 0, 0, 0, 0, 111, 0, 0]

 ### Operon type: 204

	 A0A011RNU1	[0, 0, 0, 0, 0, 0, 705, 705, 704]

 ### Operon type: 205

	 A0A011VKJ9	[0, 0, 0, 0, 0, 0, 704, 705, -1]

 ### Operon type: 206

	 A0A011V490	[0, 327, 0, 0, 0, 0, 0, 0, 0]
	 A0A011WT35	[327, 0, 0, 0, 0, 0, 0, 0, 0]

 ### Operon type: 207

	 A0A009T185	[580, 0, 554, 554, 428, 579, 554, 427, 526]

 ### Operon type: 208

	 A0A010IN36	[429, 615, 0, 0, 428, 579, 554, 427, 526]

 ### Operon type: 209

	 A0A009PG43	[579, 554, 209, 670, 0, 427, 526, 0, 0]

 ### Operon type: 210

	 A0A011PQZ7	[0, 0, 0, 566, 565, 0, 564, 0, 0]

 ### Operon type: 211

	 A0A011TUX4	[0, 0, 0, 0, 565, 0, 0, 564, 0]

 ### Operon type: 212

	 A0A011STZ9	[0, 0, 0, 564, 0, 0, 0, 0, 0]

 ### Operon type: 213

	 A0A011PUJ9	[0, 0, 0, 0, 0, 0, 0, 0, 631]
	 A0A011PRF5	[631, 0, 0, 0, 0, 0, 0, 0, 0]

 ### Operon type: 214

	 A0A011PFY8	[0, 0, 0, 0, 0, 0, 0, 0, 651]

 ### Operon type: 215

	 A0A011PNS3	[670, 651, 0, 0, 0, 0, 0, 0, 0]

 ### Operon type: 216

	 A0A011T648	[0, 651, 0, 0, 0, 0, 0, 579, 0]

 ### Operon type: 217

	 A0A011U3C2	[0, 0, 673, 0, 0, 0, 0, 0, 0]
	 A0A011AEN3	[0, 0, 0, 0, 0, 0, 673, 0, 0]

 ### Operon type: 218

	 A0A011AAZ2	[0, 93, 0, 0, 0, 673, 673, 673, 0]

 ### Operon type: 219

	 A0A011T698	[0, 0, 0, 0, 0, 682, 673, 0, 0]

 ### Operon type: 220

	 A0A009SNL0	[54, 53, 0, 0, 0, 0, 0, 0, 0]

 ### Operon type: 221

	 A0A009ZZC8	[-1, 53, 54, 0, 0, 0, 0, 0, 0]

 ### Operon type: 222

	 A0A009ZG48	[0, 0, 0, 657, 0, 0, 0, 0, 0]

 ### Operon type: 223

	 A0A011PEJ8	[0, 0, 658, 657, 0, 0, 0, 0, 0]

 ### Operon type: 224

	 A0A011QNJ7	[594, 0, 0, 657, 0, 0, 0, 594, 0]

 ### Operon type: 225

	 A0A011MMJ4	[0, 0, 0, 0, 0, 0, 0, 594, 0]

 ### Operon type: 226

	 A0A011R8M3	[0, 0, 658, 657, 0, 342, 0, 594, 0]

 ### Operon type: 227

	 A0A009TJ77	[0, 127, 0, 0, 0, 0, 0, 0, 0]

 ### Operon type: 228

	 A0A010RTE7	[0, 0, 0, 0, 0, 0, 31, 127, 0]

 ### Operon type: 229

	 A0A013S8F0	[267, 282, 266, 265, 264, 621, 615, 269, 506]
	 A0A013TPQ9	[267, 282, 266, 265, 264, 621, 615, 269, 506]
	 A0A009PMU2	[267, 282, 266, -1, 264, 621, 615, 269, 506]
	 A0A009SZ84	[267, 282, 266, 265, 264, 621, 615, 269, 506]

 ### Operon type: 230

	 A0A009IG48	[0, 0, 0, 133, 132, 0, 0, 0, 685]

 ### Operon type: 231

	 A0A009IMQ0	[0, 0, 0, 133, 132, 0, 0, 0, 0]

 ### Operon type: 232

	 A0A009SWV1	[0, 0, 0, 0, 0, 0, 0, 133, 0]

 ### Operon type: 233

	 A0A011TAW2	[0, 0, 0, 0, 0, 0, 309, 0, 0]
	 A0A009SFX8	[309, 0, 0, 0, 0, 0, 0, 0, 0]

 ### Operon type: 234

	 A0A011TZN1	[0, 0, 0, 0, 353, 0, 0, 0, 0]
	 A0A009RHH9	[0, 0, 0, 0, 353, 0, 0, 0, 0]

 ### Operon type: 235

	 A0A009PMZ9	[173, 0, 0, 0, 0, 0, 0, 0, 0]
	 A0A009Q512	[0, 0, 0, 0, 173, 0, 0, 0, 0]

 ### Operon type: 236

	 A0A009IFL2	[0, 44, 0, 43, -1, 0, 0, 0]

 ### Operon type: 237

	 A0A009ZDS1	[-1, -1, 0, 44, 0, 0, 453, 0, 0]

 ### Operon type: 238

	 A0A009NPS1	[0, 282, 266, 265, 264, -1, 0, 0, 0]
	 A0A010IZH1	[-1, 282, 266, 265, 264, 621, 0, 0, 0]
	 A0A009HJM0	[0, 282, 266, 265, 264, 621, 0, 0, 0]

 ### Operon type: 239

	 A0A009HUS9	[282, 266, 0, 0, 0, 0, -1, 0, 0]

 ### Operon type: 240

	 A0A009HM15	[0, 148, 147, 0, 0, 0, -1, 0, 0]

 ### Operon type: 241

	 A0A009RQL5	[0, 0, 0, 0, 0, 0, 148, 147, 0]

 ### Operon type: 242

	 A0A009IJ01	[0, 0, 0, 0, 0, 0, 148, 147, 146]

 ### Operon type: 243

	 A0A009NCH6	[0, 0, 0, 0, 0, 0, 0, 147, 146]

 ### Operon type: 244

	 A0A011UB51	[336, 0, 0, 0, 0, 0, 0, 0, 0]
	 A0A011UFH1	[0, 0, 0, 0, 0, 336, 0, 0, 0]

 ### Operon type: 245

	 A0A011V965	[0, -1, -1, 0, 112, 0, -1, -1, 0]
	 A0A011VHP2	[0, -1, -1, -1, 112, 0, 0, 0, 0]

 ### Operon type: 246

	 A0A010RVD0	[-1, 0, 0, -1, 0, 586, 586, 0, 25]

 ### Operon type: 247

	 A0A010T7Q5	[0, 25, 0, 0, 0, 0, -1, 0, 0]

 ### Operon type: 248

	 A0A010SNM6	[0, 0, -1, 0, 0, 0, 615, 0, 0]
	 A0A010SRR2	[0, 0, -1, 0, 0, 0, 0, 0, 615]

 ### Operon type: 249

	 A0A010SJH7	[0, 0, 615, -1, 0, 0, 157, 0, 0]

 ### Operon type: 250

	 A0A010RKP8	[0, 0, 0, 0, 0, 0, -1, 0, 0]
	 A0A011V107	[0, -1, 0, 0, 0, 0, 0, 0, 0]
	 A0A011U7M7	[0, 0, -1, 0, 0, 0, 0, 0, 0]
	 A0A009RG92	[-1, 0, 0, 0, 0, 0, 0, 0, 0]
	 A0A009PH57	[0, 0, -1, 0, 0, 0, 0, 0, 0]
	 A0A009N9Z1	[-1, 0, 0, 0, 0, 0, 0, 0, 0]
	 A0A009QDV7	[-1, 0, 0, 0, 0, 0, 0, 0, 0]
	 A0A010JDA6	[-1, 0, 0, 0, 0, 0, 0, 0, 0]
	 A0A011UZ32	[0, 0, 0, 0, 0, -1, 0, 0, 0]
	 A0A011UZ49	[0, -1, 0, 0, 0, 0, 0, 0, 0]
	 A0A009H6M2	[-1, 0, 0, 0, 0, 0, 0, 0, 0]
	 A0A009HJU6	[0, 0, 0, 0, 0, 0, 0, 0, -1]
	 A0A009IHQ3	[-1, 0, 0, 0, 0, 0, 0, 0, 0]
	 A0A010TF14	[-1, 0, 0, 0, 0, 0, 0, 0, 0]
	 A0A010RY47	[-1, 0, -1, 0, 0, 0, 0, 0, 0]
	 A0A009TG92	[0, 0, -1, 0, 0, 0, 0, 0, 0]

 ### Operon type: 251

	 A0A010SJF9	[0, 0, 0, 0, 0, -1, 0, 42, -1]

 ### Operon type: 252

	 A0A010T5D8	[0, 0, 0, -1, 0, -1, 289, 0, 0]

 ### Operon type: 253

	 A0A011ML54	[0, 0, 0, 488, 0, 0, 0, 0, -1]

 ### Operon type: 254

	 A0A011NHY1	[0, 0, 0, 0, 0, 615, 0, 0, 0]

 ### Operon type: 255

	 A0A010Z171	[0, 0, 0, 0, 0, 0, 615, 0, 463]

 ### Operon type: 256

	 A0A010ZX98	[0, 0, 0, 0, 0, 10, 615, 615, 0]

 ### Operon type: 257

	 A0A010YRE8	[0, 0, 0, 0, 0, 0, 0, 10, 0]

 ### Operon type: 258

	 A0A011AF05	[0, 0, 56, 10, 0, 0, 0, 0, 0]

 ### Operon type: 259

	 A0A011SQL0	[684, 0, -1, 0, 0, 0, 0, 0, 0]

 ### Operon type: 260

	 A0A009ZC82	[0, 0, 684, 0, 0, 0, 0, 0, 0]

 ### Operon type: 261

	 A0A011P3F6	[685, 0, 0, 684, 0, 0, 0, 0, 0]

 ### Operon type: 262

	 A0A011T697	[615, 0, 0, 0, 0, 0, 0, 0, 321]

 ### Operon type: 263

	 A0A011TDD1	[0, 308, 615, 0, 0, 0, 0, 0, 0]

 ### Operon type: 264

	 A0A011VW24	[0, 0, 718, 0, 0, 0, 0, 0, -1]

 ### Operon type: 265

	 A0A011T8V3	[0, 0, 718, 0, 0, 0, 0, 0, 0]

 ### Operon type: 266

	 A0A010TH98	[473, 0, 0, 718, 0, 0, 0, 0, 0]

 ### Operon type: 267

	 A0A011QVR3	[0, 0, 0, 0, 0, 0, 0, 583, 718]

 ### Operon type: 268

	 A0A011RM25	[0, 0, 0, 0, 0, 718, 0, 717, 0]

 ### Operon type: 269

	 A0A011VXC2	[-1, 339, 0, 0, 0, 0, 0, 0, 0]

 ### Operon type: 270

	 A0A011VYF1	[718, 0, 0, 0, 0, 0, 336, 0, 0]

 ### Operon type: 271

	 A0A010S415	[-1, 718, 0, 193, 0, 0, 0, 0, 442]

 ### Operon type: 272

	 A0A011SGD5	[0, 0, 0, 0, 0, 0, 0, 0, 0]
	 A0A011P4U7	[0, 0, 0, 0, 0, 0, 0, 0, 0]
	 A0A011P9Z5	[0, 0, 0, 0, 0, 0, 0, 0, 0]
	 A0A011PBM9	[0, 0, 0, 0, 0, 0, 0, 0, 0]
	 A0A011QMJ8	[0, 0, 0, 0, 0, 0, 0, 0, 0]
	 A0A011QSN2	[0, 0, 0, 0, 0, 0, 0, 0, 0]
	 A0A011NAJ1	[0, 0, 0, 0, 0, 0, 0, 0, 0]
	 A0A011NAY5	[0, 0, 0, 0, 0, 0, 0, 0, 0]
	 A0A011NDM5	[0, 0, 0, 0, 0, 0, 0, 0, 0]
	 A0A011NTU3	[0, 0, 0, 0, 0, 0, 0, 0, 0]
	 A0A011NMI8	[0, 0, 0, 0, 0, 0, 0, 0, 0]
	 A0A011PKU5	[0, 0, 0, 0, 0, 0, 0, 0, 0]
	 A0A011PJK8	[0, 0, 0, 0, 0, 0, 0, 0, 0]
	 A0A011PNN2	[0, 0, 0, 0, 0, 0, 0, 0, 0]
	 A0A011Q056	[0, 0, 0, 0, 0, 0, 0, 0, 0]
	 A0A011Q1B3	[0, 0, 0, 0, 0, 0, 0, 0, 0]
	 A0A011QVV5	[0, 0, 0, 0, 0, 0, 0, 0, 0]
	 A0A011N2Z0	[0, 0, 0, 0, 0, 0, 0, 0, 0]
	 A0A011N3C3	[0, 0, 0, 0, 0, 0, 0, 0, 0]
	 A0A011N4G4	[0, 0, 0, 0, 0, 0, 0, 0, 0]
	 A0A010IPH1	[0, 0, 0, 0, 0, 0, 0, 0, 0]
	 A0A013T8M5	[0, 0, 0, 0, 0, 0, 0, 0, 0]
	 A0A013TEV4	[0, 0, 0, 0, 0, 0, 0, 0, 0]
	 A0A011UHL2	[0, 0, 0, 0, 0, 0, 0, 0, 0]
	 A0A011TWN2	[0, 0, 0, 0, 0, 0, 0, 0, 0]
	 A0A011VYF6	[0, 0, 0, 0, 0, 0, 0, 0, 0]
	 A0A011UBN9	[0, 0, 0, 0, 0, 0, 0, 0, 0]
	 A0A011TAF9	[0, 0, 0, 0, 0, 0, 0, 0, 0]
	 A0A011TLH0	[0, 0, 0, 0, 0, 0, 0, 0, 0]
	 A0A013S2B9	[0, 0, 0, 0, 0, 0, 0, 0, 0]
	 A0A013SBR8	[0, 0, 0, 0, 0, 0, 0, 0, 0]
	 A0A013TPV4	[0, 0, 0, 0, 0, 0, 0, 0, 0]
	 A0A013SL47	[0, 0, 0, 0, 0, 0, 0, 0, 0]
	 A0A011WUT3	[0, 0, 0, 0, 0, 0, 0, 0, 0]
	 A0A011WSE5	[0, 0, 0, 0, 0, 0, 0, 0, 0]
	 A0A011VWR4	[0, 0, 0, 0, 0, 0, 0, 0, 0]
	 A0A011WKI4	[0, 0, 0, 0, 0, 0, 0, 0, 0]
	 A0A009PDV4	[0, 0, 0, 0, 0, 0, 0, 0, 0]
	 A0A009PG53	[0, 0, 0, 0, 0, 0, 0, 0, 0]
	 A0A009MMM3	[0, 0, 0, 0, 0, 0, 0, 0, 0]
	 A0A009N031	[0, 0, 0, 0, 0, 0, 0, 0, 0]
	 A0A009N123	[0, 0, 0, 0, 0, 0, 0, 0, 0]
	 A0A009ISY0	[0, 0, 0, 0, 0, 0, 0, 0, 0]
	 A0A009M4K0	[0, 0, 0, 0, 0, 0, 0, 0, 0]
	 A0A009MGJ1	[0, 0, 0, 0, 0, 0, 0, 0, 0]
	 A0A009MGQ8	[0, 0, 0, 0, 0, 0, 0, 0, 0]
	 A0A009PT82	[0, 0, 0, 0, 0, 0, 0, 0, 0]
	 A0A009NQA1	[0, 0, 0, 0, 0, 0, 0, 0, 0]
	 A0A009MH90	[0, 0, 0, 0, 0, 0, 0, 0, 0]
	 A0A009Q3K7	[0, 0, 0, 0, 0, 0, 0, 0, 0]
	 A0A009QQ47	[0, 0, 0, 0, 0, 0, 0, 0, 0]
	 A0A009I0I9	[0, 0, 0, 0, 0, 0, 0, 0, 0]
	 A0A009IRJ6	[0, 0, 0, 0, 0, 0, 0, 0, 0]
	 A0A010IZE4	[0, 0, 0, 0, 0, 0, 0, 0, 0]
	 A0A009T1I8	[0, 0, 0, 0, 0, 0, 0, 0, 0]
	 A0A011VZG0	[0, 0, 0, 0, 0, 0, 0, 0, 0]
	 A0A011VW71	[0, 0, 0, 0, 0, 0, 0, 0, 0]
	 A0A011V8Y9	[0, 0, 0, 0, 0, 0, 0, 0, 0]
	 A0A011VMV7	[0, 0, 0, 0, 0, 0, 0, 0, 0]
	 A0A011VNE2	[0, 0, 0, 0, 0, 0, 0, 0, 0]
	 A0A011VSC9	[0, 0, 0, 0, 0, 0, 0, 0, 0]
	 A0A011VUV0	[0, 0, 0, 0, 0, 0, 0, 0, 0]
	 A0A011UTJ0	[0, 0, 0, 0, 0, 0, 0, 0, 0]
	 A0A011UWH1	[0, 0, 0, 0, 0, 0, 0, 0, 0]
	 A0A009HBT3	[0, 0, 0, 0, 0, 0, 0, 0, 0]
	 A0A010SHY1	[0, 0, 0, 0, 0, 0, 0, 0, 0]
	 A0A009I463	[0, 0, 0, 0, 0, 0, 0, 0, 0]
	 A0A009SWU0	[0, 0, 0, 0, 0, 0, 0, 0, 0]
	 A0A009RR21	[0, 0, 0, 0, 0, 0, 0, 0, 0]
	 A0A009SCM5	[0, 0, 0, 0, 0, 0, 0, 0, 0]
	 A0A009RHH7	[0, 0, 0, 0, 0, 0, 0, 0, 0]
	 A0A009RMD0	[0, 0, 0, 0, 0, 0, 0, 0, 0]
	 A0A009HTN9	[0, 0, 0, 0, 0, 0, 0, 0, 0]
	 A0A009HIL8	[0, 0, 0, 0, 0, 0, 0, 0, 0]
	 A0A009HL81	[0, 0, 0, 0, 0, 0, 0, 0, 0]
	 A0A011UFM5	[0, 0, 0, 0, 0, 0, 0, 0, 0]
	 A0A011UG71	[0, 0, 0, 0, 0, 0, 0, 0, 0]
	 A0A011UGX8	[0, 0, 0, 0, 0, 0, 0, 0, 0]
	 A0A009PAG1	[0, 0, 0, 0, 0, 0, 0, 0, 0]
	 A0A009R2X0	[0, 0, 0, 0, 0, 0, 0, 0, 0]
	 A0A009R4N4	[0, 0, 0, 0, 0, 0, 0, 0, 0]
	 A0A009RBQ2	[0, 0, 0, 0, 0, 0, 0, 0, 0]
	 A0A009QVK8	[0, 0, 0, 0, 0, 0, 0, 0, 0]
	 A0A009SHB3	[0, 0, 0, 0, 0, 0, 0, 0, 0]
	 A0A009SIF9	[0, 0, 0, 0, 0, 0, 0, 0, 0]
	 A0A010SPJ7	[0, 0, 0, 0, 0, 0, 0, 0, 0]
	 A0A010SSQ8	[0, 0, 0, 0, 0, 0, 0, 0, 0]
	 A0A010T025	[0, 0, 0, 0, 0, 0, 0, 0, 0]
	 A0A010ZJQ6	[0, 0, 0, 0, 0, 0, 0, 0, 0]
	 A0A010YJA7	[0, 0, 0, 0, 0, 0, 0, 0, 0]
	 A0A010ZTI3	[0, 0, 0, 0, 0, 0, 0, 0, 0]
	 A0A011A146	[0, 0, 0, 0, 0, 0, 0, 0, 0]
	 A0A011AIL7	[0, 0, 0, 0, 0, 0, 0, 0, 0]
	 A0A010YZS8	[0, 0, 0, 0, 0, 0, 0, 0, 0]
	 A0A010Z120	[0, 0, 0, 0, 0, 0, 0, 0, 0]
	 A0A009T3J5	[0, 0, 0, 0, 0, 0, 0, 0, 0]

 ### Operon type: 273

	 A0A010TG27	[486, 0, 35, 0, 0, 0, 621, 0, 0]

 ### Operon type: 274

	 A0A011PMK1	[0, 0, 0, 0, 0, 0, 0, 486, 0]

 ### Operon type: 275

	 A0A009HRU1	[0, 189, 0, 0, 0, 0, 0, 0, 0]

 ### Operon type: 276

	 A0A009HSN8	[0, 161, 0, 0, 0, -1, 0, 217, -1]

 ### Operon type: 277

	 A0A009HV82	[144, 0, 0, 0, 0, 0, 0, 0, 0]

 ### Operon type: 278

	 A0A009IG74	[0, 0, 163, 0, 332, -1, 0, 0, 0]

 ### Operon type: 279

	 A0A009IJ90	[0, 66, 0, 0, 0, 0, 0, 0, 0]

 ### Operon type: 280

	 A0A009ISE1	[454, 0, 675, 0, 0, -1, 0, 0, 0]

 ### Operon type: 281

	 A0A009NM94	[0, 696, 696, 0, 0, 0, 308, 0, 0]

 ### Operon type: 282

	 A0A009Q4N5	[0, 0, 168, 0, 0, 0, 0, 0, 0]

 ### Operon type: 283

	 A0A009SSZ9	[0, 64, 0, 0, 0, 0, 0, 0, 0]

 ### Operon type: 284

	 A0A009TBM2	[0, 0, 0, 0, 0, 0, 0, 0, 270]

 ### Operon type: 285

	 A0A009Q8S9	[0, 0, 685, 270, 0, 398, 0, 0, 0]

 ### Operon type: 286

	 A0A009YIH1	[0, 0, 0, 0, 149, 0, -1, -1, 2]

 ### Operon type: 287

	 A0A009YR05	[0, 0, 0, 0, 92, 0, 0, 0, 0]

 ### Operon type: 288

	 A0A009Z004	[120, 0, 120, 0, 0, 463, 0, 0, 0]

 ### Operon type: 289

	 A0A010IGH8	[0, 0, 0, 0, 0, 0, 0, 243, 0]

 ### Operon type: 290

	 A0A010JIN9	[451, 0, 0, 127, 150, 0, 0, 0, 0]

 ### Operon type: 291

	 A0A010RS09	[0, 0, 0, 0, 31, 0, 515, 515, 0]

 ### Operon type: 292

	 A0A010RUQ5	[0, 0, 0, 0, 0, 0, 0, 0, 318]

 ### Operon type: 293

	 A0A010S195	[684, 0, 40, 39, 0, 0, 0, 0, 0]

 ### Operon type: 294

	 A0A010SCZ2	[0, 0, 0, 0, 0, 0, 0, 240, 0]

 ### Operon type: 295

	 A0A010SN41	[0, 0, 0, 0, 237, 0, 0, 0, 0]

 ### Operon type: 296

	 A0A010SSU2	[0, 0, 0, 0, 78, 0, -1, 669, 0]

 ### Operon type: 297

	 A0A010SUP6	[0, 0, 0, 0, 0, 0, 0, 39, 0]

 ### Operon type: 298

	 A0A010SUY9	[0, 0, 0, 0, 0, 342, 658, 0]

 ### Operon type: 299

	 A0A010THK2	[0, 0, -1, 0, 0, 515, 463, 0, 0]

 ### Operon type: 300

	 A0A010SRL4	[35, 0, 0, -1, 0, 0, 0, 463, 129]

 ### Operon type: 301

	 A0A010YF95	[549, 0, 0, 0, 0, 0, 0, 0, 0]

 ### Operon type: 302

	 A0A010YT39	[0, 485, 0, 0, 0, 0, 0, 0, 0]

 ### Operon type: 303

	 A0A010YX61	[252, 673, 0, 718, 0, 0, 0, 0, 0]

 ### Operon type: 304

	 A0A010ZWJ8	[0, 0, 0, 0, 0, 672, 0, 0, 0]

 ### Operon type: 305

	 A0A009ZVR4	[701, 0, 673, 0, 0, 28, 0, 0, 0]

 ### Operon type: 306

	 A0A011AHW1	[0, 0, 0, 0, 0, 0, 0, 11, 0]

 ### Operon type: 307

	 A0A011NE37	[340, 0, 0, 0, 0, 0, 0, 0, 0]

 ### Operon type: 308

	 A0A011NF78	[0, 0, 587, 0, 0, 0, 0, 0, 0]

 ### Operon type: 309

	 A0A011NVE2	[0, 0, 0, 579, 0, 0, 615, 0, 493]

 ### Operon type: 310

	 A0A011NXJ4	[0, 0, 0, 0, 0, 0, 0, 0, 490]

 ### Operon type: 311

	 A0A011P8I1	[0, 0, 674, 673, 0, 0, 0, 0, 672]

 ### Operon type: 312

	 A0A011P9Q7	[666, 0, 0, 0, 0, 0, 0, 0, 0]

 ### Operon type: 313

	 A0A011PCT1	[0, 0, 0, 0, 0, 0, 0, 719, 0]

 ### Operon type: 314

	 A0A011PJ75	[0, 579, 554, 579, 0, 0, 0, 0, 0]

 ### Operon type: 315

	 A0A011PRB4	[0, 0, 0, 0, 0, 0, 0, 563, 0]

 ### Operon type: 316

	 A0A011Q5V7	[548, 0, 0, 0, 0, 0, 0, 0, 0]

 ### Operon type: 317

	 A0A011QU35	[0, 0, 0, 0, 584, 0, 0, 0, 0]

 ### Operon type: 318

	 A0A011QVT2	[582, 0, 0, 0, 0, 0, 0, 670, 0]

 ### Operon type: 319

	 A0A011RP14	[0, 0, 0, 0, 0, 0, 0, 703, 0]

 ### Operon type: 320

	 A0A011SM49	[615, 0, 703, 0, 0, 0, 404, 0, 0]

 ### Operon type: 321

	 A0A011AM27	[564, 0, 0, 0, 455, 0, 0, 0, 18]

 ### Operon type: 322

	 A0A011T607	[0, 0, 630, 0, 0, 0, 0, 0, 308]

 ### Operon type: 323

	 A0A010S5W8	[0, 0, 464, 630, 0, 0, 0, 0, 0]

 ### Operon type: 324

	 A0A011MSR2	[0, 0, 0, 464, 0, 0, 0, 544, 0]

 ### Operon type: 325

	 A0A010YYJ5	[0, 0, 0, 544, 0, 0, 0, 28, 28]

 ### Operon type: 326

	 A0A011TED9	[0, 0, 0, 0, 0, 311, 0, 0, 0]

 ### Operon type: 327

	 A0A011TXS5	[0, 403, 0, 0, 0, 0, 0, 0, 0]

 ### Operon type: 328

	 A0A011U144	[0, 318, 0, 0, 0, 0, 490, 389, 0]

 ### Operon type: 329

	 A0A011U1C8	[682, 0, 0, 0, 0, 0, 0, 0, 317]

 ### Operon type: 330

	 A0A011U483	[0, 0, 0, 0, 0, 681, 0, 0, 0]

 ### Operon type: 331

	 A0A011UDF3	[0, 0, 0, 0, 0, 349, 0, 0, 0]

 ### Operon type: 332

	 A0A011UG86	[0, 686, 0, 0, 0, 42, 0, 0, 0]

 ### Operon type: 333

	 A0A011UGY3	[0, 0, 0, 37, 0, 0, 0, 37, 0]

 ### Operon type: 334

	 A0A011UJN3	[0, 427, 0, 0, 0, 0, 0, 0, 0]

 ### Operon type: 335

	 A0A009INE0	[429, 0, 0, 0, 0, 0, 0, 554, 427]

 ### Operon type: 336

	 A0A011UQB5	[693, 498, 0, 0, 0, 0, 0, 336, 0]

 ### Operon type: 337

	 A0A011UVI5	[0, 0, 0, 0, 0, 91, 579, 579, 0]

 ### Operon type: 338

	 A0A011UWI3	[0, 0, 0, 0, 170, 0, 90, 684, 0]

 ### Operon type: 339

	 A0A011V5E6	[0, 0, 0, 0, 0, 328, 0, 0, 0]

 ### Operon type: 340

	 A0A011M4H6	[241, 0, 512, 0, 0, 0, 0, 0, 0]

 ### Operon type: 341

	 A0A011VSV3	[0, 0, 0, 0, 0, 0, 640, 0, 0]

 ### Operon type: 342

	 A0A011VWI0	[0, 0, 0, 0, 0, 115, 0, 0, 0]

 ### Operon type: 343

	 A0A011VZ91	[229, 0, 0, 0, 0, 0, 0, 0, 0]

 ### Operon type: 344

	 A0A011W213	[0, 0, 0, 0, 0, 494, 0, 0, 0]

 ### Operon type: 345

	 A0A011WP76	[0, 0, 0, 0, 0, 0, 0, 0, 606]

 ### Operon type: 346

	 A0A011WSD4	[0, 0, 0, -1, 0, 544, 0, 0, 327]

 ### Operon type: 347

	 A0A011VZF5	[0, 0, 323, 324, 0, 544, 327, 544, 0]

 ### Operon type: 348

	 A0A011WSU6	[0, 544, 0, 0, 325, 0, 0, 0, 0]

 ### Operon type: 349

	 A0A013S843	[0, 269, 0, 0, 0, 0, -1, 268, 0]

 ### Operon type: 350

	 A0A013S981	[296, 0, 0, 0, 0, 0, 0, 0, 0]

 ### Operon type: 351

	 A0A013T337	[0, 0, 0, 0, 0, 0, 0, 0, 395]

 ### Operon type: 352

	 A0A013T5E6	[0, 0, 0, 394, 0, 0, 0, 0, 0]

 ### Operon type: 353

	 A0A010KAV2	[281, 0, 0, 280, 279, 633, 278, 682, 277]
	 A0A013SGL3	[281, 253, 252, 280, 279, 633, 278, 682, 277]
	 A0A009NE81	[281, 253, 252, 280, 279, 633, 278, 682, 277]
	 A0A009I5Z6	[281, 0, 252, 280, 279, 633, 278, 682, 277]
	 A0A009RQH3	[281, 0, 0, 280, 279, 633, 278, 682, 277]

 ### Operon type: 354

	 A0A013TB41	[281, -1, 0, 0, 279, 633, 278, 682, 277]

 ### Operon type: 355

	 A0A009H3X4	[281, 0, 0, 0, 279, 633, -1, 515, -1]

 ### Operon type: 356

	 A0A009YL68	[0, 0, 682, 281, 279, 0, 0, 3, 0]

 ### Operon type: 357

	 A0A009T9H0	[0, 2, 685, -1, 0, 0, 190, 0, 189]

 ### Operon type: 358

	 A0A010THH5	[0, 67, 44, 91, 0, 0, 691, 0, 453]

 ### Operon type: 359

	 A0A011WSH8	[0, 0, 0, 621, 238, 0, 0, 0, 0]
	 A0A011VZE3	[0, 0, 0, 621, 238, 0, 0, 0, 0]

 ### Operon type: 360

	 A0A011NAF3	[0, 0, 0, 0, 0, 0, 621, 0, 570]

 ### Operon type: 361

	 A0A009IQ93	[312, 0, 621, 0, 0, 129, 0, 0, 0]

 ### Operon type: 362

	 A0A009TLU4	[0, 403, -1, 175, 0, 23, 0, -1, -1]

 ### Operon type: 363

	 A0A010JNG7	[459, 0, 0, 458, 0, 0, 0, 0, 0]

 ### Operon type: 364

	 A0A010S003	[636, 0, 0, 0, 0, 686, 686, 198, 0]

 ### Operon type: 365

	 A0A010SMN8	[0, -1, 41, 0, 516, 0, 0, 643, 0]

 ### Operon type: 366

	 A0A010SXS1	[0, 209, 0, 0, 0, 227, 0, 0, 670]

 ### Operon type: 367

	 A0A010T689	[18, -1, 691, 707, 0, 0, 0, 0, 0]

 ### Operon type: 368

	 A0A010TBB4	[0, 87, 0, 42, 0, 0, 0, 0, 682]

 ### Operon type: 369

	 A0A010YFK3	[0, 547, 0, 0, 0, 0, 106, 0, 317]

 ### Operon type: 370

	 A0A010YVY1	[7, 0, 7, 0, 0, 0, 0, 198, 0]

 ### Operon type: 371

	 A0A010Z7T4	[0, 0, 0, 0, 0, 0, 0, 508, 566]

 ### Operon type: 372

	 A0A010RRR9	[0, 0, 0, 0, 626, 0, 0, 509, 508]

 ### Operon type: 373

	 A0A010SIA7	[0, 0, 509, 69, 0, 0, 0, 0, 0]

 ### Operon type: 374

	 A0A010ZSZ2	[0, 93, 0, 14, 13, 0, 0, 0, 0]

 ### Operon type: 375

	 A0A010Z0Y7	[0, 0, 0, 0, 13, 193, 0, 0, 0]

 ### Operon type: 376

	 A0A010ZUR7	[242, 12, 0, 12, 0, 11, 198, 0, 0]

 ### Operon type: 377

	 A0A011A0M8	[0, 0, 463, 0, 43, 0, 0, 9, 9]

 ### Operon type: 378

	 A0A011NFL4	[0, 695, 0, 0, 487, 486, 0, 485, 0]

 ### Operon type: 379

	 A0A011P407	[0, 0, 683, 694, 0, 0, 682, 0, 681]

 ### Operon type: 380

	 A0A011QGT2	[621, 0, 0, 620, 619, 0, 0, 0, 0]

 ### Operon type: 381

	 A0A011QSA4	[590, 0, 589, 588, 0, 0, 0, 0, 587]

 ### Operon type: 382

	 A0A011T6J6	[0, 548, 0, 673, 0, 0, 320, 0, 319]

 ### Operon type: 383

	 A0A011TAL2	[0, 630, 0, 0, 0, 310, 0, 491, 0]

 ### Operon type: 384

	 A0A011TYT7	[0, 0, 0, 0, 0, 0, 402, 401, 401]

 ### Operon type: 385

	 A0A011TZG0	[463, 545, 0, 0, 0, 0, 0, 400, 0]

 ### Operon type: 386

	 A0A011Q6N5	[0, 0, 0, 0, 0, 0, 546, 545, 546]

 ### Operon type: 387

	 A0A011UII7	[0, 0, 0, 0, 0, 493, 399, 0, 0]

 ### Operon type: 388

	 A0A011UNT9	[398, 407, 0, 0, 0, 0, 0, 0, 0]

 ### Operon type: 389

	 A0A011SIS0	[0, 534, 408, 408, 0, 0, 0, 407, 0]

 ### Operon type: 390

	 A0A011UT49	[0, 93, 0, 0, 0, 0, 209, 109, 0]

 ### Operon type: 391

	 A0A011VU65	[107, 0, 0, 0, 0, 106, 0, 0, 0]

 ### Operon type: 392

	 A0A011VV03	[0, 242, 0, 0, 367, 241, 0, 0, 0]

 ### Operon type: 393

	 A0A011VVZ9	[0, 0, -1, 0, 0, 240, 239, 239, 406]

 ### Operon type: 394

	 A0A011VWX7	[670, 369, 0, 0, 0, 0, 0, 692, 0]

 ### Operon type: 395

	 A0A011VXK7	[696, 696, 0, 432, 0, 0, 0, 550, 0]

 ### Operon type: 396

	 A0A011W0I6	[228, 0, 0, 0, 0, 460, 0, 488, 0]

 ### Operon type: 397

	 A0A010YEF6	[0, 228, 0, 0, 0, 0, 0, 0, 19]

 ### Operon type: 398

	 A0A013SQH1	[0, 0, 0, 0, 237, 478, 0, 459, 503]

 ### Operon type: 399

	 A0A009LNU8	[234, 236, 294, 293, 0, 175, 0, 459, 0]

 ### Operon type: 400

	 A0A013SRG6	[292, 293, 294, 236, 0, 235, 0, 234, 483]

 ### Operon type: 401

	 A0A009IQU8	[0, 236, 0, 0, 0, 235, 483, 0, 0]

 ### Operon type: 402

	 A0A010K2K8	[294, 293, 292, 0, 0, 0, 0, -1, 459]

 ### Operon type: 403

	 A0A011NPR8	[0, 483, 0, 0, 0, 0, 482, 0, 0]

 ### Operon type: 404

	 A0A010SEA2	[552, 482, 67, 0, 0, 0, 0, 0, 0]

 ### Operon type: 405

	 A0A009ZIC0	[84, 89, 511, 128, 247, 517, 88, 87, 246]

 ### Operon type: 406

	 A0A009ZB47	[100, 27, 0, 0, 0, 544, 451, 0, 0]

 ### Operon type: 407

	 A0A010RM40	[514, 621, 513, 0, 0, 0, 0, -1, 678]

 ### Operon type: 408

	 A0A010RRQ6	[0, 512, 0, 0, 0, 516, 511, 510, 0]

 ### Operon type: 409

	 A0A010S423	[320, 0, 0, 0, 0, 0, 0, 90, 700]

 ### Operon type: 410

	 A0A010T0I7	[0, 0, 19, 0, 0, 674, 589, 621, 0]

 ### Operon type: 411

	 A0A011AHU9	[0, 0, 0, 0, 0, 0, 0, 8, 489]

 ### Operon type: 412

	 A0A010YY02	[0, 6, 0, 0, 6, 470, 5, 0, 8]

 ### Operon type: 413

	 A0A011NA78	[0, 504, 0, 0, 0, 586, 0, 0, 678]

 ### Operon type: 414

	 A0A011P8W7	[671, 683, 670, 0, 669, 0, 0, 0, 0]

 ### Operon type: 415

	 A0A011PG97	[643, 0, 0, 642, 0, 0, 0, 0, 0]

 ### Operon type: 416

	 A0A011PKT4	[0, 478, 0, 0, 0, 0, 477, 0, 0]

 ### Operon type: 417

	 A0A011PLB2	[0, 671, 0, 479, 0, 0, 0, 0, 0]

 ### Operon type: 418

	 A0A011R339	[0, 0, 0, 0, 0, 0, 363, 362, 0]

 ### Operon type: 419

	 A0A011SFE5	[0, 0, 0, 696, 0, 0, 695, 694, 693]

 ### Operon type: 420

	 A0A011SJT5	[0, 0, 0, 406, 405, 405, 405, 405, 405]

 ### Operon type: 421

	 A0A011TDQ5	[0, 0, 0, 0, 307, 461, 0, 0, 0]

 ### Operon type: 422

	 A0A011UG17	[200, 0, 230, 0, 38, 107, 0, 0, 0]

 ### Operon type: 423

	 A0A011V8Z7	[0, 0, 0, 0, 0, 114, 113, 0, 0]

 ### Operon type: 424

	 A0A011VT01	[0, 0, 108, 0, 0, 108, 0, 0, 203]

 ### Operon type: 425

	 A0A011VYP6	[0, 0, 0, 0, 0, 0, 230, 627, 0]

 ### Operon type: 426

	 A0A011V392	[339, 0, 563, 323, 324, 322, 0, 325, 326]

 ### Operon type: 427

	 A0A009Q0U9	[420, 98, 97, 0, 96, 95, -1, -1, 0]

 ### Operon type: 428

	 A0A010SRB2	[23, 22, 0, 0, 0, 22, 21, 0, 0]

 ### Operon type: 429

	 A0A011VJ76	[110, 110, 109, 485, 0, 621, 463, 0, 683]

 ### Operon type: 430

	 A0A013SKX6	[0, 0, 702, 0, 332, 332, 331, 330, 329]

 ### Operon type: 431

	 A0A010KA25	[451, 0, 691, 417, 283, 0, 0, 451, 282]

 ### Operon type: 432

	 A0A011WUA8	[531, 0, 0, 249, 0, 0, 0, 248, 248]

 ### Operon type: 433

	 A0A010S4X6	[0, 193, 513, 686, 287, 0, 492, 476, 515]

 ### Operon type: 434

	 A0A011U8C0	[0, 316, 315, 0, 314, 313, 0, 0, 0]
