
 ### Operon type: 1

	 A0A010ILU3	[756, 755, 754, 753, 752, 751, 750, 749, 748]
	 A0A009QS71	[756, 755, 754, 753, 752, 751, 750, 749, 748]
	 A0A009MW50	[756, 755, 754, 753, 752, 751, 750, 749, 748]
	 A0A009QBR9	[756, 755, 754, 753, 752, 751, 749, 748, 160]
	 A0A009H3B0	[756, 755, 754, 753, 752, 751, 750, 749, 748]
	 A0A009I8S2	[756, 755, 754, 753, 752, 751, 749, 748, 160]
	 A0A009TM70	[756, 755, 754, 753, 752, 751, 749, 748, 160]

 ### Operon type: 2

	 A0A013TH43	[390, 389, 577, 534, 388, 387, 386, 385, 545]
	 A0A009RAF0	[390, 389, 577, 534, 388, 387, 386, 385, 545]

 ### Operon type: 3

	 A0A011PVT3	[686, 584, 583, 582, 778, 581, 580, 579, 578]
	 A0A011R7V7	[686, 584, 583, 582, 778, 581, 580, 579, 578]
	 A0A011MET3	[686, 584, 583, 582, 778, 581, 580, 579, 578]

 ### Operon type: 4

	 A0A013SNJ8	[716, 357, 748, 356, 355, 354, 364, 353, 352]
	 A0A013RZW2	[716, 357, 748, 356, 355, 354, 364, 353, 352]
	 A0A009PH20	[716, 357, 748, 356, 355, 354, 364, 353, 352]
	 A0A009MMM3	[716, 357, 748, 356, 355, 354, 364, 353, 352]
	 A0A009RD69	[716, 357, 748, 356, 355, 354, 364, 353, 352]
	 A0A009IV03	[716, 357, 748, 356, 355, 354, 364, 353, 352]
	 A0A009HBT3	[716, 357, 748, 356, 355, 354, 364, 353, 352]
	 A0A009SIZ4	[716, 357, 748, 356, 355, 354, 364, 353, 352]
	 A0A010J9U3	[716, 357, 748, 356, 355, 354, 364, 353, 352]
	 A0A009YIZ0	[716, 357, 748, 356, 355, 354, 364, 353, 352]

 ### Operon type: 5

	 A0A009PH57	[260, 259, -1, 258, 257, 694, 338, 556, 256]
	 A0A009TG92	[260, 259, -1, 258, 257, 694, 338, 556, 256]

 ### Operon type: 6

	 A0A013S288	[466, 294, 293, 292, 354, 291, 290, 289, 288]
	 A0A009R2X0	[466, 294, 293, 292, 354, 291, 290, 289, 288]
	 A0A009N031	[466, 294, 293, 292, 354, 291, 290, 289, 288]
	 A0A009PWG1	[466, 294, 293, 292, 354, 291, 290, 289, 288]
	 A0A009I0I9	[466, 294, 293, 292, 354, 291, 290, 289, 288]
	 A0A013SXT2	[466, 294, 293, 292, 354, 291, 290, 289, 288]
	 A0A009SFX8	[466, 294, 293, 292, 46, 354, 291, 290, 289]
	 A0A010J3I1	[466, 294, 293, 292, 354, 291, 290, 289, 288]
	 A0A009TBM2	[294, 293, 292, 46, 354, 291, 290, 289, 288]

 ### Operon type: 7

	 A0A010IMP8	[744, 834, 743, 742, 741, 740, 739, 738, 737]
	 A0A013SZ54	[744, 834, 743, 742, 741, 740, 739, 738, 737]
	 A0A013T8M5	[744, 834, 743, 742, 741, 740, 739, 738, 737]
	 A0A009RBQ2	[744, 834, 743, 742, 741, 740, 739, 738, 737]
	 A0A009N123	[744, 834, 743, 742, 741, 740, 739, 738, 737]
	 A0A009Q3K7	[744, 834, 743, 742, 741, 740, 739, 738, 737]
	 A0A009IRJ6	[744, 834, 743, 742, 741, 740, 739, 738, 737]
	 A0A009H7U0	[744, 834, 743, 742, 741, 740, 739, 738, 737]
	 A0A009SWU0	[744, 834, 743, 742, 741, 740, 739, 738, 737]
	 A0A009ZM43	[-1, 834, 743, 742, 741, 740, 739, 738, 737]

 ### Operon type: 8

	 A0A013RMD0	[-1, 348, 780, 347, 346, 787, 345, 344, 343]
	 A0A009S854	[-1, 348, 780, 347, 346, 787, 345, 344, 343]
	 A0A009N9Z1	[-1, 348, 780, 347, 346, 787, 345, 344, 343]
	 A0A009QDV7	[-1, 348, 780, 347, 346, 787, 345, 344, 343]
	 A0A009H6M2	[-1, 348, 780, 347, 346, 787, 345, 344, 343]
	 A0A009IHQ3	[-1, 348, 780, 347, 346, 787, 345, 344, 343]
	 A0A009RG92	[-1, 348, 780, 347, 346, 787, 345, 344, 343]
	 A0A010JDA6	[-1, 348, 780, 347, 346, 787, 345, 344, 343]
	 A0A009ZIC0	[223, 348, 780, 347, 346, 787, 345, 344, 343]

 ### Operon type: 9

	 A0A011UIA1	[421, 420, 419, 418, 417, 416, 415, 414, 0]
	 A0A011V5V3	[0, 421, 420, 419, 418, 417, 416, 415, 414]

 ### Operon type: 10

	 A0A011PTE7	[512, 511, 510, 509, 508, 0, 507, 506, 505]
	 A0A011NE72	[512, 511, 510, 509, 508, 507, 506, 505, 0]

 ### Operon type: 11

	 A0A009I4A1	[146, 126, 873, 125, 145, 144, 143, 142, 141]
	 A0A010JWJ1	[146, 126, 873, 125, 145, 144, 143, 142, 141]

 ### Operon type: 12

	 A0A009QF22	[148, 147, 146, 0, 145, 144, 143, 142, 141]
	 A0A009TBY8	[148, 147, 146, 125, 145, 144, 143, 142, 141]

 ### Operon type: 13

	 A0A011NEY3	[482, 607, 606, 605, 605, 604, 603, 602, 0]

 ### Operon type: 14

	 A0A011PAN4	[607, 606, 0, 605, 605, 604, 603, 602, 601]

 ### Operon type: 15

	 A0A011RCD5	[482, 607, 606, 605, 605, 604, 603, 602, 601]

 ### Operon type: 16

	 A0A011P4U7	[0, 621, 620, 619, 618, 617, 616, 615, 614]
	 A0A011NAY5	[621, 620, 619, 618, 617, 616, 615, 614, 0]

 ### Operon type: 17

	 A0A011PF67	[599, 598, 597, 596, 595, 0, 0, 0, 0]
	 A0A011NW66	[599, 598, 597, 596, 595, 495, 0, 0, 0]
	 A0A011NBX7	[599, 598, 597, 596, 595, 495, 0, 0, 0]

 ### Operon type: 18

	 A0A011NS68	[599, 598, 597, 596, 595, 501, 500, 499, 625]
	 A0A011RHX4	[599, 598, 597, 596, 595, 501, 500, 499, 0]

 ### Operon type: 19

	 A0A010YT39	[0, 61, 21, 779, 20, 19, 18, 17, 275]

 ### Operon type: 20

	 A0A010Z7T4	[21, 779, 20, 19, 18, 17, 275, 776, 515]

 ### Operon type: 21

	 A0A013SP43	[366, 365, 364, 363, 362, 361, 360, 359, 358]
	 A0A009RUN3	[366, 365, 364, 363, 362, 361, 360, 359, 358]
	 A0A010K6G6	[366, 365, 364, 363, 362, 361, 360, 0, 358]

 ### Operon type: 22

	 A0A011VWR4	[0, 0, 0, 0, 190, 189, 188, 187, 186]

 ### Operon type: 23

	 A0A011VYP6	[190, 189, 188, 187, 186, 0, 185, 582, 0]

 ### Operon type: 24

	 A0A011QAS2	[0, 649, 648, 647, 646, 645, 644, 643, 642]
	 A0A011NEQ1	[0, 649, 648, 647, 646, 645, 644, 643, 642]

 ### Operon type: 25

	 A0A010JSI3	[795, 794, 793, 792, 791, 790, 789, 788, 0]
	 A0A013T0M4	[795, 794, 793, 792, 791, 790, 789, 788, 0]
	 A0A009HDS5	[795, 794, 793, 792, 791, 790, 789, 788, 120]
	 A0A009RGL2	[795, 794, 793, 792, 791, 790, 789, 788, 120]

 ### Operon type: 26

	 A0A009SNL0	[70, 69, 318, 317, 316, 315, 314, 313, 312]

 ### Operon type: 27

	 A0A009T1I8	[318, 317, 316, 315, 314, 313, 312, 0, 0]

 ### Operon type: 28

	 A0A011VW71	[0, 172, 171, 170, 169, 168, 167, 574, 439]
	 A0A011VUV0	[172, 171, 170, 169, 168, 167, 574, 439, 0]

 ### Operon type: 29

	 A0A011UG71	[110, 115, 109, 166, 165, 164, 163, 162, 161]

 ### Operon type: 30

	 A0A011V8Z7	[0, 0, 110, 115, 109, 166, 165, 164, 163]

 ### Operon type: 31

	 A0A011V8Y9	[166, 165, 164, 163, 162, 161, 0, 0, 0]

 ### Operon type: 32

	 A0A011U8C0	[0, 164, 115, 0, 553, 162, 0, 0, 0]

 ### Operon type: 33

	 A0A011QSF0	[0, 827, 826, 825, 824, 823, 822, 821, 0]
	 A0A011QBB5	[800, 827, 826, 825, 824, 823, 822, 821, 799]
	 A0A011Q0X6	[800, 827, 826, 825, 824, 823, 822, 821, 799]
	 A0A011Q1X8	[827, 0, 826, 825, 824, 823, 822, 821, 799]

 ### Operon type: 34

	 A0A011PG87	[800, 827, 826, 825, 824, 823, 822, 0, 0]

 ### Operon type: 35

	 A0A011PCT1	[814, 813, 812, 0, 0, 0, 0, 679, 0]

 ### Operon type: 36

	 A0A011QU35	[0, 0, 0, 0, 815, 0, 814, 813, 812]

 ### Operon type: 37

	 A0A011Q2B1	[818, 684, 815, 683, 812, 682, 681, 680, 679]

 ### Operon type: 38

	 A0A011RLN8	[817, 816, 815, 683, 812, 682, 681, 680, 679]

 ### Operon type: 39

	 A0A011P700	[0, 0, 820, 819, 818, 684, 815, 683, 812]

 ### Operon type: 40

	 A0A011QSI4	[0, 0, 820, 819, 818, 0, 817, 816, 815]

 ### Operon type: 41

	 A0A013T337	[487, 784, 404, 403, 402, 802, 401, 805, 400]
	 A0A013TH30	[487, 784, 404, 403, 402, 802, 401, 805, 400]
	 A0A013S981	[283, 487, 784, 404, 403, 402, 802, 401, 805]

 ### Operon type: 42

	 A0A010JY00	[283, 487, 784, 404, 53, 802, 401, 805, 400]

 ### Operon type: 43

	 A0A013TPV4	[378, 377, 376, 375, 374, 373, 569, 873, 372]
	 A0A009SZB5	[378, 377, 376, 375, 374, 373, 569, 873, 372]
	 A0A009QQ47	[378, 377, 376, 375, 374, 373, 569, 873, 372]
	 A0A009HL81	[378, 377, 376, 375, 374, 373, 569, 873, 372]
	 A0A009MGJ1	[378, 377, 376, 375, 374, 373, 569, 873, 372]
	 A0A009HR98	[378, 377, 376, 375, 374, 373, 569, 873, 372]
	 A0A010IZE4	[378, 377, 376, 375, 374, 373, 569, 873, 372]

 ### Operon type: 44

	 A0A009Z8F7	[377, 376, 373, 0, 374, 303, 303, 0, 302]

 ### Operon type: 45

	 A0A009R016	[227, 226, 225, 224, 223, -1, 775, 222, 221]
	 A0A009HFU9	[227, 226, 225, 224, 223, 775, 222, 221, 0]

 ### Operon type: 46

	 A0A011UJN3	[0, 733, 0, 0, 542, 541, 540, 539, 538]

 ### Operon type: 47

	 A0A011W213	[542, 541, 540, 539, 538, 498, 0, 0, 0]

 ### Operon type: 48

	 A0A011QIT1	[861, 860, 859, 858, 857, 856, 855, 854, 853]
	 A0A011QUG8	[861, 860, 859, 858, 857, 856, 0, 855, 854]

 ### Operon type: 49

	 A0A011PP01	[518, 517, 516, 586, 672, 673, 674, 675, 676]
	 A0A011NVE7	[518, 517, 516, 586, 672, 673, 674, 675, 676]

 ### Operon type: 50

	 A0A011P2I4	[652, 587, 677, 676, 675, 674, 673, 672, 586]
	 A0A011N9N8	[652, 587, 677, 676, 675, 674, 673, 672, 586]

 ### Operon type: 51

	 A0A011PIY7	[678, 0, 677, 676, 675, 674, 673, 0, 586]

 ### Operon type: 52

	 A0A011Q3J4	[0, 678, 677, 676, 675, 674, 673, 672, 0]

 ### Operon type: 53

	 A0A011MH88	[320, 678, 677, 676, 675, 674, 673, 672, 586]

 ### Operon type: 54

	 A0A013SPM5	[398, 397, 396, 395, 408, 394, 393, 392, 391]
	 A0A009QFZ7	[398, 397, 396, 395, 408, 394, 393, 392, 391]
	 A0A009MH71	[398, 397, 396, 395, 408, 394, 393, 392, 391]
	 A0A009HSL1	[398, 397, 396, 395, 408, 394, 393, 392, 391]
	 A0A009I6Z0	[398, 397, 396, 395, 408, 394, 393, 392, 391]
	 A0A010IX62	[398, 397, 396, 395, 408, 394, 393, 392, 391]
	 A0A009TK03	[398, 397, 396, 395, 408, 394, 393, 392, 391]

 ### Operon type: 55

	 A0A009ZIX8	[0, 32, 396, 395, 408, 627, 0, 391, 0]

 ### Operon type: 56

	 A0A010JJN4	[773, 772, 771, 770, 769, 768, 767, 766, 765]
	 A0A013TPR7	[773, 772, 771, 770, 769, 768, 767, 766, 765]
	 A0A009PMT3	[773, 772, 771, 770, 769, 768, 767, 766, 765]
	 A0A009NI48	[773, 772, 771, 770, 769, 768, 767, 766, -1]
	 A0A009HJJ5	[773, 772, 771, 770, 769, 768, 767, 766, 139]
	 A0A009SEP4	[773, 772, 771, 770, 769, 0, 768, 767, 0]
	 A0A009RMI1	[773, 772, 771, 770, 769, 768, 767, 766, 0]
	 A0A009I8I7	[773, 772, 771, 770, 769, 768, 767, 766, 139]
	 A0A009YG45	[0, 773, 772, 771, 769, 0, 768, 767, 766]

 ### Operon type: 57

	 A0A013TPQ9	[384, 383, 382, 381, 380, 873, 865, 379, 488]
	 A0A013S8F0	[384, 383, 382, 381, 380, 873, 865, 379, 488]
	 A0A009PMU2	[384, 383, 382, -1, 380, 873, 865, 379, 488]
	 A0A009HJM0	[384, 383, 382, 381, 380, 873, 865, 379, 488]
	 A0A009SZ84	[384, 383, 382, 381, 380, 873, 865, 379, 488]
	 A0A010IZH1	[-1, 383, 382, 381, 380, 873, 865, 379, 488]

 ### Operon type: 58

	 A0A009HUS9	[383, 382, 0, 381, 380, 134, -1, 135, 136]

 ### Operon type: 59

	 A0A009ISE1	[768, 767, 766, 136, 135, -1, 134, 380, 381]

 ### Operon type: 60

	 A0A009NPS1	[384, 383, 382, 381, 380, -1, 766, 767, 768]

 ### Operon type: 61

	 A0A013SB36	[282, 281, 280, 279, 324, 492, 491, 278, 321]
	 A0A009QSI3	[282, 281, 280, 279, 324, 492, 491, 278, -1]

 ### Operon type: 62

	 A0A010ITP2	[282, 281, 280, 279, 324, 492, 491, 0, 0]

 ### Operon type: 63

	 A0A009SII9	[-1, 281, 280, 279, 324, 492, 491, 323, 322]

 ### Operon type: 64

	 A0A009T0Q9	[324, 492, 491, 323, 322, 321, 320, 873, 319]

 ### Operon type: 65

	 A0A009YJF4	[0, 492, 491, 72, 71, 320, 873, 0, 319]

 ### Operon type: 66

	 A0A009GP96	[0, 82, 873, 776, 81, 80, 775, 79, 78]

 ### Operon type: 67

	 A0A009GSR4	[776, 81, 80, 775, 79, 78, 78, 77, 0]

 ### Operon type: 68

	 A0A009IIT6	[82, 873, 776, 81, 79, 78, 78, 77, 0]

 ### Operon type: 69

	 A0A011SQL0	[624, 555, -1, 554, 553, 552, 551, 550, 549]
	 A0A011UZ49	[555, -1, 554, 553, 552, 551, 550, 549, 0]

 ### Operon type: 70

	 A0A009PT82	[587, 801, 250, 249, 248, 247, 246, 245, 300]
	 A0A009SIF9	[587, 801, 250, 249, 248, 247, 246, 245, 300]

 ### Operon type: 71

	 A0A009IS10	[440, 0, 0, 0, 248, 247, 246, 0, 0]

 ### Operon type: 72

	 A0A009QHW5	[0, 0, 0, 756, 248, 247, 246, 0, 301]

 ### Operon type: 73

	 A0A011UVB4	[0, 0, 0, 441, 0, 0, 440, 0, 439]

 ### Operon type: 74

	 A0A011V107	[427, -1, 461, 459, 462, 458, 426, 425, 0]
	 A0A011U7M7	[0, 427, -1, 461, 459, 462, 458, 426, 425]

 ### Operon type: 75

	 A0A011TLH0	[463, 462, 461, 460, 459, 458, 0, 0, 0]

 ### Operon type: 76

	 A0A011UG87	[455, 456, 457, 463, 462, 461, 460, 459, 458]

 ### Operon type: 77

	 A0A011TLH7	[457, 456, 455, 0, 0, 0, 0, 0, 0]

 ### Operon type: 78

	 A0A011TAF9	[0, 0, 474, 473, 472, 471, 470, 469, 468]
	 A0A011TWN2	[474, 473, 472, 471, 470, 469, 468, 0, 0]

 ### Operon type: 79

	 A0A011Q5V7	[667, 0, 0, 0, 666, 665, 664, 663, 662]

 ### Operon type: 80

	 A0A011RM25	[666, 665, 664, 663, 662, 810, 0, 577, 0]

 ### Operon type: 81

	 A0A011QIE8	[868, 867, 866, 865, 864, 863, 862, 0, 0]
	 A0A011QDV3	[868, 867, 866, 865, 864, 863, 801, 0, 862]

 ### Operon type: 82

	 A0A011QAB0	[656, 655, 654, 0, 653, 652, 651, 650, 0]
	 A0A011PL71	[523, 656, 655, 654, 653, 652, 651, 650, 0]

 ### Operon type: 83

	 A0A011Q6N5	[661, 660, 659, 0, 0, 0, 658, 657, 658]

 ### Operon type: 84

	 A0A011SGD5	[0, 0, 0, 0, 0, 0, 661, 660, 659]

 ### Operon type: 85

	 A0A011NYU6	[696, 695, 0, 694, 693, 631, 630, 0, 692]

 ### Operon type: 86

	 A0A011PYI6	[696, 695, 0, 694, 693, 692, 783, 691, 0]

 ### Operon type: 87

	 A0A011P1C0	[0, 0, 631, 630, 692, 0, 0, 0, 0]

 ### Operon type: 88

	 A0A011PKU5	[529, 528, 527, 526, 527, 525, 524, 0, 0]
	 A0A011N4G4	[0, 0, 529, 528, 527, 526, 527, 525, 524]

 ### Operon type: 89

	 A0A010ZWJ8	[11, 10, 9, 515, 8, 611, 449, 611, 7]

 ### Operon type: 90

	 A0A011AHW1	[8, 515, 9, 10, 11, 0, 0, 12, 0]

 ### Operon type: 91

	 A0A011AHU9	[449, 611, 7, 0, 0, 0, 0, 14, 320]

 ### Operon type: 92

	 A0A010ZX98	[6, 5, 4, 3, 2, 22, 865, 865, 0]

 ### Operon type: 93

	 A0A011AIL7	[2, 3, 4, 5, 6, 0, 0, 0, 0]

 ### Operon type: 94

	 A0A010YF95	[668, 28, 855, 27, 26, 26, 25, 543, 24]

 ### Operon type: 95

	 A0A010ZJQ6	[28, 855, 27, 26, 26, 25, 543, 24, 0]

 ### Operon type: 96

	 A0A009GXL8	[75, 74, 73, 72, 71, 125, 198, 197, 196]

 ### Operon type: 97

	 A0A010JIW7	[75, 74, 73, 72, 71, 0, 0, 198, 197]

 ### Operon type: 98

	 A0A011QNA5	[0, 848, 847, 846, 0, 845, 844, 843, 842]
	 A0A009ZLJ7	[842, 843, 844, 845, 0, 0, 848, 847, 846]

 ### Operon type: 99

	 A0A013T0T6	[845, 844, 843, 842, 747, 746, 406, 745, 405]
	 A0A009QMH5	[845, 844, 843, 842, 747, 746, 406, 745, 405]
	 A0A009ISY0	[845, 844, 843, 842, 747, 133, 406, 745, 405]
	 A0A009HAX1	[845, 844, 843, 842, 747, 746, 406, 745, 405]
	 A0A009PE10	[845, 844, 843, 842, 747, 133, 406, 745, -1]
	 A0A009RMD0	[845, 844, 843, 842, 747, 133, 406, 745, 405]

 ### Operon type: 100

	 A0A010ILW6	[845, 844, 843, 842, 747, 746, 0, 0, 745]

 ### Operon type: 101

	 A0A009Z9X7	[844, 843, 842, 0, 747, 0, 809, 0, 745]

 ### Operon type: 102

	 A0A013S8V2	[286, 285, 0, 0, 0, 284, 0, 0, 0]
	 A0A009R8E1	[0, 629, 0, 286, 285, 0, 0, 284, 0]

 ### Operon type: 103

	 A0A009ICH6	[716, 238, 237, 236, 53, 52, 51, 50, 805]
	 A0A009ZFR5	[716, 238, 237, 236, 53, 52, 51, 50, 805]

 ### Operon type: 104

	 A0A009NQA1	[716, 238, 237, 236, 235, 234, 404, 805, 802]
	 A0A009RR21	[716, 238, 237, 236, 235, 234, 404, 805, 802]

 ### Operon type: 105

	 A0A009HTN9	[716, 238, 237, 236, 235, 234, 84, 732, 83]
	 A0A009T3J5	[716, 238, 237, 236, 235, 234, 84, 732, 83]

 ### Operon type: 106

	 A0A009Q0U9	[716, 238, 237, 236, 235, 234, -1, -1, 0]

 ### Operon type: 107

	 A0A009QEG7	[159, 158, 157, 156, 155, 154, 153, 152, 151]
	 A0A009IPC3	[159, 158, 157, 156, 155, 154, 153, 152, 151]

 ### Operon type: 108

	 A0A009I573	[124, 0, 123, 122, 0, 121, 155, 156, 157]

 ### Operon type: 109

	 A0A009ILP9	[152, 0, 157, 156, 155, 121, 151, 122, 123]

 ### Operon type: 110

	 A0A009I953	[152, 0, 157, 156, 155, 121, 151, 0, -1]

 ### Operon type: 111

	 A0A009SX74	[592, 625, 0, 122, 151, 152, 158, 159, 129]

 ### Operon type: 112

	 A0A010IPH1	[731, 730, 729, 728, 727, 726, 725, 724, 723]
	 A0A009MMG9	[731, 730, 729, 728, 727, 726, 725, 724, 723]
	 A0A009QVK8	[731, 730, 729, 728, 727, 726, 725, 724, 723]
	 A0A009ICP5	[731, 730, 729, 728, 727, 726, 725, 724, 723]

 ### Operon type: 113

	 A0A009QLL2	[308, 309, 310, 218, 727, 726, 725, 724, 723]
	 A0A009HTW0	[308, 309, 310, 218, 727, 726, 725, 724, 723]
	 A0A009SIV4	[308, 309, 310, 218, 727, 726, 725, 724, 723]
	 A0A013TSJ4	[309, 310, 0, 218, 727, 726, 725, 724, 723]

 ### Operon type: 114

	 A0A010ITG1	[753, 702, 701, 700, 699, 698, 697, 873, 865]
	 A0A013TCN9	[753, 702, 701, 700, 699, 698, 697, 873, 865]
	 A0A009NIJ3	[753, 702, 701, 700, 699, 698, 697, 873, 865]
	 A0A009QNC9	[753, 702, 701, 700, 699, 698, 697, 873, 865]
	 A0A013TRC1	[753, 702, 701, 700, 699, 698, 697, 873, 865]

 ### Operon type: 115

	 A0A009H935	[0, 0, 701, 700, 699, 698, 697, 873, 865]

 ### Operon type: 116

	 A0A009QEX0	[722, 721, 720, 719, 718, 150, 150, 691, 149]
	 A0A009IMX3	[722, 721, 720, 719, 718, 150, 150, 691, 149]
	 A0A009SF48	[722, 721, 720, 719, 718, -1, 150, 691, 149]

 ### Operon type: 117

	 A0A010ISX2	[722, 721, 720, 719, 718, 717, 716, 715, 714]
	 A0A013S7V1	[722, 721, 720, 719, 718, 717, 716, 715, 714]
	 A0A009MR00	[722, 721, 720, 719, 718, 717, 716, 715, 714]
	 A0A009RES7	[722, 721, 720, 719, 718, 717, 716, 715, 714]

 ### Operon type: 118

	 A0A009YTT3	[31, 223, 720, 719, 718, 717, 716, 715, 714]

 ### Operon type: 119

	 A0A009GYP9	[0, 0, 0, 719, 718, 717, 716, 715, 714]

 ### Operon type: 120

	 A0A009ZZC8	[-1, 69, 70, 31, 223, 720, 719, 718, 717]

 ### Operon type: 121

	 A0A011UGX8	[180, 179, 178, 177, 176, 175, 174, 107, 106]
	 A0A011WSE5	[179, 178, 177, 176, 175, 174, 107, 106, 272]

 ### Operon type: 122

	 A0A011VZG0	[271, 0, 180, 179, 178, 177, 176, 175, 174]

 ### Operon type: 123

	 A0A009PJF7	[304, 305, 305, 306, 255, 307, 254, 253, 252]
	 A0A009SJZ7	[441, 304, 305, 306, 255, 307, 254, 253, 252]

 ### Operon type: 124

	 A0A009Z5G0	[307, 306, 305, 0, 558, 304, 441, 350]

 ### Operon type: 125

	 A0A010JJC1	[764, 763, 762, 761, 760, 759, 758, 774, 757]
	 A0A010IZ41	[763, 762, 761, 760, 759, 758, 774, 757, 364]

 ### Operon type: 126

	 A0A009QJL6	[764, 763, 762, 761, 0, 757, 364, 140, 0]

 ### Operon type: 127

	 A0A013TB41	[371, -1, 370, 369, 368, 587, 730, 713, 367]
	 A0A013SGL3	[371, 277, 370, 369, 368, 587, 730, 713, 367]
	 A0A009PG53	[371, 277, 370, 369, 368, 587, 730, 713, 367]
	 A0A009NE81	[371, 277, 370, 369, 368, 587, 730, 713, 367]
	 A0A009I5Z6	[371, 277, 370, 369, 368, 587, 730, 713, 367]
	 A0A009RQH3	[371, 277, 370, 369, 368, 587, 730, 713, 367]
	 A0A010KAV2	[371, 277, 370, 369, 368, 587, 730, 713, 367]
	 A0A009SHB3	[371, 277, 370, 369, 368, 587, 730, 713, 367]

 ### Operon type: 128

	 A0A009H3X4	[371, 277, 370, 369, 368, 587, -1, 785, -1]

 ### Operon type: 129

	 A0A009PIB4	[0, 0, 0, 244, 434, 243, 775, 873, 652]
	 A0A009SLR5	[0, 0, 0, 244, 434, 243, 775, 873, 652]

 ### Operon type: 130

	 A0A009HSU4	[0, 0, 546, 873, 0, 587, 713, 652, 775]

 ### Operon type: 131

	 A0A009I463	[570, 128, 127, 354, 354, 275, 274, 273, 233]
	 A0A009PAG1	[570, 128, 127, 354, 354, 275, 274, 273, 233]

 ### Operon type: 132

	 A0A013SKX6	[0, 0, 570, 0, 354, 354, 275, 274, 273]

 ### Operon type: 133

	 A0A011Q5S3	[853, 671, 0, 0, 0, 0, 670, 669, 668]

 ### Operon type: 134

	 A0A011UZZ4	[0, 670, 669, 0, 0, 0, 432, 432, 668]

 ### Operon type: 135

	 A0A011UTJ0	[0, 0, 0, 446, 445, 444, 616, 443, 442]

 ### Operon type: 136

	 A0A011VMV7	[446, 445, 444, 616, 443, 442, 413, 412, 411]

 ### Operon type: 137

	 A0A011NYT4	[782, 613, 612, 766, 0, 493, 493, 492, 491]

 ### Operon type: 138

	 A0A011P8E9	[0, 0, 782, 613, 0, 612, 766, 0, 0]

 ### Operon type: 139

	 A0A010TF34	[0, -1, 0, 0, 97, 96, 95, 94, 93]
	 A0A010SYH9	[97, 96, 95, 94, 93, 0, 0, 0, 0]

 ### Operon type: 140

	 A0A010TFJ4	[0, -1, 0, 102, 101, 100, 99, -1, 98]
	 A0A010S7A1	[102, 101, 100, 99, 0, 98, 0, 0, 0]

 ### Operon type: 141

	 A0A009PAV9	[92, -1, 729, 91, 354, 775, 90, 89, 88]
	 A0A009HJC2	[92, 865, 729, 91, 354, 775, 90, 89, 88]

 ### Operon type: 142

	 A0A009SE02	[0, 88, 0, 0, 0, 89, 90, 775, 354]

 ### Operon type: 143

	 A0A009HS41	[713, 716, 712, 711, 261, 873, 873, 709, 708]
	 A0A009SYU8	[713, 716, 712, 711, 261, 873, 873, 709, 708]
	 A0A009RSB7	[713, 716, 712, 711, 261, 873, 873, 709, 708]

 ### Operon type: 144

	 A0A010IT25	[713, 716, 712, 711, 710, 873, 873, 709, 708]
	 A0A013SHA9	[713, 716, 712, 711, 710, 873, 873, 709, 708]
	 A0A009I466	[713, 716, 712, 711, 710, 873, 873, 709, 708]

 ### Operon type: 145

	 A0A009NMQ9	[713, 716, 712, 711, 710, 0, 873, 873, 709]

 ### Operon type: 146

	 A0A009P8A9	[0, 0, 712, 711, 261, 873, 873, 709, 708]

 ### Operon type: 147

	 A0A009NJ90	[204, 203, 202, 325, 337, 336, 335, 334, 333]
	 A0A009ITT8	[204, 203, 202, 325, 337, 335, 334, 333, 332]

 ### Operon type: 148

	 A0A009NCH6	[208, 334, 333, 332, 329, 219, 207, 206, 205]
	 A0A009IJ01	[334, 333, 332, 331, 329, 219, 207, 206, 205]

 ### Operon type: 149

	 A0A009RQL5	[334, 333, 332, 220, 329, 219, 207, 206, 0]

 ### Operon type: 150

	 A0A009MGQ8	[337, 0, 208, 334, 333, 332, 329, 219, 207]

 ### Operon type: 151

	 A0A009S6G1	[328, 327, 326, 325, 337, 334, 333, 332, 329]
	 A0A009RHH7	[328, 327, 326, 325, 337, 336, 334, 333, 332]
	 A0A009IJ07	[328, 327, 326, 325, 337, 334, 333, 332, 331]

 ### Operon type: 152

	 A0A009HZK2	[326, 325, 337, 334, 333, 332, 331, 329, 219]

 ### Operon type: 153

	 A0A009R4N4	[325, 337, 336, 334, 333, 332, 220, 329, 219]

 ### Operon type: 154

	 A0A009S5A5	[337, 336, 335, 334, 333, 332, 331, 330, 329]

 ### Operon type: 155

	 A0A009RHH9	[0, 0, 0, 0, 410, 328, 327, 326, 325]

 ### Operon type: 156

	 A0A011PGU1	[0, 0, 591, 837, 836, 835, 590, 589, 588]
	 A0A011MDH1	[685, 0, 591, 837, 836, 835, 590, 589, 588]

 ### Operon type: 157

	 A0A011V0P4	[481, 431, 0, 0, 430, 0, 0, 429, 428]

 ### Operon type: 158

	 A0A011WPV7	[429, 428, 0, 0, 0, 0, 0, 0, 0]

 ### Operon type: 159

	 A0A011UDF3	[837, 114, 0, 0, 0, 454, 113, 112, 831]

 ### Operon type: 160

	 A0A011VSC9	[113, 112, 831, 0, 0, 0, 0, 0, 0]

 ### Operon type: 161

	 A0A011SF89	[567, 566, 565, 0, 0, 0, 0, 0, 0]

 ### Operon type: 162

	 A0A011UCX7	[0, 656, 567, 566, 0, 565, 117, 0, 0]

 ### Operon type: 163

	 A0A011RNP9	[0, 0, 0, 0, 0, 574, 651, 0, 0]

 ### Operon type: 164

	 A0A011V0B5	[570, 0, 0, 0, 0, 0, 574, 0, 0]

 ### Operon type: 165

	 A0A011RQC9	[0, 570, 569, 0, 0, 0, 0, 568, 0]

 ### Operon type: 166

	 A0A011QG28	[839, 838, 837, 0, 836, 835, 834, 833, 832]
	 A0A011RIM8	[839, 838, 0, 0, 836, 835, 834, 833, 832]

 ### Operon type: 167

	 A0A011PHI6	[504, 0, 870, 0, 0, 869, 858, 689, 0]

 ### Operon type: 168

	 A0A011QI68	[0, 0, 870, 869, 0, 0, 0, 0, 0]

 ### Operon type: 169

	 A0A011NVJ6	[497, 635, 634, 633, 632, 732, 0, 0, 496]

 ### Operon type: 170

	 A0A011PVP2	[0, 635, 634, 633, 632, 732, 0, 0, 686]

 ### Operon type: 171

	 A0A011NXY7	[0, 0, 634, 0, 632, 0, 0, 0, 0]

 ### Operon type: 172

	 A0A011QR69	[807, 806, 805, 804, 803, 802, 0, 0, 0]
	 A0A011NUB4	[807, 806, 805, 804, 803, 802, 0, 498, 0]

 ### Operon type: 173

	 A0A011NN36	[806, 805, 0, 0, 803, 802, 0, 0, 0]

 ### Operon type: 174

	 A0A011PK69	[805, 532, 0, 0, 803, 802, 0, 0, 0]

 ### Operon type: 175

	 A0A011RMI6	[640, 850, 849, 576, 575, 639, 638, 637, 636]
	 A0A011NYD6	[640, 850, 849, 576, 575, 639, 638, 637, 636]

 ### Operon type: 176

	 A0A011QB28	[641, 640, 850, 0, 0, 639, 638, 637, 636]

 ### Operon type: 177

	 A0A011NF33	[0, 639, 638, 0, 0, 0, 0, 0, 0]

 ### Operon type: 178

	 A0A011NBY4	[484, 0, 0, 536, 0, 0, 483, 0, 0]

 ### Operon type: 179

	 A0A011WRT0	[484, 0, 0, 0, 0, 0, 0, 691, 0]

 ### Operon type: 180

	 A0A011SHV5	[0, 0, 0, 0, 0, 561, 691, 764, 0]

 ### Operon type: 181

	 A0A011NB95	[0, 811, 0, 0, 0, 0, 729, 486, 485]

 ### Operon type: 182

	 A0A011UHT4	[140, 173, 486, 0, 0, 104, 104, 485, 0]

 ### Operon type: 183

	 A0A010Z1W7	[0, 0, 0, 0, 0, 33, 0, 191, 192]

 ### Operon type: 184

	 A0A011VY84	[0, 0, 192, 191, 0, 0, 0, 0, 0]

 ### Operon type: 185

	 A0A010YW85	[0, 0, 0, 0, 0, 268, 0, 191, 192]

 ### Operon type: 186

	 A0A010ZMA0	[191, 489, 0, 0, 0, 0, 0, 0, 0]

 ### Operon type: 187

	 A0A011N5L2	[0, 0, 0, 489, 0, 488, 765, 0, 0]

 ### Operon type: 188

	 A0A009MJ75	[0, 0, 233, 232, 231, 0, 0, 0, 776]

 ### Operon type: 189

	 A0A010IH51	[0, 723, 0, 0, 231, 0, 776, 0, 0]

 ### Operon type: 190

	 A0A011TYT7	[0, 0, 0, 0, 0, 0, 723, 547, 547]

 ### Operon type: 191

	 A0A010RRR9	[0, 0, 0, 0, 778, 0, 0, 777, 776]

 ### Operon type: 192

	 A0A010SIA7	[0, 0, 777, 99, 0, 0, 0, 0, 0]

 ### Operon type: 193

	 A0A010RFQ9	[0, 0, 787, 0, 786, 0, 0, 0, 0]

 ### Operon type: 194

	 A0A010SPR9	[43, 43, 0, 0, 0, 786, 0, 0, 0]

 ### Operon type: 195

	 A0A009LNU8	[132, 138, 551, 131, 0, 130, 0, 775, 0]

 ### Operon type: 196

	 A0A013SRG6	[54, 131, 551, 138, 0, 137, 0, 132, 503]

 ### Operon type: 197

	 A0A009IQU8	[0, 138, 0, 0, 0, 137, 503, 0, 0]

 ### Operon type: 198

	 A0A010K2K8	[551, 131, 54, 0, 0, 0, 0, -1, 775]

 ### Operon type: 199

	 A0A011NPR8	[0, 503, 0, 0, 0, 0, 502, 0, 0]

 ### Operon type: 200

	 A0A010SEA2	[671, 502, 48, 0, 0, 0, 0, 0, 0]

 ### Operon type: 201

	 A0A010IGH8	[0, 0, 0, 0, 0, 0, 0, 295, 709]

 ### Operon type: 202

	 A0A010STD3	[0, 0, 0, 453, 452, 451, 0, 709, 295]

 ### Operon type: 203

	 A0A010SQJ5	[287, 728, 0, 453, 452, 451, 0, 0, 0]

 ### Operon type: 204

	 A0A013RVV2	[753, 0, 297, 296, 0, 0, 709, 295, 0]

 ### Operon type: 205

	 A0A011TD67	[454, 0, 0, 453, 452, 451, 450, 0, 449]

 ### Operon type: 206

	 A0A009ZC12	[0, 0, 0, 453, 0, 451, 450, 299, 829]

 ### Operon type: 207

	 A0A009YSC7	[0, 0, 483, 29, 0, 29, 297, 296, 0]

 ### Operon type: 208

	 A0A009ZJK4	[0, 0, 0, 0, 0, 0, 716, 38, 0]

 ### Operon type: 209

	 A0A010SVN1	[-1, 38, 873, 228, 464, 0, 0, 716, 0]

 ### Operon type: 210

	 A0A009PFK7	[267, 266, 265, 264, 263, 0, 0, 262, 0]
	 A0A009QGN4	[267, 266, 265, 264, 263, 262, 0, 0, 0]

 ### Operon type: 211

	 A0A009YR20	[0, 262, 0, 0, 0, 0, 266, 0, 0]

 ### Operon type: 212

	 A0A009SCM5	[68, 67, 66, 0, 0, 0, 0, 0, 0]

 ### Operon type: 213

	 A0A009TJ77	[129, 45, 0, 0, 0, 0, 68, 67, 66]

 ### Operon type: 214

	 A0A009HZV2	[0, 0, 0, 0, 195, 194, 336, 0, 0]

 ### Operon type: 215

	 A0A009QPE7	[0, 0, 0, 0, 195, 194, 0, 0, 0]

 ### Operon type: 216

	 A0A009MGR3	[0, 0, 212, 0, 399, 330, 224, 211, 210]

 ### Operon type: 217

	 A0A009Q4G0	[0, 213, 212, 0, 399, 0, 211, 210, 211]

 ### Operon type: 218

	 A0A009PB53	[0, 0, 201, 200, 399, 211, 210, 211, 199]

 ### Operon type: 219

	 A0A009PUJ8	[0, 201, 200, 399, 0, 199, 198, 197, 196]

 ### Operon type: 220

	 A0A009QQC0	[193, 0, 230, 873, 339, 339, 229, 379, 228]
	 A0A009H7I0	[193, 0, 0, 873, 339, 339, 229, 379, 228]

 ### Operon type: 221

	 A0A009MVG4	[230, 0, 276, 873, 339, 339, 229, 379, 228]

 ### Operon type: 222

	 A0A009QA91	[341, 340, 713, 873, 339, 339, 229, 379, 228]
	 A0A010J377	[341, 340, 713, 873, 339, 339, 229, 379, 228]

 ### Operon type: 223

	 A0A009S1X4	[341, 340, 713, 873, 339, 339, 873, 0, 338]

 ### Operon type: 224

	 A0A013SHF4	[0, 0, 276, 873, 339, 339, 0, 318, 0]

 ### Operon type: 225

	 A0A011PJK8	[546, 521, 520, 872, 871, 519, 0, 0, 0]
	 A0A011N3C3	[0, 0, 0, 546, 521, 520, 872, 871, 519]

 ### Operon type: 226

	 A0A011UWH1	[522, 437, 436, 435, 0, 0, 0, 0, 0]
	 A0A011WKI4	[0, 0, 0, 0, 0, 522, 437, 436, 435]

 ### Operon type: 227

	 A0A010YKP2	[0, 0, 0, 0, 0, 0, 496, 424, 0]

 ### Operon type: 228

	 A0A011V1A2	[431, 0, 0, 424, 0, 0, 0, 0, 0]

 ### Operon type: 229

	 A0A011NGS0	[0, 0, 0, 0, 798, 797, 0, 0, 0]

 ### Operon type: 230

	 A0A011PW61	[0, 0, 0, 0, 798, 797, 0, 0, 796]

 ### Operon type: 231

	 A0A011UXI1	[0, 530, 0, 0, 798, 797, 448, 0, 0]

 ### Operon type: 232

	 A0A011SWI9	[-1, -1, 0, 504, 798, 797, 448, -1, -1]

 ### Operon type: 233

	 A0A011P952	[797, 0, 608, 0, 0, 608, 0, 0, 0]

 ### Operon type: 234

	 A0A011Q1B3	[690, 689, 688, 687, 688, 686, 685, 0, 0]
	 A0A011QVV5	[0, 0, 690, 689, 688, 687, 688, 686, 685]

 ### Operon type: 235

	 A0A011NSG8	[0, 0, 0, 689, 688, 687, 0, 688, 0]

 ### Operon type: 236

	 A0A011P0X4	[0, 0, 685, 0, 688, 0, 0, 687, 629]

 ### Operon type: 237

	 A0A010YNY9	[0, 0, 34, 23, 0, 0, 0, 0, 438]

 ### Operon type: 238

	 A0A011AC71	[338, 0, 0, 467, 0, 34, 23, 0, 713]

 ### Operon type: 239

	 A0A011QLX0	[0, 852, 0, 0, 851, 0, 850, 849, 0]
	 A0A011PRW6	[852, 0, 0, 0, 851, 850, 849, 0, 0]

 ### Operon type: 240

	 A0A010SML6	[0, 850, 849, -1, 0, 625, 0, 0, 0]

 ### Operon type: 241

	 A0A010RS09	[0, 0, 0, 0, 94, 0, 785, 785, 0]

 ### Operon type: 242

	 A0A010RTE7	[0, 0, 0, 0, 0, 0, 94, 45, 0]

 ### Operon type: 243

	 A0A009P817	[242, 0, 0, 0, 241, 0, 270, 240, 239]

 ### Operon type: 244

	 A0A009TIY0	[0, 0, 0, 0, 241, 0, 270, 240, 0]

 ### Operon type: 245

	 A0A009QKA3	[270, 240, 0, 239, 0, 0, 0, 0, 267]

 ### Operon type: 246

	 A0A009HSR2	[0, 87, 86, 0, 85, 216, 215, 336, 214]

 ### Operon type: 247

	 A0A009SWM1	[0, 87, 86, 0, 85, 0, 0, 215, 0]

 ### Operon type: 248

	 A0A009MYX0	[209, 214, 0, 546, 0, 0, 215, 216, 217]

 ### Operon type: 249

	 A0A009QK79	[0, 0, 217, 216, 0, 215, 0, 0, 214]

 ### Operon type: 250

	 A0A009GXJ1	[423, 422, 216, 215, 76, 336, 214, 209, 0]

 ### Operon type: 251

	 A0A010IT95	[0, 0, 0, 775, 707, 706, 705, 704, 703]
	 A0A013TKW8	[0, 840, 0, 775, 707, 706, 705, 704, 703]
	 A0A009S0T6	[0, 0, 775, 342, 707, 706, 705, 704, 703]
	 A0A009PRQ9	[0, 775, 342, 0, 707, 706, 705, 704, 703]
	 A0A009QT77	[0, 0, -1, 775, 707, 706, 705, 704, 703]
	 A0A009MH36	[0, 0, 0, 775, 707, 706, 705, 704, 703]
	 A0A009I5G9	[0, 0, 775, 342, 707, 706, 705, 704, 703]
	 A0A009GWD0	[336, 0, 0, 775, 707, 706, 705, 704, 703]

 ### Operon type: 252

	 A0A013TMJ7	[865, -1, 0, 775, 707, 704, 703, 0, 0]

 ### Operon type: 253

	 A0A011VXC2	[-1, 480, 0, 513, 479, 478, 477, 476, 475]
	 A0A011V392	[480, 0, 513, 479, 478, 477, 0, 476, 475]

 ### Operon type: 254

	 A0A011V490	[271, 351, 0, 475, 476, 477, 478, 479, 513]

 ### Operon type: 255

	 A0A011VZF5	[0, 0, 479, 478, 477, 656, 351, 656, 0]

 ### Operon type: 256

	 A0A011WLE7	[0, 0, 0, 0, 0, 181, 0, 0, 0]
	 A0A011VU44	[0, 0, 0, 0, 0, 181, 0, 0, 0]

 ### Operon type: 257

	 A0A011VAP2	[0, 0, 64, 0, 0, 0, 0, 0, 63]

 ### Operon type: 258

	 A0A011VRJ8	[0, 0, 0, 0, 0, 0, 64, 0, 0]

 ### Operon type: 259

	 A0A011RNU1	[0, 0, 0, 0, 0, 0, 573, 573, 572]

 ### Operon type: 260

	 A0A011VKJ9	[0, 0, 0, 0, 0, 0, 572, 573, -1]

 ### Operon type: 261

	 A0A011PQZ7	[0, 0, 0, 515, 693, 0, 514, 0, 0]

 ### Operon type: 262

	 A0A011TUX4	[0, 0, 0, 0, 693, 0, 0, 514, 0]

 ### Operon type: 263

	 A0A011STZ9	[0, 0, 0, 514, 0, 0, 0, 0, 0]

 ### Operon type: 264

	 A0A011PUJ9	[0, 0, 0, 0, 0, 0, 0, 0, 585]
	 A0A011PRF5	[585, 0, 0, 0, 0, 0, 0, 0, 0]

 ### Operon type: 265

	 A0A011PFY8	[0, 0, 0, 0, 0, 0, 0, 0, 594]

 ### Operon type: 266

	 A0A011PNS3	[808, 594, 0, 0, 0, 0, 0, 0, 0]

 ### Operon type: 267

	 A0A011T648	[0, 594, 0, 0, 0, 0, 0, 805, 0]

 ### Operon type: 268

	 A0A010YYJ5	[0, 0, 0, 656, 0, 0, 0, 47, 47]

 ### Operon type: 269

	 A0A011NDM5	[656, 0, 0, 0, 0, 0, 0, 0, 0]

 ### Operon type: 270

	 A0A011MSR2	[0, 0, 0, 490, 0, 0, 0, 656, 656]

 ### Operon type: 271

	 A0A011WSU6	[0, 656, 0, 0, 476, 0, 0, 0, 0]

 ### Operon type: 272

	 A0A011U3C2	[0, 0, 834, 0, 0, 0, 0, 0, 0]
	 A0A011AEN3	[0, 0, 0, 0, 0, 0, 834, 0, 0]

 ### Operon type: 273

	 A0A011AAZ2	[0, 628, 0, 0, 0, 834, 834, 834, 0]

 ### Operon type: 274

	 A0A011T698	[0, 0, 0, 0, 0, 713, 834, 0, 0]

 ### Operon type: 275

	 A0A010YRE8	[0, 0, 0, 0, 0, 0, 0, 22, 0]

 ### Operon type: 276

	 A0A011AF05	[0, 0, 338, 22, 0, 0, 0, 0, 0]

 ### Operon type: 277

	 A0A009ZG48	[0, 0, 0, 840, 0, 0, 0, 0, 0]

 ### Operon type: 278

	 A0A011PEJ8	[0, 0, 600, 840, 0, 0, 0, 0, 0]

 ### Operon type: 279

	 A0A011QNJ7	[841, 0, 0, 840, 0, 0, 0, 841, 0]

 ### Operon type: 280

	 A0A011MMJ4	[0, 0, 0, 0, 0, 0, 0, 841, 0]

 ### Operon type: 281

	 A0A011R8M3	[0, 0, 600, 840, 0, 447, 0, 841, 0]

 ### Operon type: 282

	 A0A009ZC82	[0, 0, 624, 0, 0, 0, 0, 0, 0]

 ### Operon type: 283

	 A0A011P3F6	[625, 0, 0, 624, 0, 0, 0, 0, 0]

 ### Operon type: 284

	 A0A009IG48	[0, 0, 0, 119, 118, 0, 0, 0, 625]

 ### Operon type: 285

	 A0A009IMQ0	[0, 0, 0, 119, 118, 0, 0, 0, 0]

 ### Operon type: 286

	 A0A009SWV1	[0, 0, 0, 0, 0, 0, 0, 119, 0]

 ### Operon type: 287

	 A0A009PMZ9	[251, 0, 0, 0, 0, 0, 0, 0, 0]
	 A0A009Q512	[0, 0, 0, 0, 251, 0, 0, 0, 0]

 ### Operon type: 288

	 A0A009IFL2	[0, 298, 0, 49, -1, 0, 0, 0]

 ### Operon type: 289

	 A0A009ZDS1	[-1, -1, 0, 298, 0, 0, 763, 0, 0]

 ### Operon type: 290

	 A0A010SNM6	[40, 36, -1, 0, 0, 0, 865, 0, 0]

 ### Operon type: 291

	 A0A010T5D8	[36, 40, 0, -1, 0, -1, 364, 0, 0]

 ### Operon type: 292

	 A0A011UB51	[535, 0, 0, 0, 0, 0, 0, 0, 0]
	 A0A011UFH1	[0, 0, 0, 0, 0, 535, 0, 0, 0]

 ### Operon type: 293

	 A0A011V965	[0, -1, -1, 0, 65, 0, -1, -1, 0]
	 A0A011VHP2	[0, -1, -1, -1, 65, 0, 0, 0, 0]

 ### Operon type: 294

	 A0A010RVD0	[-1, 0, 0, -1, 0, 821, 821, 0, 44]

 ### Operon type: 295

	 A0A010T7Q5	[0, 44, 0, 0, 0, 0, -1, 0, 0]

 ### Operon type: 296

	 A0A010SJH7	[0, 0, 865, -1, 0, 0, 229, 0, 0]

 ### Operon type: 297

	 A0A010SRR2	[0, 0, -1, 0, 0, 0, 0, 0, 865]

 ### Operon type: 298

	 A0A010RKP8	[0, 0, 0, 0, 0, 0, -1, 0, 0]
	 A0A011UZ32	[0, 0, 0, 0, 0, -1, 0, 0, 0]
	 A0A009HJU6	[0, 0, 0, 0, 0, 0, 0, 0, -1]
	 A0A010TF14	[-1, 0, 0, 0, 0, 0, 0, 0, 0]
	 A0A010RY47	[-1, 0, -1, 0, 0, 0, 0, 0, 0]

 ### Operon type: 299

	 A0A010SJF9	[0, 0, 0, 0, 0, -1, 0, 108, -1]

 ### Operon type: 300

	 A0A011ML54	[0, 0, 0, 182, 0, 0, 0, 0, -1]

 ### Operon type: 301

	 A0A011NHY1	[0, 0, 0, 0, 0, 865, 0, 0, 0]

 ### Operon type: 302

	 A0A010Z171	[0, 0, 0, 0, 0, 0, 865, 0, 546]

 ### Operon type: 303

	 A0A011T697	[865, 0, 0, 0, 0, 0, 0, 0, 270]

 ### Operon type: 304

	 A0A011TDD1	[0, 465, 865, 0, 0, 0, 0, 0, 0]

 ### Operon type: 305

	 A0A011VW24	[0, 0, 810, 0, 0, 0, 0, 0, -1]

 ### Operon type: 306

	 A0A011T8V3	[0, 0, 810, 0, 0, 0, 0, 0, 0]

 ### Operon type: 307

	 A0A010TH98	[796, 0, 0, 810, 0, 0, 0, 0, 0]

 ### Operon type: 308

	 A0A011QVR3	[0, 0, 0, 0, 0, 0, 0, 811, 810]

 ### Operon type: 309

	 A0A011VYF1	[810, 0, 0, 0, 0, 0, 535, 0, 0]

 ### Operon type: 310

	 A0A010S415	[-1, 810, 0, 228, 0, 0, 0, 0, 751]

 ### Operon type: 311

	 A0A011QMJ8	[0, 0, 0, 0, 0, 0, 0, 0, 0]
	 A0A011QSN2	[0, 0, 0, 0, 0, 0, 0, 0, 0]
	 A0A011Q056	[0, 0, 0, 0, 0, 0, 0, 0, 0]
	 A0A011P9Z5	[0, 0, 0, 0, 0, 0, 0, 0, 0]
	 A0A011PBM9	[0, 0, 0, 0, 0, 0, 0, 0, 0]
	 A0A011PNN2	[0, 0, 0, 0, 0, 0, 0, 0, 0]
	 A0A011NMI8	[0, 0, 0, 0, 0, 0, 0, 0, 0]
	 A0A011NTU3	[0, 0, 0, 0, 0, 0, 0, 0, 0]
	 A0A011N2Z0	[0, 0, 0, 0, 0, 0, 0, 0, 0]
	 A0A011NAJ1	[0, 0, 0, 0, 0, 0, 0, 0, 0]
	 A0A011UHL2	[0, 0, 0, 0, 0, 0, 0, 0, 0]
	 A0A013TEV4	[0, 0, 0, 0, 0, 0, 0, 0, 0]
	 A0A013SL47	[0, 0, 0, 0, 0, 0, 0, 0, 0]
	 A0A011WUT3	[0, 0, 0, 0, 0, 0, 0, 0, 0]
	 A0A013S2B9	[0, 0, 0, 0, 0, 0, 0, 0, 0]
	 A0A013SBR8	[0, 0, 0, 0, 0, 0, 0, 0, 0]
	 A0A009MH90	[0, 0, 0, 0, 0, 0, 0, 0, 0]
	 A0A011VYF6	[0, 0, 0, 0, 0, 0, 0, 0, 0]
	 A0A009M4K0	[0, 0, 0, 0, 0, 0, 0, 0, 0]
	 A0A011UBN9	[0, 0, 0, 0, 0, 0, 0, 0, 0]
	 A0A011UFM5	[0, 0, 0, 0, 0, 0, 0, 0, 0]
	 A0A009PDV4	[0, 0, 0, 0, 0, 0, 0, 0, 0]
	 A0A009HIL8	[0, 0, 0, 0, 0, 0, 0, 0, 0]
	 A0A011VNE2	[0, 0, 0, 0, 0, 0, 0, 0, 0]
	 A0A010SHY1	[0, 0, 0, 0, 0, 0, 0, 0, 0]
	 A0A010SPJ7	[0, 0, 0, 0, 0, 0, 0, 0, 0]
	 A0A010SSQ8	[0, 0, 0, 0, 0, 0, 0, 0, 0]
	 A0A010T025	[0, 0, 0, 0, 0, 0, 0, 0, 0]
	 A0A010YJA7	[0, 0, 0, 0, 0, 0, 0, 0, 0]
	 A0A010YZS8	[0, 0, 0, 0, 0, 0, 0, 0, 0]
	 A0A010Z120	[0, 0, 0, 0, 0, 0, 0, 0, 0]
	 A0A010ZTI3	[0, 0, 0, 0, 0, 0, 0, 0, 0]
	 A0A011A146	[0, 0, 0, 0, 0, 0, 0, 0, 0]

 ### Operon type: 312

	 A0A010TG27	[522, 0, 103, 0, 0, 0, 873, 0, 0]

 ### Operon type: 313

	 A0A011PMK1	[0, 0, 0, 0, 0, 0, 0, 522, 0]

 ### Operon type: 314

	 A0A009HM15	[0, 207, 206, 0, 0, 0, -1, 0, 0]

 ### Operon type: 315

	 A0A009HRU1	[0, 216, 0, 0, 0, 0, 0, 0, 0]

 ### Operon type: 316

	 A0A009HSN8	[0, 213, 0, 0, 0, -1, 0, 199, -1]

 ### Operon type: 317

	 A0A009HV82	[198, 0, 0, 0, 0, 0, 0, 0, 0]

 ### Operon type: 318

	 A0A009IG74	[0, 0, 232, 0, 354, -1, 0, 0, 0]

 ### Operon type: 319

	 A0A009IJ90	[0, 129, 0, 0, 0, 0, 0, 0, 0]

 ### Operon type: 320

	 A0A009NM94	[0, 564, 564, 0, 0, 0, 465, 0, 0]

 ### Operon type: 321

	 A0A009Q4N5	[0, 0, 242, 0, 0, 0, 0, 0, 0]

 ### Operon type: 322

	 A0A009SSZ9	[0, 124, 0, 0, 0, 0, 0, 0, 0]

 ### Operon type: 323

	 A0A009YIH1	[0, 0, 0, 0, 329, 0, -1, -1, 30]

 ### Operon type: 324

	 A0A009YR05	[0, 0, 0, 0, 445, 0, 0, 0, 0]

 ### Operon type: 325

	 A0A009Z004	[311, 0, 311, 0, 0, 546, 0, 0, 0]

 ### Operon type: 326

	 A0A010RUQ5	[0, 0, 0, 0, 0, 0, 0, 0, 409]

 ### Operon type: 327

	 A0A010S195	[624, 0, 33, 39, 0, 0, 0, 0, 0]

 ### Operon type: 328

	 A0A010SCZ2	[0, 0, 0, 0, 0, 0, 0, 57, 0]

 ### Operon type: 329

	 A0A010SN41	[0, 0, 0, 0, 55, 0, 0, 0, 0]

 ### Operon type: 330

	 A0A010SSU2	[0, 0, 0, 0, 76, 0, -1, 609, 0]

 ### Operon type: 331

	 A0A010SUP6	[0, 0, 0, 0, 0, 0, 0, 39, 0]

 ### Operon type: 332

	 A0A010SUY9	[0, 0, 0, 0, 0, 447, 600, 0]

 ### Operon type: 333

	 A0A010THK2	[0, 0, -1, 0, 0, 785, 546, 0, 0]

 ### Operon type: 334

	 A0A010SRL4	[103, 0, 0, -1, 0, 0, 0, 546, 116]

 ### Operon type: 335

	 A0A010YX61	[370, 834, 0, 810, 0, 0, 0, 0, 0]

 ### Operon type: 336

	 A0A010S5W8	[0, 0, 490, 686, 0, 0, 0, 0, 0]

 ### Operon type: 337

	 A0A011NE37	[743, 0, 0, 0, 0, 0, 0, 0, 0]

 ### Operon type: 338

	 A0A011NF78	[0, 0, 828, 0, 0, 0, 0, 0, 0]

 ### Operon type: 339

	 A0A011NVE2	[0, 0, 0, 805, 0, 0, 865, 0, 544]

 ### Operon type: 340

	 A0A011NXJ4	[0, 0, 0, 0, 0, 0, 0, 0, 494]

 ### Operon type: 341

	 A0A011P8I1	[0, 0, 832, 834, 0, 0, 0, 0, 611]

 ### Operon type: 342

	 A0A011P9Q7	[712, 0, 0, 0, 0, 0, 0, 0, 0]

 ### Operon type: 343

	 A0A011PJ75	[0, 805, 734, 805, 0, 0, 0, 0, 0]

 ### Operon type: 344

	 A0A011PRB4	[0, 0, 0, 0, 0, 0, 0, 513, 0]

 ### Operon type: 345

	 A0A011QVT2	[809, 0, 0, 0, 0, 0, 0, 808, 0]

 ### Operon type: 346

	 A0A011RP14	[0, 0, 0, 0, 0, 0, 0, 571, 0]

 ### Operon type: 347

	 A0A011SM49	[865, 0, 571, 0, 0, 0, 556, 0, 0]

 ### Operon type: 348

	 A0A011AM27	[514, 0, 0, 0, 769, 0, 0, 0, 35]

 ### Operon type: 349

	 A0A011T607	[0, 0, 686, 0, 0, 0, 0, 0, 465]

 ### Operon type: 350

	 A0A011TAW2	[0, 0, 0, 0, 0, 0, 466, 0, 0]

 ### Operon type: 351

	 A0A011TED9	[0, 0, 0, 0, 0, 473, 0, 0, 0]

 ### Operon type: 352

	 A0A011TXS5	[0, 548, 0, 0, 0, 0, 0, 0, 0]

 ### Operon type: 353

	 A0A011U144	[0, 409, 0, 0, 0, 0, 494, 408, 0]

 ### Operon type: 354

	 A0A011U1C8	[713, 0, 0, 0, 0, 0, 0, 0, 407]

 ### Operon type: 355

	 A0A011U483	[0, 0, 0, 0, 0, 622, 0, 0, 0]

 ### Operon type: 356

	 A0A011UG86	[0, 689, 0, 0, 0, 108, 0, 0, 0]

 ### Operon type: 357

	 A0A011UQB5	[562, 536, 0, 0, 0, 0, 0, 535, 0]

 ### Operon type: 358

	 A0A011UVI5	[0, 0, 0, 0, 0, 438, 805, 805, 0]

 ### Operon type: 359

	 A0A011UWI3	[0, 0, 0, 0, 434, 0, 433, 624, 0]

 ### Operon type: 360

	 A0A011V5E6	[0, 0, 0, 0, 0, 272, 0, 0, 0]

 ### Operon type: 361

	 A0A011M4H6	[63, 0, 781, 0, 0, 0, 0, 0, 0]

 ### Operon type: 362

	 A0A011VSV3	[0, 0, 0, 0, 0, 0, 837, 0, 0]

 ### Operon type: 363

	 A0A011VWI0	[0, 0, 0, 0, 0, 173, 0, 0, 0]

 ### Operon type: 364

	 A0A011VZ91	[435, 0, 0, 0, 0, 0, 0, 0, 0]

 ### Operon type: 365

	 A0A011WP76	[0, 0, 0, 0, 0, 0, 0, 0, 855]

 ### Operon type: 366

	 A0A011WSD4	[0, 0, 0, -1, 0, 656, 0, 0, 351]

 ### Operon type: 367

	 A0A011WT35	[351, 0, 0, 0, 0, 0, 0, 0, 0]

 ### Operon type: 368

	 A0A013S843	[0, 379, 0, 0, 0, 0, -1, 287, 0]

 ### Operon type: 369

	 A0A013T5E6	[0, 0, 0, 399, 0, 0, 0, 0, 0]

 ### Operon type: 370

	 A0A009T185	[806, 0, 734, 734, 735, 805, 734, 733, 732]

 ### Operon type: 371

	 A0A010IN36	[736, 865, 0, 0, 735, 805, 734, 733, 732]

 ### Operon type: 372

	 A0A009PG43	[805, 734, 534, 808, 0, 733, 732, 0, 0]

 ### Operon type: 373

	 A0A009INE0	[736, 0, 0, 0, 0, 0, 0, 734, 733]

 ### Operon type: 374

	 A0A009T9H0	[0, 30, 625, -1, 0, 0, 215, 0, 216]

 ### Operon type: 375

	 A0A010THH5	[0, 48, 298, 438, 0, 0, 764, 0, 763]

 ### Operon type: 376

	 A0A011VZE3	[0, 0, 0, 873, 184, 0, 0, 0, 0]
	 A0A011WSH8	[0, 0, 0, 873, 184, 0, 0, 0, 0]

 ### Operon type: 377

	 A0A011NAF3	[0, 0, 0, 0, 0, 0, 873, 0, 673]

 ### Operon type: 378

	 A0A009IQ93	[117, 0, 873, 0, 0, 116, 0, 0, 0]

 ### Operon type: 379

	 A0A009Q8S9	[0, 0, 625, 288, 0, 537, 0, 0, 0]

 ### Operon type: 380

	 A0A009TLU4	[0, 548, -1, 130, 0, 42, 0, -1, -1]

 ### Operon type: 381

	 A0A009ZB47	[301, 300, 0, 0, 0, 656, 761, 0, 0]

 ### Operon type: 382

	 A0A009ZVR4	[569, 0, 834, 0, 0, 47, 0, 0, 302]

 ### Operon type: 383

	 A0A010JIN9	[761, 0, 0, 45, 151, 0, 0, 0, 0]

 ### Operon type: 384

	 A0A010S003	[589, 0, 0, 0, 0, 689, 689, 728, 0]

 ### Operon type: 385

	 A0A010SMN8	[0, -1, 34, 0, 786, 0, 0, 593, 0]

 ### Operon type: 386

	 A0A010SXS1	[0, 534, 0, 0, 0, 540, 0, 0, 808]

 ### Operon type: 387

	 A0A010T689	[35, -1, 764, 574, 0, 0, 0, 0, 0]

 ### Operon type: 388

	 A0A010TBB4	[0, 344, 0, 108, 0, 0, 0, 0, 713]

 ### Operon type: 389

	 A0A010YFK3	[0, 663, 0, 0, 0, 0, 59, 0, 407]

 ### Operon type: 390

	 A0A010YVY1	[16, 0, 16, 0, 0, 0, 0, 728, 0]

 ### Operon type: 391

	 A0A010ZSZ2	[0, 628, 0, 627, 626, 0, 0, 0, 0]

 ### Operon type: 392

	 A0A010Z0Y7	[0, 0, 0, 0, 626, 228, 0, 0, 0]

 ### Operon type: 393

	 A0A011A0M8	[0, 0, 546, 0, 49, 0, 0, 1, 1]

 ### Operon type: 394

	 A0A011NFL4	[0, 563, 0, 0, 499, 522, 0, 61, 0]

 ### Operon type: 395

	 A0A011P407	[0, 0, 623, 691, 0, 0, 713, 0, 622]

 ### Operon type: 396

	 A0A011QGT2	[873, 0, 0, 872, 871, 0, 0, 0, 0]

 ### Operon type: 397

	 A0A011QSA4	[831, 0, 830, 829, 0, 0, 0, 0, 828]

 ### Operon type: 398

	 A0A011T6J6	[0, 667, 0, 834, 0, 0, 269, 0, 268]

 ### Operon type: 399

	 A0A011TAL2	[0, 686, 0, 0, 0, 467, 0, 496, 0]

 ### Operon type: 400

	 A0A011TZG0	[546, 657, 0, 0, 0, 0, 0, 545, 0]

 ### Operon type: 401

	 A0A011UGY3	[107, 106, 272, 105, 0, 0, 0, 105, 0]

 ### Operon type: 402

	 A0A011UII7	[0, 0, 0, 0, 0, 544, 543, 0, 0]

 ### Operon type: 403

	 A0A011UNT9	[537, 559, 0, 0, 0, 0, 0, 0, 0]

 ### Operon type: 404

	 A0A011SIS0	[0, 644, 560, 560, 0, 0, 0, 559, 0]

 ### Operon type: 405

	 A0A011UT49	[0, 628, 0, 0, 0, 0, 534, 533, 0]

 ### Operon type: 406

	 A0A011VU65	[111, 0, 0, 0, 0, 59, 0, 837, 114]

 ### Operon type: 407

	 A0A011VV03	[0, 58, 0, 0, 430, 63, 0, 0, 0]

 ### Operon type: 408

	 A0A011VVZ9	[0, 0, -1, 0, 0, 57, 56, 56, 558]

 ### Operon type: 409

	 A0A011VWX7	[808, 481, 0, 0, 0, 0, 0, 561, 0]

 ### Operon type: 410

	 A0A011VXK7	[564, 564, 0, 740, 0, 0, 0, 669, 0]

 ### Operon type: 411

	 A0A011W0I6	[183, 0, 0, 0, 0, 524, 0, 182, 0]

 ### Operon type: 412

	 A0A010YEF6	[0, 183, 0, 0, 0, 0, 0, 0, 37]

 ### Operon type: 413

	 A0A013SQH1	[0, 0, 0, 0, 55, 531, 0, 775, 729]

 ### Operon type: 414

	 A0A009QJA8	[197, 196, 0, 0, 0, 0, 0, 0, 795]

 ### Operon type: 415

	 A0A009YL68	[0, 0, 713, 371, 368, 0, 0, 299, 0]

 ### Operon type: 416

	 A0A010JNG7	[775, 0, 0, 774, 0, 0, 0, 0, 0]

 ### Operon type: 417

	 A0A010RM40	[784, 873, 783, 0, 0, 0, 0, -1, 782]

 ### Operon type: 418

	 A0A010RRQ6	[0, 781, 0, 0, 0, 786, 780, 779, 0]

 ### Operon type: 419

	 A0A010S423	[269, 0, 0, 0, 0, 0, 0, 433, 568]

 ### Operon type: 420

	 A0A010T0I7	[0, 0, 37, 0, 0, 832, 830, 873, 0]

 ### Operon type: 421

	 A0A010ZUR7	[58, 13, 0, 13, 0, 12, 728, 0, 0]

 ### Operon type: 422

	 A0A011NA78	[0, 487, 0, 0, 0, 821, 0, 0, 782]

 ### Operon type: 423

	 A0A011P8W7	[610, 623, 808, 0, 609, 0, 0, 0, 0]

 ### Operon type: 424

	 A0A011PG97	[593, 0, 0, 592, 0, 0, 0, 0, 0]

 ### Operon type: 425

	 A0A011PKT4	[0, 531, 0, 0, 0, 0, 530, 0, 0]

 ### Operon type: 426

	 A0A011PLB2	[0, 610, 0, 532, 0, 0, 0, 0, 0]

 ### Operon type: 427

	 A0A011R339	[0, 0, 0, 0, 0, 0, 423, 422, 0]

 ### Operon type: 428

	 A0A011SFE5	[0, 0, 0, 564, 0, 0, 563, 691, 562]

 ### Operon type: 429

	 A0A011SJT5	[0, 0, 0, 558, 557, 557, 557, 557, 557]

 ### Operon type: 430

	 A0A011TDQ5	[0, 0, 0, 0, 464, 526, 0, 0, 0]

 ### Operon type: 431

	 A0A011VT01	[0, 0, 60, 0, 0, 60, 0, 0, 307]

 ### Operon type: 432

	 A0A009Z3V9	[873, 0, 0, 0, 0, 310, 520, 309, 308]

 ### Operon type: 433

	 A0A010SRB2	[42, 41, 0, 0, 0, 41, 40, 0, 0]

 ### Operon type: 434

	 A0A010KA25	[761, 0, 764, 711, 81, 0, 0, 761, 383]

 ### Operon type: 435

	 A0A011TZN1	[413, 412, 411, 0, 410, 0, 0, 0, 0]

 ### Operon type: 436

	 A0A011VJ76	[62, 62, 533, 61, 0, 873, 546, 0, 623]

 ### Operon type: 437

	 A0A011UG17	[252, 0, 185, 0, 178, 111, 0, 0, 0]

 ### Operon type: 438

	 A0A011WUA8	[641, 0, 0, 350, 0, 0, 0, 349, 349]

 ### Operon type: 439

	 A0A010S4X6	[0, 228, 783, 689, 362, 0, 497, 523, 785]

 ### Operon type: 440

	 A0A010YY02	[0, 15, 0, 0, 15, 694, 32, 0, 14]
