
 ### Operon type: 1

	 A0A011PVT3	[524, 94, 93, 92, 91, 90, 89, 88, 87]
	 A0A011MET3	[524, 94, 93, 92, 91, 90, 89, 88, 87]
	 A0A011R7V7	[524, 94, 93, 92, 91, 90, 89, 88, 87]

 ### Operon type: 2

	 A0A011UIA1	[409, 408, 407, 406, 405, 404, 403, 402, 0]
	 A0A011V5V3	[0, 409, 408, 407, 406, 405, 404, 403, 402]

 ### Operon type: 3

	 A0A011PTE7	[133, 132, 131, 130, 129, 0, 128, 127, 126]
	 A0A011NE72	[133, 132, 131, 130, 129, 128, 127, 126, 0]

 ### Operon type: 4

	 A0A011NEY3	[499, 498, 497, 496, 496, 495, 494, 493, 0]

 ### Operon type: 5

	 A0A011PAN4	[498, 497, 0, 496, 496, 495, 494, 493, 492]

 ### Operon type: 6

	 A0A011RCD5	[499, 498, 497, 496, 496, 495, 494, 493, 492]

 ### Operon type: 7

	 A0A013T0M4	[672, 671, 670, 669, 668, 667, 666, 665, 0]
	 A0A009HDS5	[672, 671, 670, 669, 668, 667, 666, 665, 0]
	 A0A009RGL2	[0, 671, 670, 669, 668, 667, 666, 665, 0]
	 A0A010JSI3	[672, 671, 670, 669, 668, 667, 666, 665, 0]

 ### Operon type: 8

	 A0A011PF67	[491, 490, 489, 488, 487, 0, 0, 0, 0]
	 A0A011NW66	[491, 490, 489, 488, 487, 5, 0, 0, 0]
	 A0A011NBX7	[491, 490, 489, 488, 487, 5, 0, 0, 0]

 ### Operon type: 9

	 A0A011RHX4	[491, 490, 489, 488, 487, 486, 485, 484, 0]
	 A0A011NS68	[491, 490, 489, 488, 487, 486, 485, 484, 286]

 ### Operon type: 10

	 A0A010JY00	[562, 637, 636, 635, 217, 632, 631, 630, 655]

 ### Operon type: 11

	 A0A013TH30	[637, 636, 635, 634, 633, 632, 631, 630, 655]

 ### Operon type: 12

	 A0A011QAS2	[0, 55, 54, 53, 52, 51, 447, 50, 49]
	 A0A011NEQ1	[0, 55, 54, 53, 52, 51, 447, 50, 49]

 ### Operon type: 13

	 A0A011QSF0	[0, 106, 105, 104, 103, 102, 101, 68, 0]
	 A0A011QBB5	[107, 106, 105, 104, 103, 102, 101, 68, 62]
	 A0A011Q0X6	[107, 106, 105, 104, 103, 102, 101, 68, 62]
	 A0A011Q1X8	[106, 0, 105, 104, 103, 102, 101, 68, 62]

 ### Operon type: 14

	 A0A011PG87	[107, 106, 105, 104, 103, 102, 101, 0, 0]

 ### Operon type: 15

	 A0A013SP43	[598, 597, 596, 595, 594, 593, 592, 591, 590]
	 A0A009RUN3	[598, 597, 596, 595, 594, 593, 592, 591, 590]
	 A0A010K6G6	[598, 597, 596, 595, 594, 593, 592, 0, 590]

 ### Operon type: 16

	 A0A009SZB5	[0, 0, 238, 237, 236, 0, 0, 0, 235]
	 A0A009HR98	[0, 0, 238, 237, 236, 0, 0, 0, 235]

 ### Operon type: 17

	 A0A009Z8F7	[227, 238, 226, 0, 236, 225, 225, 0, 0]

 ### Operon type: 18

	 A0A011QIT1	[78, 77, 76, 116, 75, 74, 73, 72, 71]
	 A0A011QUG8	[78, 77, 76, 116, 75, 74, 0, 73, 72]

 ### Operon type: 19

	 A0A011PL71	[293, 698, 145, 144, 143, 336, 460, 142, 0]
	 A0A011QAB0	[698, 145, 144, 0, 143, 336, 460, 142, 0]

 ### Operon type: 20

	 A0A011PIY7	[125, 0, 124, 123, 122, 121, 120, 0, 119]

 ### Operon type: 21

	 A0A011Q3J4	[0, 125, 124, 123, 122, 121, 120, 95, 0]

 ### Operon type: 22

	 A0A011MH88	[233, 125, 124, 123, 122, 121, 120, 95, 119]

 ### Operon type: 23

	 A0A009TM70	[0, 320, 319, 645, 318, 0, 0, 349, 183]
	 A0A009QBR9	[0, 0, 319, 645, 318, 0, 0, 349, 183]

 ### Operon type: 24

	 A0A009MW50	[0, 320, 319, 645, 318, 317, 0, 316, 349]
	 A0A009QS71	[177, 320, 319, 645, 318, 317, 0, 316, 349]
	 A0A009H3B0	[0, 320, 319, 0, 318, 317, 176, 316, 349]
	 A0A010ILU3	[177, 320, 319, 0, 318, 317, 176, 316, 349]

 ### Operon type: 25

	 A0A009I8S2	[0, 0, 319, 645, 318, 317, 316, 349, 183]

 ### Operon type: 26

	 A0A009ZFR5	[589, 252, 251, 250, 217, 216, 215, 214, 630]
	 A0A009ICH6	[589, 252, 251, 250, 217, 216, 215, 214, 630]

 ### Operon type: 27

	 A0A009GP96	[0, 164, 715, 328, 163, 162, 694, 161, 160]

 ### Operon type: 28

	 A0A009GSR4	[328, 163, 162, 694, 161, 160, 160, 159, 0]

 ### Operon type: 29

	 A0A009IIT6	[164, 715, 328, 163, 161, 160, 160, 159, 0]

 ### Operon type: 30

	 A0A009IS10	[427, 0, 0, 0, 281, 280, 279, 0, 0]

 ### Operon type: 31

	 A0A009QHW5	[0, 0, 0, 177, 281, 280, 279, 0, 223]

 ### Operon type: 32

	 A0A011UVB4	[0, 0, 0, 428, 0, 0, 427, 0, 426]

 ### Operon type: 33

	 A0A011TLH7	[517, 516, 515, 0, 0, 0, 0, 0, 0]
	 A0A011UG87	[515, 516, 517, 0, 0, 0, 0, 0, 0]

 ### Operon type: 34

	 A0A011QIE8	[84, 83, 82, 638, 81, 80, 79, 0, 0]
	 A0A011QDV3	[84, 83, 82, 638, 81, 80, 282, 0, 79]

 ### Operon type: 35

	 A0A011NYU6	[60, 59, 0, 188, 514, 44, 43, 0, 58]

 ### Operon type: 36

	 A0A011PYI6	[60, 59, 0, 188, 514, 58, 295, 451, 0]

 ### Operon type: 37

	 A0A011P1C0	[0, 0, 44, 43, 58, 0, 0, 0, 0]

 ### Operon type: 38

	 A0A011PP01	[140, 139, 138, 0, 0, 0, 0, 0, 0]
	 A0A011NVE7	[140, 139, 138, 0, 0, 0, 0, 0, 0]

 ### Operon type: 39

	 A0A013TH43	[629, 0, 0, 0, 628, 627, 626, 0, 625]
	 A0A009RAF0	[629, 0, 0, 0, 628, 627, 626, 0, 625]

 ### Operon type: 40

	 A0A013S8V2	[565, 564, 0, 0, 0, 563, 0, 0, 0]
	 A0A009R8E1	[0, 174, 0, 565, 564, 0, 0, 563, 0]

 ### Operon type: 41

	 A0A009TK03	[653, 652, 0, 0, 649, 0, 647, 646, 0]
	 A0A009QFZ7	[653, 652, 0, 0, 649, 0, 647, 646, 0]

 ### Operon type: 42

	 A0A013SPM5	[653, 652, 651, 650, 649, 648, 647, 646, 0]
	 A0A009MH71	[653, 652, 0, 650, 649, 648, 647, 646, 0]
	 A0A009HSL1	[653, 652, 651, 650, 649, 0, 647, 646, 0]
	 A0A010IX62	[653, 652, 651, 650, 649, 0, 647, 646, 0]

 ### Operon type: 43

	 A0A009I6Z0	[653, 652, 0, 650, 649, 0, 647, 646, 207]

 ### Operon type: 44

	 A0A009ZIX8	[0, 209, 651, 650, 649, 208, 0, 207, 0]

 ### Operon type: 45

	 A0A009I573	[270, 0, 151, 264, 0, 152, 171, 153, 154]

 ### Operon type: 46

	 A0A009ILP9	[262, 0, 154, 153, 171, 152, 263, 264, 151]

 ### Operon type: 47

	 A0A009I953	[262, 0, 154, 153, 171, 152, 263, 0, -1]

 ### Operon type: 48

	 A0A009QEG7	[260, 261, 0, 0, 171, 170, 169, 0, 263]
	 A0A009IPC3	[260, 261, 0, 0, 171, 170, 169, 0, 263]

 ### Operon type: 49

	 A0A009SX74	[265, 286, 0, 264, 263, 262, 261, 260, 0]

 ### Operon type: 50

	 A0A009I4A1	[0, 30, 715, 0, 193, 192, 191, 190, 0]
	 A0A010JWJ1	[0, 30, 715, 0, 193, 192, 191, 190, 0]

 ### Operon type: 51

	 A0A009TBY8	[197, 196, 195, 194, 193, 192, 191, 190, 189]
	 A0A009QF22	[197, 196, 195, 0, 193, 192, 191, 190, 189]

 ### Operon type: 52

	 A0A009ITT8	[308, 307, 306, 305, 244, 303, 302, 301, 243]

 ### Operon type: 53

	 A0A009NJ90	[308, 307, 306, 305, 0, 304, 303, 302, 301]

 ### Operon type: 54

	 A0A009HZK2	[254, 305, 244, 0, 0, 0, 0, 0, 0]

 ### Operon type: 55

	 A0A009IJ07	[256, 255, 254, 305, 244, 0, 0, 0, 0]

 ### Operon type: 56

	 A0A009S6G1	[256, 255, 254, 305, 244, 302, 301, 243, 240]

 ### Operon type: 57

	 A0A009S5A5	[244, 304, 303, 302, 301, 243, 242, 241, 240]

 ### Operon type: 58

	 A0A013TCN9	[645, 644, 643, 642, 641, 640, 639, 715, 638]
	 A0A009NIJ3	[645, 644, 643, 642, 641, 640, 639, 715, 638]
	 A0A009QNC9	[645, 644, 643, 642, 641, 640, 639, 715, 638]
	 A0A013TRC1	[645, 644, 643, 642, 641, 640, 639, 715, 638]
	 A0A010ITG1	[645, 644, 643, 642, 641, 640, 639, 715, 638]

 ### Operon type: 59

	 A0A009H935	[0, 0, 643, 642, 641, 640, 639, 715, 638]

 ### Operon type: 60

	 A0A009PJF7	[347, 346, 346, 345, 344, 708, 343, 342, 391]
	 A0A009SJZ7	[428, 347, 346, 345, 344, 708, 343, 342, 391]

 ### Operon type: 61

	 A0A009Z5G0	[708, 345, 346, 0, 700, 347, 428, 584]

 ### Operon type: 62

	 A0A010JJC1	[448, 218, 168, 222, 25, 24, 23, 26, 167]
	 A0A010IZ41	[218, 168, 222, 25, 24, 23, 26, 167, 596]

 ### Operon type: 63

	 A0A009QJL6	[448, 218, 168, 222, 0, 167, 596, 385, 0]

 ### Operon type: 64

	 A0A011P2I4	[336, 602, 124, 0, 0, 0, 0, 0, 0]
	 A0A011N9N8	[336, 602, 124, 0, 0, 0, 0, 0, 0]

 ### Operon type: 65

	 A0A009PIB4	[0, 0, 0, 338, 424, 337, 694, 715, 336]
	 A0A009SLR5	[0, 0, 0, 338, 424, 337, 694, 715, 336]

 ### Operon type: 66

	 A0A009HSU4	[0, 0, 714, 715, 0, 602, 600, 336, 694]

 ### Operon type: 67

	 A0A011SF89	[456, 455, 454, 0, 0, 0, 0, 0, 0]

 ### Operon type: 68

	 A0A011UCX7	[0, 698, 456, 455, 0, 454, 393, 0, 0]

 ### Operon type: 69

	 A0A011NYT4	[113, 112, 111, 606, 0, 4, 4, 234, 556]

 ### Operon type: 70

	 A0A011P8E9	[0, 0, 113, 112, 0, 111, 606, 0, 0]

 ### Operon type: 71

	 A0A010TF34	[0, -1, 0, 0, 373, 372, 371, 370, 369]
	 A0A010SYH9	[373, 372, 371, 370, 369, 0, 0, 0, 0]

 ### Operon type: 72

	 A0A010TFJ4	[0, -1, 0, 378, 377, 376, 375, -1, 374]
	 A0A010S7A1	[378, 377, 376, 375, 0, 374, 0, 0, 0]

 ### Operon type: 73

	 A0A009ICP5	[327, 601, 693, 326, 325, 0, 0, 323, 0]

 ### Operon type: 74

	 A0A009MMG9	[327, 601, 693, 326, 325, 0, 324, 323, 440]

 ### Operon type: 75

	 A0A009QLL2	[0, 275, 274, 0, 325, 0, 0, 323, 0]
	 A0A009HTW0	[0, 275, 274, 0, 325, 0, 0, 323, 0]

 ### Operon type: 76

	 A0A009SIV4	[276, 275, 274, 273, 325, 272, 0, 323, 440]

 ### Operon type: 77

	 A0A013TSJ4	[275, 274, 0, 273, 325, 0, 0, 323, 440]

 ### Operon type: 78

	 A0A009Z3V9	[715, 0, 0, 0, 0, 274, 228, 275, 276]

 ### Operon type: 79

	 A0A009T0Q9	[0, 0, 0, 0, 277, 554, 233, 715, 232]

 ### Operon type: 80

	 A0A009YJF4	[0, 234, 556, 181, 180, 233, 715, 0, 232]

 ### Operon type: 81

	 A0A009PAV9	[368, -1, 693, 367, 681, 694, 366, 365, 364]
	 A0A009HJC2	[368, 638, 693, 367, 681, 694, 366, 365, 364]

 ### Operon type: 82

	 A0A009SE02	[0, 364, 0, 0, 0, 365, 366, 694, 681]

 ### Operon type: 83

	 A0A009ZLJ7	[661, 662, 663, 664, 0, 0, 205, 204, 203]
	 A0A011QNA5	[0, 205, 204, 203, 0, 664, 663, 662, 661]

 ### Operon type: 84

	 A0A013T0T6	[664, 663, 662, 661, 660, 659, 658, 657, 656]
	 A0A009QMH5	[664, 663, 662, 661, 660, 659, 658, 657, 656]
	 A0A009HAX1	[664, 663, 662, 661, 660, 659, 658, 657, 656]

 ### Operon type: 85

	 A0A010ILW6	[664, 663, 662, 661, 660, 659, 0, 0, 657]

 ### Operon type: 86

	 A0A009Z9X7	[663, 662, 661, 0, 660, 0, 224, 0, 657]

 ### Operon type: 87

	 A0A009PE10	[0, 0, 0, 661, 660, 359, 658, 657, -1]

 ### Operon type: 88

	 A0A009SYU8	[600, 589, 550, 549, 348, 715, 715, 547, 546]
	 A0A009RSB7	[600, 589, 550, 549, 348, 715, 715, 547, 546]
	 A0A009HS41	[600, 589, 550, 549, 348, 715, 715, 547, 546]

 ### Operon type: 89

	 A0A013SHA9	[600, 589, 550, 549, 548, 715, 715, 547, 546]
	 A0A009I466	[600, 589, 550, 549, 548, 715, 715, 547, 546]
	 A0A010IT25	[600, 589, 550, 549, 548, 715, 715, 547, 546]

 ### Operon type: 90

	 A0A009NMQ9	[600, 589, 550, 549, 548, 0, 715, 715, 547]

 ### Operon type: 91

	 A0A009P8A9	[0, 0, 550, 549, 348, 715, 715, 547, 546]

 ### Operon type: 92

	 A0A011PGU1	[0, 0, 99, 710, 481, 480, 98, 97, 96]
	 A0A011MDH1	[42, 0, 99, 710, 481, 480, 98, 97, 96]

 ### Operon type: 93

	 A0A011V0P4	[416, 415, 0, 0, 703, 0, 0, 414, 413]

 ### Operon type: 94

	 A0A011WPV7	[414, 413, 0, 0, 0, 0, 0, 0, 0]

 ### Operon type: 95

	 A0A011RNP9	[0, 0, 0, 0, 0, 461, 460, 0, 0]

 ### Operon type: 96

	 A0A011V0B5	[542, 0, 0, 0, 0, 0, 461, 0, 0]

 ### Operon type: 97

	 A0A011RQC9	[0, 542, 458, 0, 0, 0, 0, 457, 0]

 ### Operon type: 98

	 A0A011RIM8	[483, 482, 0, 0, 481, 480, 529, 479, 478]
	 A0A011QG28	[483, 482, 710, 0, 481, 480, 529, 479, 478]

 ### Operon type: 99

	 A0A011PHI6	[506, 0, 118, 0, 0, 117, 116, 388, 0]

 ### Operon type: 100

	 A0A011QI68	[0, 0, 118, 117, 0, 0, 0, 0, 0]

 ### Operon type: 101

	 A0A011P700	[0, 0, 115, 114, 0, 0, 0, 0, 0]

 ### Operon type: 102

	 A0A011QSI4	[0, 0, 115, 114, 67, 0, 0, 0, 0]

 ### Operon type: 103

	 A0A011NVJ6	[294, 48, 47, 46, 45, 350, 0, 0, 522]

 ### Operon type: 104

	 A0A011PVP2	[0, 48, 47, 46, 45, 350, 0, 0, 524]

 ### Operon type: 105

	 A0A011NXY7	[0, 0, 47, 0, 45, 0, 0, 0, 0]

 ### Operon type: 106

	 A0A011QR69	[64, 231, 630, 63, 146, 632, 0, 0, 0]
	 A0A011NUB4	[64, 231, 630, 63, 146, 632, 0, 6, 0]

 ### Operon type: 107

	 A0A011NN36	[231, 630, 0, 0, 146, 632, 0, 0, 0]

 ### Operon type: 108

	 A0A011PK69	[630, 147, 0, 0, 146, 632, 0, 0, 0]

 ### Operon type: 109

	 A0A011RMI6	[470, 469, 468, 467, 466, 465, 464, 463, 462]
	 A0A011NYD6	[470, 469, 468, 467, 466, 465, 464, 463, 462]

 ### Operon type: 110

	 A0A011QB28	[585, 470, 469, 0, 0, 465, 464, 463, 462]

 ### Operon type: 111

	 A0A011NF33	[0, 465, 464, 0, 0, 0, 0, 0, 0]

 ### Operon type: 112

	 A0A011NBY4	[2, 0, 0, 433, 0, 0, 179, 0, 0]

 ### Operon type: 113

	 A0A011WRT0	[2, 0, 0, 0, 0, 0, 0, 451, 0]

 ### Operon type: 114

	 A0A011SHV5	[0, 0, 0, 0, 0, 449, 451, 448, 0]

 ### Operon type: 115

	 A0A011NB95	[0, 65, 0, 0, 0, 0, 693, 383, 381]

 ### Operon type: 116

	 A0A011UHT4	[385, 384, 383, 0, 0, 382, 382, 381, 0]

 ### Operon type: 117

	 A0A010Z1W7	[0, 0, 0, 0, 0, 14, 0, 13, 9]

 ### Operon type: 118

	 A0A011VY84	[0, 0, 9, 13, 0, 0, 0, 0, 0]

 ### Operon type: 119

	 A0A010YW85	[0, 0, 0, 0, 0, 526, 0, 13, 9]

 ### Operon type: 120

	 A0A010ZMA0	[13, 12, 0, 0, 0, 0, 0, 0, 0]

 ### Operon type: 121

	 A0A011N5L2	[0, 0, 0, 12, 0, 612, 605, 0, 0]

 ### Operon type: 122

	 A0A010SQJ5	[566, 326, 0, 511, 510, 509, 0, 0, 0]

 ### Operon type: 123

	 A0A010STD3	[0, 0, 0, 511, 510, 509, 0, 547, 576]

 ### Operon type: 124

	 A0A011TD67	[512, 0, 0, 511, 510, 509, 508, 0, 507]

 ### Operon type: 125

	 A0A009ZC12	[0, 0, 0, 511, 0, 509, 508, 221, 220]

 ### Operon type: 126

	 A0A010RFQ9	[0, 0, 580, 0, 29, 0, 0, 0, 0]

 ### Operon type: 127

	 A0A010SPR9	[21, 21, 0, 0, 0, 29, 0, 0, 0]

 ### Operon type: 128

	 A0A013S288	[0, 0, 0, 682, 681, 680, 679, 0, 677]
	 A0A010J3I1	[0, 0, 0, 682, 681, 680, 679, 0, 677]

 ### Operon type: 129

	 A0A013SXT2	[685, 684, 683, 682, 681, 680, 679, 678, 677]
	 A0A009PWG1	[685, 684, 683, 682, 681, 680, 679, 678, 677]

 ### Operon type: 130

	 A0A009ZJK4	[0, 0, 0, 0, 0, 0, 589, 206, 0]

 ### Operon type: 131

	 A0A010SVN1	[-1, 206, 715, 321, 520, 0, 0, 589, 0]

 ### Operon type: 132

	 A0A009SF48	[574, 0, 572, 0, 570, -1, 284, 451, 283]
	 A0A009IMX3	[574, 0, 572, 0, 570, 284, 284, 451, 283]

 ### Operon type: 133

	 A0A009QEX0	[574, 573, 572, 571, 570, 284, 284, 451, 283]

 ### Operon type: 134

	 A0A013S7V1	[574, 573, 572, 571, 570, 569, 589, 568, 567]
	 A0A009MR00	[574, 573, 572, 571, 570, 569, 589, 568, 567]
	 A0A009RES7	[574, 573, 572, 571, 570, 569, 589, 568, 567]
	 A0A010ISX2	[574, 573, 572, 571, 570, 569, 589, 568, 567]

 ### Operon type: 135

	 A0A009GYP9	[0, 0, 0, 571, 570, 569, 589, 568, 567]

 ### Operon type: 136

	 A0A009YTT3	[0, 0, 0, 0, 0, 0, 589, 568, 567]

 ### Operon type: 137

	 A0A009PFK7	[358, 357, 356, 355, 354, 0, 0, 353, 0]
	 A0A009QGN4	[358, 357, 356, 355, 354, 353, 0, 0, 0]

 ### Operon type: 138

	 A0A009YR20	[0, 353, 0, 0, 0, 0, 357, 0, 0]

 ### Operon type: 139

	 A0A013SB36	[561, 560, 559, 558, 557, 0, 556, 555, 554]
	 A0A009QSI3	[561, 560, 559, 558, 557, 0, 556, 555, -1]

 ### Operon type: 140

	 A0A010ITP2	[561, 560, 559, 558, 557, 0, 556, 0, 0]

 ### Operon type: 141

	 A0A009SII9	[-1, 560, 559, 558, 0, 0, 0, 0, 277]

 ### Operon type: 142

	 A0A009HZV2	[0, 0, 0, 0, 297, 296, 304, 0, 0]

 ### Operon type: 143

	 A0A009QPE7	[0, 0, 0, 0, 297, 296, 0, 0, 0]

 ### Operon type: 144

	 A0A009GXL8	[157, 156, 155, 0, 180, 194, 300, 299, 298]

 ### Operon type: 145

	 A0A010JIW7	[157, 156, 155, 0, 180, 0, 0, 300, 299]

 ### Operon type: 146

	 A0A009MGR3	[0, 0, 172, 0, 654, 241, 166, 362, 361]

 ### Operon type: 147

	 A0A009Q4G0	[0, 173, 172, 0, 654, 0, 362, 361, 362]

 ### Operon type: 148

	 A0A009PUJ8	[0, 363, 0, 0, 0, 360, 300, 299, 298]

 ### Operon type: 149

	 A0A009QJA8	[299, 298, 0, 0, 0, 0, 0, 0, 0]

 ### Operon type: 150

	 A0A009PB53	[0, 0, 363, 0, 0, 362, 361, 362, 360]

 ### Operon type: 151

	 A0A013SNJ8	[589, 0, 0, 588, 587, 681, 596, 0, 0]
	 A0A013RZW2	[589, 575, 0, 588, 587, 681, 596, 0, 0]
	 A0A009SIZ4	[589, 575, 0, 588, 587, 0, 596, 271, 0]
	 A0A009RD69	[589, 575, 0, 588, 587, 681, 596, 271, 0]
	 A0A010J9U3	[589, 0, 0, 588, 587, 681, 596, 0, 0]

 ### Operon type: 152

	 A0A009PH20	[0, 0, 349, 588, 587, 681, 596, 0, 0]
	 A0A009IV03	[0, 0, 349, 588, 587, 0, 596, 0, 0]

 ### Operon type: 153

	 A0A009YIZ0	[589, 575, 349, 588, 587, 681, 596, 271, 182]

 ### Operon type: 154

	 A0A009QA91	[247, 246, 600, 715, 544, 544, 287, 613, 321]
	 A0A010J377	[247, 246, 600, 715, 544, 544, 287, 613, 321]

 ### Operon type: 155

	 A0A009MVG4	[322, 0, 545, 715, 544, 544, 0, 613, 321]
	 A0A009QQC0	[0, 0, 322, 715, 544, 544, 0, 613, 321]

 ### Operon type: 156

	 A0A009H7I0	[0, 0, 0, 715, 544, 544, 287, 613, 321]

 ### Operon type: 157

	 A0A009S1X4	[247, 246, 600, 715, 544, 544, 715, 0, 245]

 ### Operon type: 158

	 A0A013SHF4	[0, 0, 545, 715, 544, 544, 0, 543, 0]

 ### Operon type: 159

	 A0A009H7U0	[676, 529, 0, 674, 673, 202, 201, 0, 0]

 ### Operon type: 160

	 A0A010IMP8	[676, 0, 0, 674, 673, 202, 201, 0, 199]

 ### Operon type: 161

	 A0A013SZ54	[676, 0, 675, 674, 673, 0, 0, 0, 0]

 ### Operon type: 162

	 A0A009ZM43	[-1, 529, 675, 674, 673, 202, 201, 200, 199]

 ### Operon type: 163

	 A0A009YSC7	[0, 0, 179, 178, 0, 178, 578, 577, 0]

 ### Operon type: 164

	 A0A013RVV2	[645, 0, 578, 577, 0, 0, 0, 576, 0]

 ### Operon type: 165

	 A0A011Q5S3	[71, 291, 0, 0, 0, 0, 420, 419, 417]

 ### Operon type: 166

	 A0A011UZZ4	[0, 420, 419, 0, 0, 0, 418, 418, 417]

 ### Operon type: 167

	 A0A010YKP2	[0, 0, 0, 0, 0, 0, 522, 412, 0]

 ### Operon type: 168

	 A0A011V1A2	[415, 0, 0, 412, 0, 0, 0, 0, 0]

 ### Operon type: 169

	 A0A011Q2B1	[0, 0, 0, 0, 0, 475, 474, 473, 472]

 ### Operon type: 170

	 A0A011RLN8	[0, 0, 0, 477, 476, 475, 474, 473, 472]

 ### Operon type: 171

	 A0A011NGS0	[0, 0, 0, 0, 505, 504, 0, 0, 0]

 ### Operon type: 172

	 A0A011PW61	[0, 0, 0, 0, 505, 504, 0, 0, 61]

 ### Operon type: 173

	 A0A011UXI1	[0, 422, 0, 0, 505, 504, 503, 0, 0]

 ### Operon type: 174

	 A0A011SWI9	[-1, -1, 0, 506, 505, 504, 503, -1, -1]

 ### Operon type: 175

	 A0A011P952	[504, 0, 108, 0, 0, 108, 0, 0, 0]

 ### Operon type: 176

	 A0A011NSG8	[0, 0, 0, 388, 41, 40, 0, 41, 0]

 ### Operon type: 177

	 A0A011P0X4	[0, 0, 42, 0, 41, 0, 0, 40, 174]

 ### Operon type: 178

	 A0A009MJ75	[0, 0, 331, 330, 329, 0, 0, 0, 328]

 ### Operon type: 179

	 A0A010IH51	[0, 440, 0, 0, 329, 0, 328, 0, 0]

 ### Operon type: 180

	 A0A010YNY9	[0, 0, 33, 32, 0, 0, 0, 0, 425]

 ### Operon type: 181

	 A0A011AC71	[245, 0, 0, 523, 0, 33, 32, 0, 600]

 ### Operon type: 182

	 A0A011PRW6	[135, 0, 0, 0, 134, 469, 468, 0, 0]
	 A0A011QLX0	[0, 135, 0, 0, 134, 0, 469, 468, 0]

 ### Operon type: 183

	 A0A010SML6	[0, 469, 468, -1, 0, 286, 0, 0, 0]

 ### Operon type: 184

	 A0A009P817	[335, 0, 0, 0, 334, 0, 530, 333, 332]

 ### Operon type: 185

	 A0A009TIY0	[0, 0, 0, 0, 334, 0, 530, 333, 0]

 ### Operon type: 186

	 A0A009QKA3	[530, 333, 0, 332, 0, 0, 0, 0, 358]

 ### Operon type: 187

	 A0A009S854	[-1, 0, 0, 239, 581, 0, 0, 0, 579]

 ### Operon type: 188

	 A0A013RMD0	[-1, 0, 582, 0, 581, 580, 0, 0, 579]

 ### Operon type: 189

	 A0A009R016	[0, 175, 0, 0, 213, -1, 694, 0, 0]
	 A0A009HFU9	[0, 175, 0, 0, 213, 694, 0, 0, 0]

 ### Operon type: 190

	 A0A009HSR2	[0, 269, 268, 0, 267, 312, 313, 304, 314]

 ### Operon type: 191

	 A0A009SWM1	[0, 269, 268, 0, 267, 0, 0, 313, 0]

 ### Operon type: 192

	 A0A009MYX0	[315, 314, 0, 714, 0, 0, 313, 312, 311]

 ### Operon type: 193

	 A0A009QK79	[0, 0, 311, 312, 0, 313, 0, 0, 314]

 ### Operon type: 194

	 A0A009GXJ1	[411, 410, 312, 313, 158, 304, 314, 315, 0]

 ### Operon type: 195

	 A0A013TKW8	[0, 624, 0, 694, 623, 622, 621, 620, 619]
	 A0A009PRQ9	[0, 694, 339, 0, 623, 622, 621, 620, 619]
	 A0A009S0T6	[0, 0, 694, 339, 623, 622, 621, 620, 619]
	 A0A009QT77	[0, 0, -1, 694, 623, 622, 621, 620, 619]
	 A0A009MH36	[0, 0, 0, 694, 623, 622, 621, 620, 619]
	 A0A009GWD0	[304, 0, 0, 694, 623, 622, 621, 620, 619]
	 A0A009I5G9	[0, 0, 694, 339, 623, 622, 621, 620, 619]
	 A0A010IT95	[0, 0, 0, 694, 623, 622, 621, 620, 619]

 ### Operon type: 196

	 A0A013TMJ7	[638, -1, 0, 694, 623, 620, 619, 0, 0]

 ### Operon type: 197

	 A0A009HJJ5	[611, 610, 609, 0, 608, 607, 0, 606, 165]
	 A0A009I8I7	[611, 610, 609, 257, 608, 607, 0, 606, 165]

 ### Operon type: 198

	 A0A013TPR7	[611, 610, 609, 0, 608, 607, 0, 606, 605]
	 A0A009PMT3	[611, 610, 609, 0, 608, 607, 341, 606, 605]
	 A0A009RMI1	[0, 610, 609, 0, 608, 607, 0, 606, 0]
	 A0A009YG45	[0, 611, 610, 609, 608, 0, 607, 341, 606]
	 A0A010JJN4	[0, 610, 609, 0, 608, 607, 0, 606, 605]

 ### Operon type: 199

	 A0A009SEP4	[611, 610, 609, 257, 608, 0, 607, 341, 0]

 ### Operon type: 200

	 A0A009NI48	[611, 610, 609, 0, 608, 0, 0, 0, -1]

 ### Operon type: 201

	 A0A011VU44	[0, 0, 0, 0, 0, 707, 0, 0, 0]
	 A0A011WLE7	[0, 0, 0, 0, 0, 707, 0, 0, 0]

 ### Operon type: 202

	 A0A011VAP2	[0, 0, 720, 0, 0, 0, 0, 0, 719]

 ### Operon type: 203

	 A0A011VRJ8	[0, 0, 0, 0, 0, 0, 720, 0, 0]

 ### Operon type: 204

	 A0A011RNU1	[0, 0, 0, 0, 0, 0, 711, 711, 712]

 ### Operon type: 205

	 A0A011VKJ9	[0, 0, 0, 0, 0, 0, 712, 711, -1]

 ### Operon type: 206

	 A0A011WT35	[586, 0, 0, 0, 0, 0, 0, 0, 0]
	 A0A011V490	[0, 586, 0, 0, 0, 0, 0, 0, 0]

 ### Operon type: 207

	 A0A009T185	[231, 0, 352, 352, 230, 630, 352, 435, 350]

 ### Operon type: 208

	 A0A010IN36	[149, 638, 0, 0, 230, 630, 352, 435, 350]

 ### Operon type: 209

	 A0A009PG43	[630, 352, 430, 351, 0, 435, 350, 0, 0]

 ### Operon type: 210

	 A0A011PQZ7	[0, 0, 0, 137, 514, 0, 513, 0, 0]

 ### Operon type: 211

	 A0A011TUX4	[0, 0, 0, 0, 514, 0, 0, 513, 0]

 ### Operon type: 212

	 A0A011STZ9	[0, 0, 0, 513, 0, 0, 0, 0, 0]

 ### Operon type: 213

	 A0A011PRF5	[136, 0, 0, 0, 0, 0, 0, 0, 0]
	 A0A011PUJ9	[0, 0, 0, 0, 0, 0, 0, 0, 136]

 ### Operon type: 214

	 A0A011PFY8	[0, 0, 0, 0, 0, 0, 0, 0, 531]

 ### Operon type: 215

	 A0A011PNS3	[351, 531, 0, 0, 0, 0, 0, 0, 0]

 ### Operon type: 216

	 A0A011T648	[0, 531, 0, 0, 0, 0, 0, 630, 0]

 ### Operon type: 217

	 A0A011U3C2	[0, 0, 529, 0, 0, 0, 0, 0, 0]
	 A0A011AEN3	[0, 0, 0, 0, 0, 0, 529, 0, 0]

 ### Operon type: 218

	 A0A011AAZ2	[0, 431, 0, 0, 0, 529, 529, 529, 0]

 ### Operon type: 219

	 A0A011T698	[0, 0, 0, 0, 0, 600, 529, 0, 0]

 ### Operon type: 220

	 A0A009SNL0	[259, 258, 0, 0, 0, 0, 0, 0, 0]

 ### Operon type: 221

	 A0A009ZZC8	[-1, 258, 259, 0, 0, 0, 0, 0, 0]

 ### Operon type: 222

	 A0A009ZG48	[0, 0, 0, 624, 0, 0, 0, 0, 0]

 ### Operon type: 223

	 A0A011PEJ8	[0, 0, 502, 624, 0, 0, 0, 0, 0]

 ### Operon type: 224

	 A0A011QNJ7	[500, 0, 0, 624, 0, 0, 0, 500, 0]

 ### Operon type: 225

	 A0A011MMJ4	[0, 0, 0, 0, 0, 0, 0, 500, 0]

 ### Operon type: 226

	 A0A011R8M3	[0, 0, 502, 624, 0, 501, 0, 500, 0]

 ### Operon type: 227

	 A0A009TJ77	[0, 186, 0, 0, 0, 0, 0, 0, 0]

 ### Operon type: 228

	 A0A010RTE7	[0, 0, 0, 0, 0, 0, 370, 186, 0]

 ### Operon type: 229

	 A0A013TPQ9	[618, 617, 616, 615, 614, 715, 638, 613, 612]
	 A0A013S8F0	[618, 617, 616, 615, 614, 715, 638, 613, 612]
	 A0A009PMU2	[618, 617, 616, -1, 614, 715, 638, 613, 612]
	 A0A009SZ84	[618, 617, 616, 615, 614, 715, 638, 613, 612]

 ### Operon type: 230

	 A0A009IG48	[0, 0, 0, 266, 150, 0, 0, 0, 286]

 ### Operon type: 231

	 A0A009IMQ0	[0, 0, 0, 266, 150, 0, 0, 0, 0]

 ### Operon type: 232

	 A0A009SWV1	[0, 0, 0, 0, 0, 0, 0, 266, 0]

 ### Operon type: 233

	 A0A011TAW2	[0, 0, 0, 0, 0, 0, 685, 0, 0]
	 A0A009SFX8	[685, 0, 0, 0, 0, 0, 0, 0, 0]

 ### Operon type: 234

	 A0A011TZN1	[0, 0, 0, 0, 401, 0, 0, 0, 0]
	 A0A009RHH9	[0, 0, 0, 0, 401, 0, 0, 0, 0]

 ### Operon type: 235

	 A0A009PMZ9	[340, 0, 0, 0, 0, 0, 0, 0, 0]
	 A0A009Q512	[0, 0, 0, 0, 340, 0, 0, 0, 0]

 ### Operon type: 236

	 A0A009IFL2	[0, 219, 0, 35, -1, 0, 0, 0]

 ### Operon type: 237

	 A0A009ZDS1	[-1, -1, 0, 219, 0, 0, 218, 0, 0]

 ### Operon type: 238

	 A0A009NPS1	[0, 617, 616, 615, 614, -1, 0, 0, 0]
	 A0A009HJM0	[0, 617, 616, 615, 614, 715, 0, 0, 0]
	 A0A010IZH1	[-1, 617, 616, 615, 614, 715, 0, 0, 0]

 ### Operon type: 239

	 A0A009HUS9	[617, 616, 0, 0, 0, 0, -1, 0, 0]

 ### Operon type: 240

	 A0A009HM15	[0, 253, 310, 0, 0, 0, -1, 0, 0]

 ### Operon type: 241

	 A0A009RQL5	[0, 0, 0, 0, 0, 0, 253, 310, 0]

 ### Operon type: 242

	 A0A009IJ01	[0, 0, 0, 0, 0, 0, 253, 310, 309]

 ### Operon type: 243

	 A0A009NCH6	[0, 0, 0, 0, 0, 0, 0, 310, 309]

 ### Operon type: 244

	 A0A011UB51	[432, 0, 0, 0, 0, 0, 0, 0, 0]
	 A0A011UFH1	[0, 0, 0, 0, 0, 432, 0, 0, 0]

 ### Operon type: 245

	 A0A011V965	[0, -1, -1, 0, 721, 0, -1, -1, 0]
	 A0A011VHP2	[0, -1, -1, -1, 721, 0, 0, 0, 0]

 ### Operon type: 246

	 A0A010RVD0	[-1, 0, 0, -1, 0, 68, 68, 0, 22]

 ### Operon type: 247

	 A0A010T7Q5	[0, 22, 0, 0, 0, 0, -1, 0, 0]

 ### Operon type: 248

	 A0A010SRR2	[0, 0, -1, 0, 0, 0, 0, 0, 638]
	 A0A010SNM6	[0, 0, -1, 0, 0, 0, 638, 0, 0]

 ### Operon type: 249

	 A0A010SJH7	[0, 0, 638, -1, 0, 0, 287, 0, 0]

 ### Operon type: 250

	 A0A011UZ32	[0, 0, 0, 0, 0, -1, 0, 0, 0]
	 A0A011UZ49	[0, -1, 0, 0, 0, 0, 0, 0, 0]
	 A0A011V107	[0, -1, 0, 0, 0, 0, 0, 0, 0]
	 A0A011U7M7	[0, 0, -1, 0, 0, 0, 0, 0, 0]
	 A0A009PH57	[0, 0, -1, 0, 0, 0, 0, 0, 0]
	 A0A009N9Z1	[-1, 0, 0, 0, 0, 0, 0, 0, 0]
	 A0A009TG92	[0, 0, -1, 0, 0, 0, 0, 0, 0]
	 A0A009QDV7	[-1, 0, 0, 0, 0, 0, 0, 0, 0]
	 A0A009HJU6	[0, 0, 0, 0, 0, 0, 0, 0, -1]
	 A0A009H6M2	[-1, 0, 0, 0, 0, 0, 0, 0, 0]
	 A0A009IHQ3	[-1, 0, 0, 0, 0, 0, 0, 0, 0]
	 A0A009RG92	[-1, 0, 0, 0, 0, 0, 0, 0, 0]
	 A0A010RKP8	[0, 0, 0, 0, 0, 0, -1, 0, 0]
	 A0A010JDA6	[-1, 0, 0, 0, 0, 0, 0, 0, 0]
	 A0A010TF14	[-1, 0, 0, 0, 0, 0, 0, 0, 0]
	 A0A010RY47	[-1, 0, -1, 0, 0, 0, 0, 0, 0]

 ### Operon type: 251

	 A0A010SJF9	[0, 0, 0, 0, 0, -1, 0, 387, -1]

 ### Operon type: 252

	 A0A010T5D8	[0, 0, 0, -1, 0, -1, 596, 0, 0]

 ### Operon type: 253

	 A0A011ML54	[0, 0, 0, 7, 0, 0, 0, 0, -1]

 ### Operon type: 254

	 A0A011NHY1	[0, 0, 0, 0, 0, 638, 0, 0, 0]

 ### Operon type: 255

	 A0A010Z171	[0, 0, 0, 0, 0, 0, 638, 0, 714]

 ### Operon type: 256

	 A0A010ZX98	[0, 0, 0, 0, 0, 36, 638, 638, 0]

 ### Operon type: 257

	 A0A010YRE8	[0, 0, 0, 0, 0, 0, 0, 36, 0]

 ### Operon type: 258

	 A0A011AF05	[0, 0, 245, 36, 0, 0, 0, 0, 0]

 ### Operon type: 259

	 A0A011SQL0	[442, 0, -1, 0, 0, 0, 0, 0, 0]

 ### Operon type: 260

	 A0A009ZC82	[0, 0, 442, 0, 0, 0, 0, 0, 0]

 ### Operon type: 261

	 A0A011P3F6	[286, 0, 0, 442, 0, 0, 0, 0, 0]

 ### Operon type: 262

	 A0A011T697	[638, 0, 0, 0, 0, 0, 0, 0, 530]

 ### Operon type: 263

	 A0A011TDD1	[0, 521, 638, 0, 0, 0, 0, 0, 0]

 ### Operon type: 264

	 A0A011VW24	[0, 0, 525, 0, 0, 0, 0, 0, -1]

 ### Operon type: 265

	 A0A011T8V3	[0, 0, 525, 0, 0, 0, 0, 0, 0]

 ### Operon type: 266

	 A0A010TH98	[61, 0, 0, 525, 0, 0, 0, 0, 0]

 ### Operon type: 267

	 A0A011QVR3	[0, 0, 0, 0, 0, 0, 0, 65, 525]

 ### Operon type: 268

	 A0A011RM25	[0, 0, 0, 0, 0, 525, 0, 471, 0]

 ### Operon type: 269

	 A0A011VXC2	[-1, 537, 0, 0, 0, 0, 0, 0, 0]

 ### Operon type: 270

	 A0A011VYF1	[525, 0, 0, 0, 0, 0, 432, 0, 0]

 ### Operon type: 271

	 A0A010S415	[-1, 525, 0, 321, 0, 0, 0, 0, 317]

 ### Operon type: 272

	 A0A011V8Y9	[0, 0, 0, 0, 0, 0, 0, 0, 0]
	 A0A011VMV7	[0, 0, 0, 0, 0, 0, 0, 0, 0]
	 A0A011VNE2	[0, 0, 0, 0, 0, 0, 0, 0, 0]
	 A0A011VSC9	[0, 0, 0, 0, 0, 0, 0, 0, 0]
	 A0A011VUV0	[0, 0, 0, 0, 0, 0, 0, 0, 0]
	 A0A011WSE5	[0, 0, 0, 0, 0, 0, 0, 0, 0]
	 A0A013T8M5	[0, 0, 0, 0, 0, 0, 0, 0, 0]
	 A0A013TEV4	[0, 0, 0, 0, 0, 0, 0, 0, 0]
	 A0A013TPV4	[0, 0, 0, 0, 0, 0, 0, 0, 0]
	 A0A013SL47	[0, 0, 0, 0, 0, 0, 0, 0, 0]
	 A0A011WUT3	[0, 0, 0, 0, 0, 0, 0, 0, 0]
	 A0A013S2B9	[0, 0, 0, 0, 0, 0, 0, 0, 0]
	 A0A013SBR8	[0, 0, 0, 0, 0, 0, 0, 0, 0]
	 A0A011TAF9	[0, 0, 0, 0, 0, 0, 0, 0, 0]
	 A0A011TLH0	[0, 0, 0, 0, 0, 0, 0, 0, 0]
	 A0A011TWN2	[0, 0, 0, 0, 0, 0, 0, 0, 0]
	 A0A011SGD5	[0, 0, 0, 0, 0, 0, 0, 0, 0]
	 A0A011UTJ0	[0, 0, 0, 0, 0, 0, 0, 0, 0]
	 A0A011UWH1	[0, 0, 0, 0, 0, 0, 0, 0, 0]
	 A0A011UHL2	[0, 0, 0, 0, 0, 0, 0, 0, 0]
	 A0A011UBN9	[0, 0, 0, 0, 0, 0, 0, 0, 0]
	 A0A011UFM5	[0, 0, 0, 0, 0, 0, 0, 0, 0]
	 A0A011UG71	[0, 0, 0, 0, 0, 0, 0, 0, 0]
	 A0A011UGX8	[0, 0, 0, 0, 0, 0, 0, 0, 0]
	 A0A009PAG1	[0, 0, 0, 0, 0, 0, 0, 0, 0]
	 A0A009PDV4	[0, 0, 0, 0, 0, 0, 0, 0, 0]
	 A0A009PG53	[0, 0, 0, 0, 0, 0, 0, 0, 0]
	 A0A009PT82	[0, 0, 0, 0, 0, 0, 0, 0, 0]
	 A0A009NQA1	[0, 0, 0, 0, 0, 0, 0, 0, 0]
	 A0A009MMM3	[0, 0, 0, 0, 0, 0, 0, 0, 0]
	 A0A009N031	[0, 0, 0, 0, 0, 0, 0, 0, 0]
	 A0A009N123	[0, 0, 0, 0, 0, 0, 0, 0, 0]
	 A0A009MH90	[0, 0, 0, 0, 0, 0, 0, 0, 0]
	 A0A009Q3K7	[0, 0, 0, 0, 0, 0, 0, 0, 0]
	 A0A009QQ47	[0, 0, 0, 0, 0, 0, 0, 0, 0]
	 A0A010SHY1	[0, 0, 0, 0, 0, 0, 0, 0, 0]
	 A0A009SHB3	[0, 0, 0, 0, 0, 0, 0, 0, 0]
	 A0A009SIF9	[0, 0, 0, 0, 0, 0, 0, 0, 0]
	 A0A009SWU0	[0, 0, 0, 0, 0, 0, 0, 0, 0]
	 A0A009SCM5	[0, 0, 0, 0, 0, 0, 0, 0, 0]
	 A0A009RHH7	[0, 0, 0, 0, 0, 0, 0, 0, 0]
	 A0A009RMD0	[0, 0, 0, 0, 0, 0, 0, 0, 0]
	 A0A009RR21	[0, 0, 0, 0, 0, 0, 0, 0, 0]
	 A0A009T1I8	[0, 0, 0, 0, 0, 0, 0, 0, 0]
	 A0A009T3J5	[0, 0, 0, 0, 0, 0, 0, 0, 0]
	 A0A009R2X0	[0, 0, 0, 0, 0, 0, 0, 0, 0]
	 A0A009R4N4	[0, 0, 0, 0, 0, 0, 0, 0, 0]
	 A0A009RBQ2	[0, 0, 0, 0, 0, 0, 0, 0, 0]
	 A0A009QVK8	[0, 0, 0, 0, 0, 0, 0, 0, 0]
	 A0A009HL81	[0, 0, 0, 0, 0, 0, 0, 0, 0]
	 A0A009HTN9	[0, 0, 0, 0, 0, 0, 0, 0, 0]
	 A0A009HIL8	[0, 0, 0, 0, 0, 0, 0, 0, 0]
	 A0A009HBT3	[0, 0, 0, 0, 0, 0, 0, 0, 0]
	 A0A009I0I9	[0, 0, 0, 0, 0, 0, 0, 0, 0]
	 A0A009IRJ6	[0, 0, 0, 0, 0, 0, 0, 0, 0]
	 A0A009ISY0	[0, 0, 0, 0, 0, 0, 0, 0, 0]
	 A0A009M4K0	[0, 0, 0, 0, 0, 0, 0, 0, 0]
	 A0A011PKU5	[0, 0, 0, 0, 0, 0, 0, 0, 0]
	 A0A011PJK8	[0, 0, 0, 0, 0, 0, 0, 0, 0]
	 A0A011PNN2	[0, 0, 0, 0, 0, 0, 0, 0, 0]
	 A0A011P4U7	[0, 0, 0, 0, 0, 0, 0, 0, 0]
	 A0A011P9Z5	[0, 0, 0, 0, 0, 0, 0, 0, 0]
	 A0A011PBM9	[0, 0, 0, 0, 0, 0, 0, 0, 0]
	 A0A011QMJ8	[0, 0, 0, 0, 0, 0, 0, 0, 0]
	 A0A011QSN2	[0, 0, 0, 0, 0, 0, 0, 0, 0]
	 A0A011Q056	[0, 0, 0, 0, 0, 0, 0, 0, 0]
	 A0A011Q1B3	[0, 0, 0, 0, 0, 0, 0, 0, 0]
	 A0A010ZTI3	[0, 0, 0, 0, 0, 0, 0, 0, 0]
	 A0A011A146	[0, 0, 0, 0, 0, 0, 0, 0, 0]
	 A0A009MGJ1	[0, 0, 0, 0, 0, 0, 0, 0, 0]
	 A0A009MGQ8	[0, 0, 0, 0, 0, 0, 0, 0, 0]
	 A0A009I463	[0, 0, 0, 0, 0, 0, 0, 0, 0]
	 A0A010IPH1	[0, 0, 0, 0, 0, 0, 0, 0, 0]
	 A0A010IZE4	[0, 0, 0, 0, 0, 0, 0, 0, 0]
	 A0A010SPJ7	[0, 0, 0, 0, 0, 0, 0, 0, 0]
	 A0A010SSQ8	[0, 0, 0, 0, 0, 0, 0, 0, 0]
	 A0A010T025	[0, 0, 0, 0, 0, 0, 0, 0, 0]
	 A0A011AIL7	[0, 0, 0, 0, 0, 0, 0, 0, 0]
	 A0A010ZJQ6	[0, 0, 0, 0, 0, 0, 0, 0, 0]
	 A0A010YJA7	[0, 0, 0, 0, 0, 0, 0, 0, 0]
	 A0A010YZS8	[0, 0, 0, 0, 0, 0, 0, 0, 0]
	 A0A010Z120	[0, 0, 0, 0, 0, 0, 0, 0, 0]
	 A0A011NMI8	[0, 0, 0, 0, 0, 0, 0, 0, 0]
	 A0A011NTU3	[0, 0, 0, 0, 0, 0, 0, 0, 0]
	 A0A011QVV5	[0, 0, 0, 0, 0, 0, 0, 0, 0]
	 A0A011N2Z0	[0, 0, 0, 0, 0, 0, 0, 0, 0]
	 A0A011N3C3	[0, 0, 0, 0, 0, 0, 0, 0, 0]
	 A0A011N4G4	[0, 0, 0, 0, 0, 0, 0, 0, 0]
	 A0A011NAJ1	[0, 0, 0, 0, 0, 0, 0, 0, 0]
	 A0A011NAY5	[0, 0, 0, 0, 0, 0, 0, 0, 0]
	 A0A011NDM5	[0, 0, 0, 0, 0, 0, 0, 0, 0]
	 A0A011VYF6	[0, 0, 0, 0, 0, 0, 0, 0, 0]
	 A0A011VWR4	[0, 0, 0, 0, 0, 0, 0, 0, 0]
	 A0A011WKI4	[0, 0, 0, 0, 0, 0, 0, 0, 0]
	 A0A011VZG0	[0, 0, 0, 0, 0, 0, 0, 0, 0]
	 A0A011VW71	[0, 0, 0, 0, 0, 0, 0, 0, 0]

 ### Operon type: 273

	 A0A010TG27	[380, 0, 379, 0, 0, 0, 715, 0, 0]

 ### Operon type: 274

	 A0A011PMK1	[0, 0, 0, 0, 0, 0, 0, 380, 0]

 ### Operon type: 275

	 A0A009HRU1	[0, 312, 0, 0, 0, 0, 0, 0, 0]

 ### Operon type: 276

	 A0A009HSN8	[0, 173, 0, 0, 0, -1, 0, 360, -1]

 ### Operon type: 277

	 A0A009HV82	[300, 0, 0, 0, 0, 0, 0, 0, 0]

 ### Operon type: 278

	 A0A009IG74	[0, 0, 330, 0, 681, -1, 0, 0, 0]

 ### Operon type: 279

	 A0A009IJ90	[0, 187, 0, 0, 0, 0, 0, 0, 0]

 ### Operon type: 280

	 A0A009ISE1	[607, 0, 606, 0, 0, -1, 0, 0, 0]

 ### Operon type: 281

	 A0A009NM94	[0, 453, 453, 0, 0, 0, 521, 0, 0]

 ### Operon type: 282

	 A0A009Q4N5	[0, 0, 335, 0, 0, 0, 0, 0, 0]

 ### Operon type: 283

	 A0A009SSZ9	[0, 270, 0, 0, 0, 0, 0, 0, 0]

 ### Operon type: 284

	 A0A009TBM2	[0, 0, 0, 0, 0, 0, 0, 0, 677]

 ### Operon type: 285

	 A0A009Q8S9	[0, 0, 286, 677, 0, 434, 0, 0, 0]

 ### Operon type: 286

	 A0A009YIH1	[0, 0, 0, 0, 240, 0, -1, -1, 198]

 ### Operon type: 287

	 A0A009YR05	[0, 0, 0, 0, 429, 0, 0, 0, 0]

 ### Operon type: 288

	 A0A009Z004	[229, 0, 229, 0, 0, 714, 0, 0, 0]

 ### Operon type: 289

	 A0A010IGH8	[0, 0, 0, 0, 0, 0, 0, 576, 0]

 ### Operon type: 290

	 A0A010JIN9	[222, 0, 0, 186, 263, 0, 0, 0, 0]

 ### Operon type: 291

	 A0A010RS09	[0, 0, 0, 0, 370, 0, 722, 722, 0]

 ### Operon type: 292

	 A0A010RUQ5	[0, 0, 0, 0, 0, 0, 0, 0, 400]

 ### Operon type: 293

	 A0A010S195	[442, 0, 14, 18, 0, 0, 0, 0, 0]

 ### Operon type: 294

	 A0A010SCZ2	[0, 0, 0, 0, 0, 0, 0, 702, 0]

 ### Operon type: 295

	 A0A010SN41	[0, 0, 0, 0, 696, 0, 0, 0, 0]

 ### Operon type: 296

	 A0A010SSU2	[0, 0, 0, 0, 158, 0, -1, 109, 0]

 ### Operon type: 297

	 A0A010SUP6	[0, 0, 0, 0, 0, 0, 0, 18, 0]

 ### Operon type: 298

	 A0A010SUY9	[0, 0, 0, 0, 0, 501, 502, 0]

 ### Operon type: 299

	 A0A010THK2	[0, 0, -1, 0, 0, 722, 714, 0, 0]

 ### Operon type: 300

	 A0A010SRL4	[379, 0, 0, -1, 0, 0, 0, 714, 148]

 ### Operon type: 301

	 A0A010YF95	[417, 0, 0, 0, 0, 0, 0, 0, 0]

 ### Operon type: 302

	 A0A010YT39	[0, 716, 0, 0, 0, 0, 0, 0, 0]

 ### Operon type: 303

	 A0A010YX61	[552, 529, 0, 525, 0, 0, 0, 0, 0]

 ### Operon type: 304

	 A0A010ZWJ8	[0, 0, 0, 0, 0, 110, 0, 0, 0]

 ### Operon type: 305

	 A0A009ZVR4	[458, 0, 529, 0, 0, 285, 0, 0, 0]

 ### Operon type: 306

	 A0A011AHW1	[0, 0, 0, 0, 0, 0, 0, 37, 0]

 ### Operon type: 307

	 A0A011NE37	[675, 0, 0, 0, 0, 0, 0, 0, 0]

 ### Operon type: 308

	 A0A011NF78	[0, 0, 69, 0, 0, 0, 0, 0, 0]

 ### Operon type: 309

	 A0A011NVE2	[0, 0, 0, 630, 0, 0, 638, 0, 437]

 ### Operon type: 310

	 A0A011NXJ4	[0, 0, 0, 0, 0, 0, 0, 0, 399]

 ### Operon type: 311

	 A0A011P8I1	[0, 0, 478, 529, 0, 0, 0, 0, 110]

 ### Operon type: 312

	 A0A011P9Q7	[550, 0, 0, 0, 0, 0, 0, 0, 0]

 ### Operon type: 313

	 A0A011PCT1	[0, 0, 0, 0, 0, 0, 0, 472, 0]

 ### Operon type: 314

	 A0A011PJ75	[0, 630, 352, 630, 0, 0, 0, 0, 0]

 ### Operon type: 315

	 A0A011PRB4	[0, 0, 0, 0, 0, 0, 0, 536, 0]

 ### Operon type: 316

	 A0A011Q5V7	[528, 0, 0, 0, 0, 0, 0, 0, 0]

 ### Operon type: 317

	 A0A011QU35	[0, 0, 0, 0, 66, 0, 0, 0, 0]

 ### Operon type: 318

	 A0A011QVT2	[224, 0, 0, 0, 0, 0, 0, 351, 0]

 ### Operon type: 319

	 A0A011RP14	[0, 0, 0, 0, 0, 0, 0, 459, 0]

 ### Operon type: 320

	 A0A011SM49	[638, 0, 459, 0, 0, 0, 443, 0, 0]

 ### Operon type: 321

	 A0A011AM27	[513, 0, 0, 0, 608, 0, 0, 0, 15]

 ### Operon type: 322

	 A0A011T607	[0, 0, 524, 0, 0, 0, 0, 0, 521]

 ### Operon type: 323

	 A0A010S5W8	[0, 0, 292, 524, 0, 0, 0, 0, 0]

 ### Operon type: 324

	 A0A011MSR2	[0, 0, 0, 292, 0, 0, 0, 698, 0]

 ### Operon type: 325

	 A0A010YYJ5	[0, 0, 0, 698, 0, 0, 0, 285, 285]

 ### Operon type: 326

	 A0A011TED9	[0, 0, 0, 0, 0, 518, 0, 0, 0]

 ### Operon type: 327

	 A0A011TXS5	[0, 441, 0, 0, 0, 0, 0, 0, 0]

 ### Operon type: 328

	 A0A011U144	[0, 400, 0, 0, 0, 0, 399, 649, 0]

 ### Operon type: 329

	 A0A011U1C8	[600, 0, 0, 0, 0, 0, 0, 0, 398]

 ### Operon type: 330

	 A0A011U483	[0, 0, 0, 0, 0, 397, 0, 0, 0]

 ### Operon type: 331

	 A0A011UDF3	[0, 0, 0, 0, 0, 512, 0, 0, 0]

 ### Operon type: 332

	 A0A011UG86	[0, 388, 0, 0, 0, 387, 0, 0, 0]

 ### Operon type: 333

	 A0A011UGY3	[0, 0, 0, 386, 0, 0, 0, 386, 0]

 ### Operon type: 334

	 A0A011UJN3	[0, 435, 0, 0, 0, 0, 0, 0, 0]

 ### Operon type: 335

	 A0A009INE0	[149, 0, 0, 0, 0, 0, 0, 352, 435]

 ### Operon type: 336

	 A0A011UQB5	[450, 433, 0, 0, 0, 0, 0, 432, 0]

 ### Operon type: 337

	 A0A011UVI5	[0, 0, 0, 0, 0, 425, 630, 630, 0]

 ### Operon type: 338

	 A0A011UWI3	[0, 0, 0, 0, 424, 0, 423, 442, 0]

 ### Operon type: 339

	 A0A011V5E6	[0, 0, 0, 0, 0, 538, 0, 0, 0]

 ### Operon type: 340

	 A0A011M4H6	[719, 0, 28, 0, 0, 0, 0, 0, 0]

 ### Operon type: 341

	 A0A011VSV3	[0, 0, 0, 0, 0, 0, 710, 0, 0]

 ### Operon type: 342

	 A0A011VWI0	[0, 0, 0, 0, 0, 384, 0, 0, 0]

 ### Operon type: 343

	 A0A011VZ91	[1, 0, 0, 0, 0, 0, 0, 0, 0]

 ### Operon type: 344

	 A0A011W213	[0, 0, 0, 0, 0, 6, 0, 0, 0]

 ### Operon type: 345

	 A0A011WP76	[0, 0, 0, 0, 0, 0, 0, 0, 73]

 ### Operon type: 346

	 A0A011WSD4	[0, 0, 0, -1, 0, 698, 0, 0, 586]

 ### Operon type: 347

	 A0A011VZF5	[0, 0, 535, 534, 0, 698, 586, 698, 0]

 ### Operon type: 348

	 A0A011WSU6	[0, 698, 0, 0, 697, 0, 0, 0, 0]

 ### Operon type: 349

	 A0A013S843	[0, 613, 0, 0, 0, 0, -1, 566, 0]

 ### Operon type: 350

	 A0A013S981	[562, 0, 0, 0, 0, 0, 0, 0, 0]

 ### Operon type: 351

	 A0A013T337	[0, 0, 0, 0, 0, 0, 0, 0, 655]

 ### Operon type: 352

	 A0A013T5E6	[0, 0, 0, 654, 0, 0, 0, 0, 0]

 ### Operon type: 353

	 A0A013SGL3	[604, 553, 552, 551, 603, 602, 601, 600, 599]
	 A0A009NE81	[604, 553, 552, 551, 603, 602, 601, 600, 599]
	 A0A009RQH3	[604, 0, 0, 551, 603, 602, 601, 600, 599]
	 A0A009I5Z6	[604, 0, 552, 551, 603, 602, 601, 600, 599]
	 A0A010KAV2	[604, 0, 0, 551, 603, 602, 601, 600, 599]

 ### Operon type: 354

	 A0A013TB41	[604, -1, 0, 0, 603, 602, 601, 600, 599]

 ### Operon type: 355

	 A0A009H3X4	[604, 0, 0, 0, 603, 602, -1, 722, -1]

 ### Operon type: 356

	 A0A009YL68	[0, 0, 600, 604, 603, 0, 0, 221, 0]

 ### Operon type: 357

	 A0A009T9H0	[0, 198, 286, -1, 0, 0, 313, 0, 312]

 ### Operon type: 358

	 A0A010THH5	[0, 289, 219, 425, 0, 0, 448, 0, 218]

 ### Operon type: 359

	 A0A011WSH8	[0, 0, 0, 715, 699, 0, 0, 0, 0]
	 A0A011VZE3	[0, 0, 0, 715, 699, 0, 0, 0, 0]

 ### Operon type: 360

	 A0A011NAF3	[0, 0, 0, 0, 0, 0, 715, 0, 120]

 ### Operon type: 361

	 A0A009IQ93	[393, 0, 715, 0, 0, 148, 0, 0, 0]

 ### Operon type: 362

	 A0A009TLU4	[0, 441, -1, 185, 0, 184, 0, -1, -1]

 ### Operon type: 363

	 A0A010JNG7	[694, 0, 0, 26, 0, 0, 0, 0, 0]

 ### Operon type: 364

	 A0A010S003	[97, 0, 0, 0, 0, 388, 388, 326, 0]

 ### Operon type: 365

	 A0A010SMN8	[0, -1, 33, 0, 29, 0, 0, 100, 0]

 ### Operon type: 366

	 A0A010SXS1	[0, 430, 0, 0, 0, 17, 0, 0, 351]

 ### Operon type: 367

	 A0A010T689	[15, -1, 448, 461, 0, 0, 0, 0, 0]

 ### Operon type: 368

	 A0A010TBB4	[0, 210, 0, 387, 0, 0, 0, 0, 600]

 ### Operon type: 369

	 A0A010YFK3	[0, 57, 0, 0, 0, 0, 705, 0, 398]

 ### Operon type: 370

	 A0A010YVY1	[10, 0, 10, 0, 0, 0, 0, 326, 0]

 ### Operon type: 371

	 A0A010Z7T4	[0, 0, 0, 0, 0, 0, 0, 328, 137]

 ### Operon type: 372

	 A0A010RRR9	[0, 0, 0, 0, 91, 0, 0, 288, 328]

 ### Operon type: 373

	 A0A010SIA7	[0, 0, 288, 375, 0, 0, 0, 0, 0]

 ### Operon type: 374

	 A0A010ZSZ2	[0, 431, 0, 208, 39, 0, 0, 0, 0]

 ### Operon type: 375

	 A0A010Z0Y7	[0, 0, 0, 0, 39, 321, 0, 0, 0]

 ### Operon type: 376

	 A0A010ZUR7	[704, 38, 0, 38, 0, 37, 326, 0, 0]

 ### Operon type: 377

	 A0A011A0M8	[0, 0, 714, 0, 35, 0, 0, 34, 34]

 ### Operon type: 378

	 A0A011NFL4	[0, 452, 0, 0, 484, 380, 0, 716, 0]

 ### Operon type: 379

	 A0A011P407	[0, 0, 713, 451, 0, 0, 600, 0, 397]

 ### Operon type: 380

	 A0A011QGT2	[715, 0, 0, 86, 85, 0, 0, 0, 0]

 ### Operon type: 381

	 A0A011QSA4	[392, 0, 70, 220, 0, 0, 0, 0, 69]

 ### Operon type: 382

	 A0A011T6J6	[0, 528, 0, 529, 0, 0, 527, 0, 526]

 ### Operon type: 383

	 A0A011TAL2	[0, 524, 0, 0, 0, 523, 0, 522, 0]

 ### Operon type: 384

	 A0A011TYT7	[0, 0, 0, 0, 0, 0, 440, 439, 439]

 ### Operon type: 385

	 A0A011TZG0	[714, 438, 0, 0, 0, 0, 0, 625, 0]

 ### Operon type: 386

	 A0A011Q6N5	[0, 0, 0, 0, 0, 0, 56, 438, 56]

 ### Operon type: 387

	 A0A011UII7	[0, 0, 0, 0, 0, 437, 436, 0, 0]

 ### Operon type: 388

	 A0A011UNT9	[434, 445, 0, 0, 0, 0, 0, 0, 0]

 ### Operon type: 389

	 A0A011SIS0	[0, 447, 446, 446, 0, 0, 0, 445, 0]

 ### Operon type: 390

	 A0A011UT49	[0, 431, 0, 0, 0, 0, 430, 717, 0]

 ### Operon type: 391

	 A0A011VU65	[706, 0, 0, 0, 0, 705, 0, 0, 0]

 ### Operon type: 392

	 A0A011VV03	[0, 704, 0, 0, 703, 719, 0, 0, 0]

 ### Operon type: 393

	 A0A011VVZ9	[0, 0, -1, 0, 0, 702, 701, 701, 700]

 ### Operon type: 394

	 A0A011VWX7	[351, 416, 0, 0, 0, 0, 0, 449, 0]

 ### Operon type: 395

	 A0A011VXK7	[453, 453, 0, 202, 0, 0, 0, 419, 0]

 ### Operon type: 396

	 A0A011W0I6	[11, 0, 0, 0, 0, 3, 0, 7, 0]

 ### Operon type: 397

	 A0A010YEF6	[0, 11, 0, 0, 0, 0, 0, 0, 16]

 ### Operon type: 398

	 A0A013SQH1	[0, 0, 0, 0, 696, 695, 0, 694, 693]

 ### Operon type: 399

	 A0A009LNU8	[687, 689, 690, 691, 0, 185, 0, 694, 0]

 ### Operon type: 400

	 A0A013SRG6	[692, 691, 690, 689, 0, 688, 0, 687, 686]

 ### Operon type: 401

	 A0A009IQU8	[0, 689, 0, 0, 0, 688, 686, 0, 0]

 ### Operon type: 402

	 A0A010K2K8	[690, 691, 692, 0, 0, 0, 0, -1, 694]

 ### Operon type: 403

	 A0A011NPR8	[0, 686, 0, 0, 0, 0, 290, 0, 0]

 ### Operon type: 404

	 A0A010SEA2	[291, 290, 289, 0, 0, 0, 0, 0, 0]

 ### Operon type: 405

	 A0A009ZIC0	[213, 212, 582, 239, 581, 580, 211, 210, 579]

 ### Operon type: 406

	 A0A009ZB47	[223, 278, 0, 0, 0, 698, 222, 0, 0]

 ### Operon type: 407

	 A0A010RM40	[636, 715, 295, 0, 0, 0, 0, -1, 113]

 ### Operon type: 408

	 A0A010RRQ6	[0, 28, 0, 0, 0, 29, 582, 27, 0]

 ### Operon type: 409

	 A0A010S423	[527, 0, 0, 0, 0, 0, 0, 423, 457]

 ### Operon type: 410

	 A0A010T0I7	[0, 0, 16, 0, 0, 478, 70, 715, 0]

 ### Operon type: 411

	 A0A011AHU9	[0, 0, 0, 0, 0, 0, 0, 31, 233]

 ### Operon type: 412

	 A0A010YY02	[0, 8, 0, 0, 8, 188, 209, 0, 31]

 ### Operon type: 413

	 A0A011NA78	[0, 637, 0, 0, 0, 68, 0, 0, 113]

 ### Operon type: 414

	 A0A011P8W7	[141, 713, 351, 0, 109, 0, 0, 0, 0]

 ### Operon type: 415

	 A0A011PG97	[100, 0, 0, 265, 0, 0, 0, 0, 0]

 ### Operon type: 416

	 A0A011PKT4	[0, 695, 0, 0, 0, 0, 422, 0, 0]

 ### Operon type: 417

	 A0A011PLB2	[0, 141, 0, 147, 0, 0, 0, 0, 0]

 ### Operon type: 418

	 A0A011R339	[0, 0, 0, 0, 0, 0, 411, 410, 0]

 ### Operon type: 419

	 A0A011SFE5	[0, 0, 0, 453, 0, 0, 452, 451, 450]

 ### Operon type: 420

	 A0A011SJT5	[0, 0, 0, 700, 444, 444, 444, 444, 444]

 ### Operon type: 421

	 A0A011TDQ5	[0, 0, 0, 0, 520, 519, 0, 0, 0]

 ### Operon type: 422

	 A0A011UG17	[391, 0, 390, 0, 389, 706, 0, 0, 0]

 ### Operon type: 423

	 A0A011V8Z7	[0, 0, 0, 0, 0, 724, 723, 0, 0]

 ### Operon type: 424

	 A0A011VT01	[0, 0, 709, 0, 0, 709, 0, 0, 708]

 ### Operon type: 425

	 A0A011VYP6	[0, 0, 0, 0, 0, 0, 390, 92, 0]

 ### Operon type: 426

	 A0A011V392	[537, 0, 536, 535, 534, 533, 0, 697, 532]

 ### Operon type: 427

	 A0A009Q0U9	[589, 252, 251, 0, 249, 248, -1, -1, 0]

 ### Operon type: 428

	 A0A010SRB2	[184, 20, 0, 0, 0, 20, 19, 0, 0]

 ### Operon type: 429

	 A0A011VJ76	[718, 718, 717, 716, 0, 715, 714, 0, 713]

 ### Operon type: 430

	 A0A013SKX6	[0, 0, 542, 0, 681, 681, 541, 540, 539]

 ### Operon type: 431

	 A0A010KA25	[222, 0, 448, 549, 163, 0, 0, 222, 617]

 ### Operon type: 432

	 A0A011WUA8	[585, 0, 0, 584, 0, 0, 0, 583, 583]

 ### Operon type: 433

	 A0A010S4X6	[0, 321, 295, 388, 594, 0, 294, 293, 722]

 ### Operon type: 434

	 A0A011U8C0	[0, 396, 395, 0, 421, 394, 0, 0, 0]
