
 ### Operon type: 1

	 A0A011PVT3	[592, 591, 590, 589, 588, 587, 586, 585, 584]
	 A0A011R7V7	[592, 591, 590, 589, 588, 587, 586, 585, 584]
	 A0A011MET3	[592, 591, 590, 589, 588, 587, 586, 585, 584]

 ### Operon type: 2

	 A0A011UIA1	[370, 369, 368, 367, 366, 365, 364, 363, 0]
	 A0A011V5V3	[0, 370, 369, 368, 367, 366, 365, 364, 363]

 ### Operon type: 3

	 A0A011PTE7	[602, 601, 600, 599, 598, 0, 597, 596, 595]
	 A0A011NE72	[602, 601, 600, 599, 598, 597, 596, 595, 0]

 ### Operon type: 4

	 A0A011NEY3	[415, 698, 697, 696, 696, 695, 694, 693, 0]

 ### Operon type: 5

	 A0A011PAN4	[698, 697, 0, 696, 696, 695, 694, 693, 692]

 ### Operon type: 6

	 A0A011RCD5	[415, 698, 697, 696, 696, 695, 694, 693, 692]

 ### Operon type: 7

	 A0A010JSI3	[541, 540, 539, 538, 537, 536, 535, 534, 0]
	 A0A013T0M4	[541, 540, 539, 538, 537, 536, 535, 534, 0]
	 A0A009RGL2	[0, 540, 539, 538, 537, 536, 535, 534, 0]
	 A0A009HDS5	[541, 540, 539, 538, 537, 536, 535, 534, 0]

 ### Operon type: 8

	 A0A011PF67	[688, 687, 686, 685, 684, 0, 0, 0, 0]
	 A0A011NBX7	[688, 687, 686, 685, 684, 545, 0, 0, 0]
	 A0A011NW66	[688, 687, 686, 685, 684, 545, 0, 0, 0]

 ### Operon type: 9

	 A0A011NS68	[688, 687, 686, 685, 684, 469, 468, 474, 719]
	 A0A011RHX4	[688, 687, 686, 685, 684, 469, 468, 474, 0]

 ### Operon type: 10

	 A0A010JY00	[264, 551, 530, 342, 263, 628, 339, 631, 359]

 ### Operon type: 11

	 A0A013TH30	[551, 530, 342, 341, 340, 628, 339, 631, 359]

 ### Operon type: 12

	 A0A011NEQ1	[0, 498, 497, 496, 495, 494, 493, 492, 491]
	 A0A011QAS2	[0, 498, 497, 496, 495, 494, 493, 492, 491]

 ### Operon type: 13

	 A0A011QSF0	[0, 681, 680, 679, 678, 677, 676, 550, 0]
	 A0A011QBB5	[682, 681, 680, 679, 678, 677, 676, 550, 323]
	 A0A011Q0X6	[682, 681, 680, 679, 678, 677, 676, 550, 323]
	 A0A011Q1X8	[681, 0, 680, 679, 678, 677, 676, 550, 323]

 ### Operon type: 14

	 A0A011PG87	[682, 681, 680, 679, 678, 677, 676, 0, 0]

 ### Operon type: 15

	 A0A010K6G6	[262, 261, 260, 259, 258, 257, 256, 0, 255]
	 A0A013SP43	[262, 261, 260, 259, 258, 257, 256, 169, 255]
	 A0A009RUN3	[262, 261, 260, 259, 258, 257, 256, 169, 255]

 ### Operon type: 16

	 A0A009SZB5	[0, 0, 396, 395, 394, 0, 0, 0, 393]
	 A0A009HR98	[0, 0, 396, 395, 394, 0, 0, 0, 393]

 ### Operon type: 17

	 A0A009Z8F7	[44, 396, 45, 0, 394, 4, 4, 0, 0]

 ### Operon type: 18

	 A0A011QIT1	[573, 572, 571, 721, 570, 569, 568, 567, 566]
	 A0A011QUG8	[573, 572, 571, 721, 570, 569, 0, 568, 567]

 ### Operon type: 19

	 A0A011PL71	[625, 624, 623, 622, 621, 666, 646, 620, 0]
	 A0A011QAB0	[624, 623, 622, 0, 621, 666, 646, 620, 0]

 ### Operon type: 20

	 A0A011PIY7	[593, 0, 664, 610, 611, 612, 613, 0, 615]

 ### Operon type: 21

	 A0A011Q3J4	[0, 593, 664, 610, 611, 612, 613, 614, 0]

 ### Operon type: 22

	 A0A011MH88	[476, 593, 664, 610, 611, 612, 613, 614, 615]

 ### Operon type: 23

	 A0A009QBR9	[0, 0, 452, 349, 451, 0, 0, 447, 116]
	 A0A009TM70	[0, 453, 452, 349, 451, 0, 0, 447, 116]

 ### Operon type: 24

	 A0A010ILU3	[454, 453, 452, 0, 451, 450, 449, 448, 447]
	 A0A009MW50	[0, 453, 452, 349, 451, 450, 0, 448, 447]
	 A0A009QS71	[454, 453, 452, 349, 451, 450, 0, 448, 447]
	 A0A009H3B0	[0, 453, 452, 0, 451, 450, 449, 448, 447]

 ### Operon type: 25

	 A0A009I8S2	[0, 0, 452, 349, 451, 450, 448, 447, 116]

 ### Operon type: 26

	 A0A009ICH6	[428, 93, 92, 91, 263, 34, 33, 32, 631]
	 A0A009ZFR5	[428, 93, 92, 91, 263, 34, 33, 32, 631]

 ### Operon type: 27

	 A0A009GP96	[0, 59, 583, 524, 254, 58, 467, 57, 56]

 ### Operon type: 28

	 A0A009GSR4	[524, 254, 58, 467, 57, 56, 56, 55, 0]

 ### Operon type: 29

	 A0A009IIT6	[59, 583, 524, 254, 57, 56, 56, 55, 0]

 ### Operon type: 30

	 A0A009IS10	[143, 0, 0, 0, 142, 141, 140, 0, 0]

 ### Operon type: 31

	 A0A009QHW5	[0, 0, 0, 454, 142, 141, 140, 0, 69]

 ### Operon type: 32

	 A0A011UVB4	[0, 0, 0, 380, 0, 0, 143, 0, 74]

 ### Operon type: 33

	 A0A011TLH7	[317, 316, 315, 0, 0, 0, 0, 0, 0]
	 A0A011UG87	[315, 316, 317, 0, 0, 0, 0, 0, 0]

 ### Operon type: 34

	 A0A011QIE8	[580, 579, 578, 577, 576, 575, 574, 0, 0]
	 A0A011QDV3	[580, 579, 578, 577, 576, 575, 324, 0, 574]

 ### Operon type: 35

	 A0A011NYU6	[322, 321, 0, 320, 608, 16, 15, 0, 319]

 ### Operon type: 36

	 A0A011PYI6	[322, 321, 0, 320, 608, 319, 529, 716, 0]

 ### Operon type: 37

	 A0A011P1C0	[0, 0, 16, 15, 319, 0, 0, 0, 0]

 ### Operon type: 38

	 A0A011PP01	[618, 617, 616, 0, 0, 0, 0, 0, 0]
	 A0A011NVE7	[618, 617, 616, 0, 0, 0, 0, 0, 0]

 ### Operon type: 39

	 A0A013TH43	[338, 0, 0, 0, 337, 336, 335, 0, 334]
	 A0A009RAF0	[338, 0, 0, 0, 337, 336, 335, 0, 334]

 ### Operon type: 40

	 A0A013S8V2	[192, 191, 0, 0, 0, 190, 0, 0, 0]
	 A0A009R8E1	[0, 29, 0, 192, 191, 0, 0, 190, 0]

 ### Operon type: 41

	 A0A009QFZ7	[357, 356, 0, 0, 353, 0, 351, 350, 0]
	 A0A009TK03	[357, 356, 0, 0, 353, 0, 351, 350, 0]

 ### Operon type: 42

	 A0A013SPM5	[357, 356, 355, 354, 353, 352, 351, 350, 0]
	 A0A010IX62	[357, 356, 355, 354, 353, 0, 351, 350, 0]
	 A0A009MH71	[357, 356, 0, 354, 353, 352, 351, 350, 0]
	 A0A009HSL1	[357, 356, 355, 354, 353, 0, 351, 350, 0]

 ### Operon type: 43

	 A0A009I6Z0	[357, 356, 0, 354, 353, 0, 351, 350, 67]

 ### Operon type: 44

	 A0A009ZIX8	[0, 5, 355, 354, 353, 14, 0, 67, 0]

 ### Operon type: 45

	 A0A009I573	[148, 0, 99, 109, 0, 100, 113, 101, 102]

 ### Operon type: 46

	 A0A009ILP9	[108, 0, 102, 101, 113, 100, 110, 109, 99]

 ### Operon type: 47

	 A0A009I953	[108, 0, 102, 101, 113, 100, 110, 0, -1]

 ### Operon type: 48

	 A0A009QEG7	[115, 114, 0, 0, 113, 112, 111, 0, 110]
	 A0A009IPC3	[115, 114, 0, 0, 113, 112, 111, 0, 110]

 ### Operon type: 49

	 A0A009SX74	[674, 719, 0, 109, 110, 108, 114, 115, 0]

 ### Operon type: 50

	 A0A010JWJ1	[0, 269, 583, 0, 268, 267, 266, 265, 0]
	 A0A009I4A1	[0, 269, 583, 0, 268, 267, 266, 265, 0]

 ### Operon type: 51

	 A0A009QF22	[73, 72, 71, 0, 268, 267, 266, 265, 70]
	 A0A009TBY8	[73, 72, 71, 49, 268, 267, 266, 265, 70]

 ### Operon type: 52

	 A0A009ITT8	[139, 138, 137, 405, 404, 136, 403, 402, 401]

 ### Operon type: 53

	 A0A009NJ90	[139, 138, 137, 405, 0, 125, 136, 403, 402]

 ### Operon type: 54

	 A0A009HZK2	[406, 405, 404, 0, 0, 0, 0, 0, 0]

 ### Operon type: 55

	 A0A009IJ07	[408, 407, 406, 405, 404, 0, 0, 0, 0]

 ### Operon type: 56

	 A0A009S6G1	[408, 407, 406, 405, 404, 403, 402, 401, 400]

 ### Operon type: 57

	 A0A009S5A5	[404, 125, 136, 403, 402, 401, 87, 86, 400]

 ### Operon type: 58

	 A0A013TCN9	[349, 348, 347, 346, 345, 344, 343, 583, 577]
	 A0A009NIJ3	[349, 348, 347, 346, 345, 344, 343, 583, 577]
	 A0A009QNC9	[349, 348, 347, 346, 345, 344, 343, 583, 577]
	 A0A010ITG1	[349, 348, 347, 346, 345, 344, 343, 583, 577]
	 A0A013TRC1	[349, 348, 347, 346, 345, 344, 343, 583, 577]

 ### Operon type: 59

	 A0A009H935	[0, 0, 347, 346, 345, 344, 343, 583, 577]

 ### Operon type: 60

	 A0A009PJF7	[381, 383, 383, 384, 211, 385, 210, 209, 208]
	 A0A009SJZ7	[380, 381, 383, 384, 211, 385, 210, 209, 208]

 ### Operon type: 61

	 A0A009Z5G0	[385, 384, 383, 0, 382, 381, 380, 379]

 ### Operon type: 62

	 A0A010JJC1	[632, 461, 460, 459, 458, 457, 456, 466, 455]
	 A0A010IZ41	[461, 460, 459, 458, 457, 456, 466, 455, 260]

 ### Operon type: 63

	 A0A009QJL6	[632, 461, 460, 459, 0, 455, 260, 68, 0]

 ### Operon type: 64

	 A0A011P2I4	[666, 665, 664, 0, 0, 0, 0, 0, 0]
	 A0A011N9N8	[666, 665, 664, 0, 0, 0, 0, 0, 0]

 ### Operon type: 65

	 A0A009PIB4	[0, 0, 0, 161, 160, 159, 467, 583, 666]
	 A0A009SLR5	[0, 0, 0, 161, 160, 159, 467, 583, 666]

 ### Operon type: 66

	 A0A009HSU4	[0, 0, 489, 583, 0, 665, 715, 666, 467]

 ### Operon type: 67

	 A0A011SF89	[639, 638, 637, 0, 0, 0, 0, 0, 0]

 ### Operon type: 68

	 A0A011UCX7	[0, 624, 639, 638, 0, 637, 241, 0, 0]

 ### Operon type: 69

	 A0A011NYT4	[711, 710, 709, 708, 0, 501, 501, 500, 499]

 ### Operon type: 70

	 A0A011P8E9	[0, 0, 711, 710, 0, 709, 708, 0, 0]

 ### Operon type: 71

	 A0A010TF34	[0, -1, 0, 0, 39, 38, 37, 36, 35]
	 A0A010SYH9	[39, 38, 37, 36, 35, 0, 0, 0, 0]

 ### Operon type: 72

	 A0A010S7A1	[205, 204, 203, 202, 0, 201, 0, 0, 0]
	 A0A010TFJ4	[0, -1, 0, 205, 204, 203, 202, -1, 201]

 ### Operon type: 73

	 A0A009ICP5	[181, 249, 548, 180, 179, 0, 0, 177, 0]

 ### Operon type: 74

	 A0A009MMG9	[181, 249, 548, 180, 179, 0, 178, 177, 328]

 ### Operon type: 75

	 A0A009HTW0	[0, 387, 388, 0, 179, 0, 0, 177, 0]
	 A0A009QLL2	[0, 387, 388, 0, 179, 0, 0, 177, 0]

 ### Operon type: 76

	 A0A009SIV4	[386, 387, 388, 151, 179, 150, 0, 177, 328]

 ### Operon type: 77

	 A0A013TSJ4	[387, 388, 0, 151, 179, 0, 0, 177, 328]

 ### Operon type: 78

	 A0A009Z3V9	[583, 0, 0, 0, 0, 388, 488, 387, 386]

 ### Operon type: 79

	 A0A009T0Q9	[0, 0, 0, 0, 392, 391, 476, 583, 390]

 ### Operon type: 80

	 A0A009YJF4	[0, 500, 499, 26, 50, 476, 583, 0, 390]

 ### Operon type: 81

	 A0A009PAV9	[231, -1, 548, 230, 289, 467, 229, 228, 227]
	 A0A009HJC2	[231, 577, 548, 230, 289, 467, 229, 228, 227]

 ### Operon type: 82

	 A0A009SE02	[0, 227, 0, 0, 0, 228, 229, 467, 289]

 ### Operon type: 83

	 A0A011QNA5	[0, 565, 564, 563, 0, 562, 561, 560, 559]
	 A0A009ZLJ7	[559, 560, 561, 562, 0, 0, 565, 564, 563]

 ### Operon type: 84

	 A0A013T0T6	[562, 561, 560, 559, 446, 445, 361, 444, 360]
	 A0A009QMH5	[562, 561, 560, 559, 446, 445, 361, 444, 360]
	 A0A009HAX1	[562, 561, 560, 559, 446, 445, 361, 444, 360]

 ### Operon type: 85

	 A0A010ILW6	[562, 561, 560, 559, 446, 445, 0, 0, 444]

 ### Operon type: 86

	 A0A009Z9X7	[561, 560, 559, 0, 446, 0, 502, 0, 444]

 ### Operon type: 87

	 A0A009PE10	[0, 0, 0, 559, 446, 222, 361, 444, -1]

 ### Operon type: 88

	 A0A009SYU8	[715, 428, 699, 425, 212, 583, 583, 423, 422]
	 A0A009RSB7	[715, 428, 699, 425, 212, 583, 583, 423, 422]
	 A0A009HS41	[715, 428, 699, 425, 212, 583, 583, 423, 422]

 ### Operon type: 89

	 A0A010IT25	[715, 428, 699, 425, 424, 583, 583, 423, 422]
	 A0A013SHA9	[715, 428, 699, 425, 424, 583, 583, 423, 422]
	 A0A009I466	[715, 428, 699, 425, 424, 583, 583, 423, 422]

 ### Operon type: 90

	 A0A009NMQ9	[715, 428, 699, 425, 424, 0, 583, 583, 423]

 ### Operon type: 91

	 A0A009P8A9	[0, 0, 699, 425, 212, 583, 583, 423, 422]

 ### Operon type: 92

	 A0A011PGU1	[0, 0, 673, 672, 671, 670, 669, 668, 667]
	 A0A011MDH1	[318, 0, 673, 672, 671, 670, 669, 668, 667]

 ### Operon type: 93

	 A0A011V0P4	[413, 377, 0, 0, 376, 0, 0, 375, 374]

 ### Operon type: 94

	 A0A011WPV7	[375, 374, 0, 0, 0, 0, 0, 0, 0]

 ### Operon type: 95

	 A0A011RNP9	[0, 0, 0, 0, 0, 647, 646, 0, 0]

 ### Operon type: 96

	 A0A011V0B5	[642, 0, 0, 0, 0, 0, 647, 0, 0]

 ### Operon type: 97

	 A0A011RQC9	[0, 642, 641, 0, 0, 0, 0, 640, 0]

 ### Operon type: 98

	 A0A011QG28	[557, 556, 672, 0, 671, 670, 706, 555, 707]
	 A0A011RIM8	[557, 556, 0, 0, 671, 670, 706, 555, 707]

 ### Operon type: 99

	 A0A011PHI6	[724, 0, 723, 0, 0, 722, 721, 720, 0]

 ### Operon type: 100

	 A0A011QI68	[0, 0, 723, 722, 0, 0, 0, 0, 0]

 ### Operon type: 101

	 A0A011P700	[0, 0, 713, 712, 0, 0, 0, 0, 0]

 ### Operon type: 102

	 A0A011QSI4	[0, 0, 713, 712, 504, 0, 0, 0, 0]

 ### Operon type: 103

	 A0A011NVJ6	[516, 515, 514, 513, 512, 511, 0, 0, 510]

 ### Operon type: 104

	 A0A011PVP2	[0, 515, 514, 513, 512, 511, 0, 0, 592]

 ### Operon type: 105

	 A0A011NXY7	[0, 0, 514, 0, 512, 0, 0, 0, 0]

 ### Operon type: 106

	 A0A011NUB4	[521, 520, 631, 519, 629, 628, 0, 518, 0]
	 A0A011QR69	[521, 520, 631, 519, 629, 628, 0, 0, 0]

 ### Operon type: 107

	 A0A011NN36	[520, 631, 0, 0, 629, 628, 0, 0, 0]

 ### Operon type: 108

	 A0A011PK69	[631, 630, 0, 0, 629, 628, 0, 0, 0]

 ### Operon type: 109

	 A0A011RMI6	[656, 655, 654, 653, 652, 651, 650, 649, 648]
	 A0A011NYD6	[656, 655, 654, 653, 652, 651, 650, 649, 648]

 ### Operon type: 110

	 A0A011QB28	[477, 656, 655, 0, 0, 651, 650, 649, 648]

 ### Operon type: 111

	 A0A011NF33	[0, 651, 650, 0, 0, 0, 0, 0, 0]

 ### Operon type: 112

	 A0A011NBY4	[544, 0, 0, 543, 0, 0, 542, 0, 0]

 ### Operon type: 113

	 A0A011WRT0	[544, 0, 0, 0, 0, 0, 0, 716, 0]

 ### Operon type: 114

	 A0A011SHV5	[0, 0, 0, 0, 0, 633, 716, 632, 0]

 ### Operon type: 115

	 A0A011NB95	[0, 549, 0, 0, 0, 0, 548, 547, 546]

 ### Operon type: 116

	 A0A011UHT4	[68, 85, 547, 0, 0, 41, 41, 546, 0]

 ### Operon type: 117

	 A0A010Z1W7	[0, 0, 0, 0, 0, 130, 0, 410, 411]

 ### Operon type: 118

	 A0A011VY84	[0, 0, 411, 410, 0, 0, 0, 0, 0]

 ### Operon type: 119

	 A0A010YW85	[0, 0, 0, 0, 0, 270, 0, 410, 411]

 ### Operon type: 120

	 A0A010ZMA0	[410, 554, 0, 0, 0, 0, 0, 0, 0]

 ### Operon type: 121

	 A0A011N5L2	[0, 0, 0, 554, 0, 553, 552, 0, 0]

 ### Operon type: 122

	 A0A010SQJ5	[197, 180, 0, 313, 312, 311, 0, 0, 0]

 ### Operon type: 123

	 A0A010STD3	[0, 0, 0, 313, 312, 311, 0, 423, 165]

 ### Operon type: 124

	 A0A011TD67	[314, 0, 0, 313, 312, 311, 310, 0, 309]

 ### Operon type: 125

	 A0A009ZC12	[0, 0, 0, 313, 0, 311, 310, 3, 506]

 ### Operon type: 126

	 A0A010RFQ9	[0, 0, 533, 0, 532, 0, 0, 0, 0]

 ### Operon type: 127

	 A0A010SPR9	[24, 24, 0, 0, 0, 532, 0, 0, 0]

 ### Operon type: 128

	 A0A013S288	[0, 0, 0, 290, 289, 288, 287, 0, 285]
	 A0A010J3I1	[0, 0, 0, 290, 289, 288, 287, 0, 285]

 ### Operon type: 129

	 A0A013SXT2	[293, 292, 291, 290, 289, 288, 287, 286, 285]
	 A0A009PWG1	[293, 292, 291, 290, 289, 288, 287, 286, 285]

 ### Operon type: 130

	 A0A009ZJK4	[0, 0, 0, 0, 0, 0, 428, 20, 0]

 ### Operon type: 131

	 A0A010SVN1	[-1, 20, 583, 206, 232, 0, 0, 428, 0]

 ### Operon type: 132

	 A0A009IMX3	[434, 0, 432, 0, 430, 97, 97, 716, 96]
	 A0A009SF48	[434, 0, 432, 0, 430, -1, 97, 716, 96]

 ### Operon type: 133

	 A0A009QEX0	[434, 433, 432, 431, 430, 97, 97, 716, 96]

 ### Operon type: 134

	 A0A010ISX2	[434, 433, 432, 431, 430, 429, 428, 427, 426]
	 A0A009RES7	[434, 433, 432, 431, 430, 429, 428, 427, 426]
	 A0A013S7V1	[434, 433, 432, 431, 430, 429, 428, 427, 426]
	 A0A009MR00	[434, 433, 432, 431, 430, 429, 428, 427, 426]

 ### Operon type: 135

	 A0A009GYP9	[0, 0, 0, 431, 430, 429, 428, 427, 426]

 ### Operon type: 136

	 A0A009YTT3	[0, 0, 0, 0, 0, 0, 428, 427, 426]

 ### Operon type: 137

	 A0A009PFK7	[221, 220, 219, 218, 217, 0, 0, 216, 0]
	 A0A009QGN4	[221, 220, 219, 218, 217, 216, 0, 0, 0]

 ### Operon type: 138

	 A0A009YR20	[0, 216, 0, 0, 0, 0, 220, 0, 0]

 ### Operon type: 139

	 A0A013SB36	[189, 188, 187, 186, 185, 0, 499, 184, 391]
	 A0A009QSI3	[189, 188, 187, 186, 185, 0, 499, 184, -1]

 ### Operon type: 140

	 A0A010ITP2	[189, 188, 187, 186, 185, 0, 499, 0, 0]

 ### Operon type: 141

	 A0A009SII9	[-1, 188, 187, 186, 0, 0, 0, 0, 392]

 ### Operon type: 142

	 A0A009HZV2	[0, 0, 0, 0, 104, 103, 125, 0, 0]

 ### Operon type: 143

	 A0A009QPE7	[0, 0, 0, 0, 104, 103, 0, 0, 0]

 ### Operon type: 144

	 A0A009GXL8	[53, 52, 51, 0, 50, 49, 124, 123, 122]

 ### Operon type: 145

	 A0A010JIW7	[53, 52, 51, 0, 50, 0, 0, 124, 123]

 ### Operon type: 146

	 A0A009MGR3	[0, 0, 120, 0, 358, 86, 47, 225, 224]

 ### Operon type: 147

	 A0A009Q4G0	[0, 121, 120, 0, 358, 0, 225, 224, 225]

 ### Operon type: 148

	 A0A009PUJ8	[0, 226, 0, 0, 0, 223, 124, 123, 122]

 ### Operon type: 149

	 A0A009QJA8	[123, 122, 0, 0, 0, 0, 0, 0, 0]

 ### Operon type: 150

	 A0A009PB53	[0, 0, 226, 0, 0, 225, 224, 225, 223]

 ### Operon type: 151

	 A0A013RZW2	[428, 199, 0, 214, 213, 289, 260, 0, 0]
	 A0A013SNJ8	[428, 0, 0, 214, 213, 289, 260, 0, 0]
	 A0A009SIZ4	[428, 199, 0, 214, 213, 0, 260, 149, 0]
	 A0A010J9U3	[428, 0, 0, 214, 213, 289, 260, 0, 0]
	 A0A009RD69	[428, 199, 0, 214, 213, 289, 260, 149, 0]

 ### Operon type: 152

	 A0A009PH20	[0, 0, 447, 214, 213, 289, 260, 0, 0]
	 A0A009IV03	[0, 0, 447, 214, 213, 0, 260, 0, 0]

 ### Operon type: 153

	 A0A009YIZ0	[428, 199, 447, 214, 213, 289, 260, 149, 135]

 ### Operon type: 154

	 A0A009QA91	[119, 118, 715, 583, 283, 283, 117, 198, 206]
	 A0A010J377	[119, 118, 715, 583, 283, 283, 117, 198, 206]

 ### Operon type: 155

	 A0A009MVG4	[176, 0, 284, 583, 283, 283, 0, 198, 206]
	 A0A009QQC0	[0, 0, 176, 583, 283, 283, 0, 198, 206]

 ### Operon type: 156

	 A0A009H7I0	[0, 0, 0, 583, 283, 283, 117, 198, 206]

 ### Operon type: 157

	 A0A009S1X4	[119, 118, 715, 583, 283, 283, 583, 0, 88]

 ### Operon type: 158

	 A0A013SHF4	[0, 0, 284, 583, 283, 283, 0, 282, 0]

 ### Operon type: 159

	 A0A009H7U0	[443, 706, 0, 442, 441, 440, 439, 0, 0]

 ### Operon type: 160

	 A0A010IMP8	[443, 0, 0, 442, 441, 440, 439, 0, 438]

 ### Operon type: 161

	 A0A013SZ54	[443, 0, 416, 442, 441, 0, 0, 0, 0]

 ### Operon type: 162

	 A0A009ZM43	[-1, 706, 416, 442, 441, 440, 439, 94, 438]

 ### Operon type: 163

	 A0A009YSC7	[0, 0, 542, 1, 0, 1, 167, 166, 0]

 ### Operon type: 164

	 A0A013RVV2	[349, 0, 167, 166, 0, 0, 0, 165, 0]

 ### Operon type: 165

	 A0A011Q5S3	[566, 485, 0, 0, 0, 0, 484, 483, 482]

 ### Operon type: 166

	 A0A011UZZ4	[0, 484, 483, 0, 0, 0, 378, 378, 482]

 ### Operon type: 167

	 A0A010YKP2	[0, 0, 0, 0, 0, 0, 510, 373, 0]

 ### Operon type: 168

	 A0A011V1A2	[377, 0, 0, 373, 0, 0, 0, 0, 0]

 ### Operon type: 169

	 A0A011Q2B1	[0, 0, 0, 0, 0, 661, 660, 659, 691]

 ### Operon type: 170

	 A0A011RLN8	[0, 0, 0, 663, 662, 661, 660, 659, 691]

 ### Operon type: 171

	 A0A011NGS0	[0, 0, 0, 0, 472, 701, 0, 0, 0]

 ### Operon type: 172

	 A0A011PW61	[0, 0, 0, 0, 472, 701, 0, 0, 414]

 ### Operon type: 173

	 A0A011UXI1	[0, 626, 0, 0, 472, 701, 308, 0, 0]

 ### Operon type: 174

	 A0A011SWI9	[-1, -1, 0, 724, 472, 701, 308, -1, -1]

 ### Operon type: 175

	 A0A011P952	[701, 0, 700, 0, 0, 700, 0, 0, 0]

 ### Operon type: 176

	 A0A011NSG8	[0, 0, 0, 720, 523, 522, 0, 523, 0]

 ### Operon type: 177

	 A0A011P0X4	[0, 0, 318, 0, 523, 0, 0, 522, 29]

 ### Operon type: 178

	 A0A009MJ75	[0, 0, 154, 153, 152, 0, 0, 0, 524]

 ### Operon type: 179

	 A0A010IH51	[0, 328, 0, 0, 152, 0, 524, 0, 0]

 ### Operon type: 180

	 A0A010YNY9	[0, 0, 131, 17, 0, 0, 0, 0, 62]

 ### Operon type: 181

	 A0A011AC71	[88, 0, 0, 234, 0, 131, 17, 0, 715]

 ### Operon type: 182

	 A0A011PRW6	[604, 0, 0, 0, 603, 655, 654, 0, 0]
	 A0A011QLX0	[0, 604, 0, 0, 603, 0, 655, 654, 0]

 ### Operon type: 183

	 A0A010SML6	[0, 655, 654, -1, 0, 719, 0, 0, 0]

 ### Operon type: 184

	 A0A009P817	[158, 0, 0, 0, 157, 0, 272, 156, 155]

 ### Operon type: 185

	 A0A009TIY0	[0, 0, 0, 0, 157, 0, 272, 156, 0]

 ### Operon type: 186

	 A0A009QKA3	[272, 156, 0, 155, 0, 0, 0, 0, 221]

 ### Operon type: 187

	 A0A009S854	[-1, 0, 0, 399, 398, 0, 0, 0, 397]

 ### Operon type: 188

	 A0A013RMD0	[-1, 0, 527, 0, 398, 533, 0, 0, 397]

 ### Operon type: 189

	 A0A009HFU9	[0, 61, 0, 0, 60, 467, 0, 0, 0]
	 A0A009R016	[0, 61, 0, 0, 60, -1, 467, 0, 0]

 ### Operon type: 190

	 A0A009HSR2	[0, 147, 146, 0, 145, 172, 173, 125, 174]

 ### Operon type: 191

	 A0A009SWM1	[0, 147, 146, 0, 145, 0, 0, 173, 0]

 ### Operon type: 192

	 A0A009MYX0	[175, 174, 0, 489, 0, 0, 173, 172, 171]

 ### Operon type: 193

	 A0A009QK79	[0, 0, 171, 172, 0, 173, 0, 0, 174]

 ### Operon type: 194

	 A0A009GXJ1	[372, 371, 172, 173, 54, 125, 174, 175, 0]

 ### Operon type: 195

	 A0A010IT95	[0, 0, 0, 467, 421, 420, 419, 418, 417]
	 A0A013TKW8	[0, 689, 0, 467, 421, 420, 419, 418, 417]
	 A0A009PRQ9	[0, 467, 162, 0, 421, 420, 419, 418, 417]
	 A0A009QT77	[0, 0, -1, 467, 421, 420, 419, 418, 417]
	 A0A009S0T6	[0, 0, 467, 162, 421, 420, 419, 418, 417]
	 A0A009MH36	[0, 0, 0, 467, 421, 420, 419, 418, 417]
	 A0A009GWD0	[125, 0, 0, 467, 421, 420, 419, 418, 417]
	 A0A009I5G9	[0, 0, 467, 162, 421, 420, 419, 418, 417]

 ### Operon type: 196

	 A0A013TMJ7	[577, -1, 0, 467, 421, 418, 417, 0, 0]

 ### Operon type: 197

	 A0A009HJJ5	[170, 465, 464, 0, 463, 462, 0, 708, 46]
	 A0A009I8I7	[170, 465, 464, 105, 463, 462, 0, 708, 46]

 ### Operon type: 198

	 A0A010JJN4	[0, 465, 464, 0, 463, 462, 0, 708, 552]
	 A0A013TPR7	[170, 465, 464, 0, 463, 462, 0, 708, 552]
	 A0A009PMT3	[170, 465, 464, 0, 463, 462, 164, 708, 552]
	 A0A009RMI1	[0, 465, 464, 0, 463, 462, 0, 708, 0]
	 A0A009YG45	[0, 170, 465, 464, 463, 0, 462, 164, 708]

 ### Operon type: 199

	 A0A009SEP4	[170, 465, 464, 105, 463, 0, 462, 164, 0]

 ### Operon type: 200

	 A0A009NI48	[170, 465, 464, 0, 463, 0, 0, 0, -1]

 ### Operon type: 201

	 A0A011WLE7	[0, 0, 0, 0, 0, 236, 0, 0, 0]
	 A0A011VU44	[0, 0, 0, 0, 0, 236, 0, 0, 0]

 ### Operon type: 202

	 A0A011VAP2	[0, 0, 81, 0, 0, 0, 0, 0, 305]

 ### Operon type: 203

	 A0A011VRJ8	[0, 0, 0, 0, 0, 0, 81, 0, 0]

 ### Operon type: 204

	 A0A011RNU1	[0, 0, 0, 0, 0, 0, 645, 645, 644]

 ### Operon type: 205

	 A0A011VKJ9	[0, 0, 0, 0, 0, 0, 644, 645, -1]

 ### Operon type: 206

	 A0A011V490	[0, 277, 0, 0, 0, 0, 0, 0, 0]
	 A0A011WT35	[277, 0, 0, 0, 0, 0, 0, 0, 0]

 ### Operon type: 207

	 A0A009T185	[520, 0, 594, 594, 436, 631, 594, 435, 511]

 ### Operon type: 208

	 A0A010IN36	[437, 577, 0, 0, 436, 631, 594, 435, 511]

 ### Operon type: 209

	 A0A009PG43	[631, 594, 215, 703, 0, 435, 511, 0, 0]

 ### Operon type: 210

	 A0A011PQZ7	[0, 0, 0, 609, 608, 0, 607, 0, 0]

 ### Operon type: 211

	 A0A011TUX4	[0, 0, 0, 0, 608, 0, 0, 607, 0]

 ### Operon type: 212

	 A0A011STZ9	[0, 0, 0, 607, 0, 0, 0, 0, 0]

 ### Operon type: 213

	 A0A011PRF5	[605, 0, 0, 0, 0, 0, 0, 0, 0]
	 A0A011PUJ9	[0, 0, 0, 0, 0, 0, 0, 0, 605]

 ### Operon type: 214

	 A0A011PFY8	[0, 0, 0, 0, 0, 0, 0, 0, 683]

 ### Operon type: 215

	 A0A011PNS3	[703, 683, 0, 0, 0, 0, 0, 0, 0]

 ### Operon type: 216

	 A0A011T648	[0, 683, 0, 0, 0, 0, 0, 631, 0]

 ### Operon type: 217

	 A0A011U3C2	[0, 0, 706, 0, 0, 0, 0, 0, 0]
	 A0A011AEN3	[0, 0, 0, 0, 0, 0, 706, 0, 0]

 ### Operon type: 218

	 A0A011AAZ2	[0, 64, 0, 0, 0, 706, 706, 706, 0]

 ### Operon type: 219

	 A0A011T698	[0, 0, 0, 0, 0, 715, 706, 0, 0]

 ### Operon type: 220

	 A0A009SNL0	[107, 106, 0, 0, 0, 0, 0, 0, 0]

 ### Operon type: 221

	 A0A009ZZC8	[-1, 106, 107, 0, 0, 0, 0, 0, 0]

 ### Operon type: 222

	 A0A009ZG48	[0, 0, 0, 689, 0, 0, 0, 0, 0]

 ### Operon type: 223

	 A0A011PEJ8	[0, 0, 690, 689, 0, 0, 0, 0, 0]

 ### Operon type: 224

	 A0A011QNJ7	[558, 0, 0, 689, 0, 0, 0, 558, 0]

 ### Operon type: 225

	 A0A011MMJ4	[0, 0, 0, 0, 0, 0, 0, 558, 0]

 ### Operon type: 226

	 A0A011R8M3	[0, 0, 690, 689, 0, 307, 0, 558, 0]

 ### Operon type: 227

	 A0A009TJ77	[0, 80, 0, 0, 0, 0, 0, 0, 0]

 ### Operon type: 228

	 A0A010RTE7	[0, 0, 0, 0, 0, 0, 36, 80, 0]

 ### Operon type: 229

	 A0A013S8F0	[196, 253, 195, 194, 193, 583, 577, 198, 553]
	 A0A013TPQ9	[196, 253, 195, 194, 193, 583, 577, 198, 553]
	 A0A009PMU2	[196, 253, 195, -1, 193, 583, 577, 198, 553]
	 A0A009SZ84	[196, 253, 195, 194, 193, 583, 577, 198, 553]

 ### Operon type: 230

	 A0A009IG48	[0, 0, 0, 144, 98, 0, 0, 0, 719]

 ### Operon type: 231

	 A0A009IMQ0	[0, 0, 0, 144, 98, 0, 0, 0, 0]

 ### Operon type: 232

	 A0A009SWV1	[0, 0, 0, 0, 0, 0, 0, 144, 0]

 ### Operon type: 233

	 A0A011TAW2	[0, 0, 0, 0, 0, 0, 293, 0, 0]
	 A0A009SFX8	[293, 0, 0, 0, 0, 0, 0, 0, 0]

 ### Operon type: 234

	 A0A011TZN1	[0, 0, 0, 0, 362, 0, 0, 0, 0]
	 A0A009RHH9	[0, 0, 0, 0, 362, 0, 0, 0, 0]

 ### Operon type: 235

	 A0A009PMZ9	[163, 0, 0, 0, 0, 0, 0, 0, 0]
	 A0A009Q512	[0, 0, 0, 0, 163, 0, 0, 0, 0]

 ### Operon type: 236

	 A0A009IFL2	[0, 31, 0, 30, -1, 0, 0, 0]

 ### Operon type: 237

	 A0A009ZDS1	[-1, -1, 0, 31, 0, 0, 461, 0, 0]

 ### Operon type: 238

	 A0A009NPS1	[0, 253, 195, 194, 193, -1, 0, 0, 0]
	 A0A010IZH1	[-1, 253, 195, 194, 193, 583, 0, 0, 0]
	 A0A009HJM0	[0, 253, 195, 194, 193, 583, 0, 0, 0]

 ### Operon type: 239

	 A0A009HUS9	[253, 195, 0, 0, 0, 0, -1, 0, 0]

 ### Operon type: 240

	 A0A009HM15	[0, 128, 127, 0, 0, 0, -1, 0, 0]

 ### Operon type: 241

	 A0A009RQL5	[0, 0, 0, 0, 0, 0, 128, 127, 0]

 ### Operon type: 242

	 A0A009IJ01	[0, 0, 0, 0, 0, 0, 128, 127, 126]

 ### Operon type: 243

	 A0A009NCH6	[0, 0, 0, 0, 0, 0, 0, 127, 126]

 ### Operon type: 244

	 A0A011UB51	[409, 0, 0, 0, 0, 0, 0, 0, 0]
	 A0A011UFH1	[0, 0, 0, 0, 0, 409, 0, 0, 0]

 ### Operon type: 245

	 A0A011V965	[0, -1, -1, 0, 82, 0, -1, -1, 0]
	 A0A011VHP2	[0, -1, -1, -1, 82, 0, 0, 0, 0]

 ### Operon type: 246

	 A0A010RVD0	[-1, 0, 0, -1, 0, 550, 550, 0, 25]

 ### Operon type: 247

	 A0A010T7Q5	[0, 25, 0, 0, 0, 0, -1, 0, 0]

 ### Operon type: 248

	 A0A010SNM6	[0, 0, -1, 0, 0, 0, 577, 0, 0]
	 A0A010SRR2	[0, 0, -1, 0, 0, 0, 0, 0, 577]

 ### Operon type: 249

	 A0A010SJH7	[0, 0, 577, -1, 0, 0, 117, 0, 0]

 ### Operon type: 250

	 A0A010RKP8	[0, 0, 0, 0, 0, 0, -1, 0, 0]
	 A0A011V107	[0, -1, 0, 0, 0, 0, 0, 0, 0]
	 A0A009RG92	[-1, 0, 0, 0, 0, 0, 0, 0, 0]
	 A0A011U7M7	[0, 0, -1, 0, 0, 0, 0, 0, 0]
	 A0A009PH57	[0, 0, -1, 0, 0, 0, 0, 0, 0]
	 A0A009N9Z1	[-1, 0, 0, 0, 0, 0, 0, 0, 0]
	 A0A010TF14	[-1, 0, 0, 0, 0, 0, 0, 0, 0]
	 A0A010RY47	[-1, 0, -1, 0, 0, 0, 0, 0, 0]
	 A0A009QDV7	[-1, 0, 0, 0, 0, 0, 0, 0, 0]
	 A0A010JDA6	[-1, 0, 0, 0, 0, 0, 0, 0, 0]
	 A0A009H6M2	[-1, 0, 0, 0, 0, 0, 0, 0, 0]
	 A0A011UZ32	[0, 0, 0, 0, 0, -1, 0, 0, 0]
	 A0A011UZ49	[0, -1, 0, 0, 0, 0, 0, 0, 0]
	 A0A009HJU6	[0, 0, 0, 0, 0, 0, 0, 0, -1]
	 A0A009IHQ3	[-1, 0, 0, 0, 0, 0, 0, 0, 0]
	 A0A009TG92	[0, 0, -1, 0, 0, 0, 0, 0, 0]

 ### Operon type: 251

	 A0A010SJF9	[0, 0, 0, 0, 0, -1, 0, 132, -1]

 ### Operon type: 252

	 A0A010T5D8	[0, 0, 0, -1, 0, -1, 260, 0, 0]

 ### Operon type: 253

	 A0A011ML54	[0, 0, 0, 475, 0, 0, 0, 0, -1]

 ### Operon type: 254

	 A0A011NHY1	[0, 0, 0, 0, 0, 577, 0, 0, 0]

 ### Operon type: 255

	 A0A010Z171	[0, 0, 0, 0, 0, 0, 577, 0, 489]

 ### Operon type: 256

	 A0A010ZX98	[0, 0, 0, 0, 0, 10, 577, 577, 0]

 ### Operon type: 257

	 A0A010YRE8	[0, 0, 0, 0, 0, 0, 0, 10, 0]

 ### Operon type: 258

	 A0A011AF05	[0, 0, 88, 10, 0, 0, 0, 0, 0]

 ### Operon type: 259

	 A0A011SQL0	[718, 0, -1, 0, 0, 0, 0, 0, 0]

 ### Operon type: 260

	 A0A009ZC82	[0, 0, 718, 0, 0, 0, 0, 0, 0]

 ### Operon type: 261

	 A0A011P3F6	[719, 0, 0, 718, 0, 0, 0, 0, 0]

 ### Operon type: 262

	 A0A011T697	[577, 0, 0, 0, 0, 0, 0, 0, 272]

 ### Operon type: 263

	 A0A011TDD1	[0, 233, 577, 0, 0, 0, 0, 0, 0]

 ### Operon type: 264

	 A0A011VW24	[0, 0, 658, 0, 0, 0, 0, 0, -1]

 ### Operon type: 265

	 A0A011T8V3	[0, 0, 658, 0, 0, 0, 0, 0, 0]

 ### Operon type: 266

	 A0A010TH98	[414, 0, 0, 658, 0, 0, 0, 0, 0]

 ### Operon type: 267

	 A0A011QVR3	[0, 0, 0, 0, 0, 0, 0, 549, 658]

 ### Operon type: 268

	 A0A011RM25	[0, 0, 0, 0, 0, 658, 0, 657, 0]

 ### Operon type: 269

	 A0A011VXC2	[-1, 412, 0, 0, 0, 0, 0, 0, 0]

 ### Operon type: 270

	 A0A011VYF1	[658, 0, 0, 0, 0, 0, 409, 0, 0]

 ### Operon type: 271

	 A0A010S415	[-1, 658, 0, 206, 0, 0, 0, 0, 450]

 ### Operon type: 272

	 A0A011P4U7	[0, 0, 0, 0, 0, 0, 0, 0, 0]
	 A0A011P9Z5	[0, 0, 0, 0, 0, 0, 0, 0, 0]
	 A0A011PBM9	[0, 0, 0, 0, 0, 0, 0, 0, 0]
	 A0A011SGD5	[0, 0, 0, 0, 0, 0, 0, 0, 0]
	 A0A011PKU5	[0, 0, 0, 0, 0, 0, 0, 0, 0]
	 A0A011PJK8	[0, 0, 0, 0, 0, 0, 0, 0, 0]
	 A0A011PNN2	[0, 0, 0, 0, 0, 0, 0, 0, 0]
	 A0A011QMJ8	[0, 0, 0, 0, 0, 0, 0, 0, 0]
	 A0A011NAJ1	[0, 0, 0, 0, 0, 0, 0, 0, 0]
	 A0A011NAY5	[0, 0, 0, 0, 0, 0, 0, 0, 0]
	 A0A011NDM5	[0, 0, 0, 0, 0, 0, 0, 0, 0]
	 A0A011NTU3	[0, 0, 0, 0, 0, 0, 0, 0, 0]
	 A0A011QSN2	[0, 0, 0, 0, 0, 0, 0, 0, 0]
	 A0A011QVV5	[0, 0, 0, 0, 0, 0, 0, 0, 0]
	 A0A011N2Z0	[0, 0, 0, 0, 0, 0, 0, 0, 0]
	 A0A011N3C3	[0, 0, 0, 0, 0, 0, 0, 0, 0]
	 A0A011N4G4	[0, 0, 0, 0, 0, 0, 0, 0, 0]
	 A0A011NMI8	[0, 0, 0, 0, 0, 0, 0, 0, 0]
	 A0A010IPH1	[0, 0, 0, 0, 0, 0, 0, 0, 0]
	 A0A011VYF6	[0, 0, 0, 0, 0, 0, 0, 0, 0]
	 A0A009T1I8	[0, 0, 0, 0, 0, 0, 0, 0, 0]
	 A0A011UHL2	[0, 0, 0, 0, 0, 0, 0, 0, 0]
	 A0A013T8M5	[0, 0, 0, 0, 0, 0, 0, 0, 0]
	 A0A013TEV4	[0, 0, 0, 0, 0, 0, 0, 0, 0]
	 A0A011Q056	[0, 0, 0, 0, 0, 0, 0, 0, 0]
	 A0A011Q1B3	[0, 0, 0, 0, 0, 0, 0, 0, 0]
	 A0A011TWN2	[0, 0, 0, 0, 0, 0, 0, 0, 0]
	 A0A011WSE5	[0, 0, 0, 0, 0, 0, 0, 0, 0]
	 A0A011UBN9	[0, 0, 0, 0, 0, 0, 0, 0, 0]
	 A0A011VWR4	[0, 0, 0, 0, 0, 0, 0, 0, 0]
	 A0A011WKI4	[0, 0, 0, 0, 0, 0, 0, 0, 0]
	 A0A011TAF9	[0, 0, 0, 0, 0, 0, 0, 0, 0]
	 A0A011TLH0	[0, 0, 0, 0, 0, 0, 0, 0, 0]
	 A0A009PDV4	[0, 0, 0, 0, 0, 0, 0, 0, 0]
	 A0A009PG53	[0, 0, 0, 0, 0, 0, 0, 0, 0]
	 A0A010SHY1	[0, 0, 0, 0, 0, 0, 0, 0, 0]
	 A0A013S2B9	[0, 0, 0, 0, 0, 0, 0, 0, 0]
	 A0A013SBR8	[0, 0, 0, 0, 0, 0, 0, 0, 0]
	 A0A009MMM3	[0, 0, 0, 0, 0, 0, 0, 0, 0]
	 A0A009N031	[0, 0, 0, 0, 0, 0, 0, 0, 0]
	 A0A009N123	[0, 0, 0, 0, 0, 0, 0, 0, 0]
	 A0A013TPV4	[0, 0, 0, 0, 0, 0, 0, 0, 0]
	 A0A013SL47	[0, 0, 0, 0, 0, 0, 0, 0, 0]
	 A0A011WUT3	[0, 0, 0, 0, 0, 0, 0, 0, 0]
	 A0A009PT82	[0, 0, 0, 0, 0, 0, 0, 0, 0]
	 A0A009NQA1	[0, 0, 0, 0, 0, 0, 0, 0, 0]
	 A0A009SWU0	[0, 0, 0, 0, 0, 0, 0, 0, 0]
	 A0A009ISY0	[0, 0, 0, 0, 0, 0, 0, 0, 0]
	 A0A009M4K0	[0, 0, 0, 0, 0, 0, 0, 0, 0]
	 A0A009MGJ1	[0, 0, 0, 0, 0, 0, 0, 0, 0]
	 A0A009MGQ8	[0, 0, 0, 0, 0, 0, 0, 0, 0]
	 A0A009MH90	[0, 0, 0, 0, 0, 0, 0, 0, 0]
	 A0A009Q3K7	[0, 0, 0, 0, 0, 0, 0, 0, 0]
	 A0A009SCM5	[0, 0, 0, 0, 0, 0, 0, 0, 0]
	 A0A009RHH7	[0, 0, 0, 0, 0, 0, 0, 0, 0]
	 A0A009RMD0	[0, 0, 0, 0, 0, 0, 0, 0, 0]
	 A0A009QQ47	[0, 0, 0, 0, 0, 0, 0, 0, 0]
	 A0A009I0I9	[0, 0, 0, 0, 0, 0, 0, 0, 0]
	 A0A009IRJ6	[0, 0, 0, 0, 0, 0, 0, 0, 0]
	 A0A009RR21	[0, 0, 0, 0, 0, 0, 0, 0, 0]
	 A0A011VZG0	[0, 0, 0, 0, 0, 0, 0, 0, 0]
	 A0A011VW71	[0, 0, 0, 0, 0, 0, 0, 0, 0]
	 A0A011V8Y9	[0, 0, 0, 0, 0, 0, 0, 0, 0]
	 A0A010IZE4	[0, 0, 0, 0, 0, 0, 0, 0, 0]
	 A0A011VMV7	[0, 0, 0, 0, 0, 0, 0, 0, 0]
	 A0A011VNE2	[0, 0, 0, 0, 0, 0, 0, 0, 0]
	 A0A011VSC9	[0, 0, 0, 0, 0, 0, 0, 0, 0]
	 A0A011VUV0	[0, 0, 0, 0, 0, 0, 0, 0, 0]
	 A0A009HBT3	[0, 0, 0, 0, 0, 0, 0, 0, 0]
	 A0A011UTJ0	[0, 0, 0, 0, 0, 0, 0, 0, 0]
	 A0A011UWH1	[0, 0, 0, 0, 0, 0, 0, 0, 0]
	 A0A009HTN9	[0, 0, 0, 0, 0, 0, 0, 0, 0]
	 A0A009HIL8	[0, 0, 0, 0, 0, 0, 0, 0, 0]
	 A0A009I463	[0, 0, 0, 0, 0, 0, 0, 0, 0]
	 A0A009HL81	[0, 0, 0, 0, 0, 0, 0, 0, 0]
	 A0A011UFM5	[0, 0, 0, 0, 0, 0, 0, 0, 0]
	 A0A011UG71	[0, 0, 0, 0, 0, 0, 0, 0, 0]
	 A0A011UGX8	[0, 0, 0, 0, 0, 0, 0, 0, 0]
	 A0A009PAG1	[0, 0, 0, 0, 0, 0, 0, 0, 0]
	 A0A009R2X0	[0, 0, 0, 0, 0, 0, 0, 0, 0]
	 A0A009R4N4	[0, 0, 0, 0, 0, 0, 0, 0, 0]
	 A0A009RBQ2	[0, 0, 0, 0, 0, 0, 0, 0, 0]
	 A0A009QVK8	[0, 0, 0, 0, 0, 0, 0, 0, 0]
	 A0A009SHB3	[0, 0, 0, 0, 0, 0, 0, 0, 0]
	 A0A009SIF9	[0, 0, 0, 0, 0, 0, 0, 0, 0]
	 A0A010SPJ7	[0, 0, 0, 0, 0, 0, 0, 0, 0]
	 A0A010SSQ8	[0, 0, 0, 0, 0, 0, 0, 0, 0]
	 A0A010T025	[0, 0, 0, 0, 0, 0, 0, 0, 0]
	 A0A010ZJQ6	[0, 0, 0, 0, 0, 0, 0, 0, 0]
	 A0A010YJA7	[0, 0, 0, 0, 0, 0, 0, 0, 0]
	 A0A010ZTI3	[0, 0, 0, 0, 0, 0, 0, 0, 0]
	 A0A011A146	[0, 0, 0, 0, 0, 0, 0, 0, 0]
	 A0A011AIL7	[0, 0, 0, 0, 0, 0, 0, 0, 0]
	 A0A010YZS8	[0, 0, 0, 0, 0, 0, 0, 0, 0]
	 A0A010Z120	[0, 0, 0, 0, 0, 0, 0, 0, 0]
	 A0A009T3J5	[0, 0, 0, 0, 0, 0, 0, 0, 0]

 ### Operon type: 273

	 A0A010TG27	[619, 0, 40, 0, 0, 0, 583, 0, 0]

 ### Operon type: 274

	 A0A011PMK1	[0, 0, 0, 0, 0, 0, 0, 619, 0]

 ### Operon type: 275

	 A0A009HRU1	[0, 172, 0, 0, 0, 0, 0, 0, 0]

 ### Operon type: 276

	 A0A009HSN8	[0, 121, 0, 0, 0, -1, 0, 223, -1]

 ### Operon type: 277

	 A0A009HV82	[124, 0, 0, 0, 0, 0, 0, 0, 0]

 ### Operon type: 278

	 A0A009IG74	[0, 0, 153, 0, 289, -1, 0, 0, 0]

 ### Operon type: 279

	 A0A009IJ90	[0, 48, 0, 0, 0, 0, 0, 0, 0]

 ### Operon type: 280

	 A0A009ISE1	[462, 0, 708, 0, 0, -1, 0, 0, 0]

 ### Operon type: 281

	 A0A009NM94	[0, 636, 636, 0, 0, 0, 233, 0, 0]

 ### Operon type: 282

	 A0A009Q4N5	[0, 0, 158, 0, 0, 0, 0, 0, 0]

 ### Operon type: 283

	 A0A009SSZ9	[0, 148, 0, 0, 0, 0, 0, 0, 0]

 ### Operon type: 284

	 A0A009TBM2	[0, 0, 0, 0, 0, 0, 0, 0, 285]

 ### Operon type: 285

	 A0A009Q8S9	[0, 0, 719, 285, 0, 325, 0, 0, 0]

 ### Operon type: 286

	 A0A009YIH1	[0, 0, 0, 0, 400, 0, -1, -1, 2]

 ### Operon type: 287

	 A0A009YR05	[0, 0, 0, 0, 63, 0, 0, 0, 0]

 ### Operon type: 288

	 A0A009Z004	[389, 0, 389, 0, 0, 489, 0, 0, 0]

 ### Operon type: 289

	 A0A010IGH8	[0, 0, 0, 0, 0, 0, 0, 165, 0]

 ### Operon type: 290

	 A0A010JIN9	[459, 0, 0, 80, 110, 0, 0, 0, 0]

 ### Operon type: 291

	 A0A010RS09	[0, 0, 0, 0, 36, 0, 531, 531, 0]

 ### Operon type: 292

	 A0A010RUQ5	[0, 0, 0, 0, 0, 0, 0, 0, 247]

 ### Operon type: 293

	 A0A010S195	[718, 0, 130, 129, 0, 0, 0, 0, 0]

 ### Operon type: 294

	 A0A010SCZ2	[0, 0, 0, 0, 0, 0, 0, 304, 0]

 ### Operon type: 295

	 A0A010SN41	[0, 0, 0, 0, 300, 0, 0, 0, 0]

 ### Operon type: 296

	 A0A010SSU2	[0, 0, 0, 0, 54, 0, -1, 702, 0]

 ### Operon type: 297

	 A0A010SUP6	[0, 0, 0, 0, 0, 0, 0, 129, 0]

 ### Operon type: 298

	 A0A010SUY9	[0, 0, 0, 0, 0, 307, 690, 0]

 ### Operon type: 299

	 A0A010THK2	[0, 0, -1, 0, 0, 531, 489, 0, 0]

 ### Operon type: 300

	 A0A010SRL4	[40, 0, 0, -1, 0, 0, 0, 489, 95]

 ### Operon type: 301

	 A0A010YF95	[482, 0, 0, 0, 0, 0, 0, 0, 0]

 ### Operon type: 302

	 A0A010YT39	[0, 473, 0, 0, 0, 0, 0, 0, 0]

 ### Operon type: 303

	 A0A010YX61	[182, 706, 0, 658, 0, 0, 0, 0, 0]

 ### Operon type: 304

	 A0A010ZWJ8	[0, 0, 0, 0, 0, 705, 0, 0, 0]

 ### Operon type: 305

	 A0A009ZVR4	[641, 0, 706, 0, 0, 28, 0, 0, 0]

 ### Operon type: 306

	 A0A011AHW1	[0, 0, 0, 0, 0, 0, 0, 11, 0]

 ### Operon type: 307

	 A0A011NE37	[416, 0, 0, 0, 0, 0, 0, 0, 0]

 ### Operon type: 308

	 A0A011NF78	[0, 0, 505, 0, 0, 0, 0, 0, 0]

 ### Operon type: 309

	 A0A011NVE2	[0, 0, 0, 631, 0, 0, 577, 0, 517]

 ### Operon type: 310

	 A0A011NXJ4	[0, 0, 0, 0, 0, 0, 0, 0, 509]

 ### Operon type: 311

	 A0A011P8I1	[0, 0, 707, 706, 0, 0, 0, 0, 705]

 ### Operon type: 312

	 A0A011P9Q7	[699, 0, 0, 0, 0, 0, 0, 0, 0]

 ### Operon type: 313

	 A0A011PCT1	[0, 0, 0, 0, 0, 0, 0, 691, 0]

 ### Operon type: 314

	 A0A011PJ75	[0, 631, 594, 631, 0, 0, 0, 0, 0]

 ### Operon type: 315

	 A0A011PRB4	[0, 0, 0, 0, 0, 0, 0, 606, 0]

 ### Operon type: 316

	 A0A011Q5V7	[481, 0, 0, 0, 0, 0, 0, 0, 0]

 ### Operon type: 317

	 A0A011QU35	[0, 0, 0, 0, 503, 0, 0, 0, 0]

 ### Operon type: 318

	 A0A011QVT2	[502, 0, 0, 0, 0, 0, 0, 703, 0]

 ### Operon type: 319

	 A0A011RP14	[0, 0, 0, 0, 0, 0, 0, 643, 0]

 ### Operon type: 320

	 A0A011SM49	[577, 0, 643, 0, 0, 0, 330, 0, 0]

 ### Operon type: 321

	 A0A011AM27	[607, 0, 0, 0, 463, 0, 0, 0, 18]

 ### Operon type: 322

	 A0A011T607	[0, 0, 592, 0, 0, 0, 0, 0, 233]

 ### Operon type: 323

	 A0A010S5W8	[0, 0, 490, 592, 0, 0, 0, 0, 0]

 ### Operon type: 324

	 A0A011MSR2	[0, 0, 0, 490, 0, 0, 0, 624, 0]

 ### Operon type: 325

	 A0A010YYJ5	[0, 0, 0, 624, 0, 0, 0, 28, 28]

 ### Operon type: 326

	 A0A011TED9	[0, 0, 0, 0, 0, 235, 0, 0, 0]

 ### Operon type: 327

	 A0A011TXS5	[0, 329, 0, 0, 0, 0, 0, 0, 0]

 ### Operon type: 328

	 A0A011U144	[0, 247, 0, 0, 0, 0, 509, 353, 0]

 ### Operon type: 329

	 A0A011U1C8	[715, 0, 0, 0, 0, 0, 0, 0, 246]

 ### Operon type: 330

	 A0A011U483	[0, 0, 0, 0, 0, 714, 0, 0, 0]

 ### Operon type: 331

	 A0A011UDF3	[0, 0, 0, 0, 0, 314, 0, 0, 0]

 ### Operon type: 332

	 A0A011UG86	[0, 720, 0, 0, 0, 132, 0, 0, 0]

 ### Operon type: 333

	 A0A011UGY3	[0, 0, 0, 42, 0, 0, 0, 42, 0]

 ### Operon type: 334

	 A0A011UJN3	[0, 435, 0, 0, 0, 0, 0, 0, 0]

 ### Operon type: 335

	 A0A009INE0	[437, 0, 0, 0, 0, 0, 0, 594, 435]

 ### Operon type: 336

	 A0A011UQB5	[634, 543, 0, 0, 0, 0, 0, 409, 0]

 ### Operon type: 337

	 A0A011UVI5	[0, 0, 0, 0, 0, 62, 631, 631, 0]

 ### Operon type: 338

	 A0A011UWI3	[0, 0, 0, 0, 160, 0, 207, 718, 0]

 ### Operon type: 339

	 A0A011V5E6	[0, 0, 0, 0, 0, 278, 0, 0, 0]

 ### Operon type: 340

	 A0A011M4H6	[305, 0, 528, 0, 0, 0, 0, 0, 0]

 ### Operon type: 341

	 A0A011VSV3	[0, 0, 0, 0, 0, 0, 672, 0, 0]

 ### Operon type: 342

	 A0A011VWI0	[0, 0, 0, 0, 0, 85, 0, 0, 0]

 ### Operon type: 343

	 A0A011VZ91	[239, 0, 0, 0, 0, 0, 0, 0, 0]

 ### Operon type: 344

	 A0A011W213	[0, 0, 0, 0, 0, 518, 0, 0, 0]

 ### Operon type: 345

	 A0A011WP76	[0, 0, 0, 0, 0, 0, 0, 0, 568]

 ### Operon type: 346

	 A0A011WSD4	[0, 0, 0, -1, 0, 624, 0, 0, 277]

 ### Operon type: 347

	 A0A011VZF5	[0, 0, 274, 275, 0, 624, 277, 624, 0]

 ### Operon type: 348

	 A0A011WSU6	[0, 624, 0, 0, 301, 0, 0, 0, 0]

 ### Operon type: 349

	 A0A013S843	[0, 198, 0, 0, 0, 0, -1, 197, 0]

 ### Operon type: 350

	 A0A013S981	[264, 0, 0, 0, 0, 0, 0, 0, 0]

 ### Operon type: 351

	 A0A013T337	[0, 0, 0, 0, 0, 0, 0, 0, 359]

 ### Operon type: 352

	 A0A013T5E6	[0, 0, 0, 358, 0, 0, 0, 0, 0]

 ### Operon type: 353

	 A0A010KAV2	[252, 0, 0, 251, 250, 665, 249, 715, 248]
	 A0A013SGL3	[252, 183, 182, 251, 250, 665, 249, 715, 248]
	 A0A009NE81	[252, 183, 182, 251, 250, 665, 249, 715, 248]
	 A0A009RQH3	[252, 0, 0, 251, 250, 665, 249, 715, 248]
	 A0A009I5Z6	[252, 0, 182, 251, 250, 665, 249, 715, 248]

 ### Operon type: 354

	 A0A013TB41	[252, -1, 0, 0, 250, 665, 249, 715, 248]

 ### Operon type: 355

	 A0A009H3X4	[252, 0, 0, 0, 250, 665, -1, 531, -1]

 ### Operon type: 356

	 A0A009YL68	[0, 0, 715, 252, 250, 0, 0, 3, 0]

 ### Operon type: 357

	 A0A009T9H0	[0, 2, 719, -1, 0, 0, 173, 0, 172]

 ### Operon type: 358

	 A0A010THH5	[0, 200, 31, 62, 0, 0, 632, 0, 461]

 ### Operon type: 359

	 A0A011WSH8	[0, 0, 0, 583, 302, 0, 0, 0, 0]
	 A0A011VZE3	[0, 0, 0, 583, 302, 0, 0, 0, 0]

 ### Operon type: 360

	 A0A011NAF3	[0, 0, 0, 0, 0, 0, 583, 0, 613]

 ### Operon type: 361

	 A0A009IQ93	[241, 0, 583, 0, 0, 95, 0, 0, 0]

 ### Operon type: 362

	 A0A009TLU4	[0, 329, -1, 134, 0, 23, 0, -1, -1]

 ### Operon type: 363

	 A0A010JNG7	[467, 0, 0, 466, 0, 0, 0, 0, 0]

 ### Operon type: 364

	 A0A010S003	[668, 0, 0, 0, 0, 720, 720, 180, 0]

 ### Operon type: 365

	 A0A010SMN8	[0, -1, 131, 0, 532, 0, 0, 675, 0]

 ### Operon type: 366

	 A0A010SXS1	[0, 215, 0, 0, 0, 237, 0, 0, 703]

 ### Operon type: 367

	 A0A010T689	[18, -1, 632, 647, 0, 0, 0, 0, 0]

 ### Operon type: 368

	 A0A010TBB4	[0, 133, 0, 132, 0, 0, 0, 0, 715]

 ### Operon type: 369

	 A0A010YFK3	[0, 480, 0, 0, 0, 0, 75, 0, 246]

 ### Operon type: 370

	 A0A010YVY1	[7, 0, 7, 0, 0, 0, 0, 180, 0]

 ### Operon type: 371

	 A0A010Z7T4	[0, 0, 0, 0, 0, 0, 0, 524, 609]

 ### Operon type: 372

	 A0A010RRR9	[0, 0, 0, 0, 588, 0, 0, 525, 524]

 ### Operon type: 373

	 A0A010SIA7	[0, 0, 525, 202, 0, 0, 0, 0, 0]

 ### Operon type: 374

	 A0A010ZSZ2	[0, 64, 0, 14, 13, 0, 0, 0, 0]

 ### Operon type: 375

	 A0A010Z0Y7	[0, 0, 0, 0, 13, 206, 0, 0, 0]

 ### Operon type: 376

	 A0A010ZUR7	[306, 12, 0, 12, 0, 11, 180, 0, 0]

 ### Operon type: 377

	 A0A011A0M8	[0, 0, 489, 0, 30, 0, 0, 9, 9]

 ### Operon type: 378

	 A0A011NFL4	[0, 635, 0, 0, 474, 619, 0, 473, 0]

 ### Operon type: 379

	 A0A011P407	[0, 0, 717, 716, 0, 0, 715, 0, 714]

 ### Operon type: 380

	 A0A011QGT2	[583, 0, 0, 582, 581, 0, 0, 0, 0]

 ### Operon type: 381

	 A0A011QSA4	[508, 0, 507, 506, 0, 0, 0, 0, 505]

 ### Operon type: 382

	 A0A011T6J6	[0, 481, 0, 706, 0, 0, 271, 0, 270]

 ### Operon type: 383

	 A0A011TAL2	[0, 592, 0, 0, 0, 234, 0, 510, 0]

 ### Operon type: 384

	 A0A011TYT7	[0, 0, 0, 0, 0, 0, 328, 327, 327]

 ### Operon type: 385

	 A0A011TZG0	[489, 478, 0, 0, 0, 0, 0, 334, 0]

 ### Operon type: 386

	 A0A011Q6N5	[0, 0, 0, 0, 0, 0, 479, 478, 479]

 ### Operon type: 387

	 A0A011UII7	[0, 0, 0, 0, 0, 517, 326, 0, 0]

 ### Operon type: 388

	 A0A011UNT9	[325, 332, 0, 0, 0, 0, 0, 0, 0]

 ### Operon type: 389

	 A0A011SIS0	[0, 493, 333, 333, 0, 0, 0, 332, 0]

 ### Operon type: 390

	 A0A011UT49	[0, 64, 0, 0, 0, 0, 215, 78, 0]

 ### Operon type: 391

	 A0A011VU65	[76, 0, 0, 0, 0, 75, 0, 0, 0]

 ### Operon type: 392

	 A0A011VV03	[0, 306, 0, 0, 376, 305, 0, 0, 0]

 ### Operon type: 393

	 A0A011VVZ9	[0, 0, -1, 0, 0, 304, 303, 303, 382]

 ### Operon type: 394

	 A0A011VWX7	[703, 413, 0, 0, 0, 0, 0, 633, 0]

 ### Operon type: 395

	 A0A011VXK7	[636, 636, 0, 440, 0, 0, 0, 483, 0]

 ### Operon type: 396

	 A0A011W0I6	[238, 0, 0, 0, 0, 486, 0, 475, 0]

 ### Operon type: 397

	 A0A010YEF6	[0, 238, 0, 0, 0, 0, 0, 0, 19]

 ### Operon type: 398

	 A0A013SQH1	[0, 0, 0, 0, 300, 627, 0, 467, 548]

 ### Operon type: 399

	 A0A009LNU8	[294, 296, 297, 298, 0, 134, 0, 467, 0]

 ### Operon type: 400

	 A0A013SRG6	[299, 298, 297, 296, 0, 295, 0, 294, 471]

 ### Operon type: 401

	 A0A009IQU8	[0, 296, 0, 0, 0, 295, 471, 0, 0]

 ### Operon type: 402

	 A0A010K2K8	[297, 298, 299, 0, 0, 0, 0, -1, 467]

 ### Operon type: 403

	 A0A011NPR8	[0, 471, 0, 0, 0, 0, 470, 0, 0]

 ### Operon type: 404

	 A0A010SEA2	[485, 470, 200, 0, 0, 0, 0, 0, 0]

 ### Operon type: 405

	 A0A009ZIC0	[60, 66, 527, 399, 398, 533, 65, 133, 397]

 ### Operon type: 406

	 A0A009ZB47	[69, 27, 0, 0, 0, 624, 459, 0, 0]

 ### Operon type: 407

	 A0A010RM40	[530, 583, 529, 0, 0, 0, 0, -1, 711]

 ### Operon type: 408

	 A0A010RRQ6	[0, 528, 0, 0, 0, 532, 527, 526, 0]

 ### Operon type: 409

	 A0A010S423	[271, 0, 0, 0, 0, 0, 0, 207, 640]

 ### Operon type: 410

	 A0A010T0I7	[0, 0, 19, 0, 0, 707, 507, 583, 0]

 ### Operon type: 411

	 A0A011AHU9	[0, 0, 0, 0, 0, 0, 0, 8, 476]

 ### Operon type: 412

	 A0A010YY02	[0, 6, 0, 0, 6, 320, 5, 0, 8]

 ### Operon type: 413

	 A0A011NA78	[0, 551, 0, 0, 0, 550, 0, 0, 711]

 ### Operon type: 414

	 A0A011P8W7	[704, 717, 703, 0, 702, 0, 0, 0, 0]

 ### Operon type: 415

	 A0A011PG97	[675, 0, 0, 674, 0, 0, 0, 0, 0]

 ### Operon type: 416

	 A0A011PKT4	[0, 627, 0, 0, 0, 0, 626, 0, 0]

 ### Operon type: 417

	 A0A011PLB2	[0, 704, 0, 630, 0, 0, 0, 0, 0]

 ### Operon type: 418

	 A0A011R339	[0, 0, 0, 0, 0, 0, 372, 371, 0]

 ### Operon type: 419

	 A0A011SFE5	[0, 0, 0, 636, 0, 0, 635, 716, 634]

 ### Operon type: 420

	 A0A011SJT5	[0, 0, 0, 382, 331, 331, 331, 331, 331]

 ### Operon type: 421

	 A0A011TDQ5	[0, 0, 0, 0, 232, 487, 0, 0, 0]

 ### Operon type: 422

	 A0A011UG17	[208, 0, 240, 0, 43, 76, 0, 0, 0]

 ### Operon type: 423

	 A0A011V8Z7	[0, 0, 0, 0, 0, 84, 83, 0, 0]

 ### Operon type: 424

	 A0A011VT01	[0, 0, 77, 0, 0, 77, 0, 0, 385]

 ### Operon type: 425

	 A0A011VYP6	[0, 0, 0, 0, 0, 0, 240, 589, 0]

 ### Operon type: 426

	 A0A011V392	[412, 0, 606, 274, 275, 273, 0, 301, 276]

 ### Operon type: 427

	 A0A009Q0U9	[428, 93, 92, 0, 90, 89, -1, -1, 0]

 ### Operon type: 428

	 A0A010SRB2	[23, 22, 0, 0, 0, 22, 21, 0, 0]

 ### Operon type: 429

	 A0A011VJ76	[79, 79, 78, 473, 0, 583, 489, 0, 717]

 ### Operon type: 430

	 A0A013SKX6	[0, 0, 642, 0, 289, 289, 281, 280, 279]

 ### Operon type: 431

	 A0A010KA25	[459, 0, 632, 425, 254, 0, 0, 459, 253]

 ### Operon type: 432

	 A0A011WUA8	[477, 0, 0, 379, 0, 0, 0, 168, 168]

 ### Operon type: 433

	 A0A010S4X6	[0, 206, 529, 720, 258, 0, 516, 625, 531]

 ### Operon type: 434

	 A0A011U8C0	[0, 245, 244, 0, 243, 242, 0, 0, 0]
