
 ### Operon type: 1

	 A0A010ILU3	[833, 832, 831, 830, 829, 828, 827, 826, 825]
	 A0A009H3B0	[833, 832, 831, 830, 829, 828, 827, 826, 825]
	 A0A009MW50	[833, 832, 831, 830, 829, 828, 827, 826, 825]
	 A0A009QBR9	[833, 832, 831, 830, 829, 828, 826, 825, 121]
	 A0A009QS71	[833, 832, 831, 830, 829, 828, 827, 826, 825]
	 A0A009I8S2	[833, 832, 831, 830, 829, 828, 826, 825, 121]
	 A0A009TM70	[833, 832, 831, 830, 829, 828, 826, 825, 121]

 ### Operon type: 2

	 A0A013TH43	[390, 389, 628, 573, 388, 387, 386, 385, 585]
	 A0A009RAF0	[390, 389, 628, 573, 388, 387, 386, 385, 585]

 ### Operon type: 3

	 A0A011PVT3	[644, 643, 642, 641, 855, 640, 639, 638, 637]
	 A0A011R7V7	[644, 643, 642, 641, 855, 640, 639, 638, 637]
	 A0A011MET3	[644, 643, 642, 641, 855, 640, 639, 638, 637]

 ### Operon type: 4

	 A0A013SNJ8	[786, 357, 825, 356, 355, 354, 364, 353, 352]
	 A0A013RZW2	[786, 357, 825, 356, 355, 354, 364, 353, 352]
	 A0A009IV03	[786, 357, 825, 356, 355, 354, 364, 353, 352]
	 A0A009HBT3	[786, 357, 825, 356, 355, 354, 364, 353, 352]
	 A0A009PH20	[786, 357, 825, 356, 355, 354, 364, 353, 352]
	 A0A009MMM3	[786, 357, 825, 356, 355, 354, 364, 353, 352]
	 A0A009RD69	[786, 357, 825, 356, 355, 354, 364, 353, 352]
	 A0A009SIZ4	[786, 357, 825, 356, 355, 354, 364, 353, 352]
	 A0A010J9U3	[786, 357, 825, 356, 355, 354, 364, 353, 352]
	 A0A009YIZ0	[786, 357, 825, 356, 355, 354, 364, 353, 352]

 ### Operon type: 5

	 A0A009PH57	[170, 169, -1, 168, 167, 569, 338, 597, 166]
	 A0A009TG92	[170, 169, -1, 168, 167, 569, 338, 597, 166]

 ### Operon type: 6

	 A0A013S288	[466, 294, 293, 292, 354, 291, 290, 289, 288]
	 A0A009I0I9	[466, 294, 293, 292, 354, 291, 290, 289, 288]
	 A0A009N031	[466, 294, 293, 292, 354, 291, 290, 289, 288]
	 A0A009PWG1	[466, 294, 293, 292, 354, 291, 290, 289, 288]
	 A0A009R2X0	[466, 294, 293, 292, 354, 291, 290, 289, 288]
	 A0A009SFX8	[466, 294, 293, 292, 83, 354, 291, 290, 289]
	 A0A013SXT2	[466, 294, 293, 292, 354, 291, 290, 289, 288]
	 A0A010J3I1	[466, 294, 293, 292, 354, 291, 290, 289, 288]
	 A0A009TBM2	[294, 293, 292, 83, 354, 291, 290, 289, 288]

 ### Operon type: 7

	 A0A010IMP8	[817, 816, 815, 814, 813, 812, 811, 810, 809]
	 A0A013SZ54	[817, 816, 815, 814, 813, 812, 811, 810, 809]
	 A0A013T8M5	[817, 816, 815, 814, 813, 812, 811, 810, 809]
	 A0A009IRJ6	[817, 816, 815, 814, 813, 812, 811, 810, 809]
	 A0A009H7U0	[817, 816, 815, 814, 813, 812, 811, 810, 809]
	 A0A009SWU0	[817, 816, 815, 814, 813, 812, 811, 810, 809]
	 A0A009N123	[817, 816, 815, 814, 813, 812, 811, 810, 809]
	 A0A009Q3K7	[817, 816, 815, 814, 813, 812, 811, 810, 809]
	 A0A009RBQ2	[817, 816, 815, 814, 813, 812, 811, 810, 809]
	 A0A009ZM43	[-1, 816, 815, 814, 813, 812, 811, 810, 809]

 ### Operon type: 8

	 A0A013RMD0	[-1, 348, 857, 347, 346, 865, 345, 344, 343]
	 A0A009S854	[-1, 348, 857, 347, 346, 865, 345, 344, 343]
	 A0A009H6M2	[-1, 348, 857, 347, 346, 865, 345, 344, 343]
	 A0A009N9Z1	[-1, 348, 857, 347, 346, 865, 345, 344, 343]
	 A0A009QDV7	[-1, 348, 857, 347, 346, 865, 345, 344, 343]
	 A0A009IHQ3	[-1, 348, 857, 347, 346, 865, 345, 344, 343]
	 A0A009RG92	[-1, 348, 857, 347, 346, 865, 345, 344, 343]
	 A0A010JDA6	[-1, 348, 857, 347, 346, 865, 345, 344, 343]
	 A0A009ZIC0	[109, 348, 857, 347, 346, 865, 345, 344, 343]

 ### Operon type: 9

	 A0A011UIA1	[421, 420, 419, 418, 417, 416, 415, 414, 0]
	 A0A011V5V3	[0, 421, 420, 419, 418, 417, 416, 415, 414]

 ### Operon type: 10

	 A0A011NE72	[499, 498, 497, 496, 495, 494, 493, 492, 0]
	 A0A011PTE7	[499, 498, 497, 496, 495, 0, 494, 493, 492]

 ### Operon type: 11

	 A0A009I4A1	[211, 210, 861, 209, 208, 207, 206, 205, 204]
	 A0A010JWJ1	[211, 210, 861, 209, 208, 207, 206, 205, 204]

 ### Operon type: 12

	 A0A009QF22	[120, 119, 211, 0, 208, 207, 206, 205, 204]
	 A0A009TBY8	[120, 119, 211, 209, 208, 207, 206, 205, 204]

 ### Operon type: 13

	 A0A011NEY3	[491, 675, 674, 673, 673, 672, 671, 670, 0]

 ### Operon type: 14

	 A0A011PAN4	[675, 674, 0, 673, 673, 672, 671, 670, 669]

 ### Operon type: 15

	 A0A011RCD5	[491, 675, 674, 673, 673, 672, 671, 670, 669]

 ### Operon type: 16

	 A0A011P4U7	[0, 691, 690, 689, 688, 687, 686, 685, 684]
	 A0A011NAY5	[691, 690, 689, 688, 687, 686, 685, 684, 0]

 ### Operon type: 17

	 A0A011PF67	[666, 665, 664, 663, 662, 0, 0, 0, 0]
	 A0A011NW66	[666, 665, 664, 663, 662, 521, 0, 0, 0]
	 A0A011NBX7	[666, 665, 664, 663, 662, 521, 0, 0, 0]

 ### Operon type: 18

	 A0A011NS68	[666, 665, 664, 663, 662, 530, 529, 528, 696]
	 A0A011RHX4	[666, 665, 664, 663, 662, 530, 529, 528, 0]

 ### Operon type: 19

	 A0A010YT39	[0, 64, 21, 856, 20, 19, 18, 17, 275]

 ### Operon type: 20

	 A0A010Z7T4	[21, 856, 20, 19, 18, 17, 275, 853, 477]

 ### Operon type: 21

	 A0A013SP43	[366, 365, 364, 363, 362, 361, 360, 359, 358]
	 A0A009RUN3	[366, 365, 364, 363, 362, 361, 360, 359, 358]
	 A0A010K6G6	[366, 365, 364, 363, 362, 361, 360, 0, 358]

 ### Operon type: 22

	 A0A011VWR4	[0, 0, 0, 0, 265, 264, 263, 262, 261]

 ### Operon type: 23

	 A0A011VYP6	[265, 264, 263, 262, 261, 0, 260, 641, 0]

 ### Operon type: 24

	 A0A011QAS2	[0, 549, 548, 547, 546, 545, 602, 544, 543]
	 A0A011NEQ1	[0, 549, 548, 547, 546, 545, 602, 544, 543]

 ### Operon type: 25

	 A0A010JSI3	[872, 873, 871, 870, 869, 868, 867, 866, 0]
	 A0A013T0M4	[872, 873, 871, 870, 869, 868, 867, 866, 0]
	 A0A009HDS5	[872, 873, 871, 870, 869, 868, 867, 866, 193]
	 A0A009RGL2	[872, 873, 871, 870, 869, 868, 867, 866, 193]

 ### Operon type: 26

	 A0A009SNL0	[139, 138, 318, 317, 316, 315, 314, 313, 312]

 ### Operon type: 27

	 A0A009T1I8	[318, 317, 316, 315, 314, 313, 312, 0, 0]

 ### Operon type: 28

	 A0A011VW71	[0, 247, 246, 245, 244, 243, 242, 620, 439]
	 A0A011VUV0	[247, 246, 245, 244, 243, 242, 620, 439, 0]

 ### Operon type: 29

	 A0A011UG71	[71, 70, 69, 241, 240, 239, 238, 237, 236]

 ### Operon type: 30

	 A0A011V8Z7	[0, 0, 71, 70, 69, 241, 240, 239, 238]

 ### Operon type: 31

	 A0A011V8Y9	[241, 240, 239, 238, 237, 236, 0, 0, 0]

 ### Operon type: 32

	 A0A011U8C0	[0, 239, 70, 0, 594, 237, 0, 0, 0]

 ### Operon type: 33

	 A0A011QSF0	[0, 727, 726, 725, 724, 723, 722, 721, 0]
	 A0A011QBB5	[701, 727, 726, 725, 724, 723, 722, 721, 700]
	 A0A011Q0X6	[701, 727, 726, 725, 724, 723, 722, 721, 700]
	 A0A011Q1X8	[727, 0, 726, 725, 724, 723, 722, 721, 700]

 ### Operon type: 34

	 A0A011PG87	[701, 727, 726, 725, 724, 723, 722, 0, 0]

 ### Operon type: 35

	 A0A011PCT1	[714, 713, 712, 0, 0, 0, 0, 668, 0]

 ### Operon type: 36

	 A0A011QU35	[0, 0, 0, 0, 715, 0, 714, 713, 712]

 ### Operon type: 37

	 A0A011Q2B1	[718, 683, 715, 682, 712, 636, 635, 634, 668]

 ### Operon type: 38

	 A0A011RLN8	[717, 716, 715, 682, 712, 636, 635, 634, 668]

 ### Operon type: 39

	 A0A011P700	[0, 0, 720, 719, 718, 683, 715, 682, 712]

 ### Operon type: 40

	 A0A011QSI4	[0, 0, 720, 719, 718, 0, 717, 716, 715]

 ### Operon type: 41

	 A0A013T337	[504, 862, 404, 403, 402, 703, 401, 805, 400]
	 A0A013TH30	[504, 862, 404, 403, 402, 703, 401, 805, 400]
	 A0A013S981	[283, 504, 862, 404, 403, 402, 703, 401, 805]

 ### Operon type: 42

	 A0A010JY00	[283, 504, 862, 404, 104, 703, 401, 805, 400]

 ### Operon type: 43

	 A0A013TPV4	[378, 377, 376, 375, 374, 373, 614, 861, 372]
	 A0A009SZB5	[378, 377, 376, 375, 374, 373, 614, 861, 372]
	 A0A009MGJ1	[378, 377, 376, 375, 374, 373, 614, 861, 372]
	 A0A009QQ47	[378, 377, 376, 375, 374, 373, 614, 861, 372]
	 A0A009HL81	[378, 377, 376, 375, 374, 373, 614, 861, 372]
	 A0A009HR98	[378, 377, 376, 375, 374, 373, 614, 861, 372]
	 A0A010IZE4	[378, 377, 376, 375, 374, 373, 614, 861, 372]

 ### Operon type: 44

	 A0A009Z8F7	[377, 376, 373, 0, 374, 303, 303, 0, 302]

 ### Operon type: 45

	 A0A009R016	[112, 111, 110, 116, 109, -1, 852, 108, 107]
	 A0A009HFU9	[112, 111, 110, 116, 109, 852, 108, 107, 0]

 ### Operon type: 46

	 A0A011UJN3	[0, 803, 0, 0, 582, 581, 580, 579, 578]

 ### Operon type: 47

	 A0A011W213	[582, 581, 580, 579, 578, 527, 0, 0, 0]

 ### Operon type: 48

	 A0A011QIT1	[756, 755, 754, 753, 752, 751, 750, 749, 748]
	 A0A011QUG8	[756, 755, 754, 753, 752, 751, 0, 750, 749]

 ### Operon type: 49

	 A0A011NVE7	[526, 525, 524, 646, 647, 648, 649, 650, 651]
	 A0A011PP01	[526, 525, 524, 646, 647, 648, 649, 650, 651]

 ### Operon type: 50

	 A0A011P2I4	[654, 653, 652, 651, 650, 649, 648, 647, 646]
	 A0A011N9N8	[654, 653, 652, 651, 650, 649, 648, 647, 646]

 ### Operon type: 51

	 A0A011PIY7	[561, 0, 652, 651, 650, 649, 648, 0, 646]

 ### Operon type: 52

	 A0A011Q3J4	[0, 561, 652, 651, 650, 649, 648, 647, 0]

 ### Operon type: 53

	 A0A011MH88	[320, 561, 652, 651, 650, 649, 648, 647, 646]

 ### Operon type: 54

	 A0A013SPM5	[398, 397, 396, 395, 408, 394, 393, 392, 391]
	 A0A009QFZ7	[398, 397, 396, 395, 408, 394, 393, 392, 391]
	 A0A009MH71	[398, 397, 396, 395, 408, 394, 393, 392, 391]
	 A0A009I6Z0	[398, 397, 396, 395, 408, 394, 393, 392, 391]
	 A0A009HSL1	[398, 397, 396, 395, 408, 394, 393, 392, 391]
	 A0A010IX62	[398, 397, 396, 395, 408, 394, 393, 392, 391]
	 A0A009TK03	[398, 397, 396, 395, 408, 394, 393, 392, 391]

 ### Operon type: 55

	 A0A009ZIX8	[0, 32, 396, 395, 408, 534, 0, 391, 0]

 ### Operon type: 56

	 A0A010JJN4	[850, 849, 848, 847, 846, 845, 844, 843, 842]
	 A0A013TPR7	[850, 849, 848, 847, 846, 845, 844, 843, 842]
	 A0A009PMT3	[850, 849, 848, 847, 846, 845, 844, 843, 842]
	 A0A009SEP4	[850, 849, 848, 847, 846, 0, 845, 844, 0]
	 A0A009RMI1	[850, 849, 848, 847, 846, 845, 844, 843, 0]
	 A0A009NI48	[850, 849, 848, 847, 846, 845, 844, 843, -1]
	 A0A009HJJ5	[850, 849, 848, 847, 846, 845, 844, 843, 113]
	 A0A009I8I7	[850, 849, 848, 847, 846, 845, 844, 843, 113]
	 A0A009YG45	[0, 850, 849, 848, 846, 0, 845, 844, 843]

 ### Operon type: 57

	 A0A013TPQ9	[384, 383, 382, 381, 380, 861, 807, 379, 505]
	 A0A013S8F0	[384, 383, 382, 381, 380, 861, 807, 379, 505]
	 A0A009PMU2	[384, 383, 382, -1, 380, 861, 807, 379, 505]
	 A0A009SZ84	[384, 383, 382, 381, 380, 861, 807, 379, 505]
	 A0A009HJM0	[384, 383, 382, 381, 380, 861, 807, 379, 505]
	 A0A010IZH1	[-1, 383, 382, 381, 380, 861, 807, 379, 505]

 ### Operon type: 58

	 A0A009HUS9	[383, 382, 0, 381, 380, 228, -1, 229, 230]

 ### Operon type: 59

	 A0A009ISE1	[845, 844, 843, 230, 229, -1, 228, 380, 381]

 ### Operon type: 60

	 A0A009NPS1	[384, 383, 382, 381, 380, -1, 843, 844, 845]

 ### Operon type: 61

	 A0A013SB36	[282, 281, 280, 279, 324, 518, 517, 278, 321]
	 A0A009QSI3	[282, 281, 280, 279, 324, 518, 517, 278, -1]

 ### Operon type: 62

	 A0A010ITP2	[282, 281, 280, 279, 324, 518, 517, 0, 0]

 ### Operon type: 63

	 A0A009SII9	[-1, 281, 280, 279, 324, 518, 517, 323, 322]

 ### Operon type: 64

	 A0A009T0Q9	[324, 518, 517, 323, 322, 321, 320, 861, 319]

 ### Operon type: 65

	 A0A009YJF4	[0, 518, 517, 73, 72, 320, 861, 0, 319]

 ### Operon type: 66

	 A0A009GP96	[0, 99, 861, 853, 98, 78, 852, 97, 96]

 ### Operon type: 67

	 A0A009GSR4	[853, 98, 78, 852, 97, 96, 96, 95, 0]

 ### Operon type: 68

	 A0A009IIT6	[99, 861, 853, 98, 97, 96, 96, 95, 0]

 ### Operon type: 69

	 A0A011SQL0	[695, 596, -1, 595, 594, 593, 592, 591, 590]
	 A0A011UZ49	[596, -1, 595, 594, 593, 592, 591, 590, 0]

 ### Operon type: 70

	 A0A009PT82	[653, 702, 160, 159, 233, 232, 231, 158, 300]
	 A0A009SIF9	[653, 702, 160, 159, 233, 232, 231, 158, 300]

 ### Operon type: 71

	 A0A009IS10	[440, 0, 0, 0, 233, 232, 231, 0, 0]

 ### Operon type: 72

	 A0A009QHW5	[0, 0, 0, 833, 233, 232, 231, 0, 301]

 ### Operon type: 73

	 A0A011UVB4	[0, 0, 0, 441, 0, 0, 440, 0, 439]

 ### Operon type: 74

	 A0A011V107	[427, -1, 461, 459, 462, 458, 426, 425, 0]
	 A0A011U7M7	[0, 427, -1, 461, 459, 462, 458, 426, 425]

 ### Operon type: 75

	 A0A011TLH0	[463, 462, 461, 460, 459, 458, 0, 0, 0]

 ### Operon type: 76

	 A0A011UG87	[455, 456, 457, 463, 462, 461, 460, 459, 458]

 ### Operon type: 77

	 A0A011TLH7	[457, 456, 455, 0, 0, 0, 0, 0, 0]

 ### Operon type: 78

	 A0A011TAF9	[0, 0, 474, 473, 472, 471, 470, 469, 468]
	 A0A011TWN2	[474, 473, 472, 471, 470, 469, 468, 0, 0]

 ### Operon type: 79

	 A0A011Q5V7	[556, 0, 0, 0, 633, 632, 631, 630, 629]

 ### Operon type: 80

	 A0A011RM25	[633, 632, 631, 630, 629, 710, 0, 628, 0]

 ### Operon type: 81

	 A0A011QIE8	[762, 761, 760, 807, 759, 758, 757, 0, 0]
	 A0A011QDV3	[762, 761, 760, 807, 759, 758, 702, 0, 757]

 ### Operon type: 82

	 A0A011QAB0	[554, 553, 552, 0, 551, 654, 619, 550, 0]
	 A0A011PL71	[479, 554, 553, 552, 551, 654, 619, 550, 0]

 ### Operon type: 83

	 A0A011Q6N5	[606, 605, 604, 0, 0, 0, 555, 586, 555]

 ### Operon type: 84

	 A0A011SGD5	[0, 0, 0, 0, 0, 0, 606, 605, 604]

 ### Operon type: 85

	 A0A011NYU6	[571, 570, 0, 569, 568, 537, 536, 0, 567]

 ### Operon type: 86

	 A0A011PYI6	[571, 570, 0, 569, 568, 567, 860, 693, 0]

 ### Operon type: 87

	 A0A011P1C0	[0, 0, 537, 536, 567, 0, 0, 0, 0]

 ### Operon type: 88

	 A0A011N4G4	[0, 0, 512, 511, 510, 509, 510, 508, 507]
	 A0A011PKU5	[512, 511, 510, 509, 510, 508, 507, 0, 0]

 ### Operon type: 89

	 A0A010ZWJ8	[11, 10, 9, 477, 8, 679, 449, 679, 7]

 ### Operon type: 90

	 A0A011AHW1	[8, 477, 9, 10, 11, 0, 0, 12, 0]

 ### Operon type: 91

	 A0A011AHU9	[449, 679, 7, 0, 0, 0, 0, 14, 320]

 ### Operon type: 92

	 A0A010ZX98	[6, 5, 4, 3, 2, 22, 807, 807, 0]

 ### Operon type: 93

	 A0A011AIL7	[2, 3, 4, 5, 6, 0, 0, 0, 0]

 ### Operon type: 94

	 A0A010YF95	[557, 28, 750, 27, 26, 26, 25, 583, 24]

 ### Operon type: 95

	 A0A010ZJQ6	[28, 750, 27, 26, 26, 25, 583, 24, 0]

 ### Operon type: 96

	 A0A009GXL8	[76, 75, 74, 73, 72, 209, 192, 123, 122]

 ### Operon type: 97

	 A0A010JIW7	[76, 75, 74, 73, 72, 0, 0, 192, 123]

 ### Operon type: 98

	 A0A011QNA5	[0, 743, 742, 741, 0, 824, 823, 822, 821]
	 A0A009ZLJ7	[821, 822, 823, 824, 0, 0, 743, 742, 741]

 ### Operon type: 99

	 A0A013T0T6	[824, 823, 822, 821, 820, 819, 406, 818, 405]
	 A0A009ISY0	[824, 823, 822, 821, 820, 227, 406, 818, 405]
	 A0A009HAX1	[824, 823, 822, 821, 820, 819, 406, 818, 405]
	 A0A009RMD0	[824, 823, 822, 821, 820, 227, 406, 818, 405]
	 A0A009QMH5	[824, 823, 822, 821, 820, 819, 406, 818, 405]
	 A0A009PE10	[824, 823, 822, 821, 820, 227, 406, 818, -1]

 ### Operon type: 100

	 A0A010ILW6	[824, 823, 822, 821, 820, 819, 0, 0, 818]

 ### Operon type: 101

	 A0A009Z9X7	[823, 822, 821, 0, 820, 0, 709, 0, 818]

 ### Operon type: 102

	 A0A013S8V2	[286, 285, 0, 0, 0, 284, 0, 0, 0]
	 A0A009R8E1	[0, 535, 0, 286, 285, 0, 0, 284, 0]

 ### Operon type: 103

	 A0A009ICH6	[786, 151, 150, 149, 104, 103, 102, 101, 805]
	 A0A009ZFR5	[786, 151, 150, 149, 104, 103, 102, 101, 805]

 ### Operon type: 104

	 A0A009NQA1	[786, 151, 150, 149, 148, 147, 404, 805, 703]
	 A0A009RR21	[786, 151, 150, 149, 148, 147, 404, 805, 703]

 ### Operon type: 105

	 A0A009HTN9	[786, 151, 150, 149, 148, 147, 80, 802, 79]
	 A0A009T3J5	[786, 151, 150, 149, 148, 147, 80, 802, 79]

 ### Operon type: 106

	 A0A009Q0U9	[786, 151, 150, 149, 148, 147, -1, -1, 0]

 ### Operon type: 107

	 A0A009IPC3	[183, 182, 197, 198, 199, 181, 180, 189, 188]
	 A0A009QEG7	[183, 182, 197, 198, 199, 181, 180, 189, 188]

 ### Operon type: 108

	 A0A009I573	[203, 0, 202, 201, 0, 200, 199, 198, 197]

 ### Operon type: 109

	 A0A009ILP9	[189, 0, 197, 198, 199, 200, 188, 201, 202]

 ### Operon type: 110

	 A0A009I953	[189, 0, 197, 198, 199, 200, 188, 0, -1]

 ### Operon type: 111

	 A0A009SX74	[659, 696, 0, 201, 188, 189, 182, 183, 217]

 ### Operon type: 112

	 A0A010IPH1	[801, 800, 799, 798, 797, 796, 795, 794, 793]
	 A0A009MMG9	[801, 800, 799, 798, 797, 796, 795, 794, 793]
	 A0A009QVK8	[801, 800, 799, 798, 797, 796, 795, 794, 793]
	 A0A009ICP5	[801, 800, 799, 798, 797, 796, 795, 794, 793]

 ### Operon type: 113

	 A0A009QLL2	[308, 309, 310, 106, 797, 796, 795, 794, 793]
	 A0A009SIV4	[308, 309, 310, 106, 797, 796, 795, 794, 793]
	 A0A009HTW0	[308, 309, 310, 106, 797, 796, 795, 794, 793]
	 A0A013TSJ4	[309, 310, 0, 106, 797, 796, 795, 794, 793]

 ### Operon type: 114

	 A0A010ITG1	[830, 772, 771, 770, 769, 768, 767, 861, 807]
	 A0A013TCN9	[830, 772, 771, 770, 769, 768, 767, 861, 807]
	 A0A009NIJ3	[830, 772, 771, 770, 769, 768, 767, 861, 807]
	 A0A009QNC9	[830, 772, 771, 770, 769, 768, 767, 861, 807]
	 A0A013TRC1	[830, 772, 771, 770, 769, 768, 767, 861, 807]

 ### Operon type: 115

	 A0A009H935	[0, 0, 771, 770, 769, 768, 767, 861, 807]

 ### Operon type: 116

	 A0A009IMX3	[792, 791, 790, 789, 788, 185, 185, 693, 184]
	 A0A009QEX0	[792, 791, 790, 789, 788, 185, 185, 693, 184]
	 A0A009SF48	[792, 791, 790, 789, 788, -1, 185, 693, 184]

 ### Operon type: 117

	 A0A010ISX2	[792, 791, 790, 789, 788, 787, 786, 785, 784]
	 A0A013S7V1	[792, 791, 790, 789, 788, 787, 786, 785, 784]
	 A0A009MR00	[792, 791, 790, 789, 788, 787, 786, 785, 784]
	 A0A009RES7	[792, 791, 790, 789, 788, 787, 786, 785, 784]

 ### Operon type: 118

	 A0A009YTT3	[31, 109, 790, 789, 788, 787, 786, 785, 784]

 ### Operon type: 119

	 A0A009GYP9	[0, 0, 0, 789, 788, 787, 786, 785, 784]

 ### Operon type: 120

	 A0A009ZZC8	[-1, 138, 139, 31, 109, 790, 789, 788, 787]

 ### Operon type: 121

	 A0A011WSE5	[254, 253, 252, 251, 250, 249, 55, 54, 272]
	 A0A011UGX8	[255, 254, 253, 252, 251, 250, 249, 55, 54]

 ### Operon type: 122

	 A0A011VZG0	[271, 0, 255, 254, 253, 252, 251, 250, 249]

 ### Operon type: 123

	 A0A009PJF7	[304, 305, 305, 306, 165, 307, 164, 163, 162]
	 A0A009SJZ7	[441, 304, 305, 306, 165, 307, 164, 163, 162]

 ### Operon type: 124

	 A0A009Z5G0	[307, 306, 305, 0, 599, 304, 441, 350]

 ### Operon type: 125

	 A0A010JJC1	[841, 840, 839, 838, 837, 836, 835, 851, 834]
	 A0A010IZ41	[840, 839, 838, 837, 836, 835, 851, 834, 364]

 ### Operon type: 126

	 A0A009QJL6	[841, 840, 839, 838, 0, 834, 364, 118, 0]

 ### Operon type: 127

	 A0A013TB41	[371, -1, 370, 369, 368, 653, 800, 783, 367]
	 A0A013SGL3	[371, 277, 370, 369, 368, 653, 800, 783, 367]
	 A0A009I5Z6	[371, 277, 370, 369, 368, 653, 800, 783, 367]
	 A0A009PG53	[371, 277, 370, 369, 368, 653, 800, 783, 367]
	 A0A009RQH3	[371, 277, 370, 369, 368, 653, 800, 783, 367]
	 A0A009NE81	[371, 277, 370, 369, 368, 653, 800, 783, 367]
	 A0A010KAV2	[371, 277, 370, 369, 368, 653, 800, 783, 367]
	 A0A009SHB3	[371, 277, 370, 369, 368, 653, 800, 783, 367]

 ### Operon type: 128

	 A0A009H3X4	[371, 277, 370, 369, 368, 653, -1, 863, -1]

 ### Operon type: 129

	 A0A009PIB4	[0, 0, 0, 157, 434, 156, 852, 861, 654]
	 A0A009SLR5	[0, 0, 0, 157, 434, 156, 852, 861, 654]

 ### Operon type: 130

	 A0A009HSU4	[0, 0, 587, 861, 0, 653, 783, 654, 852]

 ### Operon type: 131

	 A0A009I463	[615, 214, 213, 354, 354, 275, 274, 273, 212]
	 A0A009PAG1	[615, 214, 213, 354, 354, 275, 274, 273, 212]

 ### Operon type: 132

	 A0A013SKX6	[0, 0, 615, 0, 354, 354, 275, 274, 273]

 ### Operon type: 133

	 A0A011Q5S3	[748, 560, 0, 0, 0, 0, 559, 558, 557]

 ### Operon type: 134

	 A0A011UZZ4	[0, 559, 558, 0, 0, 0, 432, 432, 557]

 ### Operon type: 135

	 A0A011UTJ0	[0, 0, 0, 446, 445, 444, 686, 443, 442]

 ### Operon type: 136

	 A0A011VMV7	[446, 445, 444, 686, 443, 442, 413, 412, 411]

 ### Operon type: 137

	 A0A011NYT4	[859, 681, 680, 843, 0, 519, 519, 518, 517]

 ### Operon type: 138

	 A0A011P8E9	[0, 0, 859, 681, 0, 680, 843, 0, 0]

 ### Operon type: 139

	 A0A010TF34	[0, -1, 0, 0, 50, 49, 48, 47, 46]
	 A0A010SYH9	[50, 49, 48, 47, 46, 0, 0, 0, 0]

 ### Operon type: 140

	 A0A010S7A1	[93, 92, 91, 90, 0, 89, 0, 0, 0]
	 A0A010TFJ4	[0, -1, 0, 93, 92, 91, 90, -1, 89]

 ### Operon type: 141

	 A0A009HJC2	[82, 807, 799, 81, 354, 852, 135, 136, 137]
	 A0A009PAV9	[82, -1, 799, 81, 354, 852, 135, 136, 137]

 ### Operon type: 142

	 A0A009SE02	[0, 137, 0, 0, 0, 136, 135, 852, 354]

 ### Operon type: 143

	 A0A009SYU8	[783, 786, 782, 781, 171, 861, 861, 779, 778]
	 A0A009RSB7	[783, 786, 782, 781, 171, 861, 861, 779, 778]
	 A0A009HS41	[783, 786, 782, 781, 171, 861, 861, 779, 778]

 ### Operon type: 144

	 A0A010IT25	[783, 786, 782, 781, 780, 861, 861, 779, 778]
	 A0A013SHA9	[783, 786, 782, 781, 780, 861, 861, 779, 778]
	 A0A009I466	[783, 786, 782, 781, 780, 861, 861, 779, 778]

 ### Operon type: 145

	 A0A009NMQ9	[783, 786, 782, 781, 780, 0, 861, 861, 779]

 ### Operon type: 146

	 A0A009P8A9	[0, 0, 782, 781, 171, 861, 861, 779, 778]

 ### Operon type: 147

	 A0A009ITT8	[226, 225, 224, 325, 337, 335, 334, 333, 332]
	 A0A009NJ90	[226, 225, 224, 325, 337, 336, 335, 334, 333]

 ### Operon type: 148

	 A0A009IJ01	[334, 333, 332, 331, 329, 219, 218, 216, 215]
	 A0A009NCH6	[220, 334, 333, 332, 329, 219, 218, 216, 215]

 ### Operon type: 149

	 A0A009RQL5	[334, 333, 332, 131, 329, 219, 218, 216, 0]

 ### Operon type: 150

	 A0A009MGQ8	[337, 0, 220, 334, 333, 332, 329, 219, 218]

 ### Operon type: 151

	 A0A009S6G1	[328, 327, 326, 325, 337, 334, 333, 332, 329]
	 A0A009RHH7	[328, 327, 326, 325, 337, 336, 334, 333, 332]
	 A0A009IJ07	[328, 327, 326, 325, 337, 334, 333, 332, 331]

 ### Operon type: 152

	 A0A009HZK2	[326, 325, 337, 334, 333, 332, 331, 329, 219]

 ### Operon type: 153

	 A0A009R4N4	[325, 337, 336, 334, 333, 332, 131, 329, 219]

 ### Operon type: 154

	 A0A009S5A5	[337, 336, 335, 334, 333, 332, 331, 330, 329]

 ### Operon type: 155

	 A0A009RHH9	[0, 0, 0, 0, 410, 328, 327, 326, 325]

 ### Operon type: 156

	 A0A011PGU1	[0, 0, 658, 736, 735, 734, 657, 656, 655]
	 A0A011MDH1	[562, 0, 658, 736, 735, 734, 657, 656, 655]

 ### Operon type: 157

	 A0A011V0P4	[490, 431, 0, 0, 430, 0, 0, 429, 428]

 ### Operon type: 158

	 A0A011WPV7	[429, 428, 0, 0, 0, 0, 0, 0, 0]

 ### Operon type: 159

	 A0A011UDF3	[736, 58, 0, 0, 0, 454, 63, 62, 731]

 ### Operon type: 160

	 A0A011VSC9	[63, 62, 731, 0, 0, 0, 0, 0, 0]

 ### Operon type: 161

	 A0A011SF89	[612, 611, 610, 0, 0, 0, 0, 0, 0]

 ### Operon type: 162

	 A0A011UCX7	[0, 554, 612, 611, 0, 610, 179, 0, 0]

 ### Operon type: 163

	 A0A011RNP9	[0, 0, 0, 0, 0, 620, 619, 0, 0]

 ### Operon type: 164

	 A0A011V0B5	[615, 0, 0, 0, 0, 0, 620, 0, 0]

 ### Operon type: 165

	 A0A011RQC9	[0, 615, 614, 0, 0, 0, 0, 613, 0]

 ### Operon type: 166

	 A0A011QG28	[738, 737, 736, 0, 735, 734, 816, 733, 732]
	 A0A011RIM8	[738, 737, 0, 0, 735, 734, 816, 733, 732]

 ### Operon type: 167

	 A0A011PHI6	[475, 0, 764, 0, 0, 763, 753, 565, 0]

 ### Operon type: 168

	 A0A011QI68	[0, 0, 764, 763, 0, 0, 0, 0, 0]

 ### Operon type: 169

	 A0A011NVJ6	[523, 541, 540, 539, 538, 802, 0, 0, 522]

 ### Operon type: 170

	 A0A011PVP2	[0, 541, 540, 539, 538, 802, 0, 0, 644]

 ### Operon type: 171

	 A0A011NXY7	[0, 0, 540, 0, 538, 0, 0, 0, 0]

 ### Operon type: 172

	 A0A011QR69	[707, 706, 805, 705, 704, 703, 0, 0, 0]
	 A0A011NUB4	[707, 706, 805, 705, 704, 703, 0, 527, 0]

 ### Operon type: 173

	 A0A011NN36	[706, 805, 0, 0, 704, 703, 0, 0, 0]

 ### Operon type: 174

	 A0A011PK69	[805, 482, 0, 0, 704, 703, 0, 0, 0]

 ### Operon type: 175

	 A0A011RMI6	[627, 745, 744, 626, 625, 624, 623, 622, 621]
	 A0A011NYD6	[627, 745, 744, 626, 625, 624, 623, 622, 621]

 ### Operon type: 176

	 A0A011QB28	[542, 627, 745, 0, 0, 624, 623, 622, 621]

 ### Operon type: 177

	 A0A011NF33	[0, 624, 623, 0, 0, 0, 0, 0, 0]

 ### Operon type: 178

	 A0A011NBY4	[501, 0, 0, 576, 0, 0, 500, 0, 0]

 ### Operon type: 179

	 A0A011WRT0	[501, 0, 0, 0, 0, 0, 0, 693, 0]

 ### Operon type: 180

	 A0A011SHV5	[0, 0, 0, 0, 0, 603, 693, 841, 0]

 ### Operon type: 181

	 A0A011NB95	[0, 711, 0, 0, 0, 0, 799, 503, 502]

 ### Operon type: 182

	 A0A011UHT4	[118, 248, 503, 0, 0, 52, 52, 502, 0]

 ### Operon type: 183

	 A0A010Z1W7	[0, 0, 0, 0, 0, 33, 0, 266, 267]

 ### Operon type: 184

	 A0A011VY84	[0, 0, 267, 266, 0, 0, 0, 0, 0]

 ### Operon type: 185

	 A0A010YW85	[0, 0, 0, 0, 0, 268, 0, 266, 267]

 ### Operon type: 186

	 A0A010ZMA0	[266, 506, 0, 0, 0, 0, 0, 0, 0]

 ### Operon type: 187

	 A0A011N5L2	[0, 0, 0, 506, 0, 505, 842, 0, 0]

 ### Operon type: 188

	 A0A009MJ75	[0, 0, 212, 146, 145, 0, 0, 0, 853]

 ### Operon type: 189

	 A0A010IH51	[0, 793, 0, 0, 145, 0, 853, 0, 0]

 ### Operon type: 190

	 A0A011TYT7	[0, 0, 0, 0, 0, 0, 793, 588, 588]

 ### Operon type: 191

	 A0A010RRR9	[0, 0, 0, 0, 855, 0, 0, 854, 853]

 ### Operon type: 192

	 A0A010SIA7	[0, 0, 854, 90, 0, 0, 0, 0, 0]

 ### Operon type: 193

	 A0A010RFQ9	[0, 0, 865, 0, 864, 0, 0, 0, 0]

 ### Operon type: 194

	 A0A010SPR9	[43, 43, 0, 0, 0, 864, 0, 0, 0]

 ### Operon type: 195

	 A0A009LNU8	[223, 235, 592, 222, 0, 221, 0, 852, 0]

 ### Operon type: 196

	 A0A013SRG6	[94, 222, 592, 235, 0, 234, 0, 223, 532]

 ### Operon type: 197

	 A0A009IQU8	[0, 235, 0, 0, 0, 234, 532, 0, 0]

 ### Operon type: 198

	 A0A010K2K8	[592, 222, 94, 0, 0, 0, 0, -1, 852]

 ### Operon type: 199

	 A0A011NPR8	[0, 532, 0, 0, 0, 0, 531, 0, 0]

 ### Operon type: 200

	 A0A010SEA2	[560, 531, 87, 0, 0, 0, 0, 0, 0]

 ### Operon type: 201

	 A0A010IGH8	[0, 0, 0, 0, 0, 0, 0, 295, 779]

 ### Operon type: 202

	 A0A010STD3	[0, 0, 0, 453, 452, 451, 0, 779, 295]

 ### Operon type: 203

	 A0A010SQJ5	[287, 798, 0, 453, 452, 451, 0, 0, 0]

 ### Operon type: 204

	 A0A013RVV2	[830, 0, 297, 296, 0, 0, 779, 295, 0]

 ### Operon type: 205

	 A0A011TD67	[454, 0, 0, 453, 452, 451, 450, 0, 449]

 ### Operon type: 206

	 A0A009ZC12	[0, 0, 0, 453, 0, 451, 450, 299, 729]

 ### Operon type: 207

	 A0A009YSC7	[0, 0, 500, 29, 0, 29, 297, 296, 0]

 ### Operon type: 208

	 A0A009ZJK4	[0, 0, 0, 0, 0, 0, 786, 38, 0]

 ### Operon type: 209

	 A0A010SVN1	[-1, 38, 861, 194, 464, 0, 0, 786, 0]

 ### Operon type: 210

	 A0A009PFK7	[177, 176, 175, 174, 173, 0, 0, 172, 0]
	 A0A009QGN4	[177, 176, 175, 174, 173, 172, 0, 0, 0]

 ### Operon type: 211

	 A0A009YR20	[0, 172, 0, 0, 0, 0, 176, 0, 0]

 ### Operon type: 212

	 A0A009SCM5	[134, 133, 132, 0, 0, 0, 0, 0, 0]

 ### Operon type: 213

	 A0A009TJ77	[217, 45, 0, 0, 0, 0, 134, 133, 132]

 ### Operon type: 214

	 A0A009HZV2	[0, 0, 0, 0, 191, 190, 336, 0, 0]

 ### Operon type: 215

	 A0A009QPE7	[0, 0, 0, 0, 191, 190, 0, 0, 0]

 ### Operon type: 216

	 A0A009MGR3	[0, 0, 117, 0, 399, 330, 116, 115, 114]

 ### Operon type: 217

	 A0A009Q4G0	[0, 105, 117, 0, 399, 0, 115, 114, 115]

 ### Operon type: 218

	 A0A009PB53	[0, 0, 126, 125, 399, 115, 114, 115, 124]

 ### Operon type: 219

	 A0A009PUJ8	[0, 126, 125, 399, 0, 124, 192, 123, 122]

 ### Operon type: 220

	 A0A009H7I0	[196, 0, 0, 861, 339, 339, 195, 379, 194]
	 A0A009QQC0	[196, 0, 144, 861, 339, 339, 195, 379, 194]

 ### Operon type: 221

	 A0A009MVG4	[144, 0, 276, 861, 339, 339, 195, 379, 194]

 ### Operon type: 222

	 A0A009QA91	[341, 340, 783, 861, 339, 339, 195, 379, 194]
	 A0A010J377	[341, 340, 783, 861, 339, 339, 195, 379, 194]

 ### Operon type: 223

	 A0A009S1X4	[341, 340, 783, 861, 339, 339, 861, 0, 338]

 ### Operon type: 224

	 A0A013SHF4	[0, 0, 276, 861, 339, 339, 0, 318, 0]

 ### Operon type: 225

	 A0A011N3C3	[0, 0, 0, 587, 515, 514, 766, 765, 513]
	 A0A011PJK8	[587, 515, 514, 766, 765, 513, 0, 0, 0]

 ### Operon type: 226

	 A0A011UWH1	[478, 437, 436, 435, 0, 0, 0, 0, 0]
	 A0A011WKI4	[0, 0, 0, 0, 0, 478, 437, 436, 435]

 ### Operon type: 227

	 A0A010YKP2	[0, 0, 0, 0, 0, 0, 522, 424, 0]

 ### Operon type: 228

	 A0A011V1A2	[431, 0, 0, 424, 0, 0, 0, 0, 0]

 ### Operon type: 229

	 A0A011NGS0	[0, 0, 0, 0, 699, 698, 0, 0, 0]

 ### Operon type: 230

	 A0A011PW61	[0, 0, 0, 0, 699, 698, 0, 0, 697]

 ### Operon type: 231

	 A0A011UXI1	[0, 480, 0, 0, 699, 698, 448, 0, 0]

 ### Operon type: 232

	 A0A011SWI9	[-1, -1, 0, 475, 699, 698, 448, -1, -1]

 ### Operon type: 233

	 A0A011P952	[698, 0, 676, 0, 0, 676, 0, 0, 0]

 ### Operon type: 234

	 A0A011Q1B3	[566, 565, 564, 563, 564, 644, 562, 0, 0]
	 A0A011QVV5	[0, 0, 566, 565, 564, 563, 564, 644, 562]

 ### Operon type: 235

	 A0A011NSG8	[0, 0, 0, 565, 564, 563, 0, 564, 0]

 ### Operon type: 236

	 A0A011P0X4	[0, 0, 562, 0, 564, 0, 0, 563, 535]

 ### Operon type: 237

	 A0A010YNY9	[0, 0, 34, 23, 0, 0, 0, 0, 438]

 ### Operon type: 238

	 A0A011AC71	[338, 0, 0, 467, 0, 34, 23, 0, 783]

 ### Operon type: 239

	 A0A011QLX0	[0, 747, 0, 0, 746, 0, 745, 744, 0]
	 A0A011PRW6	[747, 0, 0, 0, 746, 745, 744, 0, 0]

 ### Operon type: 240

	 A0A010SML6	[0, 745, 744, -1, 0, 696, 0, 0, 0]

 ### Operon type: 241

	 A0A010RS09	[0, 0, 0, 0, 47, 0, 863, 863, 0]

 ### Operon type: 242

	 A0A010RTE7	[0, 0, 0, 0, 0, 0, 47, 45, 0]

 ### Operon type: 243

	 A0A009P817	[155, 0, 0, 0, 154, 0, 270, 153, 152]

 ### Operon type: 244

	 A0A009TIY0	[0, 0, 0, 0, 154, 0, 270, 153, 0]

 ### Operon type: 245

	 A0A009QKA3	[270, 153, 0, 152, 0, 0, 0, 0, 177]

 ### Operon type: 246

	 A0A009HSR2	[0, 143, 142, 0, 141, 128, 140, 336, 129]

 ### Operon type: 247

	 A0A009SWM1	[0, 143, 142, 0, 141, 0, 0, 140, 0]

 ### Operon type: 248

	 A0A009MYX0	[130, 129, 0, 587, 0, 0, 140, 128, 127]

 ### Operon type: 249

	 A0A009QK79	[0, 0, 127, 128, 0, 140, 0, 0, 129]

 ### Operon type: 250

	 A0A009GXJ1	[423, 422, 128, 140, 77, 336, 129, 130, 0]

 ### Operon type: 251

	 A0A010IT95	[0, 0, 0, 852, 777, 776, 775, 774, 773]
	 A0A013TKW8	[0, 739, 0, 852, 777, 776, 775, 774, 773]
	 A0A009S0T6	[0, 0, 852, 342, 777, 776, 775, 774, 773]
	 A0A009I5G9	[0, 0, 852, 342, 777, 776, 775, 774, 773]
	 A0A009PRQ9	[0, 852, 342, 0, 777, 776, 775, 774, 773]
	 A0A009MH36	[0, 0, 0, 852, 777, 776, 775, 774, 773]
	 A0A009QT77	[0, 0, -1, 852, 777, 776, 775, 774, 773]
	 A0A009GWD0	[336, 0, 0, 852, 777, 776, 775, 774, 773]

 ### Operon type: 252

	 A0A013TMJ7	[807, -1, 0, 852, 777, 774, 773, 0, 0]

 ### Operon type: 253

	 A0A011VXC2	[-1, 489, 0, 488, 487, 486, 485, 484, 483]
	 A0A011V392	[489, 0, 488, 487, 486, 485, 0, 484, 483]

 ### Operon type: 254

	 A0A011V490	[271, 351, 0, 483, 484, 485, 486, 487, 488]

 ### Operon type: 255

	 A0A011VZF5	[0, 0, 487, 486, 485, 554, 351, 554, 0]

 ### Operon type: 256

	 A0A011WLE7	[0, 0, 0, 0, 0, 256, 0, 0, 0]
	 A0A011VU44	[0, 0, 0, 0, 0, 256, 0, 0, 0]

 ### Operon type: 257

	 A0A011VAP2	[0, 0, 67, 0, 0, 0, 0, 0, 66]

 ### Operon type: 258

	 A0A011VRJ8	[0, 0, 0, 0, 0, 0, 67, 0, 0]

 ### Operon type: 259

	 A0A011RNU1	[0, 0, 0, 0, 0, 0, 618, 618, 617]

 ### Operon type: 260

	 A0A011VKJ9	[0, 0, 0, 0, 0, 0, 617, 618, -1]

 ### Operon type: 261

	 A0A011PQZ7	[0, 0, 0, 477, 568, 0, 476, 0, 0]

 ### Operon type: 262

	 A0A011TUX4	[0, 0, 0, 0, 568, 0, 0, 476, 0]

 ### Operon type: 263

	 A0A011STZ9	[0, 0, 0, 476, 0, 0, 0, 0, 0]

 ### Operon type: 264

	 A0A011PUJ9	[0, 0, 0, 0, 0, 0, 0, 0, 645]
	 A0A011PRF5	[645, 0, 0, 0, 0, 0, 0, 0, 0]

 ### Operon type: 265

	 A0A011PFY8	[0, 0, 0, 0, 0, 0, 0, 0, 661]

 ### Operon type: 266

	 A0A011PNS3	[708, 661, 0, 0, 0, 0, 0, 0, 0]

 ### Operon type: 267

	 A0A011T648	[0, 661, 0, 0, 0, 0, 0, 805, 0]

 ### Operon type: 268

	 A0A010YYJ5	[0, 0, 0, 554, 0, 0, 0, 84, 84]

 ### Operon type: 269

	 A0A011NDM5	[554, 0, 0, 0, 0, 0, 0, 0, 0]

 ### Operon type: 270

	 A0A011MSR2	[0, 0, 0, 516, 0, 0, 0, 554, 554]

 ### Operon type: 271

	 A0A011WSU6	[0, 554, 0, 0, 484, 0, 0, 0, 0]

 ### Operon type: 272

	 A0A011U3C2	[0, 0, 816, 0, 0, 0, 0, 0, 0]
	 A0A011AEN3	[0, 0, 0, 0, 0, 0, 816, 0, 0]

 ### Operon type: 273

	 A0A011AAZ2	[0, 574, 0, 0, 0, 816, 816, 816, 0]

 ### Operon type: 274

	 A0A011T698	[0, 0, 0, 0, 0, 783, 816, 0, 0]

 ### Operon type: 275

	 A0A010YRE8	[0, 0, 0, 0, 0, 0, 0, 22, 0]

 ### Operon type: 276

	 A0A011AF05	[0, 0, 338, 22, 0, 0, 0, 0, 0]

 ### Operon type: 277

	 A0A009ZG48	[0, 0, 0, 739, 0, 0, 0, 0, 0]

 ### Operon type: 278

	 A0A011PEJ8	[0, 0, 667, 739, 0, 0, 0, 0, 0]

 ### Operon type: 279

	 A0A011QNJ7	[740, 0, 0, 739, 0, 0, 0, 740, 0]

 ### Operon type: 280

	 A0A011MMJ4	[0, 0, 0, 0, 0, 0, 0, 740, 0]

 ### Operon type: 281

	 A0A011R8M3	[0, 0, 667, 739, 0, 447, 0, 740, 0]

 ### Operon type: 282

	 A0A009ZC82	[0, 0, 695, 0, 0, 0, 0, 0, 0]

 ### Operon type: 283

	 A0A011P3F6	[696, 0, 0, 695, 0, 0, 0, 0, 0]

 ### Operon type: 284

	 A0A009IG48	[0, 0, 0, 187, 186, 0, 0, 0, 696]

 ### Operon type: 285

	 A0A009IMQ0	[0, 0, 0, 187, 186, 0, 0, 0, 0]

 ### Operon type: 286

	 A0A009SWV1	[0, 0, 0, 0, 0, 0, 0, 187, 0]

 ### Operon type: 287

	 A0A009PMZ9	[161, 0, 0, 0, 0, 0, 0, 0, 0]
	 A0A009Q512	[0, 0, 0, 0, 161, 0, 0, 0, 0]

 ### Operon type: 288

	 A0A009IFL2	[0, 298, 0, 100, -1, 0, 0, 0]

 ### Operon type: 289

	 A0A009ZDS1	[-1, -1, 0, 298, 0, 0, 840, 0, 0]

 ### Operon type: 290

	 A0A010SNM6	[40, 36, -1, 0, 0, 0, 807, 0, 0]

 ### Operon type: 291

	 A0A010T5D8	[36, 40, 0, -1, 0, -1, 364, 0, 0]

 ### Operon type: 292

	 A0A011UB51	[575, 0, 0, 0, 0, 0, 0, 0, 0]
	 A0A011UFH1	[0, 0, 0, 0, 0, 575, 0, 0, 0]

 ### Operon type: 293

	 A0A011V965	[0, -1, -1, 0, 68, 0, -1, -1, 0]
	 A0A011VHP2	[0, -1, -1, -1, 68, 0, 0, 0, 0]

 ### Operon type: 294

	 A0A010RVD0	[-1, 0, 0, -1, 0, 721, 721, 0, 44]

 ### Operon type: 295

	 A0A010T7Q5	[0, 44, 0, 0, 0, 0, -1, 0, 0]

 ### Operon type: 296

	 A0A010SJH7	[0, 0, 807, -1, 0, 0, 195, 0, 0]

 ### Operon type: 297

	 A0A010SRR2	[0, 0, -1, 0, 0, 0, 0, 0, 807]

 ### Operon type: 298

	 A0A010RKP8	[0, 0, 0, 0, 0, 0, -1, 0, 0]
	 A0A011UZ32	[0, 0, 0, 0, 0, -1, 0, 0, 0]
	 A0A009HJU6	[0, 0, 0, 0, 0, 0, 0, 0, -1]
	 A0A010TF14	[-1, 0, 0, 0, 0, 0, 0, 0, 0]
	 A0A010RY47	[-1, 0, -1, 0, 0, 0, 0, 0, 0]

 ### Operon type: 299

	 A0A010SJF9	[0, 0, 0, 0, 0, -1, 0, 86, -1]

 ### Operon type: 300

	 A0A011ML54	[0, 0, 0, 257, 0, 0, 0, 0, -1]

 ### Operon type: 301

	 A0A011NHY1	[0, 0, 0, 0, 0, 807, 0, 0, 0]

 ### Operon type: 302

	 A0A010Z171	[0, 0, 0, 0, 0, 0, 807, 0, 587]

 ### Operon type: 303

	 A0A011T697	[807, 0, 0, 0, 0, 0, 0, 0, 270]

 ### Operon type: 304

	 A0A011TDD1	[0, 465, 807, 0, 0, 0, 0, 0, 0]

 ### Operon type: 305

	 A0A011VW24	[0, 0, 710, 0, 0, 0, 0, 0, -1]

 ### Operon type: 306

	 A0A011T8V3	[0, 0, 710, 0, 0, 0, 0, 0, 0]

 ### Operon type: 307

	 A0A010TH98	[697, 0, 0, 710, 0, 0, 0, 0, 0]

 ### Operon type: 308

	 A0A011QVR3	[0, 0, 0, 0, 0, 0, 0, 711, 710]

 ### Operon type: 309

	 A0A011VYF1	[710, 0, 0, 0, 0, 0, 575, 0, 0]

 ### Operon type: 310

	 A0A010S415	[-1, 710, 0, 194, 0, 0, 0, 0, 828]

 ### Operon type: 311

	 A0A011QMJ8	[0, 0, 0, 0, 0, 0, 0, 0, 0]
	 A0A011QSN2	[0, 0, 0, 0, 0, 0, 0, 0, 0]
	 A0A011P9Z5	[0, 0, 0, 0, 0, 0, 0, 0, 0]
	 A0A011PBM9	[0, 0, 0, 0, 0, 0, 0, 0, 0]
	 A0A011Q056	[0, 0, 0, 0, 0, 0, 0, 0, 0]
	 A0A011NMI8	[0, 0, 0, 0, 0, 0, 0, 0, 0]
	 A0A011NTU3	[0, 0, 0, 0, 0, 0, 0, 0, 0]
	 A0A011N2Z0	[0, 0, 0, 0, 0, 0, 0, 0, 0]
	 A0A011NAJ1	[0, 0, 0, 0, 0, 0, 0, 0, 0]
	 A0A011PNN2	[0, 0, 0, 0, 0, 0, 0, 0, 0]
	 A0A011UHL2	[0, 0, 0, 0, 0, 0, 0, 0, 0]
	 A0A013TEV4	[0, 0, 0, 0, 0, 0, 0, 0, 0]
	 A0A013SL47	[0, 0, 0, 0, 0, 0, 0, 0, 0]
	 A0A011WUT3	[0, 0, 0, 0, 0, 0, 0, 0, 0]
	 A0A013S2B9	[0, 0, 0, 0, 0, 0, 0, 0, 0]
	 A0A013SBR8	[0, 0, 0, 0, 0, 0, 0, 0, 0]
	 A0A011VYF6	[0, 0, 0, 0, 0, 0, 0, 0, 0]
	 A0A009M4K0	[0, 0, 0, 0, 0, 0, 0, 0, 0]
	 A0A009MH90	[0, 0, 0, 0, 0, 0, 0, 0, 0]
	 A0A010SHY1	[0, 0, 0, 0, 0, 0, 0, 0, 0]
	 A0A009HIL8	[0, 0, 0, 0, 0, 0, 0, 0, 0]
	 A0A011VNE2	[0, 0, 0, 0, 0, 0, 0, 0, 0]
	 A0A011UBN9	[0, 0, 0, 0, 0, 0, 0, 0, 0]
	 A0A011UFM5	[0, 0, 0, 0, 0, 0, 0, 0, 0]
	 A0A009PDV4	[0, 0, 0, 0, 0, 0, 0, 0, 0]
	 A0A010SPJ7	[0, 0, 0, 0, 0, 0, 0, 0, 0]
	 A0A010SSQ8	[0, 0, 0, 0, 0, 0, 0, 0, 0]
	 A0A010T025	[0, 0, 0, 0, 0, 0, 0, 0, 0]
	 A0A010YJA7	[0, 0, 0, 0, 0, 0, 0, 0, 0]
	 A0A010YZS8	[0, 0, 0, 0, 0, 0, 0, 0, 0]
	 A0A010Z120	[0, 0, 0, 0, 0, 0, 0, 0, 0]
	 A0A010ZTI3	[0, 0, 0, 0, 0, 0, 0, 0, 0]
	 A0A011A146	[0, 0, 0, 0, 0, 0, 0, 0, 0]

 ### Operon type: 312

	 A0A010TG27	[478, 0, 51, 0, 0, 0, 861, 0, 0]

 ### Operon type: 313

	 A0A011PMK1	[0, 0, 0, 0, 0, 0, 0, 478, 0]

 ### Operon type: 314

	 A0A009HM15	[0, 218, 216, 0, 0, 0, -1, 0, 0]

 ### Operon type: 315

	 A0A009HRU1	[0, 128, 0, 0, 0, 0, 0, 0, 0]

 ### Operon type: 316

	 A0A009HSN8	[0, 105, 0, 0, 0, -1, 0, 124, -1]

 ### Operon type: 317

	 A0A009HV82	[192, 0, 0, 0, 0, 0, 0, 0, 0]

 ### Operon type: 318

	 A0A009IG74	[0, 0, 146, 0, 354, -1, 0, 0, 0]

 ### Operon type: 319

	 A0A009IJ90	[0, 217, 0, 0, 0, 0, 0, 0, 0]

 ### Operon type: 320

	 A0A009NM94	[0, 609, 609, 0, 0, 0, 465, 0, 0]

 ### Operon type: 321

	 A0A009Q4N5	[0, 0, 155, 0, 0, 0, 0, 0, 0]

 ### Operon type: 322

	 A0A009SSZ9	[0, 203, 0, 0, 0, 0, 0, 0, 0]

 ### Operon type: 323

	 A0A009YIH1	[0, 0, 0, 0, 329, 0, -1, -1, 30]

 ### Operon type: 324

	 A0A009YR05	[0, 0, 0, 0, 445, 0, 0, 0, 0]

 ### Operon type: 325

	 A0A009Z004	[311, 0, 311, 0, 0, 587, 0, 0, 0]

 ### Operon type: 326

	 A0A010RUQ5	[0, 0, 0, 0, 0, 0, 0, 0, 409]

 ### Operon type: 327

	 A0A010S195	[695, 0, 33, 39, 0, 0, 0, 0, 0]

 ### Operon type: 328

	 A0A010SCZ2	[0, 0, 0, 0, 0, 0, 0, 88, 0]

 ### Operon type: 329

	 A0A010SN41	[0, 0, 0, 0, 85, 0, 0, 0, 0]

 ### Operon type: 330

	 A0A010SSU2	[0, 0, 0, 0, 77, 0, -1, 677, 0]

 ### Operon type: 331

	 A0A010SUP6	[0, 0, 0, 0, 0, 0, 0, 39, 0]

 ### Operon type: 332

	 A0A010SUY9	[0, 0, 0, 0, 0, 447, 667, 0]

 ### Operon type: 333

	 A0A010THK2	[0, 0, -1, 0, 0, 863, 587, 0, 0]

 ### Operon type: 334

	 A0A010SRL4	[51, 0, 0, -1, 0, 0, 0, 587, 178]

 ### Operon type: 335

	 A0A010YX61	[370, 816, 0, 710, 0, 0, 0, 0, 0]

 ### Operon type: 336

	 A0A010S5W8	[0, 0, 516, 644, 0, 0, 0, 0, 0]

 ### Operon type: 337

	 A0A011NE37	[815, 0, 0, 0, 0, 0, 0, 0, 0]

 ### Operon type: 338

	 A0A011NF78	[0, 0, 728, 0, 0, 0, 0, 0, 0]

 ### Operon type: 339

	 A0A011NVE2	[0, 0, 0, 805, 0, 0, 807, 0, 584]

 ### Operon type: 340

	 A0A011NXJ4	[0, 0, 0, 0, 0, 0, 0, 0, 520]

 ### Operon type: 341

	 A0A011P8I1	[0, 0, 732, 816, 0, 0, 0, 0, 679]

 ### Operon type: 342

	 A0A011P9Q7	[782, 0, 0, 0, 0, 0, 0, 0, 0]

 ### Operon type: 343

	 A0A011PJ75	[0, 805, 804, 805, 0, 0, 0, 0, 0]

 ### Operon type: 344

	 A0A011PRB4	[0, 0, 0, 0, 0, 0, 0, 488, 0]

 ### Operon type: 345

	 A0A011QVT2	[709, 0, 0, 0, 0, 0, 0, 708, 0]

 ### Operon type: 346

	 A0A011RP14	[0, 0, 0, 0, 0, 0, 0, 616, 0]

 ### Operon type: 347

	 A0A011SM49	[807, 0, 616, 0, 0, 0, 597, 0, 0]

 ### Operon type: 348

	 A0A011AM27	[476, 0, 0, 0, 846, 0, 0, 0, 35]

 ### Operon type: 349

	 A0A011T607	[0, 0, 644, 0, 0, 0, 0, 0, 465]

 ### Operon type: 350

	 A0A011TAW2	[0, 0, 0, 0, 0, 0, 466, 0, 0]

 ### Operon type: 351

	 A0A011TED9	[0, 0, 0, 0, 0, 473, 0, 0, 0]

 ### Operon type: 352

	 A0A011TXS5	[0, 589, 0, 0, 0, 0, 0, 0, 0]

 ### Operon type: 353

	 A0A011U144	[0, 409, 0, 0, 0, 0, 520, 408, 0]

 ### Operon type: 354

	 A0A011U1C8	[783, 0, 0, 0, 0, 0, 0, 0, 407]

 ### Operon type: 355

	 A0A011U483	[0, 0, 0, 0, 0, 692, 0, 0, 0]

 ### Operon type: 356

	 A0A011UG86	[0, 565, 0, 0, 0, 86, 0, 0, 0]

 ### Operon type: 357

	 A0A011UQB5	[607, 576, 0, 0, 0, 0, 0, 575, 0]

 ### Operon type: 358

	 A0A011UVI5	[0, 0, 0, 0, 0, 438, 805, 805, 0]

 ### Operon type: 359

	 A0A011UWI3	[0, 0, 0, 0, 434, 0, 433, 695, 0]

 ### Operon type: 360

	 A0A011V5E6	[0, 0, 0, 0, 0, 272, 0, 0, 0]

 ### Operon type: 361

	 A0A011M4H6	[66, 0, 858, 0, 0, 0, 0, 0, 0]

 ### Operon type: 362

	 A0A011VSV3	[0, 0, 0, 0, 0, 0, 736, 0, 0]

 ### Operon type: 363

	 A0A011VWI0	[0, 0, 0, 0, 0, 248, 0, 0, 0]

 ### Operon type: 364

	 A0A011VZ91	[435, 0, 0, 0, 0, 0, 0, 0, 0]

 ### Operon type: 365

	 A0A011WP76	[0, 0, 0, 0, 0, 0, 0, 0, 750]

 ### Operon type: 366

	 A0A011WSD4	[0, 0, 0, -1, 0, 554, 0, 0, 351]

 ### Operon type: 367

	 A0A011WT35	[351, 0, 0, 0, 0, 0, 0, 0, 0]

 ### Operon type: 368

	 A0A013S843	[0, 379, 0, 0, 0, 0, -1, 287, 0]

 ### Operon type: 369

	 A0A013T5E6	[0, 0, 0, 399, 0, 0, 0, 0, 0]

 ### Operon type: 370

	 A0A009T185	[706, 0, 804, 804, 806, 805, 804, 803, 802]

 ### Operon type: 371

	 A0A010IN36	[808, 807, 0, 0, 806, 805, 804, 803, 802]

 ### Operon type: 372

	 A0A009PG43	[805, 804, 573, 708, 0, 803, 802, 0, 0]

 ### Operon type: 373

	 A0A009INE0	[808, 0, 0, 0, 0, 0, 0, 804, 803]

 ### Operon type: 374

	 A0A009T9H0	[0, 30, 696, -1, 0, 0, 140, 0, 128]

 ### Operon type: 375

	 A0A010THH5	[0, 87, 298, 438, 0, 0, 841, 0, 840]

 ### Operon type: 376

	 A0A011VZE3	[0, 0, 0, 861, 259, 0, 0, 0, 0]
	 A0A011WSH8	[0, 0, 0, 861, 259, 0, 0, 0, 0]

 ### Operon type: 377

	 A0A011NAF3	[0, 0, 0, 0, 0, 0, 861, 0, 648]

 ### Operon type: 378

	 A0A009IQ93	[179, 0, 861, 0, 0, 178, 0, 0, 0]

 ### Operon type: 379

	 A0A009Q8S9	[0, 0, 696, 288, 0, 577, 0, 0, 0]

 ### Operon type: 380

	 A0A009TLU4	[0, 589, -1, 221, 0, 42, 0, -1, -1]

 ### Operon type: 381

	 A0A009ZB47	[301, 300, 0, 0, 0, 554, 838, 0, 0]

 ### Operon type: 382

	 A0A009ZVR4	[614, 0, 816, 0, 0, 84, 0, 0, 302]

 ### Operon type: 383

	 A0A010JIN9	[838, 0, 0, 45, 188, 0, 0, 0, 0]

 ### Operon type: 384

	 A0A010S003	[656, 0, 0, 0, 0, 565, 565, 798, 0]

 ### Operon type: 385

	 A0A010SMN8	[0, -1, 34, 0, 864, 0, 0, 660, 0]

 ### Operon type: 386

	 A0A010SXS1	[0, 573, 0, 0, 0, 580, 0, 0, 708]

 ### Operon type: 387

	 A0A010T689	[35, -1, 841, 620, 0, 0, 0, 0, 0]

 ### Operon type: 388

	 A0A010TBB4	[0, 344, 0, 86, 0, 0, 0, 0, 783]

 ### Operon type: 389

	 A0A010YFK3	[0, 630, 0, 0, 0, 0, 59, 0, 407]

 ### Operon type: 390

	 A0A010YVY1	[16, 0, 16, 0, 0, 0, 0, 798, 0]

 ### Operon type: 391

	 A0A010ZSZ2	[0, 574, 0, 534, 533, 0, 0, 0, 0]

 ### Operon type: 392

	 A0A010Z0Y7	[0, 0, 0, 0, 533, 194, 0, 0, 0]

 ### Operon type: 393

	 A0A011A0M8	[0, 0, 587, 0, 100, 0, 0, 1, 1]

 ### Operon type: 394

	 A0A011NFL4	[0, 608, 0, 0, 528, 478, 0, 64, 0]

 ### Operon type: 395

	 A0A011P407	[0, 0, 694, 693, 0, 0, 783, 0, 692]

 ### Operon type: 396

	 A0A011QGT2	[861, 0, 0, 766, 765, 0, 0, 0, 0]

 ### Operon type: 397

	 A0A011QSA4	[731, 0, 730, 729, 0, 0, 0, 0, 728]

 ### Operon type: 398

	 A0A011T6J6	[0, 556, 0, 816, 0, 0, 269, 0, 268]

 ### Operon type: 399

	 A0A011TAL2	[0, 644, 0, 0, 0, 467, 0, 522, 0]

 ### Operon type: 400

	 A0A011TZG0	[587, 586, 0, 0, 0, 0, 0, 585, 0]

 ### Operon type: 401

	 A0A011UGY3	[55, 54, 272, 53, 0, 0, 0, 53, 0]

 ### Operon type: 402

	 A0A011UII7	[0, 0, 0, 0, 0, 584, 583, 0, 0]

 ### Operon type: 403

	 A0A011UNT9	[577, 600, 0, 0, 0, 0, 0, 0, 0]

 ### Operon type: 404

	 A0A011SIS0	[0, 602, 601, 601, 0, 0, 0, 600, 0]

 ### Operon type: 405

	 A0A011UT49	[0, 574, 0, 0, 0, 0, 573, 572, 0]

 ### Operon type: 406

	 A0A011VU65	[60, 0, 0, 0, 0, 59, 0, 736, 58]

 ### Operon type: 407

	 A0A011VV03	[0, 57, 0, 0, 430, 66, 0, 0, 0]

 ### Operon type: 408

	 A0A011VVZ9	[0, 0, -1, 0, 0, 88, 56, 56, 599]

 ### Operon type: 409

	 A0A011VWX7	[708, 490, 0, 0, 0, 0, 0, 603, 0]

 ### Operon type: 410

	 A0A011VXK7	[609, 609, 0, 812, 0, 0, 0, 558, 0]

 ### Operon type: 411

	 A0A011W0I6	[258, 0, 0, 0, 0, 507, 0, 257, 0]

 ### Operon type: 412

	 A0A010YEF6	[0, 258, 0, 0, 0, 0, 0, 0, 37]

 ### Operon type: 413

	 A0A013SQH1	[0, 0, 0, 0, 85, 481, 0, 852, 799]

 ### Operon type: 414

	 A0A009QJA8	[123, 122, 0, 0, 0, 0, 0, 0, 872]

 ### Operon type: 415

	 A0A009YL68	[0, 0, 783, 371, 368, 0, 0, 299, 0]

 ### Operon type: 416

	 A0A010JNG7	[852, 0, 0, 851, 0, 0, 0, 0, 0]

 ### Operon type: 417

	 A0A010RM40	[862, 861, 860, 0, 0, 0, 0, -1, 859]

 ### Operon type: 418

	 A0A010RRQ6	[0, 858, 0, 0, 0, 864, 857, 856, 0]

 ### Operon type: 419

	 A0A010S423	[269, 0, 0, 0, 0, 0, 0, 433, 613]

 ### Operon type: 420

	 A0A010T0I7	[0, 0, 37, 0, 0, 732, 730, 861, 0]

 ### Operon type: 421

	 A0A010ZUR7	[57, 13, 0, 13, 0, 12, 798, 0, 0]

 ### Operon type: 422

	 A0A011NA78	[0, 504, 0, 0, 0, 721, 0, 0, 859]

 ### Operon type: 423

	 A0A011P8W7	[678, 694, 708, 0, 677, 0, 0, 0, 0]

 ### Operon type: 424

	 A0A011PG97	[660, 0, 0, 659, 0, 0, 0, 0, 0]

 ### Operon type: 425

	 A0A011PKT4	[0, 481, 0, 0, 0, 0, 480, 0, 0]

 ### Operon type: 426

	 A0A011PLB2	[0, 678, 0, 482, 0, 0, 0, 0, 0]

 ### Operon type: 427

	 A0A011R339	[0, 0, 0, 0, 0, 0, 423, 422, 0]

 ### Operon type: 428

	 A0A011SFE5	[0, 0, 0, 609, 0, 0, 608, 693, 607]

 ### Operon type: 429

	 A0A011SJT5	[0, 0, 0, 599, 598, 598, 598, 598, 598]

 ### Operon type: 430

	 A0A011TDQ5	[0, 0, 0, 0, 464, 509, 0, 0, 0]

 ### Operon type: 431

	 A0A011VT01	[0, 0, 61, 0, 0, 61, 0, 0, 307]

 ### Operon type: 432

	 A0A009Z3V9	[861, 0, 0, 0, 0, 310, 514, 309, 308]

 ### Operon type: 433

	 A0A010SRB2	[42, 41, 0, 0, 0, 41, 40, 0, 0]

 ### Operon type: 434

	 A0A010KA25	[838, 0, 841, 781, 98, 0, 0, 838, 383]

 ### Operon type: 435

	 A0A011TZN1	[413, 412, 411, 0, 410, 0, 0, 0, 0]

 ### Operon type: 436

	 A0A011VJ76	[65, 65, 572, 64, 0, 861, 587, 0, 694]

 ### Operon type: 437

	 A0A011UG17	[162, 0, 260, 0, 253, 60, 0, 0, 0]

 ### Operon type: 438

	 A0A011WUA8	[542, 0, 0, 350, 0, 0, 0, 349, 349]

 ### Operon type: 439

	 A0A010S4X6	[0, 194, 860, 565, 362, 0, 523, 479, 863]

 ### Operon type: 440

	 A0A010YY02	[0, 15, 0, 0, 15, 569, 32, 0, 14]
