
 ### Operon type: 1

	 A0A010ILU3	[498, 497, 496, 534, 495, 494, 493, 492, 491]
	 A0A009QBR9	[498, 497, 496, 534, 495, 494, 492, 491, 257]
	 A0A009QS71	[498, 497, 496, 534, 495, 494, 493, 492, 491]
	 A0A009MW50	[498, 497, 496, 534, 495, 494, 493, 492, 491]
	 A0A009H3B0	[498, 497, 496, 534, 495, 494, 493, 492, 491]
	 A0A009I8S2	[498, 497, 496, 534, 495, 494, 492, 491, 257]
	 A0A009TM70	[498, 497, 496, 534, 495, 494, 492, 491, 257]

 ### Operon type: 2

	 A0A013TH43	[527, 526, 858, 525, 524, 523, 522, 521, 520]
	 A0A009RAF0	[527, 526, 858, 525, 524, 523, 522, 521, 520]

 ### Operon type: 3

	 A0A011PVT3	[767, 611, 610, 609, 748, 608, 607, 606, 605]
	 A0A011R7V7	[767, 611, 610, 609, 748, 608, 607, 606, 605]
	 A0A011MET3	[767, 611, 610, 609, 748, 608, 607, 606, 605]

 ### Operon type: 4

	 A0A013RZW2	[473, 416, 491, 415, 414, 442, 413, 412, 411]
	 A0A013SNJ8	[473, 416, 491, 415, 414, 442, 413, 412, 411]
	 A0A009IV03	[473, 416, 491, 415, 414, 442, 413, 412, 411]
	 A0A009PH20	[473, 416, 491, 415, 414, 442, 413, 412, 411]
	 A0A010J9U3	[473, 416, 491, 415, 414, 442, 413, 412, 411]
	 A0A009MMM3	[473, 416, 491, 415, 414, 442, 413, 412, 411]
	 A0A009SIZ4	[473, 416, 491, 415, 414, 442, 413, 412, 411]
	 A0A009HBT3	[473, 416, 491, 415, 414, 442, 413, 412, 411]
	 A0A009RD69	[473, 416, 491, 415, 414, 442, 413, 412, 411]
	 A0A009YIZ0	[473, 416, 491, 415, 414, 442, 413, 412, 411]

 ### Operon type: 5

	 A0A009PH57	[202, 201, -1, 200, 199, 583, 198, 462, 197]
	 A0A009TG92	[202, 201, -1, 200, 199, 583, 198, 462, 197]

 ### Operon type: 6

	 A0A013S288	[425, 410, 409, 408, 442, 407, 406, 405, 404]
	 A0A013SXT2	[425, 410, 409, 408, 442, 407, 406, 405, 404]
	 A0A009I0I9	[425, 410, 409, 408, 442, 407, 406, 405, 404]
	 A0A010J3I1	[425, 410, 409, 408, 442, 407, 406, 405, 404]
	 A0A009N031	[425, 410, 409, 408, 442, 407, 406, 405, 404]
	 A0A009PWG1	[425, 410, 409, 408, 442, 407, 406, 405, 404]
	 A0A009R2X0	[425, 410, 409, 408, 442, 407, 406, 405, 404]
	 A0A009SFX8	[425, 410, 409, 408, 46, 442, 407, 406, 405]
	 A0A009TBM2	[410, 409, 408, 46, 442, 407, 406, 405, 404]

 ### Operon type: 7

	 A0A013T8M5	[542, 723, 541, 540, 539, 538, 537, 536, 535]
	 A0A010IMP8	[542, 723, 541, 540, 539, 538, 537, 536, 535]
	 A0A013SZ54	[542, 723, 541, 540, 539, 538, 537, 536, 535]
	 A0A009IRJ6	[542, 723, 541, 540, 539, 538, 537, 536, 535]
	 A0A009N123	[542, 723, 541, 540, 539, 538, 537, 536, 535]
	 A0A009Q3K7	[542, 723, 541, 540, 539, 538, 537, 536, 535]
	 A0A009SWU0	[542, 723, 541, 540, 539, 538, 537, 536, 535]
	 A0A009H7U0	[542, 723, 541, 540, 539, 538, 537, 536, 535]
	 A0A009RBQ2	[542, 723, 541, 540, 539, 538, 537, 536, 535]
	 A0A009ZM43	[-1, 723, 541, 540, 539, 538, 537, 536, 535]

 ### Operon type: 8

	 A0A013RMD0	[-1, 358, 750, 357, 356, 758, 355, 354, 353]
	 A0A009RG92	[-1, 358, 750, 357, 356, 758, 355, 354, 353]
	 A0A009QDV7	[-1, 358, 750, 357, 356, 758, 355, 354, 353]
	 A0A009S854	[-1, 358, 750, 357, 356, 758, 355, 354, 353]
	 A0A010JDA6	[-1, 358, 750, 357, 356, 758, 355, 354, 353]
	 A0A009N9Z1	[-1, 358, 750, 357, 356, 758, 355, 354, 353]
	 A0A009H6M2	[-1, 358, 750, 357, 356, 758, 355, 354, 353]
	 A0A009IHQ3	[-1, 358, 750, 357, 356, 758, 355, 354, 353]
	 A0A009ZIC0	[97, 358, 750, 357, 356, 758, 355, 354, 353]

 ### Operon type: 9

	 A0A011UIA1	[338, 337, 336, 335, 334, 333, 332, 331, 0]
	 A0A011V5V3	[0, 338, 337, 336, 335, 334, 333, 332, 331]

 ### Operon type: 10

	 A0A011PTE7	[626, 625, 624, 623, 622, 0, 621, 620, 619]
	 A0A011NE72	[626, 625, 624, 623, 622, 621, 620, 619, 0]

 ### Operon type: 11

	 A0A010JWJ1	[297, 296, 754, 295, 294, 293, 292, 291, 290]
	 A0A009I4A1	[297, 296, 754, 295, 294, 293, 292, 291, 290]

 ### Operon type: 12

	 A0A009QF22	[142, 141, 297, 0, 294, 293, 292, 291, 290]
	 A0A009TBY8	[142, 141, 297, 295, 294, 293, 292, 291, 290]

 ### Operon type: 13

	 A0A011NEY3	[563, 679, 678, 677, 677, 676, 675, 674, 0]

 ### Operon type: 14

	 A0A011PAN4	[679, 678, 0, 677, 677, 676, 675, 674, 673]

 ### Operon type: 15

	 A0A011RCD5	[563, 679, 678, 677, 677, 676, 675, 674, 673]

 ### Operon type: 16

	 A0A011P4U7	[0, 736, 735, 734, 733, 732, 731, 730, 729]
	 A0A011NAY5	[736, 735, 734, 733, 732, 731, 730, 729, 0]

 ### Operon type: 17

	 A0A011NBX7	[701, 700, 699, 698, 697, 696, 0, 0, 0]
	 A0A011PF67	[701, 700, 699, 698, 697, 0, 0, 0, 0]
	 A0A011NW66	[701, 700, 699, 698, 697, 696, 0, 0, 0]

 ### Operon type: 18

	 A0A011NS68	[701, 700, 699, 698, 697, 681, 680, 688, 741]
	 A0A011RHX4	[701, 700, 699, 698, 697, 681, 680, 688, 0]

 ### Operon type: 19

	 A0A010YT39	[0, 686, 33, 749, 32, 31, 30, 29, 441]

 ### Operon type: 20

	 A0A010Z7T4	[33, 749, 32, 31, 30, 29, 441, 746, 633]

 ### Operon type: 21

	 A0A013SP43	[368, 367, 413, 366, 365, 364, 363, 362, 361]
	 A0A010K6G6	[368, 367, 413, 366, 365, 364, 363, 0, 361]
	 A0A009RUN3	[368, 367, 413, 366, 365, 364, 363, 362, 361]

 ### Operon type: 22

	 A0A011VWR4	[0, 0, 0, 0, 287, 286, 285, 284, 283]

 ### Operon type: 23

	 A0A011VYP6	[287, 286, 285, 284, 283, 0, 282, 609, 0]

 ### Operon type: 24

	 A0A011QAS2	[0, 781, 780, 779, 778, 777, 776, 775, 774]
	 A0A011NEQ1	[0, 781, 780, 779, 778, 777, 776, 775, 774]

 ### Operon type: 25

	 A0A010JSI3	[766, 765, 764, 763, 762, 761, 760, 759, 0]
	 A0A013T0M4	[766, 765, 764, 763, 762, 761, 760, 759, 0]
	 A0A009RGL2	[766, 765, 764, 763, 762, 761, 760, 759, 298]
	 A0A009HDS5	[766, 765, 764, 763, 762, 761, 760, 759, 298]

 ### Operon type: 26

	 A0A009SNL0	[78, 77, 443, 185, 184, 183, 182, 181, 180]

 ### Operon type: 27

	 A0A009T1I8	[443, 185, 184, 183, 182, 181, 180, 0, 0]

 ### Operon type: 28

	 A0A011VW71	[0, 134, 133, 132, 131, 130, 129, 848, 128]
	 A0A011VUV0	[134, 133, 132, 131, 130, 129, 848, 128, 0]

 ### Operon type: 29

	 A0A011UG71	[123, 273, 122, 127, 126, 274, 125, 272, 124]

 ### Operon type: 30

	 A0A011V8Z7	[0, 0, 123, 273, 122, 127, 126, 274, 125]

 ### Operon type: 31

	 A0A011V8Y9	[127, 126, 274, 125, 272, 124, 0, 0, 0]

 ### Operon type: 32

	 A0A011U8C0	[0, 274, 273, 0, 459, 272, 0, 0, 0]

 ### Operon type: 33

	 A0A011QSF0	[0, 824, 823, 822, 821, 820, 819, 818, 0]
	 A0A011QBB5	[669, 824, 823, 822, 821, 820, 819, 818, 587]
	 A0A011Q0X6	[669, 824, 823, 822, 821, 820, 819, 818, 587]
	 A0A011Q1X8	[824, 0, 823, 822, 821, 820, 819, 818, 587]

 ### Operon type: 34

	 A0A011PG87	[669, 824, 823, 822, 821, 820, 819, 0, 0]

 ### Operon type: 35

	 A0A011PCT1	[814, 813, 869, 0, 0, 0, 0, 865, 0]

 ### Operon type: 36

	 A0A011QU35	[0, 0, 0, 0, 871, 0, 814, 813, 869]

 ### Operon type: 37

	 A0A011Q2B1	[815, 728, 871, 870, 869, 868, 867, 866, 865]

 ### Operon type: 38

	 A0A011RLN8	[872, 873, 871, 870, 869, 868, 867, 866, 865]

 ### Operon type: 39

	 A0A011P700	[0, 0, 817, 816, 815, 728, 871, 870, 869]

 ### Operon type: 40

	 A0A011QSI4	[0, 0, 817, 816, 815, 0, 872, 873, 871]

 ### Operon type: 41

	 A0A013T337	[705, 755, 557, 556, 555, 796, 554, 799, 553]
	 A0A013TH30	[705, 755, 557, 556, 555, 796, 554, 799, 553]
	 A0A013S981	[393, 705, 755, 557, 556, 555, 796, 554, 799]

 ### Operon type: 42

	 A0A010JY00	[393, 705, 755, 557, 289, 796, 554, 799, 553]

 ### Operon type: 43

	 A0A013TPV4	[375, 374, 373, 372, 371, 370, 842, 754, 369]
	 A0A009MGJ1	[375, 374, 373, 372, 371, 370, 842, 754, 369]
	 A0A009QQ47	[375, 374, 373, 372, 371, 370, 842, 754, 369]
	 A0A009SZB5	[375, 374, 373, 372, 371, 370, 842, 754, 369]
	 A0A010IZE4	[375, 374, 373, 372, 371, 370, 842, 754, 369]
	 A0A009HL81	[375, 374, 373, 372, 371, 370, 842, 754, 369]
	 A0A009HR98	[375, 374, 373, 372, 371, 370, 842, 754, 369]

 ### Operon type: 44

	 A0A009Z8F7	[374, 373, 370, 0, 371, 5, 5, 0, 47]

 ### Operon type: 45

	 A0A009HFU9	[101, 100, 99, 98, 97, 519, 96, 95, 0]
	 A0A009R016	[101, 100, 99, 98, 97, -1, 519, 96, 95]

 ### Operon type: 46

	 A0A011UJN3	[0, 488, 0, 0, 451, 450, 449, 448, 447]

 ### Operon type: 47

	 A0A011W213	[451, 450, 449, 448, 447, 641, 0, 0, 0]

 ### Operon type: 48

	 A0A011QUG8	[812, 811, 810, 809, 808, 807, 0, 806, 805]
	 A0A011QIT1	[812, 811, 810, 809, 808, 807, 806, 805, 795]

 ### Operon type: 49

	 A0A011NVE7	[639, 638, 637, 706, 707, 708, 709, 710, 711]
	 A0A011PP01	[639, 638, 637, 706, 707, 708, 709, 710, 711]

 ### Operon type: 50

	 A0A011N9N8	[783, 713, 712, 711, 710, 709, 708, 707, 706]
	 A0A011P2I4	[783, 713, 712, 711, 710, 709, 708, 707, 706]

 ### Operon type: 51

	 A0A011PIY7	[691, 0, 712, 711, 710, 709, 708, 0, 706]

 ### Operon type: 52

	 A0A011Q3J4	[0, 691, 712, 711, 710, 709, 708, 707, 0]

 ### Operon type: 53

	 A0A011MH88	[692, 691, 712, 711, 710, 709, 708, 707, 706]

 ### Operon type: 54

	 A0A013SPM5	[551, 550, 549, 548, 547, 546, 545, 544, 543]
	 A0A010IX62	[551, 550, 549, 548, 547, 546, 545, 544, 543]
	 A0A009QFZ7	[551, 550, 549, 548, 547, 546, 545, 544, 543]
	 A0A009MH71	[551, 550, 549, 548, 547, 546, 545, 544, 543]
	 A0A009HSL1	[551, 550, 549, 548, 547, 546, 545, 544, 543]
	 A0A009I6Z0	[551, 550, 549, 548, 547, 546, 545, 544, 543]
	 A0A009TK03	[551, 550, 549, 548, 547, 546, 545, 544, 543]

 ### Operon type: 55

	 A0A009ZIX8	[0, 6, 549, 548, 547, 25, 0, 543, 0]

 ### Operon type: 56

	 A0A010JJN4	[512, 511, 510, 509, 508, 507, 506, 725, 714]
	 A0A013TPR7	[512, 511, 510, 509, 508, 507, 506, 725, 714]
	 A0A009PMT3	[512, 511, 510, 509, 508, 507, 506, 725, 714]
	 A0A009NI48	[512, 511, 510, 509, 508, 507, 506, 725, -1]
	 A0A009SEP4	[512, 511, 510, 509, 508, 0, 507, 506, 0]
	 A0A009RMI1	[512, 511, 510, 509, 508, 507, 506, 725, 0]
	 A0A009HJJ5	[512, 511, 510, 509, 508, 507, 506, 725, 65]
	 A0A009I8I7	[512, 511, 510, 509, 508, 507, 506, 725, 65]
	 A0A009YG45	[0, 512, 511, 510, 508, 0, 507, 506, 725]

 ### Operon type: 57

	 A0A013S8F0	[401, 400, 399, 398, 397, 754, 684, 403, 715]
	 A0A013TPQ9	[401, 400, 399, 398, 397, 754, 684, 403, 715]
	 A0A010IZH1	[-1, 400, 399, 398, 397, 754, 684, 403, 715]
	 A0A009PMU2	[401, 400, 399, -1, 397, 754, 684, 403, 715]
	 A0A009SZ84	[401, 400, 399, 398, 397, 754, 684, 403, 715]
	 A0A009HJM0	[401, 400, 399, 398, 397, 754, 684, 403, 715]

 ### Operon type: 58

	 A0A009HUS9	[400, 399, 0, 398, 397, 241, -1, 242, 243]

 ### Operon type: 59

	 A0A009ISE1	[507, 506, 725, 243, 242, -1, 241, 397, 398]

 ### Operon type: 60

	 A0A009NPS1	[401, 400, 399, 398, 397, -1, 725, 506, 507]

 ### Operon type: 61

	 A0A013SB36	[392, 391, 390, 389, 388, 616, 615, 387, 386]
	 A0A009QSI3	[392, 391, 390, 389, 388, 616, 615, 387, -1]

 ### Operon type: 62

	 A0A010ITP2	[392, 391, 390, 389, 388, 616, 615, 0, 0]

 ### Operon type: 63

	 A0A009SII9	[-1, 391, 390, 389, 388, 616, 615, 188, 187]

 ### Operon type: 64

	 A0A009T0Q9	[388, 616, 615, 188, 187, 386, 692, 754, 186]

 ### Operon type: 65

	 A0A009YJF4	[0, 616, 615, 85, 84, 692, 754, 0, 186]

 ### Operon type: 66

	 A0A009GP96	[0, 94, 754, 746, 288, 93, 519, 92, 91]

 ### Operon type: 67

	 A0A009GSR4	[746, 288, 93, 519, 92, 91, 91, 90, 0]

 ### Operon type: 68

	 A0A009IIT6	[94, 754, 746, 288, 92, 91, 91, 90, 0]

 ### Operon type: 69

	 A0A011SQL0	[740, 461, -1, 460, 459, 458, 457, 456, 455]
	 A0A011UZ49	[461, -1, 460, 459, 458, 457, 456, 455, 0]

 ### Operon type: 70

	 A0A009PT82	[713, 588, 172, 171, 246, 245, 244, 170, 169]
	 A0A009SIF9	[713, 588, 172, 171, 246, 245, 244, 170, 169]

 ### Operon type: 71

	 A0A009IS10	[247, 0, 0, 0, 246, 245, 244, 0, 0]

 ### Operon type: 72

	 A0A009QHW5	[0, 0, 0, 498, 246, 245, 244, 0, 140]

 ### Operon type: 73

	 A0A011UVB4	[0, 0, 0, 175, 0, 0, 247, 0, 128]

 ### Operon type: 74

	 A0A011V107	[344, -1, 420, 418, 421, 417, 343, 342, 0]
	 A0A011U7M7	[0, 344, -1, 420, 418, 421, 417, 343, 342]

 ### Operon type: 75

	 A0A011TLH0	[422, 421, 420, 419, 418, 417, 0, 0, 0]

 ### Operon type: 76

	 A0A011UG87	[579, 580, 581, 422, 421, 420, 419, 418, 417]

 ### Operon type: 77

	 A0A011TLH7	[581, 580, 579, 0, 0, 0, 0, 0, 0]

 ### Operon type: 78

	 A0A011TWN2	[578, 577, 576, 575, 574, 573, 572, 0, 0]
	 A0A011TAF9	[0, 0, 578, 577, 576, 575, 574, 573, 572]

 ### Operon type: 79

	 A0A011Q5V7	[790, 0, 0, 0, 864, 863, 862, 861, 860]

 ### Operon type: 80

	 A0A011RM25	[864, 863, 862, 861, 860, 859, 0, 858, 0]

 ### Operon type: 81

	 A0A011QIE8	[604, 603, 602, 684, 601, 600, 599, 0, 0]
	 A0A011QDV3	[604, 603, 602, 684, 601, 600, 588, 0, 599]

 ### Operon type: 82

	 A0A011QAB0	[787, 786, 785, 0, 784, 783, 847, 782, 0]
	 A0A011PL71	[650, 787, 786, 785, 784, 783, 847, 782, 0]

 ### Operon type: 83

	 A0A011Q6N5	[833, 832, 831, 0, 0, 0, 789, 788, 789]

 ### Operon type: 84

	 A0A011SGD5	[0, 0, 0, 0, 0, 0, 833, 832, 831]

 ### Operon type: 85

	 A0A011NYU6	[585, 584, 0, 583, 632, 27, 26, 0, 582]

 ### Operon type: 86

	 A0A011PYI6	[585, 584, 0, 583, 632, 582, 753, 835, 0]

 ### Operon type: 87

	 A0A011P1C0	[0, 0, 27, 26, 582, 0, 0, 0, 0]

 ### Operon type: 88

	 A0A011PKU5	[656, 655, 654, 653, 654, 652, 651, 0, 0]
	 A0A011N4G4	[0, 0, 656, 655, 654, 653, 654, 652, 651]

 ### Operon type: 89

	 A0A010ZWJ8	[21, 20, 19, 633, 18, 722, 566, 722, 17]

 ### Operon type: 90

	 A0A011AHW1	[18, 633, 19, 20, 21, 0, 0, 22, 0]

 ### Operon type: 91

	 A0A011AHU9	[566, 722, 17, 0, 0, 0, 0, 9, 692]

 ### Operon type: 92

	 A0A010ZX98	[16, 15, 14, 13, 12, 11, 684, 684, 0]

 ### Operon type: 93

	 A0A011AIL7	[12, 13, 14, 15, 16, 0, 0, 0, 0]

 ### Operon type: 94

	 A0A010YF95	[791, 38, 806, 37, 36, 36, 35, 452, 34]

 ### Operon type: 95

	 A0A010ZJQ6	[38, 806, 37, 36, 36, 35, 452, 34, 0]

 ### Operon type: 96

	 A0A009GXL8	[88, 87, 86, 85, 84, 295, 117, 139, 138]

 ### Operon type: 97

	 A0A010JIW7	[88, 87, 86, 85, 84, 0, 0, 117, 139]

 ### Operon type: 98

	 A0A011QNA5	[0, 598, 597, 596, 0, 595, 594, 593, 592]
	 A0A009ZLJ7	[592, 593, 594, 595, 0, 0, 598, 597, 596]

 ### Operon type: 99

	 A0A013T0T6	[595, 594, 593, 592, 562, 561, 560, 559, 558]
	 A0A009ISY0	[595, 594, 593, 592, 562, 240, 560, 559, 558]
	 A0A009QMH5	[595, 594, 593, 592, 562, 561, 560, 559, 558]
	 A0A009PE10	[595, 594, 593, 592, 562, 240, 560, 559, -1]
	 A0A009HAX1	[595, 594, 593, 592, 562, 561, 560, 559, 558]
	 A0A009RMD0	[595, 594, 593, 592, 562, 240, 560, 559, 558]

 ### Operon type: 100

	 A0A010ILW6	[595, 594, 593, 592, 562, 561, 0, 0, 559]

 ### Operon type: 101

	 A0A009Z9X7	[594, 593, 592, 0, 562, 0, 803, 0, 559]

 ### Operon type: 102

	 A0A013S8V2	[396, 395, 0, 0, 0, 394, 0, 0, 0]
	 A0A009R8E1	[0, 57, 0, 396, 395, 0, 0, 394, 0]

 ### Operon type: 103

	 A0A009ICH6	[473, 162, 161, 160, 289, 64, 63, 62, 799]
	 A0A009ZFR5	[473, 162, 161, 160, 289, 64, 63, 62, 799]

 ### Operon type: 104

	 A0A009NQA1	[473, 162, 161, 160, 159, 158, 557, 799, 796]
	 A0A009RR21	[473, 162, 161, 160, 159, 158, 557, 799, 796]

 ### Operon type: 105

	 A0A009HTN9	[473, 162, 161, 160, 159, 158, 81, 768, 80]
	 A0A009T3J5	[473, 162, 161, 160, 159, 158, 81, 768, 80]

 ### Operon type: 106

	 A0A009Q0U9	[473, 162, 161, 160, 159, 158, -1, -1, 0]

 ### Operon type: 107

	 A0A009QEG7	[256, 255, 254, 253, 252, 251, 250, 249, 248]
	 A0A009IPC3	[256, 255, 254, 253, 252, 251, 250, 249, 248]

 ### Operon type: 108

	 A0A009I573	[115, 0, 223, 224, 0, 225, 252, 253, 254]

 ### Operon type: 109

	 A0A009ILP9	[249, 0, 254, 253, 252, 225, 248, 224, 223]

 ### Operon type: 110

	 A0A009I953	[249, 0, 254, 253, 252, 225, 248, 0, -1]

 ### Operon type: 111

	 A0A009SX74	[667, 741, 0, 224, 248, 249, 255, 256, 79]

 ### Operon type: 112

	 A0A010IPH1	[487, 486, 704, 485, 484, 483, 482, 481, 480]
	 A0A009MMG9	[487, 486, 704, 485, 484, 483, 482, 481, 480]
	 A0A009ICP5	[487, 486, 704, 485, 484, 483, 482, 481, 480]
	 A0A009QVK8	[487, 486, 704, 485, 484, 483, 482, 481, 480]

 ### Operon type: 113

	 A0A009SIV4	[176, 177, 178, 116, 484, 483, 482, 481, 480]
	 A0A009HTW0	[176, 177, 178, 116, 484, 483, 482, 481, 480]
	 A0A009QLL2	[176, 177, 178, 116, 484, 483, 482, 481, 480]
	 A0A013TSJ4	[177, 178, 0, 116, 484, 483, 482, 481, 480]

 ### Operon type: 114

	 A0A013TCN9	[534, 533, 532, 531, 530, 529, 528, 754, 684]
	 A0A009QNC9	[534, 533, 532, 531, 530, 529, 528, 754, 684]
	 A0A010ITG1	[534, 533, 532, 531, 530, 529, 528, 754, 684]
	 A0A009NIJ3	[534, 533, 532, 531, 530, 529, 528, 754, 684]
	 A0A013TRC1	[534, 533, 532, 531, 530, 529, 528, 754, 684]

 ### Operon type: 115

	 A0A009H935	[0, 0, 532, 531, 530, 529, 528, 754, 684]

 ### Operon type: 116

	 A0A009IMX3	[479, 478, 477, 476, 475, 220, 220, 835, 219]
	 A0A009QEX0	[479, 478, 477, 476, 475, 220, 220, 835, 219]
	 A0A009SF48	[479, 478, 477, 476, 475, -1, 220, 835, 219]

 ### Operon type: 117

	 A0A010ISX2	[479, 478, 477, 476, 475, 474, 473, 472, 471]
	 A0A013S7V1	[479, 478, 477, 476, 475, 474, 473, 472, 471]
	 A0A009RES7	[479, 478, 477, 476, 475, 474, 473, 472, 471]
	 A0A009MR00	[479, 478, 477, 476, 475, 474, 473, 472, 471]

 ### Operon type: 118

	 A0A009YTT3	[3, 97, 477, 476, 475, 474, 473, 472, 471]

 ### Operon type: 119

	 A0A009GYP9	[0, 0, 0, 476, 475, 474, 473, 472, 471]

 ### Operon type: 120

	 A0A009ZZC8	[-1, 77, 78, 3, 97, 477, 476, 475, 474]

 ### Operon type: 121

	 A0A011WSE5	[322, 321, 320, 319, 318, 317, 316, 315, 438]
	 A0A011UGX8	[136, 322, 321, 320, 319, 318, 317, 316, 315]

 ### Operon type: 122

	 A0A011VZG0	[437, 0, 136, 322, 321, 320, 319, 318, 317]

 ### Operon type: 123

	 A0A009PJF7	[196, 195, 195, 194, 193, 192, 191, 190, 189]
	 A0A009SJZ7	[175, 196, 195, 194, 193, 192, 191, 190, 189]

 ### Operon type: 124

	 A0A009Z5G0	[192, 194, 195, 0, 464, 196, 175, 360]

 ### Operon type: 125

	 A0A010JJC1	[829, 505, 504, 503, 502, 501, 500, 513, 499]
	 A0A010IZ41	[505, 504, 503, 502, 501, 500, 513, 499, 413]

 ### Operon type: 126

	 A0A009QJL6	[829, 505, 504, 503, 0, 499, 413, 137, 0]

 ### Operon type: 127

	 A0A013SGL3	[385, 384, 383, 382, 381, 713, 486, 738, 380]
	 A0A013TB41	[385, -1, 383, 382, 381, 713, 486, 738, 380]
	 A0A010KAV2	[385, 384, 383, 382, 381, 713, 486, 738, 380]
	 A0A009PG53	[385, 384, 383, 382, 381, 713, 486, 738, 380]
	 A0A009NE81	[385, 384, 383, 382, 381, 713, 486, 738, 380]
	 A0A009RQH3	[385, 384, 383, 382, 381, 713, 486, 738, 380]
	 A0A009I5Z6	[385, 384, 383, 382, 381, 713, 486, 738, 380]
	 A0A009SHB3	[385, 384, 383, 382, 381, 713, 486, 738, 380]

 ### Operon type: 128

	 A0A009H3X4	[385, 384, 383, 382, 381, 713, -1, 756, -1]

 ### Operon type: 129

	 A0A009PIB4	[0, 0, 0, 168, 167, 166, 519, 754, 783]
	 A0A009SLR5	[0, 0, 0, 168, 167, 166, 519, 754, 783]

 ### Operon type: 130

	 A0A009HSU4	[0, 0, 649, 754, 0, 713, 738, 783, 519]

 ### Operon type: 131

	 A0A009I463	[843, 67, 66, 442, 442, 441, 440, 439, 157]
	 A0A009PAG1	[843, 67, 66, 442, 442, 441, 440, 439, 157]

 ### Operon type: 132

	 A0A013SKX6	[0, 0, 843, 0, 442, 442, 441, 440, 439]

 ### Operon type: 133

	 A0A011Q5S3	[795, 794, 0, 0, 0, 0, 793, 792, 791]

 ### Operon type: 134

	 A0A011UZZ4	[0, 793, 792, 0, 0, 0, 349, 349, 791]

 ### Operon type: 135

	 A0A011UTJ0	[0, 0, 0, 109, 108, 107, 731, 106, 105]

 ### Operon type: 136

	 A0A011VMV7	[109, 108, 107, 731, 106, 105, 330, 329, 328]

 ### Operon type: 137

	 A0A011NYT4	[752, 727, 726, 725, 0, 617, 617, 616, 615]

 ### Operon type: 138

	 A0A011P8E9	[0, 0, 752, 727, 0, 726, 725, 0, 0]

 ### Operon type: 139

	 A0A010TF34	[0, -1, 0, 0, 53, 52, 51, 50, 49]
	 A0A010SYH9	[53, 52, 51, 50, 49, 0, 0, 0, 0]

 ### Operon type: 140

	 A0A010S7A1	[148, 147, 146, 145, 0, 144, 0, 0, 0]
	 A0A010TFJ4	[0, -1, 0, 148, 147, 146, 145, -1, 144]

 ### Operon type: 141

	 A0A009PAV9	[217, -1, 704, 216, 442, 519, 215, 214, 213]
	 A0A009HJC2	[217, 684, 704, 216, 442, 519, 215, 214, 213]

 ### Operon type: 142

	 A0A009SE02	[0, 213, 0, 0, 0, 214, 215, 519, 442]

 ### Operon type: 143

	 A0A009RSB7	[738, 473, 717, 470, 203, 754, 754, 468, 467]
	 A0A009HS41	[738, 473, 717, 470, 203, 754, 754, 468, 467]
	 A0A009SYU8	[738, 473, 717, 470, 203, 754, 754, 468, 467]

 ### Operon type: 144

	 A0A010IT25	[738, 473, 717, 470, 469, 754, 754, 468, 467]
	 A0A013SHA9	[738, 473, 717, 470, 469, 754, 754, 468, 467]
	 A0A009I466	[738, 473, 717, 470, 469, 754, 754, 468, 467]

 ### Operon type: 145

	 A0A009NMQ9	[738, 473, 717, 470, 469, 0, 754, 754, 468]

 ### Operon type: 146

	 A0A009P8A9	[0, 0, 717, 470, 203, 754, 754, 468, 467]

 ### Operon type: 147

	 A0A009ITT8	[239, 238, 237, 304, 303, 236, 302, 301, 300]
	 A0A009NJ90	[239, 238, 237, 304, 303, 226, 236, 302, 301]

 ### Operon type: 148

	 A0A009NCH6	[234, 302, 301, 300, 233, 232, 231, 119, 118]
	 A0A009IJ01	[302, 301, 300, 299, 233, 232, 231, 119, 118]

 ### Operon type: 149

	 A0A009RQL5	[302, 301, 300, 83, 233, 232, 231, 119, 0]

 ### Operon type: 150

	 A0A009MGQ8	[303, 0, 234, 302, 301, 300, 233, 232, 231]

 ### Operon type: 151

	 A0A009IJ07	[307, 306, 305, 304, 303, 302, 301, 300, 299]
	 A0A009S6G1	[307, 306, 305, 304, 303, 302, 301, 300, 233]
	 A0A009RHH7	[307, 306, 305, 304, 303, 226, 302, 301, 300]

 ### Operon type: 152

	 A0A009HZK2	[305, 304, 303, 302, 301, 300, 299, 233, 232]

 ### Operon type: 153

	 A0A009R4N4	[304, 303, 226, 302, 301, 300, 83, 233, 232]

 ### Operon type: 154

	 A0A009S5A5	[303, 226, 236, 302, 301, 300, 299, 82, 233]

 ### Operon type: 155

	 A0A009RHH9	[0, 0, 0, 0, 327, 307, 306, 305, 304]

 ### Operon type: 156

	 A0A011PGU1	[0, 0, 666, 665, 664, 663, 662, 661, 660]
	 A0A011MDH1	[613, 0, 666, 665, 664, 663, 662, 661, 660]

 ### Operon type: 157

	 A0A011V0P4	[379, 348, 0, 0, 347, 0, 0, 346, 345]

 ### Operon type: 158

	 A0A011WPV7	[346, 345, 0, 0, 0, 0, 0, 0, 0]

 ### Operon type: 159

	 A0A011UDF3	[665, 270, 0, 0, 0, 571, 269, 268, 828]

 ### Operon type: 160

	 A0A011VSC9	[269, 268, 828, 0, 0, 0, 0, 0, 0]

 ### Operon type: 161

	 A0A011SF89	[840, 839, 838, 0, 0, 0, 0, 0, 0]

 ### Operon type: 162

	 A0A011UCX7	[0, 787, 840, 839, 0, 838, 271, 0, 0]

 ### Operon type: 163

	 A0A011RNP9	[0, 0, 0, 0, 0, 848, 847, 0, 0]

 ### Operon type: 164

	 A0A011V0B5	[843, 0, 0, 0, 0, 0, 848, 0, 0]

 ### Operon type: 165

	 A0A011RQC9	[0, 843, 842, 0, 0, 0, 0, 841, 0]

 ### Operon type: 166

	 A0A011QG28	[591, 590, 665, 0, 664, 663, 723, 589, 724]
	 A0A011RIM8	[591, 590, 0, 0, 664, 663, 723, 589, 724]

 ### Operon type: 167

	 A0A011PHI6	[745, 0, 744, 0, 0, 743, 809, 742, 0]

 ### Operon type: 168

	 A0A011QI68	[0, 0, 744, 743, 0, 0, 0, 0, 0]

 ### Operon type: 169

	 A0A011NVJ6	[636, 772, 771, 770, 769, 768, 0, 0, 635]

 ### Operon type: 170

	 A0A011PVP2	[0, 772, 771, 770, 769, 768, 0, 0, 767]

 ### Operon type: 171

	 A0A011NXY7	[0, 0, 771, 0, 769, 0, 0, 0, 0]

 ### Operon type: 172

	 A0A011QR69	[801, 800, 799, 798, 797, 796, 0, 0, 0]
	 A0A011NUB4	[801, 800, 799, 798, 797, 796, 0, 641, 0]

 ### Operon type: 173

	 A0A011NN36	[800, 799, 0, 0, 797, 796, 0, 0, 0]

 ### Operon type: 174

	 A0A011PK69	[799, 659, 0, 0, 797, 796, 0, 0, 0]

 ### Operon type: 175

	 A0A011RMI6	[857, 856, 855, 854, 853, 852, 851, 850, 849]
	 A0A011NYD6	[857, 856, 855, 854, 853, 852, 851, 850, 849]

 ### Operon type: 176

	 A0A011QB28	[773, 857, 856, 0, 0, 852, 851, 850, 849]

 ### Operon type: 177

	 A0A011NF33	[0, 852, 851, 0, 0, 0, 0, 0, 0]

 ### Operon type: 178

	 A0A011NBY4	[695, 0, 0, 694, 0, 0, 693, 0, 0]

 ### Operon type: 179

	 A0A011WRT0	[695, 0, 0, 0, 0, 0, 0, 835, 0]

 ### Operon type: 180

	 A0A011SHV5	[0, 0, 0, 0, 0, 830, 835, 829, 0]

 ### Operon type: 181

	 A0A011NB95	[0, 804, 0, 0, 0, 0, 704, 703, 702]

 ### Operon type: 182

	 A0A011UHT4	[137, 135, 703, 0, 0, 55, 55, 702, 0]

 ### Operon type: 183

	 A0A010Z1W7	[0, 0, 0, 0, 0, 69, 0, 377, 378]

 ### Operon type: 184

	 A0A011VY84	[0, 0, 378, 377, 0, 0, 0, 0, 0]

 ### Operon type: 185

	 A0A010YW85	[0, 0, 0, 0, 0, 427, 0, 377, 378]

 ### Operon type: 186

	 A0A010ZMA0	[377, 716, 0, 0, 0, 0, 0, 0, 0]

 ### Operon type: 187

	 A0A011N5L2	[0, 0, 0, 716, 0, 715, 714, 0, 0]

 ### Operon type: 188

	 A0A009MJ75	[0, 0, 157, 156, 155, 0, 0, 0, 746]

 ### Operon type: 189

	 A0A010IH51	[0, 480, 0, 0, 155, 0, 746, 0, 0]

 ### Operon type: 190

	 A0A011TYT7	[0, 0, 0, 0, 0, 0, 480, 453, 453]

 ### Operon type: 191

	 A0A010RRR9	[0, 0, 0, 0, 748, 0, 0, 747, 746]

 ### Operon type: 192

	 A0A010SIA7	[0, 0, 747, 145, 0, 0, 0, 0, 0]

 ### Operon type: 193

	 A0A010RFQ9	[0, 0, 758, 0, 757, 0, 0, 0, 0]

 ### Operon type: 194

	 A0A010SPR9	[44, 44, 0, 0, 0, 757, 0, 0, 0]

 ### Operon type: 195

	 A0A009LNU8	[308, 310, 457, 311, 0, 235, 0, 519, 0]

 ### Operon type: 196

	 A0A013SRG6	[312, 311, 457, 310, 0, 309, 0, 308, 683]

 ### Operon type: 197

	 A0A009IQU8	[0, 310, 0, 0, 0, 309, 683, 0, 0]

 ### Operon type: 198

	 A0A010K2K8	[457, 311, 312, 0, 0, 0, 0, -1, 519]

 ### Operon type: 199

	 A0A011NPR8	[0, 683, 0, 0, 0, 0, 682, 0, 0]

 ### Operon type: 200

	 A0A010SEA2	[794, 682, 143, 0, 0, 0, 0, 0, 0]

 ### Operon type: 201

	 A0A010IGH8	[0, 0, 0, 0, 0, 0, 0, 350, 468]

 ### Operon type: 202

	 A0A010STD3	[0, 0, 0, 570, 569, 568, 0, 468, 350]

 ### Operon type: 203

	 A0A010SQJ5	[402, 485, 0, 570, 569, 568, 0, 0, 0]

 ### Operon type: 204

	 A0A013RVV2	[534, 0, 352, 351, 0, 0, 468, 350, 0]

 ### Operon type: 205

	 A0A011TD67	[571, 0, 0, 570, 569, 568, 567, 0, 566]

 ### Operon type: 206

	 A0A009ZC12	[0, 0, 0, 570, 0, 568, 567, 4, 826]

 ### Operon type: 207

	 A0A009YSC7	[0, 0, 693, 1, 0, 1, 352, 351, 0]

 ### Operon type: 208

	 A0A009ZJK4	[0, 0, 0, 0, 0, 0, 473, 41, 0]

 ### Operon type: 209

	 A0A010SVN1	[-1, 41, 754, 258, 423, 0, 0, 473, 0]

 ### Operon type: 210

	 A0A009PFK7	[209, 208, 207, 206, 205, 0, 0, 204, 0]
	 A0A009QGN4	[209, 208, 207, 206, 205, 204, 0, 0, 0]

 ### Operon type: 211

	 A0A009YR20	[0, 204, 0, 0, 0, 0, 208, 0, 0]

 ### Operon type: 212

	 A0A009SCM5	[76, 75, 74, 0, 0, 0, 0, 0, 0]

 ### Operon type: 213

	 A0A009TJ77	[79, 174, 0, 0, 0, 0, 76, 75, 74]

 ### Operon type: 214

	 A0A009HZV2	[0, 0, 0, 0, 230, 229, 226, 0, 0]

 ### Operon type: 215

	 A0A009QPE7	[0, 0, 0, 0, 230, 229, 0, 0, 0]

 ### Operon type: 216

	 A0A009MGR3	[0, 0, 266, 0, 552, 82, 98, 265, 264]

 ### Operon type: 217

	 A0A009Q4G0	[0, 267, 266, 0, 552, 0, 265, 264, 265]

 ### Operon type: 218

	 A0A009PB53	[0, 0, 212, 211, 552, 265, 264, 265, 210]

 ### Operon type: 219

	 A0A009PUJ8	[0, 212, 211, 552, 0, 210, 117, 139, 138]

 ### Operon type: 220

	 A0A009QQC0	[228, 0, 227, 754, 444, 444, 259, 403, 258]
	 A0A009H7I0	[228, 0, 0, 754, 444, 444, 259, 403, 258]

 ### Operon type: 221

	 A0A009MVG4	[227, 0, 445, 754, 444, 444, 259, 403, 258]

 ### Operon type: 222

	 A0A009QA91	[261, 260, 738, 754, 444, 444, 259, 403, 258]
	 A0A010J377	[261, 260, 738, 754, 444, 444, 259, 403, 258]

 ### Operon type: 223

	 A0A009S1X4	[261, 260, 738, 754, 444, 444, 754, 0, 198]

 ### Operon type: 224

	 A0A013SHF4	[0, 0, 445, 754, 444, 444, 0, 443, 0]

 ### Operon type: 225

	 A0A011PJK8	[649, 648, 647, 646, 645, 644, 0, 0, 0]
	 A0A011N3C3	[0, 0, 0, 649, 648, 647, 646, 645, 644]

 ### Operon type: 226

	 A0A011WKI4	[0, 0, 0, 0, 0, 687, 279, 278, 281]
	 A0A011UWH1	[687, 279, 278, 281, 0, 0, 0, 0, 0]

 ### Operon type: 227

	 A0A010YKP2	[0, 0, 0, 0, 0, 0, 635, 341, 0]

 ### Operon type: 228

	 A0A011V1A2	[348, 0, 0, 341, 0, 0, 0, 0, 0]

 ### Operon type: 229

	 A0A011NGS0	[0, 0, 0, 0, 685, 719, 0, 0, 0]

 ### Operon type: 230

	 A0A011PW61	[0, 0, 0, 0, 685, 719, 0, 0, 586]

 ### Operon type: 231

	 A0A011UXI1	[0, 657, 0, 0, 685, 719, 565, 0, 0]

 ### Operon type: 232

	 A0A011SWI9	[-1, -1, 0, 745, 685, 719, 565, -1, -1]

 ### Operon type: 233

	 A0A011P952	[719, 0, 718, 0, 0, 718, 0, 0, 0]

 ### Operon type: 234

	 A0A011QVV5	[0, 0, 614, 742, 643, 642, 643, 767, 613]
	 A0A011Q1B3	[614, 742, 643, 642, 643, 767, 613, 0, 0]

 ### Operon type: 235

	 A0A011NSG8	[0, 0, 0, 742, 643, 642, 0, 643, 0]

 ### Operon type: 236

	 A0A011P0X4	[0, 0, 613, 0, 643, 0, 0, 642, 57]

 ### Operon type: 237

	 A0A010YNY9	[0, 0, 70, 28, 0, 0, 0, 0, 58]

 ### Operon type: 238

	 A0A011AC71	[198, 0, 0, 426, 0, 70, 28, 0, 738]

 ### Operon type: 239

	 A0A011PRW6	[628, 0, 0, 0, 627, 856, 855, 0, 0]
	 A0A011QLX0	[0, 628, 0, 0, 627, 0, 856, 855, 0]

 ### Operon type: 240

	 A0A010SML6	[0, 856, 855, -1, 0, 741, 0, 0, 0]

 ### Operon type: 241

	 A0A010RS09	[0, 0, 0, 0, 50, 0, 756, 756, 0]

 ### Operon type: 242

	 A0A010RTE7	[0, 0, 0, 0, 0, 0, 50, 174, 0]

 ### Operon type: 243

	 A0A009P817	[263, 0, 0, 0, 165, 0, 429, 164, 163]

 ### Operon type: 244

	 A0A009TIY0	[0, 0, 0, 0, 165, 0, 429, 164, 0]

 ### Operon type: 245

	 A0A009QKA3	[429, 164, 0, 163, 0, 0, 0, 0, 209]

 ### Operon type: 246

	 A0A009HSR2	[0, 114, 113, 0, 112, 151, 152, 226, 153]

 ### Operon type: 247

	 A0A009SWM1	[0, 114, 113, 0, 112, 0, 0, 152, 0]

 ### Operon type: 248

	 A0A009MYX0	[154, 153, 0, 649, 0, 0, 152, 151, 150]

 ### Operon type: 249

	 A0A009QK79	[0, 0, 150, 151, 0, 152, 0, 0, 153]

 ### Operon type: 250

	 A0A009GXJ1	[340, 339, 151, 152, 89, 226, 153, 154, 0]

 ### Operon type: 251

	 A0A013TKW8	[0, 671, 0, 519, 518, 517, 516, 515, 514]
	 A0A010IT95	[0, 0, 0, 519, 518, 517, 516, 515, 514]
	 A0A009QT77	[0, 0, -1, 519, 518, 517, 516, 515, 514]
	 A0A009PRQ9	[0, 519, 173, 0, 518, 517, 516, 515, 514]
	 A0A009MH36	[0, 0, 0, 519, 518, 517, 516, 515, 514]
	 A0A009GWD0	[226, 0, 0, 519, 518, 517, 516, 515, 514]
	 A0A009S0T6	[0, 0, 519, 173, 518, 517, 516, 515, 514]
	 A0A009I5G9	[0, 0, 519, 173, 518, 517, 516, 515, 514]

 ### Operon type: 252

	 A0A013TMJ7	[684, -1, 0, 519, 518, 515, 514, 0, 0]

 ### Operon type: 253

	 A0A011V392	[430, 0, 630, 431, 432, 433, 0, 434, 435]
	 A0A011VXC2	[-1, 430, 0, 630, 431, 432, 433, 434, 435]

 ### Operon type: 254

	 A0A011V490	[437, 436, 0, 435, 434, 433, 432, 431, 630]

 ### Operon type: 255

	 A0A011VZF5	[0, 0, 431, 432, 433, 787, 436, 787, 0]

 ### Operon type: 256

	 A0A011WLE7	[0, 0, 0, 0, 0, 277, 0, 0, 0]
	 A0A011VU44	[0, 0, 0, 0, 0, 277, 0, 0, 0]

 ### Operon type: 257

	 A0A011VAP2	[0, 0, 120, 0, 0, 0, 0, 0, 325]

 ### Operon type: 258

	 A0A011VRJ8	[0, 0, 0, 0, 0, 0, 120, 0, 0]

 ### Operon type: 259

	 A0A011RNU1	[0, 0, 0, 0, 0, 0, 846, 846, 845]

 ### Operon type: 260

	 A0A011VKJ9	[0, 0, 0, 0, 0, 0, 845, 846, -1]

 ### Operon type: 261

	 A0A011PQZ7	[0, 0, 0, 633, 632, 0, 631, 0, 0]

 ### Operon type: 262

	 A0A011TUX4	[0, 0, 0, 0, 632, 0, 0, 631, 0]

 ### Operon type: 263

	 A0A011STZ9	[0, 0, 0, 631, 0, 0, 0, 0, 0]

 ### Operon type: 264

	 A0A011PRF5	[629, 0, 0, 0, 0, 0, 0, 0, 0]
	 A0A011PUJ9	[0, 0, 0, 0, 0, 0, 0, 0, 629]

 ### Operon type: 265

	 A0A011PFY8	[0, 0, 0, 0, 0, 0, 0, 0, 670]

 ### Operon type: 266

	 A0A011PNS3	[802, 670, 0, 0, 0, 0, 0, 0, 0]

 ### Operon type: 267

	 A0A011T648	[0, 670, 0, 0, 0, 0, 0, 799, 0]

 ### Operon type: 268

	 A0A010YYJ5	[0, 0, 0, 787, 0, 0, 0, 48, 48]

 ### Operon type: 269

	 A0A011NDM5	[787, 0, 0, 0, 0, 0, 0, 0, 0]

 ### Operon type: 270

	 A0A011MSR2	[0, 0, 0, 612, 0, 0, 0, 787, 787]

 ### Operon type: 271

	 A0A011WSU6	[0, 787, 0, 0, 434, 0, 0, 0, 0]

 ### Operon type: 272

	 A0A011U3C2	[0, 0, 723, 0, 0, 0, 0, 0, 0]
	 A0A011AEN3	[0, 0, 0, 0, 0, 0, 723, 0, 0]

 ### Operon type: 273

	 A0A011AAZ2	[0, 59, 0, 0, 0, 723, 723, 723, 0]

 ### Operon type: 274

	 A0A011T698	[0, 0, 0, 0, 0, 738, 723, 0, 0]

 ### Operon type: 275

	 A0A010YRE8	[0, 0, 0, 0, 0, 0, 0, 11, 0]

 ### Operon type: 276

	 A0A011AF05	[0, 0, 198, 11, 0, 0, 0, 0, 0]

 ### Operon type: 277

	 A0A009ZG48	[0, 0, 0, 671, 0, 0, 0, 0, 0]

 ### Operon type: 278

	 A0A011PEJ8	[0, 0, 672, 671, 0, 0, 0, 0, 0]

 ### Operon type: 279

	 A0A011QNJ7	[689, 0, 0, 671, 0, 0, 0, 689, 0]

 ### Operon type: 280

	 A0A011MMJ4	[0, 0, 0, 0, 0, 0, 0, 689, 0]

 ### Operon type: 281

	 A0A011R8M3	[0, 0, 672, 671, 0, 564, 0, 689, 0]

 ### Operon type: 282

	 A0A009ZC82	[0, 0, 740, 0, 0, 0, 0, 0, 0]

 ### Operon type: 283

	 A0A011P3F6	[741, 0, 0, 740, 0, 0, 0, 0, 0]

 ### Operon type: 284

	 A0A009IG48	[0, 0, 0, 222, 221, 0, 0, 0, 741]

 ### Operon type: 285

	 A0A009IMQ0	[0, 0, 0, 222, 221, 0, 0, 0, 0]

 ### Operon type: 286

	 A0A009SWV1	[0, 0, 0, 0, 0, 0, 0, 222, 0]

 ### Operon type: 287

	 A0A009Q512	[0, 0, 0, 0, 262, 0, 0, 0, 0]
	 A0A009PMZ9	[262, 0, 0, 0, 0, 0, 0, 0, 0]

 ### Operon type: 288

	 A0A009IFL2	[0, 61, 0, 60, -1, 0, 0, 0]

 ### Operon type: 289

	 A0A009ZDS1	[-1, -1, 0, 61, 0, 0, 505, 0, 0]

 ### Operon type: 290

	 A0A010SNM6	[72, 71, -1, 0, 0, 0, 684, 0, 0]

 ### Operon type: 291

	 A0A010T5D8	[71, 72, 0, -1, 0, -1, 413, 0, 0]

 ### Operon type: 292

	 A0A011UB51	[376, 0, 0, 0, 0, 0, 0, 0, 0]
	 A0A011UFH1	[0, 0, 0, 0, 0, 376, 0, 0, 0]

 ### Operon type: 293

	 A0A011V965	[0, -1, -1, 0, 121, 0, -1, -1, 0]
	 A0A011VHP2	[0, -1, -1, -1, 121, 0, 0, 0, 0]

 ### Operon type: 294

	 A0A010RVD0	[-1, 0, 0, -1, 0, 818, 818, 0, 45]

 ### Operon type: 295

	 A0A010T7Q5	[0, 45, 0, 0, 0, 0, -1, 0, 0]

 ### Operon type: 296

	 A0A010SJH7	[0, 0, 684, -1, 0, 0, 259, 0, 0]

 ### Operon type: 297

	 A0A010SRR2	[0, 0, -1, 0, 0, 0, 0, 0, 684]

 ### Operon type: 298

	 A0A010RKP8	[0, 0, 0, 0, 0, 0, -1, 0, 0]
	 A0A010TF14	[-1, 0, 0, 0, 0, 0, 0, 0, 0]
	 A0A010RY47	[-1, 0, -1, 0, 0, 0, 0, 0, 0]
	 A0A009HJU6	[0, 0, 0, 0, 0, 0, 0, 0, -1]
	 A0A011UZ32	[0, 0, 0, 0, 0, -1, 0, 0, 0]

 ### Operon type: 299

	 A0A010SJF9	[0, 0, 0, 0, 0, -1, 0, 73, -1]

 ### Operon type: 300

	 A0A011ML54	[0, 0, 0, 690, 0, 0, 0, 0, -1]

 ### Operon type: 301

	 A0A011NHY1	[0, 0, 0, 0, 0, 684, 0, 0, 0]

 ### Operon type: 302

	 A0A010Z171	[0, 0, 0, 0, 0, 0, 684, 0, 649]

 ### Operon type: 303

	 A0A011T697	[684, 0, 0, 0, 0, 0, 0, 0, 429]

 ### Operon type: 304

	 A0A011TDD1	[0, 424, 684, 0, 0, 0, 0, 0, 0]

 ### Operon type: 305

	 A0A011VW24	[0, 0, 859, 0, 0, 0, 0, 0, -1]

 ### Operon type: 306

	 A0A011T8V3	[0, 0, 859, 0, 0, 0, 0, 0, 0]

 ### Operon type: 307

	 A0A010TH98	[586, 0, 0, 859, 0, 0, 0, 0, 0]

 ### Operon type: 308

	 A0A011QVR3	[0, 0, 0, 0, 0, 0, 0, 804, 859]

 ### Operon type: 309

	 A0A011VYF1	[859, 0, 0, 0, 0, 0, 376, 0, 0]

 ### Operon type: 310

	 A0A010S415	[-1, 859, 0, 258, 0, 0, 0, 0, 494]

 ### Operon type: 311

	 A0A011QSN2	[0, 0, 0, 0, 0, 0, 0, 0, 0]
	 A0A011P9Z5	[0, 0, 0, 0, 0, 0, 0, 0, 0]
	 A0A011NAJ1	[0, 0, 0, 0, 0, 0, 0, 0, 0]
	 A0A011NMI8	[0, 0, 0, 0, 0, 0, 0, 0, 0]
	 A0A011PBM9	[0, 0, 0, 0, 0, 0, 0, 0, 0]
	 A0A011PNN2	[0, 0, 0, 0, 0, 0, 0, 0, 0]
	 A0A011NTU3	[0, 0, 0, 0, 0, 0, 0, 0, 0]
	 A0A011N2Z0	[0, 0, 0, 0, 0, 0, 0, 0, 0]
	 A0A011QMJ8	[0, 0, 0, 0, 0, 0, 0, 0, 0]
	 A0A011Q056	[0, 0, 0, 0, 0, 0, 0, 0, 0]
	 A0A013TEV4	[0, 0, 0, 0, 0, 0, 0, 0, 0]
	 A0A013S2B9	[0, 0, 0, 0, 0, 0, 0, 0, 0]
	 A0A013SBR8	[0, 0, 0, 0, 0, 0, 0, 0, 0]
	 A0A011VYF6	[0, 0, 0, 0, 0, 0, 0, 0, 0]
	 A0A013SL47	[0, 0, 0, 0, 0, 0, 0, 0, 0]
	 A0A011WUT3	[0, 0, 0, 0, 0, 0, 0, 0, 0]
	 A0A011UHL2	[0, 0, 0, 0, 0, 0, 0, 0, 0]
	 A0A011UBN9	[0, 0, 0, 0, 0, 0, 0, 0, 0]
	 A0A009M4K0	[0, 0, 0, 0, 0, 0, 0, 0, 0]
	 A0A009PDV4	[0, 0, 0, 0, 0, 0, 0, 0, 0]
	 A0A010SHY1	[0, 0, 0, 0, 0, 0, 0, 0, 0]
	 A0A009MH90	[0, 0, 0, 0, 0, 0, 0, 0, 0]
	 A0A011VNE2	[0, 0, 0, 0, 0, 0, 0, 0, 0]
	 A0A009HIL8	[0, 0, 0, 0, 0, 0, 0, 0, 0]
	 A0A011UFM5	[0, 0, 0, 0, 0, 0, 0, 0, 0]
	 A0A010SPJ7	[0, 0, 0, 0, 0, 0, 0, 0, 0]
	 A0A010SSQ8	[0, 0, 0, 0, 0, 0, 0, 0, 0]
	 A0A010T025	[0, 0, 0, 0, 0, 0, 0, 0, 0]
	 A0A010YJA7	[0, 0, 0, 0, 0, 0, 0, 0, 0]
	 A0A010ZTI3	[0, 0, 0, 0, 0, 0, 0, 0, 0]
	 A0A011A146	[0, 0, 0, 0, 0, 0, 0, 0, 0]
	 A0A010YZS8	[0, 0, 0, 0, 0, 0, 0, 0, 0]
	 A0A010Z120	[0, 0, 0, 0, 0, 0, 0, 0, 0]

 ### Operon type: 312

	 A0A010TG27	[687, 0, 54, 0, 0, 0, 754, 0, 0]

 ### Operon type: 313

	 A0A011PMK1	[0, 0, 0, 0, 0, 0, 0, 687, 0]

 ### Operon type: 314

	 A0A009HM15	[0, 231, 119, 0, 0, 0, -1, 0, 0]

 ### Operon type: 315

	 A0A009HRU1	[0, 151, 0, 0, 0, 0, 0, 0, 0]

 ### Operon type: 316

	 A0A009HSN8	[0, 267, 0, 0, 0, -1, 0, 210, -1]

 ### Operon type: 317

	 A0A009HV82	[117, 0, 0, 0, 0, 0, 0, 0, 0]

 ### Operon type: 318

	 A0A009IG74	[0, 0, 156, 0, 442, -1, 0, 0, 0]

 ### Operon type: 319

	 A0A009IJ90	[0, 79, 0, 0, 0, 0, 0, 0, 0]

 ### Operon type: 320

	 A0A009NM94	[0, 837, 837, 0, 0, 0, 424, 0, 0]

 ### Operon type: 321

	 A0A009Q4N5	[0, 0, 263, 0, 0, 0, 0, 0, 0]

 ### Operon type: 322

	 A0A009SSZ9	[0, 115, 0, 0, 0, 0, 0, 0, 0]

 ### Operon type: 323

	 A0A009YIH1	[0, 0, 0, 0, 233, 0, -1, -1, 2]

 ### Operon type: 324

	 A0A009YR05	[0, 0, 0, 0, 108, 0, 0, 0, 0]

 ### Operon type: 325

	 A0A009Z004	[179, 0, 179, 0, 0, 649, 0, 0, 0]

 ### Operon type: 326

	 A0A010RUQ5	[0, 0, 0, 0, 0, 0, 0, 0, 276]

 ### Operon type: 327

	 A0A010S195	[740, 0, 69, 68, 0, 0, 0, 0, 0]

 ### Operon type: 328

	 A0A010SCZ2	[0, 0, 0, 0, 0, 0, 0, 324, 0]

 ### Operon type: 329

	 A0A010SN41	[0, 0, 0, 0, 313, 0, 0, 0, 0]

 ### Operon type: 330

	 A0A010SSU2	[0, 0, 0, 0, 89, 0, -1, 720, 0]

 ### Operon type: 331

	 A0A010SUP6	[0, 0, 0, 0, 0, 0, 0, 68, 0]

 ### Operon type: 332

	 A0A010SUY9	[0, 0, 0, 0, 0, 564, 672, 0]

 ### Operon type: 333

	 A0A010THK2	[0, 0, -1, 0, 0, 756, 649, 0, 0]

 ### Operon type: 334

	 A0A010SRL4	[54, 0, 0, -1, 0, 0, 0, 649, 218]

 ### Operon type: 335

	 A0A010YX61	[383, 723, 0, 859, 0, 0, 0, 0, 0]

 ### Operon type: 336

	 A0A010S5W8	[0, 0, 612, 767, 0, 0, 0, 0, 0]

 ### Operon type: 337

	 A0A011NE37	[541, 0, 0, 0, 0, 0, 0, 0, 0]

 ### Operon type: 338

	 A0A011NF78	[0, 0, 825, 0, 0, 0, 0, 0, 0]

 ### Operon type: 339

	 A0A011NVE2	[0, 0, 0, 799, 0, 0, 684, 0, 640]

 ### Operon type: 340

	 A0A011NXJ4	[0, 0, 0, 0, 0, 0, 0, 0, 634]

 ### Operon type: 341

	 A0A011P8I1	[0, 0, 724, 723, 0, 0, 0, 0, 722]

 ### Operon type: 342

	 A0A011P9Q7	[717, 0, 0, 0, 0, 0, 0, 0, 0]

 ### Operon type: 343

	 A0A011PJ75	[0, 799, 618, 799, 0, 0, 0, 0, 0]

 ### Operon type: 344

	 A0A011PRB4	[0, 0, 0, 0, 0, 0, 0, 630, 0]

 ### Operon type: 345

	 A0A011QVT2	[803, 0, 0, 0, 0, 0, 0, 802, 0]

 ### Operon type: 346

	 A0A011RP14	[0, 0, 0, 0, 0, 0, 0, 844, 0]

 ### Operon type: 347

	 A0A011SM49	[684, 0, 844, 0, 0, 0, 462, 0, 0]

 ### Operon type: 348

	 A0A011AM27	[631, 0, 0, 0, 508, 0, 0, 0, 39]

 ### Operon type: 349

	 A0A011T607	[0, 0, 767, 0, 0, 0, 0, 0, 424]

 ### Operon type: 350

	 A0A011TAW2	[0, 0, 0, 0, 0, 0, 425, 0, 0]

 ### Operon type: 351

	 A0A011TED9	[0, 0, 0, 0, 0, 577, 0, 0, 0]

 ### Operon type: 352

	 A0A011TXS5	[0, 454, 0, 0, 0, 0, 0, 0, 0]

 ### Operon type: 353

	 A0A011U144	[0, 276, 0, 0, 0, 0, 634, 547, 0]

 ### Operon type: 354

	 A0A011U1C8	[738, 0, 0, 0, 0, 0, 0, 0, 275]

 ### Operon type: 355

	 A0A011U483	[0, 0, 0, 0, 0, 737, 0, 0, 0]

 ### Operon type: 356

	 A0A011UG86	[0, 742, 0, 0, 0, 73, 0, 0, 0]

 ### Operon type: 357

	 A0A011UQB5	[834, 694, 0, 0, 0, 0, 0, 376, 0]

 ### Operon type: 358

	 A0A011UVI5	[0, 0, 0, 0, 0, 58, 799, 799, 0]

 ### Operon type: 359

	 A0A011UWI3	[0, 0, 0, 0, 167, 0, 149, 740, 0]

 ### Operon type: 360

	 A0A011V5E6	[0, 0, 0, 0, 0, 438, 0, 0, 0]

 ### Operon type: 361

	 A0A011M4H6	[325, 0, 751, 0, 0, 0, 0, 0, 0]

 ### Operon type: 362

	 A0A011VSV3	[0, 0, 0, 0, 0, 0, 665, 0, 0]

 ### Operon type: 363

	 A0A011VWI0	[0, 0, 0, 0, 0, 135, 0, 0, 0]

 ### Operon type: 364

	 A0A011VZ91	[281, 0, 0, 0, 0, 0, 0, 0, 0]

 ### Operon type: 365

	 A0A011WP76	[0, 0, 0, 0, 0, 0, 0, 0, 806]

 ### Operon type: 366

	 A0A011WSD4	[0, 0, 0, -1, 0, 787, 0, 0, 436]

 ### Operon type: 367

	 A0A011WT35	[436, 0, 0, 0, 0, 0, 0, 0, 0]

 ### Operon type: 368

	 A0A013S843	[0, 403, 0, 0, 0, 0, -1, 402, 0]

 ### Operon type: 369

	 A0A013T5E6	[0, 0, 0, 552, 0, 0, 0, 0, 0]

 ### Operon type: 370

	 A0A009T185	[800, 0, 618, 618, 489, 799, 618, 488, 768]

 ### Operon type: 371

	 A0A010IN36	[490, 684, 0, 0, 489, 799, 618, 488, 768]

 ### Operon type: 372

	 A0A009PG43	[799, 618, 525, 802, 0, 488, 768, 0, 0]

 ### Operon type: 373

	 A0A009INE0	[490, 0, 0, 0, 0, 0, 0, 618, 488]

 ### Operon type: 374

	 A0A009T9H0	[0, 2, 741, -1, 0, 0, 152, 0, 151]

 ### Operon type: 375

	 A0A010THH5	[0, 143, 61, 58, 0, 0, 829, 0, 505]

 ### Operon type: 376

	 A0A011WSH8	[0, 0, 0, 754, 314, 0, 0, 0, 0]
	 A0A011VZE3	[0, 0, 0, 754, 314, 0, 0, 0, 0]

 ### Operon type: 377

	 A0A011NAF3	[0, 0, 0, 0, 0, 0, 754, 0, 708]

 ### Operon type: 378

	 A0A009IQ93	[271, 0, 754, 0, 0, 218, 0, 0, 0]

 ### Operon type: 379

	 A0A009Q8S9	[0, 0, 741, 404, 0, 446, 0, 0, 0]

 ### Operon type: 380

	 A0A009TLU4	[0, 454, -1, 235, 0, 43, 0, -1, -1]

 ### Operon type: 381

	 A0A009ZB47	[140, 169, 0, 0, 0, 787, 503, 0, 0]

 ### Operon type: 382

	 A0A009ZVR4	[842, 0, 723, 0, 0, 48, 0, 0, 47]

 ### Operon type: 383

	 A0A010JIN9	[503, 0, 0, 174, 248, 0, 0, 0, 0]

 ### Operon type: 384

	 A0A010S003	[661, 0, 0, 0, 0, 742, 742, 485, 0]

 ### Operon type: 385

	 A0A010SMN8	[0, -1, 70, 0, 757, 0, 0, 668, 0]

 ### Operon type: 386

	 A0A010SXS1	[0, 525, 0, 0, 0, 449, 0, 0, 802]

 ### Operon type: 387

	 A0A010T689	[39, -1, 829, 848, 0, 0, 0, 0, 0]

 ### Operon type: 388

	 A0A010TBB4	[0, 354, 0, 73, 0, 0, 0, 0, 738]

 ### Operon type: 389

	 A0A010YFK3	[0, 861, 0, 0, 0, 0, 102, 0, 275]

 ### Operon type: 390

	 A0A010YVY1	[8, 0, 8, 0, 0, 0, 0, 485, 0]

 ### Operon type: 391

	 A0A010ZSZ2	[0, 59, 0, 25, 24, 0, 0, 0, 0]

 ### Operon type: 392

	 A0A010Z0Y7	[0, 0, 0, 0, 24, 258, 0, 0, 0]

 ### Operon type: 393

	 A0A011A0M8	[0, 0, 649, 0, 60, 0, 0, 10, 10]

 ### Operon type: 394

	 A0A011NFL4	[0, 836, 0, 0, 688, 687, 0, 686, 0]

 ### Operon type: 395

	 A0A011P407	[0, 0, 739, 835, 0, 0, 738, 0, 737]

 ### Operon type: 396

	 A0A011QGT2	[754, 0, 0, 646, 645, 0, 0, 0, 0]

 ### Operon type: 397

	 A0A011QSA4	[828, 0, 827, 826, 0, 0, 0, 0, 825]

 ### Operon type: 398

	 A0A011T6J6	[0, 790, 0, 723, 0, 0, 428, 0, 427]

 ### Operon type: 399

	 A0A011TAL2	[0, 767, 0, 0, 0, 426, 0, 635, 0]

 ### Operon type: 400

	 A0A011TZG0	[649, 788, 0, 0, 0, 0, 0, 520, 0]

 ### Operon type: 401

	 A0A011UGY3	[316, 315, 438, 56, 0, 0, 0, 56, 0]

 ### Operon type: 402

	 A0A011UII7	[0, 0, 0, 0, 0, 640, 452, 0, 0]

 ### Operon type: 403

	 A0A011UNT9	[446, 465, 0, 0, 0, 0, 0, 0, 0]

 ### Operon type: 404

	 A0A011SIS0	[0, 776, 466, 466, 0, 0, 0, 465, 0]

 ### Operon type: 405

	 A0A011UT49	[0, 59, 0, 0, 0, 0, 525, 110, 0]

 ### Operon type: 406

	 A0A011VU65	[103, 0, 0, 0, 0, 102, 0, 665, 270]

 ### Operon type: 407

	 A0A011VV03	[0, 326, 0, 0, 347, 325, 0, 0, 0]

 ### Operon type: 408

	 A0A011VVZ9	[0, 0, -1, 0, 0, 324, 323, 323, 464]

 ### Operon type: 409

	 A0A011VWX7	[802, 379, 0, 0, 0, 0, 0, 830, 0]

 ### Operon type: 410

	 A0A011VXK7	[837, 837, 0, 538, 0, 0, 0, 792, 0]

 ### Operon type: 411

	 A0A011W0I6	[280, 0, 0, 0, 0, 651, 0, 690, 0]

 ### Operon type: 412

	 A0A010YEF6	[0, 280, 0, 0, 0, 0, 0, 0, 40]

 ### Operon type: 413

	 A0A013SQH1	[0, 0, 0, 0, 313, 658, 0, 519, 704]

 ### Operon type: 414

	 A0A009QJA8	[139, 138, 0, 0, 0, 0, 0, 0, 766]

 ### Operon type: 415

	 A0A009YL68	[0, 0, 738, 385, 381, 0, 0, 4, 0]

 ### Operon type: 416

	 A0A010JNG7	[519, 0, 0, 513, 0, 0, 0, 0, 0]

 ### Operon type: 417

	 A0A010RM40	[755, 754, 753, 0, 0, 0, 0, -1, 752]

 ### Operon type: 418

	 A0A010RRQ6	[0, 751, 0, 0, 0, 757, 750, 749, 0]

 ### Operon type: 419

	 A0A010S423	[428, 0, 0, 0, 0, 0, 0, 149, 841]

 ### Operon type: 420

	 A0A010T0I7	[0, 0, 40, 0, 0, 724, 827, 754, 0]

 ### Operon type: 421

	 A0A010ZUR7	[326, 23, 0, 23, 0, 22, 485, 0, 0]

 ### Operon type: 422

	 A0A011NA78	[0, 705, 0, 0, 0, 818, 0, 0, 752]

 ### Operon type: 423

	 A0A011P8W7	[721, 739, 802, 0, 720, 0, 0, 0, 0]

 ### Operon type: 424

	 A0A011PG97	[668, 0, 0, 667, 0, 0, 0, 0, 0]

 ### Operon type: 425

	 A0A011PKT4	[0, 658, 0, 0, 0, 0, 657, 0, 0]

 ### Operon type: 426

	 A0A011PLB2	[0, 721, 0, 659, 0, 0, 0, 0, 0]

 ### Operon type: 427

	 A0A011R339	[0, 0, 0, 0, 0, 0, 340, 339, 0]

 ### Operon type: 428

	 A0A011SFE5	[0, 0, 0, 837, 0, 0, 836, 835, 834]

 ### Operon type: 429

	 A0A011SJT5	[0, 0, 0, 464, 463, 463, 463, 463, 463]

 ### Operon type: 430

	 A0A011TDQ5	[0, 0, 0, 0, 423, 653, 0, 0, 0]

 ### Operon type: 431

	 A0A011VT01	[0, 0, 104, 0, 0, 104, 0, 0, 192]

 ### Operon type: 432

	 A0A009Z3V9	[754, 0, 0, 0, 0, 178, 647, 177, 176]

 ### Operon type: 433

	 A0A010SRB2	[43, 42, 0, 0, 0, 42, 72, 0, 0]

 ### Operon type: 434

	 A0A010KA25	[503, 0, 829, 470, 288, 0, 0, 503, 400]

 ### Operon type: 435

	 A0A011TZN1	[330, 329, 328, 0, 327, 0, 0, 0, 0]

 ### Operon type: 436

	 A0A011VJ76	[111, 111, 110, 686, 0, 754, 649, 0, 739]

 ### Operon type: 437

	 A0A011UG17	[189, 0, 282, 0, 321, 103, 0, 0, 0]

 ### Operon type: 438

	 A0A011WUA8	[773, 0, 0, 360, 0, 0, 0, 359, 359]

 ### Operon type: 439

	 A0A010S4X6	[0, 258, 753, 742, 365, 0, 636, 650, 756]

 ### Operon type: 440

	 A0A010YY02	[0, 7, 0, 0, 7, 583, 6, 0, 9]
