
 ### Operon type: 1

	 A0A009I8S2	[466, 465, 464, 463, 462, 461, 460, 459, 458]
	 A0A010ILU3	[466, 465, 464, 463, 462, 461, 359, 460, 459]
	 A0A009MW50	[466, 465, 464, 463, 462, 461, 359, 460, 459]
	 A0A009QS71	[466, 465, 464, 463, 462, 461, 359, 460, 459]
	 A0A009TM70	[466, 465, 464, 463, 462, 461, 460, 459, 458]
	 A0A009QBR9	[466, 465, 464, 463, 462, 461, 460, 459, 458]
	 A0A009H3B0	[466, 465, 464, 463, 462, 461, 359, 460, 459]

 ### Operon type: 2

	 A0A013TH43	[342, 341, 808, 745, 340, 339, 338, 337, 758]
	 A0A009RAF0	[342, 341, 808, 745, 340, 339, 338, 337, 758]

 ### Operon type: 3

	 A0A011R7V7	[680, 626, 625, 624, 623, 622, 621, 620, 619]
	 A0A011PVT3	[680, 626, 625, 624, 623, 622, 621, 620, 619]
	 A0A011MET3	[680, 626, 625, 624, 623, 622, 621, 620, 619]

 ### Operon type: 4

	 A0A013SNJ8	[455, 323, 459, 322, 321, 437, 379, 320, 319]
	 A0A013RZW2	[455, 323, 459, 322, 321, 437, 379, 320, 319]
	 A0A009PH20	[455, 323, 459, 322, 321, 437, 379, 320, 319]
	 A0A009MMM3	[455, 323, 459, 322, 321, 437, 379, 320, 319]
	 A0A009RD69	[455, 323, 459, 322, 321, 437, 379, 320, 319]
	 A0A009SIZ4	[455, 323, 459, 322, 321, 437, 379, 320, 319]
	 A0A009YIZ0	[455, 323, 459, 322, 321, 437, 379, 320, 319]
	 A0A009HBT3	[455, 323, 459, 322, 321, 437, 379, 320, 319]
	 A0A009IV03	[455, 323, 459, 322, 321, 437, 379, 320, 319]
	 A0A010J9U3	[455, 323, 459, 322, 321, 437, 379, 320, 319]

 ### Operon type: 5

	 A0A009PH57	[190, 189, -1, 188, 187, 525, 186, 772, 185]
	 A0A009TG92	[190, 189, -1, 188, 187, 525, 186, 772, 185]

 ### Operon type: 6

	 A0A013S288	[312, 311, 310, 309, 437, 308, 307, 306, 305]
	 A0A009N031	[312, 311, 310, 309, 437, 308, 307, 306, 305]
	 A0A009PWG1	[312, 311, 310, 309, 437, 308, 307, 306, 305]
	 A0A009R2X0	[312, 311, 310, 309, 437, 308, 307, 306, 305]
	 A0A009SFX8	[312, 311, 310, 309, 108, 437, 308, 307, 306]
	 A0A009TBM2	[311, 310, 309, 108, 437, 308, 307, 306, 305]
	 A0A013SXT2	[312, 311, 310, 309, 437, 308, 307, 306, 305]
	 A0A009I0I9	[312, 311, 310, 309, 437, 308, 307, 306, 305]
	 A0A010J3I1	[312, 311, 310, 309, 437, 308, 307, 306, 305]

 ### Operon type: 7

	 A0A010IMP8	[355, 826, 636, 354, 353, 610, 352, 351, 350]
	 A0A009N123	[355, 826, 636, 354, 353, 610, 352, 351, 350]
	 A0A009Q3K7	[355, 826, 636, 354, 353, 610, 352, 351, 350]
	 A0A009RBQ2	[355, 826, 636, 354, 353, 610, 352, 351, 350]
	 A0A009SWU0	[355, 826, 636, 354, 353, 610, 352, 351, 350]
	 A0A009ZM43	[-1, 826, 636, 354, 353, 610, 352, 351, 350]
	 A0A013SZ54	[355, 826, 636, 354, 353, 610, 352, 351, 350]
	 A0A013T8M5	[355, 826, 636, 354, 353, 610, 352, 351, 350]
	 A0A009H7U0	[355, 826, 636, 354, 353, 610, 352, 351, 350]
	 A0A009IRJ6	[355, 826, 636, 354, 353, 610, 352, 351, 350]

 ### Operon type: 8

	 A0A009IHQ3	[-1, 436, 435, 434, 433, 432, 431, 430, 429]
	 A0A009RG92	[-1, 436, 435, 434, 433, 432, 431, 430, 429]
	 A0A013RMD0	[-1, 436, 435, 434, 433, 432, 431, 430, 429]
	 A0A009N9Z1	[-1, 436, 435, 434, 433, 432, 431, 430, 429]
	 A0A009S854	[-1, 436, 435, 434, 433, 432, 431, 430, 429]
	 A0A009ZIC0	[124, 436, 435, 434, 433, 432, 431, 430, 429]
	 A0A009QDV7	[-1, 436, 435, 434, 433, 432, 431, 430, 429]
	 A0A009H6M2	[-1, 436, 435, 434, 433, 432, 431, 430, 429]
	 A0A010JDA6	[-1, 436, 435, 434, 433, 432, 431, 430, 429]

 ### Operon type: 9

	 A0A011UIA1	[267, 266, 265, 264, 263, 262, 261, 260, 0]
	 A0A011V5V3	[0, 267, 266, 265, 264, 263, 262, 261, 260]

 ### Operon type: 10

	 A0A011NE72	[635, 634, 633, 632, 631, 630, 629, 628, 0]
	 A0A011PTE7	[635, 634, 633, 632, 631, 0, 630, 629, 628]

 ### Operon type: 11

	 A0A010JWJ1	[396, 395, 650, 394, 393, 392, 391, 390, 389]
	 A0A009I4A1	[396, 395, 650, 394, 393, 392, 391, 390, 389]

 ### Operon type: 12

	 A0A009TBY8	[73, 72, 396, 394, 393, 392, 391, 390, 389]
	 A0A009QF22	[73, 72, 396, 0, 393, 392, 391, 390, 389]

 ### Operon type: 13

	 A0A011NEY3	[846, 845, 844, 843, 843, 842, 841, 840, 0]

 ### Operon type: 14

	 A0A011PAN4	[845, 844, 0, 843, 843, 842, 841, 840, 839]

 ### Operon type: 15

	 A0A011RCD5	[846, 845, 844, 843, 843, 842, 841, 840, 839]

 ### Operon type: 16

	 A0A011NAY5	[649, 648, 647, 646, 645, 740, 644, 643, 0]
	 A0A011P4U7	[0, 649, 648, 647, 646, 645, 740, 644, 643]

 ### Operon type: 17

	 A0A011NW66	[838, 837, 836, 835, 834, 691, 0, 0, 0]
	 A0A011NBX7	[838, 837, 836, 835, 834, 691, 0, 0, 0]
	 A0A011PF67	[838, 837, 836, 835, 834, 0, 0, 0, 0]

 ### Operon type: 18

	 A0A011RHX4	[838, 837, 836, 835, 834, 833, 832, 831, 0]
	 A0A011NS68	[838, 837, 836, 835, 834, 833, 832, 831, 582]

 ### Operon type: 19

	 A0A010YT39	[0, 52, 7, 368, 6, 5, 4, 3, 290]

 ### Operon type: 20

	 A0A010Z7T4	[7, 368, 6, 5, 4, 3, 290, 427, 591]

 ### Operon type: 21

	 A0A010K6G6	[381, 380, 379, 378, 377, 376, 375, 0, 374]
	 A0A013SP43	[381, 380, 379, 378, 377, 376, 375, 324, 374]
	 A0A009RUN3	[381, 380, 379, 378, 377, 376, 375, 324, 374]

 ### Operon type: 22

	 A0A011VWR4	[0, 0, 0, 0, 607, 606, 605, 604, 603]

 ### Operon type: 23

	 A0A011VYP6	[607, 606, 605, 604, 603, 0, 602, 624, 0]

 ### Operon type: 24

	 A0A011NEQ1	[0, 678, 677, 676, 675, 674, 778, 673, 672]
	 A0A011QAS2	[0, 678, 677, 676, 675, 674, 778, 673, 672]

 ### Operon type: 25

	 A0A009RGL2	[405, 404, 403, 402, 401, 400, 399, 398, 397]
	 A0A010JSI3	[405, 404, 403, 402, 401, 400, 399, 398, 0]
	 A0A013T0M4	[405, 404, 403, 402, 401, 400, 399, 398, 0]
	 A0A009HDS5	[405, 404, 403, 402, 401, 400, 399, 398, 397]

 ### Operon type: 26

	 A0A009SNL0	[99, 98, 291, 97, 96, 95, 94, 93, 92]

 ### Operon type: 27

	 A0A009T1I8	[291, 97, 96, 95, 94, 93, 92, 0, 0]

 ### Operon type: 28

	 A0A011VW71	[0, 62, 61, 60, 59, 58, 57, 798, 735]
	 A0A011VUV0	[62, 61, 60, 59, 58, 57, 798, 735, 0]

 ### Operon type: 29

	 A0A011UG71	[243, 252, 242, 241, 240, 253, 239, 251, 238]

 ### Operon type: 30

	 A0A011V8Z7	[0, 0, 243, 252, 242, 241, 240, 253, 239]

 ### Operon type: 31

	 A0A011V8Y9	[241, 240, 253, 239, 251, 238, 0, 0, 0]

 ### Operon type: 32

	 A0A011U8C0	[0, 253, 252, 0, 768, 251, 0, 0, 0]

 ### Operon type: 33

	 A0A011QSF0	[0, 567, 566, 565, 564, 563, 562, 651, 0]
	 A0A011QBB5	[568, 567, 566, 565, 564, 563, 562, 651, 528]
	 A0A011Q0X6	[568, 567, 566, 565, 564, 563, 562, 651, 528]
	 A0A011Q1X8	[567, 0, 566, 565, 564, 563, 562, 651, 528]

 ### Operon type: 34

	 A0A011PG87	[568, 567, 566, 565, 564, 563, 562, 0, 0]

 ### Operon type: 35

	 A0A011PCT1	[570, 569, 819, 0, 0, 0, 0, 815, 0]

 ### Operon type: 36

	 A0A011QU35	[0, 0, 0, 0, 821, 0, 570, 569, 819]

 ### Operon type: 37

	 A0A011Q2B1	[576, 575, 821, 820, 819, 818, 817, 816, 815]

 ### Operon type: 38

	 A0A011RLN8	[823, 822, 821, 820, 819, 818, 817, 816, 815]

 ### Operon type: 39

	 A0A011P700	[0, 0, 578, 577, 576, 575, 821, 820, 819]

 ### Operon type: 40

	 A0A011QSI4	[0, 0, 578, 577, 576, 0, 823, 822, 821]

 ### Operon type: 41

	 A0A013TH30	[652, 387, 386, 344, 343, 709, 385, 733, 384]
	 A0A013S981	[388, 652, 387, 386, 344, 343, 709, 385, 733]
	 A0A013T337	[652, 387, 386, 344, 343, 709, 385, 733, 384]

 ### Operon type: 42

	 A0A010JY00	[388, 652, 387, 386, 451, 709, 385, 733, 384]

 ### Operon type: 43

	 A0A013TPV4	[331, 330, 329, 328, 327, 326, 792, 650, 325]
	 A0A009QQ47	[331, 330, 329, 328, 327, 326, 792, 650, 325]
	 A0A009SZB5	[331, 330, 329, 328, 327, 326, 792, 650, 325]
	 A0A009HL81	[331, 330, 329, 328, 327, 326, 792, 650, 325]
	 A0A009HR98	[331, 330, 329, 328, 327, 326, 792, 650, 325]
	 A0A009MGJ1	[331, 330, 329, 328, 327, 326, 792, 650, 325]
	 A0A010IZE4	[331, 330, 329, 328, 327, 326, 792, 650, 325]

 ### Operon type: 44

	 A0A009Z8F7	[330, 329, 326, 0, 327, 82, 82, 0, 111]

 ### Operon type: 45

	 A0A009R016	[128, 127, 126, 125, 124, -1, 497, 123, 122]
	 A0A009HFU9	[128, 127, 126, 125, 124, 497, 123, 122, 0]

 ### Operon type: 46

	 A0A011UJN3	[0, 755, 0, 0, 754, 753, 752, 751, 750]

 ### Operon type: 47

	 A0A011W213	[754, 753, 752, 751, 750, 708, 0, 0, 0]

 ### Operon type: 48

	 A0A011QIT1	[548, 547, 546, 583, 545, 544, 543, 542, 541]
	 A0A011QUG8	[548, 547, 546, 583, 545, 544, 0, 543, 542]

 ### Operon type: 49

	 A0A011NVE7	[707, 706, 705, 704, 703, 702, 701, 700, 699]
	 A0A011PP01	[707, 706, 705, 704, 703, 702, 701, 700, 699]

 ### Operon type: 50

	 A0A011N9N8	[655, 654, 653, 699, 700, 701, 702, 703, 704]
	 A0A011P2I4	[655, 654, 653, 699, 700, 701, 702, 703, 704]

 ### Operon type: 51

	 A0A011PIY7	[586, 0, 653, 699, 700, 701, 702, 0, 704]

 ### Operon type: 52

	 A0A011Q3J4	[0, 586, 653, 699, 700, 701, 702, 703, 0]

 ### Operon type: 53

	 A0A011MH88	[85, 586, 653, 699, 700, 701, 702, 703, 704]

 ### Operon type: 54

	 A0A009I6Z0	[483, 482, 481, 480, 479, 478, 477, 476, 475]
	 A0A009TK03	[483, 482, 481, 480, 479, 478, 477, 476, 475]
	 A0A013SPM5	[483, 482, 481, 480, 479, 478, 477, 476, 475]
	 A0A009QFZ7	[483, 482, 481, 480, 479, 478, 477, 476, 475]
	 A0A009MH71	[483, 482, 481, 480, 479, 478, 477, 476, 475]
	 A0A009HSL1	[483, 482, 481, 480, 479, 478, 477, 476, 475]
	 A0A010IX62	[483, 482, 481, 480, 479, 478, 477, 476, 475]

 ### Operon type: 55

	 A0A009ZIX8	[0, 79, 481, 480, 479, 515, 0, 475, 0]

 ### Operon type: 56

	 A0A009I8I7	[474, 473, 472, 471, 470, 469, 468, 686, 467]
	 A0A010JJN4	[474, 473, 472, 471, 470, 469, 468, 686, 656]
	 A0A013TPR7	[474, 473, 472, 471, 470, 469, 468, 686, 656]
	 A0A009PMT3	[474, 473, 472, 471, 470, 469, 468, 686, 656]
	 A0A009NI48	[474, 473, 472, 471, 470, 469, 468, 686, -1]
	 A0A009SEP4	[474, 473, 472, 471, 470, 0, 469, 468, 0]
	 A0A009RMI1	[474, 473, 472, 471, 470, 469, 468, 686, 0]
	 A0A009YG45	[0, 474, 473, 472, 470, 0, 469, 468, 686]
	 A0A009HJJ5	[474, 473, 472, 471, 470, 469, 468, 686, 467]

 ### Operon type: 57

	 A0A013TPQ9	[336, 371, 335, 334, 333, 650, 773, 332, 657]
	 A0A013S8F0	[336, 371, 335, 334, 333, 650, 773, 332, 657]
	 A0A009PMU2	[336, 371, 335, -1, 333, 650, 773, 332, 657]
	 A0A009SZ84	[336, 371, 335, 334, 333, 650, 773, 332, 657]
	 A0A009HJM0	[336, 371, 335, 334, 333, 650, 773, 332, 657]
	 A0A010IZH1	[-1, 371, 335, 334, 333, 650, 773, 332, 657]

 ### Operon type: 58

	 A0A009HUS9	[371, 335, 0, 334, 333, 40, -1, 39, 38]

 ### Operon type: 59

	 A0A009ISE1	[469, 468, 686, 38, 39, -1, 40, 333, 334]

 ### Operon type: 60

	 A0A009NPS1	[336, 371, 335, 334, 333, -1, 686, 468, 469]

 ### Operon type: 61

	 A0A013SB36	[300, 299, 298, 297, 296, 684, 683, 295, 294]
	 A0A009QSI3	[300, 299, 298, 297, 296, 684, 683, 295, -1]

 ### Operon type: 62

	 A0A010ITP2	[300, 299, 298, 297, 296, 684, 683, 0, 0]

 ### Operon type: 63

	 A0A009SII9	[-1, 299, 298, 297, 296, 684, 683, 107, 106]

 ### Operon type: 64

	 A0A009T0Q9	[296, 684, 683, 107, 106, 294, 85, 650, 84]

 ### Operon type: 65

	 A0A009YJF4	[0, 684, 683, 68, 67, 85, 650, 0, 84]

 ### Operon type: 66

	 A0A009GP96	[0, 428, 650, 427, 426, 37, 497, 425, 424]

 ### Operon type: 67

	 A0A009GSR4	[427, 426, 37, 497, 425, 424, 424, 423, 0]

 ### Operon type: 68

	 A0A009IIT6	[428, 650, 427, 426, 425, 424, 424, 423, 0]

 ### Operon type: 69

	 A0A011SQL0	[771, 770, -1, 769, 768, 767, 766, 765, 764]
	 A0A011UZ49	[770, -1, 769, 768, 767, 766, 765, 764, 0]

 ### Operon type: 70

	 A0A009PT82	[654, 529, 176, 175, 174, 173, 172, 171, 170]
	 A0A009SIF9	[654, 529, 176, 175, 174, 173, 172, 171, 170]

 ### Operon type: 71

	 A0A009IS10	[736, 0, 0, 0, 174, 173, 172, 0, 0]

 ### Operon type: 72

	 A0A009QHW5	[0, 0, 0, 466, 174, 173, 172, 0, 81]

 ### Operon type: 73

	 A0A011UVB4	[0, 0, 0, 737, 0, 0, 736, 0, 735]

 ### Operon type: 74

	 A0A011V107	[273, -1, 277, 275, 278, 274, 272, 271, 0]
	 A0A011U7M7	[0, 273, -1, 277, 275, 278, 274, 272, 271]

 ### Operon type: 75

	 A0A011TLH0	[279, 278, 277, 276, 275, 274, 0, 0, 0]

 ### Operon type: 76

	 A0A011UG87	[871, 873, 872, 279, 278, 277, 276, 275, 274]

 ### Operon type: 77

	 A0A011TLH7	[872, 873, 871, 0, 0, 0, 0, 0, 0]

 ### Operon type: 78

	 A0A011TWN2	[868, 867, 866, 865, 864, 863, 862, 0, 0]
	 A0A011TAF9	[0, 0, 868, 867, 866, 865, 864, 863, 862]

 ### Operon type: 79

	 A0A011Q5V7	[521, 0, 0, 0, 814, 813, 812, 811, 810]

 ### Operon type: 80

	 A0A011RM25	[814, 813, 812, 811, 810, 809, 0, 808, 0]

 ### Operon type: 81

	 A0A011QIE8	[554, 553, 552, 773, 551, 550, 549, 0, 0]
	 A0A011QDV3	[554, 553, 552, 773, 551, 550, 529, 0, 549]

 ### Operon type: 82

	 A0A011PL71	[598, 670, 597, 596, 595, 655, 797, 594, 0]
	 A0A011QAB0	[670, 597, 596, 0, 595, 655, 797, 594, 0]

 ### Operon type: 83

	 A0A011Q6N5	[783, 782, 781, 0, 0, 0, 520, 759, 520]

 ### Operon type: 84

	 A0A011SGD5	[0, 0, 0, 0, 0, 0, 783, 782, 781]

 ### Operon type: 85

	 A0A011NYU6	[527, 526, 0, 525, 870, 518, 517, 0, 524]

 ### Operon type: 86

	 A0A011PYI6	[527, 526, 0, 525, 870, 524, 523, 785, 0]

 ### Operon type: 87

	 A0A011P1C0	[0, 0, 518, 517, 524, 0, 0, 0, 0]

 ### Operon type: 88

	 A0A011N4G4	[0, 0, 664, 663, 662, 661, 662, 660, 659]
	 A0A011PKU5	[664, 663, 662, 661, 662, 660, 659, 0, 0]

 ### Operon type: 89

	 A0A010ZWJ8	[509, 508, 507, 591, 506, 574, 856, 574, 505]

 ### Operon type: 90

	 A0A011AHW1	[506, 591, 507, 508, 509, 0, 0, 511, 0]

 ### Operon type: 91

	 A0A011AHU9	[856, 574, 505, 0, 0, 0, 0, 13, 85]

 ### Operon type: 92

	 A0A010ZX98	[21, 20, 19, 18, 17, 16, 773, 773, 0]

 ### Operon type: 93

	 A0A011AIL7	[17, 18, 19, 20, 21, 0, 0, 0, 0]

 ### Operon type: 94

	 A0A010YF95	[722, 12, 543, 11, 10, 10, 9, 756, 8]

 ### Operon type: 95

	 A0A010ZJQ6	[12, 543, 11, 10, 10, 9, 756, 8, 0]

 ### Operon type: 96

	 A0A009GXL8	[35, 34, 33, 68, 67, 394, 135, 134, 133]

 ### Operon type: 97

	 A0A010JIW7	[35, 34, 33, 68, 67, 0, 0, 135, 134]

 ### Operon type: 98

	 A0A011QNA5	[0, 540, 539, 538, 0, 537, 536, 535, 534]
	 A0A009ZLJ7	[534, 535, 536, 537, 0, 0, 540, 539, 538]

 ### Operon type: 99

	 A0A009PE10	[537, 536, 535, 534, 358, 199, 198, 356, -1]
	 A0A009QMH5	[537, 536, 535, 534, 358, 357, 198, 356, 129]
	 A0A009RMD0	[537, 536, 535, 534, 358, 199, 198, 356, 129]
	 A0A013T0T6	[537, 536, 535, 534, 358, 357, 198, 356, 129]
	 A0A009HAX1	[537, 536, 535, 534, 358, 357, 198, 356, 129]
	 A0A009ISY0	[537, 536, 535, 534, 358, 199, 198, 356, 129]

 ### Operon type: 100

	 A0A010ILW6	[537, 536, 535, 534, 358, 357, 0, 0, 356]

 ### Operon type: 101

	 A0A009Z9X7	[536, 535, 534, 0, 358, 0, 530, 0, 356]

 ### Operon type: 102

	 A0A013S8V2	[303, 302, 0, 0, 0, 301, 0, 0, 0]
	 A0A009R8E1	[0, 516, 0, 303, 302, 0, 0, 301, 0]

 ### Operon type: 103

	 A0A009ICH6	[455, 454, 453, 452, 451, 450, 449, 448, 733]
	 A0A009ZFR5	[455, 454, 453, 452, 451, 450, 449, 448, 733]

 ### Operon type: 104

	 A0A009NQA1	[455, 454, 453, 452, 163, 162, 386, 733, 709]
	 A0A009RR21	[455, 454, 453, 452, 163, 162, 386, 733, 709]

 ### Operon type: 105

	 A0A009T3J5	[455, 454, 453, 452, 163, 162, 76, 693, 75]
	 A0A009HTN9	[455, 454, 453, 452, 163, 162, 76, 693, 75]

 ### Operon type: 106

	 A0A009Q0U9	[455, 454, 453, 452, 163, 162, -1, -1, 0]

 ### Operon type: 107

	 A0A009QEG7	[101, 102, 498, 499, 500, 42, 41, 457, 456]
	 A0A009IPC3	[101, 102, 498, 499, 500, 42, 41, 457, 456]

 ### Operon type: 108

	 A0A009I573	[504, 0, 503, 502, 0, 501, 500, 499, 498]

 ### Operon type: 109

	 A0A009ILP9	[457, 0, 498, 499, 500, 501, 456, 502, 503]

 ### Operon type: 110

	 A0A009I953	[457, 0, 498, 499, 500, 501, 456, 0, -1]

 ### Operon type: 111

	 A0A009SX74	[560, 582, 0, 502, 456, 457, 102, 101, 100]

 ### Operon type: 112

	 A0A009ICP5	[447, 485, 641, 510, 446, 445, 444, 443, 762]
	 A0A010IPH1	[447, 485, 641, 510, 446, 445, 444, 443, 762]
	 A0A009MMG9	[447, 485, 641, 510, 446, 445, 444, 443, 762]
	 A0A009QVK8	[447, 485, 641, 510, 446, 445, 444, 443, 762]

 ### Operon type: 113

	 A0A009QLL2	[120, 119, 118, 117, 446, 445, 444, 443, 762]
	 A0A009SIV4	[120, 119, 118, 117, 446, 445, 444, 443, 762]
	 A0A013TSJ4	[119, 118, 0, 117, 446, 445, 444, 443, 762]
	 A0A009HTW0	[120, 119, 118, 117, 446, 445, 444, 443, 762]

 ### Operon type: 114

	 A0A009NIJ3	[463, 146, 145, 144, 143, 142, 141, 650, 773]
	 A0A009QNC9	[463, 146, 145, 144, 143, 142, 141, 650, 773]
	 A0A013TRC1	[463, 146, 145, 144, 143, 142, 141, 650, 773]
	 A0A013TCN9	[463, 146, 145, 144, 143, 142, 141, 650, 773]
	 A0A010ITG1	[463, 146, 145, 144, 143, 142, 141, 650, 773]

 ### Operon type: 115

	 A0A009H935	[0, 0, 145, 144, 143, 142, 141, 650, 773]

 ### Operon type: 116

	 A0A009SF48	[413, 412, 411, 410, 409, -1, 110, 785, 109]
	 A0A009QEX0	[413, 412, 411, 410, 409, 110, 110, 785, 109]
	 A0A009IMX3	[413, 412, 411, 410, 409, 110, 110, 785, 109]

 ### Operon type: 117

	 A0A009RES7	[413, 412, 411, 410, 409, 408, 455, 407, 406]
	 A0A010ISX2	[413, 412, 411, 410, 409, 408, 455, 407, 406]
	 A0A013S7V1	[413, 412, 411, 410, 409, 408, 455, 407, 406]
	 A0A009MR00	[413, 412, 411, 410, 409, 408, 455, 407, 406]

 ### Operon type: 118

	 A0A009YTT3	[77, 124, 411, 410, 409, 408, 455, 407, 406]

 ### Operon type: 119

	 A0A009GYP9	[0, 0, 0, 410, 409, 408, 455, 407, 406]

 ### Operon type: 120

	 A0A009ZZC8	[-1, 98, 99, 77, 124, 411, 410, 409, 408]

 ### Operon type: 121

	 A0A011UGX8	[236, 235, 245, 234, 233, 232, 231, 230, 229]
	 A0A011WSE5	[235, 245, 234, 233, 232, 231, 230, 229, 287]

 ### Operon type: 122

	 A0A011VZG0	[286, 0, 236, 235, 245, 234, 233, 232, 231]

 ### Operon type: 123

	 A0A009PJF7	[184, 183, 183, 182, 181, 180, 179, 178, 246]
	 A0A009SJZ7	[737, 184, 183, 182, 181, 180, 179, 178, 246]

 ### Operon type: 124

	 A0A009Z5G0	[180, 182, 183, 0, 775, 184, 737, 317]

 ### Operon type: 125

	 A0A010JJC1	[779, 365, 364, 373, 363, 362, 361, 366, 360]
	 A0A010IZ41	[365, 364, 373, 363, 362, 361, 366, 360, 379]

 ### Operon type: 126

	 A0A009QJL6	[779, 365, 364, 373, 0, 360, 379, 227, 0]

 ### Operon type: 127

	 A0A009I5Z6	[490, 489, 488, 487, 486, 654, 485, 580, 484]
	 A0A010KAV2	[490, 489, 488, 487, 486, 654, 485, 580, 484]
	 A0A013TB41	[490, -1, 488, 487, 486, 654, 485, 580, 484]
	 A0A013SGL3	[490, 489, 488, 487, 486, 654, 485, 580, 484]
	 A0A009PG53	[490, 489, 488, 487, 486, 654, 485, 580, 484]
	 A0A009NE81	[490, 489, 488, 487, 486, 654, 485, 580, 484]
	 A0A009SHB3	[490, 489, 488, 487, 486, 654, 485, 580, 484]
	 A0A009RQH3	[490, 489, 488, 487, 486, 654, 485, 580, 484]

 ### Operon type: 128

	 A0A009H3X4	[490, 489, 488, 487, 486, 654, -1, 855, -1]

 ### Operon type: 129

	 A0A009PIB4	[0, 0, 0, 169, 728, 168, 497, 650, 655]
	 A0A009SLR5	[0, 0, 0, 169, 728, 168, 497, 650, 655]

 ### Operon type: 130

	 A0A009HSU4	[0, 0, 760, 650, 0, 654, 580, 655, 497]

 ### Operon type: 131

	 A0A009PAG1	[793, 213, 212, 437, 437, 290, 289, 288, 211]
	 A0A009I463	[793, 213, 212, 437, 437, 290, 289, 288, 211]

 ### Operon type: 132

	 A0A013SKX6	[0, 0, 793, 0, 437, 437, 290, 289, 288]

 ### Operon type: 133

	 A0A011Q5S3	[541, 522, 0, 0, 0, 0, 725, 724, 722]

 ### Operon type: 134

	 A0A011UZZ4	[0, 725, 724, 0, 0, 0, 723, 723, 722]

 ### Operon type: 135

	 A0A011UTJ0	[0, 0, 0, 743, 742, 741, 740, 739, 738]

 ### Operon type: 136

	 A0A011VMV7	[743, 742, 741, 740, 739, 738, 259, 258, 257]

 ### Operon type: 137

	 A0A011NYT4	[689, 688, 687, 686, 0, 685, 685, 684, 683]

 ### Operon type: 138

	 A0A011P8E9	[0, 0, 689, 688, 0, 687, 686, 0, 0]

 ### Operon type: 139

	 A0A010TF34	[0, -1, 0, 0, 218, 217, 216, 215, 214]
	 A0A010SYH9	[218, 217, 216, 215, 214, 0, 0, 0, 0]

 ### Operon type: 140

	 A0A010TFJ4	[0, -1, 0, 223, 222, 221, 220, -1, 219]
	 A0A010S7A1	[223, 222, 221, 220, 0, 219, 0, 0, 0]

 ### Operon type: 141

	 A0A009PAV9	[210, -1, 641, 209, 437, 497, 208, 207, 206]
	 A0A009HJC2	[210, 773, 641, 209, 437, 497, 208, 207, 206]

 ### Operon type: 142

	 A0A009SE02	[0, 206, 0, 0, 0, 207, 208, 497, 437]

 ### Operon type: 143

	 A0A009SYU8	[580, 455, 571, 372, 191, 650, 650, 346, 345]
	 A0A009RSB7	[580, 455, 571, 372, 191, 650, 650, 346, 345]
	 A0A009HS41	[580, 455, 571, 372, 191, 650, 650, 346, 345]

 ### Operon type: 144

	 A0A010IT25	[580, 455, 571, 372, 347, 650, 650, 346, 345]
	 A0A013SHA9	[580, 455, 571, 372, 347, 650, 650, 346, 345]
	 A0A009I466	[580, 455, 571, 372, 347, 650, 650, 346, 345]

 ### Operon type: 145

	 A0A009NMQ9	[580, 455, 571, 372, 347, 0, 650, 650, 346]

 ### Operon type: 146

	 A0A009P8A9	[0, 0, 571, 372, 191, 650, 650, 346, 345]

 ### Operon type: 147

	 A0A009NJ90	[140, 139, 138, 419, 418, 137, 136, 417, 416]
	 A0A009ITT8	[140, 139, 138, 419, 418, 136, 417, 416, 415]

 ### Operon type: 148

	 A0A009NCH6	[152, 417, 416, 415, 151, 150, 149, 148, 147]
	 A0A009IJ01	[417, 416, 415, 414, 151, 150, 149, 148, 147]

 ### Operon type: 149

	 A0A009RQL5	[417, 416, 415, 121, 151, 150, 149, 148, 0]

 ### Operon type: 150

	 A0A009MGQ8	[418, 0, 152, 417, 416, 415, 151, 150, 149]

 ### Operon type: 151

	 A0A009IJ07	[422, 421, 420, 419, 418, 417, 416, 415, 414]
	 A0A009RHH7	[422, 421, 420, 419, 418, 137, 417, 416, 415]
	 A0A009S6G1	[422, 421, 420, 419, 418, 417, 416, 415, 151]

 ### Operon type: 152

	 A0A009HZK2	[420, 419, 418, 417, 416, 415, 414, 151, 150]

 ### Operon type: 153

	 A0A009R4N4	[419, 418, 137, 417, 416, 415, 121, 151, 150]

 ### Operon type: 154

	 A0A009S5A5	[418, 137, 136, 417, 416, 415, 414, 86, 151]

 ### Operon type: 155

	 A0A009RHH9	[0, 0, 0, 0, 256, 422, 421, 420, 419]

 ### Operon type: 156

	 A0A011PGU1	[0, 0, 559, 558, 828, 827, 557, 556, 555]
	 A0A011MDH1	[679, 0, 559, 558, 828, 827, 557, 556, 555]

 ### Operon type: 157

	 A0A011V0P4	[721, 720, 0, 0, 719, 0, 0, 718, 717]

 ### Operon type: 158

	 A0A011WPV7	[718, 717, 0, 0, 0, 0, 0, 0, 0]

 ### Operon type: 159

	 A0A011UDF3	[558, 249, 0, 0, 0, 861, 248, 247, 533]

 ### Operon type: 160

	 A0A011VSC9	[248, 247, 533, 0, 0, 0, 0, 0, 0]

 ### Operon type: 161

	 A0A011SF89	[790, 789, 788, 0, 0, 0, 0, 0, 0]

 ### Operon type: 162

	 A0A011UCX7	[0, 670, 790, 789, 0, 788, 250, 0, 0]

 ### Operon type: 163

	 A0A011RNP9	[0, 0, 0, 0, 0, 798, 797, 0, 0]

 ### Operon type: 164

	 A0A011V0B5	[793, 0, 0, 0, 0, 0, 798, 0, 0]

 ### Operon type: 165

	 A0A011RQC9	[0, 793, 792, 0, 0, 0, 0, 791, 0]

 ### Operon type: 166

	 A0A011RIM8	[830, 829, 0, 0, 828, 827, 826, 825, 824]
	 A0A011QG28	[830, 829, 558, 0, 828, 827, 826, 825, 824]

 ### Operon type: 167

	 A0A011PHI6	[854, 0, 585, 0, 0, 584, 583, 716, 0]

 ### Operon type: 168

	 A0A011QI68	[0, 0, 585, 584, 0, 0, 0, 0, 0]

 ### Operon type: 169

	 A0A011NVJ6	[698, 697, 696, 695, 694, 693, 0, 0, 692]

 ### Operon type: 170

	 A0A011PVP2	[0, 697, 696, 695, 694, 693, 0, 0, 680]

 ### Operon type: 171

	 A0A011NXY7	[0, 0, 696, 0, 694, 0, 0, 0, 0]

 ### Operon type: 172

	 A0A011NUB4	[713, 712, 733, 711, 710, 709, 0, 708, 0]
	 A0A011QR69	[713, 712, 733, 711, 710, 709, 0, 0, 0]

 ### Operon type: 173

	 A0A011NN36	[712, 733, 0, 0, 710, 709, 0, 0, 0]

 ### Operon type: 174

	 A0A011PK69	[733, 600, 0, 0, 710, 709, 0, 0, 0]

 ### Operon type: 175

	 A0A011RMI6	[807, 806, 805, 804, 803, 802, 801, 800, 799]
	 A0A011NYD6	[807, 806, 805, 804, 803, 802, 801, 800, 799]

 ### Operon type: 176

	 A0A011QB28	[519, 807, 806, 0, 0, 802, 801, 800, 799]

 ### Operon type: 177

	 A0A011NF33	[0, 802, 801, 0, 0, 0, 0, 0, 0]

 ### Operon type: 178

	 A0A011NBY4	[638, 0, 0, 748, 0, 0, 637, 0, 0]

 ### Operon type: 179

	 A0A011WRT0	[638, 0, 0, 0, 0, 0, 0, 785, 0]

 ### Operon type: 180

	 A0A011SHV5	[0, 0, 0, 0, 0, 780, 785, 779, 0]

 ### Operon type: 181

	 A0A011NB95	[0, 642, 0, 0, 0, 0, 641, 640, 639]

 ### Operon type: 182

	 A0A011UHT4	[227, 226, 640, 0, 0, 225, 225, 639, 0]

 ### Operon type: 183

	 A0A010Z1W7	[0, 0, 0, 0, 0, 22, 0, 608, 609]

 ### Operon type: 184

	 A0A011VY84	[0, 0, 609, 608, 0, 0, 0, 0, 0]

 ### Operon type: 185

	 A0A010YW85	[0, 0, 0, 0, 0, 283, 0, 608, 609]

 ### Operon type: 186

	 A0A010ZMA0	[608, 658, 0, 0, 0, 0, 0, 0, 0]

 ### Operon type: 187

	 A0A011N5L2	[0, 0, 0, 658, 0, 657, 656, 0, 0]

 ### Operon type: 188

	 A0A009MJ75	[0, 0, 211, 438, 161, 0, 0, 0, 427]

 ### Operon type: 189

	 A0A010IH51	[0, 762, 0, 0, 161, 0, 427, 0, 0]

 ### Operon type: 190

	 A0A011TYT7	[0, 0, 0, 0, 0, 0, 762, 761, 761]

 ### Operon type: 191

	 A0A010RRR9	[0, 0, 0, 0, 623, 0, 0, 367, 427]

 ### Operon type: 192

	 A0A010SIA7	[0, 0, 367, 220, 0, 0, 0, 0, 0]

 ### Operon type: 193

	 A0A010RFQ9	[0, 0, 432, 0, 370, 0, 0, 0, 0]

 ### Operon type: 194

	 A0A010SPR9	[30, 30, 0, 0, 0, 370, 0, 0, 0]

 ### Operon type: 195

	 A0A009LNU8	[46, 48, 766, 383, 0, 70, 0, 497, 0]

 ### Operon type: 196

	 A0A013SRG6	[382, 383, 766, 48, 0, 47, 0, 46, 45]

 ### Operon type: 197

	 A0A009IQU8	[0, 48, 0, 0, 0, 47, 45, 0, 0]

 ### Operon type: 198

	 A0A010K2K8	[766, 383, 382, 0, 0, 0, 0, -1, 497]

 ### Operon type: 199

	 A0A011NPR8	[0, 45, 0, 0, 0, 0, 115, 0, 0]

 ### Operon type: 200

	 A0A010SEA2	[522, 115, 114, 0, 0, 0, 0, 0, 0]

 ### Operon type: 201

	 A0A010IGH8	[0, 0, 0, 0, 0, 0, 0, 313, 346]

 ### Operon type: 202

	 A0A010STD3	[0, 0, 0, 860, 859, 858, 0, 346, 313]

 ### Operon type: 203

	 A0A010SQJ5	[304, 510, 0, 860, 859, 858, 0, 0, 0]

 ### Operon type: 204

	 A0A013RVV2	[463, 0, 315, 314, 0, 0, 346, 313, 0]

 ### Operon type: 205

	 A0A011TD67	[861, 0, 0, 860, 859, 858, 857, 0, 856]

 ### Operon type: 206

	 A0A009ZC12	[0, 0, 0, 860, 0, 858, 857, 80, 531]

 ### Operon type: 207

	 A0A009YSC7	[0, 0, 637, 66, 0, 66, 315, 314, 0]

 ### Operon type: 208

	 A0A009ZJK4	[0, 0, 0, 0, 0, 0, 455, 78, 0]

 ### Operon type: 209

	 A0A010SVN1	[-1, 78, 650, 158, 280, 0, 0, 455, 0]

 ### Operon type: 210

	 A0A009PFK7	[197, 196, 195, 194, 193, 0, 0, 192, 0]
	 A0A009QGN4	[197, 196, 195, 194, 193, 192, 0, 0, 0]

 ### Operon type: 211

	 A0A009YR20	[0, 192, 0, 0, 0, 0, 196, 0, 0]

 ### Operon type: 212

	 A0A009SCM5	[91, 90, 89, 0, 0, 0, 0, 0, 0]

 ### Operon type: 213

	 A0A009TJ77	[100, 71, 0, 0, 0, 0, 91, 90, 89]

 ### Operon type: 214

	 A0A009HZV2	[0, 0, 0, 0, 132, 131, 137, 0, 0]

 ### Operon type: 215

	 A0A009QPE7	[0, 0, 0, 0, 132, 131, 0, 0, 0]

 ### Operon type: 216

	 A0A009MGR3	[0, 0, 43, 0, 203, 86, 125, 202, 201]

 ### Operon type: 217

	 A0A009Q4G0	[0, 44, 43, 0, 203, 0, 202, 201, 202]

 ### Operon type: 218

	 A0A009PB53	[0, 0, 205, 204, 203, 202, 201, 202, 200]

 ### Operon type: 219

	 A0A009PUJ8	[0, 205, 204, 203, 0, 200, 135, 134, 133]

 ### Operon type: 220

	 A0A009QQC0	[130, 0, 160, 650, 292, 292, 159, 332, 158]
	 A0A009H7I0	[130, 0, 0, 650, 292, 292, 159, 332, 158]

 ### Operon type: 221

	 A0A009MVG4	[160, 0, 293, 650, 292, 292, 159, 332, 158]

 ### Operon type: 222

	 A0A009QA91	[88, 87, 580, 650, 292, 292, 159, 332, 158]
	 A0A010J377	[88, 87, 580, 650, 292, 292, 159, 332, 158]

 ### Operon type: 223

	 A0A009S1X4	[88, 87, 580, 650, 292, 292, 650, 0, 186]

 ### Operon type: 224

	 A0A013SHF4	[0, 0, 293, 650, 292, 292, 0, 291, 0]

 ### Operon type: 225

	 A0A011N3C3	[0, 0, 0, 760, 669, 668, 667, 666, 665]
	 A0A011PJK8	[760, 669, 668, 667, 666, 665, 0, 0, 0]

 ### Operon type: 226

	 A0A011UWH1	[732, 731, 730, 729, 0, 0, 0, 0, 0]
	 A0A011WKI4	[0, 0, 0, 0, 0, 732, 731, 730, 729]

 ### Operon type: 227

	 A0A010YKP2	[0, 0, 0, 0, 0, 0, 692, 270, 0]

 ### Operon type: 228

	 A0A011V1A2	[720, 0, 0, 270, 0, 0, 0, 0, 0]

 ### Operon type: 229

	 A0A011NGS0	[0, 0, 0, 0, 853, 852, 0, 0, 0]

 ### Operon type: 230

	 A0A011PW61	[0, 0, 0, 0, 853, 852, 0, 0, 627]

 ### Operon type: 231

	 A0A011UXI1	[0, 726, 0, 0, 853, 852, 851, 0, 0]

 ### Operon type: 232

	 A0A011SWI9	[-1, -1, 0, 854, 853, 852, 851, -1, -1]

 ### Operon type: 233

	 A0A011P952	[852, 0, 572, 0, 0, 572, 0, 0, 0]

 ### Operon type: 234

	 A0A011QVV5	[0, 0, 681, 716, 715, 714, 715, 680, 679]
	 A0A011Q1B3	[681, 716, 715, 714, 715, 680, 679, 0, 0]

 ### Operon type: 235

	 A0A011NSG8	[0, 0, 0, 716, 715, 714, 0, 715, 0]

 ### Operon type: 236

	 A0A011P0X4	[0, 0, 679, 0, 715, 0, 0, 714, 516]

 ### Operon type: 237

	 A0A010YNY9	[0, 0, 23, 14, 0, 0, 0, 0, 734]

 ### Operon type: 238

	 A0A011AC71	[186, 0, 0, 282, 0, 23, 14, 0, 580]

 ### Operon type: 239

	 A0A011PRW6	[589, 0, 0, 0, 588, 806, 805, 0, 0]
	 A0A011QLX0	[0, 589, 0, 0, 588, 0, 806, 805, 0]

 ### Operon type: 240

	 A0A010SML6	[0, 806, 805, -1, 0, 582, 0, 0, 0]

 ### Operon type: 241

	 A0A010RS09	[0, 0, 0, 0, 215, 0, 855, 855, 0]

 ### Operon type: 242

	 A0A010RTE7	[0, 0, 0, 0, 0, 0, 215, 71, 0]

 ### Operon type: 243

	 A0A009P817	[167, 0, 0, 0, 166, 0, 285, 165, 164]

 ### Operon type: 244

	 A0A009TIY0	[0, 0, 0, 0, 166, 0, 285, 165, 0]

 ### Operon type: 245

	 A0A009QKA3	[285, 165, 0, 164, 0, 0, 0, 0, 197]

 ### Operon type: 246

	 A0A009HSR2	[0, 105, 104, 0, 103, 154, 155, 137, 156]

 ### Operon type: 247

	 A0A009SWM1	[0, 105, 104, 0, 103, 0, 0, 155, 0]

 ### Operon type: 248

	 A0A009MYX0	[157, 156, 0, 760, 0, 0, 155, 154, 153]

 ### Operon type: 249

	 A0A009QK79	[0, 0, 153, 154, 0, 155, 0, 0, 156]

 ### Operon type: 250

	 A0A009GXJ1	[269, 268, 154, 155, 36, 137, 156, 157, 0]

 ### Operon type: 251

	 A0A009I5G9	[0, 0, 497, 496, 495, 494, 493, 492, 491]
	 A0A010IT95	[0, 0, 0, 497, 495, 494, 493, 492, 491]
	 A0A013TKW8	[0, 849, 0, 497, 495, 494, 493, 492, 491]
	 A0A009PRQ9	[0, 497, 496, 0, 495, 494, 493, 492, 491]
	 A0A009QT77	[0, 0, -1, 497, 495, 494, 493, 492, 491]
	 A0A009S0T6	[0, 0, 497, 496, 495, 494, 493, 492, 491]
	 A0A009MH36	[0, 0, 0, 497, 495, 494, 493, 492, 491]
	 A0A009GWD0	[137, 0, 0, 497, 495, 494, 493, 492, 491]

 ### Operon type: 252

	 A0A013TMJ7	[773, -1, 0, 497, 495, 492, 491, 0, 0]

 ### Operon type: 253

	 A0A011VXC2	[-1, 617, 0, 616, 615, 614, 613, 612, 611]
	 A0A011V392	[617, 0, 616, 615, 614, 613, 0, 612, 611]

 ### Operon type: 254

	 A0A011V490	[286, 318, 0, 611, 612, 613, 614, 615, 616]

 ### Operon type: 255

	 A0A011VZF5	[0, 0, 615, 614, 613, 670, 318, 670, 0]

 ### Operon type: 256

	 A0A011WLE7	[0, 0, 0, 0, 0, 63, 0, 0, 0]
	 A0A011VU44	[0, 0, 0, 0, 0, 63, 0, 0, 0]

 ### Operon type: 257

	 A0A011VAP2	[0, 0, 55, 0, 0, 0, 0, 0, 54]

 ### Operon type: 258

	 A0A011VRJ8	[0, 0, 0, 0, 0, 0, 55, 0, 0]

 ### Operon type: 259

	 A0A011RNU1	[0, 0, 0, 0, 0, 0, 796, 796, 795]

 ### Operon type: 260

	 A0A011VKJ9	[0, 0, 0, 0, 0, 0, 795, 796, -1]

 ### Operon type: 261

	 A0A011PQZ7	[0, 0, 0, 591, 870, 0, 869, 0, 0]

 ### Operon type: 262

	 A0A011TUX4	[0, 0, 0, 0, 870, 0, 0, 869, 0]

 ### Operon type: 263

	 A0A011STZ9	[0, 0, 0, 869, 0, 0, 0, 0, 0]

 ### Operon type: 264

	 A0A011PRF5	[590, 0, 0, 0, 0, 0, 0, 0, 0]
	 A0A011PUJ9	[0, 0, 0, 0, 0, 0, 0, 0, 590]

 ### Operon type: 265

	 A0A011PFY8	[0, 0, 0, 0, 0, 0, 0, 0, 592]

 ### Operon type: 266

	 A0A011PNS3	[618, 592, 0, 0, 0, 0, 0, 0, 0]

 ### Operon type: 267

	 A0A011T648	[0, 592, 0, 0, 0, 0, 0, 733, 0]

 ### Operon type: 268

	 A0A010YYJ5	[0, 0, 0, 670, 0, 0, 0, 112, 112]

 ### Operon type: 269

	 A0A011NDM5	[670, 0, 0, 0, 0, 0, 0, 0, 0]

 ### Operon type: 270

	 A0A011MSR2	[0, 0, 0, 671, 0, 0, 0, 670, 670]

 ### Operon type: 271

	 A0A011WSU6	[0, 670, 0, 0, 612, 0, 0, 0, 0]

 ### Operon type: 272

	 A0A011U3C2	[0, 0, 826, 0, 0, 0, 0, 0, 0]
	 A0A011AEN3	[0, 0, 0, 0, 0, 0, 826, 0, 0]

 ### Operon type: 273

	 A0A011AAZ2	[0, 746, 0, 0, 0, 826, 826, 826, 0]

 ### Operon type: 274

	 A0A011T698	[0, 0, 0, 0, 0, 580, 826, 0, 0]

 ### Operon type: 275

	 A0A010YRE8	[0, 0, 0, 0, 0, 0, 0, 16, 0]

 ### Operon type: 276

	 A0A011AF05	[0, 0, 186, 16, 0, 0, 0, 0, 0]

 ### Operon type: 277

	 A0A009ZG48	[0, 0, 0, 849, 0, 0, 0, 0, 0]

 ### Operon type: 278

	 A0A011PEJ8	[0, 0, 850, 849, 0, 0, 0, 0, 0]

 ### Operon type: 279

	 A0A011QNJ7	[847, 0, 0, 849, 0, 0, 0, 847, 0]

 ### Operon type: 280

	 A0A011MMJ4	[0, 0, 0, 0, 0, 0, 0, 847, 0]

 ### Operon type: 281

	 A0A011R8M3	[0, 0, 850, 849, 0, 848, 0, 847, 0]

 ### Operon type: 282

	 A0A009ZC82	[0, 0, 771, 0, 0, 0, 0, 0, 0]

 ### Operon type: 283

	 A0A011P3F6	[582, 0, 0, 771, 0, 0, 0, 0, 0]

 ### Operon type: 284

	 A0A009IG48	[0, 0, 0, 440, 439, 0, 0, 0, 582]

 ### Operon type: 285

	 A0A009IMQ0	[0, 0, 0, 440, 439, 0, 0, 0, 0]

 ### Operon type: 286

	 A0A009SWV1	[0, 0, 0, 0, 0, 0, 0, 440, 0]

 ### Operon type: 287

	 A0A009PMZ9	[177, 0, 0, 0, 0, 0, 0, 0, 0]
	 A0A009Q512	[0, 0, 0, 0, 177, 0, 0, 0, 0]

 ### Operon type: 288

	 A0A009IFL2	[0, 442, 0, 441, -1, 0, 0, 0]

 ### Operon type: 289

	 A0A009ZDS1	[-1, -1, 0, 442, 0, 0, 365, 0, 0]

 ### Operon type: 290

	 A0A010SNM6	[28, 25, -1, 0, 0, 0, 773, 0, 0]

 ### Operon type: 291

	 A0A010T5D8	[25, 28, 0, -1, 0, -1, 379, 0, 0]

 ### Operon type: 292

	 A0A011UB51	[747, 0, 0, 0, 0, 0, 0, 0, 0]
	 A0A011UFH1	[0, 0, 0, 0, 0, 747, 0, 0, 0]

 ### Operon type: 293

	 A0A011V965	[0, -1, -1, 0, 56, 0, -1, -1, 0]
	 A0A011VHP2	[0, -1, -1, -1, 56, 0, 0, 0, 0]

 ### Operon type: 294

	 A0A010RVD0	[-1, 0, 0, -1, 0, 651, 651, 0, 31]

 ### Operon type: 295

	 A0A010T7Q5	[0, 31, 0, 0, 0, 0, -1, 0, 0]

 ### Operon type: 296

	 A0A010SJH7	[0, 0, 773, -1, 0, 0, 159, 0, 0]

 ### Operon type: 297

	 A0A010SRR2	[0, 0, -1, 0, 0, 0, 0, 0, 773]

 ### Operon type: 298

	 A0A011UZ32	[0, 0, 0, 0, 0, -1, 0, 0, 0]
	 A0A010RKP8	[0, 0, 0, 0, 0, 0, -1, 0, 0]
	 A0A009HJU6	[0, 0, 0, 0, 0, 0, 0, 0, -1]
	 A0A010TF14	[-1, 0, 0, 0, 0, 0, 0, 0, 0]
	 A0A010RY47	[-1, 0, -1, 0, 0, 0, 0, 0, 0]

 ### Operon type: 299

	 A0A010SJF9	[0, 0, 0, 0, 0, -1, 0, 237, -1]

 ### Operon type: 300

	 A0A011ML54	[0, 0, 0, 64, 0, 0, 0, 0, -1]

 ### Operon type: 301

	 A0A011NHY1	[0, 0, 0, 0, 0, 773, 0, 0, 0]

 ### Operon type: 302

	 A0A010Z171	[0, 0, 0, 0, 0, 0, 773, 0, 760]

 ### Operon type: 303

	 A0A011T697	[773, 0, 0, 0, 0, 0, 0, 0, 285]

 ### Operon type: 304

	 A0A011TDD1	[0, 281, 773, 0, 0, 0, 0, 0, 0]

 ### Operon type: 305

	 A0A011VW24	[0, 0, 809, 0, 0, 0, 0, 0, -1]

 ### Operon type: 306

	 A0A011T8V3	[0, 0, 809, 0, 0, 0, 0, 0, 0]

 ### Operon type: 307

	 A0A010TH98	[627, 0, 0, 809, 0, 0, 0, 0, 0]

 ### Operon type: 308

	 A0A011QVR3	[0, 0, 0, 0, 0, 0, 0, 642, 809]

 ### Operon type: 309

	 A0A011VYF1	[809, 0, 0, 0, 0, 0, 747, 0, 0]

 ### Operon type: 310

	 A0A010S415	[-1, 809, 0, 158, 0, 0, 0, 0, 461]

 ### Operon type: 311

	 A0A011NTU3	[0, 0, 0, 0, 0, 0, 0, 0, 0]
	 A0A011N2Z0	[0, 0, 0, 0, 0, 0, 0, 0, 0]
	 A0A011NAJ1	[0, 0, 0, 0, 0, 0, 0, 0, 0]
	 A0A011VYF6	[0, 0, 0, 0, 0, 0, 0, 0, 0]
	 A0A011PNN2	[0, 0, 0, 0, 0, 0, 0, 0, 0]
	 A0A011P9Z5	[0, 0, 0, 0, 0, 0, 0, 0, 0]
	 A0A011PBM9	[0, 0, 0, 0, 0, 0, 0, 0, 0]
	 A0A011QMJ8	[0, 0, 0, 0, 0, 0, 0, 0, 0]
	 A0A011QSN2	[0, 0, 0, 0, 0, 0, 0, 0, 0]
	 A0A011Q056	[0, 0, 0, 0, 0, 0, 0, 0, 0]
	 A0A010ZTI3	[0, 0, 0, 0, 0, 0, 0, 0, 0]
	 A0A013SL47	[0, 0, 0, 0, 0, 0, 0, 0, 0]
	 A0A011WUT3	[0, 0, 0, 0, 0, 0, 0, 0, 0]
	 A0A013S2B9	[0, 0, 0, 0, 0, 0, 0, 0, 0]
	 A0A013SBR8	[0, 0, 0, 0, 0, 0, 0, 0, 0]
	 A0A011UHL2	[0, 0, 0, 0, 0, 0, 0, 0, 0]
	 A0A011UBN9	[0, 0, 0, 0, 0, 0, 0, 0, 0]
	 A0A011UFM5	[0, 0, 0, 0, 0, 0, 0, 0, 0]
	 A0A009PDV4	[0, 0, 0, 0, 0, 0, 0, 0, 0]
	 A0A009MH90	[0, 0, 0, 0, 0, 0, 0, 0, 0]
	 A0A010SHY1	[0, 0, 0, 0, 0, 0, 0, 0, 0]
	 A0A011VNE2	[0, 0, 0, 0, 0, 0, 0, 0, 0]
	 A0A013TEV4	[0, 0, 0, 0, 0, 0, 0, 0, 0]
	 A0A009HIL8	[0, 0, 0, 0, 0, 0, 0, 0, 0]
	 A0A009M4K0	[0, 0, 0, 0, 0, 0, 0, 0, 0]
	 A0A010SPJ7	[0, 0, 0, 0, 0, 0, 0, 0, 0]
	 A0A010SSQ8	[0, 0, 0, 0, 0, 0, 0, 0, 0]
	 A0A010T025	[0, 0, 0, 0, 0, 0, 0, 0, 0]
	 A0A011A146	[0, 0, 0, 0, 0, 0, 0, 0, 0]
	 A0A010YJA7	[0, 0, 0, 0, 0, 0, 0, 0, 0]
	 A0A010YZS8	[0, 0, 0, 0, 0, 0, 0, 0, 0]
	 A0A010Z120	[0, 0, 0, 0, 0, 0, 0, 0, 0]
	 A0A011NMI8	[0, 0, 0, 0, 0, 0, 0, 0, 0]

 ### Operon type: 312

	 A0A010TG27	[732, 0, 224, 0, 0, 0, 650, 0, 0]

 ### Operon type: 313

	 A0A011PMK1	[0, 0, 0, 0, 0, 0, 0, 732, 0]

 ### Operon type: 314

	 A0A009HM15	[0, 149, 148, 0, 0, 0, -1, 0, 0]

 ### Operon type: 315

	 A0A009HRU1	[0, 154, 0, 0, 0, 0, 0, 0, 0]

 ### Operon type: 316

	 A0A009HSN8	[0, 44, 0, 0, 0, -1, 0, 200, -1]

 ### Operon type: 317

	 A0A009HV82	[135, 0, 0, 0, 0, 0, 0, 0, 0]

 ### Operon type: 318

	 A0A009IG74	[0, 0, 438, 0, 437, -1, 0, 0, 0]

 ### Operon type: 319

	 A0A009IJ90	[0, 100, 0, 0, 0, 0, 0, 0, 0]

 ### Operon type: 320

	 A0A009NM94	[0, 787, 787, 0, 0, 0, 281, 0, 0]

 ### Operon type: 321

	 A0A009Q4N5	[0, 0, 167, 0, 0, 0, 0, 0, 0]

 ### Operon type: 322

	 A0A009SSZ9	[0, 504, 0, 0, 0, 0, 0, 0, 0]

 ### Operon type: 323

	 A0A009YIH1	[0, 0, 0, 0, 151, 0, -1, -1, 74]

 ### Operon type: 324

	 A0A009YR05	[0, 0, 0, 0, 742, 0, 0, 0, 0]

 ### Operon type: 325

	 A0A009Z004	[83, 0, 83, 0, 0, 760, 0, 0, 0]

 ### Operon type: 326

	 A0A010RUQ5	[0, 0, 0, 0, 0, 0, 0, 0, 255]

 ### Operon type: 327

	 A0A010S195	[771, 0, 22, 27, 0, 0, 0, 0, 0]

 ### Operon type: 328

	 A0A010SCZ2	[0, 0, 0, 0, 0, 0, 0, 116, 0]

 ### Operon type: 329

	 A0A010SN41	[0, 0, 0, 0, 113, 0, 0, 0, 0]

 ### Operon type: 330

	 A0A010SSU2	[0, 0, 0, 0, 36, 0, -1, 573, 0]

 ### Operon type: 331

	 A0A010SUP6	[0, 0, 0, 0, 0, 0, 0, 27, 0]

 ### Operon type: 332

	 A0A010SUY9	[0, 0, 0, 0, 0, 848, 850, 0]

 ### Operon type: 333

	 A0A010THK2	[0, 0, -1, 0, 0, 855, 760, 0, 0]

 ### Operon type: 334

	 A0A010SRL4	[224, 0, 0, -1, 0, 0, 0, 760, 32]

 ### Operon type: 335

	 A0A010YX61	[488, 826, 0, 809, 0, 0, 0, 0, 0]

 ### Operon type: 336

	 A0A010S5W8	[0, 0, 671, 680, 0, 0, 0, 0, 0]

 ### Operon type: 337

	 A0A011NE37	[636, 0, 0, 0, 0, 0, 0, 0, 0]

 ### Operon type: 338

	 A0A011NF78	[0, 0, 682, 0, 0, 0, 0, 0, 0]

 ### Operon type: 339

	 A0A011NVE2	[0, 0, 0, 733, 0, 0, 773, 0, 757]

 ### Operon type: 340

	 A0A011NXJ4	[0, 0, 0, 0, 0, 0, 0, 0, 690]

 ### Operon type: 341

	 A0A011P8I1	[0, 0, 824, 826, 0, 0, 0, 0, 574]

 ### Operon type: 342

	 A0A011P9Q7	[571, 0, 0, 0, 0, 0, 0, 0, 0]

 ### Operon type: 343

	 A0A011PJ75	[0, 733, 587, 733, 0, 0, 0, 0, 0]

 ### Operon type: 344

	 A0A011PRB4	[0, 0, 0, 0, 0, 0, 0, 616, 0]

 ### Operon type: 345

	 A0A011QVT2	[530, 0, 0, 0, 0, 0, 0, 618, 0]

 ### Operon type: 346

	 A0A011RP14	[0, 0, 0, 0, 0, 0, 0, 794, 0]

 ### Operon type: 347

	 A0A011SM49	[773, 0, 794, 0, 0, 0, 772, 0, 0]

 ### Operon type: 348

	 A0A011AM27	[869, 0, 0, 0, 470, 0, 0, 0, 24]

 ### Operon type: 349

	 A0A011T607	[0, 0, 680, 0, 0, 0, 0, 0, 281]

 ### Operon type: 350

	 A0A011TAW2	[0, 0, 0, 0, 0, 0, 312, 0, 0]

 ### Operon type: 351

	 A0A011TED9	[0, 0, 0, 0, 0, 867, 0, 0, 0]

 ### Operon type: 352

	 A0A011TXS5	[0, 763, 0, 0, 0, 0, 0, 0, 0]

 ### Operon type: 353

	 A0A011U144	[0, 255, 0, 0, 0, 0, 690, 479, 0]

 ### Operon type: 354

	 A0A011U1C8	[580, 0, 0, 0, 0, 0, 0, 0, 254]

 ### Operon type: 355

	 A0A011U483	[0, 0, 0, 0, 0, 579, 0, 0, 0]

 ### Operon type: 356

	 A0A011UG86	[0, 716, 0, 0, 0, 237, 0, 0, 0]

 ### Operon type: 357

	 A0A011UQB5	[784, 748, 0, 0, 0, 0, 0, 747, 0]

 ### Operon type: 358

	 A0A011UVI5	[0, 0, 0, 0, 0, 734, 733, 733, 0]

 ### Operon type: 359

	 A0A011UWI3	[0, 0, 0, 0, 728, 0, 727, 771, 0]

 ### Operon type: 360

	 A0A011V5E6	[0, 0, 0, 0, 0, 287, 0, 0, 0]

 ### Operon type: 361

	 A0A011M4H6	[54, 0, 369, 0, 0, 0, 0, 0, 0]

 ### Operon type: 362

	 A0A011VSV3	[0, 0, 0, 0, 0, 0, 558, 0, 0]

 ### Operon type: 363

	 A0A011VWI0	[0, 0, 0, 0, 0, 226, 0, 0, 0]

 ### Operon type: 364

	 A0A011VZ91	[729, 0, 0, 0, 0, 0, 0, 0, 0]

 ### Operon type: 365

	 A0A011WP76	[0, 0, 0, 0, 0, 0, 0, 0, 543]

 ### Operon type: 366

	 A0A011WSD4	[0, 0, 0, -1, 0, 670, 0, 0, 318]

 ### Operon type: 367

	 A0A011WT35	[318, 0, 0, 0, 0, 0, 0, 0, 0]

 ### Operon type: 368

	 A0A013S843	[0, 332, 0, 0, 0, 0, -1, 304, 0]

 ### Operon type: 369

	 A0A013T5E6	[0, 0, 0, 203, 0, 0, 0, 0, 0]

 ### Operon type: 370

	 A0A009T185	[712, 0, 587, 587, 348, 733, 587, 755, 693]

 ### Operon type: 371

	 A0A010IN36	[349, 773, 0, 0, 348, 733, 587, 755, 693]

 ### Operon type: 372

	 A0A009PG43	[733, 587, 745, 618, 0, 755, 693, 0, 0]

 ### Operon type: 373

	 A0A009INE0	[349, 0, 0, 0, 0, 0, 0, 587, 755]

 ### Operon type: 374

	 A0A009T9H0	[0, 74, 582, -1, 0, 0, 155, 0, 154]

 ### Operon type: 375

	 A0A010THH5	[0, 114, 442, 734, 0, 0, 779, 0, 365]

 ### Operon type: 376

	 A0A011VZE3	[0, 0, 0, 650, 601, 0, 0, 0, 0]
	 A0A011WSH8	[0, 0, 0, 650, 601, 0, 0, 0, 0]

 ### Operon type: 377

	 A0A011NAF3	[0, 0, 0, 0, 0, 0, 650, 0, 702]

 ### Operon type: 378

	 A0A009IQ93	[250, 0, 650, 0, 0, 32, 0, 0, 0]

 ### Operon type: 379

	 A0A009Q8S9	[0, 0, 582, 305, 0, 749, 0, 0, 0]

 ### Operon type: 380

	 A0A009TLU4	[0, 763, -1, 70, 0, 69, 0, -1, -1]

 ### Operon type: 381

	 A0A009ZB47	[81, 170, 0, 0, 0, 670, 373, 0, 0]

 ### Operon type: 382

	 A0A009ZVR4	[792, 0, 826, 0, 0, 112, 0, 0, 111]

 ### Operon type: 383

	 A0A010JIN9	[373, 0, 0, 71, 456, 0, 0, 0, 0]

 ### Operon type: 384

	 A0A010S003	[556, 0, 0, 0, 0, 716, 716, 510, 0]

 ### Operon type: 385

	 A0A010SMN8	[0, -1, 23, 0, 370, 0, 0, 561, 0]

 ### Operon type: 386

	 A0A010SXS1	[0, 745, 0, 0, 0, 752, 0, 0, 618]

 ### Operon type: 387

	 A0A010T689	[24, -1, 779, 798, 0, 0, 0, 0, 0]

 ### Operon type: 388

	 A0A010TBB4	[0, 430, 0, 237, 0, 0, 0, 0, 580]

 ### Operon type: 389

	 A0A010YFK3	[0, 811, 0, 0, 0, 0, 50, 0, 254]

 ### Operon type: 390

	 A0A010YVY1	[2, 0, 2, 0, 0, 0, 0, 510, 0]

 ### Operon type: 391

	 A0A010ZSZ2	[0, 746, 0, 515, 514, 0, 0, 0, 0]

 ### Operon type: 392

	 A0A010Z0Y7	[0, 0, 0, 0, 514, 158, 0, 0, 0]

 ### Operon type: 393

	 A0A011A0M8	[0, 0, 760, 0, 441, 0, 0, 15, 15]

 ### Operon type: 394

	 A0A011NFL4	[0, 786, 0, 0, 831, 732, 0, 52, 0]

 ### Operon type: 395

	 A0A011P407	[0, 0, 581, 785, 0, 0, 580, 0, 579]

 ### Operon type: 396

	 A0A011QGT2	[650, 0, 0, 667, 666, 0, 0, 0, 0]

 ### Operon type: 397

	 A0A011QSA4	[533, 0, 532, 531, 0, 0, 0, 0, 682]

 ### Operon type: 398

	 A0A011T6J6	[0, 521, 0, 826, 0, 0, 284, 0, 283]

 ### Operon type: 399

	 A0A011TAL2	[0, 680, 0, 0, 0, 282, 0, 692, 0]

 ### Operon type: 400

	 A0A011TZG0	[760, 759, 0, 0, 0, 0, 0, 758, 0]

 ### Operon type: 401

	 A0A011UGY3	[230, 229, 287, 228, 0, 0, 0, 228, 0]

 ### Operon type: 402

	 A0A011UII7	[0, 0, 0, 0, 0, 757, 756, 0, 0]

 ### Operon type: 403

	 A0A011UNT9	[749, 776, 0, 0, 0, 0, 0, 0, 0]

 ### Operon type: 404

	 A0A011SIS0	[0, 778, 777, 777, 0, 0, 0, 776, 0]

 ### Operon type: 405

	 A0A011UT49	[0, 746, 0, 0, 0, 0, 745, 744, 0]

 ### Operon type: 406

	 A0A011VU65	[244, 0, 0, 0, 0, 50, 0, 558, 249]

 ### Operon type: 407

	 A0A011VV03	[0, 513, 0, 0, 719, 54, 0, 0, 0]

 ### Operon type: 408

	 A0A011VVZ9	[0, 0, -1, 0, 0, 116, 49, 49, 775]

 ### Operon type: 409

	 A0A011VWX7	[618, 721, 0, 0, 0, 0, 0, 780, 0]

 ### Operon type: 410

	 A0A011VXK7	[787, 787, 0, 610, 0, 0, 0, 724, 0]

 ### Operon type: 411

	 A0A011W0I6	[65, 0, 0, 0, 0, 659, 0, 64, 0]

 ### Operon type: 412

	 A0A010YEF6	[0, 65, 0, 0, 0, 0, 0, 0, 26]

 ### Operon type: 413

	 A0A013SQH1	[0, 0, 0, 0, 113, 599, 0, 497, 641]

 ### Operon type: 414

	 A0A009QJA8	[134, 133, 0, 0, 0, 0, 0, 0, 405]

 ### Operon type: 415

	 A0A009YL68	[0, 0, 580, 490, 486, 0, 0, 80, 0]

 ### Operon type: 416

	 A0A010JNG7	[497, 0, 0, 366, 0, 0, 0, 0, 0]

 ### Operon type: 417

	 A0A010RM40	[387, 650, 523, 0, 0, 0, 0, -1, 689]

 ### Operon type: 418

	 A0A010RRQ6	[0, 369, 0, 0, 0, 370, 435, 368, 0]

 ### Operon type: 419

	 A0A010S423	[284, 0, 0, 0, 0, 0, 0, 727, 791]

 ### Operon type: 420

	 A0A010T0I7	[0, 0, 26, 0, 0, 824, 532, 650, 0]

 ### Operon type: 421

	 A0A010ZUR7	[513, 512, 0, 512, 0, 511, 510, 0, 0]

 ### Operon type: 422

	 A0A011NA78	[0, 652, 0, 0, 0, 651, 0, 0, 689]

 ### Operon type: 423

	 A0A011P8W7	[593, 581, 618, 0, 573, 0, 0, 0, 0]

 ### Operon type: 424

	 A0A011PG97	[561, 0, 0, 560, 0, 0, 0, 0, 0]

 ### Operon type: 425

	 A0A011PKT4	[0, 599, 0, 0, 0, 0, 726, 0, 0]

 ### Operon type: 426

	 A0A011PLB2	[0, 593, 0, 600, 0, 0, 0, 0, 0]

 ### Operon type: 427

	 A0A011R339	[0, 0, 0, 0, 0, 0, 269, 268, 0]

 ### Operon type: 428

	 A0A011SFE5	[0, 0, 0, 787, 0, 0, 786, 785, 784]

 ### Operon type: 429

	 A0A011SJT5	[0, 0, 0, 775, 774, 774, 774, 774, 774]

 ### Operon type: 430

	 A0A011TDQ5	[0, 0, 0, 0, 280, 661, 0, 0, 0]

 ### Operon type: 431

	 A0A011VT01	[0, 0, 51, 0, 0, 51, 0, 0, 180]

 ### Operon type: 432

	 A0A009Z3V9	[650, 0, 0, 0, 0, 118, 668, 119, 120]

 ### Operon type: 433

	 A0A010SRB2	[69, 29, 0, 0, 0, 29, 28, 0, 0]

 ### Operon type: 434

	 A0A010KA25	[373, 0, 779, 372, 426, 0, 0, 373, 371]

 ### Operon type: 435

	 A0A011TZN1	[259, 258, 257, 0, 256, 0, 0, 0, 0]

 ### Operon type: 436

	 A0A011VJ76	[53, 53, 744, 52, 0, 650, 760, 0, 581]

 ### Operon type: 437

	 A0A011UG17	[246, 0, 602, 0, 245, 244, 0, 0, 0]

 ### Operon type: 438

	 A0A011WUA8	[519, 0, 0, 317, 0, 0, 0, 316, 316]

 ### Operon type: 439

	 A0A010S4X6	[0, 158, 523, 716, 377, 0, 698, 598, 855]

 ### Operon type: 440

	 A0A010YY02	[0, 1, 0, 0, 1, 525, 79, 0, 13]
