
 ### Operon type: 1

	 A0A010ILU3	[567, 566, 565, 564, 563, 562, 561, 560, 559]
	 A0A009H3B0	[567, 566, 565, 564, 563, 562, 561, 560, 559]
	 A0A009MW50	[567, 566, 565, 564, 563, 562, 561, 560, 559]
	 A0A009QBR9	[567, 566, 565, 564, 563, 562, 560, 559, 56]
	 A0A009QS71	[567, 566, 565, 564, 563, 562, 561, 560, 559]
	 A0A009I8S2	[567, 566, 565, 564, 563, 562, 560, 559, 56]
	 A0A009TM70	[567, 566, 565, 564, 563, 562, 560, 559, 56]

 ### Operon type: 2

	 A0A013TH43	[429, 428, 513, 476, 427, 426, 425, 424, 485]
	 A0A009RAF0	[429, 428, 513, 476, 427, 426, 425, 424, 485]

 ### Operon type: 3

	 A0A011PVT3	[739, 738, 737, 736, 735, 734, 733, 732, 731]
	 A0A011R7V7	[739, 738, 737, 736, 735, 734, 733, 732, 731]
	 A0A011MET3	[739, 738, 737, 736, 735, 734, 733, 732, 731]

 ### Operon type: 4

	 A0A013SNJ8	[531, 396, 559, 395, 394, 393, 403, 392, 391]
	 A0A013RZW2	[531, 396, 559, 395, 394, 393, 403, 392, 391]
	 A0A009PH20	[531, 396, 559, 395, 394, 393, 403, 392, 391]
	 A0A009MMM3	[531, 396, 559, 395, 394, 393, 403, 392, 391]
	 A0A009HBT3	[531, 396, 559, 395, 394, 393, 403, 392, 391]
	 A0A009SIZ4	[531, 396, 559, 395, 394, 393, 403, 392, 391]
	 A0A009IV03	[531, 396, 559, 395, 394, 393, 403, 392, 391]
	 A0A009RD69	[531, 396, 559, 395, 394, 393, 403, 392, 391]
	 A0A010J9U3	[531, 396, 559, 395, 394, 393, 403, 392, 391]
	 A0A009YIZ0	[531, 396, 559, 395, 394, 393, 403, 392, 391]

 ### Operon type: 5

	 A0A009PH57	[257, 256, -1, 255, 254, 728, 253, 495, 252]
	 A0A009TG92	[257, 256, -1, 255, 254, 728, 253, 495, 252]

 ### Operon type: 6

	 A0A013S288	[466, 339, 338, 337, 393, 336, 335, 334, 333]
	 A0A013SXT2	[466, 339, 338, 337, 393, 336, 335, 334, 333]
	 A0A009I0I9	[466, 339, 338, 337, 393, 336, 335, 334, 333]
	 A0A009N031	[466, 339, 338, 337, 393, 336, 335, 334, 333]
	 A0A009PWG1	[466, 339, 338, 337, 393, 336, 335, 334, 333]
	 A0A009SFX8	[466, 339, 338, 337, 97, 393, 336, 335, 334]
	 A0A009R2X0	[466, 339, 338, 337, 393, 336, 335, 334, 333]
	 A0A010J3I1	[466, 339, 338, 337, 393, 336, 335, 334, 333]
	 A0A009TBM2	[339, 338, 337, 97, 393, 336, 335, 334, 333]

 ### Operon type: 7

	 A0A010IMP8	[555, 834, 611, 554, 553, 552, 551, 550, 549]
	 A0A013SZ54	[555, 834, 611, 554, 553, 552, 551, 550, 549]
	 A0A013T8M5	[555, 834, 611, 554, 553, 552, 551, 550, 549]
	 A0A009SWU0	[555, 834, 611, 554, 553, 552, 551, 550, 549]
	 A0A009H7U0	[555, 834, 611, 554, 553, 552, 551, 550, 549]
	 A0A009N123	[555, 834, 611, 554, 553, 552, 551, 550, 549]
	 A0A009Q3K7	[555, 834, 611, 554, 553, 552, 551, 550, 549]
	 A0A009IRJ6	[555, 834, 611, 554, 553, 552, 551, 550, 549]
	 A0A009RBQ2	[555, 834, 611, 554, 553, 552, 551, 550, 549]
	 A0A009ZM43	[-1, 834, 611, 554, 553, 552, 551, 550, 549]

 ### Operon type: 8

	 A0A013RMD0	[-1, 387, 588, 386, 385, 592, 384, 383, 382]
	 A0A009H6M2	[-1, 387, 588, 386, 385, 592, 384, 383, 382]
	 A0A009N9Z1	[-1, 387, 588, 386, 385, 592, 384, 383, 382]
	 A0A009QDV7	[-1, 387, 588, 386, 385, 592, 384, 383, 382]
	 A0A009S854	[-1, 387, 588, 386, 385, 592, 384, 383, 382]
	 A0A009IHQ3	[-1, 387, 588, 386, 385, 592, 384, 383, 382]
	 A0A009RG92	[-1, 387, 588, 386, 385, 592, 384, 383, 382]
	 A0A010JDA6	[-1, 387, 588, 386, 385, 592, 384, 383, 382]
	 A0A009ZIC0	[71, 387, 588, 386, 385, 592, 384, 383, 382]

 ### Operon type: 9

	 A0A011UIA1	[356, 355, 354, 353, 352, 351, 350, 349, 0]
	 A0A011V5V3	[0, 356, 355, 354, 353, 352, 351, 350, 349]

 ### Operon type: 10

	 A0A011PTE7	[648, 647, 646, 645, 644, 0, 643, 642, 641]
	 A0A011NE72	[648, 647, 646, 645, 644, 643, 642, 641, 0]

 ### Operon type: 11

	 A0A009I4A1	[86, 85, 873, 84, 83, 82, 81, 80, 79]
	 A0A010JWJ1	[86, 85, 873, 84, 83, 82, 81, 80, 79]

 ### Operon type: 12

	 A0A009QF22	[55, 54, 86, 0, 83, 82, 81, 80, 79]
	 A0A009TBY8	[55, 54, 86, 84, 83, 82, 81, 80, 79]

 ### Operon type: 13

	 A0A011NEY3	[610, 770, 769, 768, 768, 767, 766, 765, 0]

 ### Operon type: 14

	 A0A011PAN4	[770, 769, 0, 768, 768, 767, 766, 765, 764]

 ### Operon type: 15

	 A0A011RCD5	[610, 770, 769, 768, 768, 767, 766, 765, 764]

 ### Operon type: 16

	 A0A011P4U7	[0, 789, 788, 787, 786, 785, 784, 783, 782]
	 A0A011NAY5	[789, 788, 787, 786, 785, 784, 783, 782, 0]

 ### Operon type: 17

	 A0A011PF67	[761, 760, 759, 758, 757, 0, 0, 0, 0]
	 A0A011NW66	[761, 760, 759, 758, 757, 629, 0, 0, 0]
	 A0A011NBX7	[761, 760, 759, 758, 757, 629, 0, 0, 0]

 ### Operon type: 18

	 A0A011NS68	[761, 760, 759, 758, 757, 636, 635, 634, 795]
	 A0A011RHX4	[761, 760, 759, 758, 757, 636, 635, 634, 0]

 ### Operon type: 19

	 A0A010YT39	[0, 297, 21, 587, 20, 19, 18, 17, 316]

 ### Operon type: 20

	 A0A010Z7T4	[21, 587, 20, 19, 18, 17, 316, 585, 651]

 ### Operon type: 21

	 A0A013SP43	[405, 404, 403, 402, 401, 400, 399, 398, 397]
	 A0A009RUN3	[405, 404, 403, 402, 401, 400, 399, 398, 397]
	 A0A010K6G6	[405, 404, 403, 402, 401, 400, 399, 0, 397]

 ### Operon type: 22

	 A0A011VWR4	[0, 0, 0, 0, 157, 156, 155, 154, 153]

 ### Operon type: 23

	 A0A011VYP6	[157, 156, 155, 154, 153, 0, 152, 736, 0]

 ### Operon type: 24

	 A0A011QAS2	[0, 694, 693, 692, 691, 690, 689, 688, 687]
	 A0A011NEQ1	[0, 694, 693, 692, 691, 690, 689, 688, 687]

 ### Operon type: 25

	 A0A010JSI3	[600, 599, 598, 597, 596, 595, 594, 593, 0]
	 A0A013T0M4	[600, 599, 598, 597, 596, 595, 594, 593, 0]
	 A0A009HDS5	[600, 599, 598, 597, 596, 595, 594, 593, 176]
	 A0A009RGL2	[600, 599, 598, 597, 596, 595, 594, 593, 176]

 ### Operon type: 26

	 A0A009SNL0	[206, 205, 317, 204, 203, 202, 201, 200, 199]

 ### Operon type: 27

	 A0A009T1I8	[317, 204, 203, 202, 201, 200, 199, 0, 0]

 ### Operon type: 28

	 A0A011VUV0	[288, 287, 286, 285, 284, 283, 512, 374, 0]
	 A0A011VW71	[0, 288, 287, 286, 285, 284, 283, 512, 374]

 ### Operon type: 29

	 A0A011UG71	[308, 307, 306, 305, 304, 303, 302, 147, 146]

 ### Operon type: 30

	 A0A011V8Z7	[0, 0, 308, 307, 306, 305, 304, 303, 302]

 ### Operon type: 31

	 A0A011V8Y9	[305, 304, 303, 302, 147, 146, 0, 0, 0]

 ### Operon type: 32

	 A0A011U8C0	[0, 303, 307, 0, 492, 147, 0, 0, 0]

 ### Operon type: 33

	 A0A011QSF0	[0, 827, 826, 825, 824, 823, 822, 821, 0]
	 A0A011QBB5	[800, 827, 826, 825, 824, 823, 822, 821, 799]
	 A0A011Q0X6	[800, 827, 826, 825, 824, 823, 822, 821, 799]
	 A0A011Q1X8	[827, 0, 826, 825, 824, 823, 822, 821, 799]

 ### Operon type: 34

	 A0A011PG87	[800, 827, 826, 825, 824, 823, 822, 0, 0]

 ### Operon type: 35

	 A0A011PCT1	[814, 813, 812, 0, 0, 0, 0, 763, 0]

 ### Operon type: 36

	 A0A011QU35	[0, 0, 0, 0, 815, 0, 814, 813, 812]

 ### Operon type: 37

	 A0A011Q2B1	[818, 781, 815, 780, 812, 719, 718, 717, 763]

 ### Operon type: 38

	 A0A011RLN8	[817, 816, 815, 780, 812, 719, 718, 717, 763]

 ### Operon type: 39

	 A0A011P700	[0, 0, 820, 819, 818, 781, 815, 780, 812]

 ### Operon type: 40

	 A0A011QSI4	[0, 0, 820, 819, 818, 0, 817, 816, 815]

 ### Operon type: 41

	 A0A013T337	[618, 590, 444, 443, 442, 802, 441, 805, 440]
	 A0A013TH30	[618, 590, 444, 443, 442, 802, 441, 805, 440]
	 A0A013S981	[328, 618, 590, 444, 443, 442, 802, 441, 805]

 ### Operon type: 42

	 A0A010JY00	[328, 618, 590, 444, 41, 802, 441, 805, 440]

 ### Operon type: 43

	 A0A013TPV4	[417, 416, 415, 414, 413, 412, 507, 873, 411]
	 A0A009QQ47	[417, 416, 415, 414, 413, 412, 507, 873, 411]
	 A0A009MGJ1	[417, 416, 415, 414, 413, 412, 507, 873, 411]
	 A0A009HR98	[417, 416, 415, 414, 413, 412, 507, 873, 411]
	 A0A009HL81	[417, 416, 415, 414, 413, 412, 507, 873, 411]
	 A0A009SZB5	[417, 416, 415, 414, 413, 412, 507, 873, 411]
	 A0A010IZE4	[417, 416, 415, 414, 413, 412, 507, 873, 411]

 ### Operon type: 44

	 A0A009Z8F7	[416, 415, 412, 0, 413, 44, 44, 0, 98]

 ### Operon type: 45

	 A0A009HFU9	[75, 74, 73, 72, 71, 584, 70, 69, 0]
	 A0A009R016	[75, 74, 73, 72, 71, -1, 584, 70, 69]

 ### Operon type: 46

	 A0A011UJN3	[0, 546, 0, 0, 483, 482, 481, 480, 479]

 ### Operon type: 47

	 A0A011W213	[483, 482, 481, 480, 479, 633, 0, 0, 0]

 ### Operon type: 48

	 A0A011QIT1	[861, 860, 859, 858, 857, 856, 855, 854, 853]
	 A0A011QUG8	[861, 860, 859, 858, 857, 856, 0, 855, 854]

 ### Operon type: 49

	 A0A011PP01	[654, 653, 652, 741, 742, 743, 744, 745, 746]
	 A0A011NVE7	[654, 653, 652, 741, 742, 743, 744, 745, 746]

 ### Operon type: 50

	 A0A011P2I4	[749, 748, 747, 746, 745, 744, 743, 742, 741]
	 A0A011N9N8	[749, 748, 747, 746, 745, 744, 743, 742, 741]

 ### Operon type: 51

	 A0A011PIY7	[716, 0, 747, 746, 745, 744, 743, 0, 741]

 ### Operon type: 52

	 A0A011Q3J4	[0, 716, 747, 746, 745, 744, 743, 742, 0]

 ### Operon type: 53

	 A0A011MH88	[47, 716, 747, 746, 745, 744, 743, 742, 741]

 ### Operon type: 54

	 A0A013SPM5	[438, 437, 436, 435, 434, 433, 432, 431, 430]
	 A0A009HSL1	[438, 437, 436, 435, 434, 433, 432, 431, 430]
	 A0A009QFZ7	[438, 437, 436, 435, 434, 433, 432, 431, 430]
	 A0A009MH71	[438, 437, 436, 435, 434, 433, 432, 431, 430]
	 A0A009I6Z0	[438, 437, 436, 435, 434, 433, 432, 431, 430]
	 A0A010IX62	[438, 437, 436, 435, 434, 433, 432, 431, 430]
	 A0A009TK03	[438, 437, 436, 435, 434, 433, 432, 431, 430]

 ### Operon type: 55

	 A0A009ZIX8	[0, 32, 436, 435, 434, 671, 0, 430, 0]

 ### Operon type: 56

	 A0A010JJN4	[582, 581, 580, 579, 578, 577, 576, 776, 619]
	 A0A013TPR7	[582, 581, 580, 579, 578, 577, 576, 776, 619]
	 A0A009PMT3	[582, 581, 580, 579, 578, 577, 576, 776, 619]
	 A0A009SEP4	[582, 581, 580, 579, 578, 0, 577, 576, 0]
	 A0A009RMI1	[582, 581, 580, 579, 578, 577, 576, 776, 0]
	 A0A009NI48	[582, 581, 580, 579, 578, 577, 576, 776, -1]
	 A0A009HJJ5	[582, 581, 580, 579, 578, 577, 576, 776, 50]
	 A0A009I8I7	[582, 581, 580, 579, 578, 577, 576, 776, 50]
	 A0A009YG45	[0, 582, 581, 580, 578, 0, 577, 576, 776]

 ### Operon type: 57

	 A0A013TPQ9	[423, 422, 421, 420, 419, 873, 865, 418, 620]
	 A0A013S8F0	[423, 422, 421, 420, 419, 873, 865, 418, 620]
	 A0A009PMU2	[423, 422, 421, -1, 419, 873, 865, 418, 620]
	 A0A009SZ84	[423, 422, 421, 420, 419, 873, 865, 418, 620]
	 A0A009HJM0	[423, 422, 421, 420, 419, 873, 865, 418, 620]
	 A0A010IZH1	[-1, 422, 421, 420, 419, 873, 865, 418, 620]

 ### Operon type: 58

	 A0A009HUS9	[422, 421, 0, 420, 419, 88, -1, 89, 90]

 ### Operon type: 59

	 A0A009ISE1	[577, 576, 776, 90, 89, -1, 88, 419, 420]

 ### Operon type: 60

	 A0A009NPS1	[423, 422, 421, 420, 419, -1, 776, 576, 577]

 ### Operon type: 61

	 A0A013SB36	[327, 326, 325, 324, 323, 624, 623, 322, 321]
	 A0A009QSI3	[327, 326, 325, 324, 323, 624, 623, 322, -1]

 ### Operon type: 62

	 A0A010ITP2	[327, 326, 325, 324, 323, 624, 623, 0, 0]

 ### Operon type: 63

	 A0A009SII9	[-1, 326, 325, 324, 323, 624, 623, 96, 95]

 ### Operon type: 64

	 A0A009T0Q9	[323, 624, 623, 96, 95, 321, 47, 873, 46]

 ### Operon type: 65

	 A0A009YJF4	[0, 624, 623, 58, 57, 47, 873, 0, 46]

 ### Operon type: 66

	 A0A009GP96	[0, 68, 873, 585, 67, 66, 584, 65, 64]

 ### Operon type: 67

	 A0A009GSR4	[585, 67, 66, 584, 65, 64, 64, 63, 0]

 ### Operon type: 68

	 A0A009IIT6	[68, 873, 585, 67, 65, 64, 64, 63, 0]

 ### Operon type: 69

	 A0A011SQL0	[794, 494, -1, 493, 492, 491, 490, 489, 488]
	 A0A011UZ49	[494, -1, 493, 492, 491, 490, 489, 488, 0]

 ### Operon type: 70

	 A0A009PT82	[748, 801, 242, 241, 240, 239, 238, 237, 236]
	 A0A009SIF9	[748, 801, 242, 241, 240, 239, 238, 237, 236]

 ### Operon type: 71

	 A0A009IS10	[375, 0, 0, 0, 240, 239, 238, 0, 0]

 ### Operon type: 72

	 A0A009QHW5	[0, 0, 0, 567, 240, 239, 238, 0, 53]

 ### Operon type: 73

	 A0A011UVB4	[0, 0, 0, 376, 0, 0, 375, 0, 374]

 ### Operon type: 74

	 A0A011V107	[362, -1, 461, 459, 462, 458, 361, 360, 0]
	 A0A011U7M7	[0, 362, -1, 461, 459, 462, 458, 361, 360]

 ### Operon type: 75

	 A0A011TLH0	[463, 462, 461, 460, 459, 458, 0, 0, 0]

 ### Operon type: 76

	 A0A011UG87	[455, 456, 457, 463, 462, 461, 460, 459, 458]

 ### Operon type: 77

	 A0A011TLH7	[457, 456, 455, 0, 0, 0, 0, 0, 0]

 ### Operon type: 78

	 A0A011TAF9	[0, 0, 474, 473, 472, 471, 470, 469, 468]
	 A0A011TWN2	[474, 473, 472, 471, 470, 469, 468, 0, 0]

 ### Operon type: 79

	 A0A011Q5V7	[711, 0, 0, 0, 710, 709, 708, 707, 706]

 ### Operon type: 80

	 A0A011RM25	[710, 709, 708, 707, 706, 810, 0, 513, 0]

 ### Operon type: 81

	 A0A011QIE8	[868, 867, 866, 865, 864, 863, 862, 0, 0]
	 A0A011QDV3	[868, 867, 866, 865, 864, 863, 801, 0, 862]

 ### Operon type: 82

	 A0A011QAB0	[700, 699, 698, 0, 697, 749, 696, 695, 0]
	 A0A011PL71	[660, 700, 699, 698, 697, 749, 696, 695, 0]

 ### Operon type: 83

	 A0A011Q6N5	[705, 704, 703, 0, 0, 0, 702, 701, 702]

 ### Operon type: 84

	 A0A011SGD5	[0, 0, 0, 0, 0, 0, 705, 704, 703]

 ### Operon type: 85

	 A0A011NYU6	[730, 729, 0, 728, 727, 675, 674, 0, 726]

 ### Operon type: 86

	 A0A011PYI6	[730, 729, 0, 728, 727, 726, 725, 792, 0]

 ### Operon type: 87

	 A0A011P1C0	[0, 0, 675, 674, 726, 0, 0, 0, 0]

 ### Operon type: 88

	 A0A011PKU5	[666, 665, 664, 663, 664, 662, 661, 0, 0]
	 A0A011N4G4	[0, 0, 666, 665, 664, 663, 664, 662, 661]

 ### Operon type: 89

	 A0A010ZWJ8	[11, 10, 9, 651, 8, 775, 449, 775, 7]

 ### Operon type: 90

	 A0A011AHW1	[8, 651, 9, 10, 11, 0, 0, 12, 0]

 ### Operon type: 91

	 A0A011AHU9	[449, 775, 7, 0, 0, 0, 0, 14, 47]

 ### Operon type: 92

	 A0A010ZX98	[6, 5, 4, 3, 2, 22, 865, 865, 0]

 ### Operon type: 93

	 A0A011AIL7	[2, 3, 4, 5, 6, 0, 0, 0, 0]

 ### Operon type: 94

	 A0A010YF95	[712, 28, 855, 27, 26, 26, 25, 484, 24]

 ### Operon type: 95

	 A0A010ZJQ6	[28, 855, 27, 26, 26, 25, 484, 24, 0]

 ### Operon type: 96

	 A0A009GXL8	[61, 60, 59, 58, 57, 84, 175, 102, 101]

 ### Operon type: 97

	 A0A010JIW7	[61, 60, 59, 58, 57, 0, 0, 175, 102]

 ### Operon type: 98

	 A0A011QNA5	[0, 848, 847, 846, 0, 845, 844, 843, 842]
	 A0A009ZLJ7	[842, 843, 844, 845, 0, 0, 848, 847, 846]

 ### Operon type: 99

	 A0A013T0T6	[845, 844, 843, 842, 558, 557, 446, 556, 445]
	 A0A009RMD0	[845, 844, 843, 842, 558, 183, 446, 556, 445]
	 A0A009HAX1	[845, 844, 843, 842, 558, 557, 446, 556, 445]
	 A0A009PE10	[845, 844, 843, 842, 558, 183, 446, 556, -1]
	 A0A009ISY0	[845, 844, 843, 842, 558, 183, 446, 556, 445]
	 A0A009QMH5	[845, 844, 843, 842, 558, 557, 446, 556, 445]

 ### Operon type: 100

	 A0A010ILW6	[845, 844, 843, 842, 558, 557, 0, 0, 556]

 ### Operon type: 101

	 A0A009Z9X7	[844, 843, 842, 0, 558, 0, 809, 0, 556]

 ### Operon type: 102

	 A0A013S8V2	[331, 330, 0, 0, 0, 329, 0, 0, 0]
	 A0A009R8E1	[0, 673, 0, 331, 330, 0, 0, 329, 0]

 ### Operon type: 103

	 A0A009ICH6	[531, 229, 228, 227, 41, 40, 39, 38, 805]
	 A0A009ZFR5	[531, 229, 228, 227, 41, 40, 39, 38, 805]

 ### Operon type: 104

	 A0A009NQA1	[531, 229, 228, 227, 226, 225, 444, 805, 802]
	 A0A009RR21	[531, 229, 228, 227, 226, 225, 444, 805, 802]

 ### Operon type: 105

	 A0A009HTN9	[531, 229, 228, 227, 226, 225, 77, 676, 76]
	 A0A009T3J5	[531, 229, 228, 227, 226, 225, 77, 676, 76]

 ### Operon type: 106

	 A0A009Q0U9	[531, 229, 228, 227, 226, 225, -1, -1, 0]

 ### Operon type: 107

	 A0A009IPC3	[208, 209, 171, 170, 169, 163, 162, 210, 211]
	 A0A009QEG7	[208, 209, 171, 170, 169, 163, 162, 210, 211]

 ### Operon type: 108

	 A0A009I573	[218, 0, 167, 212, 0, 168, 169, 170, 171]

 ### Operon type: 109

	 A0A009ILP9	[210, 0, 171, 170, 169, 168, 211, 212, 167]

 ### Operon type: 110

	 A0A009I953	[210, 0, 171, 170, 169, 168, 211, 0, -1]

 ### Operon type: 111

	 A0A009SX74	[754, 795, 0, 212, 211, 210, 209, 208, 207]

 ### Operon type: 112

	 A0A010IPH1	[545, 544, 617, 543, 542, 541, 540, 539, 538]
	 A0A009MMG9	[545, 544, 617, 543, 542, 541, 540, 539, 538]
	 A0A009QVK8	[545, 544, 617, 543, 542, 541, 540, 539, 538]
	 A0A009ICP5	[545, 544, 617, 543, 542, 541, 540, 539, 538]

 ### Operon type: 113

	 A0A009SIV4	[94, 93, 92, 91, 542, 541, 540, 539, 538]
	 A0A009HTW0	[94, 93, 92, 91, 542, 541, 540, 539, 538]
	 A0A009QLL2	[94, 93, 92, 91, 542, 541, 540, 539, 538]
	 A0A013TSJ4	[93, 92, 0, 91, 542, 541, 540, 539, 538]

 ### Operon type: 114

	 A0A010ITG1	[564, 519, 518, 517, 516, 515, 514, 873, 865]
	 A0A013TCN9	[564, 519, 518, 517, 516, 515, 514, 873, 865]
	 A0A009NIJ3	[564, 519, 518, 517, 516, 515, 514, 873, 865]
	 A0A009QNC9	[564, 519, 518, 517, 516, 515, 514, 873, 865]
	 A0A013TRC1	[564, 519, 518, 517, 516, 515, 514, 873, 865]

 ### Operon type: 115

	 A0A009H935	[0, 0, 518, 517, 516, 515, 514, 873, 865]

 ### Operon type: 116

	 A0A009IMX3	[537, 536, 535, 534, 533, 165, 165, 792, 164]
	 A0A009SF48	[537, 536, 535, 534, 533, -1, 165, 792, 164]
	 A0A009QEX0	[537, 536, 535, 534, 533, 165, 165, 792, 164]

 ### Operon type: 117

	 A0A010ISX2	[537, 536, 535, 534, 533, 532, 531, 530, 529]
	 A0A013S7V1	[537, 536, 535, 534, 533, 532, 531, 530, 529]
	 A0A009MR00	[537, 536, 535, 534, 533, 532, 531, 530, 529]
	 A0A009RES7	[537, 536, 535, 534, 533, 532, 531, 530, 529]

 ### Operon type: 118

	 A0A009YTT3	[31, 71, 535, 534, 533, 532, 531, 530, 529]

 ### Operon type: 119

	 A0A009GYP9	[0, 0, 0, 534, 533, 532, 531, 530, 529]

 ### Operon type: 120

	 A0A009ZZC8	[-1, 205, 206, 31, 71, 535, 534, 533, 532]

 ### Operon type: 121

	 A0A011WSE5	[279, 278, 277, 276, 275, 274, 273, 272, 313]
	 A0A011UGX8	[149, 279, 278, 277, 276, 275, 274, 273, 272]

 ### Operon type: 122

	 A0A011VZG0	[312, 0, 149, 279, 278, 277, 276, 275, 274]

 ### Operon type: 123

	 A0A009PJF7	[251, 250, 250, 249, 248, 293, 247, 246, 245]
	 A0A009SJZ7	[376, 251, 250, 249, 248, 293, 247, 246, 245]

 ### Operon type: 124

	 A0A009Z5G0	[293, 249, 250, 0, 497, 251, 376, 389]

 ### Operon type: 125

	 A0A010JJC1	[575, 574, 573, 572, 571, 570, 569, 583, 568]
	 A0A010IZ41	[574, 573, 572, 571, 570, 569, 583, 568, 403]

 ### Operon type: 126

	 A0A009QJL6	[575, 574, 573, 572, 0, 568, 403, 129, 0]

 ### Operon type: 127

	 A0A013TB41	[410, -1, 409, 408, 407, 748, 544, 791, 406]
	 A0A013SGL3	[410, 320, 409, 408, 407, 748, 544, 791, 406]
	 A0A009PG53	[410, 320, 409, 408, 407, 748, 544, 791, 406]
	 A0A009RQH3	[410, 320, 409, 408, 407, 748, 544, 791, 406]
	 A0A009NE81	[410, 320, 409, 408, 407, 748, 544, 791, 406]
	 A0A009SHB3	[410, 320, 409, 408, 407, 748, 544, 791, 406]
	 A0A009I5Z6	[410, 320, 409, 408, 407, 748, 544, 791, 406]
	 A0A010KAV2	[410, 320, 409, 408, 407, 748, 544, 791, 406]

 ### Operon type: 128

	 A0A009H3X4	[410, 320, 409, 408, 407, 748, -1, 607, -1]

 ### Operon type: 129

	 A0A009PIB4	[0, 0, 0, 235, 369, 234, 584, 873, 749]
	 A0A009SLR5	[0, 0, 0, 235, 369, 234, 584, 873, 749]

 ### Operon type: 130

	 A0A009HSU4	[0, 0, 658, 873, 0, 748, 791, 749, 584]

 ### Operon type: 131

	 A0A009PAG1	[508, 121, 120, 393, 393, 316, 315, 314, 224]
	 A0A009I463	[508, 121, 120, 393, 393, 316, 315, 314, 224]

 ### Operon type: 132

	 A0A013SKX6	[0, 0, 508, 0, 393, 393, 316, 315, 314]

 ### Operon type: 133

	 A0A011Q5S3	[853, 715, 0, 0, 0, 0, 714, 713, 712]

 ### Operon type: 134

	 A0A011UZZ4	[0, 714, 713, 0, 0, 0, 367, 367, 712]

 ### Operon type: 135

	 A0A011UTJ0	[0, 0, 0, 381, 380, 379, 784, 378, 377]

 ### Operon type: 136

	 A0A011VMV7	[381, 380, 379, 784, 378, 377, 348, 347, 346]

 ### Operon type: 137

	 A0A011NYT4	[779, 778, 777, 776, 0, 625, 625, 624, 623]

 ### Operon type: 138

	 A0A011P8E9	[0, 0, 779, 778, 0, 777, 776, 0, 0]

 ### Operon type: 139

	 A0A010SYH9	[143, 142, 141, 140, 139, 0, 0, 0, 0]
	 A0A010TF34	[0, -1, 0, 0, 143, 142, 141, 140, 139]

 ### Operon type: 140

	 A0A010TFJ4	[0, -1, 0, 126, 125, 124, 123, -1, 122]
	 A0A010S7A1	[126, 125, 124, 123, 0, 122, 0, 0, 0]

 ### Operon type: 141

	 A0A009PAV9	[119, -1, 617, 118, 393, 584, 196, 197, 198]
	 A0A009HJC2	[119, 865, 617, 118, 393, 584, 196, 197, 198]

 ### Operon type: 142

	 A0A009SE02	[0, 198, 0, 0, 0, 197, 196, 584, 393]

 ### Operon type: 143

	 A0A009SYU8	[791, 531, 771, 528, 258, 873, 873, 526, 525]
	 A0A009RSB7	[791, 531, 771, 528, 258, 873, 873, 526, 525]
	 A0A009HS41	[791, 531, 771, 528, 258, 873, 873, 526, 525]

 ### Operon type: 144

	 A0A010IT25	[791, 531, 771, 528, 527, 873, 873, 526, 525]
	 A0A013SHA9	[791, 531, 771, 528, 527, 873, 873, 526, 525]
	 A0A009I466	[791, 531, 771, 528, 527, 873, 873, 526, 525]

 ### Operon type: 145

	 A0A009NMQ9	[791, 531, 771, 528, 527, 0, 873, 873, 526]

 ### Operon type: 146

	 A0A009P8A9	[0, 0, 771, 528, 258, 873, 873, 526, 525]

 ### Operon type: 147

	 A0A009NJ90	[106, 105, 104, 189, 188, 187, 103, 186, 185]
	 A0A009ITT8	[106, 105, 104, 189, 188, 103, 186, 185, 184]

 ### Operon type: 148

	 A0A009NCH6	[108, 186, 185, 184, 181, 180, 179, 178, 107]
	 A0A009IJ01	[186, 185, 184, 174, 181, 180, 179, 178, 107]

 ### Operon type: 149

	 A0A009RQL5	[186, 185, 184, 182, 181, 180, 179, 178, 0]

 ### Operon type: 150

	 A0A009MGQ8	[188, 0, 108, 186, 185, 184, 181, 180, 179]

 ### Operon type: 151

	 A0A009RHH7	[192, 191, 190, 189, 188, 187, 186, 185, 184]
	 A0A009S6G1	[192, 191, 190, 189, 188, 186, 185, 184, 181]
	 A0A009IJ07	[192, 191, 190, 189, 188, 186, 185, 184, 174]

 ### Operon type: 152

	 A0A009HZK2	[190, 189, 188, 186, 185, 184, 174, 181, 180]

 ### Operon type: 153

	 A0A009R4N4	[189, 188, 187, 186, 185, 184, 182, 181, 180]

 ### Operon type: 154

	 A0A009S5A5	[188, 187, 103, 186, 185, 184, 174, 51, 181]

 ### Operon type: 155

	 A0A009RHH9	[0, 0, 0, 0, 345, 192, 191, 190, 189]

 ### Operon type: 156

	 A0A011PGU1	[0, 0, 753, 837, 836, 835, 752, 751, 750]
	 A0A011MDH1	[720, 0, 753, 837, 836, 835, 752, 751, 750]

 ### Operon type: 157

	 A0A011V0P4	[609, 366, 0, 0, 365, 0, 0, 364, 363]

 ### Operon type: 158

	 A0A011WPV7	[364, 363, 0, 0, 0, 0, 0, 0, 0]

 ### Operon type: 159

	 A0A011UDF3	[837, 289, 0, 0, 0, 454, 296, 295, 831]

 ### Operon type: 160

	 A0A011VSC9	[296, 295, 831, 0, 0, 0, 0, 0, 0]

 ### Operon type: 161

	 A0A011SF89	[505, 504, 503, 0, 0, 0, 0, 0, 0]

 ### Operon type: 162

	 A0A011UCX7	[0, 700, 505, 504, 0, 503, 161, 0, 0]

 ### Operon type: 163

	 A0A011RNP9	[0, 0, 0, 0, 0, 512, 696, 0, 0]

 ### Operon type: 164

	 A0A011V0B5	[508, 0, 0, 0, 0, 0, 512, 0, 0]

 ### Operon type: 165

	 A0A011RQC9	[0, 508, 507, 0, 0, 0, 0, 506, 0]

 ### Operon type: 166

	 A0A011QG28	[839, 838, 837, 0, 836, 835, 834, 833, 832]
	 A0A011RIM8	[839, 838, 0, 0, 836, 835, 834, 833, 832]

 ### Operon type: 167

	 A0A011PHI6	[639, 0, 870, 0, 0, 869, 858, 723, 0]

 ### Operon type: 168

	 A0A011QI68	[0, 0, 870, 869, 0, 0, 0, 0, 0]

 ### Operon type: 169

	 A0A011NVJ6	[631, 680, 679, 678, 677, 676, 0, 0, 630]

 ### Operon type: 170

	 A0A011PVP2	[0, 680, 679, 678, 677, 676, 0, 0, 739]

 ### Operon type: 171

	 A0A011NXY7	[0, 0, 679, 0, 677, 0, 0, 0, 0]

 ### Operon type: 172

	 A0A011QR69	[807, 806, 805, 804, 803, 802, 0, 0, 0]
	 A0A011NUB4	[807, 806, 805, 804, 803, 802, 0, 633, 0]

 ### Operon type: 173

	 A0A011NN36	[806, 805, 0, 0, 803, 802, 0, 0, 0]

 ### Operon type: 174

	 A0A011PK69	[805, 669, 0, 0, 803, 802, 0, 0, 0]

 ### Operon type: 175

	 A0A011NYD6	[685, 850, 849, 627, 626, 684, 683, 682, 681]
	 A0A011RMI6	[685, 850, 849, 627, 626, 684, 683, 682, 681]

 ### Operon type: 176

	 A0A011QB28	[686, 685, 850, 0, 0, 684, 683, 682, 681]

 ### Operon type: 177

	 A0A011NF33	[0, 684, 683, 0, 0, 0, 0, 0, 0]

 ### Operon type: 178

	 A0A011NBY4	[614, 0, 0, 613, 0, 0, 612, 0, 0]

 ### Operon type: 179

	 A0A011WRT0	[614, 0, 0, 0, 0, 0, 0, 792, 0]

 ### Operon type: 180

	 A0A011SHV5	[0, 0, 0, 0, 0, 608, 792, 575, 0]

 ### Operon type: 181

	 A0A011NB95	[0, 811, 0, 0, 0, 0, 617, 616, 615]

 ### Operon type: 182

	 A0A011UHT4	[129, 148, 616, 0, 0, 128, 128, 615, 0]

 ### Operon type: 183

	 A0A010Z1W7	[0, 0, 0, 0, 0, 131, 0, 158, 159]

 ### Operon type: 184

	 A0A011VY84	[0, 0, 159, 158, 0, 0, 0, 0, 0]

 ### Operon type: 185

	 A0A010YW85	[0, 0, 0, 0, 0, 309, 0, 158, 159]

 ### Operon type: 186

	 A0A010ZMA0	[158, 621, 0, 0, 0, 0, 0, 0, 0]

 ### Operon type: 187

	 A0A011N5L2	[0, 0, 0, 621, 0, 620, 619, 0, 0]

 ### Operon type: 188

	 A0A009MJ75	[0, 0, 224, 223, 222, 0, 0, 0, 585]

 ### Operon type: 189

	 A0A010IH51	[0, 538, 0, 0, 222, 0, 585, 0, 0]

 ### Operon type: 190

	 A0A011TYT7	[0, 0, 0, 0, 0, 0, 538, 486, 486]

 ### Operon type: 191

	 A0A010RRR9	[0, 0, 0, 0, 735, 0, 0, 586, 585]

 ### Operon type: 192

	 A0A010SIA7	[0, 0, 586, 123, 0, 0, 0, 0, 0]

 ### Operon type: 193

	 A0A010RFQ9	[0, 0, 592, 0, 591, 0, 0, 0, 0]

 ### Operon type: 194

	 A0A010SPR9	[35, 35, 0, 0, 0, 591, 0, 0, 0]

 ### Operon type: 195

	 A0A009LNU8	[265, 267, 490, 268, 0, 87, 0, 584, 0]

 ### Operon type: 196

	 A0A013SRG6	[269, 268, 490, 267, 0, 266, 0, 265, 638]

 ### Operon type: 197

	 A0A009IQU8	[0, 267, 0, 0, 0, 266, 638, 0, 0]

 ### Operon type: 198

	 A0A010K2K8	[490, 268, 269, 0, 0, 0, 0, -1, 584]

 ### Operon type: 199

	 A0A011NPR8	[0, 638, 0, 0, 0, 0, 637, 0, 0]

 ### Operon type: 200

	 A0A010SEA2	[715, 637, 100, 0, 0, 0, 0, 0, 0]

 ### Operon type: 201

	 A0A010IGH8	[0, 0, 0, 0, 0, 0, 0, 340, 526]

 ### Operon type: 202

	 A0A010STD3	[0, 0, 0, 453, 452, 451, 0, 526, 340]

 ### Operon type: 203

	 A0A010SQJ5	[332, 543, 0, 453, 452, 451, 0, 0, 0]

 ### Operon type: 204

	 A0A013RVV2	[564, 0, 342, 341, 0, 0, 526, 340, 0]

 ### Operon type: 205

	 A0A011TD67	[454, 0, 0, 453, 452, 451, 450, 0, 449]

 ### Operon type: 206

	 A0A009ZC12	[0, 0, 0, 453, 0, 451, 450, 43, 829]

 ### Operon type: 207

	 A0A009YSC7	[0, 0, 612, 29, 0, 29, 342, 341, 0]

 ### Operon type: 208

	 A0A009ZJK4	[0, 0, 0, 0, 0, 0, 531, 144, 0]

 ### Operon type: 209

	 A0A010SVN1	[-1, 144, 873, 219, 464, 0, 0, 531, 0]

 ### Operon type: 210

	 A0A009PFK7	[264, 263, 262, 261, 260, 0, 0, 259, 0]
	 A0A009QGN4	[264, 263, 262, 261, 260, 259, 0, 0, 0]

 ### Operon type: 211

	 A0A009YR20	[0, 259, 0, 0, 0, 0, 263, 0, 0]

 ### Operon type: 212

	 A0A009SCM5	[195, 194, 193, 0, 0, 0, 0, 0, 0]

 ### Operon type: 213

	 A0A009TJ77	[207, 36, 0, 0, 0, 0, 195, 194, 193]

 ### Operon type: 214

	 A0A009HZV2	[0, 0, 0, 0, 173, 172, 187, 0, 0]

 ### Operon type: 215

	 A0A009QPE7	[0, 0, 0, 0, 173, 172, 0, 0, 0]

 ### Operon type: 216

	 A0A009MGR3	[0, 0, 52, 0, 439, 51, 72, 115, 114]

 ### Operon type: 217

	 A0A009Q4G0	[0, 78, 52, 0, 439, 0, 115, 114, 115]

 ### Operon type: 218

	 A0A009PB53	[0, 0, 117, 116, 439, 115, 114, 115, 113]

 ### Operon type: 219

	 A0A009PUJ8	[0, 117, 116, 439, 0, 113, 175, 102, 101]

 ### Operon type: 220

	 A0A009H7I0	[177, 0, 0, 873, 318, 318, 220, 418, 219]
	 A0A009QQC0	[177, 0, 221, 873, 318, 318, 220, 418, 219]

 ### Operon type: 221

	 A0A009MVG4	[221, 0, 319, 873, 318, 318, 220, 418, 219]

 ### Operon type: 222

	 A0A009QA91	[49, 48, 791, 873, 318, 318, 220, 418, 219]
	 A0A010J377	[49, 48, 791, 873, 318, 318, 220, 418, 219]

 ### Operon type: 223

	 A0A009S1X4	[49, 48, 791, 873, 318, 318, 873, 0, 253]

 ### Operon type: 224

	 A0A013SHF4	[0, 0, 319, 873, 318, 318, 0, 317, 0]

 ### Operon type: 225

	 A0A011PJK8	[658, 657, 656, 872, 871, 655, 0, 0, 0]
	 A0A011N3C3	[0, 0, 0, 658, 657, 656, 872, 871, 655]

 ### Operon type: 226

	 A0A011UWH1	[659, 372, 371, 370, 0, 0, 0, 0, 0]
	 A0A011WKI4	[0, 0, 0, 0, 0, 659, 372, 371, 370]

 ### Operon type: 227

	 A0A010YKP2	[0, 0, 0, 0, 0, 0, 630, 359, 0]

 ### Operon type: 228

	 A0A011V1A2	[366, 0, 0, 359, 0, 0, 0, 0, 0]

 ### Operon type: 229

	 A0A011NGS0	[0, 0, 0, 0, 798, 797, 0, 0, 0]

 ### Operon type: 230

	 A0A011PW61	[0, 0, 0, 0, 798, 797, 0, 0, 796]

 ### Operon type: 231

	 A0A011UXI1	[0, 667, 0, 0, 798, 797, 448, 0, 0]

 ### Operon type: 232

	 A0A011SWI9	[-1, -1, 0, 639, 798, 797, 448, -1, -1]

 ### Operon type: 233

	 A0A011P952	[797, 0, 772, 0, 0, 772, 0, 0, 0]

 ### Operon type: 234

	 A0A011Q1B3	[724, 723, 722, 721, 722, 739, 720, 0, 0]
	 A0A011QVV5	[0, 0, 724, 723, 722, 721, 722, 739, 720]

 ### Operon type: 235

	 A0A011NSG8	[0, 0, 0, 723, 722, 721, 0, 722, 0]

 ### Operon type: 236

	 A0A011P0X4	[0, 0, 720, 0, 722, 0, 0, 721, 673]

 ### Operon type: 237

	 A0A010YNY9	[0, 0, 132, 23, 0, 0, 0, 0, 373]

 ### Operon type: 238

	 A0A011AC71	[253, 0, 0, 467, 0, 132, 23, 0, 791]

 ### Operon type: 239

	 A0A011QLX0	[0, 852, 0, 0, 851, 0, 850, 849, 0]
	 A0A011PRW6	[852, 0, 0, 0, 851, 850, 849, 0, 0]

 ### Operon type: 240

	 A0A010SML6	[0, 850, 849, -1, 0, 795, 0, 0, 0]

 ### Operon type: 241

	 A0A010RS09	[0, 0, 0, 0, 140, 0, 607, 607, 0]

 ### Operon type: 242

	 A0A010RTE7	[0, 0, 0, 0, 0, 0, 140, 36, 0]

 ### Operon type: 243

	 A0A009P817	[233, 0, 0, 0, 232, 0, 311, 231, 230]

 ### Operon type: 244

	 A0A009TIY0	[0, 0, 0, 0, 232, 0, 311, 231, 0]

 ### Operon type: 245

	 A0A009QKA3	[311, 231, 0, 230, 0, 0, 0, 0, 264]

 ### Operon type: 246

	 A0A009HSR2	[0, 217, 216, 0, 215, 110, 214, 187, 111]

 ### Operon type: 247

	 A0A009SWM1	[0, 217, 216, 0, 215, 0, 0, 214, 0]

 ### Operon type: 248

	 A0A009MYX0	[112, 111, 0, 658, 0, 0, 214, 110, 109]

 ### Operon type: 249

	 A0A009QK79	[0, 0, 109, 110, 0, 214, 0, 0, 111]

 ### Operon type: 250

	 A0A009GXJ1	[358, 357, 110, 214, 62, 187, 111, 112, 0]

 ### Operon type: 251

	 A0A010IT95	[0, 0, 0, 584, 524, 523, 522, 521, 520]
	 A0A013TKW8	[0, 840, 0, 584, 524, 523, 522, 521, 520]
	 A0A009PRQ9	[0, 584, 243, 0, 524, 523, 522, 521, 520]
	 A0A009I5G9	[0, 0, 584, 243, 524, 523, 522, 521, 520]
	 A0A009GWD0	[187, 0, 0, 584, 524, 523, 522, 521, 520]
	 A0A009MH36	[0, 0, 0, 584, 524, 523, 522, 521, 520]
	 A0A009QT77	[0, 0, -1, 584, 524, 523, 522, 521, 520]
	 A0A009S0T6	[0, 0, 584, 243, 524, 523, 522, 521, 520]

 ### Operon type: 252

	 A0A013TMJ7	[865, -1, 0, 584, 524, 521, 520, 0, 0]

 ### Operon type: 253

	 A0A011VXC2	[-1, 606, 0, 649, 605, 604, 603, 602, 601]
	 A0A011V392	[606, 0, 649, 605, 604, 603, 0, 602, 601]

 ### Operon type: 254

	 A0A011V490	[312, 390, 0, 601, 602, 603, 604, 605, 649]

 ### Operon type: 255

	 A0A011VZF5	[0, 0, 605, 604, 603, 700, 390, 700, 0]

 ### Operon type: 256

	 A0A011VU44	[0, 0, 0, 0, 0, 292, 0, 0, 0]
	 A0A011WLE7	[0, 0, 0, 0, 0, 292, 0, 0, 0]

 ### Operon type: 257

	 A0A011VAP2	[0, 0, 300, 0, 0, 0, 0, 0, 299]

 ### Operon type: 258

	 A0A011VRJ8	[0, 0, 0, 0, 0, 0, 300, 0, 0]

 ### Operon type: 259

	 A0A011RNU1	[0, 0, 0, 0, 0, 0, 511, 511, 510]

 ### Operon type: 260

	 A0A011VKJ9	[0, 0, 0, 0, 0, 0, 510, 511, -1]

 ### Operon type: 261

	 A0A011PQZ7	[0, 0, 0, 651, 727, 0, 650, 0, 0]

 ### Operon type: 262

	 A0A011TUX4	[0, 0, 0, 0, 727, 0, 0, 650, 0]

 ### Operon type: 263

	 A0A011STZ9	[0, 0, 0, 650, 0, 0, 0, 0, 0]

 ### Operon type: 264

	 A0A011PUJ9	[0, 0, 0, 0, 0, 0, 0, 0, 740]
	 A0A011PRF5	[740, 0, 0, 0, 0, 0, 0, 0, 0]

 ### Operon type: 265

	 A0A011PFY8	[0, 0, 0, 0, 0, 0, 0, 0, 756]

 ### Operon type: 266

	 A0A011PNS3	[808, 756, 0, 0, 0, 0, 0, 0, 0]

 ### Operon type: 267

	 A0A011T648	[0, 756, 0, 0, 0, 0, 0, 805, 0]

 ### Operon type: 268

	 A0A010YYJ5	[0, 0, 0, 700, 0, 0, 0, 99, 99]

 ### Operon type: 269

	 A0A011NDM5	[700, 0, 0, 0, 0, 0, 0, 0, 0]

 ### Operon type: 270

	 A0A011MSR2	[0, 0, 0, 622, 0, 0, 0, 700, 700]

 ### Operon type: 271

	 A0A011WSU6	[0, 700, 0, 0, 602, 0, 0, 0, 0]

 ### Operon type: 272

	 A0A011U3C2	[0, 0, 834, 0, 0, 0, 0, 0, 0]
	 A0A011AEN3	[0, 0, 0, 0, 0, 0, 834, 0, 0]

 ### Operon type: 273

	 A0A011AAZ2	[0, 672, 0, 0, 0, 834, 834, 834, 0]

 ### Operon type: 274

	 A0A011T698	[0, 0, 0, 0, 0, 791, 834, 0, 0]

 ### Operon type: 275

	 A0A010YRE8	[0, 0, 0, 0, 0, 0, 0, 22, 0]

 ### Operon type: 276

	 A0A011AF05	[0, 0, 253, 22, 0, 0, 0, 0, 0]

 ### Operon type: 277

	 A0A009ZG48	[0, 0, 0, 840, 0, 0, 0, 0, 0]

 ### Operon type: 278

	 A0A011PEJ8	[0, 0, 762, 840, 0, 0, 0, 0, 0]

 ### Operon type: 279

	 A0A011QNJ7	[841, 0, 0, 840, 0, 0, 0, 841, 0]

 ### Operon type: 280

	 A0A011MMJ4	[0, 0, 0, 0, 0, 0, 0, 841, 0]

 ### Operon type: 281

	 A0A011R8M3	[0, 0, 762, 840, 0, 447, 0, 841, 0]

 ### Operon type: 282

	 A0A009ZC82	[0, 0, 794, 0, 0, 0, 0, 0, 0]

 ### Operon type: 283

	 A0A011P3F6	[795, 0, 0, 794, 0, 0, 0, 0, 0]

 ### Operon type: 284

	 A0A009IG48	[0, 0, 0, 213, 166, 0, 0, 0, 795]

 ### Operon type: 285

	 A0A009IMQ0	[0, 0, 0, 213, 166, 0, 0, 0, 0]

 ### Operon type: 286

	 A0A009SWV1	[0, 0, 0, 0, 0, 0, 0, 213, 0]

 ### Operon type: 287

	 A0A009PMZ9	[244, 0, 0, 0, 0, 0, 0, 0, 0]
	 A0A009Q512	[0, 0, 0, 0, 244, 0, 0, 0, 0]

 ### Operon type: 288

	 A0A009IFL2	[0, 42, 0, 37, -1, 0, 0, 0]

 ### Operon type: 289

	 A0A009ZDS1	[-1, -1, 0, 42, 0, 0, 574, 0, 0]

 ### Operon type: 290

	 A0A010SNM6	[136, 137, -1, 0, 0, 0, 865, 0, 0]

 ### Operon type: 291

	 A0A010T5D8	[137, 136, 0, -1, 0, -1, 403, 0, 0]

 ### Operon type: 292

	 A0A011UB51	[477, 0, 0, 0, 0, 0, 0, 0, 0]
	 A0A011UFH1	[0, 0, 0, 0, 0, 477, 0, 0, 0]

 ### Operon type: 293

	 A0A011V965	[0, -1, -1, 0, 301, 0, -1, -1, 0]
	 A0A011VHP2	[0, -1, -1, -1, 301, 0, 0, 0, 0]

 ### Operon type: 294

	 A0A010RVD0	[-1, 0, 0, -1, 0, 821, 821, 0, 134]

 ### Operon type: 295

	 A0A010T7Q5	[0, 134, 0, 0, 0, 0, -1, 0, 0]

 ### Operon type: 296

	 A0A010SJH7	[0, 0, 865, -1, 0, 0, 220, 0, 0]

 ### Operon type: 297

	 A0A010SRR2	[0, 0, -1, 0, 0, 0, 0, 0, 865]

 ### Operon type: 298

	 A0A010RKP8	[0, 0, 0, 0, 0, 0, -1, 0, 0]
	 A0A011UZ32	[0, 0, 0, 0, 0, -1, 0, 0, 0]
	 A0A010TF14	[-1, 0, 0, 0, 0, 0, 0, 0, 0]
	 A0A010RY47	[-1, 0, -1, 0, 0, 0, 0, 0, 0]
	 A0A009HJU6	[0, 0, 0, 0, 0, 0, 0, 0, -1]

 ### Operon type: 299

	 A0A010SJF9	[0, 0, 0, 0, 0, -1, 0, 133, -1]

 ### Operon type: 300

	 A0A011ML54	[0, 0, 0, 150, 0, 0, 0, 0, -1]

 ### Operon type: 301

	 A0A011NHY1	[0, 0, 0, 0, 0, 865, 0, 0, 0]

 ### Operon type: 302

	 A0A010Z171	[0, 0, 0, 0, 0, 0, 865, 0, 658]

 ### Operon type: 303

	 A0A011T697	[865, 0, 0, 0, 0, 0, 0, 0, 311]

 ### Operon type: 304

	 A0A011TDD1	[0, 465, 865, 0, 0, 0, 0, 0, 0]

 ### Operon type: 305

	 A0A011VW24	[0, 0, 810, 0, 0, 0, 0, 0, -1]

 ### Operon type: 306

	 A0A011T8V3	[0, 0, 810, 0, 0, 0, 0, 0, 0]

 ### Operon type: 307

	 A0A010TH98	[796, 0, 0, 810, 0, 0, 0, 0, 0]

 ### Operon type: 308

	 A0A011QVR3	[0, 0, 0, 0, 0, 0, 0, 811, 810]

 ### Operon type: 309

	 A0A011VYF1	[810, 0, 0, 0, 0, 0, 477, 0, 0]

 ### Operon type: 310

	 A0A010S415	[-1, 810, 0, 219, 0, 0, 0, 0, 562]

 ### Operon type: 311

	 A0A011QMJ8	[0, 0, 0, 0, 0, 0, 0, 0, 0]
	 A0A011QSN2	[0, 0, 0, 0, 0, 0, 0, 0, 0]
	 A0A011P9Z5	[0, 0, 0, 0, 0, 0, 0, 0, 0]
	 A0A011PBM9	[0, 0, 0, 0, 0, 0, 0, 0, 0]
	 A0A011Q056	[0, 0, 0, 0, 0, 0, 0, 0, 0]
	 A0A011PNN2	[0, 0, 0, 0, 0, 0, 0, 0, 0]
	 A0A011NMI8	[0, 0, 0, 0, 0, 0, 0, 0, 0]
	 A0A011NTU3	[0, 0, 0, 0, 0, 0, 0, 0, 0]
	 A0A011N2Z0	[0, 0, 0, 0, 0, 0, 0, 0, 0]
	 A0A011NAJ1	[0, 0, 0, 0, 0, 0, 0, 0, 0]
	 A0A013TEV4	[0, 0, 0, 0, 0, 0, 0, 0, 0]
	 A0A013SL47	[0, 0, 0, 0, 0, 0, 0, 0, 0]
	 A0A011WUT3	[0, 0, 0, 0, 0, 0, 0, 0, 0]
	 A0A011UHL2	[0, 0, 0, 0, 0, 0, 0, 0, 0]
	 A0A013S2B9	[0, 0, 0, 0, 0, 0, 0, 0, 0]
	 A0A013SBR8	[0, 0, 0, 0, 0, 0, 0, 0, 0]
	 A0A011VNE2	[0, 0, 0, 0, 0, 0, 0, 0, 0]
	 A0A011VYF6	[0, 0, 0, 0, 0, 0, 0, 0, 0]
	 A0A010T025	[0, 0, 0, 0, 0, 0, 0, 0, 0]
	 A0A011UBN9	[0, 0, 0, 0, 0, 0, 0, 0, 0]
	 A0A011UFM5	[0, 0, 0, 0, 0, 0, 0, 0, 0]
	 A0A009PDV4	[0, 0, 0, 0, 0, 0, 0, 0, 0]
	 A0A009MH90	[0, 0, 0, 0, 0, 0, 0, 0, 0]
	 A0A010SHY1	[0, 0, 0, 0, 0, 0, 0, 0, 0]
	 A0A009M4K0	[0, 0, 0, 0, 0, 0, 0, 0, 0]
	 A0A009HIL8	[0, 0, 0, 0, 0, 0, 0, 0, 0]
	 A0A010SPJ7	[0, 0, 0, 0, 0, 0, 0, 0, 0]
	 A0A010SSQ8	[0, 0, 0, 0, 0, 0, 0, 0, 0]
	 A0A010YJA7	[0, 0, 0, 0, 0, 0, 0, 0, 0]
	 A0A010YZS8	[0, 0, 0, 0, 0, 0, 0, 0, 0]
	 A0A010Z120	[0, 0, 0, 0, 0, 0, 0, 0, 0]
	 A0A010ZTI3	[0, 0, 0, 0, 0, 0, 0, 0, 0]
	 A0A011A146	[0, 0, 0, 0, 0, 0, 0, 0, 0]

 ### Operon type: 312

	 A0A010TG27	[659, 0, 127, 0, 0, 0, 873, 0, 0]

 ### Operon type: 313

	 A0A011PMK1	[0, 0, 0, 0, 0, 0, 0, 659, 0]

 ### Operon type: 314

	 A0A009HM15	[0, 179, 178, 0, 0, 0, -1, 0, 0]

 ### Operon type: 315

	 A0A009HRU1	[0, 110, 0, 0, 0, 0, 0, 0, 0]

 ### Operon type: 316

	 A0A009HSN8	[0, 78, 0, 0, 0, -1, 0, 113, -1]

 ### Operon type: 317

	 A0A009HV82	[175, 0, 0, 0, 0, 0, 0, 0, 0]

 ### Operon type: 318

	 A0A009IG74	[0, 0, 223, 0, 393, -1, 0, 0, 0]

 ### Operon type: 319

	 A0A009IJ90	[0, 207, 0, 0, 0, 0, 0, 0, 0]

 ### Operon type: 320

	 A0A009NM94	[0, 502, 502, 0, 0, 0, 465, 0, 0]

 ### Operon type: 321

	 A0A009Q4N5	[0, 0, 233, 0, 0, 0, 0, 0, 0]

 ### Operon type: 322

	 A0A009SSZ9	[0, 218, 0, 0, 0, 0, 0, 0, 0]

 ### Operon type: 323

	 A0A009YIH1	[0, 0, 0, 0, 181, 0, -1, -1, 30]

 ### Operon type: 324

	 A0A009YR05	[0, 0, 0, 0, 380, 0, 0, 0, 0]

 ### Operon type: 325

	 A0A009Z004	[45, 0, 45, 0, 0, 658, 0, 0, 0]

 ### Operon type: 326

	 A0A010RUQ5	[0, 0, 0, 0, 0, 0, 0, 0, 344]

 ### Operon type: 327

	 A0A010S195	[794, 0, 131, 145, 0, 0, 0, 0, 0]

 ### Operon type: 328

	 A0A010SCZ2	[0, 0, 0, 0, 0, 0, 0, 281, 0]

 ### Operon type: 329

	 A0A010SN41	[0, 0, 0, 0, 270, 0, 0, 0, 0]

 ### Operon type: 330

	 A0A010SSU2	[0, 0, 0, 0, 62, 0, -1, 773, 0]

 ### Operon type: 331

	 A0A010SUP6	[0, 0, 0, 0, 0, 0, 0, 145, 0]

 ### Operon type: 332

	 A0A010SUY9	[0, 0, 0, 0, 0, 447, 762, 0]

 ### Operon type: 333

	 A0A010THK2	[0, 0, -1, 0, 0, 607, 658, 0, 0]

 ### Operon type: 334

	 A0A010SRL4	[127, 0, 0, -1, 0, 0, 0, 658, 160]

 ### Operon type: 335

	 A0A010YX61	[409, 834, 0, 810, 0, 0, 0, 0, 0]

 ### Operon type: 336

	 A0A010S5W8	[0, 0, 622, 739, 0, 0, 0, 0, 0]

 ### Operon type: 337

	 A0A011NE37	[611, 0, 0, 0, 0, 0, 0, 0, 0]

 ### Operon type: 338

	 A0A011NF78	[0, 0, 828, 0, 0, 0, 0, 0, 0]

 ### Operon type: 339

	 A0A011NVE2	[0, 0, 0, 805, 0, 0, 865, 0, 632]

 ### Operon type: 340

	 A0A011NXJ4	[0, 0, 0, 0, 0, 0, 0, 0, 628]

 ### Operon type: 341

	 A0A011P8I1	[0, 0, 832, 834, 0, 0, 0, 0, 775]

 ### Operon type: 342

	 A0A011P9Q7	[771, 0, 0, 0, 0, 0, 0, 0, 0]

 ### Operon type: 343

	 A0A011PJ75	[0, 805, 640, 805, 0, 0, 0, 0, 0]

 ### Operon type: 344

	 A0A011PRB4	[0, 0, 0, 0, 0, 0, 0, 649, 0]

 ### Operon type: 345

	 A0A011QVT2	[809, 0, 0, 0, 0, 0, 0, 808, 0]

 ### Operon type: 346

	 A0A011RP14	[0, 0, 0, 0, 0, 0, 0, 509, 0]

 ### Operon type: 347

	 A0A011SM49	[865, 0, 509, 0, 0, 0, 495, 0, 0]

 ### Operon type: 348

	 A0A011AM27	[650, 0, 0, 0, 578, 0, 0, 0, 135]

 ### Operon type: 349

	 A0A011T607	[0, 0, 739, 0, 0, 0, 0, 0, 465]

 ### Operon type: 350

	 A0A011TAW2	[0, 0, 0, 0, 0, 0, 466, 0, 0]

 ### Operon type: 351

	 A0A011TED9	[0, 0, 0, 0, 0, 473, 0, 0, 0]

 ### Operon type: 352

	 A0A011TXS5	[0, 487, 0, 0, 0, 0, 0, 0, 0]

 ### Operon type: 353

	 A0A011U144	[0, 344, 0, 0, 0, 0, 628, 434, 0]

 ### Operon type: 354

	 A0A011U1C8	[791, 0, 0, 0, 0, 0, 0, 0, 343]

 ### Operon type: 355

	 A0A011U483	[0, 0, 0, 0, 0, 790, 0, 0, 0]

 ### Operon type: 356

	 A0A011UG86	[0, 723, 0, 0, 0, 133, 0, 0, 0]

 ### Operon type: 357

	 A0A011UQB5	[500, 613, 0, 0, 0, 0, 0, 477, 0]

 ### Operon type: 358

	 A0A011UVI5	[0, 0, 0, 0, 0, 373, 805, 805, 0]

 ### Operon type: 359

	 A0A011UWI3	[0, 0, 0, 0, 369, 0, 368, 794, 0]

 ### Operon type: 360

	 A0A011V5E6	[0, 0, 0, 0, 0, 313, 0, 0, 0]

 ### Operon type: 361

	 A0A011M4H6	[299, 0, 589, 0, 0, 0, 0, 0, 0]

 ### Operon type: 362

	 A0A011VSV3	[0, 0, 0, 0, 0, 0, 837, 0, 0]

 ### Operon type: 363

	 A0A011VWI0	[0, 0, 0, 0, 0, 148, 0, 0, 0]

 ### Operon type: 364

	 A0A011VZ91	[370, 0, 0, 0, 0, 0, 0, 0, 0]

 ### Operon type: 365

	 A0A011WP76	[0, 0, 0, 0, 0, 0, 0, 0, 855]

 ### Operon type: 366

	 A0A011WSD4	[0, 0, 0, -1, 0, 700, 0, 0, 390]

 ### Operon type: 367

	 A0A011WT35	[390, 0, 0, 0, 0, 0, 0, 0, 0]

 ### Operon type: 368

	 A0A013S843	[0, 418, 0, 0, 0, 0, -1, 332, 0]

 ### Operon type: 369

	 A0A013T5E6	[0, 0, 0, 439, 0, 0, 0, 0, 0]

 ### Operon type: 370

	 A0A009T185	[806, 0, 640, 640, 547, 805, 640, 546, 676]

 ### Operon type: 371

	 A0A010IN36	[548, 865, 0, 0, 547, 805, 640, 546, 676]

 ### Operon type: 372

	 A0A009PG43	[805, 640, 476, 808, 0, 546, 676, 0, 0]

 ### Operon type: 373

	 A0A009INE0	[548, 0, 0, 0, 0, 0, 0, 640, 546]

 ### Operon type: 374

	 A0A009T9H0	[0, 30, 795, -1, 0, 0, 214, 0, 110]

 ### Operon type: 375

	 A0A010THH5	[0, 100, 42, 373, 0, 0, 575, 0, 574]

 ### Operon type: 376

	 A0A011WSH8	[0, 0, 0, 873, 271, 0, 0, 0, 0]
	 A0A011VZE3	[0, 0, 0, 873, 271, 0, 0, 0, 0]

 ### Operon type: 377

	 A0A011NAF3	[0, 0, 0, 0, 0, 0, 873, 0, 743]

 ### Operon type: 378

	 A0A009IQ93	[161, 0, 873, 0, 0, 160, 0, 0, 0]

 ### Operon type: 379

	 A0A009Q8S9	[0, 0, 795, 333, 0, 478, 0, 0, 0]

 ### Operon type: 380

	 A0A009TLU4	[0, 487, -1, 87, 0, 34, 0, -1, -1]

 ### Operon type: 381

	 A0A009ZB47	[53, 236, 0, 0, 0, 700, 572, 0, 0]

 ### Operon type: 382

	 A0A009ZVR4	[507, 0, 834, 0, 0, 99, 0, 0, 98]

 ### Operon type: 383

	 A0A010JIN9	[572, 0, 0, 36, 211, 0, 0, 0, 0]

 ### Operon type: 384

	 A0A010S003	[751, 0, 0, 0, 0, 723, 723, 543, 0]

 ### Operon type: 385

	 A0A010SMN8	[0, -1, 132, 0, 591, 0, 0, 755, 0]

 ### Operon type: 386

	 A0A010SXS1	[0, 476, 0, 0, 0, 481, 0, 0, 808]

 ### Operon type: 387

	 A0A010T689	[135, -1, 575, 512, 0, 0, 0, 0, 0]

 ### Operon type: 388

	 A0A010TBB4	[0, 383, 0, 133, 0, 0, 0, 0, 791]

 ### Operon type: 389

	 A0A010YFK3	[0, 707, 0, 0, 0, 0, 290, 0, 343]

 ### Operon type: 390

	 A0A010YVY1	[16, 0, 16, 0, 0, 0, 0, 543, 0]

 ### Operon type: 391

	 A0A010ZSZ2	[0, 672, 0, 671, 670, 0, 0, 0, 0]

 ### Operon type: 392

	 A0A010Z0Y7	[0, 0, 0, 0, 670, 219, 0, 0, 0]

 ### Operon type: 393

	 A0A011A0M8	[0, 0, 658, 0, 37, 0, 0, 1, 1]

 ### Operon type: 394

	 A0A011NFL4	[0, 501, 0, 0, 634, 659, 0, 297, 0]

 ### Operon type: 395

	 A0A011P407	[0, 0, 793, 792, 0, 0, 791, 0, 790]

 ### Operon type: 396

	 A0A011QGT2	[873, 0, 0, 872, 871, 0, 0, 0, 0]

 ### Operon type: 397

	 A0A011QSA4	[831, 0, 830, 829, 0, 0, 0, 0, 828]

 ### Operon type: 398

	 A0A011T6J6	[0, 711, 0, 834, 0, 0, 310, 0, 309]

 ### Operon type: 399

	 A0A011TAL2	[0, 739, 0, 0, 0, 467, 0, 630, 0]

 ### Operon type: 400

	 A0A011TZG0	[658, 701, 0, 0, 0, 0, 0, 485, 0]

 ### Operon type: 401

	 A0A011UGY3	[273, 272, 313, 130, 0, 0, 0, 130, 0]

 ### Operon type: 402

	 A0A011UII7	[0, 0, 0, 0, 0, 632, 484, 0, 0]

 ### Operon type: 403

	 A0A011UNT9	[478, 498, 0, 0, 0, 0, 0, 0, 0]

 ### Operon type: 404

	 A0A011SIS0	[0, 689, 499, 499, 0, 0, 0, 498, 0]

 ### Operon type: 405

	 A0A011UT49	[0, 672, 0, 0, 0, 0, 476, 475, 0]

 ### Operon type: 406

	 A0A011VU65	[291, 0, 0, 0, 0, 290, 0, 837, 289]

 ### Operon type: 407

	 A0A011VV03	[0, 282, 0, 0, 365, 299, 0, 0, 0]

 ### Operon type: 408

	 A0A011VVZ9	[0, 0, -1, 0, 0, 281, 280, 280, 497]

 ### Operon type: 409

	 A0A011VWX7	[808, 609, 0, 0, 0, 0, 0, 608, 0]

 ### Operon type: 410

	 A0A011VXK7	[502, 502, 0, 552, 0, 0, 0, 713, 0]

 ### Operon type: 411

	 A0A011W0I6	[151, 0, 0, 0, 0, 661, 0, 150, 0]

 ### Operon type: 412

	 A0A010YEF6	[0, 151, 0, 0, 0, 0, 0, 0, 138]

 ### Operon type: 413

	 A0A013SQH1	[0, 0, 0, 0, 270, 668, 0, 584, 617]

 ### Operon type: 414

	 A0A009QJA8	[102, 101, 0, 0, 0, 0, 0, 0, 600]

 ### Operon type: 415

	 A0A009YL68	[0, 0, 791, 410, 407, 0, 0, 43, 0]

 ### Operon type: 416

	 A0A010JNG7	[584, 0, 0, 583, 0, 0, 0, 0, 0]

 ### Operon type: 417

	 A0A010RM40	[590, 873, 725, 0, 0, 0, 0, -1, 779]

 ### Operon type: 418

	 A0A010RRQ6	[0, 589, 0, 0, 0, 591, 588, 587, 0]

 ### Operon type: 419

	 A0A010S423	[310, 0, 0, 0, 0, 0, 0, 368, 506]

 ### Operon type: 420

	 A0A010T0I7	[0, 0, 138, 0, 0, 832, 830, 873, 0]

 ### Operon type: 421

	 A0A010ZUR7	[282, 13, 0, 13, 0, 12, 543, 0, 0]

 ### Operon type: 422

	 A0A011NA78	[0, 618, 0, 0, 0, 821, 0, 0, 779]

 ### Operon type: 423

	 A0A011P8W7	[774, 793, 808, 0, 773, 0, 0, 0, 0]

 ### Operon type: 424

	 A0A011PG97	[755, 0, 0, 754, 0, 0, 0, 0, 0]

 ### Operon type: 425

	 A0A011PKT4	[0, 668, 0, 0, 0, 0, 667, 0, 0]

 ### Operon type: 426

	 A0A011PLB2	[0, 774, 0, 669, 0, 0, 0, 0, 0]

 ### Operon type: 427

	 A0A011R339	[0, 0, 0, 0, 0, 0, 358, 357, 0]

 ### Operon type: 428

	 A0A011SFE5	[0, 0, 0, 502, 0, 0, 501, 792, 500]

 ### Operon type: 429

	 A0A011SJT5	[0, 0, 0, 497, 496, 496, 496, 496, 496]

 ### Operon type: 430

	 A0A011TDQ5	[0, 0, 0, 0, 464, 663, 0, 0, 0]

 ### Operon type: 431

	 A0A011VT01	[0, 0, 294, 0, 0, 294, 0, 0, 293]

 ### Operon type: 432

	 A0A009Z3V9	[873, 0, 0, 0, 0, 92, 656, 93, 94]

 ### Operon type: 433

	 A0A010SRB2	[34, 33, 0, 0, 0, 33, 136, 0, 0]

 ### Operon type: 434

	 A0A010KA25	[572, 0, 575, 528, 67, 0, 0, 572, 422]

 ### Operon type: 435

	 A0A011TZN1	[348, 347, 346, 0, 345, 0, 0, 0, 0]

 ### Operon type: 436

	 A0A011VJ76	[298, 298, 475, 297, 0, 873, 658, 0, 793]

 ### Operon type: 437

	 A0A011UG17	[245, 0, 152, 0, 278, 291, 0, 0, 0]

 ### Operon type: 438

	 A0A011WUA8	[686, 0, 0, 389, 0, 0, 0, 388, 388]

 ### Operon type: 439

	 A0A010S4X6	[0, 219, 725, 723, 401, 0, 631, 660, 607]

 ### Operon type: 440

	 A0A010YY02	[0, 15, 0, 0, 15, 728, 32, 0, 14]
