
 ### Operon type: 1

	 A0A011R7V7	[442, 441, 440, 439, 706, 438, 437, 436, 435]
	 A0A011PVT3	[442, 441, 440, 439, 706, 438, 437, 436, 435]
	 A0A011MET3	[442, 441, 440, 439, 706, 438, 437, 436, 435]

 ### Operon type: 2

	 A0A011UIA1	[348, 347, 346, 345, 344, 343, 342, 341, 0]
	 A0A011V5V3	[0, 348, 347, 346, 345, 344, 343, 342, 341]

 ### Operon type: 3

	 A0A011NE72	[457, 456, 455, 454, 453, 452, 451, 450, 0]
	 A0A011PTE7	[457, 456, 455, 454, 453, 0, 452, 451, 450]

 ### Operon type: 4

	 A0A011NEY3	[449, 448, 447, 446, 446, 445, 444, 443, 0]

 ### Operon type: 5

	 A0A011PAN4	[448, 447, 0, 446, 446, 445, 444, 443, 426]

 ### Operon type: 6

	 A0A011RCD5	[449, 448, 447, 446, 446, 445, 444, 443, 426]

 ### Operon type: 7

	 A0A010JSI3	[723, 724, 722, 721, 720, 719, 718, 717, 0]
	 A0A013T0M4	[723, 724, 722, 721, 720, 719, 718, 717, 0]
	 A0A009HDS5	[723, 724, 722, 721, 720, 719, 718, 717, 0]
	 A0A009RGL2	[0, 724, 722, 721, 720, 719, 718, 717, 0]

 ### Operon type: 8

	 A0A011NW66	[564, 563, 562, 561, 560, 541, 0, 0, 0]
	 A0A011NBX7	[564, 563, 562, 561, 560, 541, 0, 0, 0]
	 A0A011PF67	[564, 563, 562, 561, 560, 0, 0, 0, 0]

 ### Operon type: 9

	 A0A011NS68	[564, 563, 562, 561, 560, 559, 558, 557, 556]
	 A0A011RHX4	[564, 563, 562, 561, 560, 559, 558, 557, 0]

 ### Operon type: 10

	 A0A010JY00	[277, 464, 713, 325, 84, 573, 322, 663, 334]

 ### Operon type: 11

	 A0A013TH30	[464, 713, 325, 324, 323, 573, 322, 663, 334]

 ### Operon type: 12

	 A0A011NEQ1	[0, 527, 526, 525, 524, 523, 522, 521, 520]
	 A0A011QAS2	[0, 527, 526, 525, 524, 523, 522, 521, 520]

 ### Operon type: 13

	 A0A011QSF0	[0, 592, 591, 590, 589, 588, 587, 586, 0]
	 A0A011QBB5	[571, 592, 591, 590, 589, 588, 587, 586, 570]
	 A0A011Q0X6	[571, 592, 591, 590, 589, 588, 587, 586, 570]
	 A0A011Q1X8	[592, 0, 591, 590, 589, 588, 587, 586, 570]

 ### Operon type: 14

	 A0A011PG87	[571, 592, 591, 590, 589, 588, 587, 0, 0]

 ### Operon type: 15

	 A0A013SP43	[306, 305, 304, 303, 302, 301, 300, 299, 298]
	 A0A009RUN3	[306, 305, 304, 303, 302, 301, 300, 299, 298]
	 A0A010K6G6	[306, 305, 304, 303, 302, 301, 300, 0, 298]

 ### Operon type: 16

	 A0A009SZB5	[0, 0, 233, 232, 231, 0, 0, 0, 230]
	 A0A009HR98	[0, 0, 233, 232, 231, 0, 0, 0, 230]

 ### Operon type: 17

	 A0A009Z8F7	[218, 233, 217, 0, 231, 216, 216, 0, 0]

 ### Operon type: 18

	 A0A011QIT1	[622, 621, 620, 619, 618, 617, 616, 615, 614]
	 A0A011QUG8	[622, 621, 620, 619, 618, 617, 0, 616, 615]

 ### Operon type: 19

	 A0A011QAB0	[476, 402, 401, 0, 400, 473, 511, 399, 0]
	 A0A011PL71	[387, 476, 402, 401, 400, 473, 511, 399, 0]

 ### Operon type: 20

	 A0A011PIY7	[410, 0, 471, 470, 469, 468, 467, 0, 465]

 ### Operon type: 21

	 A0A011Q3J4	[0, 410, 471, 470, 469, 468, 467, 466, 0]

 ### Operon type: 22

	 A0A011MH88	[228, 410, 471, 470, 469, 468, 467, 466, 465]

 ### Operon type: 23

	 A0A009QBR9	[0, 0, 685, 639, 684, 0, 0, 680, 93]
	 A0A009TM70	[0, 686, 685, 639, 684, 0, 0, 680, 93]

 ### Operon type: 24

	 A0A010ILU3	[687, 686, 685, 0, 684, 683, 682, 681, 680]
	 A0A009MW50	[0, 686, 685, 639, 684, 683, 0, 681, 680]
	 A0A009H3B0	[0, 686, 685, 0, 684, 683, 682, 681, 680]
	 A0A009QS71	[687, 686, 685, 639, 684, 683, 0, 681, 680]

 ### Operon type: 25

	 A0A009I8S2	[0, 0, 685, 639, 684, 683, 681, 680, 93]

 ### Operon type: 26

	 A0A009ICH6	[653, 98, 97, 96, 84, 83, 82, 81, 663]
	 A0A009ZFR5	[653, 98, 97, 96, 84, 83, 82, 81, 663]

 ### Operon type: 27

	 A0A009GP96	[0, 76, 712, 704, 75, 44, 703, 74, 73]

 ### Operon type: 28

	 A0A009GSR4	[704, 75, 44, 703, 74, 73, 73, 72, 0]

 ### Operon type: 29

	 A0A009IIT6	[76, 712, 704, 75, 74, 73, 73, 72, 0]

 ### Operon type: 30

	 A0A009IS10	[363, 0, 0, 0, 170, 169, 168, 0, 0]

 ### Operon type: 31

	 A0A009QHW5	[0, 0, 0, 687, 170, 169, 168, 0, 215]

 ### Operon type: 32

	 A0A011UVB4	[0, 0, 0, 364, 0, 0, 363, 0, 362]

 ### Operon type: 33

	 A0A011TLH7	[375, 374, 373, 0, 0, 0, 0, 0, 0]
	 A0A011UG87	[373, 374, 375, 0, 0, 0, 0, 0, 0]

 ### Operon type: 34

	 A0A011QIE8	[628, 627, 626, 665, 625, 624, 623, 0, 0]
	 A0A011QDV3	[628, 627, 626, 665, 625, 624, 572, 0, 623]

 ### Operon type: 35

	 A0A011NYU6	[416, 415, 0, 414, 413, 397, 396, 0, 412]

 ### Operon type: 36

	 A0A011PYI6	[416, 415, 0, 414, 413, 412, 711, 499, 0]

 ### Operon type: 37

	 A0A011P1C0	[0, 0, 397, 396, 412, 0, 0, 0, 0]

 ### Operon type: 38

	 A0A011NVE7	[550, 549, 548, 0, 0, 0, 0, 0, 0]
	 A0A011PP01	[550, 549, 548, 0, 0, 0, 0, 0, 0]

 ### Operon type: 39

	 A0A013TH43	[321, 0, 0, 0, 320, 319, 318, 0, 485]
	 A0A009RAF0	[321, 0, 0, 0, 320, 319, 318, 0, 485]

 ### Operon type: 40

	 A0A013S8V2	[280, 279, 0, 0, 0, 278, 0, 0, 0]
	 A0A009R8E1	[0, 395, 0, 280, 279, 0, 0, 278, 0]

 ### Operon type: 41

	 A0A009QFZ7	[332, 331, 0, 0, 338, 0, 327, 326, 0]
	 A0A009TK03	[332, 331, 0, 0, 338, 0, 327, 326, 0]

 ### Operon type: 42

	 A0A013SPM5	[332, 331, 330, 329, 338, 328, 327, 326, 0]
	 A0A009MH71	[332, 331, 0, 329, 338, 328, 327, 326, 0]
	 A0A009HSL1	[332, 331, 330, 329, 338, 0, 327, 326, 0]
	 A0A010IX62	[332, 331, 330, 329, 338, 0, 327, 326, 0]

 ### Operon type: 43

	 A0A009I6Z0	[332, 331, 0, 329, 338, 0, 327, 326, 85]

 ### Operon type: 44

	 A0A009ZIX8	[0, 11, 330, 329, 338, 394, 0, 85, 0]

 ### Operon type: 45

	 A0A009I573	[151, 0, 150, 149, 0, 148, 147, 146, 145]

 ### Operon type: 46

	 A0A009ILP9	[127, 0, 145, 146, 147, 148, 126, 149, 150]

 ### Operon type: 47

	 A0A009I953	[127, 0, 145, 146, 147, 148, 126, 0, -1]

 ### Operon type: 48

	 A0A009IPC3	[121, 120, 0, 0, 147, 119, 118, 0, 126]
	 A0A009QEG7	[121, 120, 0, 0, 147, 119, 118, 0, 126]

 ### Operon type: 49

	 A0A009SX74	[422, 556, 0, 149, 126, 127, 120, 121, 0]

 ### Operon type: 50

	 A0A009I4A1	[0, 156, 712, 0, 155, 154, 153, 152, 0]
	 A0A010JWJ1	[0, 156, 712, 0, 155, 154, 153, 152, 0]

 ### Operon type: 51

	 A0A009QF22	[92, 91, 90, 0, 155, 154, 153, 152, 89]
	 A0A009TBY8	[92, 91, 90, 71, 155, 154, 153, 152, 89]

 ### Operon type: 52

	 A0A009ITT8	[167, 166, 165, 235, 247, 245, 244, 243, 242]

 ### Operon type: 53

	 A0A009NJ90	[167, 166, 165, 235, 0, 246, 245, 244, 243]

 ### Operon type: 54

	 A0A009HZK2	[236, 235, 247, 0, 0, 0, 0, 0, 0]

 ### Operon type: 55

	 A0A009IJ07	[238, 237, 236, 235, 247, 0, 0, 0, 0]

 ### Operon type: 56

	 A0A009S6G1	[238, 237, 236, 235, 247, 244, 243, 242, 239]

 ### Operon type: 57

	 A0A009S5A5	[247, 246, 245, 244, 243, 242, 241, 240, 239]

 ### Operon type: 58

	 A0A010ITG1	[639, 638, 637, 636, 635, 634, 633, 712, 665]
	 A0A013TCN9	[639, 638, 637, 636, 635, 634, 633, 712, 665]
	 A0A009NIJ3	[639, 638, 637, 636, 635, 634, 633, 712, 665]
	 A0A009QNC9	[639, 638, 637, 636, 635, 634, 633, 712, 665]
	 A0A013TRC1	[639, 638, 637, 636, 635, 634, 633, 712, 665]

 ### Operon type: 59

	 A0A009H935	[0, 0, 637, 636, 635, 634, 633, 712, 665]

 ### Operon type: 60

	 A0A009PJF7	[219, 220, 220, 221, 194, 222, 193, 192, 191]
	 A0A009SJZ7	[364, 219, 220, 221, 194, 222, 193, 192, 191]

 ### Operon type: 61

	 A0A009Z5G0	[222, 221, 220, 0, 494, 219, 364, 293]

 ### Operon type: 62

	 A0A010JJC1	[695, 694, 693, 692, 691, 690, 689, 702, 688]
	 A0A010IZ41	[694, 693, 692, 691, 690, 689, 702, 688, 304]

 ### Operon type: 63

	 A0A009QJL6	[695, 694, 693, 692, 0, 688, 304, 88, 0]

 ### Operon type: 64

	 A0A011N9N8	[473, 472, 471, 0, 0, 0, 0, 0, 0]
	 A0A011P2I4	[473, 472, 471, 0, 0, 0, 0, 0, 0]

 ### Operon type: 65

	 A0A009PIB4	[0, 0, 0, 188, 360, 187, 703, 712, 473]
	 A0A009SLR5	[0, 0, 0, 188, 360, 187, 703, 712, 473]

 ### Operon type: 66

	 A0A009HSU4	[0, 0, 487, 712, 0, 472, 650, 473, 703]

 ### Operon type: 67

	 A0A011SF89	[504, 503, 502, 0, 0, 0, 0, 0, 0]

 ### Operon type: 68

	 A0A011UCX7	[0, 476, 504, 503, 0, 502, 117, 0, 0]

 ### Operon type: 69

	 A0A011NYT4	[710, 532, 531, 697, 0, 530, 530, 529, 528]

 ### Operon type: 70

	 A0A011P8E9	[0, 0, 710, 532, 0, 531, 697, 0, 0]

 ### Operon type: 71

	 A0A010TF34	[0, -1, 0, 0, 53, 52, 51, 50, 49]
	 A0A010SYH9	[53, 52, 51, 50, 49, 0, 0, 0, 0]

 ### Operon type: 72

	 A0A010TFJ4	[0, -1, 0, 58, 57, 56, 55, -1, 54]
	 A0A010S7A1	[58, 57, 56, 55, 0, 54, 0, 0, 0]

 ### Operon type: 73

	 A0A009ICP5	[179, 308, 463, 178, 177, 0, 0, 175, 0]

 ### Operon type: 74

	 A0A009MMG9	[179, 308, 463, 178, 177, 0, 176, 175, 489]

 ### Operon type: 75

	 A0A009QLL2	[0, 224, 225, 0, 177, 0, 0, 175, 0]
	 A0A009HTW0	[0, 224, 225, 0, 177, 0, 0, 175, 0]

 ### Operon type: 76

	 A0A009SIV4	[223, 224, 225, 46, 177, 45, 0, 175, 489]

 ### Operon type: 77

	 A0A013TSJ4	[224, 225, 0, 46, 177, 0, 0, 175, 489]

 ### Operon type: 78

	 A0A009Z3V9	[712, 0, 0, 0, 0, 225, 385, 224, 223]

 ### Operon type: 79

	 A0A009T0Q9	[0, 0, 0, 0, 229, 270, 228, 712, 227]

 ### Operon type: 80

	 A0A009YJF4	[0, 529, 528, 23, 39, 228, 712, 0, 227]

 ### Operon type: 81

	 A0A009PAV9	[48, -1, 463, 47, 295, 703, 100, 101, 102]
	 A0A009HJC2	[48, 665, 463, 47, 295, 703, 100, 101, 102]

 ### Operon type: 82

	 A0A009SE02	[0, 102, 0, 0, 0, 101, 100, 703, 295]

 ### Operon type: 83

	 A0A011QNA5	[0, 609, 608, 607, 0, 679, 678, 677, 676]
	 A0A009ZLJ7	[676, 677, 678, 679, 0, 0, 609, 608, 607]

 ### Operon type: 84

	 A0A013T0T6	[679, 678, 677, 676, 675, 674, 336, 673, 335]
	 A0A009HAX1	[679, 678, 677, 676, 675, 674, 336, 673, 335]
	 A0A009QMH5	[679, 678, 677, 676, 675, 674, 336, 673, 335]

 ### Operon type: 85

	 A0A010ILW6	[679, 678, 677, 676, 675, 674, 0, 0, 673]

 ### Operon type: 86

	 A0A009Z9X7	[678, 677, 676, 0, 675, 0, 579, 0, 673]

 ### Operon type: 87

	 A0A009PE10	[0, 0, 0, 676, 675, 99, 336, 673, -1]

 ### Operon type: 88

	 A0A009SYU8	[650, 653, 649, 648, 195, 712, 712, 646, 645]
	 A0A009RSB7	[650, 653, 649, 648, 195, 712, 712, 646, 645]
	 A0A009HS41	[650, 653, 649, 648, 195, 712, 712, 646, 645]

 ### Operon type: 89

	 A0A010IT25	[650, 653, 649, 648, 647, 712, 712, 646, 645]
	 A0A013SHA9	[650, 653, 649, 648, 647, 712, 712, 646, 645]
	 A0A009I466	[650, 653, 649, 648, 647, 712, 712, 646, 645]

 ### Operon type: 90

	 A0A009NMQ9	[650, 653, 649, 648, 647, 0, 712, 712, 646]

 ### Operon type: 91

	 A0A009P8A9	[0, 0, 649, 648, 195, 712, 712, 646, 645]

 ### Operon type: 92

	 A0A011PGU1	[0, 0, 421, 602, 601, 600, 420, 419, 418]
	 A0A011MDH1	[411, 0, 421, 602, 601, 600, 420, 419, 418]

 ### Operon type: 93

	 A0A011V0P4	[434, 355, 0, 0, 354, 0, 0, 353, 352]

 ### Operon type: 94

	 A0A011WPV7	[353, 352, 0, 0, 0, 0, 0, 0, 0]

 ### Operon type: 95

	 A0A011RNP9	[0, 0, 0, 0, 0, 512, 511, 0, 0]

 ### Operon type: 96

	 A0A011V0B5	[507, 0, 0, 0, 0, 0, 512, 0, 0]

 ### Operon type: 97

	 A0A011RQC9	[0, 507, 506, 0, 0, 0, 0, 505, 0]

 ### Operon type: 98

	 A0A011QG28	[604, 603, 602, 0, 601, 600, 599, 598, 597]
	 A0A011RIM8	[604, 603, 0, 0, 601, 600, 599, 598, 597]

 ### Operon type: 99

	 A0A011PHI6	[381, 0, 630, 0, 0, 629, 619, 555, 0]

 ### Operon type: 100

	 A0A011QI68	[0, 0, 630, 629, 0, 0, 0, 0, 0]

 ### Operon type: 101

	 A0A011P700	[0, 0, 585, 584, 0, 0, 0, 0, 0]

 ### Operon type: 102

	 A0A011QSI4	[0, 0, 585, 584, 583, 0, 0, 0, 0]

 ### Operon type: 103

	 A0A011NVJ6	[547, 546, 545, 544, 543, 660, 0, 0, 542]

 ### Operon type: 104

	 A0A011PVP2	[0, 546, 545, 544, 543, 660, 0, 0, 442]

 ### Operon type: 105

	 A0A011NXY7	[0, 0, 545, 0, 543, 0, 0, 0, 0]

 ### Operon type: 106

	 A0A011QR69	[577, 576, 663, 575, 574, 573, 0, 0, 0]
	 A0A011NUB4	[577, 576, 663, 575, 574, 573, 0, 552, 0]

 ### Operon type: 107

	 A0A011NN36	[576, 663, 0, 0, 574, 573, 0, 0, 0]

 ### Operon type: 108

	 A0A011PK69	[663, 392, 0, 0, 574, 573, 0, 0, 0]

 ### Operon type: 109

	 A0A011NYD6	[539, 611, 610, 538, 537, 536, 535, 534, 533]
	 A0A011RMI6	[539, 611, 610, 538, 537, 536, 535, 534, 533]

 ### Operon type: 110

	 A0A011QB28	[398, 539, 611, 0, 0, 536, 535, 534, 533]

 ### Operon type: 111

	 A0A011NF33	[0, 536, 535, 0, 0, 0, 0, 0, 0]

 ### Operon type: 112

	 A0A011NBY4	[460, 0, 0, 482, 0, 0, 459, 0, 0]

 ### Operon type: 113

	 A0A011WRT0	[460, 0, 0, 0, 0, 0, 0, 499, 0]

 ### Operon type: 114

	 A0A011SHV5	[0, 0, 0, 0, 0, 497, 499, 695, 0]

 ### Operon type: 115

	 A0A011NB95	[0, 581, 0, 0, 0, 0, 463, 462, 461]

 ### Operon type: 116

	 A0A011UHT4	[88, 202, 462, 0, 0, 60, 60, 461, 0]

 ### Operon type: 117

	 A0A010Z1W7	[0, 0, 0, 0, 0, 12, 0, 210, 211]

 ### Operon type: 118

	 A0A011VY84	[0, 0, 211, 210, 0, 0, 0, 0, 0]

 ### Operon type: 119

	 A0A010YW85	[0, 0, 0, 0, 0, 252, 0, 210, 211]

 ### Operon type: 120

	 A0A010ZMA0	[210, 475, 0, 0, 0, 0, 0, 0, 0]

 ### Operon type: 121

	 A0A011N5L2	[0, 0, 0, 475, 0, 474, 696, 0, 0]

 ### Operon type: 122

	 A0A010SQJ5	[281, 178, 0, 371, 370, 369, 0, 0, 0]

 ### Operon type: 123

	 A0A010STD3	[0, 0, 0, 371, 370, 369, 0, 646, 287]

 ### Operon type: 124

	 A0A011TD67	[372, 0, 0, 371, 370, 369, 368, 0, 367]

 ### Operon type: 125

	 A0A009ZC12	[0, 0, 0, 371, 0, 369, 368, 213, 594]

 ### Operon type: 126

	 A0A010RFQ9	[0, 0, 716, 0, 715, 0, 0, 0, 0]

 ### Operon type: 127

	 A0A010SPR9	[21, 21, 0, 0, 0, 715, 0, 0, 0]

 ### Operon type: 128

	 A0A013S288	[0, 0, 0, 285, 295, 284, 283, 0, 282]
	 A0A010J3I1	[0, 0, 0, 285, 295, 284, 283, 0, 282]

 ### Operon type: 129

	 A0A009PWG1	[379, 134, 133, 285, 295, 284, 283, 132, 282]
	 A0A013SXT2	[379, 134, 133, 285, 295, 284, 283, 132, 282]

 ### Operon type: 130

	 A0A009ZJK4	[0, 0, 0, 0, 0, 0, 653, 16, 0]

 ### Operon type: 131

	 A0A010SVN1	[-1, 16, 712, 173, 377, 0, 0, 653, 0]

 ### Operon type: 132

	 A0A009IMX3	[659, 0, 657, 0, 655, 123, 123, 499, 122]
	 A0A009SF48	[659, 0, 657, 0, 655, -1, 123, 499, 122]

 ### Operon type: 133

	 A0A009QEX0	[659, 658, 657, 656, 655, 123, 123, 499, 122]

 ### Operon type: 134

	 A0A010ISX2	[659, 658, 657, 656, 655, 654, 653, 652, 651]
	 A0A013S7V1	[659, 658, 657, 656, 655, 654, 653, 652, 651]
	 A0A009MR00	[659, 658, 657, 656, 655, 654, 653, 652, 651]
	 A0A009RES7	[659, 658, 657, 656, 655, 654, 653, 652, 651]

 ### Operon type: 135

	 A0A009GYP9	[0, 0, 0, 656, 655, 654, 653, 652, 651]

 ### Operon type: 136

	 A0A009YTT3	[0, 0, 0, 0, 0, 0, 653, 652, 651]

 ### Operon type: 137

	 A0A009PFK7	[201, 200, 199, 198, 197, 0, 0, 196, 0]
	 A0A009QGN4	[201, 200, 199, 198, 197, 196, 0, 0, 0]

 ### Operon type: 138

	 A0A009YR20	[0, 196, 0, 0, 0, 0, 200, 0, 0]

 ### Operon type: 139

	 A0A013SB36	[276, 275, 274, 273, 272, 0, 528, 271, 270]
	 A0A009QSI3	[276, 275, 274, 273, 272, 0, 528, 271, -1]

 ### Operon type: 140

	 A0A010ITP2	[276, 275, 274, 273, 272, 0, 528, 0, 0]

 ### Operon type: 141

	 A0A009SII9	[-1, 275, 274, 273, 0, 0, 0, 0, 229]

 ### Operon type: 142

	 A0A009HZV2	[0, 0, 0, 0, 131, 130, 246, 0, 0]

 ### Operon type: 143

	 A0A009QPE7	[0, 0, 0, 0, 131, 130, 0, 0, 0]

 ### Operon type: 144

	 A0A009GXL8	[42, 41, 40, 0, 39, 71, 137, 136, 135]

 ### Operon type: 145

	 A0A010JIW7	[42, 41, 40, 0, 39, 0, 0, 137, 136]

 ### Operon type: 146

	 A0A009MGR3	[0, 0, 111, 0, 333, 240, 87, 110, 109]

 ### Operon type: 147

	 A0A009Q4G0	[0, 112, 111, 0, 333, 0, 110, 109, 110]

 ### Operon type: 148

	 A0A009PUJ8	[0, 139, 0, 0, 0, 138, 137, 136, 135]

 ### Operon type: 149

	 A0A009QJA8	[136, 135, 0, 0, 0, 0, 0, 0, 0]

 ### Operon type: 150

	 A0A009PB53	[0, 0, 139, 0, 0, 110, 109, 110, 138]

 ### Operon type: 151

	 A0A013SNJ8	[653, 0, 0, 297, 296, 295, 304, 0, 0]
	 A0A013RZW2	[653, 286, 0, 297, 296, 295, 304, 0, 0]
	 A0A009RD69	[653, 286, 0, 297, 296, 295, 304, 164, 0]
	 A0A009SIZ4	[653, 286, 0, 297, 296, 0, 304, 164, 0]
	 A0A010J9U3	[653, 0, 0, 297, 296, 295, 304, 0, 0]

 ### Operon type: 152

	 A0A009PH20	[0, 0, 680, 297, 296, 295, 304, 0, 0]
	 A0A009IV03	[0, 0, 680, 297, 296, 0, 304, 0, 0]

 ### Operon type: 153

	 A0A009YIZ0	[653, 286, 680, 297, 296, 295, 304, 164, 128]

 ### Operon type: 154

	 A0A009QA91	[250, 249, 650, 712, 265, 265, 129, 312, 173]
	 A0A010J377	[250, 249, 650, 712, 265, 265, 129, 312, 173]

 ### Operon type: 155

	 A0A009MVG4	[174, 0, 266, 712, 265, 265, 0, 312, 173]
	 A0A009QQC0	[0, 0, 174, 712, 265, 265, 0, 312, 173]

 ### Operon type: 156

	 A0A009H7I0	[0, 0, 0, 712, 265, 265, 129, 312, 173]

 ### Operon type: 157

	 A0A009S1X4	[250, 249, 650, 712, 265, 265, 712, 0, 248]

 ### Operon type: 158

	 A0A013SHF4	[0, 0, 266, 712, 265, 265, 0, 264, 0]

 ### Operon type: 159

	 A0A009H7U0	[672, 599, 0, 671, 670, 669, 668, 0, 0]

 ### Operon type: 160

	 A0A010IMP8	[672, 0, 0, 671, 670, 669, 668, 0, 667]

 ### Operon type: 161

	 A0A013SZ54	[672, 0, 458, 671, 670, 0, 0, 0, 0]

 ### Operon type: 162

	 A0A009ZM43	[-1, 599, 458, 671, 670, 669, 668, 113, 667]

 ### Operon type: 163

	 A0A009YSC7	[0, 0, 459, 9, 0, 9, 289, 288, 0]

 ### Operon type: 164

	 A0A013RVV2	[639, 0, 289, 288, 0, 0, 0, 287, 0]

 ### Operon type: 165

	 A0A011Q5S3	[614, 409, 0, 0, 0, 0, 408, 407, 406]

 ### Operon type: 166

	 A0A011UZZ4	[0, 408, 407, 0, 0, 0, 356, 356, 406]

 ### Operon type: 167

	 A0A010YKP2	[0, 0, 0, 0, 0, 0, 542, 351, 0]

 ### Operon type: 168

	 A0A011V1A2	[355, 0, 0, 351, 0, 0, 0, 0, 0]

 ### Operon type: 169

	 A0A011Q2B1	[0, 0, 0, 0, 0, 517, 516, 515, 514]

 ### Operon type: 170

	 A0A011RLN8	[0, 0, 0, 519, 518, 517, 516, 515, 514]

 ### Operon type: 171

	 A0A011NGS0	[0, 0, 0, 0, 569, 568, 0, 0, 0]

 ### Operon type: 172

	 A0A011PW61	[0, 0, 0, 0, 569, 568, 0, 0, 567]

 ### Operon type: 173

	 A0A011UXI1	[0, 390, 0, 0, 569, 568, 366, 0, 0]

 ### Operon type: 174

	 A0A011SWI9	[-1, -1, 0, 381, 569, 568, 366, -1, -1]

 ### Operon type: 175

	 A0A011P952	[568, 0, 427, 0, 0, 427, 0, 0, 0]

 ### Operon type: 176

	 A0A011NSG8	[0, 0, 0, 555, 554, 553, 0, 554, 0]

 ### Operon type: 177

	 A0A011P0X4	[0, 0, 411, 0, 554, 0, 0, 553, 395]

 ### Operon type: 178

	 A0A009MJ75	[0, 0, 182, 181, 180, 0, 0, 0, 704]

 ### Operon type: 179

	 A0A010IH51	[0, 489, 0, 0, 180, 0, 704, 0, 0]

 ### Operon type: 180

	 A0A010YNY9	[0, 0, 13, 8, 0, 0, 0, 0, 361]

 ### Operon type: 181

	 A0A011AC71	[248, 0, 0, 380, 0, 13, 8, 0, 650]

 ### Operon type: 182

	 A0A011QLX0	[0, 613, 0, 0, 612, 0, 611, 610, 0]
	 A0A011PRW6	[613, 0, 0, 0, 612, 611, 610, 0, 0]

 ### Operon type: 183

	 A0A010SML6	[0, 611, 610, -1, 0, 556, 0, 0, 0]

 ### Operon type: 184

	 A0A009P817	[186, 0, 0, 0, 185, 0, 254, 184, 183]

 ### Operon type: 185

	 A0A009TIY0	[0, 0, 0, 0, 185, 0, 254, 184, 0]

 ### Operon type: 186

	 A0A009QKA3	[254, 184, 0, 183, 0, 0, 0, 0, 201]

 ### Operon type: 187

	 A0A009S854	[-1, 0, 0, 234, 291, 0, 0, 0, 290]

 ### Operon type: 188

	 A0A013RMD0	[-1, 0, 708, 0, 291, 716, 0, 0, 290]

 ### Operon type: 189

	 A0A009R016	[0, 115, 0, 0, 114, -1, 703, 0, 0]
	 A0A009HFU9	[0, 115, 0, 0, 114, 703, 0, 0, 0]

 ### Operon type: 190

	 A0A009HSR2	[0, 108, 107, 0, 106, 141, 142, 246, 143]

 ### Operon type: 191

	 A0A009SWM1	[0, 108, 107, 0, 106, 0, 0, 142, 0]

 ### Operon type: 192

	 A0A009MYX0	[144, 143, 0, 487, 0, 0, 142, 141, 140]

 ### Operon type: 193

	 A0A009QK79	[0, 0, 140, 141, 0, 142, 0, 0, 143]

 ### Operon type: 194

	 A0A009GXJ1	[350, 349, 141, 142, 43, 246, 143, 144, 0]

 ### Operon type: 195

	 A0A010IT95	[0, 0, 0, 703, 644, 643, 642, 641, 640]
	 A0A013TKW8	[0, 605, 0, 703, 644, 643, 642, 641, 640]
	 A0A009S0T6	[0, 0, 703, 251, 644, 643, 642, 641, 640]
	 A0A009PRQ9	[0, 703, 251, 0, 644, 643, 642, 641, 640]
	 A0A009I5G9	[0, 0, 703, 251, 644, 643, 642, 641, 640]
	 A0A009QT77	[0, 0, -1, 703, 644, 643, 642, 641, 640]
	 A0A009MH36	[0, 0, 0, 703, 644, 643, 642, 641, 640]
	 A0A009GWD0	[246, 0, 0, 703, 644, 643, 642, 641, 640]

 ### Operon type: 196

	 A0A013TMJ7	[665, -1, 0, 703, 644, 641, 640, 0, 0]

 ### Operon type: 197

	 A0A009HJJ5	[311, 701, 700, 0, 699, 698, 0, 697, 86]
	 A0A009I8I7	[311, 701, 700, 103, 699, 698, 0, 697, 86]

 ### Operon type: 198

	 A0A010JJN4	[0, 701, 700, 0, 699, 698, 0, 697, 696]
	 A0A013TPR7	[311, 701, 700, 0, 699, 698, 0, 697, 696]
	 A0A009PMT3	[311, 701, 700, 0, 699, 698, 190, 697, 696]
	 A0A009RMI1	[0, 701, 700, 0, 699, 698, 0, 697, 0]
	 A0A009YG45	[0, 311, 701, 700, 699, 0, 698, 190, 697]

 ### Operon type: 199

	 A0A009SEP4	[311, 701, 700, 103, 699, 0, 698, 190, 0]

 ### Operon type: 200

	 A0A009NI48	[311, 701, 700, 0, 699, 0, 0, 0, -1]

 ### Operon type: 201

	 A0A011WLE7	[0, 0, 0, 0, 0, 203, 0, 0, 0]
	 A0A011VU44	[0, 0, 0, 0, 0, 203, 0, 0, 0]

 ### Operon type: 202

	 A0A011VAP2	[0, 0, 33, 0, 0, 0, 0, 0, 32]

 ### Operon type: 203

	 A0A011VRJ8	[0, 0, 0, 0, 0, 0, 33, 0, 0]

 ### Operon type: 204

	 A0A011RNU1	[0, 0, 0, 0, 0, 0, 510, 510, 509]

 ### Operon type: 205

	 A0A011VKJ9	[0, 0, 0, 0, 0, 0, 509, 510, -1]

 ### Operon type: 206

	 A0A011WT35	[294, 0, 0, 0, 0, 0, 0, 0, 0]
	 A0A011V490	[0, 294, 0, 0, 0, 0, 0, 0, 0]

 ### Operon type: 207

	 A0A009T185	[576, 0, 662, 662, 664, 663, 662, 661, 660]

 ### Operon type: 208

	 A0A010IN36	[666, 665, 0, 0, 664, 663, 662, 661, 660]

 ### Operon type: 209

	 A0A009PG43	[663, 662, 479, 578, 0, 661, 660, 0, 0]

 ### Operon type: 210

	 A0A011PQZ7	[0, 0, 0, 384, 413, 0, 383, 0, 0]

 ### Operon type: 211

	 A0A011TUX4	[0, 0, 0, 0, 413, 0, 0, 383, 0]

 ### Operon type: 212

	 A0A011STZ9	[0, 0, 0, 383, 0, 0, 0, 0, 0]

 ### Operon type: 213

	 A0A011PUJ9	[0, 0, 0, 0, 0, 0, 0, 0, 417]
	 A0A011PRF5	[417, 0, 0, 0, 0, 0, 0, 0, 0]

 ### Operon type: 214

	 A0A011PFY8	[0, 0, 0, 0, 0, 0, 0, 0, 424]

 ### Operon type: 215

	 A0A011PNS3	[578, 424, 0, 0, 0, 0, 0, 0, 0]

 ### Operon type: 216

	 A0A011T648	[0, 424, 0, 0, 0, 0, 0, 663, 0]

 ### Operon type: 217

	 A0A011U3C2	[0, 0, 599, 0, 0, 0, 0, 0, 0]
	 A0A011AEN3	[0, 0, 0, 0, 0, 0, 599, 0, 0]

 ### Operon type: 218

	 A0A011AAZ2	[0, 480, 0, 0, 0, 599, 599, 599, 0]

 ### Operon type: 219

	 A0A011T698	[0, 0, 0, 0, 0, 650, 599, 0, 0]

 ### Operon type: 220

	 A0A009SNL0	[105, 104, 0, 0, 0, 0, 0, 0, 0]

 ### Operon type: 221

	 A0A009ZZC8	[-1, 104, 105, 0, 0, 0, 0, 0, 0]

 ### Operon type: 222

	 A0A009ZG48	[0, 0, 0, 605, 0, 0, 0, 0, 0]

 ### Operon type: 223

	 A0A011PEJ8	[0, 0, 425, 605, 0, 0, 0, 0, 0]

 ### Operon type: 224

	 A0A011QNJ7	[606, 0, 0, 605, 0, 0, 0, 606, 0]

 ### Operon type: 225

	 A0A011MMJ4	[0, 0, 0, 0, 0, 0, 0, 606, 0]

 ### Operon type: 226

	 A0A011R8M3	[0, 0, 425, 605, 0, 365, 0, 606, 0]

 ### Operon type: 227

	 A0A009TJ77	[0, 24, 0, 0, 0, 0, 0, 0, 0]

 ### Operon type: 228

	 A0A010RTE7	[0, 0, 0, 0, 0, 0, 50, 24, 0]

 ### Operon type: 229

	 A0A013TPQ9	[317, 316, 315, 314, 313, 712, 665, 312, 474]
	 A0A013S8F0	[317, 316, 315, 314, 313, 712, 665, 312, 474]
	 A0A009PMU2	[317, 316, 315, -1, 313, 712, 665, 312, 474]
	 A0A009SZ84	[317, 316, 315, 314, 313, 712, 665, 312, 474]

 ### Operon type: 230

	 A0A009IG48	[0, 0, 0, 125, 124, 0, 0, 0, 556]

 ### Operon type: 231

	 A0A009IMQ0	[0, 0, 0, 125, 124, 0, 0, 0, 0]

 ### Operon type: 232

	 A0A009SWV1	[0, 0, 0, 0, 0, 0, 0, 125, 0]

 ### Operon type: 233

	 A0A011TAW2	[0, 0, 0, 0, 0, 0, 379, 0, 0]
	 A0A009SFX8	[379, 0, 0, 0, 0, 0, 0, 0, 0]

 ### Operon type: 234

	 A0A011TZN1	[0, 0, 0, 0, 340, 0, 0, 0, 0]
	 A0A009RHH9	[0, 0, 0, 0, 340, 0, 0, 0, 0]

 ### Operon type: 235

	 A0A009PMZ9	[189, 0, 0, 0, 0, 0, 0, 0, 0]
	 A0A009Q512	[0, 0, 0, 0, 189, 0, 0, 0, 0]

 ### Operon type: 236

	 A0A009IFL2	[0, 212, 0, 80, -1, 0, 0, 0]

 ### Operon type: 237

	 A0A009ZDS1	[-1, -1, 0, 212, 0, 0, 694, 0, 0]

 ### Operon type: 238

	 A0A009NPS1	[0, 316, 315, 314, 313, -1, 0, 0, 0]
	 A0A009HJM0	[0, 316, 315, 314, 313, 712, 0, 0, 0]
	 A0A010IZH1	[-1, 316, 315, 314, 313, 712, 0, 0, 0]

 ### Operon type: 239

	 A0A009HUS9	[316, 315, 0, 0, 0, 0, -1, 0, 0]

 ### Operon type: 240

	 A0A009HM15	[0, 159, 158, 0, 0, 0, -1, 0, 0]

 ### Operon type: 241

	 A0A009RQL5	[0, 0, 0, 0, 0, 0, 159, 158, 0]

 ### Operon type: 242

	 A0A009IJ01	[0, 0, 0, 0, 0, 0, 159, 158, 157]

 ### Operon type: 243

	 A0A009NCH6	[0, 0, 0, 0, 0, 0, 0, 158, 157]

 ### Operon type: 244

	 A0A011UB51	[481, 0, 0, 0, 0, 0, 0, 0, 0]
	 A0A011UFH1	[0, 0, 0, 0, 0, 481, 0, 0, 0]

 ### Operon type: 245

	 A0A011V965	[0, -1, -1, 0, 34, 0, -1, -1, 0]
	 A0A011VHP2	[0, -1, -1, -1, 34, 0, 0, 0, 0]

 ### Operon type: 246

	 A0A010RVD0	[-1, 0, 0, -1, 0, 586, 586, 0, 22]

 ### Operon type: 247

	 A0A010T7Q5	[0, 22, 0, 0, 0, 0, -1, 0, 0]

 ### Operon type: 248

	 A0A010SRR2	[0, 0, -1, 0, 0, 0, 0, 0, 665]
	 A0A010SNM6	[0, 0, -1, 0, 0, 0, 665, 0, 0]

 ### Operon type: 249

	 A0A010SJH7	[0, 0, 665, -1, 0, 0, 129, 0, 0]

 ### Operon type: 250

	 A0A010RKP8	[0, 0, 0, 0, 0, 0, -1, 0, 0]
	 A0A011UZ32	[0, 0, 0, 0, 0, -1, 0, 0, 0]
	 A0A011UZ49	[0, -1, 0, 0, 0, 0, 0, 0, 0]
	 A0A011V107	[0, -1, 0, 0, 0, 0, 0, 0, 0]
	 A0A009PH57	[0, 0, -1, 0, 0, 0, 0, 0, 0]
	 A0A009N9Z1	[-1, 0, 0, 0, 0, 0, 0, 0, 0]
	 A0A009H6M2	[-1, 0, 0, 0, 0, 0, 0, 0, 0]
	 A0A009QDV7	[-1, 0, 0, 0, 0, 0, 0, 0, 0]
	 A0A009HJU6	[0, 0, 0, 0, 0, 0, 0, 0, -1]
	 A0A009IHQ3	[-1, 0, 0, 0, 0, 0, 0, 0, 0]
	 A0A009RG92	[-1, 0, 0, 0, 0, 0, 0, 0, 0]
	 A0A011U7M7	[0, 0, -1, 0, 0, 0, 0, 0, 0]
	 A0A010JDA6	[-1, 0, 0, 0, 0, 0, 0, 0, 0]
	 A0A010TF14	[-1, 0, 0, 0, 0, 0, 0, 0, 0]
	 A0A010RY47	[-1, 0, -1, 0, 0, 0, 0, 0, 0]
	 A0A009TG92	[0, 0, -1, 0, 0, 0, 0, 0, 0]

 ### Operon type: 251

	 A0A010SJF9	[0, 0, 0, 0, 0, -1, 0, 62, -1]

 ### Operon type: 252

	 A0A010T5D8	[0, 0, 0, -1, 0, -1, 304, 0, 0]

 ### Operon type: 253

	 A0A011ML54	[0, 0, 0, 205, 0, 0, 0, 0, -1]

 ### Operon type: 254

	 A0A011NHY1	[0, 0, 0, 0, 0, 665, 0, 0, 0]

 ### Operon type: 255

	 A0A010Z171	[0, 0, 0, 0, 0, 0, 665, 0, 487]

 ### Operon type: 256

	 A0A010ZX98	[0, 0, 0, 0, 0, 7, 665, 665, 0]

 ### Operon type: 257

	 A0A010YRE8	[0, 0, 0, 0, 0, 0, 0, 7, 0]

 ### Operon type: 258

	 A0A011AF05	[0, 0, 248, 7, 0, 0, 0, 0, 0]

 ### Operon type: 259

	 A0A011SQL0	[491, 0, -1, 0, 0, 0, 0, 0, 0]

 ### Operon type: 260

	 A0A009ZC82	[0, 0, 491, 0, 0, 0, 0, 0, 0]

 ### Operon type: 261

	 A0A011P3F6	[556, 0, 0, 491, 0, 0, 0, 0, 0]

 ### Operon type: 262

	 A0A011T697	[665, 0, 0, 0, 0, 0, 0, 0, 254]

 ### Operon type: 263

	 A0A011TDD1	[0, 378, 665, 0, 0, 0, 0, 0, 0]

 ### Operon type: 264

	 A0A011VW24	[0, 0, 580, 0, 0, 0, 0, 0, -1]

 ### Operon type: 265

	 A0A011T8V3	[0, 0, 580, 0, 0, 0, 0, 0, 0]

 ### Operon type: 266

	 A0A010TH98	[567, 0, 0, 580, 0, 0, 0, 0, 0]

 ### Operon type: 267

	 A0A011QVR3	[0, 0, 0, 0, 0, 0, 0, 581, 580]

 ### Operon type: 268

	 A0A011RM25	[0, 0, 0, 0, 0, 580, 0, 513, 0]

 ### Operon type: 269

	 A0A011VXC2	[-1, 433, 0, 0, 0, 0, 0, 0, 0]

 ### Operon type: 270

	 A0A011VYF1	[580, 0, 0, 0, 0, 0, 481, 0, 0]

 ### Operon type: 271

	 A0A010S415	[-1, 580, 0, 173, 0, 0, 0, 0, 683]

 ### Operon type: 272

	 A0A010IPH1	[0, 0, 0, 0, 0, 0, 0, 0, 0]
	 A0A011QMJ8	[0, 0, 0, 0, 0, 0, 0, 0, 0]
	 A0A011QSN2	[0, 0, 0, 0, 0, 0, 0, 0, 0]
	 A0A011NMI8	[0, 0, 0, 0, 0, 0, 0, 0, 0]
	 A0A011NTU3	[0, 0, 0, 0, 0, 0, 0, 0, 0]
	 A0A011QVV5	[0, 0, 0, 0, 0, 0, 0, 0, 0]
	 A0A011SGD5	[0, 0, 0, 0, 0, 0, 0, 0, 0]
	 A0A011N2Z0	[0, 0, 0, 0, 0, 0, 0, 0, 0]
	 A0A011N3C3	[0, 0, 0, 0, 0, 0, 0, 0, 0]
	 A0A011N4G4	[0, 0, 0, 0, 0, 0, 0, 0, 0]
	 A0A011NAJ1	[0, 0, 0, 0, 0, 0, 0, 0, 0]
	 A0A011NAY5	[0, 0, 0, 0, 0, 0, 0, 0, 0]
	 A0A011NDM5	[0, 0, 0, 0, 0, 0, 0, 0, 0]
	 A0A011P4U7	[0, 0, 0, 0, 0, 0, 0, 0, 0]
	 A0A011P9Z5	[0, 0, 0, 0, 0, 0, 0, 0, 0]
	 A0A011PBM9	[0, 0, 0, 0, 0, 0, 0, 0, 0]
	 A0A011Q056	[0, 0, 0, 0, 0, 0, 0, 0, 0]
	 A0A011Q1B3	[0, 0, 0, 0, 0, 0, 0, 0, 0]
	 A0A011PKU5	[0, 0, 0, 0, 0, 0, 0, 0, 0]
	 A0A011PJK8	[0, 0, 0, 0, 0, 0, 0, 0, 0]
	 A0A011PNN2	[0, 0, 0, 0, 0, 0, 0, 0, 0]
	 A0A011TAF9	[0, 0, 0, 0, 0, 0, 0, 0, 0]
	 A0A011TLH0	[0, 0, 0, 0, 0, 0, 0, 0, 0]
	 A0A011TWN2	[0, 0, 0, 0, 0, 0, 0, 0, 0]
	 A0A011UTJ0	[0, 0, 0, 0, 0, 0, 0, 0, 0]
	 A0A011UWH1	[0, 0, 0, 0, 0, 0, 0, 0, 0]
	 A0A011UHL2	[0, 0, 0, 0, 0, 0, 0, 0, 0]
	 A0A013T8M5	[0, 0, 0, 0, 0, 0, 0, 0, 0]
	 A0A013TEV4	[0, 0, 0, 0, 0, 0, 0, 0, 0]
	 A0A013TPV4	[0, 0, 0, 0, 0, 0, 0, 0, 0]
	 A0A013SL47	[0, 0, 0, 0, 0, 0, 0, 0, 0]
	 A0A011WUT3	[0, 0, 0, 0, 0, 0, 0, 0, 0]
	 A0A013S2B9	[0, 0, 0, 0, 0, 0, 0, 0, 0]
	 A0A013SBR8	[0, 0, 0, 0, 0, 0, 0, 0, 0]
	 A0A009T1I8	[0, 0, 0, 0, 0, 0, 0, 0, 0]
	 A0A011VYF6	[0, 0, 0, 0, 0, 0, 0, 0, 0]
	 A0A011VWR4	[0, 0, 0, 0, 0, 0, 0, 0, 0]
	 A0A011WKI4	[0, 0, 0, 0, 0, 0, 0, 0, 0]
	 A0A011VZG0	[0, 0, 0, 0, 0, 0, 0, 0, 0]
	 A0A011VW71	[0, 0, 0, 0, 0, 0, 0, 0, 0]
	 A0A011V8Y9	[0, 0, 0, 0, 0, 0, 0, 0, 0]
	 A0A009PG53	[0, 0, 0, 0, 0, 0, 0, 0, 0]
	 A0A009PT82	[0, 0, 0, 0, 0, 0, 0, 0, 0]
	 A0A009NQA1	[0, 0, 0, 0, 0, 0, 0, 0, 0]
	 A0A009MMM3	[0, 0, 0, 0, 0, 0, 0, 0, 0]
	 A0A009IRJ6	[0, 0, 0, 0, 0, 0, 0, 0, 0]
	 A0A009ISY0	[0, 0, 0, 0, 0, 0, 0, 0, 0]
	 A0A009M4K0	[0, 0, 0, 0, 0, 0, 0, 0, 0]
	 A0A009MGJ1	[0, 0, 0, 0, 0, 0, 0, 0, 0]
	 A0A009MGQ8	[0, 0, 0, 0, 0, 0, 0, 0, 0]
	 A0A009I463	[0, 0, 0, 0, 0, 0, 0, 0, 0]
	 A0A009N031	[0, 0, 0, 0, 0, 0, 0, 0, 0]
	 A0A009N123	[0, 0, 0, 0, 0, 0, 0, 0, 0]
	 A0A009MH90	[0, 0, 0, 0, 0, 0, 0, 0, 0]
	 A0A009Q3K7	[0, 0, 0, 0, 0, 0, 0, 0, 0]
	 A0A009QQ47	[0, 0, 0, 0, 0, 0, 0, 0, 0]
	 A0A009HBT3	[0, 0, 0, 0, 0, 0, 0, 0, 0]
	 A0A009I0I9	[0, 0, 0, 0, 0, 0, 0, 0, 0]
	 A0A009R2X0	[0, 0, 0, 0, 0, 0, 0, 0, 0]
	 A0A009R4N4	[0, 0, 0, 0, 0, 0, 0, 0, 0]
	 A0A009RBQ2	[0, 0, 0, 0, 0, 0, 0, 0, 0]
	 A0A009QVK8	[0, 0, 0, 0, 0, 0, 0, 0, 0]
	 A0A009SWU0	[0, 0, 0, 0, 0, 0, 0, 0, 0]
	 A0A009SCM5	[0, 0, 0, 0, 0, 0, 0, 0, 0]
	 A0A009RHH7	[0, 0, 0, 0, 0, 0, 0, 0, 0]
	 A0A009RMD0	[0, 0, 0, 0, 0, 0, 0, 0, 0]
	 A0A009RR21	[0, 0, 0, 0, 0, 0, 0, 0, 0]
	 A0A009HL81	[0, 0, 0, 0, 0, 0, 0, 0, 0]
	 A0A011UBN9	[0, 0, 0, 0, 0, 0, 0, 0, 0]
	 A0A011UFM5	[0, 0, 0, 0, 0, 0, 0, 0, 0]
	 A0A011UG71	[0, 0, 0, 0, 0, 0, 0, 0, 0]
	 A0A011UGX8	[0, 0, 0, 0, 0, 0, 0, 0, 0]
	 A0A009PAG1	[0, 0, 0, 0, 0, 0, 0, 0, 0]
	 A0A009PDV4	[0, 0, 0, 0, 0, 0, 0, 0, 0]
	 A0A009HTN9	[0, 0, 0, 0, 0, 0, 0, 0, 0]
	 A0A009HIL8	[0, 0, 0, 0, 0, 0, 0, 0, 0]
	 A0A010SHY1	[0, 0, 0, 0, 0, 0, 0, 0, 0]
	 A0A009SHB3	[0, 0, 0, 0, 0, 0, 0, 0, 0]
	 A0A009SIF9	[0, 0, 0, 0, 0, 0, 0, 0, 0]
	 A0A011VMV7	[0, 0, 0, 0, 0, 0, 0, 0, 0]
	 A0A011VNE2	[0, 0, 0, 0, 0, 0, 0, 0, 0]
	 A0A011VSC9	[0, 0, 0, 0, 0, 0, 0, 0, 0]
	 A0A011VUV0	[0, 0, 0, 0, 0, 0, 0, 0, 0]
	 A0A011WSE5	[0, 0, 0, 0, 0, 0, 0, 0, 0]
	 A0A010IZE4	[0, 0, 0, 0, 0, 0, 0, 0, 0]
	 A0A010SPJ7	[0, 0, 0, 0, 0, 0, 0, 0, 0]
	 A0A010SSQ8	[0, 0, 0, 0, 0, 0, 0, 0, 0]
	 A0A010T025	[0, 0, 0, 0, 0, 0, 0, 0, 0]
	 A0A009T3J5	[0, 0, 0, 0, 0, 0, 0, 0, 0]
	 A0A010YJA7	[0, 0, 0, 0, 0, 0, 0, 0, 0]
	 A0A010YZS8	[0, 0, 0, 0, 0, 0, 0, 0, 0]
	 A0A010Z120	[0, 0, 0, 0, 0, 0, 0, 0, 0]
	 A0A010ZTI3	[0, 0, 0, 0, 0, 0, 0, 0, 0]
	 A0A011A146	[0, 0, 0, 0, 0, 0, 0, 0, 0]
	 A0A011AIL7	[0, 0, 0, 0, 0, 0, 0, 0, 0]
	 A0A010ZJQ6	[0, 0, 0, 0, 0, 0, 0, 0, 0]

 ### Operon type: 273

	 A0A010TG27	[386, 0, 59, 0, 0, 0, 712, 0, 0]

 ### Operon type: 274

	 A0A011PMK1	[0, 0, 0, 0, 0, 0, 0, 386, 0]

 ### Operon type: 275

	 A0A009HRU1	[0, 141, 0, 0, 0, 0, 0, 0, 0]

 ### Operon type: 276

	 A0A009HSN8	[0, 112, 0, 0, 0, -1, 0, 138, -1]

 ### Operon type: 277

	 A0A009HV82	[137, 0, 0, 0, 0, 0, 0, 0, 0]

 ### Operon type: 278

	 A0A009IG74	[0, 0, 181, 0, 295, -1, 0, 0, 0]

 ### Operon type: 279

	 A0A009IJ90	[0, 160, 0, 0, 0, 0, 0, 0, 0]

 ### Operon type: 280

	 A0A009ISE1	[698, 0, 697, 0, 0, -1, 0, 0, 0]

 ### Operon type: 281

	 A0A009NM94	[0, 501, 501, 0, 0, 0, 378, 0, 0]

 ### Operon type: 282

	 A0A009Q4N5	[0, 0, 186, 0, 0, 0, 0, 0, 0]

 ### Operon type: 283

	 A0A009SSZ9	[0, 151, 0, 0, 0, 0, 0, 0, 0]

 ### Operon type: 284

	 A0A009TBM2	[0, 0, 0, 0, 0, 0, 0, 0, 282]

 ### Operon type: 285

	 A0A009Q8S9	[0, 0, 556, 282, 0, 483, 0, 0, 0]

 ### Operon type: 286

	 A0A009YIH1	[0, 0, 0, 0, 239, 0, -1, -1, 10]

 ### Operon type: 287

	 A0A009YR05	[0, 0, 0, 0, 29, 0, 0, 0, 0]

 ### Operon type: 288

	 A0A009Z004	[226, 0, 226, 0, 0, 487, 0, 0, 0]

 ### Operon type: 289

	 A0A010IGH8	[0, 0, 0, 0, 0, 0, 0, 287, 0]

 ### Operon type: 290

	 A0A010JIN9	[692, 0, 0, 24, 126, 0, 0, 0, 0]

 ### Operon type: 291

	 A0A010RS09	[0, 0, 0, 0, 50, 0, 714, 714, 0]

 ### Operon type: 292

	 A0A010RUQ5	[0, 0, 0, 0, 0, 0, 0, 0, 339]

 ### Operon type: 293

	 A0A010S195	[491, 0, 12, 17, 0, 0, 0, 0, 0]

 ### Operon type: 294

	 A0A010SCZ2	[0, 0, 0, 0, 0, 0, 0, 38, 0]

 ### Operon type: 295

	 A0A010SN41	[0, 0, 0, 0, 36, 0, 0, 0, 0]

 ### Operon type: 296

	 A0A010SSU2	[0, 0, 0, 0, 43, 0, -1, 428, 0]

 ### Operon type: 297

	 A0A010SUP6	[0, 0, 0, 0, 0, 0, 0, 17, 0]

 ### Operon type: 298

	 A0A010SUY9	[0, 0, 0, 0, 0, 365, 425, 0]

 ### Operon type: 299

	 A0A010THK2	[0, 0, -1, 0, 0, 714, 487, 0, 0]

 ### Operon type: 300

	 A0A010SRL4	[59, 0, 0, -1, 0, 0, 0, 487, 116]

 ### Operon type: 301

	 A0A010YF95	[406, 0, 0, 0, 0, 0, 0, 0, 0]

 ### Operon type: 302

	 A0A010YT39	[0, 30, 0, 0, 0, 0, 0, 0, 0]

 ### Operon type: 303

	 A0A010YX61	[268, 599, 0, 580, 0, 0, 0, 0, 0]

 ### Operon type: 304

	 A0A010ZWJ8	[0, 0, 0, 0, 0, 430, 0, 0, 0]

 ### Operon type: 305

	 A0A009ZVR4	[506, 0, 599, 0, 0, 35, 0, 0, 0]

 ### Operon type: 306

	 A0A011AHW1	[0, 0, 0, 0, 0, 0, 0, 2, 0]

 ### Operon type: 307

	 A0A011NE37	[458, 0, 0, 0, 0, 0, 0, 0, 0]

 ### Operon type: 308

	 A0A011NF78	[0, 0, 593, 0, 0, 0, 0, 0, 0]

 ### Operon type: 309

	 A0A011NVE2	[0, 0, 0, 663, 0, 0, 665, 0, 551]

 ### Operon type: 310

	 A0A011NXJ4	[0, 0, 0, 0, 0, 0, 0, 0, 540]

 ### Operon type: 311

	 A0A011P8I1	[0, 0, 597, 599, 0, 0, 0, 0, 430]

 ### Operon type: 312

	 A0A011P9Q7	[649, 0, 0, 0, 0, 0, 0, 0, 0]

 ### Operon type: 313

	 A0A011PCT1	[0, 0, 0, 0, 0, 0, 0, 514, 0]

 ### Operon type: 314

	 A0A011PJ75	[0, 663, 662, 663, 0, 0, 0, 0, 0]

 ### Operon type: 315

	 A0A011PRB4	[0, 0, 0, 0, 0, 0, 0, 382, 0]

 ### Operon type: 316

	 A0A011Q5V7	[405, 0, 0, 0, 0, 0, 0, 0, 0]

 ### Operon type: 317

	 A0A011QU35	[0, 0, 0, 0, 582, 0, 0, 0, 0]

 ### Operon type: 318

	 A0A011QVT2	[579, 0, 0, 0, 0, 0, 0, 578, 0]

 ### Operon type: 319

	 A0A011RP14	[0, 0, 0, 0, 0, 0, 0, 508, 0]

 ### Operon type: 320

	 A0A011SM49	[665, 0, 508, 0, 0, 0, 492, 0, 0]

 ### Operon type: 321

	 A0A011AM27	[383, 0, 0, 0, 699, 0, 0, 0, 14]

 ### Operon type: 322

	 A0A011T607	[0, 0, 442, 0, 0, 0, 0, 0, 378]

 ### Operon type: 323

	 A0A010S5W8	[0, 0, 477, 442, 0, 0, 0, 0, 0]

 ### Operon type: 324

	 A0A011MSR2	[0, 0, 0, 477, 0, 0, 0, 476, 0]

 ### Operon type: 325

	 A0A010YYJ5	[0, 0, 0, 476, 0, 0, 0, 35, 35]

 ### Operon type: 326

	 A0A011TED9	[0, 0, 0, 0, 0, 376, 0, 0, 0]

 ### Operon type: 327

	 A0A011TXS5	[0, 490, 0, 0, 0, 0, 0, 0, 0]

 ### Operon type: 328

	 A0A011U144	[0, 339, 0, 0, 0, 0, 540, 338, 0]

 ### Operon type: 329

	 A0A011U1C8	[650, 0, 0, 0, 0, 0, 0, 0, 337]

 ### Operon type: 330

	 A0A011U483	[0, 0, 0, 0, 0, 431, 0, 0, 0]

 ### Operon type: 331

	 A0A011UDF3	[0, 0, 0, 0, 0, 372, 0, 0, 0]

 ### Operon type: 332

	 A0A011UG86	[0, 555, 0, 0, 0, 62, 0, 0, 0]

 ### Operon type: 333

	 A0A011UGY3	[0, 0, 0, 61, 0, 0, 0, 61, 0]

 ### Operon type: 334

	 A0A011UJN3	[0, 661, 0, 0, 0, 0, 0, 0, 0]

 ### Operon type: 335

	 A0A009INE0	[666, 0, 0, 0, 0, 0, 0, 662, 661]

 ### Operon type: 336

	 A0A011UQB5	[498, 482, 0, 0, 0, 0, 0, 481, 0]

 ### Operon type: 337

	 A0A011UVI5	[0, 0, 0, 0, 0, 361, 663, 663, 0]

 ### Operon type: 338

	 A0A011UWI3	[0, 0, 0, 0, 360, 0, 359, 491, 0]

 ### Operon type: 339

	 A0A011V5E6	[0, 0, 0, 0, 0, 260, 0, 0, 0]

 ### Operon type: 340

	 A0A011M4H6	[32, 0, 709, 0, 0, 0, 0, 0, 0]

 ### Operon type: 341

	 A0A011VSV3	[0, 0, 0, 0, 0, 0, 602, 0, 0]

 ### Operon type: 342

	 A0A011VWI0	[0, 0, 0, 0, 0, 202, 0, 0, 0]

 ### Operon type: 343

	 A0A011VZ91	[208, 0, 0, 0, 0, 0, 0, 0, 0]

 ### Operon type: 344

	 A0A011W213	[0, 0, 0, 0, 0, 552, 0, 0, 0]

 ### Operon type: 345

	 A0A011WP76	[0, 0, 0, 0, 0, 0, 0, 0, 616]

 ### Operon type: 346

	 A0A011WSD4	[0, 0, 0, -1, 0, 476, 0, 0, 294]

 ### Operon type: 347

	 A0A011VZF5	[0, 0, 256, 257, 0, 476, 294, 476, 0]

 ### Operon type: 348

	 A0A011WSU6	[0, 476, 0, 0, 258, 0, 0, 0, 0]

 ### Operon type: 349

	 A0A013S843	[0, 312, 0, 0, 0, 0, -1, 281, 0]

 ### Operon type: 350

	 A0A013S981	[277, 0, 0, 0, 0, 0, 0, 0, 0]

 ### Operon type: 351

	 A0A013T337	[0, 0, 0, 0, 0, 0, 0, 0, 334]

 ### Operon type: 352

	 A0A013T5E6	[0, 0, 0, 333, 0, 0, 0, 0, 0]

 ### Operon type: 353

	 A0A013SGL3	[310, 269, 268, 267, 309, 472, 308, 650, 307]
	 A0A009I5Z6	[310, 0, 268, 267, 309, 472, 308, 650, 307]
	 A0A009NE81	[310, 269, 268, 267, 309, 472, 308, 650, 307]
	 A0A009RQH3	[310, 0, 0, 267, 309, 472, 308, 650, 307]
	 A0A010KAV2	[310, 0, 0, 267, 309, 472, 308, 650, 307]

 ### Operon type: 354

	 A0A013TB41	[310, -1, 0, 0, 309, 472, 308, 650, 307]

 ### Operon type: 355

	 A0A009H3X4	[310, 0, 0, 0, 309, 472, -1, 714, -1]

 ### Operon type: 356

	 A0A009YL68	[0, 0, 650, 310, 309, 0, 0, 213, 0]

 ### Operon type: 357

	 A0A009T9H0	[0, 10, 556, -1, 0, 0, 142, 0, 141]

 ### Operon type: 358

	 A0A010THH5	[0, 37, 212, 361, 0, 0, 695, 0, 694]

 ### Operon type: 359

	 A0A011VZE3	[0, 0, 0, 712, 207, 0, 0, 0, 0]
	 A0A011WSH8	[0, 0, 0, 712, 207, 0, 0, 0, 0]

 ### Operon type: 360

	 A0A011NAF3	[0, 0, 0, 0, 0, 0, 712, 0, 467]

 ### Operon type: 361

	 A0A009IQ93	[117, 0, 712, 0, 0, 116, 0, 0, 0]

 ### Operon type: 362

	 A0A009TLU4	[0, 490, -1, 161, 0, 20, 0, -1, -1]

 ### Operon type: 363

	 A0A010JNG7	[703, 0, 0, 702, 0, 0, 0, 0, 0]

 ### Operon type: 364

	 A0A010S003	[419, 0, 0, 0, 0, 555, 555, 178, 0]

 ### Operon type: 365

	 A0A010SMN8	[0, -1, 13, 0, 715, 0, 0, 423, 0]

 ### Operon type: 366

	 A0A010SXS1	[0, 479, 0, 0, 0, 204, 0, 0, 578]

 ### Operon type: 367

	 A0A010T689	[14, -1, 695, 512, 0, 0, 0, 0, 0]

 ### Operon type: 368

	 A0A010TBB4	[0, 77, 0, 62, 0, 0, 0, 0, 650]

 ### Operon type: 369

	 A0A010YFK3	[0, 404, 0, 0, 0, 0, 27, 0, 337]

 ### Operon type: 370

	 A0A010YVY1	[6, 0, 6, 0, 0, 0, 0, 178, 0]

 ### Operon type: 371

	 A0A010Z7T4	[0, 0, 0, 0, 0, 0, 0, 704, 384]

 ### Operon type: 372

	 A0A010RRR9	[0, 0, 0, 0, 706, 0, 0, 705, 704]

 ### Operon type: 373

	 A0A010SIA7	[0, 0, 705, 55, 0, 0, 0, 0, 0]

 ### Operon type: 374

	 A0A010ZSZ2	[0, 480, 0, 394, 393, 0, 0, 0, 0]

 ### Operon type: 375

	 A0A010Z0Y7	[0, 0, 0, 0, 393, 173, 0, 0, 0]

 ### Operon type: 376

	 A0A010ZUR7	[26, 3, 0, 3, 0, 2, 178, 0, 0]

 ### Operon type: 377

	 A0A011A0M8	[0, 0, 487, 0, 80, 0, 0, 1, 1]

 ### Operon type: 378

	 A0A011NFL4	[0, 500, 0, 0, 557, 386, 0, 30, 0]

 ### Operon type: 379

	 A0A011P407	[0, 0, 432, 499, 0, 0, 650, 0, 431]

 ### Operon type: 380

	 A0A011QGT2	[712, 0, 0, 632, 631, 0, 0, 0, 0]

 ### Operon type: 381

	 A0A011QSA4	[596, 0, 595, 594, 0, 0, 0, 0, 593]

 ### Operon type: 382

	 A0A011T6J6	[0, 405, 0, 599, 0, 0, 253, 0, 252]

 ### Operon type: 383

	 A0A011TAL2	[0, 442, 0, 0, 0, 380, 0, 542, 0]

 ### Operon type: 384

	 A0A011TYT7	[0, 0, 0, 0, 0, 0, 489, 488, 488]

 ### Operon type: 385

	 A0A011TZG0	[487, 486, 0, 0, 0, 0, 0, 485, 0]

 ### Operon type: 386

	 A0A011Q6N5	[0, 0, 0, 0, 0, 0, 403, 486, 403]

 ### Operon type: 387

	 A0A011UII7	[0, 0, 0, 0, 0, 551, 484, 0, 0]

 ### Operon type: 388

	 A0A011UNT9	[483, 495, 0, 0, 0, 0, 0, 0, 0]

 ### Operon type: 389

	 A0A011SIS0	[0, 522, 496, 496, 0, 0, 0, 495, 0]

 ### Operon type: 390

	 A0A011UT49	[0, 480, 0, 0, 0, 0, 479, 478, 0]

 ### Operon type: 391

	 A0A011VU65	[65, 0, 0, 0, 0, 27, 0, 0, 0]

 ### Operon type: 392

	 A0A011VV03	[0, 26, 0, 0, 354, 32, 0, 0, 0]

 ### Operon type: 393

	 A0A011VVZ9	[0, 0, -1, 0, 0, 38, 25, 25, 494]

 ### Operon type: 394

	 A0A011VWX7	[578, 434, 0, 0, 0, 0, 0, 497, 0]

 ### Operon type: 395

	 A0A011VXK7	[501, 501, 0, 669, 0, 0, 0, 407, 0]

 ### Operon type: 396

	 A0A011W0I6	[206, 0, 0, 0, 0, 388, 0, 205, 0]

 ### Operon type: 397

	 A0A010YEF6	[0, 206, 0, 0, 0, 0, 0, 0, 15]

 ### Operon type: 398

	 A0A013SQH1	[0, 0, 0, 0, 36, 391, 0, 703, 463]

 ### Operon type: 399

	 A0A009LNU8	[163, 172, 357, 162, 0, 161, 0, 703, 0]

 ### Operon type: 400

	 A0A013SRG6	[70, 162, 357, 172, 0, 171, 0, 163, 566]

 ### Operon type: 401

	 A0A009IQU8	[0, 172, 0, 0, 0, 171, 566, 0, 0]

 ### Operon type: 402

	 A0A010K2K8	[357, 162, 70, 0, 0, 0, 0, -1, 703]

 ### Operon type: 403

	 A0A011NPR8	[0, 566, 0, 0, 0, 0, 565, 0, 0]

 ### Operon type: 404

	 A0A010SEA2	[409, 565, 37, 0, 0, 0, 0, 0, 0]

 ### Operon type: 405

	 A0A009ZIC0	[114, 79, 708, 234, 291, 716, 78, 77, 290]

 ### Operon type: 406

	 A0A009ZB47	[215, 214, 0, 0, 0, 476, 692, 0, 0]

 ### Operon type: 407

	 A0A010RM40	[713, 712, 711, 0, 0, 0, 0, -1, 710]

 ### Operon type: 408

	 A0A010RRQ6	[0, 709, 0, 0, 0, 715, 708, 707, 0]

 ### Operon type: 409

	 A0A010S423	[253, 0, 0, 0, 0, 0, 0, 359, 505]

 ### Operon type: 410

	 A0A010T0I7	[0, 0, 15, 0, 0, 597, 595, 712, 0]

 ### Operon type: 411

	 A0A011AHU9	[0, 0, 0, 0, 0, 0, 0, 4, 228]

 ### Operon type: 412

	 A0A010YY02	[0, 5, 0, 0, 5, 414, 11, 0, 4]

 ### Operon type: 413

	 A0A011NA78	[0, 464, 0, 0, 0, 586, 0, 0, 710]

 ### Operon type: 414

	 A0A011P8W7	[429, 432, 578, 0, 428, 0, 0, 0, 0]

 ### Operon type: 415

	 A0A011PG97	[423, 0, 0, 422, 0, 0, 0, 0, 0]

 ### Operon type: 416

	 A0A011PKT4	[0, 391, 0, 0, 0, 0, 390, 0, 0]

 ### Operon type: 417

	 A0A011PLB2	[0, 429, 0, 392, 0, 0, 0, 0, 0]

 ### Operon type: 418

	 A0A011R339	[0, 0, 0, 0, 0, 0, 350, 349, 0]

 ### Operon type: 419

	 A0A011SFE5	[0, 0, 0, 501, 0, 0, 500, 499, 498]

 ### Operon type: 420

	 A0A011SJT5	[0, 0, 0, 494, 493, 493, 493, 493, 493]

 ### Operon type: 421

	 A0A011TDQ5	[0, 0, 0, 0, 377, 389, 0, 0, 0]

 ### Operon type: 422

	 A0A011UG17	[191, 0, 209, 0, 66, 65, 0, 0, 0]

 ### Operon type: 423

	 A0A011V8Z7	[0, 0, 0, 0, 0, 64, 63, 0, 0]

 ### Operon type: 424

	 A0A011VT01	[0, 0, 28, 0, 0, 28, 0, 0, 222]

 ### Operon type: 425

	 A0A011VYP6	[0, 0, 0, 0, 0, 0, 209, 439, 0]

 ### Operon type: 426

	 A0A011V392	[433, 0, 382, 256, 257, 255, 0, 258, 259]

 ### Operon type: 427

	 A0A009Q0U9	[653, 98, 97, 0, 95, 94, -1, -1, 0]

 ### Operon type: 428

	 A0A010SRB2	[20, 19, 0, 0, 0, 19, 18, 0, 0]

 ### Operon type: 429

	 A0A011VJ76	[31, 31, 478, 30, 0, 712, 487, 0, 432]

 ### Operon type: 430

	 A0A013SKX6	[0, 0, 507, 0, 295, 295, 263, 262, 261]

 ### Operon type: 431

	 A0A010KA25	[692, 0, 695, 648, 75, 0, 0, 692, 316]

 ### Operon type: 432

	 A0A011WUA8	[398, 0, 0, 293, 0, 0, 0, 292, 292]

 ### Operon type: 433

	 A0A010S4X6	[0, 173, 711, 555, 302, 0, 547, 387, 714]

 ### Operon type: 434

	 A0A011U8C0	[0, 69, 68, 0, 358, 67, 0, 0, 0]
