
 ### Operon type: 1

	 A0A010ILU3	[494, 493, 492, 491, 490, 489, 488, 487, 486]
	 A0A009MW50	[494, 493, 492, 491, 490, 489, 488, 487, 486]
	 A0A009QS71	[494, 493, 492, 491, 490, 489, 488, 487, 486]
	 A0A009QBR9	[494, 493, 492, 491, 490, 489, 487, 486, 147]
	 A0A009I8S2	[494, 493, 492, 491, 490, 489, 487, 486, 147]
	 A0A009H3B0	[494, 493, 492, 491, 490, 489, 488, 487, 486]
	 A0A009TM70	[494, 493, 492, 491, 490, 489, 487, 486, 147]

 ### Operon type: 2

	 A0A013TH43	[184, 183, 436, 182, 181, 180, 179, 178, 177]
	 A0A009RAF0	[184, 183, 436, 182, 181, 180, 179, 178, 177]

 ### Operon type: 3

	 A0A011PVT3	[754, 753, 752, 751, 750, 749, 748, 747, 746]
	 A0A011R7V7	[754, 753, 752, 751, 750, 749, 748, 747, 746]
	 A0A011MET3	[754, 753, 752, 751, 750, 749, 748, 747, 746]

 ### Operon type: 4

	 A0A013RZW2	[644, 362, 486, 361, 360, 359, 402, 358, 357]
	 A0A009MMM3	[644, 362, 486, 361, 360, 359, 402, 358, 357]
	 A0A013SNJ8	[644, 362, 486, 361, 360, 359, 402, 358, 357]
	 A0A009PH20	[644, 362, 486, 361, 360, 359, 402, 358, 357]
	 A0A010J9U3	[644, 362, 486, 361, 360, 359, 402, 358, 357]
	 A0A009RD69	[644, 362, 486, 361, 360, 359, 402, 358, 357]
	 A0A009HBT3	[644, 362, 486, 361, 360, 359, 402, 358, 357]
	 A0A009SIZ4	[644, 362, 486, 361, 360, 359, 402, 358, 357]
	 A0A009IV03	[644, 362, 486, 361, 360, 359, 402, 358, 357]
	 A0A009YIZ0	[644, 362, 486, 361, 360, 359, 402, 358, 357]

 ### Operon type: 5

	 A0A009PH57	[171, 170, -1, 169, 168, 721, 167, 191, 166]
	 A0A009TG92	[171, 170, -1, 169, 168, 721, 167, 191, 166]

 ### Operon type: 6

	 A0A013S288	[356, 355, 354, 353, 359, 352, 351, 350, 349]
	 A0A009N031	[356, 355, 354, 353, 359, 352, 351, 350, 349]
	 A0A013SXT2	[356, 355, 354, 353, 359, 352, 351, 350, 349]
	 A0A009PWG1	[356, 355, 354, 353, 359, 352, 351, 350, 349]
	 A0A010J3I1	[356, 355, 354, 353, 359, 352, 351, 350, 349]
	 A0A009SFX8	[356, 355, 354, 353, 70, 359, 352, 351, 350]
	 A0A009R2X0	[356, 355, 354, 353, 359, 352, 351, 350, 349]
	 A0A009I0I9	[356, 355, 354, 353, 359, 352, 351, 350, 349]
	 A0A009TBM2	[355, 354, 353, 70, 359, 352, 351, 350, 349]

 ### Operon type: 7

	 A0A010IMP8	[394, 705, 615, 393, 392, 542, 391, 390, 389]
	 A0A009N123	[394, 705, 615, 393, 392, 542, 391, 390, 389]
	 A0A009SWU0	[394, 705, 615, 393, 392, 542, 391, 390, 389]
	 A0A013T8M5	[394, 705, 615, 393, 392, 542, 391, 390, 389]
	 A0A013SZ54	[394, 705, 615, 393, 392, 542, 391, 390, 389]
	 A0A009Q3K7	[394, 705, 615, 393, 392, 542, 391, 390, 389]
	 A0A009RBQ2	[394, 705, 615, 393, 392, 542, 391, 390, 389]
	 A0A009IRJ6	[394, 705, 615, 393, 392, 542, 391, 390, 389]
	 A0A009H7U0	[394, 705, 615, 393, 392, 542, 391, 390, 389]
	 A0A009ZM43	[-1, 705, 615, 393, 392, 542, 391, 390, 389]

 ### Operon type: 8

	 A0A009ZIC0	[636, 635, 634, 633, 632, 631, 630, 629, 628]
	 A0A009N9Z1	[-1, 635, 634, 633, 632, 631, 630, 629, 628]
	 A0A013RMD0	[-1, 635, 634, 633, 632, 631, 630, 629, 628]
	 A0A009QDV7	[-1, 635, 634, 633, 632, 631, 630, 629, 628]
	 A0A009S854	[-1, 635, 634, 633, 632, 631, 630, 629, 628]
	 A0A009RG92	[-1, 635, 634, 633, 632, 631, 630, 629, 628]
	 A0A010JDA6	[-1, 635, 634, 633, 632, 631, 630, 629, 628]
	 A0A009IHQ3	[-1, 635, 634, 633, 632, 631, 630, 629, 628]
	 A0A009H6M2	[-1, 635, 634, 633, 632, 631, 630, 629, 628]

 ### Operon type: 9

	 A0A011UIA1	[111, 110, 109, 108, 107, 106, 105, 104, 0]
	 A0A011V5V3	[0, 111, 110, 109, 108, 107, 106, 105, 104]

 ### Operon type: 10

	 A0A011PTE7	[783, 782, 781, 780, 779, 0, 778, 777, 776]
	 A0A011NE72	[783, 782, 781, 780, 779, 778, 777, 776, 0]

 ### Operon type: 11

	 A0A010JWJ1	[212, 131, 745, 130, 211, 210, 209, 208, 207]
	 A0A009I4A1	[212, 131, 745, 130, 211, 210, 209, 208, 207]

 ### Operon type: 12

	 A0A009QF22	[214, 213, 212, 0, 211, 210, 209, 208, 207]
	 A0A009TBY8	[214, 213, 212, 130, 211, 210, 209, 208, 207]

 ### Operon type: 13

	 A0A011NEY3	[614, 843, 842, 841, 841, 840, 839, 838, 0]

 ### Operon type: 14

	 A0A011PAN4	[843, 842, 0, 841, 841, 840, 839, 838, 837]

 ### Operon type: 15

	 A0A011RCD5	[614, 843, 842, 841, 841, 840, 839, 838, 837]

 ### Operon type: 16

	 A0A011P4U7	[0, 862, 861, 860, 859, 858, 857, 856, 855]
	 A0A011NAY5	[862, 861, 860, 859, 858, 857, 856, 855, 0]

 ### Operon type: 17

	 A0A011PF67	[831, 830, 829, 828, 827, 0, 0, 0, 0]
	 A0A011NBX7	[831, 830, 829, 828, 827, 610, 0, 0, 0]
	 A0A011NW66	[831, 830, 829, 828, 827, 610, 0, 0, 0]

 ### Operon type: 18

	 A0A011NS68	[831, 830, 829, 828, 827, 536, 535, 597, 868]
	 A0A011RHX4	[831, 830, 829, 828, 827, 536, 535, 597, 0]

 ### Operon type: 19

	 A0A010YT39	[0, 596, 476, 475, 474, 473, 472, 471, 470]

 ### Operon type: 20

	 A0A010Z7T4	[476, 475, 474, 473, 472, 471, 470, 469, 792]

 ### Operon type: 21

	 A0A010K6G6	[404, 403, 402, 401, 400, 399, 398, 0, 397]
	 A0A009RUN3	[404, 403, 402, 401, 400, 399, 398, 289, 397]
	 A0A013SP43	[404, 403, 402, 401, 400, 399, 398, 289, 397]

 ### Operon type: 22

	 A0A011VWR4	[0, 0, 0, 0, 522, 521, 520, 519, 518]

 ### Operon type: 23

	 A0A011VYP6	[522, 521, 520, 519, 518, 0, 517, 751, 0]

 ### Operon type: 24

	 A0A011QAS2	[0, 663, 662, 661, 660, 659, 658, 657, 656]
	 A0A011NEQ1	[0, 663, 662, 661, 660, 659, 658, 657, 656]

 ### Operon type: 25

	 A0A010JSI3	[595, 594, 593, 592, 591, 590, 589, 588, 0]
	 A0A013T0M4	[595, 594, 593, 592, 591, 590, 589, 588, 0]
	 A0A009RGL2	[595, 594, 593, 592, 591, 590, 589, 588, 132]
	 A0A009HDS5	[595, 594, 593, 592, 591, 590, 589, 588, 132]

 ### Operon type: 26

	 A0A009SNL0	[221, 220, 334, 288, 287, 286, 285, 284, 283]

 ### Operon type: 27

	 A0A009T1I8	[334, 288, 287, 286, 285, 284, 283, 0, 0]

 ### Operon type: 28

	 A0A011VW71	[0, 559, 558, 557, 556, 555, 554, 553, 552]
	 A0A011VUV0	[559, 558, 557, 556, 555, 554, 553, 552, 0]

 ### Operon type: 29

	 A0A011UG71	[78, 246, 77, 76, 75, 247, 74, 244, 73]

 ### Operon type: 30

	 A0A011V8Z7	[0, 0, 78, 246, 77, 76, 75, 247, 74]

 ### Operon type: 31

	 A0A011V8Y9	[76, 75, 247, 74, 244, 73, 0, 0, 0]

 ### Operon type: 32

	 A0A011U8C0	[0, 247, 246, 0, 245, 244, 0, 0, 0]

 ### Operon type: 33

	 A0A011QBB5	[735, 734, 733, 732, 731, 730, 729, 728, 727]
	 A0A011QSF0	[0, 734, 733, 732, 731, 730, 729, 728, 0]
	 A0A011Q0X6	[735, 734, 733, 732, 731, 730, 729, 728, 727]
	 A0A011Q1X8	[734, 0, 733, 732, 731, 730, 729, 728, 727]

 ### Operon type: 34

	 A0A011PG87	[735, 734, 733, 732, 731, 730, 729, 0, 0]

 ### Operon type: 35

	 A0A011PCT1	[836, 835, 848, 0, 0, 0, 0, 834, 0]

 ### Operon type: 36

	 A0A011QU35	[0, 0, 0, 0, 850, 0, 836, 835, 848]

 ### Operon type: 37

	 A0A011Q2B1	[852, 851, 850, 849, 848, 666, 665, 664, 834]

 ### Operon type: 38

	 A0A011RLN8	[698, 697, 850, 849, 848, 666, 665, 664, 834]

 ### Operon type: 39

	 A0A011P700	[0, 0, 854, 853, 852, 851, 850, 849, 848]

 ### Operon type: 40

	 A0A011QSI4	[0, 0, 854, 853, 852, 0, 698, 697, 850]

 ### Operon type: 41

	 A0A013S981	[456, 616, 455, 454, 453, 452, 757, 451, 775]
	 A0A013T337	[616, 455, 454, 453, 452, 757, 451, 775, 408]
	 A0A013TH30	[616, 455, 454, 453, 452, 757, 451, 775, 408]

 ### Operon type: 42

	 A0A010JY00	[456, 616, 455, 454, 640, 757, 451, 775, 408]

 ### Operon type: 43

	 A0A009MGJ1	[347, 417, 416, 346, 414, 415, 529, 745, 345]
	 A0A010IZE4	[347, 417, 416, 346, 414, 415, 529, 745, 345]
	 A0A009QQ47	[347, 417, 416, 346, 414, 415, 529, 745, 345]
	 A0A013TPV4	[347, 417, 416, 346, 414, 415, 529, 745, 345]
	 A0A009SZB5	[347, 417, 416, 346, 414, 415, 529, 745, 345]
	 A0A009HR98	[347, 417, 416, 346, 414, 415, 529, 745, 345]
	 A0A009HL81	[347, 417, 416, 346, 414, 415, 529, 745, 345]

 ### Operon type: 44

	 A0A009Z8F7	[417, 416, 415, 0, 414, 413, 413, 0, 412]

 ### Operon type: 45

	 A0A009R016	[57, 56, 55, 54, 636, -1, 509, 53, 52]
	 A0A009HFU9	[57, 56, 55, 54, 636, 509, 53, 52, 0]

 ### Operon type: 46

	 A0A011UJN3	[0, 386, 0, 0, 586, 585, 584, 583, 582]

 ### Operon type: 47

	 A0A011W213	[586, 585, 584, 583, 582, 581, 0, 0, 0]

 ### Operon type: 48

	 A0A011QUG8	[771, 770, 769, 870, 768, 767, 0, 766, 765]
	 A0A011QIT1	[771, 770, 769, 870, 768, 767, 766, 765, 737]

 ### Operon type: 49

	 A0A011PP01	[801, 800, 799, 798, 797, 796, 795, 794, 793]
	 A0A011NVE7	[801, 800, 799, 798, 797, 796, 795, 794, 793]

 ### Operon type: 50

	 A0A011P2I4	[815, 671, 772, 793, 794, 795, 796, 797, 798]
	 A0A011N9N8	[815, 671, 772, 793, 794, 795, 796, 797, 798]

 ### Operon type: 51

	 A0A011PIY7	[773, 0, 772, 793, 794, 795, 796, 0, 798]

 ### Operon type: 52

	 A0A011Q3J4	[0, 773, 772, 793, 794, 795, 796, 797, 0]

 ### Operon type: 53

	 A0A011MH88	[601, 773, 772, 793, 794, 795, 796, 797, 798]

 ### Operon type: 54

	 A0A010IX62	[297, 296, 626, 625, 624, 295, 294, 293, 622]
	 A0A013SPM5	[297, 296, 626, 625, 624, 295, 294, 293, 622]
	 A0A009QFZ7	[297, 296, 626, 625, 624, 295, 294, 293, 622]
	 A0A009HSL1	[297, 296, 626, 625, 624, 295, 294, 293, 622]
	 A0A009I6Z0	[297, 296, 626, 625, 624, 295, 294, 293, 622]
	 A0A009MH71	[297, 296, 626, 625, 624, 295, 294, 293, 622]
	 A0A009TK03	[297, 296, 626, 625, 624, 295, 294, 293, 622]

 ### Operon type: 55

	 A0A009ZIX8	[0, 627, 626, 625, 624, 623, 0, 622, 0]

 ### Operon type: 56

	 A0A010JJN4	[507, 506, 505, 504, 513, 503, 502, 844, 617]
	 A0A009RMI1	[507, 506, 505, 504, 513, 503, 502, 844, 0]
	 A0A009SEP4	[507, 506, 505, 504, 513, 0, 503, 502, 0]
	 A0A009NI48	[507, 506, 505, 504, 513, 503, 502, 844, -1]
	 A0A013TPR7	[507, 506, 505, 504, 513, 503, 502, 844, 617]
	 A0A009PMT3	[507, 506, 505, 504, 513, 503, 502, 844, 617]
	 A0A009I8I7	[507, 506, 505, 504, 513, 503, 502, 844, 67]
	 A0A009HJJ5	[507, 506, 505, 504, 513, 503, 502, 844, 67]
	 A0A009YG45	[0, 507, 506, 505, 513, 0, 503, 502, 844]

 ### Operon type: 57

	 A0A013S8F0	[465, 464, 463, 462, 461, 745, 741, 460, 618]
	 A0A010IZH1	[-1, 464, 463, 462, 461, 745, 741, 460, 618]
	 A0A009SZ84	[465, 464, 463, 462, 461, 745, 741, 460, 618]
	 A0A013TPQ9	[465, 464, 463, 462, 461, 745, 741, 460, 618]
	 A0A009PMU2	[465, 464, 463, -1, 461, 745, 741, 460, 618]
	 A0A009HJM0	[465, 464, 463, 462, 461, 745, 741, 460, 618]

 ### Operon type: 58

	 A0A009HUS9	[464, 463, 0, 462, 461, 37, -1, 36, 35]

 ### Operon type: 59

	 A0A009ISE1	[503, 502, 844, 35, 36, -1, 37, 461, 462]

 ### Operon type: 60

	 A0A009NPS1	[465, 464, 463, 462, 461, -1, 844, 502, 503]

 ### Operon type: 61

	 A0A013SB36	[450, 449, 448, 447, 446, 533, 532, 445, 444]
	 A0A009QSI3	[450, 449, 448, 447, 446, 533, 532, 445, -1]

 ### Operon type: 62

	 A0A010ITP2	[450, 449, 448, 447, 446, 533, 532, 0, 0]

 ### Operon type: 63

	 A0A009SII9	[-1, 449, 448, 447, 446, 533, 532, 141, 140]

 ### Operon type: 64

	 A0A009T0Q9	[446, 533, 532, 141, 140, 444, 601, 745, 139]

 ### Operon type: 65

	 A0A009YJF4	[0, 533, 532, 61, 60, 601, 745, 0, 139]

 ### Operon type: 66

	 A0A009GP96	[0, 97, 745, 469, 395, 40, 509, 96, 95]

 ### Operon type: 67

	 A0A009GSR4	[469, 395, 40, 509, 96, 95, 95, 94, 0]

 ### Operon type: 68

	 A0A009IIT6	[97, 745, 469, 395, 96, 95, 95, 94, 0]

 ### Operon type: 69

	 A0A011SQL0	[867, 190, -1, 189, 245, 188, 407, 187, 186]
	 A0A011UZ49	[190, -1, 189, 245, 188, 407, 187, 186, 0]

 ### Operon type: 70

	 A0A009PT82	[671, 736, 330, 329, 328, 327, 326, 325, 410]
	 A0A009SIF9	[671, 736, 330, 329, 328, 327, 326, 325, 410]

 ### Operon type: 71

	 A0A009IS10	[79, 0, 0, 0, 328, 327, 326, 0, 0]

 ### Operon type: 72

	 A0A009QHW5	[0, 0, 0, 494, 328, 327, 326, 0, 411]

 ### Operon type: 73

	 A0A011UVB4	[0, 0, 0, 273, 0, 0, 79, 0, 552]

 ### Operon type: 74

	 A0A011V107	[258, -1, 307, 305, 308, 304, 257, 256, 0]
	 A0A011U7M7	[0, 258, -1, 307, 305, 308, 304, 257, 256]

 ### Operon type: 75

	 A0A011TLH0	[309, 308, 307, 306, 305, 304, 0, 0, 0]

 ### Operon type: 76

	 A0A011UG87	[431, 432, 433, 309, 308, 307, 306, 305, 304]

 ### Operon type: 77

	 A0A011TLH7	[433, 432, 431, 0, 0, 0, 0, 0, 0]

 ### Operon type: 78

	 A0A011TWN2	[430, 429, 428, 427, 426, 425, 424, 0, 0]
	 A0A011TAF9	[0, 0, 430, 429, 428, 427, 426, 425, 424]

 ### Operon type: 79

	 A0A011Q5V7	[688, 0, 0, 0, 687, 686, 685, 684, 683]

 ### Operon type: 80

	 A0A011RM25	[687, 686, 685, 684, 683, 763, 0, 436, 0]

 ### Operon type: 81

	 A0A011QIE8	[744, 743, 742, 741, 740, 739, 738, 0, 0]
	 A0A011QDV3	[744, 743, 742, 741, 740, 739, 736, 0, 738]

 ### Operon type: 82

	 A0A011PL71	[820, 819, 818, 817, 816, 815, 814, 813, 0]
	 A0A011QAB0	[819, 818, 817, 0, 816, 815, 814, 813, 0]

 ### Operon type: 83

	 A0A011Q6N5	[682, 681, 680, 0, 0, 0, 679, 678, 679]

 ### Operon type: 84

	 A0A011SGD5	[0, 0, 0, 0, 0, 0, 682, 681, 680]

 ### Operon type: 85

	 A0A011NYU6	[723, 722, 0, 721, 791, 574, 573, 0, 720]

 ### Operon type: 86

	 A0A011PYI6	[723, 722, 0, 721, 791, 720, 719, 865, 0]

 ### Operon type: 87

	 A0A011P1C0	[0, 0, 574, 573, 720, 0, 0, 0, 0]

 ### Operon type: 88

	 A0A011PKU5	[826, 825, 824, 823, 824, 822, 821, 0, 0]
	 A0A011N4G4	[0, 0, 826, 825, 824, 823, 824, 822, 821]

 ### Operon type: 89

	 A0A010ZWJ8	[18, 17, 16, 792, 15, 696, 418, 696, 14]

 ### Operon type: 90

	 A0A011AHW1	[15, 792, 16, 17, 18, 0, 0, 19, 0]

 ### Operon type: 91

	 A0A011AHU9	[418, 696, 14, 0, 0, 0, 0, 6, 601]

 ### Operon type: 92

	 A0A010ZX98	[13, 12, 11, 10, 9, 8, 741, 741, 0]

 ### Operon type: 93

	 A0A011AIL7	[9, 10, 11, 12, 13, 0, 0, 0, 0]

 ### Operon type: 94

	 A0A010YF95	[689, 482, 766, 481, 480, 480, 479, 478, 477]

 ### Operon type: 95

	 A0A010ZJQ6	[482, 766, 481, 480, 480, 479, 478, 477, 0]

 ### Operon type: 96

	 A0A009GXL8	[64, 63, 62, 61, 60, 130, 152, 151, 150]

 ### Operon type: 97

	 A0A010JIW7	[64, 63, 62, 61, 60, 0, 0, 152, 151]

 ### Operon type: 98

	 A0A011QNA5	[0, 718, 717, 716, 0, 715, 714, 713, 712]
	 A0A009ZLJ7	[712, 713, 714, 715, 0, 0, 718, 717, 716]

 ### Operon type: 99

	 A0A009QMH5	[715, 714, 713, 712, 485, 484, 265, 483, 264]
	 A0A013T0T6	[715, 714, 713, 712, 485, 484, 265, 483, 264]
	 A0A009RMD0	[715, 714, 713, 712, 485, 228, 265, 483, 264]
	 A0A009PE10	[715, 714, 713, 712, 485, 228, 265, 483, -1]
	 A0A009HAX1	[715, 714, 713, 712, 485, 484, 265, 483, 264]
	 A0A009ISY0	[715, 714, 713, 712, 485, 228, 265, 483, 264]

 ### Operon type: 100

	 A0A010ILW6	[715, 714, 713, 712, 485, 484, 0, 0, 483]

 ### Operon type: 101

	 A0A009Z9X7	[714, 713, 712, 0, 485, 0, 762, 0, 483]

 ### Operon type: 102

	 A0A013S8V2	[459, 458, 0, 0, 0, 457, 0, 0, 0]
	 A0A009R8E1	[0, 572, 0, 459, 458, 0, 0, 457, 0]

 ### Operon type: 103

	 A0A009ZFR5	[644, 643, 642, 641, 640, 639, 638, 637, 775]
	 A0A009ICH6	[644, 643, 642, 641, 640, 639, 638, 637, 775]

 ### Operon type: 104

	 A0A009NQA1	[644, 643, 642, 641, 316, 315, 454, 775, 757]
	 A0A009RR21	[644, 643, 642, 641, 316, 315, 454, 775, 757]

 ### Operon type: 105

	 A0A009HTN9	[644, 643, 642, 641, 316, 315, 39, 645, 38]
	 A0A009T3J5	[644, 643, 642, 641, 316, 315, 39, 645, 38]

 ### Operon type: 106

	 A0A009Q0U9	[644, 643, 642, 641, 316, 315, -1, -1, 0]

 ### Operon type: 107

	 A0A009QEG7	[223, 224, 146, 145, 144, 143, 142, 225, 226]
	 A0A009IPC3	[223, 224, 146, 145, 144, 143, 142, 225, 226]

 ### Operon type: 108

	 A0A009I573	[243, 0, 69, 227, 0, 68, 144, 145, 146]

 ### Operon type: 109

	 A0A009ILP9	[225, 0, 146, 145, 144, 68, 226, 227, 69]

 ### Operon type: 110

	 A0A009I953	[225, 0, 146, 145, 144, 68, 226, 0, -1]

 ### Operon type: 111

	 A0A009SX74	[676, 868, 0, 227, 226, 225, 224, 223, 222]

 ### Operon type: 112

	 A0A010IPH1	[385, 438, 613, 384, 383, 382, 381, 380, 379]
	 A0A009MMG9	[385, 438, 613, 384, 383, 382, 381, 380, 379]
	 A0A009QVK8	[385, 438, 613, 384, 383, 382, 381, 380, 379]
	 A0A009ICP5	[385, 438, 613, 384, 383, 382, 381, 380, 379]

 ### Operon type: 113

	 A0A009QLL2	[279, 280, 281, 100, 383, 382, 381, 380, 379]
	 A0A009SIV4	[279, 280, 281, 100, 383, 382, 381, 380, 379]
	 A0A009HTW0	[279, 280, 281, 100, 383, 382, 381, 380, 379]
	 A0A013TSJ4	[280, 281, 0, 100, 383, 382, 381, 380, 379]

 ### Operon type: 114

	 A0A010ITG1	[491, 303, 302, 301, 300, 299, 298, 745, 741]
	 A0A009QNC9	[491, 303, 302, 301, 300, 299, 298, 745, 741]
	 A0A013TCN9	[491, 303, 302, 301, 300, 299, 298, 745, 741]
	 A0A009NIJ3	[491, 303, 302, 301, 300, 299, 298, 745, 741]
	 A0A013TRC1	[491, 303, 302, 301, 300, 299, 298, 745, 741]

 ### Operon type: 115

	 A0A009H935	[0, 0, 302, 301, 300, 299, 298, 745, 741]

 ### Operon type: 116

	 A0A009QEX0	[378, 377, 376, 375, 374, 216, 216, 865, 215]
	 A0A009SF48	[378, 377, 376, 375, 374, -1, 216, 865, 215]
	 A0A009IMX3	[378, 377, 376, 375, 374, 216, 216, 865, 215]

 ### Operon type: 117

	 A0A010ISX2	[378, 377, 376, 375, 374, 373, 644, 372, 371]
	 A0A013S7V1	[378, 377, 376, 375, 374, 373, 644, 372, 371]
	 A0A009MR00	[378, 377, 376, 375, 374, 373, 644, 372, 371]
	 A0A009RES7	[378, 377, 376, 375, 374, 373, 644, 372, 371]

 ### Operon type: 118

	 A0A009YTT3	[3, 636, 376, 375, 374, 373, 644, 372, 371]

 ### Operon type: 119

	 A0A009GYP9	[0, 0, 0, 375, 374, 373, 644, 372, 371]

 ### Operon type: 120

	 A0A009ZZC8	[-1, 220, 221, 3, 636, 376, 375, 374, 373]

 ### Operon type: 121

	 A0A011WSE5	[566, 565, 564, 563, 562, 561, 135, 134, 331]
	 A0A011UGX8	[567, 566, 565, 564, 563, 562, 561, 135, 134]

 ### Operon type: 122

	 A0A011VZG0	[568, 0, 567, 566, 565, 564, 563, 562, 561]

 ### Operon type: 123

	 A0A009PJF7	[274, 276, 276, 277, 165, 278, 164, 163, 162]
	 A0A009SJZ7	[273, 274, 276, 277, 165, 278, 164, 163, 162]

 ### Operon type: 124

	 A0A009Z5G0	[278, 277, 276, 0, 275, 274, 273, 272]

 ### Operon type: 125

	 A0A010JJC1	[523, 501, 500, 499, 498, 497, 496, 508, 495]
	 A0A010IZ41	[501, 500, 499, 498, 497, 496, 508, 495, 402]

 ### Operon type: 126

	 A0A009QJL6	[523, 501, 500, 499, 0, 495, 402, 41, 0]

 ### Operon type: 127

	 A0A013SGL3	[443, 442, 441, 440, 439, 671, 438, 864, 437]
	 A0A010KAV2	[443, 442, 441, 440, 439, 671, 438, 864, 437]
	 A0A009RQH3	[443, 442, 441, 440, 439, 671, 438, 864, 437]
	 A0A009NE81	[443, 442, 441, 440, 439, 671, 438, 864, 437]
	 A0A013TB41	[443, -1, 441, 440, 439, 671, 438, 864, 437]
	 A0A009PG53	[443, 442, 441, 440, 439, 671, 438, 864, 437]
	 A0A009SHB3	[443, 442, 441, 440, 439, 671, 438, 864, 437]
	 A0A009I5Z6	[443, 442, 441, 440, 439, 671, 438, 864, 437]

 ### Operon type: 128

	 A0A009H3X4	[443, 442, 441, 440, 439, 671, -1, 599, -1]

 ### Operon type: 129

	 A0A009PIB4	[0, 0, 0, 324, 323, 322, 509, 745, 815]
	 A0A009SLR5	[0, 0, 0, 324, 323, 322, 509, 745, 815]

 ### Operon type: 130

	 A0A009HSU4	[0, 0, 809, 745, 0, 671, 864, 815, 509]

 ### Operon type: 131

	 A0A009I463	[530, 91, 90, 359, 359, 470, 333, 332, 314]
	 A0A009PAG1	[530, 91, 90, 359, 359, 470, 333, 332, 314]

 ### Operon type: 132

	 A0A013SKX6	[0, 0, 530, 0, 359, 359, 470, 333, 332]

 ### Operon type: 133

	 A0A011Q5S3	[737, 692, 0, 0, 0, 0, 691, 690, 689]

 ### Operon type: 134

	 A0A011UZZ4	[0, 691, 690, 0, 0, 0, 261, 261, 689]

 ### Operon type: 135

	 A0A011UTJ0	[0, 0, 0, 84, 83, 82, 857, 81, 80]

 ### Operon type: 136

	 A0A011VMV7	[84, 83, 82, 857, 81, 80, 103, 102, 101]

 ### Operon type: 137

	 A0A011NYT4	[847, 846, 845, 844, 0, 534, 534, 533, 532]

 ### Operon type: 138

	 A0A011P8E9	[0, 0, 847, 846, 0, 845, 844, 0, 0]

 ### Operon type: 139

	 A0A010TF34	[0, -1, 0, 0, 28, 27, 26, 59, 25]
	 A0A010SYH9	[28, 27, 26, 59, 25, 0, 0, 0, 0]

 ### Operon type: 140

	 A0A010S7A1	[50, 49, 48, 99, 0, 47, 0, 0, 0]
	 A0A010TFJ4	[0, -1, 0, 50, 49, 48, 99, -1, 47]

 ### Operon type: 141

	 A0A009PAV9	[124, -1, 613, 123, 359, 509, 217, 218, 219]
	 A0A009HJC2	[124, 741, 613, 123, 359, 509, 217, 218, 219]

 ### Operon type: 142

	 A0A009SE02	[0, 219, 0, 0, 0, 218, 217, 509, 359]

 ### Operon type: 143

	 A0A009RSB7	[864, 644, 693, 396, 290, 745, 745, 369, 368]
	 A0A009SYU8	[864, 644, 693, 396, 290, 745, 745, 369, 368]
	 A0A009HS41	[864, 644, 693, 396, 290, 745, 745, 369, 368]

 ### Operon type: 144

	 A0A010IT25	[864, 644, 693, 396, 370, 745, 745, 369, 368]
	 A0A013SHA9	[864, 644, 693, 396, 370, 745, 745, 369, 368]
	 A0A009I466	[864, 644, 693, 396, 370, 745, 745, 369, 368]

 ### Operon type: 145

	 A0A009NMQ9	[864, 644, 693, 396, 370, 0, 745, 745, 369]

 ### Operon type: 146

	 A0A009P8A9	[0, 0, 693, 396, 290, 745, 745, 369, 368]

 ### Operon type: 147

	 A0A009NJ90	[175, 174, 173, 231, 344, 230, 172, 342, 341]
	 A0A009ITT8	[175, 174, 173, 231, 344, 172, 342, 341, 340]

 ### Operon type: 148

	 A0A009NCH6	[343, 342, 341, 340, 339, 338, 337, 291, 176]
	 A0A009IJ01	[342, 341, 340, 133, 339, 338, 337, 291, 176]

 ### Operon type: 149

	 A0A009RQL5	[342, 341, 340, 292, 339, 338, 337, 291, 0]

 ### Operon type: 150

	 A0A009MGQ8	[344, 0, 343, 342, 341, 340, 339, 338, 337]

 ### Operon type: 151

	 A0A009RHH7	[234, 233, 232, 231, 344, 230, 342, 341, 340]
	 A0A009S6G1	[234, 233, 232, 231, 344, 342, 341, 340, 339]
	 A0A009IJ07	[234, 233, 232, 231, 344, 342, 341, 340, 133]

 ### Operon type: 152

	 A0A009HZK2	[232, 231, 344, 342, 341, 340, 133, 339, 338]

 ### Operon type: 153

	 A0A009R4N4	[231, 344, 230, 342, 341, 340, 292, 339, 338]

 ### Operon type: 154

	 A0A009S5A5	[344, 230, 172, 342, 341, 340, 133, 89, 339]

 ### Operon type: 155

	 A0A009RHH9	[0, 0, 0, 0, 229, 234, 233, 232, 231]

 ### Operon type: 156

	 A0A011PGU1	[0, 0, 675, 708, 707, 706, 674, 673, 672]
	 A0A011MDH1	[667, 0, 675, 708, 707, 706, 674, 673, 672]

 ### Operon type: 157

	 A0A011V0P4	[551, 260, 0, 0, 259, 0, 0, 576, 575]

 ### Operon type: 158

	 A0A011WPV7	[576, 575, 0, 0, 0, 0, 0, 0, 0]

 ### Operon type: 159

	 A0A011UDF3	[708, 117, 0, 0, 0, 423, 122, 121, 702]

 ### Operon type: 160

	 A0A011VSC9	[122, 121, 702, 0, 0, 0, 0, 0, 0]

 ### Operon type: 161

	 A0A011SF89	[527, 526, 525, 0, 0, 0, 0, 0, 0]

 ### Operon type: 162

	 A0A011UCX7	[0, 819, 527, 526, 0, 525, 92, 0, 0]

 ### Operon type: 163

	 A0A011RNP9	[0, 0, 0, 0, 0, 553, 814, 0, 0]

 ### Operon type: 164

	 A0A011V0B5	[530, 0, 0, 0, 0, 0, 553, 0, 0]

 ### Operon type: 165

	 A0A011RQC9	[0, 530, 529, 0, 0, 0, 0, 528, 0]

 ### Operon type: 166

	 A0A011QG28	[710, 709, 708, 0, 707, 706, 705, 704, 703]
	 A0A011RIM8	[710, 709, 0, 0, 707, 706, 705, 704, 703]

 ### Operon type: 167

	 A0A011PHI6	[873, 0, 872, 0, 0, 871, 870, 869, 0]

 ### Operon type: 168

	 A0A011QI68	[0, 0, 872, 871, 0, 0, 0, 0, 0]

 ### Operon type: 169

	 A0A011NVJ6	[606, 649, 648, 647, 646, 645, 0, 0, 605]

 ### Operon type: 170

	 A0A011PVP2	[0, 649, 648, 647, 646, 645, 0, 0, 754]

 ### Operon type: 171

	 A0A011NXY7	[0, 0, 648, 0, 646, 0, 0, 0, 0]

 ### Operon type: 172

	 A0A011QR69	[761, 760, 775, 759, 758, 757, 0, 0, 0]
	 A0A011NUB4	[761, 760, 775, 759, 758, 757, 0, 581, 0]

 ### Operon type: 173

	 A0A011NN36	[760, 775, 0, 0, 758, 757, 0, 0, 0]

 ### Operon type: 174

	 A0A011PK69	[775, 811, 0, 0, 758, 757, 0, 0, 0]

 ### Operon type: 175

	 A0A011NYD6	[654, 785, 784, 603, 602, 653, 652, 651, 650]
	 A0A011RMI6	[654, 785, 784, 603, 602, 653, 652, 651, 650]

 ### Operon type: 176

	 A0A011QB28	[655, 654, 785, 0, 0, 653, 652, 651, 650]

 ### Operon type: 177

	 A0A011NF33	[0, 653, 652, 0, 0, 0, 0, 0, 0]

 ### Operon type: 178

	 A0A011NBY4	[609, 0, 0, 608, 0, 0, 607, 0, 0]

 ### Operon type: 179

	 A0A011WRT0	[609, 0, 0, 0, 0, 0, 0, 865, 0]

 ### Operon type: 180

	 A0A011SHV5	[0, 0, 0, 0, 0, 550, 865, 523, 0]

 ### Operon type: 181

	 A0A011NB95	[0, 764, 0, 0, 0, 0, 613, 612, 611]

 ### Operon type: 182

	 A0A011UHT4	[41, 560, 612, 0, 0, 29, 29, 611, 0]

 ### Operon type: 183

	 A0A010Z1W7	[0, 0, 0, 0, 0, 88, 0, 540, 541]

 ### Operon type: 184

	 A0A011VY84	[0, 0, 541, 540, 0, 0, 0, 0, 0]

 ### Operon type: 185

	 A0A010YW85	[0, 0, 0, 0, 0, 262, 0, 540, 541]

 ### Operon type: 186

	 A0A010ZMA0	[540, 619, 0, 0, 0, 0, 0, 0, 0]

 ### Operon type: 187

	 A0A011N5L2	[0, 0, 0, 619, 0, 618, 617, 0, 0]

 ### Operon type: 188

	 A0A009MJ75	[0, 0, 314, 313, 312, 0, 0, 0, 469]

 ### Operon type: 189

	 A0A010IH51	[0, 379, 0, 0, 312, 0, 469, 0, 0]

 ### Operon type: 190

	 A0A011TYT7	[0, 0, 0, 0, 0, 0, 379, 161, 161]

 ### Operon type: 191

	 A0A010RRR9	[0, 0, 0, 0, 750, 0, 0, 271, 469]

 ### Operon type: 192

	 A0A010SIA7	[0, 0, 271, 99, 0, 0, 0, 0, 0]

 ### Operon type: 193

	 A0A010RFQ9	[0, 0, 631, 0, 587, 0, 0, 0, 0]

 ### Operon type: 194

	 A0A010SPR9	[46, 46, 0, 0, 0, 587, 0, 0, 0]

 ### Operon type: 195

	 A0A009LNU8	[156, 158, 407, 406, 0, 24, 0, 509, 0]

 ### Operon type: 196

	 A0A013SRG6	[405, 406, 407, 158, 0, 157, 0, 156, 538]

 ### Operon type: 197

	 A0A009IQU8	[0, 158, 0, 0, 0, 157, 538, 0, 0]

 ### Operon type: 198

	 A0A010K2K8	[407, 406, 405, 0, 0, 0, 0, -1, 509]

 ### Operon type: 199

	 A0A011NPR8	[0, 538, 0, 0, 0, 0, 537, 0, 0]

 ### Operon type: 200

	 A0A010SEA2	[692, 537, 468, 0, 0, 0, 0, 0, 0]

 ### Operon type: 201

	 A0A010IGH8	[0, 0, 0, 0, 0, 0, 0, 251, 369]

 ### Operon type: 202

	 A0A010STD3	[0, 0, 0, 422, 421, 420, 0, 369, 251]

 ### Operon type: 203

	 A0A010SQJ5	[348, 384, 0, 422, 421, 420, 0, 0, 0]

 ### Operon type: 204

	 A0A013RVV2	[491, 0, 253, 252, 0, 0, 369, 251, 0]

 ### Operon type: 205

	 A0A011TD67	[423, 0, 0, 422, 421, 420, 419, 0, 418]

 ### Operon type: 206

	 A0A009ZC12	[0, 0, 0, 422, 0, 420, 419, 409, 700]

 ### Operon type: 207

	 A0A009YSC7	[0, 0, 607, 1, 0, 1, 253, 252, 0]

 ### Operon type: 208

	 A0A009ZJK4	[0, 0, 0, 0, 0, 0, 644, 621, 0]

 ### Operon type: 209

	 A0A010SVN1	[-1, 621, 745, 195, 310, 0, 0, 644, 0]

 ### Operon type: 210

	 A0A009QGN4	[206, 205, 204, 203, 202, 201, 0, 0, 0]
	 A0A009PFK7	[206, 205, 204, 203, 202, 0, 0, 201, 0]

 ### Operon type: 211

	 A0A009YR20	[0, 201, 0, 0, 0, 0, 205, 0, 0]

 ### Operon type: 212

	 A0A009SCM5	[237, 236, 235, 0, 0, 0, 0, 0, 0]

 ### Operon type: 213

	 A0A009TJ77	[222, 116, 0, 0, 0, 0, 237, 236, 235]

 ### Operon type: 214

	 A0A009HZV2	[0, 0, 0, 0, 200, 199, 230, 0, 0]

 ### Operon type: 215

	 A0A009QPE7	[0, 0, 0, 0, 200, 199, 0, 0, 0]

 ### Operon type: 216

	 A0A009MGR3	[0, 0, 128, 0, 238, 89, 54, 127, 126]

 ### Operon type: 217

	 A0A009Q4G0	[0, 129, 128, 0, 238, 0, 127, 126, 127]

 ### Operon type: 218

	 A0A009PB53	[0, 0, 155, 154, 238, 127, 126, 127, 153]

 ### Operon type: 219

	 A0A009PUJ8	[0, 155, 154, 238, 0, 153, 152, 151, 150]

 ### Operon type: 220

	 A0A009QQC0	[198, 0, 197, 745, 335, 335, 196, 460, 195]
	 A0A009H7I0	[198, 0, 0, 745, 335, 335, 196, 460, 195]

 ### Operon type: 221

	 A0A009MVG4	[197, 0, 336, 745, 335, 335, 196, 460, 195]

 ### Operon type: 222

	 A0A009QA91	[149, 148, 864, 745, 335, 335, 196, 460, 195]
	 A0A010J377	[149, 148, 864, 745, 335, 335, 196, 460, 195]

 ### Operon type: 223

	 A0A009S1X4	[149, 148, 864, 745, 335, 335, 745, 0, 167]

 ### Operon type: 224

	 A0A013SHF4	[0, 0, 336, 745, 335, 335, 0, 334, 0]

 ### Operon type: 225

	 A0A011PJK8	[809, 808, 807, 806, 805, 804, 0, 0, 0]
	 A0A011N3C3	[0, 0, 0, 809, 808, 807, 806, 805, 804]

 ### Operon type: 226

	 A0A011WKI4	[0, 0, 0, 0, 0, 810, 580, 579, 578]
	 A0A011UWH1	[810, 580, 579, 578, 0, 0, 0, 0, 0]

 ### Operon type: 227

	 A0A010YKP2	[0, 0, 0, 0, 0, 0, 605, 255, 0]

 ### Operon type: 228

	 A0A011V1A2	[260, 0, 0, 255, 0, 0, 0, 0, 0]

 ### Operon type: 229

	 A0A011NGS0	[0, 0, 0, 0, 726, 725, 0, 0, 0]

 ### Operon type: 230

	 A0A011PW61	[0, 0, 0, 0, 726, 725, 0, 0, 724]

 ### Operon type: 231

	 A0A011UXI1	[0, 755, 0, 0, 726, 725, 115, 0, 0]

 ### Operon type: 232

	 A0A011SWI9	[-1, -1, 0, 873, 726, 725, 115, -1, -1]

 ### Operon type: 233

	 A0A011P952	[725, 0, 694, 0, 0, 694, 0, 0, 0]

 ### Operon type: 234

	 A0A011Q1B3	[670, 869, 669, 668, 669, 754, 667, 0, 0]
	 A0A011QVV5	[0, 0, 670, 869, 669, 668, 669, 754, 667]

 ### Operon type: 235

	 A0A011NSG8	[0, 0, 0, 869, 669, 668, 0, 669, 0]

 ### Operon type: 236

	 A0A011P0X4	[0, 0, 667, 0, 669, 0, 0, 668, 572]

 ### Operon type: 237

	 A0A010YNY9	[0, 0, 31, 21, 0, 0, 0, 0, 466]

 ### Operon type: 238

	 A0A011AC71	[167, 0, 0, 250, 0, 31, 21, 0, 864]

 ### Operon type: 239

	 A0A011PRW6	[787, 0, 0, 0, 786, 785, 784, 0, 0]
	 A0A011QLX0	[0, 787, 0, 0, 786, 0, 785, 784, 0]

 ### Operon type: 240

	 A0A010SML6	[0, 785, 784, -1, 0, 868, 0, 0, 0]

 ### Operon type: 241

	 A0A010RS09	[0, 0, 0, 0, 59, 0, 599, 599, 0]

 ### Operon type: 242

	 A0A010RTE7	[0, 0, 0, 0, 0, 0, 59, 116, 0]

 ### Operon type: 243

	 A0A009P817	[321, 0, 0, 0, 320, 0, 319, 318, 317]

 ### Operon type: 244

	 A0A009TIY0	[0, 0, 0, 0, 320, 0, 319, 318, 0]

 ### Operon type: 245

	 A0A009QKA3	[319, 318, 0, 317, 0, 0, 0, 0, 206]

 ### Operon type: 246

	 A0A009HSR2	[0, 242, 241, 0, 240, 267, 268, 230, 269]

 ### Operon type: 247

	 A0A009SWM1	[0, 242, 241, 0, 240, 0, 0, 268, 0]

 ### Operon type: 248

	 A0A009MYX0	[270, 269, 0, 809, 0, 0, 268, 267, 266]

 ### Operon type: 249

	 A0A009QK79	[0, 0, 266, 267, 0, 268, 0, 0, 269]

 ### Operon type: 250

	 A0A009GXJ1	[113, 112, 267, 268, 65, 230, 269, 270, 0]

 ### Operon type: 251

	 A0A010IT95	[0, 0, 0, 509, 367, 366, 365, 364, 363]
	 A0A009QT77	[0, 0, -1, 509, 367, 366, 365, 364, 363]
	 A0A013TKW8	[0, 832, 0, 509, 367, 366, 365, 364, 363]
	 A0A009PRQ9	[0, 509, 93, 0, 367, 366, 365, 364, 363]
	 A0A009S0T6	[0, 0, 509, 93, 367, 366, 365, 364, 363]
	 A0A009I5G9	[0, 0, 509, 93, 367, 366, 365, 364, 363]
	 A0A009GWD0	[230, 0, 0, 509, 367, 366, 365, 364, 363]
	 A0A009MH36	[0, 0, 0, 509, 367, 366, 365, 364, 363]

 ### Operon type: 252

	 A0A013TMJ7	[741, -1, 0, 509, 367, 364, 363, 0, 0]

 ### Operon type: 253

	 A0A011VXC2	[-1, 549, 0, 789, 548, 547, 546, 545, 544]
	 A0A011V392	[549, 0, 789, 548, 547, 546, 0, 545, 544]

 ### Operon type: 254

	 A0A011V490	[568, 569, 0, 544, 545, 546, 547, 548, 789]

 ### Operon type: 255

	 A0A011VZF5	[0, 0, 548, 547, 546, 819, 569, 819, 0]

 ### Operon type: 256

	 A0A011WLE7	[0, 0, 0, 0, 0, 577, 0, 0, 0]
	 A0A011VU44	[0, 0, 0, 0, 0, 577, 0, 0, 0]

 ### Operon type: 257

	 A0A011VAP2	[0, 0, 33, 0, 0, 0, 0, 0, 511]

 ### Operon type: 258

	 A0A011VRJ8	[0, 0, 0, 0, 0, 0, 33, 0, 0]

 ### Operon type: 259

	 A0A011RNU1	[0, 0, 0, 0, 0, 0, 435, 435, 434]

 ### Operon type: 260

	 A0A011VKJ9	[0, 0, 0, 0, 0, 0, 434, 435, -1]

 ### Operon type: 261

	 A0A011PQZ7	[0, 0, 0, 792, 791, 0, 790, 0, 0]

 ### Operon type: 262

	 A0A011TUX4	[0, 0, 0, 0, 791, 0, 0, 790, 0]

 ### Operon type: 263

	 A0A011STZ9	[0, 0, 0, 790, 0, 0, 0, 0, 0]

 ### Operon type: 264

	 A0A011PRF5	[788, 0, 0, 0, 0, 0, 0, 0, 0]
	 A0A011PUJ9	[0, 0, 0, 0, 0, 0, 0, 0, 788]

 ### Operon type: 265

	 A0A011PFY8	[0, 0, 0, 0, 0, 0, 0, 0, 802]

 ### Operon type: 266

	 A0A011PNS3	[803, 802, 0, 0, 0, 0, 0, 0, 0]

 ### Operon type: 267

	 A0A011T648	[0, 802, 0, 0, 0, 0, 0, 775, 0]

 ### Operon type: 268

	 A0A010YYJ5	[0, 0, 0, 819, 0, 0, 0, 71, 71]

 ### Operon type: 269

	 A0A011NDM5	[819, 0, 0, 0, 0, 0, 0, 0, 0]

 ### Operon type: 270

	 A0A011MSR2	[0, 0, 0, 620, 0, 0, 0, 819, 819]

 ### Operon type: 271

	 A0A011WSU6	[0, 819, 0, 0, 545, 0, 0, 0, 0]

 ### Operon type: 272

	 A0A011AEN3	[0, 0, 0, 0, 0, 0, 705, 0, 0]
	 A0A011U3C2	[0, 0, 705, 0, 0, 0, 0, 0, 0]

 ### Operon type: 273

	 A0A011AAZ2	[0, 571, 0, 0, 0, 705, 705, 705, 0]

 ### Operon type: 274

	 A0A011T698	[0, 0, 0, 0, 0, 864, 705, 0, 0]

 ### Operon type: 275

	 A0A010YRE8	[0, 0, 0, 0, 0, 0, 0, 8, 0]

 ### Operon type: 276

	 A0A011AF05	[0, 0, 167, 8, 0, 0, 0, 0, 0]

 ### Operon type: 277

	 A0A009ZG48	[0, 0, 0, 832, 0, 0, 0, 0, 0]

 ### Operon type: 278

	 A0A011PEJ8	[0, 0, 833, 832, 0, 0, 0, 0, 0]

 ### Operon type: 279

	 A0A011QNJ7	[711, 0, 0, 832, 0, 0, 0, 711, 0]

 ### Operon type: 280

	 A0A011MMJ4	[0, 0, 0, 0, 0, 0, 0, 711, 0]

 ### Operon type: 281

	 A0A011R8M3	[0, 0, 833, 832, 0, 114, 0, 711, 0]

 ### Operon type: 282

	 A0A009ZC82	[0, 0, 867, 0, 0, 0, 0, 0, 0]

 ### Operon type: 283

	 A0A011P3F6	[868, 0, 0, 867, 0, 0, 0, 0, 0]

 ### Operon type: 284

	 A0A009IG48	[0, 0, 0, 239, 98, 0, 0, 0, 868]

 ### Operon type: 285

	 A0A009IMQ0	[0, 0, 0, 239, 98, 0, 0, 0, 0]

 ### Operon type: 286

	 A0A009SWV1	[0, 0, 0, 0, 0, 0, 0, 239, 0]

 ### Operon type: 287

	 A0A009Q512	[0, 0, 0, 0, 125, 0, 0, 0, 0]
	 A0A009PMZ9	[125, 0, 0, 0, 0, 0, 0, 0, 0]

 ### Operon type: 288

	 A0A009IFL2	[0, 467, 0, 66, -1, 0, 0, 0]

 ### Operon type: 289

	 A0A009ZDS1	[-1, -1, 0, 467, 0, 0, 501, 0, 0]

 ### Operon type: 290

	 A0A010SNM6	[43, 32, -1, 0, 0, 0, 741, 0, 0]

 ### Operon type: 291

	 A0A010T5D8	[32, 43, 0, -1, 0, -1, 402, 0, 0]

 ### Operon type: 292

	 A0A011UB51	[539, 0, 0, 0, 0, 0, 0, 0, 0]
	 A0A011UFH1	[0, 0, 0, 0, 0, 539, 0, 0, 0]

 ### Operon type: 293

	 A0A011V965	[0, -1, -1, 0, 34, 0, -1, -1, 0]
	 A0A011VHP2	[0, -1, -1, -1, 34, 0, 0, 0, 0]

 ### Operon type: 294

	 A0A010RVD0	[-1, 0, 0, -1, 0, 728, 728, 0, 58]

 ### Operon type: 295

	 A0A010T7Q5	[0, 58, 0, 0, 0, 0, -1, 0, 0]

 ### Operon type: 296

	 A0A010SJH7	[0, 0, 741, -1, 0, 0, 196, 0, 0]

 ### Operon type: 297

	 A0A010SRR2	[0, 0, -1, 0, 0, 0, 0, 0, 741]

 ### Operon type: 298

	 A0A010RKP8	[0, 0, 0, 0, 0, 0, -1, 0, 0]
	 A0A010RY47	[-1, 0, -1, 0, 0, 0, 0, 0, 0]
	 A0A011UZ32	[0, 0, 0, 0, 0, -1, 0, 0, 0]
	 A0A009HJU6	[0, 0, 0, 0, 0, 0, 0, 0, -1]
	 A0A010TF14	[-1, 0, 0, 0, 0, 0, 0, 0, 0]

 ### Operon type: 299

	 A0A010SJF9	[0, 0, 0, 0, 0, -1, 0, 72, -1]

 ### Operon type: 300

	 A0A011ML54	[0, 0, 0, 600, 0, 0, 0, 0, -1]

 ### Operon type: 301

	 A0A011NHY1	[0, 0, 0, 0, 0, 741, 0, 0, 0]

 ### Operon type: 302

	 A0A010Z171	[0, 0, 0, 0, 0, 0, 741, 0, 809]

 ### Operon type: 303

	 A0A011T697	[741, 0, 0, 0, 0, 0, 0, 0, 319]

 ### Operon type: 304

	 A0A011TDD1	[0, 311, 741, 0, 0, 0, 0, 0, 0]

 ### Operon type: 305

	 A0A011VW24	[0, 0, 763, 0, 0, 0, 0, 0, -1]

 ### Operon type: 306

	 A0A011T8V3	[0, 0, 763, 0, 0, 0, 0, 0, 0]

 ### Operon type: 307

	 A0A010TH98	[724, 0, 0, 763, 0, 0, 0, 0, 0]

 ### Operon type: 308

	 A0A011QVR3	[0, 0, 0, 0, 0, 0, 0, 764, 763]

 ### Operon type: 309

	 A0A011VYF1	[763, 0, 0, 0, 0, 0, 539, 0, 0]

 ### Operon type: 310

	 A0A010S415	[-1, 763, 0, 195, 0, 0, 0, 0, 489]

 ### Operon type: 311

	 A0A011PBM9	[0, 0, 0, 0, 0, 0, 0, 0, 0]
	 A0A011PNN2	[0, 0, 0, 0, 0, 0, 0, 0, 0]
	 A0A011Q056	[0, 0, 0, 0, 0, 0, 0, 0, 0]
	 A0A011QMJ8	[0, 0, 0, 0, 0, 0, 0, 0, 0]
	 A0A011QSN2	[0, 0, 0, 0, 0, 0, 0, 0, 0]
	 A0A011P9Z5	[0, 0, 0, 0, 0, 0, 0, 0, 0]
	 A0A011N2Z0	[0, 0, 0, 0, 0, 0, 0, 0, 0]
	 A0A011NAJ1	[0, 0, 0, 0, 0, 0, 0, 0, 0]
	 A0A010ZTI3	[0, 0, 0, 0, 0, 0, 0, 0, 0]
	 A0A011VYF6	[0, 0, 0, 0, 0, 0, 0, 0, 0]
	 A0A011NMI8	[0, 0, 0, 0, 0, 0, 0, 0, 0]
	 A0A011NTU3	[0, 0, 0, 0, 0, 0, 0, 0, 0]
	 A0A013SBR8	[0, 0, 0, 0, 0, 0, 0, 0, 0]
	 A0A013S2B9	[0, 0, 0, 0, 0, 0, 0, 0, 0]
	 A0A009M4K0	[0, 0, 0, 0, 0, 0, 0, 0, 0]
	 A0A013SL47	[0, 0, 0, 0, 0, 0, 0, 0, 0]
	 A0A011WUT3	[0, 0, 0, 0, 0, 0, 0, 0, 0]
	 A0A013TEV4	[0, 0, 0, 0, 0, 0, 0, 0, 0]
	 A0A009MH90	[0, 0, 0, 0, 0, 0, 0, 0, 0]
	 A0A009PDV4	[0, 0, 0, 0, 0, 0, 0, 0, 0]
	 A0A011UHL2	[0, 0, 0, 0, 0, 0, 0, 0, 0]
	 A0A010SHY1	[0, 0, 0, 0, 0, 0, 0, 0, 0]
	 A0A011UBN9	[0, 0, 0, 0, 0, 0, 0, 0, 0]
	 A0A011UFM5	[0, 0, 0, 0, 0, 0, 0, 0, 0]
	 A0A010SPJ7	[0, 0, 0, 0, 0, 0, 0, 0, 0]
	 A0A010SSQ8	[0, 0, 0, 0, 0, 0, 0, 0, 0]
	 A0A009HIL8	[0, 0, 0, 0, 0, 0, 0, 0, 0]
	 A0A011VNE2	[0, 0, 0, 0, 0, 0, 0, 0, 0]
	 A0A010YJA7	[0, 0, 0, 0, 0, 0, 0, 0, 0]
	 A0A011A146	[0, 0, 0, 0, 0, 0, 0, 0, 0]
	 A0A010T025	[0, 0, 0, 0, 0, 0, 0, 0, 0]
	 A0A010YZS8	[0, 0, 0, 0, 0, 0, 0, 0, 0]
	 A0A010Z120	[0, 0, 0, 0, 0, 0, 0, 0, 0]

 ### Operon type: 312

	 A0A010TG27	[810, 0, 42, 0, 0, 0, 745, 0, 0]

 ### Operon type: 313

	 A0A011PMK1	[0, 0, 0, 0, 0, 0, 0, 810, 0]

 ### Operon type: 314

	 A0A009HM15	[0, 337, 291, 0, 0, 0, -1, 0, 0]

 ### Operon type: 315

	 A0A009HRU1	[0, 267, 0, 0, 0, 0, 0, 0, 0]

 ### Operon type: 316

	 A0A009HSN8	[0, 129, 0, 0, 0, -1, 0, 153, -1]

 ### Operon type: 317

	 A0A009HV82	[152, 0, 0, 0, 0, 0, 0, 0, 0]

 ### Operon type: 318

	 A0A009IG74	[0, 0, 313, 0, 359, -1, 0, 0, 0]

 ### Operon type: 319

	 A0A009IJ90	[0, 222, 0, 0, 0, 0, 0, 0, 0]

 ### Operon type: 320

	 A0A009NM94	[0, 543, 543, 0, 0, 0, 311, 0, 0]

 ### Operon type: 321

	 A0A009Q4N5	[0, 0, 321, 0, 0, 0, 0, 0, 0]

 ### Operon type: 322

	 A0A009SSZ9	[0, 243, 0, 0, 0, 0, 0, 0, 0]

 ### Operon type: 323

	 A0A009YIH1	[0, 0, 0, 0, 339, 0, -1, -1, 2]

 ### Operon type: 324

	 A0A009YR05	[0, 0, 0, 0, 83, 0, 0, 0, 0]

 ### Operon type: 325

	 A0A009Z004	[282, 0, 282, 0, 0, 809, 0, 0, 0]

 ### Operon type: 326

	 A0A010RUQ5	[0, 0, 0, 0, 0, 0, 0, 0, 249]

 ### Operon type: 327

	 A0A010S195	[867, 0, 88, 87, 0, 0, 0, 0, 0]

 ### Operon type: 328

	 A0A010SCZ2	[0, 0, 0, 0, 0, 0, 0, 137, 0]

 ### Operon type: 329

	 A0A010SN41	[0, 0, 0, 0, 159, 0, 0, 0, 0]

 ### Operon type: 330

	 A0A010SSU2	[0, 0, 0, 0, 65, 0, -1, 695, 0]

 ### Operon type: 331

	 A0A010SUP6	[0, 0, 0, 0, 0, 0, 0, 87, 0]

 ### Operon type: 332

	 A0A010SUY9	[0, 0, 0, 0, 0, 114, 833, 0]

 ### Operon type: 333

	 A0A010THK2	[0, 0, -1, 0, 0, 599, 809, 0, 0]

 ### Operon type: 334

	 A0A010SRL4	[42, 0, 0, -1, 0, 0, 0, 809, 86]

 ### Operon type: 335

	 A0A010YX61	[441, 705, 0, 763, 0, 0, 0, 0, 0]

 ### Operon type: 336

	 A0A010S5W8	[0, 0, 620, 754, 0, 0, 0, 0, 0]

 ### Operon type: 337

	 A0A011NE37	[615, 0, 0, 0, 0, 0, 0, 0, 0]

 ### Operon type: 338

	 A0A011NF78	[0, 0, 699, 0, 0, 0, 0, 0, 0]

 ### Operon type: 339

	 A0A011NVE2	[0, 0, 0, 775, 0, 0, 741, 0, 514]

 ### Operon type: 340

	 A0A011NXJ4	[0, 0, 0, 0, 0, 0, 0, 0, 604]

 ### Operon type: 341

	 A0A011P8I1	[0, 0, 703, 705, 0, 0, 0, 0, 696]

 ### Operon type: 342

	 A0A011P9Q7	[693, 0, 0, 0, 0, 0, 0, 0, 0]

 ### Operon type: 343

	 A0A011PJ75	[0, 775, 774, 775, 0, 0, 0, 0, 0]

 ### Operon type: 344

	 A0A011PRB4	[0, 0, 0, 0, 0, 0, 0, 789, 0]

 ### Operon type: 345

	 A0A011QVT2	[762, 0, 0, 0, 0, 0, 0, 803, 0]

 ### Operon type: 346

	 A0A011RP14	[0, 0, 0, 0, 0, 0, 0, 531, 0]

 ### Operon type: 347

	 A0A011SM49	[741, 0, 531, 0, 0, 0, 191, 0, 0]

 ### Operon type: 348

	 A0A011AM27	[790, 0, 0, 0, 513, 0, 0, 0, 512]

 ### Operon type: 349

	 A0A011T607	[0, 0, 754, 0, 0, 0, 0, 0, 311]

 ### Operon type: 350

	 A0A011TAW2	[0, 0, 0, 0, 0, 0, 356, 0, 0]

 ### Operon type: 351

	 A0A011TED9	[0, 0, 0, 0, 0, 429, 0, 0, 0]

 ### Operon type: 352

	 A0A011TXS5	[0, 185, 0, 0, 0, 0, 0, 0, 0]

 ### Operon type: 353

	 A0A011U144	[0, 249, 0, 0, 0, 0, 604, 624, 0]

 ### Operon type: 354

	 A0A011U1C8	[864, 0, 0, 0, 0, 0, 0, 0, 248]

 ### Operon type: 355

	 A0A011U483	[0, 0, 0, 0, 0, 863, 0, 0, 0]

 ### Operon type: 356

	 A0A011UG86	[0, 869, 0, 0, 0, 72, 0, 0, 0]

 ### Operon type: 357

	 A0A011UQB5	[524, 608, 0, 0, 0, 0, 0, 539, 0]

 ### Operon type: 358

	 A0A011UVI5	[0, 0, 0, 0, 0, 466, 775, 775, 0]

 ### Operon type: 359

	 A0A011UWI3	[0, 0, 0, 0, 323, 0, 51, 867, 0]

 ### Operon type: 360

	 A0A011V5E6	[0, 0, 0, 0, 0, 331, 0, 0, 0]

 ### Operon type: 361

	 A0A011M4H6	[511, 0, 510, 0, 0, 0, 0, 0, 0]

 ### Operon type: 362

	 A0A011VSV3	[0, 0, 0, 0, 0, 0, 708, 0, 0]

 ### Operon type: 363

	 A0A011VWI0	[0, 0, 0, 0, 0, 560, 0, 0, 0]

 ### Operon type: 364

	 A0A011VZ91	[578, 0, 0, 0, 0, 0, 0, 0, 0]

 ### Operon type: 365

	 A0A011WP76	[0, 0, 0, 0, 0, 0, 0, 0, 766]

 ### Operon type: 366

	 A0A011WSD4	[0, 0, 0, -1, 0, 819, 0, 0, 569]

 ### Operon type: 367

	 A0A011WT35	[569, 0, 0, 0, 0, 0, 0, 0, 0]

 ### Operon type: 368

	 A0A013S843	[0, 460, 0, 0, 0, 0, -1, 348, 0]

 ### Operon type: 369

	 A0A013T5E6	[0, 0, 0, 238, 0, 0, 0, 0, 0]

 ### Operon type: 370

	 A0A009T185	[760, 0, 774, 774, 387, 775, 774, 386, 645]

 ### Operon type: 371

	 A0A010IN36	[388, 741, 0, 0, 387, 775, 774, 386, 645]

 ### Operon type: 372

	 A0A009PG43	[775, 774, 182, 803, 0, 386, 645, 0, 0]

 ### Operon type: 373

	 A0A009INE0	[388, 0, 0, 0, 0, 0, 0, 774, 386]

 ### Operon type: 374

	 A0A009T9H0	[0, 2, 868, -1, 0, 0, 268, 0, 267]

 ### Operon type: 375

	 A0A010THH5	[0, 468, 467, 466, 0, 0, 523, 0, 501]

 ### Operon type: 376

	 A0A011VZE3	[0, 0, 0, 745, 516, 0, 0, 0, 0]
	 A0A011WSH8	[0, 0, 0, 745, 516, 0, 0, 0, 0]

 ### Operon type: 377

	 A0A011NAF3	[0, 0, 0, 0, 0, 0, 745, 0, 796]

 ### Operon type: 378

	 A0A009IQ93	[92, 0, 745, 0, 0, 86, 0, 0, 0]

 ### Operon type: 379

	 A0A009Q8S9	[0, 0, 868, 349, 0, 160, 0, 0, 0]

 ### Operon type: 380

	 A0A009TLU4	[0, 185, -1, 24, 0, 45, 0, -1, -1]

 ### Operon type: 381

	 A0A009ZB47	[411, 410, 0, 0, 0, 819, 499, 0, 0]

 ### Operon type: 382

	 A0A009ZVR4	[529, 0, 705, 0, 0, 71, 0, 0, 412]

 ### Operon type: 383

	 A0A010JIN9	[499, 0, 0, 116, 226, 0, 0, 0, 0]

 ### Operon type: 384

	 A0A010S003	[673, 0, 0, 0, 0, 869, 869, 384, 0]

 ### Operon type: 385

	 A0A010SMN8	[0, -1, 31, 0, 587, 0, 0, 677, 0]

 ### Operon type: 386

	 A0A010SXS1	[0, 182, 0, 0, 0, 584, 0, 0, 803]

 ### Operon type: 387

	 A0A010T689	[512, -1, 523, 553, 0, 0, 0, 0, 0]

 ### Operon type: 388

	 A0A010TBB4	[0, 629, 0, 72, 0, 0, 0, 0, 864]

 ### Operon type: 389

	 A0A010YFK3	[0, 684, 0, 0, 0, 0, 118, 0, 248]

 ### Operon type: 390

	 A0A010YVY1	[5, 0, 5, 0, 0, 0, 0, 384, 0]

 ### Operon type: 391

	 A0A010ZSZ2	[0, 571, 0, 623, 570, 0, 0, 0, 0]

 ### Operon type: 392

	 A0A010Z0Y7	[0, 0, 0, 0, 570, 195, 0, 0, 0]

 ### Operon type: 393

	 A0A011A0M8	[0, 0, 809, 0, 66, 0, 0, 7, 7]

 ### Operon type: 394

	 A0A011NFL4	[0, 598, 0, 0, 597, 810, 0, 596, 0]

 ### Operon type: 395

	 A0A011P407	[0, 0, 866, 865, 0, 0, 864, 0, 863]

 ### Operon type: 396

	 A0A011QGT2	[745, 0, 0, 806, 805, 0, 0, 0, 0]

 ### Operon type: 397

	 A0A011QSA4	[702, 0, 701, 700, 0, 0, 0, 0, 699]

 ### Operon type: 398

	 A0A011T6J6	[0, 688, 0, 705, 0, 0, 263, 0, 262]

 ### Operon type: 399

	 A0A011TAL2	[0, 754, 0, 0, 0, 250, 0, 605, 0]

 ### Operon type: 400

	 A0A011TZG0	[809, 678, 0, 0, 0, 0, 0, 177, 0]

 ### Operon type: 401

	 A0A011UGY3	[135, 134, 331, 30, 0, 0, 0, 30, 0]

 ### Operon type: 402

	 A0A011UII7	[0, 0, 0, 0, 0, 514, 478, 0, 0]

 ### Operon type: 403

	 A0A011UNT9	[160, 193, 0, 0, 0, 0, 0, 0, 0]

 ### Operon type: 404

	 A0A011SIS0	[0, 658, 194, 194, 0, 0, 0, 193, 0]

 ### Operon type: 405

	 A0A011UT49	[0, 571, 0, 0, 0, 0, 182, 85, 0]

 ### Operon type: 406

	 A0A011VU65	[119, 0, 0, 0, 0, 118, 0, 708, 117]

 ### Operon type: 407

	 A0A011VV03	[0, 138, 0, 0, 259, 511, 0, 0, 0]

 ### Operon type: 408

	 A0A011VVZ9	[0, 0, -1, 0, 0, 137, 136, 136, 275]

 ### Operon type: 409

	 A0A011VWX7	[803, 551, 0, 0, 0, 0, 0, 550, 0]

 ### Operon type: 410

	 A0A011VXK7	[543, 543, 0, 542, 0, 0, 0, 690, 0]

 ### Operon type: 411

	 A0A011W0I6	[515, 0, 0, 0, 0, 821, 0, 600, 0]

 ### Operon type: 412

	 A0A010YEF6	[0, 515, 0, 0, 0, 0, 0, 0, 22]

 ### Operon type: 413

	 A0A013SQH1	[0, 0, 0, 0, 159, 756, 0, 509, 613]

 ### Operon type: 414

	 A0A009QJA8	[151, 150, 0, 0, 0, 0, 0, 0, 595]

 ### Operon type: 415

	 A0A009YL68	[0, 0, 864, 443, 439, 0, 0, 409, 0]

 ### Operon type: 416

	 A0A010JNG7	[509, 0, 0, 508, 0, 0, 0, 0, 0]

 ### Operon type: 417

	 A0A010RM40	[455, 745, 719, 0, 0, 0, 0, -1, 847]

 ### Operon type: 418

	 A0A010RRQ6	[0, 510, 0, 0, 0, 587, 634, 475, 0]

 ### Operon type: 419

	 A0A010S423	[263, 0, 0, 0, 0, 0, 0, 51, 528]

 ### Operon type: 420

	 A0A010T0I7	[0, 0, 22, 0, 0, 703, 701, 745, 0]

 ### Operon type: 421

	 A0A010ZUR7	[138, 20, 0, 20, 0, 19, 384, 0, 0]

 ### Operon type: 422

	 A0A011NA78	[0, 616, 0, 0, 0, 728, 0, 0, 847]

 ### Operon type: 423

	 A0A011P8W7	[812, 866, 803, 0, 695, 0, 0, 0, 0]

 ### Operon type: 424

	 A0A011PG97	[677, 0, 0, 676, 0, 0, 0, 0, 0]

 ### Operon type: 425

	 A0A011PKT4	[0, 756, 0, 0, 0, 0, 755, 0, 0]

 ### Operon type: 426

	 A0A011PLB2	[0, 812, 0, 811, 0, 0, 0, 0, 0]

 ### Operon type: 427

	 A0A011R339	[0, 0, 0, 0, 0, 0, 113, 112, 0]

 ### Operon type: 428

	 A0A011SFE5	[0, 0, 0, 543, 0, 0, 598, 865, 524]

 ### Operon type: 429

	 A0A011SJT5	[0, 0, 0, 275, 192, 192, 192, 192, 192]

 ### Operon type: 430

	 A0A011TDQ5	[0, 0, 0, 0, 310, 823, 0, 0, 0]

 ### Operon type: 431

	 A0A011VT01	[0, 0, 120, 0, 0, 120, 0, 0, 278]

 ### Operon type: 432

	 A0A009Z3V9	[745, 0, 0, 0, 0, 281, 807, 280, 279]

 ### Operon type: 433

	 A0A010SRB2	[45, 44, 0, 0, 0, 44, 43, 0, 0]

 ### Operon type: 434

	 A0A010KA25	[499, 0, 523, 396, 395, 0, 0, 499, 464]

 ### Operon type: 435

	 A0A011TZN1	[103, 102, 101, 0, 229, 0, 0, 0, 0]

 ### Operon type: 436

	 A0A011VJ76	[23, 23, 85, 596, 0, 745, 809, 0, 866]

 ### Operon type: 437

	 A0A011UG17	[162, 0, 517, 0, 565, 119, 0, 0, 0]

 ### Operon type: 438

	 A0A011WUA8	[655, 0, 0, 272, 0, 0, 0, 254, 254]

 ### Operon type: 439

	 A0A010S4X6	[0, 195, 719, 869, 400, 0, 606, 820, 599]

 ### Operon type: 440

	 A0A010YY02	[0, 4, 0, 0, 4, 721, 627, 0, 6]
