
 ### Operon type: 1

	 A0A010ILU3	[485, 484, 483, 482, 481, 480, 479, 478, 477]
	 A0A009QS71	[485, 484, 483, 482, 481, 480, 479, 478, 477]
	 A0A009QBR9	[485, 484, 483, 482, 481, 480, 478, 477, 133]
	 A0A009MW50	[485, 484, 483, 482, 481, 480, 479, 478, 477]
	 A0A009H3B0	[485, 484, 483, 482, 481, 480, 479, 478, 477]
	 A0A009I8S2	[485, 484, 483, 482, 481, 480, 478, 477, 133]
	 A0A009TM70	[485, 484, 483, 482, 481, 480, 478, 477, 133]

 ### Operon type: 2

	 A0A013TH43	[344, 343, 504, 342, 341, 340, 339, 338, 337]
	 A0A009RAF0	[344, 343, 504, 342, 341, 340, 339, 338, 337]

 ### Operon type: 3

	 A0A011PVT3	[796, 795, 794, 793, 792, 791, 790, 789, 788]
	 A0A011R7V7	[796, 795, 794, 793, 792, 791, 790, 789, 788]
	 A0A011MET3	[796, 795, 794, 793, 792, 791, 790, 789, 788]

 ### Operon type: 4

	 A0A013SNJ8	[657, 303, 477, 302, 301, 457, 318, 300, 299]
	 A0A009SIZ4	[657, 303, 477, 302, 301, 457, 318, 300, 299]
	 A0A013RZW2	[657, 303, 477, 302, 301, 457, 318, 300, 299]
	 A0A009RD69	[657, 303, 477, 302, 301, 457, 318, 300, 299]
	 A0A009MMM3	[657, 303, 477, 302, 301, 457, 318, 300, 299]
	 A0A009PH20	[657, 303, 477, 302, 301, 457, 318, 300, 299]
	 A0A010J9U3	[657, 303, 477, 302, 301, 457, 318, 300, 299]
	 A0A009HBT3	[657, 303, 477, 302, 301, 457, 318, 300, 299]
	 A0A009IV03	[657, 303, 477, 302, 301, 457, 318, 300, 299]
	 A0A009YIZ0	[657, 303, 477, 302, 301, 457, 318, 300, 299]

 ### Operon type: 5

	 A0A009PH57	[102, 101, -1, 100, 99, 667, 98, 151, 97]
	 A0A009TG92	[102, 101, -1, 100, 99, 667, 98, 151, 97]

 ### Operon type: 6

	 A0A013SXT2	[461, 460, 459, 458, 457, 456, 455, 454, 453]
	 A0A013S288	[461, 460, 459, 458, 457, 456, 455, 454, 453]
	 A0A009SFX8	[461, 460, 459, 458, 255, 457, 456, 455, 454]
	 A0A009N031	[461, 460, 459, 458, 457, 456, 455, 454, 453]
	 A0A009PWG1	[461, 460, 459, 458, 457, 456, 455, 454, 453]
	 A0A010J3I1	[461, 460, 459, 458, 457, 456, 455, 454, 453]
	 A0A009I0I9	[461, 460, 459, 458, 457, 456, 455, 454, 453]
	 A0A009R2X0	[461, 460, 459, 458, 457, 456, 455, 454, 453]
	 A0A009TBM2	[460, 459, 458, 255, 457, 456, 455, 454, 453]

 ### Operon type: 7

	 A0A013SZ54	[452, 762, 579, 451, 450, 517, 449, 448, 447]
	 A0A013T8M5	[452, 762, 579, 451, 450, 517, 449, 448, 447]
	 A0A009SWU0	[452, 762, 579, 451, 450, 517, 449, 448, 447]
	 A0A009N123	[452, 762, 579, 451, 450, 517, 449, 448, 447]
	 A0A009RBQ2	[452, 762, 579, 451, 450, 517, 449, 448, 447]
	 A0A010IMP8	[452, 762, 579, 451, 450, 517, 449, 448, 447]
	 A0A009Q3K7	[452, 762, 579, 451, 450, 517, 449, 448, 447]
	 A0A009IRJ6	[452, 762, 579, 451, 450, 517, 449, 448, 447]
	 A0A009H7U0	[452, 762, 579, 451, 450, 517, 449, 448, 447]
	 A0A009ZM43	[-1, 762, 579, 451, 450, 517, 449, 448, 447]

 ### Operon type: 8

	 A0A009ZIC0	[649, 648, 647, 646, 645, 644, 643, 642, 641]
	 A0A013RMD0	[-1, 648, 647, 646, 645, 644, 643, 642, 641]
	 A0A009QDV7	[-1, 648, 647, 646, 645, 644, 643, 642, 641]
	 A0A009N9Z1	[-1, 648, 647, 646, 645, 644, 643, 642, 641]
	 A0A010JDA6	[-1, 648, 647, 646, 645, 644, 643, 642, 641]
	 A0A009RG92	[-1, 648, 647, 646, 645, 644, 643, 642, 641]
	 A0A009S854	[-1, 648, 647, 646, 645, 644, 643, 642, 641]
	 A0A009IHQ3	[-1, 648, 647, 646, 645, 644, 643, 642, 641]
	 A0A009H6M2	[-1, 648, 647, 646, 645, 644, 643, 642, 641]

 ### Operon type: 9

	 A0A011V5V3	[0, 192, 191, 190, 189, 188, 187, 186, 185]
	 A0A011UIA1	[192, 191, 190, 189, 188, 187, 186, 185, 0]

 ### Operon type: 10

	 A0A011PTE7	[695, 694, 693, 692, 691, 0, 690, 689, 688]
	 A0A011NE72	[695, 694, 693, 692, 691, 690, 689, 688, 0]

 ### Operon type: 11

	 A0A010JWJ1	[210, 76, 787, 75, 209, 208, 207, 206, 205]
	 A0A009I4A1	[210, 76, 787, 75, 209, 208, 207, 206, 205]

 ### Operon type: 12

	 A0A009QF22	[212, 211, 210, 0, 209, 208, 207, 206, 205]
	 A0A009TBY8	[212, 211, 210, 75, 209, 208, 207, 206, 205]

 ### Operon type: 13

	 A0A011NEY3	[578, 872, 873, 871, 871, 870, 869, 868, 0]

 ### Operon type: 14

	 A0A011PAN4	[872, 873, 0, 871, 871, 870, 869, 868, 867]

 ### Operon type: 15

	 A0A011RCD5	[578, 872, 873, 871, 871, 870, 869, 868, 867]

 ### Operon type: 16

	 A0A011P4U7	[0, 748, 747, 746, 745, 744, 743, 742, 741]
	 A0A011NAY5	[748, 747, 746, 745, 744, 743, 742, 741, 0]

 ### Operon type: 17

	 A0A011PF67	[860, 859, 858, 857, 856, 0, 0, 0, 0]
	 A0A011NW66	[860, 859, 858, 857, 856, 603, 0, 0, 0]
	 A0A011NBX7	[860, 859, 858, 857, 856, 603, 0, 0, 0]

 ### Operon type: 18

	 A0A011NS68	[860, 859, 858, 857, 856, 590, 589, 676, 753]
	 A0A011RHX4	[860, 859, 858, 857, 856, 590, 589, 676, 0]

 ### Operon type: 19

	 A0A010YT39	[0, 675, 440, 439, 438, 437, 436, 435, 434]

 ### Operon type: 20

	 A0A010Z7T4	[440, 439, 438, 437, 436, 435, 434, 433, 767]

 ### Operon type: 21

	 A0A010K6G6	[320, 319, 318, 317, 316, 315, 314, 0, 313]
	 A0A013SP43	[320, 319, 318, 317, 316, 315, 314, 304, 313]
	 A0A009RUN3	[320, 319, 318, 317, 316, 315, 314, 304, 313]

 ### Operon type: 22

	 A0A011VWR4	[0, 0, 0, 0, 426, 425, 424, 423, 422]

 ### Operon type: 23

	 A0A011VYP6	[426, 425, 424, 423, 422, 0, 421, 793, 0]

 ### Operon type: 24

	 A0A011QAS2	[0, 633, 632, 631, 630, 629, 628, 627, 626]
	 A0A011NEQ1	[0, 633, 632, 631, 630, 629, 628, 627, 626]

 ### Operon type: 25

	 A0A010JSI3	[588, 587, 586, 585, 584, 583, 582, 581, 0]
	 A0A013T0M4	[588, 587, 586, 585, 584, 583, 582, 581, 0]
	 A0A009HDS5	[588, 587, 586, 585, 584, 583, 582, 581, 78]
	 A0A009RGL2	[588, 587, 586, 585, 584, 583, 582, 581, 78]

 ### Operon type: 26

	 A0A009SNL0	[403, 402, 401, 400, 399, 398, 397, 396, 395]

 ### Operon type: 27

	 A0A009T1I8	[401, 400, 399, 398, 397, 396, 395, 0, 0]

 ### Operon type: 28

	 A0A011VUV0	[569, 568, 567, 566, 565, 564, 563, 562, 0]
	 A0A011VW71	[0, 569, 568, 567, 566, 565, 564, 563, 562]

 ### Operon type: 29

	 A0A011UG71	[178, 177, 176, 184, 183, 182, 181, 180, 179]

 ### Operon type: 30

	 A0A011V8Z7	[0, 0, 178, 177, 176, 184, 183, 182, 181]

 ### Operon type: 31

	 A0A011V8Y9	[184, 183, 182, 181, 180, 179, 0, 0, 0]

 ### Operon type: 32

	 A0A011U8C0	[0, 182, 177, 0, 162, 180, 0, 0, 0]

 ### Operon type: 33

	 A0A011Q0X6	[713, 712, 711, 710, 709, 708, 707, 706, 705]
	 A0A011Q1X8	[712, 0, 711, 710, 709, 708, 707, 706, 705]
	 A0A011QSF0	[0, 712, 711, 710, 709, 708, 707, 706, 0]
	 A0A011QBB5	[713, 712, 711, 710, 709, 708, 707, 706, 705]

 ### Operon type: 34

	 A0A011PG87	[713, 712, 711, 710, 709, 708, 707, 0, 0]

 ### Operon type: 35

	 A0A011PCT1	[866, 865, 864, 0, 0, 0, 0, 863, 0]

 ### Operon type: 36

	 A0A011QU35	[0, 0, 0, 0, 816, 0, 866, 865, 864]

 ### Operon type: 37

	 A0A011Q2B1	[738, 737, 816, 736, 864, 700, 699, 698, 863]

 ### Operon type: 38

	 A0A011RLN8	[682, 681, 816, 736, 864, 700, 699, 698, 863]

 ### Operon type: 39

	 A0A011P700	[0, 0, 740, 739, 738, 737, 816, 736, 864]

 ### Operon type: 40

	 A0A011QSI4	[0, 0, 740, 739, 738, 0, 682, 681, 816]

 ### Operon type: 41

	 A0A013T337	[611, 389, 388, 387, 386, 798, 385, 801, 384]
	 A0A013TH30	[611, 389, 388, 387, 386, 798, 385, 801, 384]
	 A0A013S981	[328, 611, 389, 388, 387, 386, 798, 385, 801]

 ### Operon type: 42

	 A0A010JY00	[328, 611, 389, 388, 653, 798, 385, 801, 384]

 ### Operon type: 43

	 A0A013TPV4	[311, 310, 309, 308, 307, 306, 511, 787, 305]
	 A0A009MGJ1	[311, 310, 309, 308, 307, 306, 511, 787, 305]
	 A0A009QQ47	[311, 310, 309, 308, 307, 306, 511, 787, 305]
	 A0A009HR98	[311, 310, 309, 308, 307, 306, 511, 787, 305]
	 A0A010IZE4	[311, 310, 309, 308, 307, 306, 511, 787, 305]
	 A0A009SZB5	[311, 310, 309, 308, 307, 306, 511, 787, 305]
	 A0A009HL81	[311, 310, 309, 308, 307, 306, 511, 787, 305]

 ### Operon type: 44

	 A0A009Z8F7	[310, 309, 306, 0, 307, 241, 241, 0, 258]

 ### Operon type: 45

	 A0A009HFU9	[53, 52, 51, 50, 649, 501, 49, 48, 0]
	 A0A009R016	[53, 52, 51, 50, 649, -1, 501, 49, 48]

 ### Operon type: 46

	 A0A011UJN3	[0, 156, 0, 0, 556, 555, 554, 553, 552]

 ### Operon type: 47

	 A0A011W213	[556, 555, 554, 553, 552, 607, 0, 0, 0]

 ### Operon type: 48

	 A0A011QUG8	[815, 814, 813, 812, 811, 810, 0, 809, 808]
	 A0A011QIT1	[815, 814, 813, 812, 811, 810, 809, 808, 855]

 ### Operon type: 49

	 A0A011PP01	[776, 775, 774, 773, 772, 771, 770, 769, 768]
	 A0A011NVE7	[776, 775, 774, 773, 772, 771, 770, 769, 768]

 ### Operon type: 50

	 A0A011P2I4	[828, 658, 696, 768, 769, 770, 771, 772, 773]
	 A0A011N9N8	[828, 658, 696, 768, 769, 770, 771, 772, 773]

 ### Operon type: 51

	 A0A011PIY7	[697, 0, 696, 768, 769, 770, 771, 0, 773]

 ### Operon type: 52

	 A0A011Q3J4	[0, 697, 696, 768, 769, 770, 771, 772, 0]

 ### Operon type: 53

	 A0A011MH88	[680, 697, 696, 768, 769, 770, 771, 772, 773]

 ### Operon type: 54

	 A0A013SPM5	[382, 381, 639, 638, 637, 380, 379, 378, 635]
	 A0A009QFZ7	[382, 381, 639, 638, 637, 380, 379, 378, 635]
	 A0A010IX62	[382, 381, 639, 638, 637, 380, 379, 378, 635]
	 A0A009HSL1	[382, 381, 639, 638, 637, 380, 379, 378, 635]
	 A0A009MH71	[382, 381, 639, 638, 637, 380, 379, 378, 635]
	 A0A009I6Z0	[382, 381, 639, 638, 637, 380, 379, 378, 635]
	 A0A009TK03	[382, 381, 639, 638, 637, 380, 379, 378, 635]

 ### Operon type: 55

	 A0A009ZIX8	[0, 640, 639, 638, 637, 636, 0, 635, 0]

 ### Operon type: 56

	 A0A010JJN4	[499, 498, 497, 496, 495, 494, 493, 732, 612]
	 A0A009SEP4	[499, 498, 497, 496, 495, 0, 494, 493, 0]
	 A0A009RMI1	[499, 498, 497, 496, 495, 494, 493, 732, 0]
	 A0A013TPR7	[499, 498, 497, 496, 495, 494, 493, 732, 612]
	 A0A009NI48	[499, 498, 497, 496, 495, 494, 493, 732, -1]
	 A0A009PMT3	[499, 498, 497, 496, 495, 494, 493, 732, 612]
	 A0A009HJJ5	[499, 498, 497, 496, 495, 494, 493, 732, 36]
	 A0A009I8I7	[499, 498, 497, 496, 495, 494, 493, 732, 36]
	 A0A009YG45	[0, 499, 498, 497, 495, 0, 494, 493, 732]

 ### Operon type: 57

	 A0A009SZ84	[409, 408, 407, 406, 405, 787, 781, 404, 613]
	 A0A013S8F0	[409, 408, 407, 406, 405, 787, 781, 404, 613]
	 A0A013TPQ9	[409, 408, 407, 406, 405, 787, 781, 404, 613]
	 A0A010IZH1	[-1, 408, 407, 406, 405, 787, 781, 404, 613]
	 A0A009PMU2	[409, 408, 407, -1, 405, 787, 781, 404, 613]
	 A0A009HJM0	[409, 408, 407, 406, 405, 787, 781, 404, 613]

 ### Operon type: 58

	 A0A009HUS9	[408, 407, 0, 406, 405, 57, -1, 56, 55]

 ### Operon type: 59

	 A0A009ISE1	[494, 493, 732, 55, 56, -1, 57, 405, 406]

 ### Operon type: 60

	 A0A009NPS1	[409, 408, 407, 406, 405, -1, 732, 493, 494]

 ### Operon type: 61

	 A0A013SB36	[327, 326, 325, 324, 323, 609, 608, 322, 321]
	 A0A009QSI3	[327, 326, 325, 324, 323, 609, 608, 322, -1]

 ### Operon type: 62

	 A0A010ITP2	[327, 326, 325, 324, 323, 609, 608, 0, 0]

 ### Operon type: 63

	 A0A009SII9	[-1, 326, 325, 324, 323, 609, 608, 247, 246]

 ### Operon type: 64

	 A0A009T0Q9	[323, 609, 608, 247, 246, 321, 680, 787, 66]

 ### Operon type: 65

	 A0A009YJF4	[0, 609, 608, 40, 39, 680, 787, 0, 66]

 ### Operon type: 66

	 A0A009GP96	[0, 63, 787, 433, 312, 47, 501, 62, 61]

 ### Operon type: 67

	 A0A009GSR4	[433, 312, 47, 501, 62, 61, 61, 60, 0]

 ### Operon type: 68

	 A0A009IIT6	[63, 787, 433, 312, 62, 61, 61, 60, 0]

 ### Operon type: 69

	 A0A011SQL0	[752, 150, -1, 149, 162, 148, 465, 147, 146]
	 A0A011UZ49	[150, -1, 149, 162, 148, 465, 147, 146, 0]

 ### Operon type: 70

	 A0A009SIF9	[658, 671, 254, 253, 252, 251, 250, 249, 248]
	 A0A009PT82	[658, 671, 254, 253, 252, 251, 250, 249, 248]

 ### Operon type: 71

	 A0A009IS10	[54, 0, 0, 0, 252, 251, 250, 0, 0]

 ### Operon type: 72

	 A0A009QHW5	[0, 0, 0, 485, 252, 251, 250, 0, 240]

 ### Operon type: 73

	 A0A011UVB4	[0, 0, 0, 289, 0, 0, 54, 0, 562]

 ### Operon type: 74

	 A0A011V107	[267, -1, 266, 265, 264, 263, 262, 261, 0]
	 A0A011U7M7	[0, 267, -1, 266, 265, 264, 263, 262, 261]

 ### Operon type: 75

	 A0A011TLH0	[124, 264, 266, 123, 265, 263, 0, 0, 0]

 ### Operon type: 76

	 A0A011UG87	[223, 224, 225, 124, 264, 266, 123, 265, 263]

 ### Operon type: 77

	 A0A011TLH7	[225, 224, 223, 0, 0, 0, 0, 0, 0]

 ### Operon type: 78

	 A0A011TWN2	[222, 221, 220, 219, 218, 217, 216, 0, 0]
	 A0A011TAF9	[0, 0, 222, 221, 220, 219, 218, 217, 216]

 ### Operon type: 79

	 A0A011Q5V7	[850, 0, 0, 0, 849, 848, 847, 846, 845]

 ### Operon type: 80

	 A0A011RM25	[849, 848, 847, 846, 845, 806, 0, 504, 0]

 ### Operon type: 81

	 A0A011QIE8	[784, 783, 782, 781, 780, 779, 778, 0, 0]
	 A0A011QDV3	[784, 783, 782, 781, 780, 779, 671, 0, 778]

 ### Operon type: 82

	 A0A011PL71	[833, 832, 831, 830, 829, 828, 827, 826, 0]
	 A0A011QAB0	[832, 831, 830, 0, 829, 828, 827, 826, 0]

 ### Operon type: 83

	 A0A011Q6N5	[844, 843, 842, 0, 0, 0, 841, 840, 841]

 ### Operon type: 84

	 A0A011SGD5	[0, 0, 0, 0, 0, 0, 844, 843, 842]

 ### Operon type: 85

	 A0A011NYU6	[669, 668, 0, 667, 766, 561, 560, 0, 666]

 ### Operon type: 86

	 A0A011PYI6	[669, 668, 0, 667, 766, 666, 665, 751, 0]

 ### Operon type: 87

	 A0A011P1C0	[0, 0, 561, 560, 666, 0, 0, 0, 0]

 ### Operon type: 88

	 A0A011PKU5	[839, 838, 837, 836, 837, 835, 834, 0, 0]
	 A0A011N4G4	[0, 0, 839, 838, 837, 836, 837, 835, 834]

 ### Operon type: 89

	 A0A010ZWJ8	[14, 13, 12, 767, 11, 761, 213, 761, 10]

 ### Operon type: 90

	 A0A011AHW1	[11, 767, 12, 13, 14, 0, 0, 15, 0]

 ### Operon type: 91

	 A0A011AHU9	[213, 761, 10, 0, 0, 0, 0, 17, 680]

 ### Operon type: 92

	 A0A010ZX98	[9, 8, 7, 6, 5, 20, 781, 781, 0]

 ### Operon type: 93

	 A0A011AIL7	[5, 6, 7, 8, 9, 0, 0, 0, 0]

 ### Operon type: 94

	 A0A010YF95	[851, 446, 809, 445, 444, 444, 443, 442, 441]

 ### Operon type: 95

	 A0A010ZJQ6	[446, 809, 445, 444, 444, 443, 442, 441, 0]

 ### Operon type: 96

	 A0A009GXL8	[43, 42, 41, 40, 39, 75, 91, 90, 89]

 ### Operon type: 97

	 A0A010JIW7	[43, 42, 41, 40, 39, 0, 0, 91, 90]

 ### Operon type: 98

	 A0A011QNA5	[0, 727, 726, 725, 0, 724, 723, 722, 721]
	 A0A009ZLJ7	[721, 722, 723, 724, 0, 0, 727, 726, 725]

 ### Operon type: 99

	 A0A013T0T6	[724, 723, 722, 721, 476, 475, 391, 474, 390]
	 A0A009RMD0	[724, 723, 722, 721, 476, 364, 391, 474, 390]
	 A0A009QMH5	[724, 723, 722, 721, 476, 475, 391, 474, 390]
	 A0A009HAX1	[724, 723, 722, 721, 476, 475, 391, 474, 390]
	 A0A009PE10	[724, 723, 722, 721, 476, 364, 391, 474, -1]
	 A0A009ISY0	[724, 723, 722, 721, 476, 364, 391, 474, 390]

 ### Operon type: 100

	 A0A010ILW6	[724, 723, 722, 721, 476, 475, 0, 0, 474]

 ### Operon type: 101

	 A0A009Z9X7	[723, 722, 721, 0, 476, 0, 805, 0, 474]

 ### Operon type: 102

	 A0A013S8V2	[331, 330, 0, 0, 0, 329, 0, 0, 0]
	 A0A009R8E1	[0, 559, 0, 331, 330, 0, 0, 329, 0]

 ### Operon type: 103

	 A0A009ZFR5	[657, 656, 655, 654, 653, 652, 651, 650, 801]
	 A0A009ICH6	[657, 656, 655, 654, 653, 652, 651, 650, 801]

 ### Operon type: 104

	 A0A009NQA1	[657, 656, 655, 654, 87, 86, 388, 801, 798]
	 A0A009RR21	[657, 656, 655, 654, 87, 86, 388, 801, 798]

 ### Operon type: 105

	 A0A009HTN9	[657, 656, 655, 654, 87, 86, 59, 615, 58]
	 A0A009T3J5	[657, 656, 655, 654, 87, 86, 59, 615, 58]

 ### Operon type: 106

	 A0A009Q0U9	[657, 656, 655, 654, 87, 86, -1, -1, 0]

 ### Operon type: 107

	 A0A009QEG7	[415, 416, 132, 131, 130, 129, 128, 417, 418]
	 A0A009IPC3	[415, 416, 132, 131, 130, 129, 128, 417, 418]

 ### Operon type: 108

	 A0A009I573	[356, 0, 37, 419, 0, 38, 130, 131, 132]

 ### Operon type: 109

	 A0A009ILP9	[417, 0, 132, 131, 130, 38, 418, 419, 37]

 ### Operon type: 110

	 A0A009I953	[417, 0, 132, 131, 130, 38, 418, 0, -1]

 ### Operon type: 111

	 A0A009SX74	[663, 753, 0, 419, 418, 417, 416, 415, 414]

 ### Operon type: 112

	 A0A009QVK8	[116, 358, 599, 430, 294, 293, 292, 291, 290]
	 A0A010IPH1	[116, 358, 599, 430, 294, 293, 292, 291, 290]
	 A0A009MMG9	[116, 358, 599, 430, 294, 293, 292, 291, 290]
	 A0A009ICP5	[116, 358, 599, 430, 294, 293, 292, 291, 290]

 ### Operon type: 113

	 A0A009SIV4	[298, 297, 296, 295, 294, 293, 292, 291, 290]
	 A0A009QLL2	[298, 297, 296, 295, 294, 293, 292, 291, 290]
	 A0A009HTW0	[298, 297, 296, 295, 294, 293, 292, 291, 290]
	 A0A013TSJ4	[297, 296, 0, 295, 294, 293, 292, 291, 290]

 ### Operon type: 114

	 A0A013TCN9	[482, 350, 349, 348, 347, 346, 345, 787, 781]
	 A0A009QNC9	[482, 350, 349, 348, 347, 346, 345, 787, 781]
	 A0A010ITG1	[482, 350, 349, 348, 347, 346, 345, 787, 781]
	 A0A009NIJ3	[482, 350, 349, 348, 347, 346, 345, 787, 781]
	 A0A013TRC1	[482, 350, 349, 348, 347, 346, 345, 787, 781]

 ### Operon type: 115

	 A0A009H935	[0, 0, 349, 348, 347, 346, 345, 787, 781]

 ### Operon type: 116

	 A0A009SF48	[278, 277, 276, 275, 274, -1, 257, 751, 256]
	 A0A009QEX0	[278, 277, 276, 275, 274, 257, 257, 751, 256]
	 A0A009IMX3	[278, 277, 276, 275, 274, 257, 257, 751, 256]

 ### Operon type: 117

	 A0A013S7V1	[278, 277, 276, 275, 274, 273, 657, 272, 271]
	 A0A010ISX2	[278, 277, 276, 275, 274, 273, 657, 272, 271]
	 A0A009MR00	[278, 277, 276, 275, 274, 273, 657, 272, 271]
	 A0A009RES7	[278, 277, 276, 275, 274, 273, 657, 272, 271]

 ### Operon type: 118

	 A0A009YTT3	[3, 649, 276, 275, 274, 273, 657, 272, 271]

 ### Operon type: 119

	 A0A009GYP9	[0, 0, 0, 275, 274, 273, 657, 272, 271]

 ### Operon type: 120

	 A0A009ZZC8	[-1, 402, 403, 3, 649, 276, 275, 274, 273]

 ### Operon type: 121

	 A0A011WSE5	[543, 542, 541, 540, 539, 538, 530, 529, 528]
	 A0A011UGX8	[544, 543, 542, 541, 540, 539, 538, 530, 529]

 ### Operon type: 122

	 A0A011VZG0	[545, 0, 544, 543, 542, 541, 540, 539, 538]

 ### Operon type: 123

	 A0A009SJZ7	[289, 288, 287, 286, 285, 574, 284, 283, 282]
	 A0A009PJF7	[288, 287, 287, 286, 285, 574, 284, 283, 282]

 ### Operon type: 124

	 A0A009Z5G0	[574, 286, 287, 0, 531, 288, 289, 230]

 ### Operon type: 125

	 A0A010JJC1	[505, 492, 491, 490, 489, 488, 487, 500, 486]
	 A0A010IZ41	[492, 491, 490, 489, 488, 487, 500, 486, 318]

 ### Operon type: 126

	 A0A009QJL6	[505, 492, 491, 490, 0, 486, 318, 35, 0]

 ### Operon type: 127

	 A0A009RQH3	[363, 362, 361, 360, 359, 658, 358, 750, 357]
	 A0A013SGL3	[363, 362, 361, 360, 359, 658, 358, 750, 357]
	 A0A010KAV2	[363, 362, 361, 360, 359, 658, 358, 750, 357]
	 A0A013TB41	[363, -1, 361, 360, 359, 658, 358, 750, 357]
	 A0A009SHB3	[363, 362, 361, 360, 359, 658, 358, 750, 357]
	 A0A009PG53	[363, 362, 361, 360, 359, 658, 358, 750, 357]
	 A0A009NE81	[363, 362, 361, 360, 359, 658, 358, 750, 357]
	 A0A009I5Z6	[363, 362, 361, 360, 359, 658, 358, 750, 357]

 ### Operon type: 128

	 A0A009H3X4	[363, 362, 361, 360, 359, 658, -1, 678, -1]

 ### Operon type: 129

	 A0A009SLR5	[0, 0, 0, 281, 280, 279, 501, 787, 828]
	 A0A009PIB4	[0, 0, 0, 281, 280, 279, 501, 787, 828]

 ### Operon type: 130

	 A0A009HSU4	[0, 0, 822, 787, 0, 658, 750, 828, 501]

 ### Operon type: 131

	 A0A009I463	[512, 46, 45, 457, 457, 434, 232, 231, 85]
	 A0A009PAG1	[512, 46, 45, 457, 457, 434, 232, 231, 85]

 ### Operon type: 132

	 A0A013SKX6	[0, 0, 512, 0, 457, 457, 434, 232, 231]

 ### Operon type: 133

	 A0A011Q5S3	[855, 854, 0, 0, 0, 0, 853, 852, 851]

 ### Operon type: 134

	 A0A011UZZ4	[0, 853, 852, 0, 0, 0, 269, 269, 851]

 ### Operon type: 135

	 A0A011UTJ0	[0, 0, 0, 171, 170, 169, 743, 168, 167]

 ### Operon type: 136

	 A0A011VMV7	[171, 170, 169, 743, 168, 167, 166, 165, 164]

 ### Operon type: 137

	 A0A011NYT4	[735, 734, 733, 732, 0, 610, 610, 609, 608]

 ### Operon type: 138

	 A0A011P8E9	[0, 0, 735, 734, 0, 733, 732, 0, 0]

 ### Operon type: 139

	 A0A010TF34	[0, -1, 0, 0, 27, 26, 25, 33, 24]
	 A0A010SYH9	[27, 26, 25, 33, 24, 0, 0, 0, 0]

 ### Operon type: 140

	 A0A010S7A1	[196, 195, 194, 471, 0, 193, 0, 0, 0]
	 A0A010TFJ4	[0, -1, 0, 196, 195, 194, 471, -1, 193]

 ### Operon type: 141

	 A0A009HJC2	[83, 781, 599, 82, 457, 501, 392, 393, 394]
	 A0A009PAV9	[83, -1, 599, 82, 457, 501, 392, 393, 394]

 ### Operon type: 142

	 A0A009SE02	[0, 394, 0, 0, 0, 393, 392, 501, 457]

 ### Operon type: 143

	 A0A009SYU8	[750, 657, 756, 413, 412, 787, 787, 411, 410]
	 A0A009RSB7	[750, 657, 756, 413, 412, 787, 787, 411, 410]
	 A0A009HS41	[750, 657, 756, 413, 412, 787, 787, 411, 410]

 ### Operon type: 144

	 A0A013SHA9	[750, 657, 756, 413, 235, 787, 787, 411, 410]
	 A0A010IT25	[750, 657, 756, 413, 235, 787, 787, 411, 410]
	 A0A009I466	[750, 657, 756, 413, 235, 787, 787, 411, 410]

 ### Operon type: 145

	 A0A009NMQ9	[750, 657, 756, 413, 235, 0, 787, 787, 411]

 ### Operon type: 146

	 A0A009P8A9	[0, 0, 756, 413, 412, 787, 787, 411, 410]

 ### Operon type: 147

	 A0A009NJ90	[71, 70, 69, 371, 370, 369, 68, 368, 367]
	 A0A009ITT8	[71, 70, 69, 371, 370, 68, 368, 367, 366]

 ### Operon type: 148

	 A0A009NCH6	[140, 368, 367, 366, 139, 138, 137, 80, 72]
	 A0A009IJ01	[368, 367, 366, 77, 139, 138, 137, 80, 72]

 ### Operon type: 149

	 A0A009RQL5	[368, 367, 366, 81, 139, 138, 137, 80, 0]

 ### Operon type: 150

	 A0A009MGQ8	[370, 0, 140, 368, 367, 366, 139, 138, 137]

 ### Operon type: 151

	 A0A009RHH7	[374, 373, 372, 371, 370, 369, 368, 367, 366]
	 A0A009IJ07	[374, 373, 372, 371, 370, 368, 367, 366, 77]
	 A0A009S6G1	[374, 373, 372, 371, 370, 368, 367, 366, 139]

 ### Operon type: 152

	 A0A009HZK2	[372, 371, 370, 368, 367, 366, 77, 139, 138]

 ### Operon type: 153

	 A0A009R4N4	[371, 370, 369, 368, 367, 366, 81, 139, 138]

 ### Operon type: 154

	 A0A009S5A5	[370, 369, 68, 368, 367, 366, 77, 65, 139]

 ### Operon type: 155

	 A0A009RHH9	[0, 0, 0, 0, 365, 374, 373, 372, 371]

 ### Operon type: 156

	 A0A011PGU1	[0, 0, 662, 717, 716, 715, 661, 660, 659]
	 A0A011MDH1	[701, 0, 662, 717, 716, 715, 661, 660, 659]

 ### Operon type: 157

	 A0A011V0P4	[526, 268, 0, 0, 535, 0, 0, 548, 547]

 ### Operon type: 158

	 A0A011WPV7	[548, 547, 0, 0, 0, 0, 0, 0, 0]

 ### Operon type: 159

	 A0A011UDF3	[717, 570, 0, 0, 0, 215, 577, 576, 686]

 ### Operon type: 160

	 A0A011VSC9	[577, 576, 686, 0, 0, 0, 0, 0, 0]

 ### Operon type: 161

	 A0A011SF89	[509, 508, 507, 0, 0, 0, 0, 0, 0]

 ### Operon type: 162

	 A0A011UCX7	[0, 832, 509, 508, 0, 507, 74, 0, 0]

 ### Operon type: 163

	 A0A011RNP9	[0, 0, 0, 0, 0, 563, 827, 0, 0]

 ### Operon type: 164

	 A0A011V0B5	[512, 0, 0, 0, 0, 0, 563, 0, 0]

 ### Operon type: 165

	 A0A011RQC9	[0, 512, 511, 0, 0, 0, 0, 510, 0]

 ### Operon type: 166

	 A0A011QG28	[719, 718, 717, 0, 716, 715, 762, 714, 763]
	 A0A011RIM8	[719, 718, 0, 0, 716, 715, 762, 714, 763]

 ### Operon type: 167

	 A0A011PHI6	[755, 0, 786, 0, 0, 785, 812, 754, 0]

 ### Operon type: 168

	 A0A011QI68	[0, 0, 786, 785, 0, 0, 0, 0, 0]

 ### Operon type: 169

	 A0A011NVJ6	[605, 619, 618, 617, 616, 615, 0, 0, 604]

 ### Operon type: 170

	 A0A011PVP2	[0, 619, 618, 617, 616, 615, 0, 0, 796]

 ### Operon type: 171

	 A0A011NXY7	[0, 0, 618, 0, 616, 0, 0, 0, 0]

 ### Operon type: 172

	 A0A011QR69	[803, 802, 801, 800, 799, 798, 0, 0, 0]
	 A0A011NUB4	[803, 802, 801, 800, 799, 798, 0, 607, 0]

 ### Operon type: 173

	 A0A011NN36	[802, 801, 0, 0, 799, 798, 0, 0, 0]

 ### Operon type: 174

	 A0A011PK69	[801, 824, 0, 0, 799, 798, 0, 0, 0]

 ### Operon type: 175

	 A0A011NYD6	[624, 729, 728, 601, 600, 623, 622, 621, 620]
	 A0A011RMI6	[624, 729, 728, 601, 600, 623, 622, 621, 620]

 ### Operon type: 176

	 A0A011QB28	[625, 624, 729, 0, 0, 623, 622, 621, 620]

 ### Operon type: 177

	 A0A011NF33	[0, 623, 622, 0, 0, 0, 0, 0, 0]

 ### Operon type: 178

	 A0A011NBY4	[596, 0, 0, 595, 0, 0, 594, 0, 0]

 ### Operon type: 179

	 A0A011WRT0	[596, 0, 0, 0, 0, 0, 0, 751, 0]

 ### Operon type: 180

	 A0A011SHV5	[0, 0, 0, 0, 0, 525, 751, 505, 0]

 ### Operon type: 181

	 A0A011NB95	[0, 807, 0, 0, 0, 0, 599, 598, 597]

 ### Operon type: 182

	 A0A011UHT4	[35, 537, 598, 0, 0, 29, 29, 597, 0]

 ### Operon type: 183

	 A0A010Z1W7	[0, 0, 0, 0, 0, 429, 0, 515, 516]

 ### Operon type: 184

	 A0A011VY84	[0, 0, 516, 515, 0, 0, 0, 0, 0]

 ### Operon type: 185

	 A0A010YW85	[0, 0, 0, 0, 0, 141, 0, 515, 516]

 ### Operon type: 186

	 A0A010ZMA0	[515, 614, 0, 0, 0, 0, 0, 0, 0]

 ### Operon type: 187

	 A0A011N5L2	[0, 0, 0, 614, 0, 613, 612, 0, 0]

 ### Operon type: 188

	 A0A009MJ75	[0, 0, 85, 84, 160, 0, 0, 0, 433]

 ### Operon type: 189

	 A0A010IH51	[0, 290, 0, 0, 160, 0, 433, 0, 0]

 ### Operon type: 190

	 A0A011TYT7	[0, 0, 0, 0, 0, 0, 290, 118, 118]

 ### Operon type: 191

	 A0A010RRR9	[0, 0, 0, 0, 792, 0, 0, 472, 433]

 ### Operon type: 192

	 A0A010SIA7	[0, 0, 472, 471, 0, 0, 0, 0, 0]

 ### Operon type: 193

	 A0A010RFQ9	[0, 0, 644, 0, 580, 0, 0, 0, 0]

 ### Operon type: 194

	 A0A010SPR9	[23, 23, 0, 0, 0, 580, 0, 0, 0]

 ### Operon type: 195

	 A0A009LNU8	[462, 464, 465, 466, 0, 31, 0, 501, 0]

 ### Operon type: 196

	 A0A013SRG6	[467, 466, 465, 464, 0, 463, 0, 462, 592]

 ### Operon type: 197

	 A0A009IQU8	[0, 464, 0, 0, 0, 463, 592, 0, 0]

 ### Operon type: 198

	 A0A010K2K8	[465, 466, 467, 0, 0, 0, 0, -1, 501]

 ### Operon type: 199

	 A0A011NPR8	[0, 592, 0, 0, 0, 0, 591, 0, 0]

 ### Operon type: 200

	 A0A010SEA2	[854, 591, 473, 0, 0, 0, 0, 0, 0]

 ### Operon type: 201

	 A0A010IGH8	[0, 0, 0, 0, 0, 0, 0, 226, 411]

 ### Operon type: 202

	 A0A010STD3	[0, 0, 0, 239, 214, 238, 0, 411, 226]

 ### Operon type: 203

	 A0A010SQJ5	[270, 430, 0, 239, 214, 238, 0, 0, 0]

 ### Operon type: 204

	 A0A013RVV2	[482, 0, 228, 227, 0, 0, 411, 226, 0]

 ### Operon type: 205

	 A0A011TD67	[215, 0, 0, 239, 214, 238, 237, 0, 213]

 ### Operon type: 206

	 A0A009ZC12	[0, 0, 0, 239, 0, 238, 237, 236, 684]

 ### Operon type: 207

	 A0A009YSC7	[0, 0, 594, 1, 0, 1, 228, 227, 0]

 ### Operon type: 208

	 A0A009ZJK4	[0, 0, 0, 0, 0, 0, 657, 634, 0]

 ### Operon type: 209

	 A0A010SVN1	[-1, 634, 787, 427, 125, 0, 0, 657, 0]

 ### Operon type: 210

	 A0A009QGN4	[204, 203, 202, 201, 200, 199, 0, 0, 0]
	 A0A009PFK7	[204, 203, 202, 201, 200, 0, 0, 199, 0]

 ### Operon type: 211

	 A0A009YR20	[0, 199, 0, 0, 0, 0, 203, 0, 0]

 ### Operon type: 212

	 A0A009SCM5	[377, 376, 375, 0, 0, 0, 0, 0, 0]

 ### Operon type: 213

	 A0A009TJ77	[414, 79, 0, 0, 0, 0, 377, 376, 375]

 ### Operon type: 214

	 A0A009HZV2	[0, 0, 0, 0, 106, 105, 369, 0, 0]

 ### Operon type: 215

	 A0A009QPE7	[0, 0, 0, 0, 106, 105, 0, 0, 0]

 ### Operon type: 216

	 A0A009MGR3	[0, 0, 111, 0, 383, 65, 50, 110, 109]

 ### Operon type: 217

	 A0A009Q4G0	[0, 112, 111, 0, 383, 0, 110, 109, 110]

 ### Operon type: 218

	 A0A009PB53	[0, 0, 94, 93, 383, 110, 109, 110, 92]

 ### Operon type: 219

	 A0A009PUJ8	[0, 94, 93, 383, 0, 92, 91, 90, 89]

 ### Operon type: 220

	 A0A009QQC0	[104, 0, 103, 787, 233, 233, 134, 404, 427]
	 A0A009H7I0	[104, 0, 0, 787, 233, 233, 134, 404, 427]

 ### Operon type: 221

	 A0A009MVG4	[103, 0, 234, 787, 233, 233, 134, 404, 427]

 ### Operon type: 222

	 A0A009QA91	[136, 135, 750, 787, 233, 233, 134, 404, 427]
	 A0A010J377	[136, 135, 750, 787, 233, 233, 134, 404, 427]

 ### Operon type: 223

	 A0A009S1X4	[136, 135, 750, 787, 233, 233, 787, 0, 98]

 ### Operon type: 224

	 A0A013SHF4	[0, 0, 234, 787, 233, 233, 0, 401, 0]

 ### Operon type: 225

	 A0A011PJK8	[822, 821, 820, 819, 818, 817, 0, 0, 0]
	 A0A011N3C3	[0, 0, 0, 822, 821, 820, 819, 818, 817]

 ### Operon type: 226

	 A0A011WKI4	[0, 0, 0, 0, 0, 823, 551, 550, 549]
	 A0A011UWH1	[823, 551, 550, 549, 0, 0, 0, 0, 0]

 ### Operon type: 227

	 A0A010YKP2	[0, 0, 0, 0, 0, 0, 604, 260, 0]

 ### Operon type: 228

	 A0A011V1A2	[268, 0, 0, 260, 0, 0, 0, 0, 0]

 ### Operon type: 229

	 A0A011NGS0	[0, 0, 0, 0, 674, 758, 0, 0, 0]

 ### Operon type: 230

	 A0A011PW61	[0, 0, 0, 0, 674, 758, 0, 0, 670]

 ### Operon type: 231

	 A0A011UXI1	[0, 672, 0, 0, 674, 758, 127, 0, 0]

 ### Operon type: 232

	 A0A011SWI9	[-1, -1, 0, 755, 674, 758, 127, -1, -1]

 ### Operon type: 233

	 A0A011P952	[758, 0, 757, 0, 0, 757, 0, 0, 0]

 ### Operon type: 234

	 A0A011Q1B3	[704, 754, 703, 702, 703, 796, 701, 0, 0]
	 A0A011QVV5	[0, 0, 704, 754, 703, 702, 703, 796, 701]

 ### Operon type: 235

	 A0A011NSG8	[0, 0, 0, 754, 703, 702, 0, 703, 0]

 ### Operon type: 236

	 A0A011P0X4	[0, 0, 701, 0, 703, 0, 0, 702, 559]

 ### Operon type: 237

	 A0A010YNY9	[0, 0, 243, 242, 0, 0, 0, 0, 431]

 ### Operon type: 238

	 A0A011AC71	[98, 0, 0, 144, 0, 243, 242, 0, 750]

 ### Operon type: 239

	 A0A011QLX0	[0, 731, 0, 0, 730, 0, 729, 728, 0]
	 A0A011PRW6	[731, 0, 0, 0, 730, 729, 728, 0, 0]

 ### Operon type: 240

	 A0A010SML6	[0, 729, 728, -1, 0, 753, 0, 0, 0]

 ### Operon type: 241

	 A0A010RS09	[0, 0, 0, 0, 33, 0, 678, 678, 0]

 ### Operon type: 242

	 A0A010RTE7	[0, 0, 0, 0, 0, 0, 33, 79, 0]

 ### Operon type: 243

	 A0A009P817	[108, 0, 0, 0, 88, 0, 142, 115, 114]

 ### Operon type: 244

	 A0A009TIY0	[0, 0, 0, 0, 88, 0, 142, 115, 0]

 ### Operon type: 245

	 A0A009QKA3	[142, 115, 0, 114, 0, 0, 0, 0, 204]

 ### Operon type: 246

	 A0A009HSR2	[0, 355, 354, 0, 353, 120, 352, 369, 121]

 ### Operon type: 247

	 A0A009SWM1	[0, 355, 354, 0, 353, 0, 0, 352, 0]

 ### Operon type: 248

	 A0A009MYX0	[122, 121, 0, 822, 0, 0, 352, 120, 119]

 ### Operon type: 249

	 A0A009QK79	[0, 0, 119, 120, 0, 352, 0, 0, 121]

 ### Operon type: 250

	 A0A009GXJ1	[96, 95, 120, 352, 44, 369, 121, 122, 0]

 ### Operon type: 251

	 A0A013TKW8	[0, 861, 0, 501, 336, 335, 334, 333, 332]
	 A0A009QT77	[0, 0, -1, 501, 336, 335, 334, 333, 332]
	 A0A010IT95	[0, 0, 0, 501, 336, 335, 334, 333, 332]
	 A0A009PRQ9	[0, 501, 67, 0, 336, 335, 334, 333, 332]
	 A0A009S0T6	[0, 0, 501, 67, 336, 335, 334, 333, 332]
	 A0A009GWD0	[369, 0, 0, 501, 336, 335, 334, 333, 332]
	 A0A009MH36	[0, 0, 0, 501, 336, 335, 334, 333, 332]
	 A0A009I5G9	[0, 0, 501, 67, 336, 335, 334, 333, 332]

 ### Operon type: 252

	 A0A013TMJ7	[781, -1, 0, 501, 336, 333, 332, 0, 0]

 ### Operon type: 253

	 A0A011VXC2	[-1, 524, 0, 764, 523, 522, 521, 520, 519]
	 A0A011V392	[524, 0, 764, 523, 522, 521, 0, 520, 519]

 ### Operon type: 254

	 A0A011V490	[545, 546, 0, 519, 520, 521, 522, 523, 764]

 ### Operon type: 255

	 A0A011VZF5	[0, 0, 523, 522, 521, 832, 546, 832, 0]

 ### Operon type: 256

	 A0A011VU44	[0, 0, 0, 0, 0, 573, 0, 0, 0]
	 A0A011WLE7	[0, 0, 0, 0, 0, 573, 0, 0, 0]

 ### Operon type: 257

	 A0A011VAP2	[0, 0, 174, 0, 0, 0, 0, 0, 534]

 ### Operon type: 258

	 A0A011VRJ8	[0, 0, 0, 0, 0, 0, 174, 0, 0]

 ### Operon type: 259

	 A0A011RNU1	[0, 0, 0, 0, 0, 0, 503, 503, 502]

 ### Operon type: 260

	 A0A011VKJ9	[0, 0, 0, 0, 0, 0, 502, 503, -1]

 ### Operon type: 261

	 A0A011PQZ7	[0, 0, 0, 767, 766, 0, 765, 0, 0]

 ### Operon type: 262

	 A0A011TUX4	[0, 0, 0, 0, 766, 0, 0, 765, 0]

 ### Operon type: 263

	 A0A011STZ9	[0, 0, 0, 765, 0, 0, 0, 0, 0]

 ### Operon type: 264

	 A0A011PUJ9	[0, 0, 0, 0, 0, 0, 0, 0, 797]
	 A0A011PRF5	[797, 0, 0, 0, 0, 0, 0, 0, 0]

 ### Operon type: 265

	 A0A011PFY8	[0, 0, 0, 0, 0, 0, 0, 0, 777]

 ### Operon type: 266

	 A0A011PNS3	[804, 777, 0, 0, 0, 0, 0, 0, 0]

 ### Operon type: 267

	 A0A011T648	[0, 777, 0, 0, 0, 0, 0, 801, 0]

 ### Operon type: 268

	 A0A010YYJ5	[0, 0, 0, 832, 0, 0, 0, 259, 259]

 ### Operon type: 269

	 A0A011NDM5	[832, 0, 0, 0, 0, 0, 0, 0, 0]

 ### Operon type: 270

	 A0A011MSR2	[0, 0, 0, 593, 0, 0, 0, 832, 832]

 ### Operon type: 271

	 A0A011WSU6	[0, 832, 0, 0, 520, 0, 0, 0, 0]

 ### Operon type: 272

	 A0A011AEN3	[0, 0, 0, 0, 0, 0, 762, 0, 0]
	 A0A011U3C2	[0, 0, 762, 0, 0, 0, 0, 0, 0]

 ### Operon type: 273

	 A0A011AAZ2	[0, 558, 0, 0, 0, 762, 762, 762, 0]

 ### Operon type: 274

	 A0A011T698	[0, 0, 0, 0, 0, 750, 762, 0, 0]

 ### Operon type: 275

	 A0A010YRE8	[0, 0, 0, 0, 0, 0, 0, 20, 0]

 ### Operon type: 276

	 A0A011AF05	[0, 0, 98, 20, 0, 0, 0, 0, 0]

 ### Operon type: 277

	 A0A009ZG48	[0, 0, 0, 861, 0, 0, 0, 0, 0]

 ### Operon type: 278

	 A0A011PEJ8	[0, 0, 862, 861, 0, 0, 0, 0, 0]

 ### Operon type: 279

	 A0A011QNJ7	[720, 0, 0, 861, 0, 0, 0, 720, 0]

 ### Operon type: 280

	 A0A011MMJ4	[0, 0, 0, 0, 0, 0, 0, 720, 0]

 ### Operon type: 281

	 A0A011R8M3	[0, 0, 862, 861, 0, 126, 0, 720, 0]

 ### Operon type: 282

	 A0A009ZC82	[0, 0, 752, 0, 0, 0, 0, 0, 0]

 ### Operon type: 283

	 A0A011P3F6	[753, 0, 0, 752, 0, 0, 0, 0, 0]

 ### Operon type: 284

	 A0A009IG48	[0, 0, 0, 351, 64, 0, 0, 0, 753]

 ### Operon type: 285

	 A0A009IMQ0	[0, 0, 0, 351, 64, 0, 0, 0, 0]

 ### Operon type: 286

	 A0A009SWV1	[0, 0, 0, 0, 0, 0, 0, 351, 0]

 ### Operon type: 287

	 A0A009Q512	[0, 0, 0, 0, 107, 0, 0, 0, 0]
	 A0A009PMZ9	[107, 0, 0, 0, 0, 0, 0, 0, 0]

 ### Operon type: 288

	 A0A009IFL2	[0, 432, 0, 34, -1, 0, 0, 0]

 ### Operon type: 289

	 A0A009ZDS1	[-1, -1, 0, 432, 0, 0, 492, 0, 0]

 ### Operon type: 290

	 A0A010SNM6	[159, 158, -1, 0, 0, 0, 781, 0, 0]

 ### Operon type: 291

	 A0A010T5D8	[158, 159, 0, -1, 0, -1, 318, 0, 0]

 ### Operon type: 292

	 A0A011UB51	[514, 0, 0, 0, 0, 0, 0, 0, 0]
	 A0A011UFH1	[0, 0, 0, 0, 0, 514, 0, 0, 0]

 ### Operon type: 293

	 A0A011V965	[0, -1, -1, 0, 175, 0, -1, -1, 0]
	 A0A011VHP2	[0, -1, -1, -1, 175, 0, 0, 0, 0]

 ### Operon type: 294

	 A0A010RVD0	[-1, 0, 0, -1, 0, 706, 706, 0, 32]

 ### Operon type: 295

	 A0A010T7Q5	[0, 32, 0, 0, 0, 0, -1, 0, 0]

 ### Operon type: 296

	 A0A010SJH7	[0, 0, 781, -1, 0, 0, 134, 0, 0]

 ### Operon type: 297

	 A0A010SRR2	[0, 0, -1, 0, 0, 0, 0, 0, 781]

 ### Operon type: 298

	 A0A010RY47	[-1, 0, -1, 0, 0, 0, 0, 0, 0]
	 A0A010TF14	[-1, 0, 0, 0, 0, 0, 0, 0, 0]
	 A0A010RKP8	[0, 0, 0, 0, 0, 0, -1, 0, 0]
	 A0A009HJU6	[0, 0, 0, 0, 0, 0, 0, 0, -1]
	 A0A011UZ32	[0, 0, 0, 0, 0, -1, 0, 0, 0]

 ### Operon type: 299

	 A0A010SJF9	[0, 0, 0, 0, 0, -1, 0, 161, -1]

 ### Operon type: 300

	 A0A011ML54	[0, 0, 0, 679, 0, 0, 0, 0, -1]

 ### Operon type: 301

	 A0A011NHY1	[0, 0, 0, 0, 0, 781, 0, 0, 0]

 ### Operon type: 302

	 A0A010Z171	[0, 0, 0, 0, 0, 0, 781, 0, 822]

 ### Operon type: 303

	 A0A011T697	[781, 0, 0, 0, 0, 0, 0, 0, 142]

 ### Operon type: 304

	 A0A011TDD1	[0, 143, 781, 0, 0, 0, 0, 0, 0]

 ### Operon type: 305

	 A0A011VW24	[0, 0, 806, 0, 0, 0, 0, 0, -1]

 ### Operon type: 306

	 A0A011T8V3	[0, 0, 806, 0, 0, 0, 0, 0, 0]

 ### Operon type: 307

	 A0A010TH98	[670, 0, 0, 806, 0, 0, 0, 0, 0]

 ### Operon type: 308

	 A0A011QVR3	[0, 0, 0, 0, 0, 0, 0, 807, 806]

 ### Operon type: 309

	 A0A011VYF1	[806, 0, 0, 0, 0, 0, 514, 0, 0]

 ### Operon type: 310

	 A0A010S415	[-1, 806, 0, 427, 0, 0, 0, 0, 480]

 ### Operon type: 311

	 A0A011PBM9	[0, 0, 0, 0, 0, 0, 0, 0, 0]
	 A0A011PNN2	[0, 0, 0, 0, 0, 0, 0, 0, 0]
	 A0A011P9Z5	[0, 0, 0, 0, 0, 0, 0, 0, 0]
	 A0A011QMJ8	[0, 0, 0, 0, 0, 0, 0, 0, 0]
	 A0A011QSN2	[0, 0, 0, 0, 0, 0, 0, 0, 0]
	 A0A011Q056	[0, 0, 0, 0, 0, 0, 0, 0, 0]
	 A0A011NTU3	[0, 0, 0, 0, 0, 0, 0, 0, 0]
	 A0A011NAJ1	[0, 0, 0, 0, 0, 0, 0, 0, 0]
	 A0A011N2Z0	[0, 0, 0, 0, 0, 0, 0, 0, 0]
	 A0A011NMI8	[0, 0, 0, 0, 0, 0, 0, 0, 0]
	 A0A010ZTI3	[0, 0, 0, 0, 0, 0, 0, 0, 0]
	 A0A011VYF6	[0, 0, 0, 0, 0, 0, 0, 0, 0]
	 A0A010SHY1	[0, 0, 0, 0, 0, 0, 0, 0, 0]
	 A0A013TEV4	[0, 0, 0, 0, 0, 0, 0, 0, 0]
	 A0A013SBR8	[0, 0, 0, 0, 0, 0, 0, 0, 0]
	 A0A013S2B9	[0, 0, 0, 0, 0, 0, 0, 0, 0]
	 A0A010YJA7	[0, 0, 0, 0, 0, 0, 0, 0, 0]
	 A0A013SL47	[0, 0, 0, 0, 0, 0, 0, 0, 0]
	 A0A011WUT3	[0, 0, 0, 0, 0, 0, 0, 0, 0]
	 A0A011VNE2	[0, 0, 0, 0, 0, 0, 0, 0, 0]
	 A0A009M4K0	[0, 0, 0, 0, 0, 0, 0, 0, 0]
	 A0A011UHL2	[0, 0, 0, 0, 0, 0, 0, 0, 0]
	 A0A009MH90	[0, 0, 0, 0, 0, 0, 0, 0, 0]
	 A0A011UBN9	[0, 0, 0, 0, 0, 0, 0, 0, 0]
	 A0A009PDV4	[0, 0, 0, 0, 0, 0, 0, 0, 0]
	 A0A009HIL8	[0, 0, 0, 0, 0, 0, 0, 0, 0]
	 A0A011UFM5	[0, 0, 0, 0, 0, 0, 0, 0, 0]
	 A0A010SPJ7	[0, 0, 0, 0, 0, 0, 0, 0, 0]
	 A0A010SSQ8	[0, 0, 0, 0, 0, 0, 0, 0, 0]
	 A0A010T025	[0, 0, 0, 0, 0, 0, 0, 0, 0]
	 A0A011A146	[0, 0, 0, 0, 0, 0, 0, 0, 0]
	 A0A010YZS8	[0, 0, 0, 0, 0, 0, 0, 0, 0]
	 A0A010Z120	[0, 0, 0, 0, 0, 0, 0, 0, 0]

 ### Operon type: 312

	 A0A010TG27	[823, 0, 28, 0, 0, 0, 787, 0, 0]

 ### Operon type: 313

	 A0A011PMK1	[0, 0, 0, 0, 0, 0, 0, 823, 0]

 ### Operon type: 314

	 A0A009HM15	[0, 137, 80, 0, 0, 0, -1, 0, 0]

 ### Operon type: 315

	 A0A009HRU1	[0, 120, 0, 0, 0, 0, 0, 0, 0]

 ### Operon type: 316

	 A0A009HSN8	[0, 112, 0, 0, 0, -1, 0, 92, -1]

 ### Operon type: 317

	 A0A009HV82	[91, 0, 0, 0, 0, 0, 0, 0, 0]

 ### Operon type: 318

	 A0A009IG74	[0, 0, 84, 0, 457, -1, 0, 0, 0]

 ### Operon type: 319

	 A0A009IJ90	[0, 414, 0, 0, 0, 0, 0, 0, 0]

 ### Operon type: 320

	 A0A009NM94	[0, 518, 518, 0, 0, 0, 143, 0, 0]

 ### Operon type: 321

	 A0A009Q4N5	[0, 0, 108, 0, 0, 0, 0, 0, 0]

 ### Operon type: 322

	 A0A009SSZ9	[0, 356, 0, 0, 0, 0, 0, 0, 0]

 ### Operon type: 323

	 A0A009YIH1	[0, 0, 0, 0, 139, 0, -1, -1, 2]

 ### Operon type: 324

	 A0A009YR05	[0, 0, 0, 0, 170, 0, 0, 0, 0]

 ### Operon type: 325

	 A0A009Z004	[155, 0, 155, 0, 0, 822, 0, 0, 0]

 ### Operon type: 326

	 A0A010RUQ5	[0, 0, 0, 0, 0, 0, 0, 0, 163]

 ### Operon type: 327

	 A0A010S195	[752, 0, 429, 428, 0, 0, 0, 0, 0]

 ### Operon type: 328

	 A0A010SCZ2	[0, 0, 0, 0, 0, 0, 0, 533, 0]

 ### Operon type: 329

	 A0A010SN41	[0, 0, 0, 0, 468, 0, 0, 0, 0]

 ### Operon type: 330

	 A0A010SSU2	[0, 0, 0, 0, 44, 0, -1, 759, 0]

 ### Operon type: 331

	 A0A010SUP6	[0, 0, 0, 0, 0, 0, 0, 428, 0]

 ### Operon type: 332

	 A0A010SUY9	[0, 0, 0, 0, 0, 126, 862, 0]

 ### Operon type: 333

	 A0A010THK2	[0, 0, -1, 0, 0, 678, 822, 0, 0]

 ### Operon type: 334

	 A0A010SRL4	[28, 0, 0, -1, 0, 0, 0, 822, 73]

 ### Operon type: 335

	 A0A010YX61	[361, 762, 0, 806, 0, 0, 0, 0, 0]

 ### Operon type: 336

	 A0A010S5W8	[0, 0, 593, 796, 0, 0, 0, 0, 0]

 ### Operon type: 337

	 A0A011NE37	[579, 0, 0, 0, 0, 0, 0, 0, 0]

 ### Operon type: 338

	 A0A011NF78	[0, 0, 683, 0, 0, 0, 0, 0, 0]

 ### Operon type: 339

	 A0A011NVE2	[0, 0, 0, 801, 0, 0, 781, 0, 606]

 ### Operon type: 340

	 A0A011NXJ4	[0, 0, 0, 0, 0, 0, 0, 0, 602]

 ### Operon type: 341

	 A0A011P8I1	[0, 0, 763, 762, 0, 0, 0, 0, 761]

 ### Operon type: 342

	 A0A011P9Q7	[756, 0, 0, 0, 0, 0, 0, 0, 0]

 ### Operon type: 343

	 A0A011PJ75	[0, 801, 687, 801, 0, 0, 0, 0, 0]

 ### Operon type: 344

	 A0A011PRB4	[0, 0, 0, 0, 0, 0, 0, 764, 0]

 ### Operon type: 345

	 A0A011QVT2	[805, 0, 0, 0, 0, 0, 0, 804, 0]

 ### Operon type: 346

	 A0A011RP14	[0, 0, 0, 0, 0, 0, 0, 513, 0]

 ### Operon type: 347

	 A0A011SM49	[781, 0, 513, 0, 0, 0, 151, 0, 0]

 ### Operon type: 348

	 A0A011AM27	[765, 0, 0, 0, 495, 0, 0, 0, 470]

 ### Operon type: 349

	 A0A011T607	[0, 0, 796, 0, 0, 0, 0, 0, 143]

 ### Operon type: 350

	 A0A011TAW2	[0, 0, 0, 0, 0, 0, 461, 0, 0]

 ### Operon type: 351

	 A0A011TED9	[0, 0, 0, 0, 0, 221, 0, 0, 0]

 ### Operon type: 352

	 A0A011TXS5	[0, 145, 0, 0, 0, 0, 0, 0, 0]

 ### Operon type: 353

	 A0A011U144	[0, 163, 0, 0, 0, 0, 602, 637, 0]

 ### Operon type: 354

	 A0A011U1C8	[750, 0, 0, 0, 0, 0, 0, 0, 244]

 ### Operon type: 355

	 A0A011U483	[0, 0, 0, 0, 0, 749, 0, 0, 0]

 ### Operon type: 356

	 A0A011UG86	[0, 754, 0, 0, 0, 161, 0, 0, 0]

 ### Operon type: 357

	 A0A011UQB5	[506, 595, 0, 0, 0, 0, 0, 514, 0]

 ### Operon type: 358

	 A0A011UVI5	[0, 0, 0, 0, 0, 431, 801, 801, 0]

 ### Operon type: 359

	 A0A011UWI3	[0, 0, 0, 0, 280, 0, 197, 752, 0]

 ### Operon type: 360

	 A0A011V5E6	[0, 0, 0, 0, 0, 528, 0, 0, 0]

 ### Operon type: 361

	 A0A011M4H6	[534, 0, 469, 0, 0, 0, 0, 0, 0]

 ### Operon type: 362

	 A0A011VSV3	[0, 0, 0, 0, 0, 0, 717, 0, 0]

 ### Operon type: 363

	 A0A011VWI0	[0, 0, 0, 0, 0, 537, 0, 0, 0]

 ### Operon type: 364

	 A0A011VZ91	[549, 0, 0, 0, 0, 0, 0, 0, 0]

 ### Operon type: 365

	 A0A011WP76	[0, 0, 0, 0, 0, 0, 0, 0, 809]

 ### Operon type: 366

	 A0A011WSD4	[0, 0, 0, -1, 0, 832, 0, 0, 546]

 ### Operon type: 367

	 A0A011WT35	[546, 0, 0, 0, 0, 0, 0, 0, 0]

 ### Operon type: 368

	 A0A013S843	[0, 404, 0, 0, 0, 0, -1, 270, 0]

 ### Operon type: 369

	 A0A013T5E6	[0, 0, 0, 383, 0, 0, 0, 0, 0]

 ### Operon type: 370

	 A0A009T185	[802, 0, 687, 687, 157, 801, 687, 156, 615]

 ### Operon type: 371

	 A0A010IN36	[113, 781, 0, 0, 157, 801, 687, 156, 615]

 ### Operon type: 372

	 A0A009PG43	[801, 687, 342, 804, 0, 156, 615, 0, 0]

 ### Operon type: 373

	 A0A009INE0	[113, 0, 0, 0, 0, 0, 0, 687, 156]

 ### Operon type: 374

	 A0A009T9H0	[0, 2, 753, -1, 0, 0, 352, 0, 120]

 ### Operon type: 375

	 A0A010THH5	[0, 473, 432, 431, 0, 0, 505, 0, 492]

 ### Operon type: 376

	 A0A011WSH8	[0, 0, 0, 787, 527, 0, 0, 0, 0]
	 A0A011VZE3	[0, 0, 0, 787, 527, 0, 0, 0, 0]

 ### Operon type: 377

	 A0A011NAF3	[0, 0, 0, 0, 0, 0, 787, 0, 771]

 ### Operon type: 378

	 A0A009IQ93	[74, 0, 787, 0, 0, 73, 0, 0, 0]

 ### Operon type: 379

	 A0A009Q8S9	[0, 0, 753, 453, 0, 117, 0, 0, 0]

 ### Operon type: 380

	 A0A009TLU4	[0, 145, -1, 31, 0, 22, 0, -1, -1]

 ### Operon type: 381

	 A0A009ZB47	[240, 248, 0, 0, 0, 832, 490, 0, 0]

 ### Operon type: 382

	 A0A009ZVR4	[511, 0, 762, 0, 0, 259, 0, 0, 258]

 ### Operon type: 383

	 A0A010JIN9	[490, 0, 0, 79, 418, 0, 0, 0, 0]

 ### Operon type: 384

	 A0A010S003	[660, 0, 0, 0, 0, 754, 754, 430, 0]

 ### Operon type: 385

	 A0A010SMN8	[0, -1, 243, 0, 580, 0, 0, 664, 0]

 ### Operon type: 386

	 A0A010SXS1	[0, 342, 0, 0, 0, 554, 0, 0, 804]

 ### Operon type: 387

	 A0A010T689	[470, -1, 505, 563, 0, 0, 0, 0, 0]

 ### Operon type: 388

	 A0A010TBB4	[0, 642, 0, 161, 0, 0, 0, 0, 750]

 ### Operon type: 389

	 A0A010YFK3	[0, 846, 0, 0, 0, 0, 571, 0, 244]

 ### Operon type: 390

	 A0A010YVY1	[19, 0, 19, 0, 0, 0, 0, 430, 0]

 ### Operon type: 391

	 A0A010ZSZ2	[0, 558, 0, 636, 557, 0, 0, 0, 0]

 ### Operon type: 392

	 A0A010Z0Y7	[0, 0, 0, 0, 557, 427, 0, 0, 0]

 ### Operon type: 393

	 A0A011A0M8	[0, 0, 822, 0, 34, 0, 0, 4, 4]

 ### Operon type: 394

	 A0A011NFL4	[0, 677, 0, 0, 676, 823, 0, 675, 0]

 ### Operon type: 395

	 A0A011P407	[0, 0, 760, 751, 0, 0, 750, 0, 749]

 ### Operon type: 396

	 A0A011QGT2	[787, 0, 0, 819, 818, 0, 0, 0, 0]

 ### Operon type: 397

	 A0A011QSA4	[686, 0, 685, 684, 0, 0, 0, 0, 683]

 ### Operon type: 398

	 A0A011T6J6	[0, 850, 0, 762, 0, 0, 198, 0, 141]

 ### Operon type: 399

	 A0A011TAL2	[0, 796, 0, 0, 0, 144, 0, 604, 0]

 ### Operon type: 400

	 A0A011TZG0	[822, 840, 0, 0, 0, 0, 0, 337, 0]

 ### Operon type: 401

	 A0A011UGY3	[530, 529, 528, 30, 0, 0, 0, 30, 0]

 ### Operon type: 402

	 A0A011UII7	[0, 0, 0, 0, 0, 606, 442, 0, 0]

 ### Operon type: 403

	 A0A011UNT9	[117, 153, 0, 0, 0, 0, 0, 0, 0]

 ### Operon type: 404

	 A0A011SIS0	[0, 628, 154, 154, 0, 0, 0, 153, 0]

 ### Operon type: 405

	 A0A011UT49	[0, 558, 0, 0, 0, 0, 342, 172, 0]

 ### Operon type: 406

	 A0A011VU65	[572, 0, 0, 0, 0, 571, 0, 717, 570]

 ### Operon type: 407

	 A0A011VV03	[0, 536, 0, 0, 535, 534, 0, 0, 0]

 ### Operon type: 408

	 A0A011VVZ9	[0, 0, -1, 0, 0, 533, 532, 532, 531]

 ### Operon type: 409

	 A0A011VWX7	[804, 526, 0, 0, 0, 0, 0, 525, 0]

 ### Operon type: 410

	 A0A011VXK7	[518, 518, 0, 517, 0, 0, 0, 852, 0]

 ### Operon type: 411

	 A0A011W0I6	[420, 0, 0, 0, 0, 834, 0, 679, 0]

 ### Operon type: 412

	 A0A010YEF6	[0, 420, 0, 0, 0, 0, 0, 0, 245]

 ### Operon type: 413

	 A0A013SQH1	[0, 0, 0, 0, 468, 673, 0, 501, 599]

 ### Operon type: 414

	 A0A009QJA8	[90, 89, 0, 0, 0, 0, 0, 0, 588]

 ### Operon type: 415

	 A0A009YL68	[0, 0, 750, 363, 359, 0, 0, 236, 0]

 ### Operon type: 416

	 A0A010JNG7	[501, 0, 0, 500, 0, 0, 0, 0, 0]

 ### Operon type: 417

	 A0A010RM40	[389, 787, 665, 0, 0, 0, 0, -1, 735]

 ### Operon type: 418

	 A0A010RRQ6	[0, 469, 0, 0, 0, 580, 647, 439, 0]

 ### Operon type: 419

	 A0A010S423	[198, 0, 0, 0, 0, 0, 0, 197, 510]

 ### Operon type: 420

	 A0A010T0I7	[0, 0, 245, 0, 0, 763, 685, 787, 0]

 ### Operon type: 421

	 A0A010ZUR7	[536, 16, 0, 16, 0, 15, 430, 0, 0]

 ### Operon type: 422

	 A0A011NA78	[0, 611, 0, 0, 0, 706, 0, 0, 735]

 ### Operon type: 423

	 A0A011P8W7	[825, 760, 804, 0, 759, 0, 0, 0, 0]

 ### Operon type: 424

	 A0A011PG97	[664, 0, 0, 663, 0, 0, 0, 0, 0]

 ### Operon type: 425

	 A0A011PKT4	[0, 673, 0, 0, 0, 0, 672, 0, 0]

 ### Operon type: 426

	 A0A011PLB2	[0, 825, 0, 824, 0, 0, 0, 0, 0]

 ### Operon type: 427

	 A0A011R339	[0, 0, 0, 0, 0, 0, 96, 95, 0]

 ### Operon type: 428

	 A0A011SFE5	[0, 0, 0, 518, 0, 0, 677, 751, 506]

 ### Operon type: 429

	 A0A011SJT5	[0, 0, 0, 531, 152, 152, 152, 152, 152]

 ### Operon type: 430

	 A0A011TDQ5	[0, 0, 0, 0, 125, 836, 0, 0, 0]

 ### Operon type: 431

	 A0A011VT01	[0, 0, 575, 0, 0, 575, 0, 0, 574]

 ### Operon type: 432

	 A0A009Z3V9	[787, 0, 0, 0, 0, 296, 820, 297, 298]

 ### Operon type: 433

	 A0A010SRB2	[22, 21, 0, 0, 0, 21, 159, 0, 0]

 ### Operon type: 434

	 A0A010KA25	[490, 0, 505, 413, 312, 0, 0, 490, 408]

 ### Operon type: 435

	 A0A011TZN1	[166, 165, 164, 0, 365, 0, 0, 0, 0]

 ### Operon type: 436

	 A0A011VJ76	[173, 173, 172, 675, 0, 787, 822, 0, 760]

 ### Operon type: 437

	 A0A011UG17	[282, 0, 421, 0, 542, 572, 0, 0, 0]

 ### Operon type: 438

	 A0A011WUA8	[625, 0, 0, 230, 0, 0, 0, 229, 229]

 ### Operon type: 439

	 A0A010S4X6	[0, 427, 665, 754, 316, 0, 605, 833, 678]

 ### Operon type: 440

	 A0A010YY02	[0, 18, 0, 0, 18, 667, 640, 0, 17]
