
 ### Operon type: 1

	 A0A011PVT3	[656, 509, 508, 507, 610, 506, 505, 504, 503]
	 A0A011R7V7	[656, 509, 508, 507, 610, 506, 505, 504, 503]
	 A0A011MET3	[656, 509, 508, 507, 610, 506, 505, 504, 503]

 ### Operon type: 2

	 A0A011UIA1	[212, 211, 210, 209, 208, 207, 206, 205, 0]
	 A0A011V5V3	[0, 212, 211, 210, 209, 208, 207, 206, 205]

 ### Operon type: 3

	 A0A011PTE7	[518, 517, 516, 515, 514, 0, 513, 512, 511]
	 A0A011NE72	[518, 517, 516, 515, 514, 513, 512, 511, 0]

 ### Operon type: 4

	 A0A011NEY3	[302, 587, 586, 585, 585, 584, 583, 582, 0]

 ### Operon type: 5

	 A0A011PAN4	[587, 586, 0, 585, 585, 584, 583, 582, 581]

 ### Operon type: 6

	 A0A011RCD5	[302, 587, 586, 585, 585, 584, 583, 582, 581]

 ### Operon type: 7

	 A0A010JSI3	[628, 627, 626, 625, 624, 623, 622, 621, 0]
	 A0A009RGL2	[0, 627, 626, 625, 624, 623, 622, 621, 0]
	 A0A013T0M4	[628, 627, 626, 625, 624, 623, 622, 621, 0]
	 A0A009HDS5	[628, 627, 626, 625, 624, 623, 622, 621, 0]

 ### Operon type: 8

	 A0A011PF67	[578, 577, 576, 575, 574, 0, 0, 0, 0]
	 A0A011NBX7	[578, 577, 576, 575, 574, 483, 0, 0, 0]
	 A0A011NW66	[578, 577, 576, 575, 574, 483, 0, 0, 0]

 ### Operon type: 9

	 A0A011NS68	[578, 577, 576, 575, 574, 543, 542, 550, 603]
	 A0A011RHX4	[578, 577, 576, 575, 574, 543, 542, 550, 0]

 ### Operon type: 10

	 A0A010JY00	[369, 487, 617, 457, 281, 692, 454, 695, 474]

 ### Operon type: 11

	 A0A013TH30	[487, 617, 457, 456, 455, 692, 454, 695, 474]

 ### Operon type: 12

	 A0A011QAS2	[0, 676, 675, 674, 673, 672, 671, 670, 669]
	 A0A011NEQ1	[0, 676, 675, 674, 673, 672, 671, 670, 669]

 ### Operon type: 13

	 A0A011QSF0	[0, 720, 719, 718, 717, 716, 715, 714, 0]
	 A0A011QBB5	[572, 720, 719, 718, 717, 716, 715, 714, 534]
	 A0A011Q0X6	[572, 720, 719, 718, 717, 716, 715, 714, 534]
	 A0A011Q1X8	[720, 0, 719, 718, 717, 716, 715, 714, 534]

 ### Operon type: 14

	 A0A011PG87	[572, 720, 719, 718, 717, 716, 715, 0, 0]

 ### Operon type: 15

	 A0A013SP43	[353, 352, 384, 351, 350, 349, 348, 347, 346]
	 A0A010K6G6	[353, 352, 384, 351, 350, 349, 348, 0, 346]
	 A0A009RUN3	[353, 352, 384, 351, 350, 349, 348, 347, 346]

 ### Operon type: 16

	 A0A009HR98	[0, 0, 56, 55, 54, 0, 0, 0, 52]
	 A0A009SZB5	[0, 0, 56, 55, 54, 0, 0, 0, 52]

 ### Operon type: 17

	 A0A009Z8F7	[51, 56, 53, 0, 54, 4, 4, 0, 0]

 ### Operon type: 18

	 A0A011QUG8	[709, 708, 707, 706, 705, 704, 0, 703, 702]
	 A0A011QIT1	[709, 708, 707, 706, 705, 704, 703, 702, 691]

 ### Operon type: 19

	 A0A011QAB0	[683, 682, 681, 0, 680, 679, 678, 677, 0]
	 A0A011PL71	[316, 683, 682, 681, 680, 679, 678, 677, 0]

 ### Operon type: 20

	 A0A011PIY7	[559, 0, 561, 558, 557, 556, 555, 0, 553]

 ### Operon type: 21

	 A0A011Q3J4	[0, 559, 561, 558, 557, 556, 555, 554, 0]

 ### Operon type: 22

	 A0A011MH88	[560, 559, 561, 558, 557, 556, 555, 554, 553]

 ### Operon type: 23

	 A0A009QBR9	[0, 0, 416, 464, 415, 0, 0, 411, 190]
	 A0A009TM70	[0, 417, 416, 464, 415, 0, 0, 411, 190]

 ### Operon type: 24

	 A0A010ILU3	[418, 417, 416, 0, 415, 414, 413, 412, 411]
	 A0A009MW50	[0, 417, 416, 464, 415, 414, 0, 412, 411]
	 A0A009QS71	[418, 417, 416, 464, 415, 414, 0, 412, 411]
	 A0A009H3B0	[0, 417, 416, 0, 415, 414, 413, 412, 411]

 ### Operon type: 25

	 A0A009I8S2	[0, 0, 416, 464, 415, 414, 412, 411, 190]

 ### Operon type: 26

	 A0A009ICH6	[395, 113, 112, 82, 281, 46, 45, 44, 695]
	 A0A009ZFR5	[395, 113, 112, 82, 281, 46, 45, 44, 695]

 ### Operon type: 27

	 A0A009GP96	[0, 93, 616, 608, 277, 92, 448, 91, 90]

 ### Operon type: 28

	 A0A009GSR4	[608, 277, 92, 448, 91, 90, 90, 89, 0]

 ### Operon type: 29

	 A0A009IIT6	[93, 616, 608, 277, 91, 90, 90, 89, 0]

 ### Operon type: 30

	 A0A009IS10	[148, 0, 0, 0, 147, 146, 145, 0, 0]

 ### Operon type: 31

	 A0A009QHW5	[0, 0, 0, 418, 147, 146, 145, 0, 115]

 ### Operon type: 32

	 A0A011UVB4	[0, 0, 0, 70, 0, 0, 148, 0, 59]

 ### Operon type: 33

	 A0A011TLH7	[313, 312, 311, 0, 0, 0, 0, 0, 0]
	 A0A011UG87	[311, 312, 313, 0, 0, 0, 0, 0, 0]

 ### Operon type: 34

	 A0A011QDV3	[541, 540, 539, 546, 538, 537, 536, 0, 535]
	 A0A011QIE8	[541, 540, 539, 546, 538, 537, 535, 0, 0]

 ### Operon type: 35

	 A0A011NYU6	[532, 531, 0, 530, 529, 16, 15, 0, 528]

 ### Operon type: 36

	 A0A011PYI6	[532, 531, 0, 530, 529, 528, 615, 632, 0]

 ### Operon type: 37

	 A0A011P1C0	[0, 0, 16, 15, 528, 0, 0, 0, 0]

 ### Operon type: 38

	 A0A011PP01	[527, 526, 525, 0, 0, 0, 0, 0, 0]
	 A0A011NVE7	[527, 526, 525, 0, 0, 0, 0, 0, 0]

 ### Operon type: 39

	 A0A013TH43	[453, 0, 0, 0, 452, 451, 450, 0, 449]
	 A0A009RAF0	[453, 0, 0, 0, 452, 451, 450, 0, 449]

 ### Operon type: 40

	 A0A013S8V2	[372, 371, 0, 0, 0, 370, 0, 0, 0]
	 A0A009R8E1	[0, 47, 0, 372, 371, 0, 0, 370, 0]

 ### Operon type: 41

	 A0A009QFZ7	[472, 471, 0, 0, 468, 0, 466, 465, 0]
	 A0A009TK03	[472, 471, 0, 0, 468, 0, 466, 465, 0]

 ### Operon type: 42

	 A0A013SPM5	[472, 471, 470, 469, 468, 467, 466, 465, 0]
	 A0A010IX62	[472, 471, 470, 469, 468, 0, 466, 465, 0]
	 A0A009MH71	[472, 471, 0, 469, 468, 467, 466, 465, 0]
	 A0A009HSL1	[472, 471, 470, 469, 468, 0, 466, 465, 0]

 ### Operon type: 43

	 A0A009I6Z0	[472, 471, 0, 469, 468, 0, 466, 465, 109]

 ### Operon type: 44

	 A0A009ZIX8	[0, 5, 470, 469, 468, 14, 0, 109, 0]

 ### Operon type: 45

	 A0A009I573	[69, 0, 125, 126, 0, 127, 187, 128, 129]

 ### Operon type: 46

	 A0A009ILP9	[130, 0, 129, 128, 187, 127, 184, 126, 125]

 ### Operon type: 47

	 A0A009I953	[130, 0, 129, 128, 187, 127, 184, 0, -1]

 ### Operon type: 48

	 A0A009QEG7	[189, 188, 0, 0, 187, 186, 185, 0, 184]
	 A0A009IPC3	[189, 188, 0, 0, 187, 186, 185, 0, 184]

 ### Operon type: 49

	 A0A009SX74	[570, 603, 0, 126, 184, 130, 188, 189, 0]

 ### Operon type: 50

	 A0A010JWJ1	[0, 286, 616, 0, 285, 284, 283, 282, 0]
	 A0A009I4A1	[0, 286, 616, 0, 285, 284, 283, 282, 0]

 ### Operon type: 51

	 A0A009QF22	[119, 118, 117, 0, 285, 284, 283, 282, 116]
	 A0A009TBY8	[119, 118, 117, 83, 285, 284, 283, 282, 116]

 ### Operon type: 52

	 A0A009ITT8	[163, 162, 161, 288, 287, 159, 158, 157, 144]

 ### Operon type: 53

	 A0A009NJ90	[163, 162, 161, 288, 0, 160, 159, 158, 157]

 ### Operon type: 54

	 A0A009HZK2	[289, 288, 287, 0, 0, 0, 0, 0, 0]

 ### Operon type: 55

	 A0A009IJ07	[291, 290, 289, 288, 287, 0, 0, 0, 0]

 ### Operon type: 56

	 A0A009S6G1	[291, 290, 289, 288, 287, 158, 157, 144, 141]

 ### Operon type: 57

	 A0A009S5A5	[287, 160, 159, 158, 157, 144, 80, 79, 141]

 ### Operon type: 58

	 A0A013TCN9	[464, 463, 462, 461, 460, 459, 458, 616, 546]
	 A0A009QNC9	[464, 463, 462, 461, 460, 459, 458, 616, 546]
	 A0A009NIJ3	[464, 463, 462, 461, 460, 459, 458, 616, 546]
	 A0A010ITG1	[464, 463, 462, 461, 460, 459, 458, 616, 546]
	 A0A013TRC1	[464, 463, 462, 461, 460, 459, 458, 616, 546]

 ### Operon type: 59

	 A0A009H935	[0, 0, 462, 461, 460, 459, 458, 616, 546]

 ### Operon type: 60

	 A0A009PJF7	[253, 252, 252, 251, 250, 249, 248, 247, 246]
	 A0A009SJZ7	[70, 253, 252, 251, 250, 249, 248, 247, 246]

 ### Operon type: 61

	 A0A009Z5G0	[249, 251, 252, 0, 299, 253, 70, 344]

 ### Operon type: 62

	 A0A010JJC1	[629, 425, 424, 423, 422, 421, 420, 430, 419]
	 A0A010IZ41	[425, 424, 423, 422, 421, 420, 430, 419, 384]

 ### Operon type: 63

	 A0A009QJL6	[629, 425, 424, 423, 0, 419, 384, 114, 0]

 ### Operon type: 64

	 A0A011P2I4	[679, 562, 561, 0, 0, 0, 0, 0, 0]
	 A0A011N9N8	[679, 562, 561, 0, 0, 0, 0, 0, 0]

 ### Operon type: 65

	 A0A009PIB4	[0, 0, 0, 181, 180, 179, 448, 616, 679]
	 A0A009SLR5	[0, 0, 0, 181, 180, 179, 448, 616, 679]

 ### Operon type: 66

	 A0A009HSU4	[0, 0, 315, 616, 0, 562, 600, 679, 448]

 ### Operon type: 67

	 A0A011SF89	[637, 636, 635, 0, 0, 0, 0, 0, 0]

 ### Operon type: 68

	 A0A011UCX7	[0, 683, 637, 636, 0, 635, 166, 0, 0]

 ### Operon type: 69

	 A0A011NYT4	[614, 598, 597, 596, 0, 435, 435, 434, 433]

 ### Operon type: 70

	 A0A011P8E9	[0, 0, 614, 598, 0, 597, 596, 0, 0]

 ### Operon type: 71

	 A0A010TF34	[0, -1, 0, 0, 33, 32, 31, 30, 29]
	 A0A010SYH9	[33, 32, 31, 30, 29, 0, 0, 0, 0]

 ### Operon type: 72

	 A0A010S7A1	[138, 137, 136, 135, 0, 134, 0, 0, 0]
	 A0A010TFJ4	[0, -1, 0, 138, 137, 136, 135, -1, 134]

 ### Operon type: 73

	 A0A009ICP5	[245, 356, 486, 244, 243, 0, 0, 241, 0]

 ### Operon type: 74

	 A0A009MMG9	[245, 356, 486, 244, 243, 0, 242, 241, 295]

 ### Operon type: 75

	 A0A009HTW0	[0, 75, 74, 0, 243, 0, 0, 241, 0]
	 A0A009QLL2	[0, 75, 74, 0, 243, 0, 0, 241, 0]

 ### Operon type: 76

	 A0A009SIV4	[73, 75, 74, 72, 243, 71, 0, 241, 295]

 ### Operon type: 77

	 A0A013TSJ4	[75, 74, 0, 72, 243, 0, 0, 241, 295]

 ### Operon type: 78

	 A0A009Z3V9	[616, 0, 0, 0, 0, 74, 314, 75, 73]

 ### Operon type: 79

	 A0A009T0Q9	[0, 0, 0, 0, 50, 362, 560, 616, 49]

 ### Operon type: 80

	 A0A009YJF4	[0, 434, 433, 26, 84, 560, 616, 0, 49]

 ### Operon type: 81

	 A0A009PAV9	[271, -1, 486, 270, 385, 448, 269, 268, 267]
	 A0A009HJC2	[271, 546, 486, 270, 385, 448, 269, 268, 267]

 ### Operon type: 82

	 A0A009SE02	[0, 267, 0, 0, 0, 268, 269, 448, 385]

 ### Operon type: 83

	 A0A011QNA5	[0, 500, 499, 498, 0, 497, 496, 495, 494]
	 A0A009ZLJ7	[494, 495, 496, 497, 0, 0, 500, 499, 498]

 ### Operon type: 84

	 A0A013T0T6	[497, 496, 495, 494, 479, 478, 477, 476, 475]
	 A0A009QMH5	[497, 496, 495, 494, 479, 478, 477, 476, 475]
	 A0A009HAX1	[497, 496, 495, 494, 479, 478, 477, 476, 475]

 ### Operon type: 85

	 A0A010ILW6	[497, 496, 495, 494, 479, 478, 0, 0, 476]

 ### Operon type: 86

	 A0A009Z9X7	[496, 495, 494, 0, 479, 0, 699, 0, 476]

 ### Operon type: 87

	 A0A009PE10	[0, 0, 0, 494, 479, 262, 477, 476, -1]

 ### Operon type: 88

	 A0A009RSB7	[600, 395, 588, 392, 254, 616, 616, 390, 389]
	 A0A009HS41	[600, 395, 588, 392, 254, 616, 616, 390, 389]
	 A0A009SYU8	[600, 395, 588, 392, 254, 616, 616, 390, 389]

 ### Operon type: 89

	 A0A010IT25	[600, 395, 588, 392, 391, 616, 616, 390, 389]
	 A0A013SHA9	[600, 395, 588, 392, 391, 616, 616, 390, 389]
	 A0A009I466	[600, 395, 588, 392, 391, 616, 616, 390, 389]

 ### Operon type: 90

	 A0A009NMQ9	[600, 395, 588, 392, 391, 0, 616, 616, 390]

 ### Operon type: 91

	 A0A009P8A9	[0, 0, 588, 392, 254, 616, 616, 390, 389]

 ### Operon type: 92

	 A0A011PGU1	[0, 0, 569, 568, 567, 566, 565, 564, 563]
	 A0A011MDH1	[432, 0, 569, 568, 567, 566, 565, 564, 563]

 ### Operon type: 93

	 A0A011V0P4	[275, 218, 0, 0, 232, 0, 0, 217, 216]

 ### Operon type: 94

	 A0A011WPV7	[217, 216, 0, 0, 0, 0, 0, 0, 0]

 ### Operon type: 95

	 A0A011RNP9	[0, 0, 0, 0, 0, 644, 678, 0, 0]

 ### Operon type: 96

	 A0A011V0B5	[640, 0, 0, 0, 0, 0, 644, 0, 0]

 ### Operon type: 97

	 A0A011RQC9	[0, 640, 639, 0, 0, 0, 0, 638, 0]

 ### Operon type: 98

	 A0A011QG28	[493, 492, 568, 0, 567, 566, 594, 491, 595]
	 A0A011RIM8	[493, 492, 0, 0, 567, 566, 594, 491, 595]

 ### Operon type: 99

	 A0A011PHI6	[607, 0, 606, 0, 0, 605, 706, 604, 0]

 ### Operon type: 100

	 A0A011QI68	[0, 0, 606, 605, 0, 0, 0, 0, 0]

 ### Operon type: 101

	 A0A011P700	[0, 0, 713, 712, 0, 0, 0, 0, 0]

 ### Operon type: 102

	 A0A011QSI4	[0, 0, 713, 712, 711, 0, 0, 0, 0]

 ### Operon type: 103

	 A0A011NVJ6	[438, 661, 660, 659, 658, 657, 0, 0, 437]

 ### Operon type: 104

	 A0A011PVP2	[0, 661, 660, 659, 658, 657, 0, 0, 656]

 ### Operon type: 105

	 A0A011NXY7	[0, 0, 660, 0, 658, 0, 0, 0, 0]

 ### Operon type: 106

	 A0A011QR69	[697, 696, 695, 694, 693, 692, 0, 0, 0]
	 A0A011NUB4	[697, 696, 695, 694, 693, 692, 0, 440, 0]

 ### Operon type: 107

	 A0A011NN36	[696, 695, 0, 0, 693, 692, 0, 0, 0]

 ### Operon type: 108

	 A0A011PK69	[695, 321, 0, 0, 693, 692, 0, 0, 0]

 ### Operon type: 109

	 A0A011RMI6	[667, 666, 647, 646, 645, 665, 664, 663, 662]
	 A0A011NYD6	[667, 666, 647, 646, 645, 665, 664, 663, 662]

 ### Operon type: 110

	 A0A011QB28	[668, 667, 666, 0, 0, 665, 664, 663, 662]

 ### Operon type: 111

	 A0A011NF33	[0, 665, 664, 0, 0, 0, 0, 0, 0]

 ### Operon type: 112

	 A0A011NBY4	[482, 0, 0, 481, 0, 0, 480, 0, 0]

 ### Operon type: 113

	 A0A011WRT0	[482, 0, 0, 0, 0, 0, 0, 632, 0]

 ### Operon type: 114

	 A0A011SHV5	[0, 0, 0, 0, 0, 630, 632, 629, 0]

 ### Operon type: 115

	 A0A011NB95	[0, 701, 0, 0, 0, 0, 486, 485, 484]

 ### Operon type: 116

	 A0A011UHT4	[114, 100, 485, 0, 0, 35, 35, 484, 0]

 ### Operon type: 117

	 A0A010Z1W7	[0, 0, 0, 0, 0, 102, 0, 273, 274]

 ### Operon type: 118

	 A0A011VY84	[0, 0, 274, 273, 0, 0, 0, 0, 0]

 ### Operon type: 119

	 A0A010YW85	[0, 0, 0, 0, 0, 322, 0, 273, 274]

 ### Operon type: 120

	 A0A010ZMA0	[273, 490, 0, 0, 0, 0, 0, 0, 0]

 ### Operon type: 121

	 A0A011N5L2	[0, 0, 0, 490, 0, 489, 488, 0, 0]

 ### Operon type: 122

	 A0A010SQJ5	[378, 244, 0, 309, 308, 307, 0, 0, 0]

 ### Operon type: 123

	 A0A010STD3	[0, 0, 0, 309, 308, 307, 0, 390, 338]

 ### Operon type: 124

	 A0A011TD67	[310, 0, 0, 309, 308, 307, 306, 0, 305]

 ### Operon type: 125

	 A0A009ZC12	[0, 0, 0, 309, 0, 307, 306, 3, 722]

 ### Operon type: 126

	 A0A010RFQ9	[0, 0, 620, 0, 619, 0, 0, 0, 0]

 ### Operon type: 127

	 A0A010SPR9	[24, 24, 0, 0, 0, 619, 0, 0, 0]

 ### Operon type: 128

	 A0A013S288	[0, 0, 0, 383, 385, 382, 381, 0, 380]
	 A0A010J3I1	[0, 0, 0, 383, 385, 382, 381, 0, 380]

 ### Operon type: 129

	 A0A013SXT2	[223, 222, 221, 383, 385, 382, 381, 220, 380]
	 A0A009PWG1	[223, 222, 221, 383, 385, 382, 381, 220, 380]

 ### Operon type: 130

	 A0A009ZJK4	[0, 0, 0, 0, 0, 0, 395, 20, 0]

 ### Operon type: 131

	 A0A010SVN1	[-1, 20, 616, 239, 200, 0, 0, 395, 0]

 ### Operon type: 132

	 A0A009IMX3	[401, 0, 399, 0, 397, 122, 122, 632, 121]
	 A0A009SF48	[401, 0, 399, 0, 397, -1, 122, 632, 121]

 ### Operon type: 133

	 A0A009QEX0	[401, 400, 399, 398, 397, 122, 122, 632, 121]

 ### Operon type: 134

	 A0A010ISX2	[401, 400, 399, 398, 397, 396, 395, 394, 393]
	 A0A013S7V1	[401, 400, 399, 398, 397, 396, 395, 394, 393]
	 A0A009RES7	[401, 400, 399, 398, 397, 396, 395, 394, 393]
	 A0A009MR00	[401, 400, 399, 398, 397, 396, 395, 394, 393]

 ### Operon type: 135

	 A0A009GYP9	[0, 0, 0, 398, 397, 396, 395, 394, 393]

 ### Operon type: 136

	 A0A009YTT3	[0, 0, 0, 0, 0, 0, 395, 394, 393]

 ### Operon type: 137

	 A0A009PFK7	[261, 260, 259, 258, 257, 0, 0, 256, 0]
	 A0A009QGN4	[261, 260, 259, 258, 257, 256, 0, 0, 0]

 ### Operon type: 138

	 A0A009YR20	[0, 256, 0, 0, 0, 0, 260, 0, 0]

 ### Operon type: 139

	 A0A013SB36	[368, 367, 366, 365, 364, 0, 433, 363, 362]
	 A0A009QSI3	[368, 367, 366, 365, 364, 0, 433, 363, -1]

 ### Operon type: 140

	 A0A010ITP2	[368, 367, 366, 365, 364, 0, 433, 0, 0]

 ### Operon type: 141

	 A0A009SII9	[-1, 367, 366, 365, 0, 0, 0, 0, 50]

 ### Operon type: 142

	 A0A009HZV2	[0, 0, 0, 0, 199, 198, 160, 0, 0]

 ### Operon type: 143

	 A0A009QPE7	[0, 0, 0, 0, 199, 198, 0, 0, 0]

 ### Operon type: 144

	 A0A009GXL8	[87, 86, 85, 0, 84, 83, 156, 155, 154]

 ### Operon type: 145

	 A0A010JIW7	[87, 86, 85, 0, 84, 0, 0, 156, 155]

 ### Operon type: 146

	 A0A009MGR3	[0, 0, 195, 0, 473, 79, 58, 265, 264]

 ### Operon type: 147

	 A0A009Q4G0	[0, 196, 195, 0, 473, 0, 265, 264, 265]

 ### Operon type: 148

	 A0A009PUJ8	[0, 266, 0, 0, 0, 263, 156, 155, 154]

 ### Operon type: 149

	 A0A009QJA8	[155, 154, 0, 0, 0, 0, 0, 0, 0]

 ### Operon type: 150

	 A0A009PB53	[0, 0, 266, 0, 0, 265, 264, 265, 263]

 ### Operon type: 151

	 A0A013RZW2	[395, 388, 0, 387, 386, 385, 384, 0, 0]
	 A0A013SNJ8	[395, 0, 0, 387, 386, 385, 384, 0, 0]
	 A0A010J9U3	[395, 0, 0, 387, 386, 385, 384, 0, 0]
	 A0A009SIZ4	[395, 388, 0, 387, 386, 0, 384, 143, 0]
	 A0A009RD69	[395, 388, 0, 387, 386, 385, 384, 143, 0]

 ### Operon type: 152

	 A0A009PH20	[0, 0, 411, 387, 386, 385, 384, 0, 0]
	 A0A009IV03	[0, 0, 411, 387, 386, 0, 384, 0, 0]

 ### Operon type: 153

	 A0A009YIZ0	[395, 388, 411, 387, 386, 385, 384, 143, 105]

 ### Operon type: 154

	 A0A009QA91	[192, 191, 600, 616, 336, 336, 197, 379, 239]
	 A0A010J377	[192, 191, 600, 616, 336, 336, 197, 379, 239]

 ### Operon type: 155

	 A0A009MVG4	[240, 0, 337, 616, 336, 336, 0, 379, 239]
	 A0A009QQC0	[0, 0, 240, 616, 336, 336, 0, 379, 239]

 ### Operon type: 156

	 A0A009H7I0	[0, 0, 0, 616, 336, 336, 197, 379, 239]

 ### Operon type: 157

	 A0A009S1X4	[192, 191, 600, 616, 336, 336, 616, 0, 81]

 ### Operon type: 158

	 A0A013SHF4	[0, 0, 337, 616, 336, 336, 0, 335, 0]

 ### Operon type: 159

	 A0A009H7U0	[410, 594, 0, 409, 408, 407, 406, 0, 0]

 ### Operon type: 160

	 A0A010IMP8	[410, 0, 0, 409, 408, 407, 406, 0, 405]

 ### Operon type: 161

	 A0A013SZ54	[410, 0, 276, 409, 408, 0, 0, 0, 0]

 ### Operon type: 162

	 A0A009ZM43	[-1, 594, 276, 409, 408, 407, 406, 68, 405]

 ### Operon type: 163

	 A0A009YSC7	[0, 0, 480, 1, 0, 1, 340, 339, 0]

 ### Operon type: 164

	 A0A013RVV2	[464, 0, 340, 339, 0, 0, 0, 338, 0]

 ### Operon type: 165

	 A0A011Q5S3	[691, 690, 0, 0, 0, 0, 689, 688, 687]

 ### Operon type: 166

	 A0A011UZZ4	[0, 689, 688, 0, 0, 0, 219, 219, 687]

 ### Operon type: 167

	 A0A010YKP2	[0, 0, 0, 0, 0, 0, 437, 215, 0]

 ### Operon type: 168

	 A0A011V1A2	[218, 0, 0, 215, 0, 0, 0, 0, 0]

 ### Operon type: 169

	 A0A011Q2B1	[0, 0, 0, 0, 0, 653, 652, 651, 650]

 ### Operon type: 170

	 A0A011RLN8	[0, 0, 0, 655, 654, 653, 652, 651, 650]

 ### Operon type: 171

	 A0A011NGS0	[0, 0, 0, 0, 547, 590, 0, 0, 0]

 ### Operon type: 172

	 A0A011PW61	[0, 0, 0, 0, 547, 590, 0, 0, 533]

 ### Operon type: 173

	 A0A011UXI1	[0, 319, 0, 0, 547, 590, 304, 0, 0]

 ### Operon type: 174

	 A0A011SWI9	[-1, -1, 0, 607, 547, 590, 304, -1, -1]

 ### Operon type: 175

	 A0A011P952	[590, 0, 589, 0, 0, 589, 0, 0, 0]

 ### Operon type: 176

	 A0A011NSG8	[0, 0, 0, 604, 442, 441, 0, 442, 0]

 ### Operon type: 177

	 A0A011P0X4	[0, 0, 432, 0, 442, 0, 0, 441, 47]

 ### Operon type: 178

	 A0A009MJ75	[0, 0, 175, 174, 173, 0, 0, 0, 608]

 ### Operon type: 179

	 A0A010IH51	[0, 295, 0, 0, 173, 0, 608, 0, 0]

 ### Operon type: 180

	 A0A010YNY9	[0, 0, 103, 17, 0, 0, 0, 0, 38]

 ### Operon type: 181

	 A0A011AC71	[81, 0, 0, 202, 0, 103, 17, 0, 600]

 ### Operon type: 182

	 A0A011PRW6	[520, 0, 0, 0, 519, 666, 647, 0, 0]
	 A0A011QLX0	[0, 520, 0, 0, 519, 0, 666, 647, 0]

 ### Operon type: 183

	 A0A010SML6	[0, 666, 647, -1, 0, 603, 0, 0, 0]

 ### Operon type: 184

	 A0A009P817	[194, 0, 0, 0, 178, 0, 324, 177, 176]

 ### Operon type: 185

	 A0A009TIY0	[0, 0, 0, 0, 178, 0, 324, 177, 0]

 ### Operon type: 186

	 A0A009QKA3	[324, 177, 0, 176, 0, 0, 0, 0, 261]

 ### Operon type: 187

	 A0A009S854	[-1, 0, 0, 132, 342, 0, 0, 0, 341]

 ### Operon type: 188

	 A0A013RMD0	[-1, 0, 612, 0, 342, 620, 0, 0, 341]

 ### Operon type: 189

	 A0A009HFU9	[0, 95, 0, 0, 94, 448, 0, 0, 0]
	 A0A009R016	[0, 95, 0, 0, 94, -1, 448, 0, 0]

 ### Operon type: 190

	 A0A009HSR2	[0, 78, 77, 0, 76, 235, 236, 160, 237]

 ### Operon type: 191

	 A0A009SWM1	[0, 78, 77, 0, 76, 0, 0, 236, 0]

 ### Operon type: 192

	 A0A009MYX0	[238, 237, 0, 315, 0, 0, 236, 235, 234]

 ### Operon type: 193

	 A0A009QK79	[0, 0, 234, 235, 0, 236, 0, 0, 237]

 ### Operon type: 194

	 A0A009GXJ1	[214, 213, 235, 236, 88, 160, 237, 238, 0]

 ### Operon type: 195

	 A0A013TKW8	[0, 579, 0, 448, 447, 446, 445, 444, 443]
	 A0A010IT95	[0, 0, 0, 448, 447, 446, 445, 444, 443]
	 A0A009QT77	[0, 0, -1, 448, 447, 446, 445, 444, 443]
	 A0A009PRQ9	[0, 448, 182, 0, 447, 446, 445, 444, 443]
	 A0A009MH36	[0, 0, 0, 448, 447, 446, 445, 444, 443]
	 A0A009GWD0	[160, 0, 0, 448, 447, 446, 445, 444, 443]
	 A0A009S0T6	[0, 0, 448, 182, 447, 446, 445, 444, 443]
	 A0A009I5G9	[0, 0, 448, 182, 447, 446, 445, 444, 443]

 ### Operon type: 196

	 A0A013TMJ7	[546, -1, 0, 448, 447, 444, 443, 0, 0]

 ### Operon type: 197

	 A0A009HJJ5	[354, 429, 428, 0, 427, 426, 0, 596, 57]
	 A0A009I8I7	[354, 429, 428, 65, 427, 426, 0, 596, 57]

 ### Operon type: 198

	 A0A010JJN4	[0, 429, 428, 0, 427, 426, 0, 596, 488]
	 A0A013TPR7	[354, 429, 428, 0, 427, 426, 0, 596, 488]
	 A0A009PMT3	[354, 429, 428, 0, 427, 426, 183, 596, 488]
	 A0A009RMI1	[0, 429, 428, 0, 427, 426, 0, 596, 0]
	 A0A009YG45	[0, 354, 429, 428, 427, 0, 426, 183, 596]

 ### Operon type: 199

	 A0A009SEP4	[354, 429, 428, 65, 427, 0, 426, 183, 0]

 ### Operon type: 200

	 A0A009NI48	[354, 429, 428, 0, 427, 0, 0, 0, -1]

 ### Operon type: 201

	 A0A011WLE7	[0, 0, 0, 0, 0, 149, 0, 0, 0]
	 A0A011VU44	[0, 0, 0, 0, 0, 149, 0, 0, 0]

 ### Operon type: 202

	 A0A011VAP2	[0, 0, 96, 0, 0, 0, 0, 0, 231]

 ### Operon type: 203

	 A0A011VRJ8	[0, 0, 0, 0, 0, 0, 96, 0, 0]

 ### Operon type: 204

	 A0A011RNU1	[0, 0, 0, 0, 0, 0, 643, 643, 642]

 ### Operon type: 205

	 A0A011VKJ9	[0, 0, 0, 0, 0, 0, 642, 643, -1]

 ### Operon type: 206

	 A0A011WT35	[345, 0, 0, 0, 0, 0, 0, 0, 0]
	 A0A011V490	[0, 345, 0, 0, 0, 0, 0, 0, 0]

 ### Operon type: 207

	 A0A009T185	[696, 0, 510, 510, 403, 695, 510, 402, 657]

 ### Operon type: 208

	 A0A010IN36	[404, 546, 0, 0, 403, 695, 510, 402, 657]

 ### Operon type: 209

	 A0A009PG43	[695, 510, 255, 698, 0, 402, 657, 0, 0]

 ### Operon type: 210

	 A0A011PQZ7	[0, 0, 0, 524, 529, 0, 523, 0, 0]

 ### Operon type: 211

	 A0A011TUX4	[0, 0, 0, 0, 529, 0, 0, 523, 0]

 ### Operon type: 212

	 A0A011STZ9	[0, 0, 0, 523, 0, 0, 0, 0, 0]

 ### Operon type: 213

	 A0A011PRF5	[521, 0, 0, 0, 0, 0, 0, 0, 0]
	 A0A011PUJ9	[0, 0, 0, 0, 0, 0, 0, 0, 521]

 ### Operon type: 214

	 A0A011PFY8	[0, 0, 0, 0, 0, 0, 0, 0, 573]

 ### Operon type: 215

	 A0A011PNS3	[698, 573, 0, 0, 0, 0, 0, 0, 0]

 ### Operon type: 216

	 A0A011T648	[0, 573, 0, 0, 0, 0, 0, 695, 0]

 ### Operon type: 217

	 A0A011U3C2	[0, 0, 594, 0, 0, 0, 0, 0, 0]
	 A0A011AEN3	[0, 0, 0, 0, 0, 0, 594, 0, 0]

 ### Operon type: 218

	 A0A011AAZ2	[0, 40, 0, 0, 0, 594, 594, 594, 0]

 ### Operon type: 219

	 A0A011T698	[0, 0, 0, 0, 0, 600, 594, 0, 0]

 ### Operon type: 220

	 A0A009SNL0	[67, 66, 0, 0, 0, 0, 0, 0, 0]

 ### Operon type: 221

	 A0A009ZZC8	[-1, 66, 67, 0, 0, 0, 0, 0, 0]

 ### Operon type: 222

	 A0A009ZG48	[0, 0, 0, 579, 0, 0, 0, 0, 0]

 ### Operon type: 223

	 A0A011PEJ8	[0, 0, 580, 579, 0, 0, 0, 0, 0]

 ### Operon type: 224

	 A0A011QNJ7	[551, 0, 0, 579, 0, 0, 0, 551, 0]

 ### Operon type: 225

	 A0A011MMJ4	[0, 0, 0, 0, 0, 0, 0, 551, 0]

 ### Operon type: 226

	 A0A011R8M3	[0, 0, 580, 579, 0, 303, 0, 551, 0]

 ### Operon type: 227

	 A0A009TJ77	[0, 131, 0, 0, 0, 0, 0, 0, 0]

 ### Operon type: 228

	 A0A010RTE7	[0, 0, 0, 0, 0, 0, 30, 131, 0]

 ### Operon type: 229

	 A0A013S8F0	[377, 376, 375, 374, 373, 616, 546, 379, 489]
	 A0A013TPQ9	[377, 376, 375, 374, 373, 616, 546, 379, 489]
	 A0A009PMU2	[377, 376, 375, -1, 373, 616, 546, 379, 489]
	 A0A009SZ84	[377, 376, 375, 374, 373, 616, 546, 379, 489]

 ### Operon type: 230

	 A0A009IG48	[0, 0, 0, 124, 123, 0, 0, 0, 603]

 ### Operon type: 231

	 A0A009IMQ0	[0, 0, 0, 124, 123, 0, 0, 0, 0]

 ### Operon type: 232

	 A0A009SWV1	[0, 0, 0, 0, 0, 0, 0, 124, 0]

 ### Operon type: 233

	 A0A011TAW2	[0, 0, 0, 0, 0, 0, 223, 0, 0]
	 A0A009SFX8	[223, 0, 0, 0, 0, 0, 0, 0, 0]

 ### Operon type: 234

	 A0A011TZN1	[0, 0, 0, 0, 204, 0, 0, 0, 0]
	 A0A009RHH9	[0, 0, 0, 0, 204, 0, 0, 0, 0]

 ### Operon type: 235

	 A0A009Q512	[0, 0, 0, 0, 193, 0, 0, 0, 0]
	 A0A009PMZ9	[193, 0, 0, 0, 0, 0, 0, 0, 0]

 ### Operon type: 236

	 A0A009IFL2	[0, 43, 0, 42, -1, 0, 0, 0]

 ### Operon type: 237

	 A0A009ZDS1	[-1, -1, 0, 43, 0, 0, 425, 0, 0]

 ### Operon type: 238

	 A0A009NPS1	[0, 376, 375, 374, 373, -1, 0, 0, 0]
	 A0A010IZH1	[-1, 376, 375, 374, 373, 616, 0, 0, 0]
	 A0A009HJM0	[0, 376, 375, 374, 373, 616, 0, 0, 0]

 ### Operon type: 239

	 A0A009HUS9	[376, 375, 0, 0, 0, 0, -1, 0, 0]

 ### Operon type: 240

	 A0A009HM15	[0, 140, 165, 0, 0, 0, -1, 0, 0]

 ### Operon type: 241

	 A0A009RQL5	[0, 0, 0, 0, 0, 0, 140, 165, 0]

 ### Operon type: 242

	 A0A009IJ01	[0, 0, 0, 0, 0, 0, 140, 165, 164]

 ### Operon type: 243

	 A0A009NCH6	[0, 0, 0, 0, 0, 0, 0, 165, 164]

 ### Operon type: 244

	 A0A011UB51	[272, 0, 0, 0, 0, 0, 0, 0, 0]
	 A0A011UFH1	[0, 0, 0, 0, 0, 272, 0, 0, 0]

 ### Operon type: 245

	 A0A011V965	[0, -1, -1, 0, 97, 0, -1, -1, 0]
	 A0A011VHP2	[0, -1, -1, -1, 97, 0, 0, 0, 0]

 ### Operon type: 246

	 A0A010RVD0	[-1, 0, 0, -1, 0, 714, 714, 0, 25]

 ### Operon type: 247

	 A0A010T7Q5	[0, 25, 0, 0, 0, 0, -1, 0, 0]

 ### Operon type: 248

	 A0A010SNM6	[0, 0, -1, 0, 0, 0, 546, 0, 0]
	 A0A010SRR2	[0, 0, -1, 0, 0, 0, 0, 0, 546]

 ### Operon type: 249

	 A0A010SJH7	[0, 0, 546, -1, 0, 0, 197, 0, 0]

 ### Operon type: 250

	 A0A010RKP8	[0, 0, 0, 0, 0, 0, -1, 0, 0]
	 A0A009RG92	[-1, 0, 0, 0, 0, 0, 0, 0, 0]
	 A0A009PH57	[0, 0, -1, 0, 0, 0, 0, 0, 0]
	 A0A009N9Z1	[-1, 0, 0, 0, 0, 0, 0, 0, 0]
	 A0A011V107	[0, -1, 0, 0, 0, 0, 0, 0, 0]
	 A0A009QDV7	[-1, 0, 0, 0, 0, 0, 0, 0, 0]
	 A0A011U7M7	[0, 0, -1, 0, 0, 0, 0, 0, 0]
	 A0A010JDA6	[-1, 0, 0, 0, 0, 0, 0, 0, 0]
	 A0A009H6M2	[-1, 0, 0, 0, 0, 0, 0, 0, 0]
	 A0A010TF14	[-1, 0, 0, 0, 0, 0, 0, 0, 0]
	 A0A010RY47	[-1, 0, -1, 0, 0, 0, 0, 0, 0]
	 A0A009HJU6	[0, 0, 0, 0, 0, 0, 0, 0, -1]
	 A0A009IHQ3	[-1, 0, 0, 0, 0, 0, 0, 0, 0]
	 A0A011UZ32	[0, 0, 0, 0, 0, -1, 0, 0, 0]
	 A0A011UZ49	[0, -1, 0, 0, 0, 0, 0, 0, 0]
	 A0A009TG92	[0, 0, -1, 0, 0, 0, 0, 0, 0]

 ### Operon type: 251

	 A0A010SJF9	[0, 0, 0, 0, 0, -1, 0, 104, -1]

 ### Operon type: 252

	 A0A010T5D8	[0, 0, 0, -1, 0, -1, 384, 0, 0]

 ### Operon type: 253

	 A0A011ML54	[0, 0, 0, 552, 0, 0, 0, 0, -1]

 ### Operon type: 254

	 A0A011NHY1	[0, 0, 0, 0, 0, 546, 0, 0, 0]

 ### Operon type: 255

	 A0A010Z171	[0, 0, 0, 0, 0, 0, 546, 0, 315]

 ### Operon type: 256

	 A0A010ZX98	[0, 0, 0, 0, 0, 10, 546, 546, 0]

 ### Operon type: 257

	 A0A010YRE8	[0, 0, 0, 0, 0, 0, 0, 10, 0]

 ### Operon type: 258

	 A0A011AF05	[0, 0, 81, 10, 0, 0, 0, 0, 0]

 ### Operon type: 259

	 A0A011SQL0	[602, 0, -1, 0, 0, 0, 0, 0, 0]

 ### Operon type: 260

	 A0A009ZC82	[0, 0, 602, 0, 0, 0, 0, 0, 0]

 ### Operon type: 261

	 A0A011P3F6	[603, 0, 0, 602, 0, 0, 0, 0, 0]

 ### Operon type: 262

	 A0A011T697	[546, 0, 0, 0, 0, 0, 0, 0, 324]

 ### Operon type: 263

	 A0A011TDD1	[0, 201, 546, 0, 0, 0, 0, 0, 0]

 ### Operon type: 264

	 A0A011VW24	[0, 0, 700, 0, 0, 0, 0, 0, -1]

 ### Operon type: 265

	 A0A011T8V3	[0, 0, 700, 0, 0, 0, 0, 0, 0]

 ### Operon type: 266

	 A0A010TH98	[533, 0, 0, 700, 0, 0, 0, 0, 0]

 ### Operon type: 267

	 A0A011QVR3	[0, 0, 0, 0, 0, 0, 0, 701, 700]

 ### Operon type: 268

	 A0A011RM25	[0, 0, 0, 0, 0, 700, 0, 648, 0]

 ### Operon type: 269

	 A0A011VXC2	[-1, 330, 0, 0, 0, 0, 0, 0, 0]

 ### Operon type: 270

	 A0A011VYF1	[700, 0, 0, 0, 0, 0, 272, 0, 0]

 ### Operon type: 271

	 A0A010S415	[-1, 700, 0, 239, 0, 0, 0, 0, 414]

 ### Operon type: 272

	 A0A011QSN2	[0, 0, 0, 0, 0, 0, 0, 0, 0]
	 A0A011SGD5	[0, 0, 0, 0, 0, 0, 0, 0, 0]
	 A0A011P4U7	[0, 0, 0, 0, 0, 0, 0, 0, 0]
	 A0A011P9Z5	[0, 0, 0, 0, 0, 0, 0, 0, 0]
	 A0A011PBM9	[0, 0, 0, 0, 0, 0, 0, 0, 0]
	 A0A011NMI8	[0, 0, 0, 0, 0, 0, 0, 0, 0]
	 A0A011Q056	[0, 0, 0, 0, 0, 0, 0, 0, 0]
	 A0A011Q1B3	[0, 0, 0, 0, 0, 0, 0, 0, 0]
	 A0A011QMJ8	[0, 0, 0, 0, 0, 0, 0, 0, 0]
	 A0A011NAJ1	[0, 0, 0, 0, 0, 0, 0, 0, 0]
	 A0A011NAY5	[0, 0, 0, 0, 0, 0, 0, 0, 0]
	 A0A011NDM5	[0, 0, 0, 0, 0, 0, 0, 0, 0]
	 A0A013T8M5	[0, 0, 0, 0, 0, 0, 0, 0, 0]
	 A0A013TEV4	[0, 0, 0, 0, 0, 0, 0, 0, 0]
	 A0A011NTU3	[0, 0, 0, 0, 0, 0, 0, 0, 0]
	 A0A011QVV5	[0, 0, 0, 0, 0, 0, 0, 0, 0]
	 A0A011N2Z0	[0, 0, 0, 0, 0, 0, 0, 0, 0]
	 A0A011N3C3	[0, 0, 0, 0, 0, 0, 0, 0, 0]
	 A0A011N4G4	[0, 0, 0, 0, 0, 0, 0, 0, 0]
	 A0A010IPH1	[0, 0, 0, 0, 0, 0, 0, 0, 0]
	 A0A013S2B9	[0, 0, 0, 0, 0, 0, 0, 0, 0]
	 A0A013SBR8	[0, 0, 0, 0, 0, 0, 0, 0, 0]
	 A0A013TPV4	[0, 0, 0, 0, 0, 0, 0, 0, 0]
	 A0A013SL47	[0, 0, 0, 0, 0, 0, 0, 0, 0]
	 A0A011WUT3	[0, 0, 0, 0, 0, 0, 0, 0, 0]
	 A0A011PKU5	[0, 0, 0, 0, 0, 0, 0, 0, 0]
	 A0A011PJK8	[0, 0, 0, 0, 0, 0, 0, 0, 0]
	 A0A011PNN2	[0, 0, 0, 0, 0, 0, 0, 0, 0]
	 A0A011TWN2	[0, 0, 0, 0, 0, 0, 0, 0, 0]
	 A0A011VYF6	[0, 0, 0, 0, 0, 0, 0, 0, 0]
	 A0A009PDV4	[0, 0, 0, 0, 0, 0, 0, 0, 0]
	 A0A009PG53	[0, 0, 0, 0, 0, 0, 0, 0, 0]
	 A0A009MMM3	[0, 0, 0, 0, 0, 0, 0, 0, 0]
	 A0A009N031	[0, 0, 0, 0, 0, 0, 0, 0, 0]
	 A0A009N123	[0, 0, 0, 0, 0, 0, 0, 0, 0]
	 A0A011WSE5	[0, 0, 0, 0, 0, 0, 0, 0, 0]
	 A0A011UHL2	[0, 0, 0, 0, 0, 0, 0, 0, 0]
	 A0A011TAF9	[0, 0, 0, 0, 0, 0, 0, 0, 0]
	 A0A011TLH0	[0, 0, 0, 0, 0, 0, 0, 0, 0]
	 A0A009QQ47	[0, 0, 0, 0, 0, 0, 0, 0, 0]
	 A0A009PT82	[0, 0, 0, 0, 0, 0, 0, 0, 0]
	 A0A009NQA1	[0, 0, 0, 0, 0, 0, 0, 0, 0]
	 A0A011UBN9	[0, 0, 0, 0, 0, 0, 0, 0, 0]
	 A0A009MH90	[0, 0, 0, 0, 0, 0, 0, 0, 0]
	 A0A009Q3K7	[0, 0, 0, 0, 0, 0, 0, 0, 0]
	 A0A011VWR4	[0, 0, 0, 0, 0, 0, 0, 0, 0]
	 A0A011WKI4	[0, 0, 0, 0, 0, 0, 0, 0, 0]
	 A0A009ISY0	[0, 0, 0, 0, 0, 0, 0, 0, 0]
	 A0A009M4K0	[0, 0, 0, 0, 0, 0, 0, 0, 0]
	 A0A009MGJ1	[0, 0, 0, 0, 0, 0, 0, 0, 0]
	 A0A009MGQ8	[0, 0, 0, 0, 0, 0, 0, 0, 0]
	 A0A010SHY1	[0, 0, 0, 0, 0, 0, 0, 0, 0]
	 A0A010IZE4	[0, 0, 0, 0, 0, 0, 0, 0, 0]
	 A0A009I0I9	[0, 0, 0, 0, 0, 0, 0, 0, 0]
	 A0A009IRJ6	[0, 0, 0, 0, 0, 0, 0, 0, 0]
	 A0A009HBT3	[0, 0, 0, 0, 0, 0, 0, 0, 0]
	 A0A011VZG0	[0, 0, 0, 0, 0, 0, 0, 0, 0]
	 A0A011VW71	[0, 0, 0, 0, 0, 0, 0, 0, 0]
	 A0A011V8Y9	[0, 0, 0, 0, 0, 0, 0, 0, 0]
	 A0A009RR21	[0, 0, 0, 0, 0, 0, 0, 0, 0]
	 A0A009HTN9	[0, 0, 0, 0, 0, 0, 0, 0, 0]
	 A0A009HIL8	[0, 0, 0, 0, 0, 0, 0, 0, 0]
	 A0A009SWU0	[0, 0, 0, 0, 0, 0, 0, 0, 0]
	 A0A009SCM5	[0, 0, 0, 0, 0, 0, 0, 0, 0]
	 A0A009RHH7	[0, 0, 0, 0, 0, 0, 0, 0, 0]
	 A0A009RMD0	[0, 0, 0, 0, 0, 0, 0, 0, 0]
	 A0A011VMV7	[0, 0, 0, 0, 0, 0, 0, 0, 0]
	 A0A011VNE2	[0, 0, 0, 0, 0, 0, 0, 0, 0]
	 A0A011VSC9	[0, 0, 0, 0, 0, 0, 0, 0, 0]
	 A0A011VUV0	[0, 0, 0, 0, 0, 0, 0, 0, 0]
	 A0A009HL81	[0, 0, 0, 0, 0, 0, 0, 0, 0]
	 A0A009T1I8	[0, 0, 0, 0, 0, 0, 0, 0, 0]
	 A0A009R2X0	[0, 0, 0, 0, 0, 0, 0, 0, 0]
	 A0A009R4N4	[0, 0, 0, 0, 0, 0, 0, 0, 0]
	 A0A009RBQ2	[0, 0, 0, 0, 0, 0, 0, 0, 0]
	 A0A009QVK8	[0, 0, 0, 0, 0, 0, 0, 0, 0]
	 A0A009I463	[0, 0, 0, 0, 0, 0, 0, 0, 0]
	 A0A011UTJ0	[0, 0, 0, 0, 0, 0, 0, 0, 0]
	 A0A011UWH1	[0, 0, 0, 0, 0, 0, 0, 0, 0]
	 A0A011UFM5	[0, 0, 0, 0, 0, 0, 0, 0, 0]
	 A0A011UG71	[0, 0, 0, 0, 0, 0, 0, 0, 0]
	 A0A011UGX8	[0, 0, 0, 0, 0, 0, 0, 0, 0]
	 A0A009PAG1	[0, 0, 0, 0, 0, 0, 0, 0, 0]
	 A0A009SHB3	[0, 0, 0, 0, 0, 0, 0, 0, 0]
	 A0A009SIF9	[0, 0, 0, 0, 0, 0, 0, 0, 0]
	 A0A010SPJ7	[0, 0, 0, 0, 0, 0, 0, 0, 0]
	 A0A010SSQ8	[0, 0, 0, 0, 0, 0, 0, 0, 0]
	 A0A010T025	[0, 0, 0, 0, 0, 0, 0, 0, 0]
	 A0A010ZJQ6	[0, 0, 0, 0, 0, 0, 0, 0, 0]
	 A0A010YJA7	[0, 0, 0, 0, 0, 0, 0, 0, 0]
	 A0A010ZTI3	[0, 0, 0, 0, 0, 0, 0, 0, 0]
	 A0A011A146	[0, 0, 0, 0, 0, 0, 0, 0, 0]
	 A0A011AIL7	[0, 0, 0, 0, 0, 0, 0, 0, 0]
	 A0A010YZS8	[0, 0, 0, 0, 0, 0, 0, 0, 0]
	 A0A010Z120	[0, 0, 0, 0, 0, 0, 0, 0, 0]
	 A0A009T3J5	[0, 0, 0, 0, 0, 0, 0, 0, 0]

 ### Operon type: 273

	 A0A010TG27	[549, 0, 34, 0, 0, 0, 616, 0, 0]

 ### Operon type: 274

	 A0A011PMK1	[0, 0, 0, 0, 0, 0, 0, 549, 0]

 ### Operon type: 275

	 A0A009HRU1	[0, 235, 0, 0, 0, 0, 0, 0, 0]

 ### Operon type: 276

	 A0A009HSN8	[0, 196, 0, 0, 0, -1, 0, 263, -1]

 ### Operon type: 277

	 A0A009HV82	[156, 0, 0, 0, 0, 0, 0, 0, 0]

 ### Operon type: 278

	 A0A009IG74	[0, 0, 174, 0, 385, -1, 0, 0, 0]

 ### Operon type: 279

	 A0A009IJ90	[0, 41, 0, 0, 0, 0, 0, 0, 0]

 ### Operon type: 280

	 A0A009ISE1	[426, 0, 596, 0, 0, -1, 0, 0, 0]

 ### Operon type: 281

	 A0A009NM94	[0, 634, 634, 0, 0, 0, 201, 0, 0]

 ### Operon type: 282

	 A0A009Q4N5	[0, 0, 194, 0, 0, 0, 0, 0, 0]

 ### Operon type: 283

	 A0A009SSZ9	[0, 69, 0, 0, 0, 0, 0, 0, 0]

 ### Operon type: 284

	 A0A009TBM2	[0, 0, 0, 0, 0, 0, 0, 0, 380]

 ### Operon type: 285

	 A0A009Q8S9	[0, 0, 603, 380, 0, 292, 0, 0, 0]

 ### Operon type: 286

	 A0A009YIH1	[0, 0, 0, 0, 141, 0, -1, -1, 2]

 ### Operon type: 287

	 A0A009YR05	[0, 0, 0, 0, 39, 0, 0, 0, 0]

 ### Operon type: 288

	 A0A009Z004	[48, 0, 48, 0, 0, 315, 0, 0, 0]

 ### Operon type: 289

	 A0A010IGH8	[0, 0, 0, 0, 0, 0, 0, 338, 0]

 ### Operon type: 290

	 A0A010JIN9	[423, 0, 0, 131, 184, 0, 0, 0, 0]

 ### Operon type: 291

	 A0A010RS09	[0, 0, 0, 0, 30, 0, 618, 618, 0]

 ### Operon type: 292

	 A0A010RUQ5	[0, 0, 0, 0, 0, 0, 0, 0, 172]

 ### Operon type: 293

	 A0A010S195	[602, 0, 102, 101, 0, 0, 0, 0, 0]

 ### Operon type: 294

	 A0A010SCZ2	[0, 0, 0, 0, 0, 0, 0, 230, 0]

 ### Operon type: 295

	 A0A010SN41	[0, 0, 0, 0, 227, 0, 0, 0, 0]

 ### Operon type: 296

	 A0A010SSU2	[0, 0, 0, 0, 88, 0, -1, 591, 0]

 ### Operon type: 297

	 A0A010SUP6	[0, 0, 0, 0, 0, 0, 0, 101, 0]

 ### Operon type: 298

	 A0A010SUY9	[0, 0, 0, 0, 0, 303, 580, 0]

 ### Operon type: 299

	 A0A010THK2	[0, 0, -1, 0, 0, 618, 315, 0, 0]

 ### Operon type: 300

	 A0A010SRL4	[34, 0, 0, -1, 0, 0, 0, 315, 120]

 ### Operon type: 301

	 A0A010YF95	[687, 0, 0, 0, 0, 0, 0, 0, 0]

 ### Operon type: 302

	 A0A010YT39	[0, 548, 0, 0, 0, 0, 0, 0, 0]

 ### Operon type: 303

	 A0A010YX61	[359, 594, 0, 700, 0, 0, 0, 0, 0]

 ### Operon type: 304

	 A0A010ZWJ8	[0, 0, 0, 0, 0, 593, 0, 0, 0]

 ### Operon type: 305

	 A0A009ZVR4	[639, 0, 594, 0, 0, 28, 0, 0, 0]

 ### Operon type: 306

	 A0A011AHW1	[0, 0, 0, 0, 0, 0, 0, 11, 0]

 ### Operon type: 307

	 A0A011NE37	[276, 0, 0, 0, 0, 0, 0, 0, 0]

 ### Operon type: 308

	 A0A011NF78	[0, 0, 721, 0, 0, 0, 0, 0, 0]

 ### Operon type: 309

	 A0A011NVE2	[0, 0, 0, 695, 0, 0, 546, 0, 439]

 ### Operon type: 310

	 A0A011NXJ4	[0, 0, 0, 0, 0, 0, 0, 0, 436]

 ### Operon type: 311

	 A0A011P8I1	[0, 0, 595, 594, 0, 0, 0, 0, 593]

 ### Operon type: 312

	 A0A011P9Q7	[588, 0, 0, 0, 0, 0, 0, 0, 0]

 ### Operon type: 313

	 A0A011PCT1	[0, 0, 0, 0, 0, 0, 0, 650, 0]

 ### Operon type: 314

	 A0A011PJ75	[0, 695, 510, 695, 0, 0, 0, 0, 0]

 ### Operon type: 315

	 A0A011PRB4	[0, 0, 0, 0, 0, 0, 0, 522, 0]

 ### Operon type: 316

	 A0A011Q5V7	[686, 0, 0, 0, 0, 0, 0, 0, 0]

 ### Operon type: 317

	 A0A011QU35	[0, 0, 0, 0, 710, 0, 0, 0, 0]

 ### Operon type: 318

	 A0A011QVT2	[699, 0, 0, 0, 0, 0, 0, 698, 0]

 ### Operon type: 319

	 A0A011RP14	[0, 0, 0, 0, 0, 0, 0, 641, 0]

 ### Operon type: 320

	 A0A011SM49	[546, 0, 641, 0, 0, 0, 297, 0, 0]

 ### Operon type: 321

	 A0A011AM27	[523, 0, 0, 0, 427, 0, 0, 0, 18]

 ### Operon type: 322

	 A0A011T607	[0, 0, 656, 0, 0, 0, 0, 0, 201]

 ### Operon type: 323

	 A0A010S5W8	[0, 0, 431, 656, 0, 0, 0, 0, 0]

 ### Operon type: 324

	 A0A011MSR2	[0, 0, 0, 431, 0, 0, 0, 683, 0]

 ### Operon type: 325

	 A0A010YYJ5	[0, 0, 0, 683, 0, 0, 0, 28, 28]

 ### Operon type: 326

	 A0A011TED9	[0, 0, 0, 0, 0, 203, 0, 0, 0]

 ### Operon type: 327

	 A0A011TXS5	[0, 296, 0, 0, 0, 0, 0, 0, 0]

 ### Operon type: 328

	 A0A011U144	[0, 172, 0, 0, 0, 0, 436, 468, 0]

 ### Operon type: 329

	 A0A011U1C8	[600, 0, 0, 0, 0, 0, 0, 0, 171]

 ### Operon type: 330

	 A0A011U483	[0, 0, 0, 0, 0, 599, 0, 0, 0]

 ### Operon type: 331

	 A0A011UDF3	[0, 0, 0, 0, 0, 310, 0, 0, 0]

 ### Operon type: 332

	 A0A011UG86	[0, 604, 0, 0, 0, 104, 0, 0, 0]

 ### Operon type: 333

	 A0A011UGY3	[0, 0, 0, 36, 0, 0, 0, 36, 0]

 ### Operon type: 334

	 A0A011UJN3	[0, 402, 0, 0, 0, 0, 0, 0, 0]

 ### Operon type: 335

	 A0A009INE0	[404, 0, 0, 0, 0, 0, 0, 510, 402]

 ### Operon type: 336

	 A0A011UQB5	[631, 481, 0, 0, 0, 0, 0, 272, 0]

 ### Operon type: 337

	 A0A011UVI5	[0, 0, 0, 0, 0, 38, 695, 695, 0]

 ### Operon type: 338

	 A0A011UWI3	[0, 0, 0, 0, 180, 0, 139, 602, 0]

 ### Operon type: 339

	 A0A011V5E6	[0, 0, 0, 0, 0, 331, 0, 0, 0]

 ### Operon type: 340

	 A0A011M4H6	[231, 0, 613, 0, 0, 0, 0, 0, 0]

 ### Operon type: 341

	 A0A011VSV3	[0, 0, 0, 0, 0, 0, 568, 0, 0]

 ### Operon type: 342

	 A0A011VWI0	[0, 0, 0, 0, 0, 100, 0, 0, 0]

 ### Operon type: 343

	 A0A011VZ91	[152, 0, 0, 0, 0, 0, 0, 0, 0]

 ### Operon type: 344

	 A0A011W213	[0, 0, 0, 0, 0, 440, 0, 0, 0]

 ### Operon type: 345

	 A0A011WP76	[0, 0, 0, 0, 0, 0, 0, 0, 703]

 ### Operon type: 346

	 A0A011WSD4	[0, 0, 0, -1, 0, 683, 0, 0, 345]

 ### Operon type: 347

	 A0A011VZF5	[0, 0, 329, 328, 0, 683, 345, 683, 0]

 ### Operon type: 348

	 A0A011WSU6	[0, 683, 0, 0, 326, 0, 0, 0, 0]

 ### Operon type: 349

	 A0A013S843	[0, 379, 0, 0, 0, 0, -1, 378, 0]

 ### Operon type: 350

	 A0A013S981	[369, 0, 0, 0, 0, 0, 0, 0, 0]

 ### Operon type: 351

	 A0A013T337	[0, 0, 0, 0, 0, 0, 0, 0, 474]

 ### Operon type: 352

	 A0A013T5E6	[0, 0, 0, 473, 0, 0, 0, 0, 0]

 ### Operon type: 353

	 A0A013SGL3	[361, 360, 359, 358, 357, 562, 356, 600, 355]
	 A0A010KAV2	[361, 0, 0, 358, 357, 562, 356, 600, 355]
	 A0A009NE81	[361, 360, 359, 358, 357, 562, 356, 600, 355]
	 A0A009RQH3	[361, 0, 0, 358, 357, 562, 356, 600, 355]
	 A0A009I5Z6	[361, 0, 359, 358, 357, 562, 356, 600, 355]

 ### Operon type: 354

	 A0A013TB41	[361, -1, 0, 0, 357, 562, 356, 600, 355]

 ### Operon type: 355

	 A0A009H3X4	[361, 0, 0, 0, 357, 562, -1, 618, -1]

 ### Operon type: 356

	 A0A009YL68	[0, 0, 600, 361, 357, 0, 0, 3, 0]

 ### Operon type: 357

	 A0A009T9H0	[0, 2, 603, -1, 0, 0, 236, 0, 235]

 ### Operon type: 358

	 A0A010THH5	[0, 133, 43, 38, 0, 0, 629, 0, 425]

 ### Operon type: 359

	 A0A011WSH8	[0, 0, 0, 616, 228, 0, 0, 0, 0]
	 A0A011VZE3	[0, 0, 0, 616, 228, 0, 0, 0, 0]

 ### Operon type: 360

	 A0A011NAF3	[0, 0, 0, 0, 0, 0, 616, 0, 555]

 ### Operon type: 361

	 A0A009IQ93	[166, 0, 616, 0, 0, 120, 0, 0, 0]

 ### Operon type: 362

	 A0A009TLU4	[0, 296, -1, 142, 0, 23, 0, -1, -1]

 ### Operon type: 363

	 A0A010JNG7	[448, 0, 0, 430, 0, 0, 0, 0, 0]

 ### Operon type: 364

	 A0A010S003	[564, 0, 0, 0, 0, 604, 604, 244, 0]

 ### Operon type: 365

	 A0A010SMN8	[0, -1, 103, 0, 619, 0, 0, 571, 0]

 ### Operon type: 366

	 A0A010SXS1	[0, 255, 0, 0, 0, 150, 0, 0, 698]

 ### Operon type: 367

	 A0A010T689	[18, -1, 629, 644, 0, 0, 0, 0, 0]

 ### Operon type: 368

	 A0A010TBB4	[0, 106, 0, 104, 0, 0, 0, 0, 600]

 ### Operon type: 369

	 A0A010YFK3	[0, 649, 0, 0, 0, 0, 60, 0, 171]

 ### Operon type: 370

	 A0A010YVY1	[7, 0, 7, 0, 0, 0, 0, 244, 0]

 ### Operon type: 371

	 A0A010Z7T4	[0, 0, 0, 0, 0, 0, 0, 608, 524]

 ### Operon type: 372

	 A0A010RRR9	[0, 0, 0, 0, 610, 0, 0, 609, 608]

 ### Operon type: 373

	 A0A010SIA7	[0, 0, 609, 135, 0, 0, 0, 0, 0]

 ### Operon type: 374

	 A0A010ZSZ2	[0, 40, 0, 14, 13, 0, 0, 0, 0]

 ### Operon type: 375

	 A0A010Z0Y7	[0, 0, 0, 0, 13, 239, 0, 0, 0]

 ### Operon type: 376

	 A0A010ZUR7	[233, 12, 0, 12, 0, 11, 244, 0, 0]

 ### Operon type: 377

	 A0A011A0M8	[0, 0, 315, 0, 42, 0, 0, 9, 9]

 ### Operon type: 378

	 A0A011NFL4	[0, 633, 0, 0, 550, 549, 0, 548, 0]

 ### Operon type: 379

	 A0A011P407	[0, 0, 601, 632, 0, 0, 600, 0, 599]

 ### Operon type: 380

	 A0A011QGT2	[616, 0, 0, 502, 501, 0, 0, 0, 0]

 ### Operon type: 381

	 A0A011QSA4	[724, 0, 723, 722, 0, 0, 0, 0, 721]

 ### Operon type: 382

	 A0A011T6J6	[0, 686, 0, 594, 0, 0, 323, 0, 322]

 ### Operon type: 383

	 A0A011TAL2	[0, 656, 0, 0, 0, 202, 0, 437, 0]

 ### Operon type: 384

	 A0A011TYT7	[0, 0, 0, 0, 0, 0, 295, 294, 294]

 ### Operon type: 385

	 A0A011TZG0	[315, 684, 0, 0, 0, 0, 0, 449, 0]

 ### Operon type: 386

	 A0A011Q6N5	[0, 0, 0, 0, 0, 0, 685, 684, 685]

 ### Operon type: 387

	 A0A011UII7	[0, 0, 0, 0, 0, 439, 293, 0, 0]

 ### Operon type: 388

	 A0A011UNT9	[292, 300, 0, 0, 0, 0, 0, 0, 0]

 ### Operon type: 389

	 A0A011SIS0	[0, 671, 301, 301, 0, 0, 0, 300, 0]

 ### Operon type: 390

	 A0A011UT49	[0, 40, 0, 0, 0, 0, 255, 63, 0]

 ### Operon type: 391

	 A0A011VU65	[61, 0, 0, 0, 0, 60, 0, 0, 0]

 ### Operon type: 392

	 A0A011VV03	[0, 233, 0, 0, 232, 231, 0, 0, 0]

 ### Operon type: 393

	 A0A011VVZ9	[0, 0, -1, 0, 0, 230, 229, 229, 299]

 ### Operon type: 394

	 A0A011VWX7	[698, 275, 0, 0, 0, 0, 0, 630, 0]

 ### Operon type: 395

	 A0A011VXK7	[634, 634, 0, 407, 0, 0, 0, 688, 0]

 ### Operon type: 396

	 A0A011W0I6	[151, 0, 0, 0, 0, 317, 0, 552, 0]

 ### Operon type: 397

	 A0A010YEF6	[0, 151, 0, 0, 0, 0, 0, 0, 19]

 ### Operon type: 398

	 A0A013SQH1	[0, 0, 0, 0, 227, 320, 0, 448, 486]

 ### Operon type: 399

	 A0A009LNU8	[224, 226, 280, 279, 0, 142, 0, 448, 0]

 ### Operon type: 400

	 A0A013SRG6	[278, 279, 280, 226, 0, 225, 0, 224, 545]

 ### Operon type: 401

	 A0A009IQU8	[0, 226, 0, 0, 0, 225, 545, 0, 0]

 ### Operon type: 402

	 A0A010K2K8	[280, 279, 278, 0, 0, 0, 0, -1, 448]

 ### Operon type: 403

	 A0A011NPR8	[0, 545, 0, 0, 0, 0, 544, 0, 0]

 ### Operon type: 404

	 A0A010SEA2	[690, 544, 133, 0, 0, 0, 0, 0, 0]

 ### Operon type: 405

	 A0A009ZIC0	[94, 108, 612, 132, 342, 620, 107, 106, 341]

 ### Operon type: 406

	 A0A009ZB47	[115, 27, 0, 0, 0, 683, 423, 0, 0]

 ### Operon type: 407

	 A0A010RM40	[617, 616, 615, 0, 0, 0, 0, -1, 614]

 ### Operon type: 408

	 A0A010RRQ6	[0, 613, 0, 0, 0, 619, 612, 611, 0]

 ### Operon type: 409

	 A0A010S423	[323, 0, 0, 0, 0, 0, 0, 139, 638]

 ### Operon type: 410

	 A0A010T0I7	[0, 0, 19, 0, 0, 595, 723, 616, 0]

 ### Operon type: 411

	 A0A011AHU9	[0, 0, 0, 0, 0, 0, 0, 8, 560]

 ### Operon type: 412

	 A0A010YY02	[0, 6, 0, 0, 6, 530, 5, 0, 8]

 ### Operon type: 413

	 A0A011NA78	[0, 487, 0, 0, 0, 714, 0, 0, 614]

 ### Operon type: 414

	 A0A011P8W7	[592, 601, 698, 0, 591, 0, 0, 0, 0]

 ### Operon type: 415

	 A0A011PG97	[571, 0, 0, 570, 0, 0, 0, 0, 0]

 ### Operon type: 416

	 A0A011PKT4	[0, 320, 0, 0, 0, 0, 319, 0, 0]

 ### Operon type: 417

	 A0A011PLB2	[0, 592, 0, 321, 0, 0, 0, 0, 0]

 ### Operon type: 418

	 A0A011R339	[0, 0, 0, 0, 0, 0, 214, 213, 0]

 ### Operon type: 419

	 A0A011SFE5	[0, 0, 0, 634, 0, 0, 633, 632, 631]

 ### Operon type: 420

	 A0A011SJT5	[0, 0, 0, 299, 298, 298, 298, 298, 298]

 ### Operon type: 421

	 A0A011TDQ5	[0, 0, 0, 0, 200, 318, 0, 0, 0]

 ### Operon type: 422

	 A0A011UG17	[246, 0, 153, 0, 37, 61, 0, 0, 0]

 ### Operon type: 423

	 A0A011V8Z7	[0, 0, 0, 0, 0, 99, 98, 0, 0]

 ### Operon type: 424

	 A0A011VT01	[0, 0, 62, 0, 0, 62, 0, 0, 249]

 ### Operon type: 425

	 A0A011VYP6	[0, 0, 0, 0, 0, 0, 153, 507, 0]

 ### Operon type: 426

	 A0A011V392	[330, 0, 522, 329, 328, 327, 0, 326, 325]

 ### Operon type: 427

	 A0A009Q0U9	[395, 113, 112, 0, 111, 110, -1, -1, 0]

 ### Operon type: 428

	 A0A010SRB2	[23, 22, 0, 0, 0, 22, 21, 0, 0]

 ### Operon type: 429

	 A0A011VJ76	[64, 64, 63, 548, 0, 616, 315, 0, 601]

 ### Operon type: 430

	 A0A013SKX6	[0, 0, 640, 0, 385, 385, 334, 333, 332]

 ### Operon type: 431

	 A0A010KA25	[423, 0, 629, 392, 277, 0, 0, 423, 376]

 ### Operon type: 432

	 A0A011WUA8	[668, 0, 0, 344, 0, 0, 0, 343, 343]

 ### Operon type: 433

	 A0A010S4X6	[0, 239, 615, 604, 350, 0, 438, 316, 618]

 ### Operon type: 434

	 A0A011U8C0	[0, 170, 169, 0, 168, 167, 0, 0, 0]
