
 ### Operon type: 1

	 A0A011PVT3	[629, 515, 514, 513, 512, 511, 510, 509, 508]
	 A0A011R7V7	[629, 515, 514, 513, 512, 511, 510, 509, 508]
	 A0A011MET3	[629, 515, 514, 513, 512, 511, 510, 509, 508]

 ### Operon type: 2

	 A0A011UIA1	[293, 292, 291, 290, 289, 288, 287, 286, 0]
	 A0A011V5V3	[0, 293, 292, 291, 290, 289, 288, 287, 286]

 ### Operon type: 3

	 A0A011PTE7	[550, 549, 548, 547, 546, 0, 545, 544, 543]
	 A0A011NE72	[550, 549, 548, 547, 546, 545, 544, 543, 0]

 ### Operon type: 4

	 A0A011NEY3	[359, 581, 580, 579, 579, 578, 577, 576, 0]

 ### Operon type: 5

	 A0A011PAN4	[581, 580, 0, 579, 579, 578, 577, 576, 575]

 ### Operon type: 6

	 A0A011RCD5	[359, 581, 580, 579, 579, 578, 577, 576, 575]

 ### Operon type: 7

	 A0A010JSI3	[491, 490, 489, 488, 487, 486, 485, 484, 0]
	 A0A013T0M4	[491, 490, 489, 488, 487, 486, 485, 484, 0]
	 A0A009RGL2	[0, 490, 489, 488, 487, 486, 485, 484, 0]
	 A0A009HDS5	[491, 490, 489, 488, 487, 486, 485, 484, 0]

 ### Operon type: 8

	 A0A011PF67	[608, 607, 606, 605, 604, 0, 0, 0, 0]
	 A0A011NBX7	[608, 607, 606, 605, 604, 519, 0, 0, 0]
	 A0A011NW66	[608, 607, 606, 605, 604, 519, 0, 0, 0]

 ### Operon type: 9

	 A0A011NS68	[608, 607, 606, 605, 604, 603, 602, 616, 601]
	 A0A011RHX4	[608, 607, 606, 605, 604, 603, 602, 616, 0]

 ### Operon type: 10

	 A0A010JY00	[255, 524, 481, 389, 254, 692, 386, 695, 406]

 ### Operon type: 11

	 A0A013TH30	[524, 481, 389, 388, 387, 692, 386, 695, 406]

 ### Operon type: 12

	 A0A011QAS2	[0, 643, 642, 641, 640, 639, 638, 637, 636]
	 A0A011NEQ1	[0, 643, 642, 641, 640, 639, 638, 637, 636]

 ### Operon type: 13

	 A0A011QSF0	[0, 720, 719, 718, 717, 716, 715, 714, 0]
	 A0A011QBB5	[571, 720, 719, 718, 717, 716, 715, 714, 534]
	 A0A011Q0X6	[571, 720, 719, 718, 717, 716, 715, 714, 534]
	 A0A011Q1X8	[720, 0, 719, 718, 717, 716, 715, 714, 534]

 ### Operon type: 14

	 A0A011PG87	[571, 720, 719, 718, 717, 716, 715, 0, 0]

 ### Operon type: 15

	 A0A013SP43	[319, 318, 317, 316, 315, 314, 313, 312, 311]
	 A0A010K6G6	[319, 318, 317, 316, 315, 314, 313, 0, 311]
	 A0A009RUN3	[319, 318, 317, 316, 315, 314, 313, 312, 311]

 ### Operon type: 16

	 A0A009SZB5	[0, 0, 225, 224, 223, 0, 0, 0, 222]
	 A0A009HR98	[0, 0, 225, 224, 223, 0, 0, 0, 222]

 ### Operon type: 17

	 A0A009Z8F7	[65, 225, 66, 0, 223, 4, 4, 0, 0]

 ### Operon type: 18

	 A0A011QUG8	[709, 708, 707, 706, 705, 704, 0, 703, 702]
	 A0A011QIT1	[709, 708, 707, 706, 705, 704, 703, 702, 658]

 ### Operon type: 19

	 A0A011QAB0	[649, 648, 647, 0, 646, 645, 674, 644, 0]
	 A0A011PL71	[492, 649, 648, 647, 646, 645, 674, 644, 0]

 ### Operon type: 20

	 A0A011PIY7	[627, 0, 626, 625, 624, 623, 622, 0, 620]

 ### Operon type: 21

	 A0A011Q3J4	[0, 627, 626, 625, 624, 623, 622, 621, 0]

 ### Operon type: 22

	 A0A011MH88	[628, 627, 626, 625, 624, 623, 622, 621, 620]

 ### Operon type: 23

	 A0A009QBR9	[0, 0, 444, 396, 443, 0, 0, 439, 200]
	 A0A009TM70	[0, 445, 444, 396, 443, 0, 0, 439, 200]

 ### Operon type: 24

	 A0A010ILU3	[446, 445, 444, 0, 443, 442, 441, 440, 439]
	 A0A009QS71	[446, 445, 444, 396, 443, 442, 0, 440, 439]
	 A0A009MW50	[0, 445, 444, 396, 443, 442, 0, 440, 439]
	 A0A009H3B0	[0, 445, 444, 0, 443, 442, 441, 440, 439]

 ### Operon type: 25

	 A0A009I8S2	[0, 0, 444, 396, 443, 442, 440, 439, 200]

 ### Operon type: 26

	 A0A009ICH6	[420, 114, 113, 81, 254, 43, 42, 41, 695]
	 A0A009ZFR5	[420, 114, 113, 81, 254, 43, 42, 41, 695]

 ### Operon type: 27

	 A0A009GP96	[0, 62, 523, 476, 253, 61, 459, 60, 59]

 ### Operon type: 28

	 A0A009GSR4	[476, 253, 61, 459, 60, 59, 59, 58, 0]

 ### Operon type: 29

	 A0A009IIT6	[62, 523, 476, 253, 60, 59, 59, 58, 0]

 ### Operon type: 30

	 A0A009IS10	[185, 0, 0, 0, 184, 183, 182, 0, 0]

 ### Operon type: 31

	 A0A009QHW5	[0, 0, 0, 446, 184, 183, 182, 0, 118]

 ### Operon type: 32

	 A0A011UVB4	[0, 0, 0, 211, 0, 0, 185, 0, 72]

 ### Operon type: 33

	 A0A011TLH7	[370, 369, 368, 0, 0, 0, 0, 0, 0]
	 A0A011UG87	[368, 369, 370, 0, 0, 0, 0, 0, 0]

 ### Operon type: 34

	 A0A011QDV3	[541, 540, 539, 611, 538, 537, 536, 0, 535]
	 A0A011QIE8	[541, 540, 539, 611, 538, 537, 535, 0, 0]

 ### Operon type: 35

	 A0A011NYU6	[532, 531, 0, 530, 556, 16, 15, 0, 529]

 ### Operon type: 36

	 A0A011PYI6	[532, 531, 0, 530, 556, 529, 528, 662, 0]

 ### Operon type: 37

	 A0A011P1C0	[0, 0, 16, 15, 529, 0, 0, 0, 0]

 ### Operon type: 38

	 A0A011PP01	[560, 559, 558, 0, 0, 0, 0, 0, 0]
	 A0A011NVE7	[560, 559, 558, 0, 0, 0, 0, 0, 0]

 ### Operon type: 39

	 A0A013TH43	[385, 0, 0, 0, 384, 383, 382, 0, 381]
	 A0A009RAF0	[385, 0, 0, 0, 384, 383, 382, 0, 381]

 ### Operon type: 40

	 A0A013S8V2	[249, 248, 0, 0, 0, 247, 0, 0, 0]
	 A0A009R8E1	[0, 38, 0, 249, 248, 0, 0, 247, 0]

 ### Operon type: 41

	 A0A009QFZ7	[404, 403, 0, 0, 400, 0, 398, 397, 0]
	 A0A009TK03	[404, 403, 0, 0, 400, 0, 398, 397, 0]

 ### Operon type: 42

	 A0A013SPM5	[404, 403, 402, 401, 400, 399, 398, 397, 0]
	 A0A009MH71	[404, 403, 0, 401, 400, 399, 398, 397, 0]
	 A0A010IX62	[404, 403, 402, 401, 400, 0, 398, 397, 0]
	 A0A009HSL1	[404, 403, 402, 401, 400, 0, 398, 397, 0]

 ### Operon type: 43

	 A0A009I6Z0	[404, 403, 0, 401, 400, 0, 398, 397, 110]

 ### Operon type: 44

	 A0A009ZIX8	[0, 5, 402, 401, 400, 14, 0, 110, 0]

 ### Operon type: 45

	 A0A009I573	[105, 0, 170, 171, 0, 172, 197, 173, 174]

 ### Operon type: 46

	 A0A009ILP9	[175, 0, 174, 173, 197, 172, 194, 171, 170]

 ### Operon type: 47

	 A0A009I953	[175, 0, 174, 173, 197, 172, 194, 0, -1]

 ### Operon type: 48

	 A0A009QEG7	[199, 198, 0, 0, 197, 196, 195, 0, 194]
	 A0A009IPC3	[199, 198, 0, 0, 197, 196, 195, 0, 194]

 ### Operon type: 49

	 A0A009SX74	[569, 601, 0, 171, 194, 175, 198, 199, 0]

 ### Operon type: 50

	 A0A010JWJ1	[0, 260, 523, 0, 259, 258, 257, 256, 0]
	 A0A009I4A1	[0, 260, 523, 0, 259, 258, 257, 256, 0]

 ### Operon type: 51

	 A0A009QF22	[122, 121, 120, 0, 259, 258, 257, 256, 119]
	 A0A009TBY8	[122, 121, 120, 52, 259, 258, 257, 256, 119]

 ### Operon type: 52

	 A0A009ITT8	[181, 180, 179, 262, 261, 178, 230, 229, 228]

 ### Operon type: 53

	 A0A009NJ90	[181, 180, 179, 262, 0, 176, 178, 230, 229]

 ### Operon type: 54

	 A0A009HZK2	[263, 262, 261, 0, 0, 0, 0, 0, 0]

 ### Operon type: 55

	 A0A009IJ07	[265, 264, 263, 262, 261, 0, 0, 0, 0]

 ### Operon type: 56

	 A0A009S6G1	[265, 264, 263, 262, 261, 230, 229, 228, 227]

 ### Operon type: 57

	 A0A009S5A5	[261, 176, 178, 230, 229, 228, 79, 78, 227]

 ### Operon type: 58

	 A0A013TCN9	[396, 395, 394, 393, 392, 391, 390, 523, 611]
	 A0A009QNC9	[396, 395, 394, 393, 392, 391, 390, 523, 611]
	 A0A010ITG1	[396, 395, 394, 393, 392, 391, 390, 523, 611]
	 A0A009NIJ3	[396, 395, 394, 393, 392, 391, 390, 523, 611]
	 A0A013TRC1	[396, 395, 394, 393, 392, 391, 390, 523, 611]

 ### Operon type: 59

	 A0A009H935	[0, 0, 394, 393, 392, 391, 390, 523, 611]

 ### Operon type: 60

	 A0A009PJF7	[212, 213, 213, 214, 147, 215, 146, 145, 144]
	 A0A009SJZ7	[211, 212, 213, 214, 147, 215, 146, 145, 144]

 ### Operon type: 61

	 A0A009Z5G0	[215, 214, 213, 0, 378, 212, 211, 308]

 ### Operon type: 62

	 A0A010JJC1	[659, 453, 452, 451, 450, 449, 448, 458, 447]
	 A0A010IZ41	[453, 452, 451, 450, 449, 448, 458, 447, 317]

 ### Operon type: 63

	 A0A009QJL6	[659, 453, 452, 451, 0, 447, 317, 115, 0]

 ### Operon type: 64

	 A0A011P2I4	[645, 561, 626, 0, 0, 0, 0, 0, 0]
	 A0A011N9N8	[645, 561, 626, 0, 0, 0, 0, 0, 0]

 ### Operon type: 65

	 A0A009PIB4	[0, 0, 0, 131, 130, 129, 459, 523, 645]
	 A0A009SLR5	[0, 0, 0, 131, 130, 129, 459, 523, 645]

 ### Operon type: 66

	 A0A009HSU4	[0, 0, 468, 523, 0, 561, 594, 645, 459]

 ### Operon type: 67

	 A0A011SF89	[667, 666, 665, 0, 0, 0, 0, 0, 0]

 ### Operon type: 68

	 A0A011UCX7	[0, 649, 667, 666, 0, 665, 231, 0, 0]

 ### Operon type: 69

	 A0A011NYT4	[592, 591, 590, 589, 0, 475, 475, 474, 473]

 ### Operon type: 70

	 A0A011P8E9	[0, 0, 592, 591, 0, 590, 589, 0, 0]

 ### Operon type: 71

	 A0A010TF34	[0, -1, 0, 0, 31, 30, 29, 28, 27]
	 A0A010SYH9	[31, 30, 29, 28, 27, 0, 0, 0, 0]

 ### Operon type: 72

	 A0A010S7A1	[95, 94, 93, 92, 0, 91, 0, 0, 0]
	 A0A010TFJ4	[0, -1, 0, 95, 94, 93, 92, -1, 91]

 ### Operon type: 73

	 A0A009ICP5	[143, 321, 522, 142, 141, 0, 0, 139, 0]

 ### Operon type: 74

	 A0A009MMG9	[143, 321, 522, 142, 141, 0, 140, 139, 374]

 ### Operon type: 75

	 A0A009HTW0	[0, 217, 218, 0, 141, 0, 0, 139, 0]
	 A0A009QLL2	[0, 217, 218, 0, 141, 0, 0, 139, 0]

 ### Operon type: 76

	 A0A009SIV4	[216, 217, 218, 108, 141, 107, 0, 139, 374]

 ### Operon type: 77

	 A0A013TSJ4	[217, 218, 0, 108, 141, 0, 0, 139, 374]

 ### Operon type: 78

	 A0A009Z3V9	[523, 0, 0, 0, 0, 218, 467, 217, 216]

 ### Operon type: 79

	 A0A009T0Q9	[0, 0, 0, 0, 221, 240, 628, 523, 220]

 ### Operon type: 80

	 A0A009YJF4	[0, 474, 473, 20, 53, 628, 523, 0, 220]

 ### Operon type: 81

	 A0A009PAV9	[164, -1, 522, 163, 355, 459, 162, 161, 160]
	 A0A009HJC2	[164, 611, 522, 163, 355, 459, 162, 161, 160]

 ### Operon type: 82

	 A0A009SE02	[0, 160, 0, 0, 0, 161, 162, 459, 355]

 ### Operon type: 83

	 A0A011QNA5	[0, 505, 504, 503, 0, 502, 501, 500, 499]
	 A0A009ZLJ7	[499, 500, 501, 502, 0, 0, 505, 504, 503]

 ### Operon type: 84

	 A0A013T0T6	[502, 501, 500, 499, 438, 437, 408, 436, 407]
	 A0A009QMH5	[502, 501, 500, 499, 438, 437, 408, 436, 407]
	 A0A009HAX1	[502, 501, 500, 499, 438, 437, 408, 436, 407]

 ### Operon type: 85

	 A0A010ILW6	[502, 501, 500, 499, 438, 437, 0, 0, 436]

 ### Operon type: 86

	 A0A009Z9X7	[501, 500, 499, 0, 438, 0, 699, 0, 436]

 ### Operon type: 87

	 A0A009PE10	[0, 0, 0, 499, 438, 157, 408, 436, -1]

 ### Operon type: 88

	 A0A009RSB7	[594, 420, 582, 417, 148, 523, 523, 415, 414]
	 A0A009SYU8	[594, 420, 582, 417, 148, 523, 523, 415, 414]
	 A0A009HS41	[594, 420, 582, 417, 148, 523, 523, 415, 414]

 ### Operon type: 89

	 A0A010IT25	[594, 420, 582, 417, 416, 523, 523, 415, 414]
	 A0A013SHA9	[594, 420, 582, 417, 416, 523, 523, 415, 414]
	 A0A009I466	[594, 420, 582, 417, 416, 523, 523, 415, 414]

 ### Operon type: 90

	 A0A009NMQ9	[594, 420, 582, 417, 416, 0, 523, 523, 415]

 ### Operon type: 91

	 A0A009P8A9	[0, 0, 582, 417, 148, 523, 523, 415, 414]

 ### Operon type: 92

	 A0A011PGU1	[0, 0, 568, 567, 566, 565, 564, 563, 562]
	 A0A011MDH1	[470, 0, 568, 567, 566, 565, 564, 563, 562]

 ### Operon type: 93

	 A0A011V0P4	[339, 300, 0, 0, 299, 0, 0, 298, 297]

 ### Operon type: 94

	 A0A011WPV7	[298, 297, 0, 0, 0, 0, 0, 0, 0]

 ### Operon type: 95

	 A0A011RNP9	[0, 0, 0, 0, 0, 675, 674, 0, 0]

 ### Operon type: 96

	 A0A011V0B5	[670, 0, 0, 0, 0, 0, 675, 0, 0]

 ### Operon type: 97

	 A0A011RQC9	[0, 670, 669, 0, 0, 0, 0, 668, 0]

 ### Operon type: 98

	 A0A011QG28	[498, 497, 567, 0, 566, 565, 587, 496, 588]
	 A0A011RIM8	[498, 497, 0, 0, 566, 565, 587, 496, 588]

 ### Operon type: 99

	 A0A011PHI6	[600, 0, 599, 0, 0, 598, 706, 597, 0]

 ### Operon type: 100

	 A0A011QI68	[0, 0, 599, 598, 0, 0, 0, 0, 0]

 ### Operon type: 101

	 A0A011P700	[0, 0, 713, 712, 0, 0, 0, 0, 0]

 ### Operon type: 102

	 A0A011QSI4	[0, 0, 713, 712, 711, 0, 0, 0, 0]

 ### Operon type: 103

	 A0A011NVJ6	[462, 634, 633, 632, 631, 630, 0, 0, 461]

 ### Operon type: 104

	 A0A011PVP2	[0, 634, 633, 632, 631, 630, 0, 0, 629]

 ### Operon type: 105

	 A0A011NXY7	[0, 0, 633, 0, 631, 0, 0, 0, 0]

 ### Operon type: 106

	 A0A011QR69	[697, 696, 695, 694, 693, 692, 0, 0, 0]
	 A0A011NUB4	[697, 696, 695, 694, 693, 692, 0, 464, 0]

 ### Operon type: 107

	 A0A011NN36	[696, 695, 0, 0, 693, 692, 0, 0, 0]

 ### Operon type: 108

	 A0A011PK69	[695, 495, 0, 0, 693, 692, 0, 0, 0]

 ### Operon type: 109

	 A0A011RMI6	[684, 683, 682, 681, 680, 679, 678, 677, 676]
	 A0A011NYD6	[684, 683, 682, 681, 680, 679, 678, 677, 676]

 ### Operon type: 110

	 A0A011QB28	[635, 684, 683, 0, 0, 679, 678, 677, 676]

 ### Operon type: 111

	 A0A011NF33	[0, 679, 678, 0, 0, 0, 0, 0, 0]

 ### Operon type: 112

	 A0A011NBY4	[518, 0, 0, 517, 0, 0, 516, 0, 0]

 ### Operon type: 113

	 A0A011WRT0	[518, 0, 0, 0, 0, 0, 0, 662, 0]

 ### Operon type: 114

	 A0A011SHV5	[0, 0, 0, 0, 0, 660, 662, 659, 0]

 ### Operon type: 115

	 A0A011NB95	[0, 701, 0, 0, 0, 0, 522, 521, 520]

 ### Operon type: 116

	 A0A011UHT4	[115, 101, 521, 0, 0, 33, 33, 520, 0]

 ### Operon type: 117

	 A0A010Z1W7	[0, 0, 0, 0, 0, 48, 0, 337, 338]

 ### Operon type: 118

	 A0A011VY84	[0, 0, 338, 337, 0, 0, 0, 0, 0]

 ### Operon type: 119

	 A0A010YW85	[0, 0, 0, 0, 0, 341, 0, 337, 338]

 ### Operon type: 120

	 A0A010ZMA0	[337, 527, 0, 0, 0, 0, 0, 0, 0]

 ### Operon type: 121

	 A0A011N5L2	[0, 0, 0, 527, 0, 526, 525, 0, 0]

 ### Operon type: 122

	 A0A010SQJ5	[250, 142, 0, 366, 365, 364, 0, 0, 0]

 ### Operon type: 123

	 A0A010STD3	[0, 0, 0, 366, 365, 364, 0, 415, 302]

 ### Operon type: 124

	 A0A011TD67	[367, 0, 0, 366, 365, 364, 363, 0, 362]

 ### Operon type: 125

	 A0A009ZC12	[0, 0, 0, 366, 0, 364, 363, 3, 722]

 ### Operon type: 126

	 A0A010RFQ9	[0, 0, 483, 0, 482, 0, 0, 0, 0]

 ### Operon type: 127

	 A0A010SPR9	[19, 19, 0, 0, 0, 482, 0, 0, 0]

 ### Operon type: 128

	 A0A013S288	[0, 0, 0, 270, 355, 269, 268, 0, 266]
	 A0A010J3I1	[0, 0, 0, 270, 355, 269, 268, 0, 266]

 ### Operon type: 129

	 A0A013SXT2	[333, 272, 271, 270, 355, 269, 268, 267, 266]
	 A0A009PWG1	[333, 272, 271, 270, 355, 269, 268, 267, 266]

 ### Operon type: 130

	 A0A009ZJK4	[0, 0, 0, 0, 0, 0, 420, 24, 0]

 ### Operon type: 131

	 A0A010SVN1	[-1, 24, 523, 201, 331, 0, 0, 420, 0]

 ### Operon type: 132

	 A0A009IMX3	[426, 0, 424, 0, 422, 167, 167, 662, 166]
	 A0A009SF48	[426, 0, 424, 0, 422, -1, 167, 662, 166]

 ### Operon type: 133

	 A0A009QEX0	[426, 425, 424, 423, 422, 167, 167, 662, 166]

 ### Operon type: 134

	 A0A010ISX2	[426, 425, 424, 423, 422, 421, 420, 419, 418]
	 A0A009RES7	[426, 425, 424, 423, 422, 421, 420, 419, 418]
	 A0A013S7V1	[426, 425, 424, 423, 422, 421, 420, 419, 418]
	 A0A009MR00	[426, 425, 424, 423, 422, 421, 420, 419, 418]

 ### Operon type: 135

	 A0A009GYP9	[0, 0, 0, 423, 422, 421, 420, 419, 418]

 ### Operon type: 136

	 A0A009YTT3	[0, 0, 0, 0, 0, 0, 420, 419, 418]

 ### Operon type: 137

	 A0A009PFK7	[156, 155, 154, 153, 152, 0, 0, 151, 0]
	 A0A009QGN4	[156, 155, 154, 153, 152, 151, 0, 0, 0]

 ### Operon type: 138

	 A0A009YR20	[0, 151, 0, 0, 0, 0, 155, 0, 0]

 ### Operon type: 139

	 A0A013SB36	[246, 245, 244, 243, 242, 0, 473, 241, 240]
	 A0A009QSI3	[246, 245, 244, 243, 242, 0, 473, 241, -1]

 ### Operon type: 140

	 A0A010ITP2	[246, 245, 244, 243, 242, 0, 473, 0, 0]

 ### Operon type: 141

	 A0A009SII9	[-1, 245, 244, 243, 0, 0, 0, 0, 221]

 ### Operon type: 142

	 A0A009HZV2	[0, 0, 0, 0, 188, 187, 176, 0, 0]

 ### Operon type: 143

	 A0A009QPE7	[0, 0, 0, 0, 188, 187, 0, 0, 0]

 ### Operon type: 144

	 A0A009GXL8	[56, 55, 54, 0, 53, 52, 86, 117, 116]

 ### Operon type: 145

	 A0A010JIW7	[56, 55, 54, 0, 53, 0, 0, 86, 117]

 ### Operon type: 146

	 A0A009MGR3	[0, 0, 209, 0, 405, 78, 68, 208, 207]

 ### Operon type: 147

	 A0A009Q4G0	[0, 210, 209, 0, 405, 0, 208, 207, 208]

 ### Operon type: 148

	 A0A009PUJ8	[0, 159, 0, 0, 0, 158, 86, 117, 116]

 ### Operon type: 149

	 A0A009QJA8	[117, 116, 0, 0, 0, 0, 0, 0, 0]

 ### Operon type: 150

	 A0A009PB53	[0, 0, 159, 0, 0, 208, 207, 208, 158]

 ### Operon type: 151

	 A0A013SNJ8	[420, 0, 0, 310, 309, 355, 317, 0, 0]
	 A0A013RZW2	[420, 251, 0, 310, 309, 355, 317, 0, 0]
	 A0A010J9U3	[420, 0, 0, 310, 309, 355, 317, 0, 0]
	 A0A009SIZ4	[420, 251, 0, 310, 309, 0, 317, 149, 0]
	 A0A009RD69	[420, 251, 0, 310, 309, 355, 317, 149, 0]

 ### Operon type: 152

	 A0A009IV03	[0, 0, 439, 310, 309, 0, 317, 0, 0]
	 A0A009PH20	[0, 0, 439, 310, 309, 355, 317, 0, 0]

 ### Operon type: 153

	 A0A009YIZ0	[420, 251, 439, 310, 309, 355, 317, 149, 106]

 ### Operon type: 154

	 A0A009QA91	[204, 203, 594, 523, 357, 357, 202, 325, 201]
	 A0A010J377	[204, 203, 594, 523, 357, 357, 202, 325, 201]

 ### Operon type: 155

	 A0A009QQC0	[0, 0, 186, 523, 357, 357, 0, 325, 201]
	 A0A009MVG4	[186, 0, 358, 523, 357, 357, 0, 325, 201]

 ### Operon type: 156

	 A0A009H7I0	[0, 0, 0, 523, 357, 357, 202, 325, 201]

 ### Operon type: 157

	 A0A009S1X4	[204, 203, 594, 523, 357, 357, 523, 0, 80]

 ### Operon type: 158

	 A0A013SHF4	[0, 0, 358, 523, 357, 357, 0, 356, 0]

 ### Operon type: 159

	 A0A009H7U0	[435, 587, 0, 434, 433, 432, 431, 0, 0]

 ### Operon type: 160

	 A0A010IMP8	[435, 0, 0, 434, 433, 432, 431, 0, 430]

 ### Operon type: 161

	 A0A013SZ54	[435, 0, 340, 434, 433, 0, 0, 0, 0]

 ### Operon type: 162

	 A0A009ZM43	[-1, 587, 340, 434, 433, 432, 431, 85, 430]

 ### Operon type: 163

	 A0A009YSC7	[0, 0, 516, 1, 0, 1, 304, 303, 0]

 ### Operon type: 164

	 A0A013RVV2	[396, 0, 304, 303, 0, 0, 0, 302, 0]

 ### Operon type: 165

	 A0A011Q5S3	[658, 657, 0, 0, 0, 0, 656, 655, 654]

 ### Operon type: 166

	 A0A011UZZ4	[0, 656, 655, 0, 0, 0, 301, 301, 654]

 ### Operon type: 167

	 A0A010YKP2	[0, 0, 0, 0, 0, 0, 461, 296, 0]

 ### Operon type: 168

	 A0A011V1A2	[300, 0, 0, 296, 0, 0, 0, 0, 0]

 ### Operon type: 169

	 A0A011Q2B1	[0, 0, 0, 0, 0, 689, 688, 687, 686]

 ### Operon type: 170

	 A0A011RLN8	[0, 0, 0, 691, 690, 689, 688, 687, 686]

 ### Operon type: 171

	 A0A011NGS0	[0, 0, 0, 0, 613, 612, 0, 0, 0]

 ### Operon type: 172

	 A0A011PW61	[0, 0, 0, 0, 613, 612, 0, 0, 533]

 ### Operon type: 173

	 A0A011UXI1	[0, 493, 0, 0, 613, 612, 361, 0, 0]

 ### Operon type: 174

	 A0A011SWI9	[-1, -1, 0, 600, 613, 612, 361, -1, -1]

 ### Operon type: 175

	 A0A011P952	[612, 0, 583, 0, 0, 583, 0, 0, 0]

 ### Operon type: 176

	 A0A011NSG8	[0, 0, 0, 597, 472, 471, 0, 472, 0]

 ### Operon type: 177

	 A0A011P0X4	[0, 0, 470, 0, 472, 0, 0, 471, 38]

 ### Operon type: 178

	 A0A009MJ75	[0, 0, 125, 124, 123, 0, 0, 0, 476]

 ### Operon type: 179

	 A0A010IH51	[0, 374, 0, 0, 123, 0, 476, 0, 0]

 ### Operon type: 180

	 A0A010YNY9	[0, 0, 49, 25, 0, 0, 0, 0, 44]

 ### Operon type: 181

	 A0A011AC71	[80, 0, 0, 334, 0, 49, 25, 0, 594]

 ### Operon type: 182

	 A0A011PRW6	[552, 0, 0, 0, 551, 683, 682, 0, 0]
	 A0A011QLX0	[0, 552, 0, 0, 551, 0, 683, 682, 0]

 ### Operon type: 183

	 A0A010SML6	[0, 683, 682, -1, 0, 601, 0, 0, 0]

 ### Operon type: 184

	 A0A009P817	[206, 0, 0, 0, 128, 0, 343, 127, 126]

 ### Operon type: 185

	 A0A009TIY0	[0, 0, 0, 0, 128, 0, 343, 127, 0]

 ### Operon type: 186

	 A0A009QKA3	[343, 127, 0, 126, 0, 0, 0, 0, 156]

 ### Operon type: 187

	 A0A009S854	[-1, 0, 0, 226, 306, 0, 0, 0, 305]

 ### Operon type: 188

	 A0A013RMD0	[-1, 0, 479, 0, 306, 483, 0, 0, 305]

 ### Operon type: 189

	 A0A009HFU9	[0, 64, 0, 0, 63, 459, 0, 0, 0]
	 A0A009R016	[0, 64, 0, 0, 63, -1, 459, 0, 0]

 ### Operon type: 190

	 A0A009HSR2	[0, 104, 103, 0, 102, 135, 136, 176, 137]

 ### Operon type: 191

	 A0A009SWM1	[0, 104, 103, 0, 102, 0, 0, 136, 0]

 ### Operon type: 192

	 A0A009MYX0	[138, 137, 0, 468, 0, 0, 136, 135, 134]

 ### Operon type: 193

	 A0A009QK79	[0, 0, 134, 135, 0, 136, 0, 0, 137]

 ### Operon type: 194

	 A0A009GXJ1	[295, 294, 135, 136, 57, 176, 137, 138, 0]

 ### Operon type: 195

	 A0A010IT95	[0, 0, 0, 459, 413, 412, 411, 410, 409]
	 A0A013TKW8	[0, 573, 0, 459, 413, 412, 411, 410, 409]
	 A0A009QT77	[0, 0, -1, 459, 413, 412, 411, 410, 409]
	 A0A009PRQ9	[0, 459, 132, 0, 413, 412, 411, 410, 409]
	 A0A009MH36	[0, 0, 0, 459, 413, 412, 411, 410, 409]
	 A0A009S0T6	[0, 0, 459, 132, 413, 412, 411, 410, 409]
	 A0A009GWD0	[176, 0, 0, 459, 413, 412, 411, 410, 409]
	 A0A009I5G9	[0, 0, 459, 132, 413, 412, 411, 410, 409]

 ### Operon type: 196

	 A0A013TMJ7	[611, -1, 0, 459, 413, 410, 409, 0, 0]

 ### Operon type: 197

	 A0A009HJJ5	[324, 457, 456, 0, 455, 454, 0, 589, 67]
	 A0A009I8I7	[324, 457, 456, 69, 455, 454, 0, 589, 67]

 ### Operon type: 198

	 A0A010JJN4	[0, 457, 456, 0, 455, 454, 0, 589, 525]
	 A0A013TPR7	[324, 457, 456, 0, 455, 454, 0, 589, 525]
	 A0A009PMT3	[324, 457, 456, 0, 455, 454, 133, 589, 525]
	 A0A009RMI1	[0, 457, 456, 0, 455, 454, 0, 589, 0]
	 A0A009YG45	[0, 324, 457, 456, 455, 0, 454, 133, 589]

 ### Operon type: 199

	 A0A009SEP4	[324, 457, 456, 69, 455, 0, 454, 133, 0]

 ### Operon type: 200

	 A0A009NI48	[324, 457, 456, 0, 455, 0, 0, 0, -1]

 ### Operon type: 201

	 A0A011WLE7	[0, 0, 0, 0, 0, 189, 0, 0, 0]
	 A0A011VU44	[0, 0, 0, 0, 0, 189, 0, 0, 0]

 ### Operon type: 202

	 A0A011VAP2	[0, 0, 97, 0, 0, 0, 0, 0, 283]

 ### Operon type: 203

	 A0A011VRJ8	[0, 0, 0, 0, 0, 0, 97, 0, 0]

 ### Operon type: 204

	 A0A011RNU1	[0, 0, 0, 0, 0, 0, 673, 673, 672]

 ### Operon type: 205

	 A0A011VKJ9	[0, 0, 0, 0, 0, 0, 672, 673, -1]

 ### Operon type: 206

	 A0A011V490	[0, 350, 0, 0, 0, 0, 0, 0, 0]
	 A0A011WT35	[350, 0, 0, 0, 0, 0, 0, 0, 0]

 ### Operon type: 207

	 A0A009T185	[696, 0, 542, 542, 428, 695, 542, 427, 630]

 ### Operon type: 208

	 A0A010IN36	[429, 611, 0, 0, 428, 695, 542, 427, 630]

 ### Operon type: 209

	 A0A009PG43	[695, 542, 150, 698, 0, 427, 630, 0, 0]

 ### Operon type: 210

	 A0A011PQZ7	[0, 0, 0, 557, 556, 0, 555, 0, 0]

 ### Operon type: 211

	 A0A011TUX4	[0, 0, 0, 0, 556, 0, 0, 555, 0]

 ### Operon type: 212

	 A0A011STZ9	[0, 0, 0, 555, 0, 0, 0, 0, 0]

 ### Operon type: 213

	 A0A011PRF5	[553, 0, 0, 0, 0, 0, 0, 0, 0]
	 A0A011PUJ9	[0, 0, 0, 0, 0, 0, 0, 0, 553]

 ### Operon type: 214

	 A0A011PFY8	[0, 0, 0, 0, 0, 0, 0, 0, 572]

 ### Operon type: 215

	 A0A011PNS3	[698, 572, 0, 0, 0, 0, 0, 0, 0]

 ### Operon type: 216

	 A0A011T648	[0, 572, 0, 0, 0, 0, 0, 695, 0]

 ### Operon type: 217

	 A0A011U3C2	[0, 0, 587, 0, 0, 0, 0, 0, 0]
	 A0A011AEN3	[0, 0, 0, 0, 0, 0, 587, 0, 0]

 ### Operon type: 218

	 A0A011AAZ2	[0, 46, 0, 0, 0, 587, 587, 587, 0]

 ### Operon type: 219

	 A0A011T698	[0, 0, 0, 0, 0, 594, 587, 0, 0]

 ### Operon type: 220

	 A0A009SNL0	[71, 70, 0, 0, 0, 0, 0, 0, 0]

 ### Operon type: 221

	 A0A009ZZC8	[-1, 70, 71, 0, 0, 0, 0, 0, 0]

 ### Operon type: 222

	 A0A009ZG48	[0, 0, 0, 573, 0, 0, 0, 0, 0]

 ### Operon type: 223

	 A0A011PEJ8	[0, 0, 574, 573, 0, 0, 0, 0, 0]

 ### Operon type: 224

	 A0A011QNJ7	[617, 0, 0, 573, 0, 0, 0, 617, 0]

 ### Operon type: 225

	 A0A011MMJ4	[0, 0, 0, 0, 0, 0, 0, 617, 0]

 ### Operon type: 226

	 A0A011R8M3	[0, 0, 574, 573, 0, 360, 0, 617, 0]

 ### Operon type: 227

	 A0A009TJ77	[0, 109, 0, 0, 0, 0, 0, 0, 0]

 ### Operon type: 228

	 A0A010RTE7	[0, 0, 0, 0, 0, 0, 28, 109, 0]

 ### Operon type: 229

	 A0A013TPQ9	[330, 329, 328, 327, 326, 523, 611, 325, 526]
	 A0A013S8F0	[330, 329, 328, 327, 326, 523, 611, 325, 526]
	 A0A009PMU2	[330, 329, 328, -1, 326, 523, 611, 325, 526]
	 A0A009SZ84	[330, 329, 328, 327, 326, 523, 611, 325, 526]

 ### Operon type: 230

	 A0A009IG48	[0, 0, 0, 169, 168, 0, 0, 0, 601]

 ### Operon type: 231

	 A0A009IMQ0	[0, 0, 0, 169, 168, 0, 0, 0, 0]

 ### Operon type: 232

	 A0A009SWV1	[0, 0, 0, 0, 0, 0, 0, 169, 0]

 ### Operon type: 233

	 A0A011TAW2	[0, 0, 0, 0, 0, 0, 333, 0, 0]
	 A0A009SFX8	[333, 0, 0, 0, 0, 0, 0, 0, 0]

 ### Operon type: 234

	 A0A011TZN1	[0, 0, 0, 0, 285, 0, 0, 0, 0]
	 A0A009RHH9	[0, 0, 0, 0, 285, 0, 0, 0, 0]

 ### Operon type: 235

	 A0A009Q512	[0, 0, 0, 0, 205, 0, 0, 0, 0]
	 A0A009PMZ9	[205, 0, 0, 0, 0, 0, 0, 0, 0]

 ### Operon type: 236

	 A0A009IFL2	[0, 40, 0, 39, -1, 0, 0, 0]

 ### Operon type: 237

	 A0A009ZDS1	[-1, -1, 0, 40, 0, 0, 453, 0, 0]

 ### Operon type: 238

	 A0A010IZH1	[-1, 329, 328, 327, 326, 523, 0, 0, 0]
	 A0A009NPS1	[0, 329, 328, 327, 326, -1, 0, 0, 0]
	 A0A009HJM0	[0, 329, 328, 327, 326, 523, 0, 0, 0]

 ### Operon type: 239

	 A0A009HUS9	[329, 328, 0, 0, 0, 0, -1, 0, 0]

 ### Operon type: 240

	 A0A009HM15	[0, 89, 88, 0, 0, 0, -1, 0, 0]

 ### Operon type: 241

	 A0A009RQL5	[0, 0, 0, 0, 0, 0, 89, 88, 0]

 ### Operon type: 242

	 A0A009IJ01	[0, 0, 0, 0, 0, 0, 89, 88, 87]

 ### Operon type: 243

	 A0A009NCH6	[0, 0, 0, 0, 0, 0, 0, 88, 87]

 ### Operon type: 244

	 A0A011UB51	[336, 0, 0, 0, 0, 0, 0, 0, 0]
	 A0A011UFH1	[0, 0, 0, 0, 0, 336, 0, 0, 0]

 ### Operon type: 245

	 A0A011V965	[0, -1, -1, 0, 98, 0, -1, -1, 0]
	 A0A011VHP2	[0, -1, -1, -1, 98, 0, 0, 0, 0]

 ### Operon type: 246

	 A0A010RVD0	[-1, 0, 0, -1, 0, 714, 714, 0, 21]

 ### Operon type: 247

	 A0A010T7Q5	[0, 21, 0, 0, 0, 0, -1, 0, 0]

 ### Operon type: 248

	 A0A010SNM6	[0, 0, -1, 0, 0, 0, 611, 0, 0]
	 A0A010SRR2	[0, 0, -1, 0, 0, 0, 0, 0, 611]

 ### Operon type: 249

	 A0A010SJH7	[0, 0, 611, -1, 0, 0, 202, 0, 0]

 ### Operon type: 250

	 A0A010RKP8	[0, 0, 0, 0, 0, 0, -1, 0, 0]
	 A0A011V107	[0, -1, 0, 0, 0, 0, 0, 0, 0]
	 A0A009RG92	[-1, 0, 0, 0, 0, 0, 0, 0, 0]
	 A0A011U7M7	[0, 0, -1, 0, 0, 0, 0, 0, 0]
	 A0A009QDV7	[-1, 0, 0, 0, 0, 0, 0, 0, 0]
	 A0A009PH57	[0, 0, -1, 0, 0, 0, 0, 0, 0]
	 A0A009N9Z1	[-1, 0, 0, 0, 0, 0, 0, 0, 0]
	 A0A010JDA6	[-1, 0, 0, 0, 0, 0, 0, 0, 0]
	 A0A009H6M2	[-1, 0, 0, 0, 0, 0, 0, 0, 0]
	 A0A009HJU6	[0, 0, 0, 0, 0, 0, 0, 0, -1]
	 A0A010TF14	[-1, 0, 0, 0, 0, 0, 0, 0, 0]
	 A0A010RY47	[-1, 0, -1, 0, 0, 0, 0, 0, 0]
	 A0A011UZ32	[0, 0, 0, 0, 0, -1, 0, 0, 0]
	 A0A011UZ49	[0, -1, 0, 0, 0, 0, 0, 0, 0]
	 A0A009IHQ3	[-1, 0, 0, 0, 0, 0, 0, 0, 0]
	 A0A009TG92	[0, 0, -1, 0, 0, 0, 0, 0, 0]

 ### Operon type: 251

	 A0A010SJF9	[0, 0, 0, 0, 0, -1, 0, 50, -1]

 ### Operon type: 252

	 A0A010T5D8	[0, 0, 0, -1, 0, -1, 317, 0, 0]

 ### Operon type: 253

	 A0A011ML54	[0, 0, 0, 619, 0, 0, 0, 0, -1]

 ### Operon type: 254

	 A0A011NHY1	[0, 0, 0, 0, 0, 611, 0, 0, 0]

 ### Operon type: 255

	 A0A010Z171	[0, 0, 0, 0, 0, 0, 611, 0, 468]

 ### Operon type: 256

	 A0A010ZX98	[0, 0, 0, 0, 0, 10, 611, 611, 0]

 ### Operon type: 257

	 A0A010YRE8	[0, 0, 0, 0, 0, 0, 0, 10, 0]

 ### Operon type: 258

	 A0A011AF05	[0, 0, 80, 10, 0, 0, 0, 0, 0]

 ### Operon type: 259

	 A0A011SQL0	[596, 0, -1, 0, 0, 0, 0, 0, 0]

 ### Operon type: 260

	 A0A009ZC82	[0, 0, 596, 0, 0, 0, 0, 0, 0]

 ### Operon type: 261

	 A0A011P3F6	[601, 0, 0, 596, 0, 0, 0, 0, 0]

 ### Operon type: 262

	 A0A011T697	[611, 0, 0, 0, 0, 0, 0, 0, 343]

 ### Operon type: 263

	 A0A011TDD1	[0, 332, 611, 0, 0, 0, 0, 0, 0]

 ### Operon type: 264

	 A0A011VW24	[0, 0, 700, 0, 0, 0, 0, 0, -1]

 ### Operon type: 265

	 A0A011T8V3	[0, 0, 700, 0, 0, 0, 0, 0, 0]

 ### Operon type: 266

	 A0A010TH98	[533, 0, 0, 700, 0, 0, 0, 0, 0]

 ### Operon type: 267

	 A0A011QVR3	[0, 0, 0, 0, 0, 0, 0, 701, 700]

 ### Operon type: 268

	 A0A011RM25	[0, 0, 0, 0, 0, 700, 0, 685, 0]

 ### Operon type: 269

	 A0A011VXC2	[-1, 349, 0, 0, 0, 0, 0, 0, 0]

 ### Operon type: 270

	 A0A011VYF1	[700, 0, 0, 0, 0, 0, 336, 0, 0]

 ### Operon type: 271

	 A0A010S415	[-1, 700, 0, 201, 0, 0, 0, 0, 442]

 ### Operon type: 272

	 A0A011QSN2	[0, 0, 0, 0, 0, 0, 0, 0, 0]
	 A0A011SGD5	[0, 0, 0, 0, 0, 0, 0, 0, 0]
	 A0A011NMI8	[0, 0, 0, 0, 0, 0, 0, 0, 0]
	 A0A011P4U7	[0, 0, 0, 0, 0, 0, 0, 0, 0]
	 A0A011P9Z5	[0, 0, 0, 0, 0, 0, 0, 0, 0]
	 A0A011PBM9	[0, 0, 0, 0, 0, 0, 0, 0, 0]
	 A0A011Q056	[0, 0, 0, 0, 0, 0, 0, 0, 0]
	 A0A011Q1B3	[0, 0, 0, 0, 0, 0, 0, 0, 0]
	 A0A011NAJ1	[0, 0, 0, 0, 0, 0, 0, 0, 0]
	 A0A011NAY5	[0, 0, 0, 0, 0, 0, 0, 0, 0]
	 A0A011NDM5	[0, 0, 0, 0, 0, 0, 0, 0, 0]
	 A0A011QMJ8	[0, 0, 0, 0, 0, 0, 0, 0, 0]
	 A0A011PKU5	[0, 0, 0, 0, 0, 0, 0, 0, 0]
	 A0A011PJK8	[0, 0, 0, 0, 0, 0, 0, 0, 0]
	 A0A011PNN2	[0, 0, 0, 0, 0, 0, 0, 0, 0]
	 A0A011QVV5	[0, 0, 0, 0, 0, 0, 0, 0, 0]
	 A0A011N2Z0	[0, 0, 0, 0, 0, 0, 0, 0, 0]
	 A0A011N3C3	[0, 0, 0, 0, 0, 0, 0, 0, 0]
	 A0A011N4G4	[0, 0, 0, 0, 0, 0, 0, 0, 0]
	 A0A011NTU3	[0, 0, 0, 0, 0, 0, 0, 0, 0]
	 A0A010IPH1	[0, 0, 0, 0, 0, 0, 0, 0, 0]
	 A0A013T8M5	[0, 0, 0, 0, 0, 0, 0, 0, 0]
	 A0A013TEV4	[0, 0, 0, 0, 0, 0, 0, 0, 0]
	 A0A011TWN2	[0, 0, 0, 0, 0, 0, 0, 0, 0]
	 A0A011VYF6	[0, 0, 0, 0, 0, 0, 0, 0, 0]
	 A0A011TAF9	[0, 0, 0, 0, 0, 0, 0, 0, 0]
	 A0A011TLH0	[0, 0, 0, 0, 0, 0, 0, 0, 0]
	 A0A013TPV4	[0, 0, 0, 0, 0, 0, 0, 0, 0]
	 A0A013SL47	[0, 0, 0, 0, 0, 0, 0, 0, 0]
	 A0A011WUT3	[0, 0, 0, 0, 0, 0, 0, 0, 0]
	 A0A011UHL2	[0, 0, 0, 0, 0, 0, 0, 0, 0]
	 A0A011WSE5	[0, 0, 0, 0, 0, 0, 0, 0, 0]
	 A0A013S2B9	[0, 0, 0, 0, 0, 0, 0, 0, 0]
	 A0A013SBR8	[0, 0, 0, 0, 0, 0, 0, 0, 0]
	 A0A011UBN9	[0, 0, 0, 0, 0, 0, 0, 0, 0]
	 A0A009T1I8	[0, 0, 0, 0, 0, 0, 0, 0, 0]
	 A0A011VWR4	[0, 0, 0, 0, 0, 0, 0, 0, 0]
	 A0A011WKI4	[0, 0, 0, 0, 0, 0, 0, 0, 0]
	 A0A009QQ47	[0, 0, 0, 0, 0, 0, 0, 0, 0]
	 A0A009ISY0	[0, 0, 0, 0, 0, 0, 0, 0, 0]
	 A0A009M4K0	[0, 0, 0, 0, 0, 0, 0, 0, 0]
	 A0A009MGJ1	[0, 0, 0, 0, 0, 0, 0, 0, 0]
	 A0A009MGQ8	[0, 0, 0, 0, 0, 0, 0, 0, 0]
	 A0A009I0I9	[0, 0, 0, 0, 0, 0, 0, 0, 0]
	 A0A009IRJ6	[0, 0, 0, 0, 0, 0, 0, 0, 0]
	 A0A009PDV4	[0, 0, 0, 0, 0, 0, 0, 0, 0]
	 A0A009PG53	[0, 0, 0, 0, 0, 0, 0, 0, 0]
	 A0A009MMM3	[0, 0, 0, 0, 0, 0, 0, 0, 0]
	 A0A009N031	[0, 0, 0, 0, 0, 0, 0, 0, 0]
	 A0A009N123	[0, 0, 0, 0, 0, 0, 0, 0, 0]
	 A0A009PT82	[0, 0, 0, 0, 0, 0, 0, 0, 0]
	 A0A009NQA1	[0, 0, 0, 0, 0, 0, 0, 0, 0]
	 A0A010IZE4	[0, 0, 0, 0, 0, 0, 0, 0, 0]
	 A0A009SWU0	[0, 0, 0, 0, 0, 0, 0, 0, 0]
	 A0A011VZG0	[0, 0, 0, 0, 0, 0, 0, 0, 0]
	 A0A011VW71	[0, 0, 0, 0, 0, 0, 0, 0, 0]
	 A0A011V8Y9	[0, 0, 0, 0, 0, 0, 0, 0, 0]
	 A0A010SHY1	[0, 0, 0, 0, 0, 0, 0, 0, 0]
	 A0A009MH90	[0, 0, 0, 0, 0, 0, 0, 0, 0]
	 A0A009Q3K7	[0, 0, 0, 0, 0, 0, 0, 0, 0]
	 A0A009HBT3	[0, 0, 0, 0, 0, 0, 0, 0, 0]
	 A0A009RR21	[0, 0, 0, 0, 0, 0, 0, 0, 0]
	 A0A011VMV7	[0, 0, 0, 0, 0, 0, 0, 0, 0]
	 A0A011VNE2	[0, 0, 0, 0, 0, 0, 0, 0, 0]
	 A0A011VSC9	[0, 0, 0, 0, 0, 0, 0, 0, 0]
	 A0A011VUV0	[0, 0, 0, 0, 0, 0, 0, 0, 0]
	 A0A009SCM5	[0, 0, 0, 0, 0, 0, 0, 0, 0]
	 A0A009RHH7	[0, 0, 0, 0, 0, 0, 0, 0, 0]
	 A0A009RMD0	[0, 0, 0, 0, 0, 0, 0, 0, 0]
	 A0A009HTN9	[0, 0, 0, 0, 0, 0, 0, 0, 0]
	 A0A009HIL8	[0, 0, 0, 0, 0, 0, 0, 0, 0]
	 A0A009HL81	[0, 0, 0, 0, 0, 0, 0, 0, 0]
	 A0A009I463	[0, 0, 0, 0, 0, 0, 0, 0, 0]
	 A0A011UTJ0	[0, 0, 0, 0, 0, 0, 0, 0, 0]
	 A0A011UWH1	[0, 0, 0, 0, 0, 0, 0, 0, 0]
	 A0A009R2X0	[0, 0, 0, 0, 0, 0, 0, 0, 0]
	 A0A009R4N4	[0, 0, 0, 0, 0, 0, 0, 0, 0]
	 A0A009RBQ2	[0, 0, 0, 0, 0, 0, 0, 0, 0]
	 A0A009QVK8	[0, 0, 0, 0, 0, 0, 0, 0, 0]
	 A0A009SHB3	[0, 0, 0, 0, 0, 0, 0, 0, 0]
	 A0A009SIF9	[0, 0, 0, 0, 0, 0, 0, 0, 0]
	 A0A011UFM5	[0, 0, 0, 0, 0, 0, 0, 0, 0]
	 A0A011UG71	[0, 0, 0, 0, 0, 0, 0, 0, 0]
	 A0A011UGX8	[0, 0, 0, 0, 0, 0, 0, 0, 0]
	 A0A009PAG1	[0, 0, 0, 0, 0, 0, 0, 0, 0]
	 A0A010ZJQ6	[0, 0, 0, 0, 0, 0, 0, 0, 0]
	 A0A010YJA7	[0, 0, 0, 0, 0, 0, 0, 0, 0]
	 A0A010T025	[0, 0, 0, 0, 0, 0, 0, 0, 0]
	 A0A010SPJ7	[0, 0, 0, 0, 0, 0, 0, 0, 0]
	 A0A010SSQ8	[0, 0, 0, 0, 0, 0, 0, 0, 0]
	 A0A010ZTI3	[0, 0, 0, 0, 0, 0, 0, 0, 0]
	 A0A011A146	[0, 0, 0, 0, 0, 0, 0, 0, 0]
	 A0A011AIL7	[0, 0, 0, 0, 0, 0, 0, 0, 0]
	 A0A010YZS8	[0, 0, 0, 0, 0, 0, 0, 0, 0]
	 A0A010Z120	[0, 0, 0, 0, 0, 0, 0, 0, 0]
	 A0A009T3J5	[0, 0, 0, 0, 0, 0, 0, 0, 0]

 ### Operon type: 273

	 A0A010TG27	[615, 0, 32, 0, 0, 0, 523, 0, 0]

 ### Operon type: 274

	 A0A011PMK1	[0, 0, 0, 0, 0, 0, 0, 615, 0]

 ### Operon type: 275

	 A0A009HRU1	[0, 135, 0, 0, 0, 0, 0, 0, 0]

 ### Operon type: 276

	 A0A009HSN8	[0, 210, 0, 0, 0, -1, 0, 158, -1]

 ### Operon type: 277

	 A0A009HV82	[86, 0, 0, 0, 0, 0, 0, 0, 0]

 ### Operon type: 278

	 A0A009IG74	[0, 0, 124, 0, 355, -1, 0, 0, 0]

 ### Operon type: 279

	 A0A009IJ90	[0, 51, 0, 0, 0, 0, 0, 0, 0]

 ### Operon type: 280

	 A0A009ISE1	[454, 0, 589, 0, 0, -1, 0, 0, 0]

 ### Operon type: 281

	 A0A009NM94	[0, 664, 664, 0, 0, 0, 332, 0, 0]

 ### Operon type: 282

	 A0A009Q4N5	[0, 0, 206, 0, 0, 0, 0, 0, 0]

 ### Operon type: 283

	 A0A009SSZ9	[0, 105, 0, 0, 0, 0, 0, 0, 0]

 ### Operon type: 284

	 A0A009TBM2	[0, 0, 0, 0, 0, 0, 0, 0, 266]

 ### Operon type: 285

	 A0A009Q8S9	[0, 0, 601, 266, 0, 371, 0, 0, 0]

 ### Operon type: 286

	 A0A009YIH1	[0, 0, 0, 0, 227, 0, -1, -1, 2]

 ### Operon type: 287

	 A0A009YR05	[0, 0, 0, 0, 45, 0, 0, 0, 0]

 ### Operon type: 288

	 A0A009Z004	[219, 0, 219, 0, 0, 468, 0, 0, 0]

 ### Operon type: 289

	 A0A010IGH8	[0, 0, 0, 0, 0, 0, 0, 302, 0]

 ### Operon type: 290

	 A0A010JIN9	[451, 0, 0, 109, 194, 0, 0, 0, 0]

 ### Operon type: 291

	 A0A010RS09	[0, 0, 0, 0, 28, 0, 618, 618, 0]

 ### Operon type: 292

	 A0A010RUQ5	[0, 0, 0, 0, 0, 0, 0, 0, 237]

 ### Operon type: 293

	 A0A010S195	[596, 0, 48, 47, 0, 0, 0, 0, 0]

 ### Operon type: 294

	 A0A010SCZ2	[0, 0, 0, 0, 0, 0, 0, 282, 0]

 ### Operon type: 295

	 A0A010SN41	[0, 0, 0, 0, 279, 0, 0, 0, 0]

 ### Operon type: 296

	 A0A010SSU2	[0, 0, 0, 0, 57, 0, -1, 584, 0]

 ### Operon type: 297

	 A0A010SUP6	[0, 0, 0, 0, 0, 0, 0, 47, 0]

 ### Operon type: 298

	 A0A010SUY9	[0, 0, 0, 0, 0, 360, 574, 0]

 ### Operon type: 299

	 A0A010THK2	[0, 0, -1, 0, 0, 618, 468, 0, 0]

 ### Operon type: 300

	 A0A010SRL4	[32, 0, 0, -1, 0, 0, 0, 468, 165]

 ### Operon type: 301

	 A0A010YF95	[654, 0, 0, 0, 0, 0, 0, 0, 0]

 ### Operon type: 302

	 A0A010YT39	[0, 614, 0, 0, 0, 0, 0, 0, 0]

 ### Operon type: 303

	 A0A010YX61	[238, 587, 0, 700, 0, 0, 0, 0, 0]

 ### Operon type: 304

	 A0A010ZWJ8	[0, 0, 0, 0, 0, 586, 0, 0, 0]

 ### Operon type: 305

	 A0A009ZVR4	[669, 0, 587, 0, 0, 37, 0, 0, 0]

 ### Operon type: 306

	 A0A011AHW1	[0, 0, 0, 0, 0, 0, 0, 11, 0]

 ### Operon type: 307

	 A0A011NE37	[340, 0, 0, 0, 0, 0, 0, 0, 0]

 ### Operon type: 308

	 A0A011NF78	[0, 0, 721, 0, 0, 0, 0, 0, 0]

 ### Operon type: 309

	 A0A011NVE2	[0, 0, 0, 695, 0, 0, 611, 0, 463]

 ### Operon type: 310

	 A0A011NXJ4	[0, 0, 0, 0, 0, 0, 0, 0, 460]

 ### Operon type: 311

	 A0A011P8I1	[0, 0, 588, 587, 0, 0, 0, 0, 586]

 ### Operon type: 312

	 A0A011P9Q7	[582, 0, 0, 0, 0, 0, 0, 0, 0]

 ### Operon type: 313

	 A0A011PCT1	[0, 0, 0, 0, 0, 0, 0, 686, 0]

 ### Operon type: 314

	 A0A011PJ75	[0, 695, 542, 695, 0, 0, 0, 0, 0]

 ### Operon type: 315

	 A0A011PRB4	[0, 0, 0, 0, 0, 0, 0, 554, 0]

 ### Operon type: 316

	 A0A011Q5V7	[653, 0, 0, 0, 0, 0, 0, 0, 0]

 ### Operon type: 317

	 A0A011QU35	[0, 0, 0, 0, 710, 0, 0, 0, 0]

 ### Operon type: 318

	 A0A011QVT2	[699, 0, 0, 0, 0, 0, 0, 698, 0]

 ### Operon type: 319

	 A0A011RP14	[0, 0, 0, 0, 0, 0, 0, 671, 0]

 ### Operon type: 320

	 A0A011SM49	[611, 0, 671, 0, 0, 0, 376, 0, 0]

 ### Operon type: 321

	 A0A011AM27	[555, 0, 0, 0, 455, 0, 0, 0, 22]

 ### Operon type: 322

	 A0A011T607	[0, 0, 629, 0, 0, 0, 0, 0, 332]

 ### Operon type: 323

	 A0A010S5W8	[0, 0, 469, 629, 0, 0, 0, 0, 0]

 ### Operon type: 324

	 A0A011MSR2	[0, 0, 0, 469, 0, 0, 0, 649, 0]

 ### Operon type: 325

	 A0A010YYJ5	[0, 0, 0, 649, 0, 0, 0, 37, 37]

 ### Operon type: 326

	 A0A011TED9	[0, 0, 0, 0, 0, 335, 0, 0, 0]

 ### Operon type: 327

	 A0A011TXS5	[0, 375, 0, 0, 0, 0, 0, 0, 0]

 ### Operon type: 328

	 A0A011U144	[0, 237, 0, 0, 0, 0, 460, 400, 0]

 ### Operon type: 329

	 A0A011U1C8	[594, 0, 0, 0, 0, 0, 0, 0, 236]

 ### Operon type: 330

	 A0A011U483	[0, 0, 0, 0, 0, 593, 0, 0, 0]

 ### Operon type: 331

	 A0A011UDF3	[0, 0, 0, 0, 0, 367, 0, 0, 0]

 ### Operon type: 332

	 A0A011UG86	[0, 597, 0, 0, 0, 50, 0, 0, 0]

 ### Operon type: 333

	 A0A011UGY3	[0, 0, 0, 34, 0, 0, 0, 34, 0]

 ### Operon type: 334

	 A0A011UJN3	[0, 427, 0, 0, 0, 0, 0, 0, 0]

 ### Operon type: 335

	 A0A009INE0	[429, 0, 0, 0, 0, 0, 0, 542, 427]

 ### Operon type: 336

	 A0A011UQB5	[661, 517, 0, 0, 0, 0, 0, 336, 0]

 ### Operon type: 337

	 A0A011UVI5	[0, 0, 0, 0, 0, 44, 695, 695, 0]

 ### Operon type: 338

	 A0A011UWI3	[0, 0, 0, 0, 130, 0, 96, 596, 0]

 ### Operon type: 339

	 A0A011V5E6	[0, 0, 0, 0, 0, 351, 0, 0, 0]

 ### Operon type: 340

	 A0A011M4H6	[283, 0, 480, 0, 0, 0, 0, 0, 0]

 ### Operon type: 341

	 A0A011VSV3	[0, 0, 0, 0, 0, 0, 567, 0, 0]

 ### Operon type: 342

	 A0A011VWI0	[0, 0, 0, 0, 0, 101, 0, 0, 0]

 ### Operon type: 343

	 A0A011VZ91	[192, 0, 0, 0, 0, 0, 0, 0, 0]

 ### Operon type: 344

	 A0A011W213	[0, 0, 0, 0, 0, 464, 0, 0, 0]

 ### Operon type: 345

	 A0A011WP76	[0, 0, 0, 0, 0, 0, 0, 0, 703]

 ### Operon type: 346

	 A0A011WSD4	[0, 0, 0, -1, 0, 649, 0, 0, 350]

 ### Operon type: 347

	 A0A011VZF5	[0, 0, 348, 347, 0, 649, 350, 649, 0]

 ### Operon type: 348

	 A0A011WSU6	[0, 649, 0, 0, 345, 0, 0, 0, 0]

 ### Operon type: 349

	 A0A013S843	[0, 325, 0, 0, 0, 0, -1, 250, 0]

 ### Operon type: 350

	 A0A013S981	[255, 0, 0, 0, 0, 0, 0, 0, 0]

 ### Operon type: 351

	 A0A013T337	[0, 0, 0, 0, 0, 0, 0, 0, 406]

 ### Operon type: 352

	 A0A013T5E6	[0, 0, 0, 405, 0, 0, 0, 0, 0]

 ### Operon type: 353

	 A0A010KAV2	[323, 0, 0, 252, 322, 561, 321, 594, 320]
	 A0A013SGL3	[323, 239, 238, 252, 322, 561, 321, 594, 320]
	 A0A009NE81	[323, 239, 238, 252, 322, 561, 321, 594, 320]
	 A0A009RQH3	[323, 0, 0, 252, 322, 561, 321, 594, 320]
	 A0A009I5Z6	[323, 0, 238, 252, 322, 561, 321, 594, 320]

 ### Operon type: 354

	 A0A013TB41	[323, -1, 0, 0, 322, 561, 321, 594, 320]

 ### Operon type: 355

	 A0A009H3X4	[323, 0, 0, 0, 322, 561, -1, 618, -1]

 ### Operon type: 356

	 A0A009YL68	[0, 0, 594, 323, 322, 0, 0, 3, 0]

 ### Operon type: 357

	 A0A009T9H0	[0, 2, 601, -1, 0, 0, 136, 0, 135]

 ### Operon type: 358

	 A0A010THH5	[0, 90, 40, 44, 0, 0, 659, 0, 453]

 ### Operon type: 359

	 A0A011WSH8	[0, 0, 0, 523, 280, 0, 0, 0, 0]
	 A0A011VZE3	[0, 0, 0, 523, 280, 0, 0, 0, 0]

 ### Operon type: 360

	 A0A011NAF3	[0, 0, 0, 0, 0, 0, 523, 0, 622]

 ### Operon type: 361

	 A0A009IQ93	[231, 0, 523, 0, 0, 165, 0, 0, 0]

 ### Operon type: 362

	 A0A009TLU4	[0, 375, -1, 177, 0, 18, 0, -1, -1]

 ### Operon type: 363

	 A0A010JNG7	[459, 0, 0, 458, 0, 0, 0, 0, 0]

 ### Operon type: 364

	 A0A010S003	[563, 0, 0, 0, 0, 597, 597, 142, 0]

 ### Operon type: 365

	 A0A010SMN8	[0, -1, 49, 0, 482, 0, 0, 570, 0]

 ### Operon type: 366

	 A0A010SXS1	[0, 150, 0, 0, 0, 190, 0, 0, 698]

 ### Operon type: 367

	 A0A010T689	[22, -1, 659, 675, 0, 0, 0, 0, 0]

 ### Operon type: 368

	 A0A010TBB4	[0, 82, 0, 50, 0, 0, 0, 0, 594]

 ### Operon type: 369

	 A0A010YFK3	[0, 652, 0, 0, 0, 0, 73, 0, 236]

 ### Operon type: 370

	 A0A010YVY1	[7, 0, 7, 0, 0, 0, 0, 142, 0]

 ### Operon type: 371

	 A0A010Z7T4	[0, 0, 0, 0, 0, 0, 0, 476, 557]

 ### Operon type: 372

	 A0A010RRR9	[0, 0, 0, 0, 512, 0, 0, 477, 476]

 ### Operon type: 373

	 A0A010SIA7	[0, 0, 477, 92, 0, 0, 0, 0, 0]

 ### Operon type: 374

	 A0A010ZSZ2	[0, 46, 0, 14, 13, 0, 0, 0, 0]

 ### Operon type: 375

	 A0A010Z0Y7	[0, 0, 0, 0, 13, 201, 0, 0, 0]

 ### Operon type: 376

	 A0A010ZUR7	[284, 12, 0, 12, 0, 11, 142, 0, 0]

 ### Operon type: 377

	 A0A011A0M8	[0, 0, 468, 0, 39, 0, 0, 9, 9]

 ### Operon type: 378

	 A0A011NFL4	[0, 663, 0, 0, 616, 615, 0, 614, 0]

 ### Operon type: 379

	 A0A011P407	[0, 0, 595, 662, 0, 0, 594, 0, 593]

 ### Operon type: 380

	 A0A011QGT2	[523, 0, 0, 507, 506, 0, 0, 0, 0]

 ### Operon type: 381

	 A0A011QSA4	[724, 0, 723, 722, 0, 0, 0, 0, 721]

 ### Operon type: 382

	 A0A011T6J6	[0, 653, 0, 587, 0, 0, 342, 0, 341]

 ### Operon type: 383

	 A0A011TAL2	[0, 629, 0, 0, 0, 334, 0, 461, 0]

 ### Operon type: 384

	 A0A011TYT7	[0, 0, 0, 0, 0, 0, 374, 373, 373]

 ### Operon type: 385

	 A0A011TZG0	[468, 650, 0, 0, 0, 0, 0, 381, 0]

 ### Operon type: 386

	 A0A011Q6N5	[0, 0, 0, 0, 0, 0, 651, 650, 651]

 ### Operon type: 387

	 A0A011UII7	[0, 0, 0, 0, 0, 463, 372, 0, 0]

 ### Operon type: 388

	 A0A011UNT9	[371, 379, 0, 0, 0, 0, 0, 0, 0]

 ### Operon type: 389

	 A0A011SIS0	[0, 638, 380, 380, 0, 0, 0, 379, 0]

 ### Operon type: 390

	 A0A011UT49	[0, 46, 0, 0, 0, 0, 150, 76, 0]

 ### Operon type: 391

	 A0A011VU65	[74, 0, 0, 0, 0, 73, 0, 0, 0]

 ### Operon type: 392

	 A0A011VV03	[0, 284, 0, 0, 299, 283, 0, 0, 0]

 ### Operon type: 393

	 A0A011VVZ9	[0, 0, -1, 0, 0, 282, 281, 281, 378]

 ### Operon type: 394

	 A0A011VWX7	[698, 339, 0, 0, 0, 0, 0, 660, 0]

 ### Operon type: 395

	 A0A011VXK7	[664, 664, 0, 432, 0, 0, 0, 655, 0]

 ### Operon type: 396

	 A0A011W0I6	[191, 0, 0, 0, 0, 465, 0, 619, 0]

 ### Operon type: 397

	 A0A010YEF6	[0, 191, 0, 0, 0, 0, 0, 0, 26]

 ### Operon type: 398

	 A0A013SQH1	[0, 0, 0, 0, 279, 494, 0, 459, 522]

 ### Operon type: 399

	 A0A009LNU8	[273, 275, 276, 277, 0, 177, 0, 459, 0]

 ### Operon type: 400

	 A0A013SRG6	[278, 277, 276, 275, 0, 274, 0, 273, 610]

 ### Operon type: 401

	 A0A009IQU8	[0, 275, 0, 0, 0, 274, 610, 0, 0]

 ### Operon type: 402

	 A0A010K2K8	[276, 277, 278, 0, 0, 0, 0, -1, 459]

 ### Operon type: 403

	 A0A011NPR8	[0, 610, 0, 0, 0, 0, 609, 0, 0]

 ### Operon type: 404

	 A0A010SEA2	[657, 609, 90, 0, 0, 0, 0, 0, 0]

 ### Operon type: 405

	 A0A009ZIC0	[63, 84, 479, 226, 306, 483, 83, 82, 305]

 ### Operon type: 406

	 A0A009ZB47	[118, 36, 0, 0, 0, 649, 451, 0, 0]

 ### Operon type: 407

	 A0A010RM40	[481, 523, 528, 0, 0, 0, 0, -1, 592]

 ### Operon type: 408

	 A0A010RRQ6	[0, 480, 0, 0, 0, 482, 479, 478, 0]

 ### Operon type: 409

	 A0A010S423	[342, 0, 0, 0, 0, 0, 0, 96, 668]

 ### Operon type: 410

	 A0A010T0I7	[0, 0, 26, 0, 0, 588, 723, 523, 0]

 ### Operon type: 411

	 A0A011AHU9	[0, 0, 0, 0, 0, 0, 0, 8, 628]

 ### Operon type: 412

	 A0A010YY02	[0, 6, 0, 0, 6, 530, 5, 0, 8]

 ### Operon type: 413

	 A0A011NA78	[0, 524, 0, 0, 0, 714, 0, 0, 592]

 ### Operon type: 414

	 A0A011P8W7	[585, 595, 698, 0, 584, 0, 0, 0, 0]

 ### Operon type: 415

	 A0A011PG97	[570, 0, 0, 569, 0, 0, 0, 0, 0]

 ### Operon type: 416

	 A0A011PKT4	[0, 494, 0, 0, 0, 0, 493, 0, 0]

 ### Operon type: 417

	 A0A011PLB2	[0, 585, 0, 495, 0, 0, 0, 0, 0]

 ### Operon type: 418

	 A0A011R339	[0, 0, 0, 0, 0, 0, 295, 294, 0]

 ### Operon type: 419

	 A0A011SFE5	[0, 0, 0, 664, 0, 0, 663, 662, 661]

 ### Operon type: 420

	 A0A011SJT5	[0, 0, 0, 378, 377, 377, 377, 377, 377]

 ### Operon type: 421

	 A0A011TDQ5	[0, 0, 0, 0, 331, 466, 0, 0, 0]

 ### Operon type: 422

	 A0A011UG17	[144, 0, 193, 0, 35, 74, 0, 0, 0]

 ### Operon type: 423

	 A0A011V8Z7	[0, 0, 0, 0, 0, 100, 99, 0, 0]

 ### Operon type: 424

	 A0A011VT01	[0, 0, 75, 0, 0, 75, 0, 0, 215]

 ### Operon type: 425

	 A0A011VYP6	[0, 0, 0, 0, 0, 0, 193, 513, 0]

 ### Operon type: 426

	 A0A011V392	[349, 0, 554, 348, 347, 346, 0, 345, 344]

 ### Operon type: 427

	 A0A009Q0U9	[420, 114, 113, 0, 112, 111, -1, -1, 0]

 ### Operon type: 428

	 A0A010SRB2	[18, 17, 0, 0, 0, 17, 23, 0, 0]

 ### Operon type: 429

	 A0A011VJ76	[77, 77, 76, 614, 0, 523, 468, 0, 595]

 ### Operon type: 430

	 A0A013SKX6	[0, 0, 670, 0, 355, 355, 354, 353, 352]

 ### Operon type: 431

	 A0A010KA25	[451, 0, 659, 417, 253, 0, 0, 451, 329]

 ### Operon type: 432

	 A0A011WUA8	[635, 0, 0, 308, 0, 0, 0, 307, 307]

 ### Operon type: 433

	 A0A010S4X6	[0, 201, 528, 597, 315, 0, 462, 492, 618]

 ### Operon type: 434

	 A0A011U8C0	[0, 235, 234, 0, 233, 232, 0, 0, 0]
