
 ### Operon type: 1

	 A0A011PVT3	[599, 598, 597, 596, 595, 594, 593, 592, 591]
	 A0A011R7V7	[599, 598, 597, 596, 595, 594, 593, 592, 591]
	 A0A011MET3	[599, 598, 597, 596, 595, 594, 593, 592, 591]

 ### Operon type: 2

	 A0A011UIA1	[130, 129, 128, 127, 126, 125, 124, 123, 0]
	 A0A011V5V3	[0, 130, 129, 128, 127, 126, 125, 124, 123]

 ### Operon type: 3

	 A0A011PTE7	[524, 523, 522, 521, 520, 0, 519, 518, 517]
	 A0A011NE72	[524, 523, 522, 521, 520, 519, 518, 517, 0]

 ### Operon type: 4

	 A0A011NEY3	[452, 711, 710, 709, 709, 708, 707, 706, 0]

 ### Operon type: 5

	 A0A011PAN4	[711, 710, 0, 709, 709, 708, 707, 706, 705]

 ### Operon type: 6

	 A0A011RCD5	[452, 711, 710, 709, 709, 708, 707, 706, 705]

 ### Operon type: 7

	 A0A010JSI3	[439, 438, 437, 436, 435, 434, 433, 432, 0]
	 A0A013T0M4	[439, 438, 437, 436, 435, 434, 433, 432, 0]
	 A0A009HDS5	[439, 438, 437, 436, 435, 434, 433, 432, 0]
	 A0A009RGL2	[0, 438, 437, 436, 435, 434, 433, 432, 0]

 ### Operon type: 8

	 A0A011PF67	[701, 700, 699, 698, 697, 0, 0, 0, 0]
	 A0A011NW66	[701, 700, 699, 698, 697, 479, 0, 0, 0]
	 A0A011NBX7	[701, 700, 699, 698, 697, 479, 0, 0, 0]

 ### Operon type: 9

	 A0A011NS68	[701, 700, 699, 698, 697, 564, 563, 644, 562]
	 A0A011RHX4	[701, 700, 699, 698, 697, 564, 563, 644, 0]

 ### Operon type: 10

	 A0A010JY00	[192, 448, 379, 378, 506, 677, 375, 680, 401]

 ### Operon type: 11

	 A0A013TH30	[448, 379, 378, 377, 376, 677, 375, 680, 401]

 ### Operon type: 12

	 A0A011NEQ1	[0, 536, 535, 534, 533, 532, 531, 530, 529]
	 A0A011QAS2	[0, 536, 535, 534, 533, 532, 531, 530, 529]

 ### Operon type: 13

	 A0A011QSF0	[0, 609, 608, 607, 606, 605, 604, 603, 0]
	 A0A011QBB5	[574, 609, 608, 607, 606, 605, 604, 603, 471]
	 A0A011Q0X6	[574, 609, 608, 607, 606, 605, 604, 603, 471]
	 A0A011Q1X8	[609, 0, 608, 607, 606, 605, 604, 603, 471]

 ### Operon type: 14

	 A0A011PG87	[574, 609, 608, 607, 606, 605, 604, 0, 0]

 ### Operon type: 15

	 A0A013SP43	[314, 313, 312, 311, 310, 309, 308, 307, 306]
	 A0A010K6G6	[314, 313, 312, 311, 310, 309, 308, 0, 306]
	 A0A009RUN3	[314, 313, 312, 311, 310, 309, 308, 307, 306]

 ### Operon type: 16

	 A0A009HR98	[0, 0, 88, 87, 86, 0, 0, 0, 85]
	 A0A009SZB5	[0, 0, 88, 87, 86, 0, 0, 0, 85]

 ### Operon type: 17

	 A0A009Z8F7	[49, 88, 48, 0, 86, 47, 47, 0, 0]

 ### Operon type: 18

	 A0A011QUG8	[694, 693, 692, 691, 690, 689, 0, 688, 687]
	 A0A011QIT1	[694, 693, 692, 691, 690, 689, 688, 687, 621]

 ### Operon type: 19

	 A0A011PL71	[667, 666, 665, 664, 663, 662, 661, 660, 0]
	 A0A011QAB0	[666, 665, 664, 0, 663, 662, 661, 660, 0]

 ### Operon type: 20

	 A0A011PIY7	[655, 0, 654, 653, 652, 651, 650, 0, 648]

 ### Operon type: 21

	 A0A011Q3J4	[0, 655, 654, 653, 652, 651, 650, 649, 0]

 ### Operon type: 22

	 A0A011MH88	[656, 655, 654, 653, 652, 651, 650, 649, 648]

 ### Operon type: 23

	 A0A009QBR9	[0, 0, 292, 386, 291, 0, 0, 288, 92]
	 A0A009TM70	[0, 293, 292, 386, 291, 0, 0, 288, 92]

 ### Operon type: 24

	 A0A009MW50	[0, 293, 292, 386, 291, 290, 0, 289, 288]
	 A0A009QS71	[224, 293, 292, 386, 291, 290, 0, 289, 288]
	 A0A010ILU3	[224, 293, 292, 0, 291, 290, 223, 289, 288]
	 A0A009H3B0	[0, 293, 292, 0, 291, 290, 223, 289, 288]

 ### Operon type: 25

	 A0A009I8S2	[0, 0, 292, 386, 291, 290, 289, 288, 92]

 ### Operon type: 26

	 A0A009ZFR5	[510, 509, 508, 507, 506, 505, 504, 503, 680]
	 A0A009ICH6	[510, 509, 508, 507, 506, 505, 504, 503, 680]

 ### Operon type: 27

	 A0A009GP96	[0, 79, 590, 343, 146, 37, 369, 78, 77]

 ### Operon type: 28

	 A0A009GSR4	[343, 146, 37, 369, 78, 77, 77, 76, 0]

 ### Operon type: 29

	 A0A009IIT6	[79, 590, 343, 146, 78, 77, 77, 76, 0]

 ### Operon type: 30

	 A0A009IS10	[234, 0, 0, 0, 27, 26, 25, 0, 0]

 ### Operon type: 31

	 A0A009QHW5	[0, 0, 0, 224, 27, 26, 25, 0, 46]

 ### Operon type: 32

	 A0A011UVB4	[0, 0, 0, 235, 0, 0, 234, 0, 302]

 ### Operon type: 33

	 A0A011TLH7	[419, 418, 417, 0, 0, 0, 0, 0, 0]
	 A0A011UG87	[417, 418, 419, 0, 0, 0, 0, 0, 0]

 ### Operon type: 34

	 A0A011QIE8	[585, 584, 583, 582, 581, 580, 579, 0, 0]
	 A0A011QDV3	[585, 584, 583, 582, 581, 580, 472, 0, 579]

 ### Operon type: 35

	 A0A011NYU6	[469, 468, 0, 467, 671, 458, 457, 0, 466]

 ### Operon type: 36

	 A0A011PYI6	[469, 468, 0, 467, 671, 466, 465, 715, 0]

 ### Operon type: 37

	 A0A011P1C0	[0, 0, 458, 457, 466, 0, 0, 0, 0]

 ### Operon type: 38

	 A0A011PP01	[675, 674, 673, 0, 0, 0, 0, 0, 0]
	 A0A011NVE7	[675, 674, 673, 0, 0, 0, 0, 0, 0]

 ### Operon type: 39

	 A0A013TH43	[374, 0, 0, 0, 373, 372, 371, 0, 370]
	 A0A009RAF0	[374, 0, 0, 0, 373, 372, 371, 0, 370]

 ### Operon type: 40

	 A0A013S8V2	[195, 194, 0, 0, 0, 193, 0, 0, 0]
	 A0A009R8E1	[0, 456, 0, 195, 194, 0, 0, 193, 0]

 ### Operon type: 41

	 A0A009QFZ7	[399, 398, 0, 0, 490, 0, 396, 395, 0]
	 A0A009TK03	[399, 398, 0, 0, 490, 0, 396, 395, 0]

 ### Operon type: 42

	 A0A013SPM5	[399, 398, 492, 491, 490, 397, 396, 395, 0]
	 A0A010IX62	[399, 398, 492, 491, 490, 0, 396, 395, 0]
	 A0A009HSL1	[399, 398, 492, 491, 490, 0, 396, 395, 0]
	 A0A009MH71	[399, 398, 0, 491, 490, 397, 396, 395, 0]

 ### Operon type: 43

	 A0A009I6Z0	[399, 398, 0, 491, 490, 0, 396, 395, 488]

 ### Operon type: 44

	 A0A009ZIX8	[0, 493, 492, 491, 490, 489, 0, 488, 0]

 ### Operon type: 45

	 A0A009I573	[61, 0, 21, 22, 0, 23, 116, 90, 91]

 ### Operon type: 46

	 A0A009ILP9	[89, 0, 91, 90, 116, 23, 113, 22, 21]

 ### Operon type: 47

	 A0A009I953	[89, 0, 91, 90, 116, 23, 113, 0, -1]

 ### Operon type: 48

	 A0A009IPC3	[118, 117, 0, 0, 116, 115, 114, 0, 113]
	 A0A009QEG7	[118, 117, 0, 0, 116, 115, 114, 0, 113]

 ### Operon type: 49

	 A0A009SX74	[572, 562, 0, 22, 113, 89, 117, 118, 0]

 ### Operon type: 50

	 A0A010JWJ1	[0, 51, 590, 0, 138, 137, 136, 135, 0]
	 A0A009I4A1	[0, 51, 590, 0, 138, 137, 136, 135, 0]

 ### Operon type: 51

	 A0A009QF22	[141, 140, 139, 0, 138, 137, 136, 135, 134]
	 A0A009TBY8	[141, 140, 139, 54, 138, 137, 136, 135, 134]

 ### Operon type: 52

	 A0A009ITT8	[159, 158, 157, 178, 177, 155, 166, 165, 164]

 ### Operon type: 53

	 A0A009NJ90	[159, 158, 157, 178, 0, 156, 155, 166, 165]

 ### Operon type: 54

	 A0A009HZK2	[179, 178, 177, 0, 0, 0, 0, 0, 0]

 ### Operon type: 55

	 A0A009IJ07	[53, 52, 179, 178, 177, 0, 0, 0, 0]

 ### Operon type: 56

	 A0A009S6G1	[53, 52, 179, 178, 177, 166, 165, 164, 163]

 ### Operon type: 57

	 A0A009S5A5	[177, 156, 155, 166, 165, 164, 35, 14, 163]

 ### Operon type: 58

	 A0A013TCN9	[386, 385, 384, 383, 382, 381, 380, 590, 582]
	 A0A009QNC9	[386, 385, 384, 383, 382, 381, 380, 590, 582]
	 A0A009NIJ3	[386, 385, 384, 383, 382, 381, 380, 590, 582]
	 A0A010ITG1	[386, 385, 384, 383, 382, 381, 380, 590, 582]
	 A0A013TRC1	[386, 385, 384, 383, 382, 381, 380, 590, 582]

 ### Operon type: 59

	 A0A009H935	[0, 0, 384, 383, 382, 381, 380, 590, 582]

 ### Operon type: 60

	 A0A009PJF7	[173, 172, 172, 171, 170, 560, 169, 168, 167]
	 A0A009SJZ7	[235, 173, 172, 171, 170, 560, 169, 168, 167]

 ### Operon type: 61

	 A0A009Z5G0	[560, 171, 172, 0, 329, 173, 235, 298]

 ### Operon type: 62

	 A0A010JJC1	[712, 339, 215, 214, 213, 212, 211, 216, 210]
	 A0A010IZ41	[339, 215, 214, 213, 212, 211, 216, 210, 312]

 ### Operon type: 63

	 A0A009QJL6	[712, 339, 215, 214, 0, 210, 312, 74, 0]

 ### Operon type: 64

	 A0A011P2I4	[662, 567, 654, 0, 0, 0, 0, 0, 0]
	 A0A011N9N8	[662, 567, 654, 0, 0, 0, 0, 0, 0]

 ### Operon type: 65

	 A0A009PIB4	[0, 0, 0, 205, 204, 203, 369, 590, 662]
	 A0A009SLR5	[0, 0, 0, 205, 204, 203, 369, 590, 662]

 ### Operon type: 66

	 A0A009HSU4	[0, 0, 389, 590, 0, 567, 547, 662, 369]

 ### Operon type: 67

	 A0A011SF89	[720, 719, 718, 0, 0, 0, 0, 0, 0]

 ### Operon type: 68

	 A0A011UCX7	[0, 666, 720, 719, 0, 718, 133, 0, 0]

 ### Operon type: 69

	 A0A011NYT4	[545, 544, 543, 542, 0, 541, 541, 540, 539]

 ### Operon type: 70

	 A0A011P8E9	[0, 0, 545, 544, 0, 543, 542, 0, 0]

 ### Operon type: 71

	 A0A010TF34	[0, -1, 0, 0, 66, 65, 64, 63, 62]
	 A0A010SYH9	[66, 65, 64, 63, 62, 0, 0, 0, 0]

 ### Operon type: 72

	 A0A010TFJ4	[0, -1, 0, 71, 70, 69, 68, -1, 67]
	 A0A010S7A1	[71, 70, 69, 68, 0, 67, 0, 0, 0]

 ### Operon type: 73

	 A0A009ICP5	[252, 316, 430, 251, 250, 0, 0, 248, 0]

 ### Operon type: 74

	 A0A009MMG9	[252, 316, 430, 251, 250, 0, 249, 248, 247]

 ### Operon type: 75

	 A0A009QLL2	[0, 96, 95, 0, 250, 0, 0, 248, 0]
	 A0A009HTW0	[0, 96, 95, 0, 250, 0, 0, 248, 0]

 ### Operon type: 76

	 A0A009SIV4	[43, 96, 95, 42, 250, 41, 0, 248, 247]

 ### Operon type: 77

	 A0A013TSJ4	[96, 95, 0, 42, 250, 0, 0, 248, 247]

 ### Operon type: 78

	 A0A009Z3V9	[590, 0, 0, 0, 0, 95, 388, 96, 43]

 ### Operon type: 79

	 A0A009T0Q9	[0, 0, 0, 0, 24, 191, 656, 590, 17]

 ### Operon type: 80

	 A0A009YJF4	[0, 540, 539, 11, 55, 656, 590, 0, 17]

 ### Operon type: 81

	 A0A009PAV9	[270, -1, 430, 269, 351, 369, 268, 267, 266]
	 A0A009HJC2	[270, 582, 430, 269, 351, 369, 268, 267, 266]

 ### Operon type: 82

	 A0A009SE02	[0, 266, 0, 0, 0, 267, 268, 369, 351]

 ### Operon type: 83

	 A0A011QNA5	[0, 636, 635, 634, 0, 633, 632, 631, 630]
	 A0A009ZLJ7	[630, 631, 632, 633, 0, 0, 636, 635, 634]

 ### Operon type: 84

	 A0A013T0T6	[633, 632, 631, 630, 406, 405, 404, 403, 402]
	 A0A009QMH5	[633, 632, 631, 630, 406, 405, 404, 403, 402]
	 A0A009HAX1	[633, 632, 631, 630, 406, 405, 404, 403, 402]

 ### Operon type: 85

	 A0A010ILW6	[633, 632, 631, 630, 406, 405, 0, 0, 403]

 ### Operon type: 86

	 A0A009Z9X7	[632, 631, 630, 0, 406, 0, 684, 0, 403]

 ### Operon type: 87

	 A0A009PE10	[0, 0, 0, 630, 406, 261, 404, 403, -1]

 ### Operon type: 88

	 A0A009HS41	[547, 510, 525, 187, 175, 590, 590, 185, 174]
	 A0A009RSB7	[547, 510, 525, 187, 175, 590, 590, 185, 174]
	 A0A009SYU8	[547, 510, 525, 187, 175, 590, 590, 185, 174]

 ### Operon type: 89

	 A0A013SHA9	[547, 510, 525, 187, 186, 590, 590, 185, 174]
	 A0A010IT25	[547, 510, 525, 187, 186, 590, 590, 185, 174]
	 A0A009I466	[547, 510, 525, 187, 186, 590, 590, 185, 174]

 ### Operon type: 90

	 A0A009NMQ9	[547, 510, 525, 187, 186, 0, 590, 590, 185]

 ### Operon type: 91

	 A0A009P8A9	[0, 0, 525, 187, 175, 590, 590, 185, 174]

 ### Operon type: 92

	 A0A011PGU1	[0, 0, 571, 627, 626, 625, 570, 569, 568]
	 A0A011MDH1	[464, 0, 571, 627, 626, 625, 570, 569, 568]

 ### Operon type: 93

	 A0A011V0P4	[557, 422, 0, 0, 421, 0, 0, 576, 575]

 ### Operon type: 94

	 A0A011WPV7	[576, 575, 0, 0, 0, 0, 0, 0, 0]

 ### Operon type: 95

	 A0A011RNP9	[0, 0, 0, 0, 0, 423, 661, 0, 0]

 ### Operon type: 96

	 A0A011V0B5	[723, 0, 0, 0, 0, 0, 423, 0, 0]

 ### Operon type: 97

	 A0A011RQC9	[0, 723, 722, 0, 0, 0, 0, 721, 0]

 ### Operon type: 98

	 A0A011QG28	[629, 628, 627, 0, 626, 625, 624, 623, 622]
	 A0A011RIM8	[629, 628, 0, 0, 626, 625, 624, 623, 622]

 ### Operon type: 99

	 A0A011PHI6	[551, 0, 587, 0, 0, 586, 691, 550, 0]

 ### Operon type: 100

	 A0A011QI68	[0, 0, 587, 586, 0, 0, 0, 0, 0]

 ### Operon type: 101

	 A0A011P700	[0, 0, 602, 601, 0, 0, 0, 0, 0]

 ### Operon type: 102

	 A0A011QSI4	[0, 0, 602, 601, 600, 0, 0, 0, 0]

 ### Operon type: 103

	 A0A011NVJ6	[486, 485, 484, 483, 482, 481, 0, 0, 480]

 ### Operon type: 104

	 A0A011PVP2	[0, 485, 484, 483, 482, 481, 0, 0, 599]

 ### Operon type: 105

	 A0A011NXY7	[0, 0, 484, 0, 482, 0, 0, 0, 0]

 ### Operon type: 106

	 A0A011QR69	[682, 681, 680, 679, 678, 677, 0, 0, 0]
	 A0A011NUB4	[682, 681, 680, 679, 678, 677, 0, 578, 0]

 ### Operon type: 107

	 A0A011NN36	[681, 680, 0, 0, 678, 677, 0, 0, 0]

 ### Operon type: 108

	 A0A011PK69	[680, 658, 0, 0, 678, 677, 0, 0, 0]

 ### Operon type: 109

	 A0A011NYD6	[477, 638, 637, 476, 475, 538, 537, 474, 473]
	 A0A011RMI6	[477, 638, 637, 476, 475, 538, 537, 474, 473]

 ### Operon type: 110

	 A0A011QB28	[459, 477, 638, 0, 0, 538, 537, 474, 473]

 ### Operon type: 111

	 A0A011NF33	[0, 538, 537, 0, 0, 0, 0, 0, 0]

 ### Operon type: 112

	 A0A011NBY4	[427, 0, 0, 426, 0, 0, 425, 0, 0]

 ### Operon type: 113

	 A0A011WRT0	[427, 0, 0, 0, 0, 0, 0, 715, 0]

 ### Operon type: 114

	 A0A011SHV5	[0, 0, 0, 0, 0, 713, 715, 712, 0]

 ### Operon type: 115

	 A0A011NB95	[0, 686, 0, 0, 0, 0, 430, 429, 428]

 ### Operon type: 116

	 A0A011UHT4	[74, 303, 429, 0, 0, 73, 73, 428, 0]

 ### Operon type: 117

	 A0A010Z1W7	[0, 0, 0, 0, 0, 153, 0, 553, 554]

 ### Operon type: 118

	 A0A011VY84	[0, 0, 554, 553, 0, 0, 0, 0, 0]

 ### Operon type: 119

	 A0A010YW85	[0, 0, 0, 0, 0, 229, 0, 553, 554]

 ### Operon type: 120

	 A0A010ZMA0	[553, 451, 0, 0, 0, 0, 0, 0, 0]

 ### Operon type: 121

	 A0A011N5L2	[0, 0, 0, 451, 0, 450, 449, 0, 0]

 ### Operon type: 122

	 A0A010SQJ5	[154, 251, 0, 415, 414, 413, 0, 0, 0]

 ### Operon type: 123

	 A0A010STD3	[0, 0, 0, 415, 414, 413, 0, 185, 294]

 ### Operon type: 124

	 A0A011TD67	[416, 0, 0, 415, 414, 413, 412, 0, 411]

 ### Operon type: 125

	 A0A009ZC12	[0, 0, 0, 415, 0, 413, 412, 44, 611]

 ### Operon type: 126

	 A0A010RFQ9	[0, 0, 497, 0, 431, 0, 0, 0, 0]

 ### Operon type: 127

	 A0A010SPR9	[8, 8, 0, 0, 0, 431, 0, 0, 0]

 ### Operon type: 128

	 A0A013S288	[0, 0, 0, 352, 351, 350, 349, 0, 347]
	 A0A010J3I1	[0, 0, 0, 352, 351, 350, 349, 0, 347]

 ### Operon type: 129

	 A0A013SXT2	[355, 354, 353, 352, 351, 350, 349, 348, 347]
	 A0A009PWG1	[355, 354, 353, 352, 351, 350, 349, 348, 347]

 ### Operon type: 130

	 A0A009ZJK4	[0, 0, 0, 0, 0, 0, 510, 487, 0]

 ### Operon type: 131

	 A0A010SVN1	[-1, 487, 590, 278, 300, 0, 0, 510, 0]

 ### Operon type: 132

	 A0A009SF48	[246, 0, 244, 0, 242, -1, 143, 715, 142]
	 A0A009IMX3	[246, 0, 244, 0, 242, 143, 143, 715, 142]

 ### Operon type: 133

	 A0A009QEX0	[246, 245, 244, 243, 242, 143, 143, 715, 142]

 ### Operon type: 134

	 A0A009MR00	[246, 245, 244, 243, 242, 241, 510, 240, 239]
	 A0A013S7V1	[246, 245, 244, 243, 242, 241, 510, 240, 239]
	 A0A010ISX2	[246, 245, 244, 243, 242, 241, 510, 240, 239]
	 A0A009RES7	[246, 245, 244, 243, 242, 241, 510, 240, 239]

 ### Operon type: 135

	 A0A009GYP9	[0, 0, 0, 243, 242, 241, 510, 240, 239]

 ### Operon type: 136

	 A0A009YTT3	[0, 0, 0, 0, 0, 0, 510, 240, 239]

 ### Operon type: 137

	 A0A009PFK7	[260, 259, 258, 257, 256, 0, 0, 255, 0]
	 A0A009QGN4	[260, 259, 258, 257, 256, 255, 0, 0, 0]

 ### Operon type: 138

	 A0A009YR20	[0, 255, 0, 0, 0, 0, 259, 0, 0]

 ### Operon type: 139

	 A0A009QSI3	[222, 221, 220, 219, 218, 0, 539, 217, -1]
	 A0A013SB36	[222, 221, 220, 219, 218, 0, 539, 217, 191]

 ### Operon type: 140

	 A0A010ITP2	[222, 221, 220, 219, 218, 0, 539, 0, 0]

 ### Operon type: 141

	 A0A009SII9	[-1, 221, 220, 219, 0, 0, 0, 0, 24]

 ### Operon type: 142

	 A0A009HZV2	[0, 0, 0, 0, 282, 281, 156, 0, 0]

 ### Operon type: 143

	 A0A009QPE7	[0, 0, 0, 0, 282, 281, 0, 0, 0]

 ### Operon type: 144

	 A0A009GXL8	[58, 57, 56, 0, 55, 54, 184, 183, 182]

 ### Operon type: 145

	 A0A010JIW7	[58, 57, 56, 0, 55, 0, 0, 184, 183]

 ### Operon type: 146

	 A0A009MGR3	[0, 0, 98, 0, 400, 14, 29, 264, 263]

 ### Operon type: 147

	 A0A009Q4G0	[0, 99, 98, 0, 400, 0, 264, 263, 264]

 ### Operon type: 148

	 A0A009PUJ8	[0, 265, 0, 0, 0, 262, 184, 183, 182]

 ### Operon type: 149

	 A0A009QJA8	[183, 182, 0, 0, 0, 0, 0, 0, 0]

 ### Operon type: 150

	 A0A009PB53	[0, 0, 265, 0, 0, 264, 263, 264, 262]

 ### Operon type: 151

	 A0A013SNJ8	[510, 0, 0, 305, 304, 351, 312, 0, 0]
	 A0A013RZW2	[510, 181, 0, 305, 304, 351, 312, 0, 0]
	 A0A009RD69	[510, 181, 0, 305, 304, 351, 312, 97, 0]
	 A0A010J9U3	[510, 0, 0, 305, 304, 351, 312, 0, 0]
	 A0A009SIZ4	[510, 181, 0, 305, 304, 0, 312, 97, 0]

 ### Operon type: 152

	 A0A009PH20	[0, 0, 288, 305, 304, 351, 312, 0, 0]
	 A0A009IV03	[0, 0, 288, 305, 304, 0, 312, 0, 0]

 ### Operon type: 153

	 A0A009YIZ0	[510, 181, 288, 305, 304, 351, 312, 97, 180]

 ### Operon type: 154

	 A0A009QA91	[94, 93, 547, 590, 279, 279, 237, 323, 278]
	 A0A010J377	[94, 93, 547, 590, 279, 279, 237, 323, 278]

 ### Operon type: 155

	 A0A009QQC0	[0, 0, 280, 590, 279, 279, 0, 323, 278]
	 A0A009MVG4	[280, 0, 238, 590, 279, 279, 0, 323, 278]

 ### Operon type: 156

	 A0A009H7I0	[0, 0, 0, 590, 279, 279, 237, 323, 278]

 ### Operon type: 157

	 A0A009S1X4	[94, 93, 547, 590, 279, 279, 590, 0, 15]

 ### Operon type: 158

	 A0A013SHF4	[0, 0, 238, 590, 279, 279, 0, 151, 0]

 ### Operon type: 159

	 A0A009H7U0	[346, 624, 0, 345, 344, 555, 108, 0, 0]

 ### Operon type: 160

	 A0A010IMP8	[346, 0, 0, 345, 344, 555, 108, 0, 107]

 ### Operon type: 161

	 A0A013SZ54	[346, 0, 453, 345, 344, 0, 0, 0, 0]

 ### Operon type: 162

	 A0A009ZM43	[-1, 624, 453, 345, 344, 555, 108, 60, 107]

 ### Operon type: 163

	 A0A009YSC7	[0, 0, 425, 1, 0, 1, 296, 295, 0]

 ### Operon type: 164

	 A0A013RVV2	[386, 0, 296, 295, 0, 0, 0, 294, 0]

 ### Operon type: 165

	 A0A011Q5S3	[621, 620, 0, 0, 0, 0, 619, 618, 617]

 ### Operon type: 166

	 A0A011UZZ4	[0, 619, 618, 0, 0, 0, 424, 424, 617]

 ### Operon type: 167

	 A0A010YKP2	[0, 0, 0, 0, 0, 0, 480, 420, 0]

 ### Operon type: 168

	 A0A011V1A2	[422, 0, 0, 420, 0, 0, 0, 0, 0]

 ### Operon type: 169

	 A0A011Q2B1	[0, 0, 0, 0, 0, 462, 461, 460, 704]

 ### Operon type: 170

	 A0A011RLN8	[0, 0, 0, 463, 695, 462, 461, 460, 704]

 ### Operon type: 171

	 A0A011NGS0	[0, 0, 0, 0, 642, 641, 0, 0, 0]

 ### Operon type: 172

	 A0A011PW61	[0, 0, 0, 0, 642, 641, 0, 0, 470]

 ### Operon type: 173

	 A0A011UXI1	[0, 511, 0, 0, 642, 641, 272, 0, 0]

 ### Operon type: 174

	 A0A011SWI9	[-1, -1, 0, 551, 642, 641, 272, -1, -1]

 ### Operon type: 175

	 A0A011P952	[641, 0, 526, 0, 0, 526, 0, 0, 0]

 ### Operon type: 176

	 A0A011NSG8	[0, 0, 0, 550, 515, 514, 0, 515, 0]

 ### Operon type: 177

	 A0A011P0X4	[0, 0, 464, 0, 515, 0, 0, 514, 456]

 ### Operon type: 178

	 A0A009MJ75	[0, 0, 198, 197, 196, 0, 0, 0, 343]

 ### Operon type: 179

	 A0A010IH51	[0, 247, 0, 0, 196, 0, 343, 0, 0]

 ### Operon type: 180

	 A0A010YNY9	[0, 0, 110, 109, 0, 0, 0, 0, 340]

 ### Operon type: 181

	 A0A011AC71	[15, 0, 0, 176, 0, 110, 109, 0, 547]

 ### Operon type: 182

	 A0A011QLX0	[0, 640, 0, 0, 639, 0, 638, 637, 0]
	 A0A011PRW6	[640, 0, 0, 0, 639, 638, 637, 0, 0]

 ### Operon type: 183

	 A0A010SML6	[0, 638, 637, -1, 0, 562, 0, 0, 0]

 ### Operon type: 184

	 A0A009P817	[202, 0, 0, 0, 201, 0, 231, 200, 199]

 ### Operon type: 185

	 A0A009TIY0	[0, 0, 0, 0, 201, 0, 231, 200, 0]

 ### Operon type: 186

	 A0A009QKA3	[231, 200, 0, 199, 0, 0, 0, 0, 260]

 ### Operon type: 187

	 A0A009S854	[-1, 0, 0, 499, 498, 0, 0, 0, 494]

 ### Operon type: 188

	 A0A013RMD0	[-1, 0, 500, 0, 498, 497, 0, 0, 494]

 ### Operon type: 189

	 A0A009HFU9	[0, 38, 0, 0, 502, 369, 0, 0, 0]
	 A0A009R016	[0, 38, 0, 0, 502, -1, 369, 0, 0]

 ### Operon type: 190

	 A0A009HSR2	[0, 84, 83, 0, 82, 284, 285, 156, 286]

 ### Operon type: 191

	 A0A009SWM1	[0, 84, 83, 0, 82, 0, 0, 285, 0]

 ### Operon type: 192

	 A0A009MYX0	[287, 286, 0, 389, 0, 0, 285, 284, 283]

 ### Operon type: 193

	 A0A009QK79	[0, 0, 283, 284, 0, 285, 0, 0, 286]

 ### Operon type: 194

	 A0A009GXJ1	[132, 131, 284, 285, 59, 156, 286, 287, 0]

 ### Operon type: 195

	 A0A013TKW8	[0, 702, 0, 369, 368, 367, 366, 365, 364]
	 A0A009QT77	[0, 0, -1, 369, 368, 367, 366, 365, 364]
	 A0A010IT95	[0, 0, 0, 369, 368, 367, 366, 365, 364]
	 A0A009PRQ9	[0, 369, 100, 0, 368, 367, 366, 365, 364]
	 A0A009GWD0	[156, 0, 0, 369, 368, 367, 366, 365, 364]
	 A0A009S0T6	[0, 0, 369, 100, 368, 367, 366, 365, 364]
	 A0A009I5G9	[0, 0, 369, 100, 368, 367, 366, 365, 364]
	 A0A009MH36	[0, 0, 0, 369, 368, 367, 366, 365, 364]

 ### Operon type: 196

	 A0A013TMJ7	[582, -1, 0, 369, 368, 365, 364, 0, 0]

 ### Operon type: 197

	 A0A009I8I7	[322, 321, 320, 18, 410, 319, 0, 542, 13]
	 A0A009HJJ5	[322, 321, 320, 0, 410, 319, 0, 542, 13]

 ### Operon type: 198

	 A0A013TPR7	[322, 321, 320, 0, 410, 319, 0, 542, 449]
	 A0A010JJN4	[0, 321, 320, 0, 410, 319, 0, 542, 449]
	 A0A009PMT3	[322, 321, 320, 0, 410, 319, 102, 542, 449]
	 A0A009RMI1	[0, 321, 320, 0, 410, 319, 0, 542, 0]
	 A0A009YG45	[0, 322, 321, 320, 410, 0, 319, 102, 542]

 ### Operon type: 199

	 A0A009SEP4	[322, 321, 320, 18, 410, 0, 319, 102, 0]

 ### Operon type: 200

	 A0A009NI48	[322, 321, 320, 0, 410, 0, 0, 0, -1]

 ### Operon type: 201

	 A0A011WLE7	[0, 0, 0, 0, 0, 577, 0, 0, 0]
	 A0A011VU44	[0, 0, 0, 0, 0, 577, 0, 0, 0]

 ### Operon type: 202

	 A0A011VAP2	[0, 0, 225, 0, 0, 0, 0, 0, 408]

 ### Operon type: 203

	 A0A011VRJ8	[0, 0, 0, 0, 0, 0, 225, 0, 0]

 ### Operon type: 204

	 A0A011RNU1	[0, 0, 0, 0, 0, 0, 392, 392, 391]

 ### Operon type: 205

	 A0A011VKJ9	[0, 0, 0, 0, 0, 0, 391, 392, -1]

 ### Operon type: 206

	 A0A011WT35	[442, 0, 0, 0, 0, 0, 0, 0, 0]
	 A0A011V490	[0, 442, 0, 0, 0, 0, 0, 0, 0]

 ### Operon type: 207

	 A0A009T185	[681, 0, 516, 516, 106, 680, 516, 253, 481]

 ### Operon type: 208

	 A0A010IN36	[119, 582, 0, 0, 106, 680, 516, 253, 481]

 ### Operon type: 209

	 A0A009PG43	[680, 516, 254, 683, 0, 253, 481, 0, 0]

 ### Operon type: 210

	 A0A011PQZ7	[0, 0, 0, 672, 671, 0, 670, 0, 0]

 ### Operon type: 211

	 A0A011TUX4	[0, 0, 0, 0, 671, 0, 0, 670, 0]

 ### Operon type: 212

	 A0A011STZ9	[0, 0, 0, 670, 0, 0, 0, 0, 0]

 ### Operon type: 213

	 A0A011PRF5	[668, 0, 0, 0, 0, 0, 0, 0, 0]
	 A0A011PUJ9	[0, 0, 0, 0, 0, 0, 0, 0, 668]

 ### Operon type: 214

	 A0A011PFY8	[0, 0, 0, 0, 0, 0, 0, 0, 676]

 ### Operon type: 215

	 A0A011PNS3	[683, 676, 0, 0, 0, 0, 0, 0, 0]

 ### Operon type: 216

	 A0A011T648	[0, 676, 0, 0, 0, 0, 0, 680, 0]

 ### Operon type: 217

	 A0A011AEN3	[0, 0, 0, 0, 0, 0, 624, 0, 0]
	 A0A011U3C2	[0, 0, 624, 0, 0, 0, 0, 0, 0]

 ### Operon type: 218

	 A0A011AAZ2	[0, 455, 0, 0, 0, 624, 624, 624, 0]

 ### Operon type: 219

	 A0A011T698	[0, 0, 0, 0, 0, 547, 624, 0, 0]

 ### Operon type: 220

	 A0A009SNL0	[20, 19, 0, 0, 0, 0, 0, 0, 0]

 ### Operon type: 221

	 A0A009ZZC8	[-1, 19, 20, 0, 0, 0, 0, 0, 0]

 ### Operon type: 222

	 A0A009ZG48	[0, 0, 0, 702, 0, 0, 0, 0, 0]

 ### Operon type: 223

	 A0A011PEJ8	[0, 0, 703, 702, 0, 0, 0, 0, 0]

 ### Operon type: 224

	 A0A011QNJ7	[645, 0, 0, 702, 0, 0, 0, 645, 0]

 ### Operon type: 225

	 A0A011MMJ4	[0, 0, 0, 0, 0, 0, 0, 645, 0]

 ### Operon type: 226

	 A0A011R8M3	[0, 0, 703, 702, 0, 271, 0, 645, 0]

 ### Operon type: 227

	 A0A009TJ77	[0, 50, 0, 0, 0, 0, 0, 0, 0]

 ### Operon type: 228

	 A0A010RTE7	[0, 0, 0, 0, 0, 0, 63, 50, 0]

 ### Operon type: 229

	 A0A013TPQ9	[328, 327, 326, 325, 324, 590, 582, 323, 450]
	 A0A013S8F0	[328, 327, 326, 325, 324, 590, 582, 323, 450]
	 A0A009PMU2	[328, 327, 326, -1, 324, 590, 582, 323, 450]
	 A0A009SZ84	[328, 327, 326, 325, 324, 590, 582, 323, 450]

 ### Operon type: 230

	 A0A009IG48	[0, 0, 0, 81, 80, 0, 0, 0, 562]

 ### Operon type: 231

	 A0A009IMQ0	[0, 0, 0, 81, 80, 0, 0, 0, 0]

 ### Operon type: 232

	 A0A009SWV1	[0, 0, 0, 0, 0, 0, 0, 81, 0]

 ### Operon type: 233

	 A0A011TAW2	[0, 0, 0, 0, 0, 0, 355, 0, 0]
	 A0A009SFX8	[355, 0, 0, 0, 0, 0, 0, 0, 0]

 ### Operon type: 234

	 A0A011TZN1	[0, 0, 0, 0, 122, 0, 0, 0, 0]
	 A0A009RHH9	[0, 0, 0, 0, 122, 0, 0, 0, 0]

 ### Operon type: 235

	 A0A009PMZ9	[101, 0, 0, 0, 0, 0, 0, 0, 0]
	 A0A009Q512	[0, 0, 0, 0, 101, 0, 0, 0, 0]

 ### Operon type: 236

	 A0A009IFL2	[0, 341, 0, 12, -1, 0, 0, 0]

 ### Operon type: 237

	 A0A009ZDS1	[-1, -1, 0, 341, 0, 0, 339, 0, 0]

 ### Operon type: 238

	 A0A009NPS1	[0, 327, 326, 325, 324, -1, 0, 0, 0]
	 A0A010IZH1	[-1, 327, 326, 325, 324, 590, 0, 0, 0]
	 A0A009HJM0	[0, 327, 326, 325, 324, 590, 0, 0, 0]

 ### Operon type: 239

	 A0A009HUS9	[327, 326, 0, 0, 0, 0, -1, 0, 0]

 ### Operon type: 240

	 A0A009HM15	[0, 162, 161, 0, 0, 0, -1, 0, 0]

 ### Operon type: 241

	 A0A009RQL5	[0, 0, 0, 0, 0, 0, 162, 161, 0]

 ### Operon type: 242

	 A0A009IJ01	[0, 0, 0, 0, 0, 0, 162, 161, 160]

 ### Operon type: 243

	 A0A009NCH6	[0, 0, 0, 0, 0, 0, 0, 161, 160]

 ### Operon type: 244

	 A0A011UB51	[552, 0, 0, 0, 0, 0, 0, 0, 0]
	 A0A011UFH1	[0, 0, 0, 0, 0, 552, 0, 0, 0]

 ### Operon type: 245

	 A0A011VHP2	[0, -1, -1, -1, 228, 0, 0, 0, 0]
	 A0A011V965	[0, -1, -1, 0, 228, 0, -1, -1, 0]

 ### Operon type: 246

	 A0A010RVD0	[-1, 0, 0, -1, 0, 603, 603, 0, 10]

 ### Operon type: 247

	 A0A010T7Q5	[0, 10, 0, 0, 0, 0, -1, 0, 0]

 ### Operon type: 248

	 A0A010SNM6	[0, 0, -1, 0, 0, 0, 582, 0, 0]
	 A0A010SRR2	[0, 0, -1, 0, 0, 0, 0, 0, 582]

 ### Operon type: 249

	 A0A010SJH7	[0, 0, 582, -1, 0, 0, 237, 0, 0]

 ### Operon type: 250

	 A0A011V107	[0, -1, 0, 0, 0, 0, 0, 0, 0]
	 A0A011U7M7	[0, 0, -1, 0, 0, 0, 0, 0, 0]
	 A0A009N9Z1	[-1, 0, 0, 0, 0, 0, 0, 0, 0]
	 A0A009PH57	[0, 0, -1, 0, 0, 0, 0, 0, 0]
	 A0A010RY47	[-1, 0, -1, 0, 0, 0, 0, 0, 0]
	 A0A010RKP8	[0, 0, 0, 0, 0, 0, -1, 0, 0]
	 A0A011UZ32	[0, 0, 0, 0, 0, -1, 0, 0, 0]
	 A0A011UZ49	[0, -1, 0, 0, 0, 0, 0, 0, 0]
	 A0A009QDV7	[-1, 0, 0, 0, 0, 0, 0, 0, 0]
	 A0A009IHQ3	[-1, 0, 0, 0, 0, 0, 0, 0, 0]
	 A0A009RG92	[-1, 0, 0, 0, 0, 0, 0, 0, 0]
	 A0A010JDA6	[-1, 0, 0, 0, 0, 0, 0, 0, 0]
	 A0A009H6M2	[-1, 0, 0, 0, 0, 0, 0, 0, 0]
	 A0A009HJU6	[0, 0, 0, 0, 0, 0, 0, 0, -1]
	 A0A010TF14	[-1, 0, 0, 0, 0, 0, 0, 0, 0]
	 A0A009TG92	[0, 0, -1, 0, 0, 0, 0, 0, 0]

 ### Operon type: 251

	 A0A010SJF9	[0, 0, 0, 0, 0, -1, 0, 120, -1]

 ### Operon type: 252

	 A0A010T5D8	[0, 0, 0, -1, 0, -1, 312, 0, 0]

 ### Operon type: 253

	 A0A011ML54	[0, 0, 0, 647, 0, 0, 0, 0, -1]

 ### Operon type: 254

	 A0A011NHY1	[0, 0, 0, 0, 0, 582, 0, 0, 0]

 ### Operon type: 255

	 A0A010Z171	[0, 0, 0, 0, 0, 0, 582, 0, 389]

 ### Operon type: 256

	 A0A010ZX98	[0, 0, 0, 0, 0, 33, 582, 582, 0]

 ### Operon type: 257

	 A0A010YRE8	[0, 0, 0, 0, 0, 0, 0, 33, 0]

 ### Operon type: 258

	 A0A011AF05	[0, 0, 15, 33, 0, 0, 0, 0, 0]

 ### Operon type: 259

	 A0A011SQL0	[549, 0, -1, 0, 0, 0, 0, 0, 0]

 ### Operon type: 260

	 A0A009ZC82	[0, 0, 549, 0, 0, 0, 0, 0, 0]

 ### Operon type: 261

	 A0A011P3F6	[562, 0, 0, 549, 0, 0, 0, 0, 0]

 ### Operon type: 262

	 A0A011T697	[582, 0, 0, 0, 0, 0, 0, 0, 231]

 ### Operon type: 263

	 A0A011TDD1	[0, 301, 582, 0, 0, 0, 0, 0, 0]

 ### Operon type: 264

	 A0A011VW24	[0, 0, 685, 0, 0, 0, 0, 0, -1]

 ### Operon type: 265

	 A0A011T8V3	[0, 0, 685, 0, 0, 0, 0, 0, 0]

 ### Operon type: 266

	 A0A010TH98	[470, 0, 0, 685, 0, 0, 0, 0, 0]

 ### Operon type: 267

	 A0A011QVR3	[0, 0, 0, 0, 0, 0, 0, 686, 685]

 ### Operon type: 268

	 A0A011RM25	[0, 0, 0, 0, 0, 685, 0, 393, 0]

 ### Operon type: 269

	 A0A011VXC2	[-1, 556, 0, 0, 0, 0, 0, 0, 0]

 ### Operon type: 270

	 A0A011VYF1	[685, 0, 0, 0, 0, 0, 552, 0, 0]

 ### Operon type: 271

	 A0A010S415	[-1, 685, 0, 278, 0, 0, 0, 0, 290]

 ### Operon type: 272

	 A0A011SGD5	[0, 0, 0, 0, 0, 0, 0, 0, 0]
	 A0A011PBM9	[0, 0, 0, 0, 0, 0, 0, 0, 0]
	 A0A011PKU5	[0, 0, 0, 0, 0, 0, 0, 0, 0]
	 A0A011PJK8	[0, 0, 0, 0, 0, 0, 0, 0, 0]
	 A0A011PNN2	[0, 0, 0, 0, 0, 0, 0, 0, 0]
	 A0A011QMJ8	[0, 0, 0, 0, 0, 0, 0, 0, 0]
	 A0A011QSN2	[0, 0, 0, 0, 0, 0, 0, 0, 0]
	 A0A011WKI4	[0, 0, 0, 0, 0, 0, 0, 0, 0]
	 A0A011NMI8	[0, 0, 0, 0, 0, 0, 0, 0, 0]
	 A0A011VSC9	[0, 0, 0, 0, 0, 0, 0, 0, 0]
	 A0A011VUV0	[0, 0, 0, 0, 0, 0, 0, 0, 0]
	 A0A011VYF6	[0, 0, 0, 0, 0, 0, 0, 0, 0]
	 A0A011P4U7	[0, 0, 0, 0, 0, 0, 0, 0, 0]
	 A0A011QVV5	[0, 0, 0, 0, 0, 0, 0, 0, 0]
	 A0A011P9Z5	[0, 0, 0, 0, 0, 0, 0, 0, 0]
	 A0A011NTU3	[0, 0, 0, 0, 0, 0, 0, 0, 0]
	 A0A011Q056	[0, 0, 0, 0, 0, 0, 0, 0, 0]
	 A0A011Q1B3	[0, 0, 0, 0, 0, 0, 0, 0, 0]
	 A0A010ZTI3	[0, 0, 0, 0, 0, 0, 0, 0, 0]
	 A0A011VWR4	[0, 0, 0, 0, 0, 0, 0, 0, 0]
	 A0A011NAJ1	[0, 0, 0, 0, 0, 0, 0, 0, 0]
	 A0A011NAY5	[0, 0, 0, 0, 0, 0, 0, 0, 0]
	 A0A011NDM5	[0, 0, 0, 0, 0, 0, 0, 0, 0]
	 A0A011TWN2	[0, 0, 0, 0, 0, 0, 0, 0, 0]
	 A0A013T8M5	[0, 0, 0, 0, 0, 0, 0, 0, 0]
	 A0A011N2Z0	[0, 0, 0, 0, 0, 0, 0, 0, 0]
	 A0A011N3C3	[0, 0, 0, 0, 0, 0, 0, 0, 0]
	 A0A011N4G4	[0, 0, 0, 0, 0, 0, 0, 0, 0]
	 A0A013TEV4	[0, 0, 0, 0, 0, 0, 0, 0, 0]
	 A0A010ZJQ6	[0, 0, 0, 0, 0, 0, 0, 0, 0]
	 A0A011WSE5	[0, 0, 0, 0, 0, 0, 0, 0, 0]
	 A0A013TPV4	[0, 0, 0, 0, 0, 0, 0, 0, 0]
	 A0A011VZG0	[0, 0, 0, 0, 0, 0, 0, 0, 0]
	 A0A011VW71	[0, 0, 0, 0, 0, 0, 0, 0, 0]
	 A0A011TLH0	[0, 0, 0, 0, 0, 0, 0, 0, 0]
	 A0A013SL47	[0, 0, 0, 0, 0, 0, 0, 0, 0]
	 A0A011WUT3	[0, 0, 0, 0, 0, 0, 0, 0, 0]
	 A0A009N031	[0, 0, 0, 0, 0, 0, 0, 0, 0]
	 A0A009N123	[0, 0, 0, 0, 0, 0, 0, 0, 0]
	 A0A009QQ47	[0, 0, 0, 0, 0, 0, 0, 0, 0]
	 A0A009M4K0	[0, 0, 0, 0, 0, 0, 0, 0, 0]
	 A0A009MGJ1	[0, 0, 0, 0, 0, 0, 0, 0, 0]
	 A0A009MGQ8	[0, 0, 0, 0, 0, 0, 0, 0, 0]
	 A0A009PDV4	[0, 0, 0, 0, 0, 0, 0, 0, 0]
	 A0A009MMM3	[0, 0, 0, 0, 0, 0, 0, 0, 0]
	 A0A011UTJ0	[0, 0, 0, 0, 0, 0, 0, 0, 0]
	 A0A011VMV7	[0, 0, 0, 0, 0, 0, 0, 0, 0]
	 A0A011VNE2	[0, 0, 0, 0, 0, 0, 0, 0, 0]
	 A0A009PT82	[0, 0, 0, 0, 0, 0, 0, 0, 0]
	 A0A009NQA1	[0, 0, 0, 0, 0, 0, 0, 0, 0]
	 A0A013SBR8	[0, 0, 0, 0, 0, 0, 0, 0, 0]
	 A0A009MH90	[0, 0, 0, 0, 0, 0, 0, 0, 0]
	 A0A009Q3K7	[0, 0, 0, 0, 0, 0, 0, 0, 0]
	 A0A009HBT3	[0, 0, 0, 0, 0, 0, 0, 0, 0]
	 A0A011TAF9	[0, 0, 0, 0, 0, 0, 0, 0, 0]
	 A0A009PG53	[0, 0, 0, 0, 0, 0, 0, 0, 0]
	 A0A013S2B9	[0, 0, 0, 0, 0, 0, 0, 0, 0]
	 A0A011UBN9	[0, 0, 0, 0, 0, 0, 0, 0, 0]
	 A0A011UHL2	[0, 0, 0, 0, 0, 0, 0, 0, 0]
	 A0A011UFM5	[0, 0, 0, 0, 0, 0, 0, 0, 0]
	 A0A011UG71	[0, 0, 0, 0, 0, 0, 0, 0, 0]
	 A0A011UGX8	[0, 0, 0, 0, 0, 0, 0, 0, 0]
	 A0A009IRJ6	[0, 0, 0, 0, 0, 0, 0, 0, 0]
	 A0A010YJA7	[0, 0, 0, 0, 0, 0, 0, 0, 0]
	 A0A010IPH1	[0, 0, 0, 0, 0, 0, 0, 0, 0]
	 A0A011UWH1	[0, 0, 0, 0, 0, 0, 0, 0, 0]
	 A0A011V8Y9	[0, 0, 0, 0, 0, 0, 0, 0, 0]
	 A0A009RBQ2	[0, 0, 0, 0, 0, 0, 0, 0, 0]
	 A0A009QVK8	[0, 0, 0, 0, 0, 0, 0, 0, 0]
	 A0A010IZE4	[0, 0, 0, 0, 0, 0, 0, 0, 0]
	 A0A009PAG1	[0, 0, 0, 0, 0, 0, 0, 0, 0]
	 A0A010SHY1	[0, 0, 0, 0, 0, 0, 0, 0, 0]
	 A0A009SWU0	[0, 0, 0, 0, 0, 0, 0, 0, 0]
	 A0A009HTN9	[0, 0, 0, 0, 0, 0, 0, 0, 0]
	 A0A009HIL8	[0, 0, 0, 0, 0, 0, 0, 0, 0]
	 A0A009RR21	[0, 0, 0, 0, 0, 0, 0, 0, 0]
	 A0A009I463	[0, 0, 0, 0, 0, 0, 0, 0, 0]
	 A0A009T1I8	[0, 0, 0, 0, 0, 0, 0, 0, 0]
	 A0A009R2X0	[0, 0, 0, 0, 0, 0, 0, 0, 0]
	 A0A009R4N4	[0, 0, 0, 0, 0, 0, 0, 0, 0]
	 A0A009SHB3	[0, 0, 0, 0, 0, 0, 0, 0, 0]
	 A0A009SIF9	[0, 0, 0, 0, 0, 0, 0, 0, 0]
	 A0A009I0I9	[0, 0, 0, 0, 0, 0, 0, 0, 0]
	 A0A009SCM5	[0, 0, 0, 0, 0, 0, 0, 0, 0]
	 A0A009RHH7	[0, 0, 0, 0, 0, 0, 0, 0, 0]
	 A0A009RMD0	[0, 0, 0, 0, 0, 0, 0, 0, 0]
	 A0A009ISY0	[0, 0, 0, 0, 0, 0, 0, 0, 0]
	 A0A009HL81	[0, 0, 0, 0, 0, 0, 0, 0, 0]
	 A0A010SPJ7	[0, 0, 0, 0, 0, 0, 0, 0, 0]
	 A0A010T025	[0, 0, 0, 0, 0, 0, 0, 0, 0]
	 A0A010SSQ8	[0, 0, 0, 0, 0, 0, 0, 0, 0]
	 A0A011A146	[0, 0, 0, 0, 0, 0, 0, 0, 0]
	 A0A010YZS8	[0, 0, 0, 0, 0, 0, 0, 0, 0]
	 A0A010Z120	[0, 0, 0, 0, 0, 0, 0, 0, 0]
	 A0A011AIL7	[0, 0, 0, 0, 0, 0, 0, 0, 0]
	 A0A009T3J5	[0, 0, 0, 0, 0, 0, 0, 0, 0]

 ### Operon type: 273

	 A0A010TG27	[657, 0, 72, 0, 0, 0, 590, 0, 0]

 ### Operon type: 274

	 A0A011PMK1	[0, 0, 0, 0, 0, 0, 0, 657, 0]

 ### Operon type: 275

	 A0A009HRU1	[0, 284, 0, 0, 0, 0, 0, 0, 0]

 ### Operon type: 276

	 A0A009HSN8	[0, 99, 0, 0, 0, -1, 0, 262, -1]

 ### Operon type: 277

	 A0A009HV82	[184, 0, 0, 0, 0, 0, 0, 0, 0]

 ### Operon type: 278

	 A0A009IG74	[0, 0, 197, 0, 351, -1, 0, 0, 0]

 ### Operon type: 279

	 A0A009IJ90	[0, 36, 0, 0, 0, 0, 0, 0, 0]

 ### Operon type: 280

	 A0A009ISE1	[319, 0, 542, 0, 0, -1, 0, 0, 0]

 ### Operon type: 281

	 A0A009NM94	[0, 717, 717, 0, 0, 0, 301, 0, 0]

 ### Operon type: 282

	 A0A009Q4N5	[0, 0, 202, 0, 0, 0, 0, 0, 0]

 ### Operon type: 283

	 A0A009SSZ9	[0, 61, 0, 0, 0, 0, 0, 0, 0]

 ### Operon type: 284

	 A0A009TBM2	[0, 0, 0, 0, 0, 0, 0, 0, 347]

 ### Operon type: 285

	 A0A009Q8S9	[0, 0, 562, 347, 0, 206, 0, 0, 0]

 ### Operon type: 286

	 A0A009YIH1	[0, 0, 0, 0, 163, 0, -1, -1, 2]

 ### Operon type: 287

	 A0A009YR05	[0, 0, 0, 0, 226, 0, 0, 0, 0]

 ### Operon type: 288

	 A0A009Z004	[34, 0, 34, 0, 0, 389, 0, 0, 0]

 ### Operon type: 289

	 A0A010IGH8	[0, 0, 0, 0, 0, 0, 0, 294, 0]

 ### Operon type: 290

	 A0A010JIN9	[214, 0, 0, 50, 113, 0, 0, 0, 0]

 ### Operon type: 291

	 A0A010RS09	[0, 0, 0, 0, 63, 0, 646, 646, 0]

 ### Operon type: 292

	 A0A010RUQ5	[0, 0, 0, 0, 0, 0, 0, 0, 338]

 ### Operon type: 293

	 A0A010S195	[549, 0, 153, 152, 0, 0, 0, 0, 0]

 ### Operon type: 294

	 A0A010SCZ2	[0, 0, 0, 0, 0, 0, 0, 331, 0]

 ### Operon type: 295

	 A0A010SN41	[0, 0, 0, 0, 362, 0, 0, 0, 0]

 ### Operon type: 296

	 A0A010SSU2	[0, 0, 0, 0, 59, 0, -1, 527, 0]

 ### Operon type: 297

	 A0A010SUP6	[0, 0, 0, 0, 0, 0, 0, 152, 0]

 ### Operon type: 298

	 A0A010SUY9	[0, 0, 0, 0, 0, 271, 703, 0]

 ### Operon type: 299

	 A0A010THK2	[0, 0, -1, 0, 0, 646, 389, 0, 0]

 ### Operon type: 300

	 A0A010SRL4	[72, 0, 0, -1, 0, 0, 0, 389, 112]

 ### Operon type: 301

	 A0A010YF95	[617, 0, 0, 0, 0, 0, 0, 0, 0]

 ### Operon type: 302

	 A0A010YT39	[0, 643, 0, 0, 0, 0, 0, 0, 0]

 ### Operon type: 303

	 A0A010YX61	[189, 624, 0, 685, 0, 0, 0, 0, 0]

 ### Operon type: 304

	 A0A010ZWJ8	[0, 0, 0, 0, 0, 528, 0, 0, 0]

 ### Operon type: 305

	 A0A009ZVR4	[722, 0, 624, 0, 0, 28, 0, 0, 0]

 ### Operon type: 306

	 A0A011AHW1	[0, 0, 0, 0, 0, 0, 0, 4, 0]

 ### Operon type: 307

	 A0A011NE37	[453, 0, 0, 0, 0, 0, 0, 0, 0]

 ### Operon type: 308

	 A0A011NF78	[0, 0, 610, 0, 0, 0, 0, 0, 0]

 ### Operon type: 309

	 A0A011NVE2	[0, 0, 0, 680, 0, 0, 582, 0, 513]

 ### Operon type: 310

	 A0A011NXJ4	[0, 0, 0, 0, 0, 0, 0, 0, 478]

 ### Operon type: 311

	 A0A011P8I1	[0, 0, 622, 624, 0, 0, 0, 0, 528]

 ### Operon type: 312

	 A0A011P9Q7	[525, 0, 0, 0, 0, 0, 0, 0, 0]

 ### Operon type: 313

	 A0A011PCT1	[0, 0, 0, 0, 0, 0, 0, 704, 0]

 ### Operon type: 314

	 A0A011PJ75	[0, 680, 516, 680, 0, 0, 0, 0, 0]

 ### Operon type: 315

	 A0A011PRB4	[0, 0, 0, 0, 0, 0, 0, 669, 0]

 ### Operon type: 316

	 A0A011Q5V7	[616, 0, 0, 0, 0, 0, 0, 0, 0]

 ### Operon type: 317

	 A0A011QU35	[0, 0, 0, 0, 696, 0, 0, 0, 0]

 ### Operon type: 318

	 A0A011QVT2	[684, 0, 0, 0, 0, 0, 0, 683, 0]

 ### Operon type: 319

	 A0A011RP14	[0, 0, 0, 0, 0, 0, 0, 724, 0]

 ### Operon type: 320

	 A0A011SM49	[582, 0, 724, 0, 0, 0, 274, 0, 0]

 ### Operon type: 321

	 A0A011AM27	[670, 0, 0, 0, 410, 0, 0, 0, 409]

 ### Operon type: 322

	 A0A011T607	[0, 0, 599, 0, 0, 0, 0, 0, 301]

 ### Operon type: 323

	 A0A010S5W8	[0, 0, 390, 599, 0, 0, 0, 0, 0]

 ### Operon type: 324

	 A0A011MSR2	[0, 0, 0, 390, 0, 0, 0, 666, 0]

 ### Operon type: 325

	 A0A010YYJ5	[0, 0, 0, 666, 0, 0, 0, 28, 28]

 ### Operon type: 326

	 A0A011TED9	[0, 0, 0, 0, 0, 299, 0, 0, 0]

 ### Operon type: 327

	 A0A011TXS5	[0, 273, 0, 0, 0, 0, 0, 0, 0]

 ### Operon type: 328

	 A0A011U144	[0, 338, 0, 0, 0, 0, 478, 490, 0]

 ### Operon type: 329

	 A0A011U1C8	[547, 0, 0, 0, 0, 0, 0, 0, 337]

 ### Operon type: 330

	 A0A011U483	[0, 0, 0, 0, 0, 546, 0, 0, 0]

 ### Operon type: 331

	 A0A011UDF3	[0, 0, 0, 0, 0, 416, 0, 0, 0]

 ### Operon type: 332

	 A0A011UG86	[0, 550, 0, 0, 0, 120, 0, 0, 0]

 ### Operon type: 333

	 A0A011UGY3	[0, 0, 0, 75, 0, 0, 0, 75, 0]

 ### Operon type: 334

	 A0A011UJN3	[0, 253, 0, 0, 0, 0, 0, 0, 0]

 ### Operon type: 335

	 A0A009INE0	[119, 0, 0, 0, 0, 0, 0, 516, 253]

 ### Operon type: 336

	 A0A011UQB5	[714, 426, 0, 0, 0, 0, 0, 552, 0]

 ### Operon type: 337

	 A0A011UVI5	[0, 0, 0, 0, 0, 340, 680, 680, 0]

 ### Operon type: 338

	 A0A011UWI3	[0, 0, 0, 0, 204, 0, 105, 549, 0]

 ### Operon type: 339

	 A0A011V5E6	[0, 0, 0, 0, 0, 147, 0, 0, 0]

 ### Operon type: 340

	 A0A011M4H6	[408, 0, 407, 0, 0, 0, 0, 0, 0]

 ### Operon type: 341

	 A0A011VSV3	[0, 0, 0, 0, 0, 0, 627, 0, 0]

 ### Operon type: 342

	 A0A011VWI0	[0, 0, 0, 0, 0, 303, 0, 0, 0]

 ### Operon type: 343

	 A0A011VZ91	[446, 0, 0, 0, 0, 0, 0, 0, 0]

 ### Operon type: 344

	 A0A011W213	[0, 0, 0, 0, 0, 578, 0, 0, 0]

 ### Operon type: 345

	 A0A011WP76	[0, 0, 0, 0, 0, 0, 0, 0, 688]

 ### Operon type: 346

	 A0A011WSD4	[0, 0, 0, -1, 0, 666, 0, 0, 442]

 ### Operon type: 347

	 A0A011VZF5	[0, 0, 444, 443, 0, 666, 442, 666, 0]

 ### Operon type: 348

	 A0A011WSU6	[0, 666, 0, 0, 363, 0, 0, 0, 0]

 ### Operon type: 349

	 A0A013S843	[0, 323, 0, 0, 0, 0, -1, 154, 0]

 ### Operon type: 350

	 A0A013S981	[192, 0, 0, 0, 0, 0, 0, 0, 0]

 ### Operon type: 351

	 A0A013T337	[0, 0, 0, 0, 0, 0, 0, 0, 401]

 ### Operon type: 352

	 A0A013T5E6	[0, 0, 0, 400, 0, 0, 0, 0, 0]

 ### Operon type: 353

	 A0A013SGL3	[318, 190, 189, 188, 317, 567, 316, 547, 315]
	 A0A009NE81	[318, 190, 189, 188, 317, 567, 316, 547, 315]
	 A0A010KAV2	[318, 0, 0, 188, 317, 567, 316, 547, 315]
	 A0A009RQH3	[318, 0, 0, 188, 317, 567, 316, 547, 315]
	 A0A009I5Z6	[318, 0, 189, 188, 317, 567, 316, 547, 315]

 ### Operon type: 354

	 A0A013TB41	[318, -1, 0, 0, 317, 567, 316, 547, 315]

 ### Operon type: 355

	 A0A009H3X4	[318, 0, 0, 0, 317, 567, -1, 646, -1]

 ### Operon type: 356

	 A0A009YL68	[0, 0, 547, 318, 317, 0, 0, 44, 0]

 ### Operon type: 357

	 A0A009T9H0	[0, 2, 562, -1, 0, 0, 285, 0, 284]

 ### Operon type: 358

	 A0A010THH5	[0, 342, 341, 340, 0, 0, 712, 0, 339]

 ### Operon type: 359

	 A0A011VZE3	[0, 0, 0, 590, 445, 0, 0, 0, 0]
	 A0A011WSH8	[0, 0, 0, 590, 445, 0, 0, 0, 0]

 ### Operon type: 360

	 A0A011NAF3	[0, 0, 0, 0, 0, 0, 590, 0, 650]

 ### Operon type: 361

	 A0A009IQ93	[133, 0, 590, 0, 0, 112, 0, 0, 0]

 ### Operon type: 362

	 A0A009TLU4	[0, 273, -1, 16, 0, 7, 0, -1, -1]

 ### Operon type: 363

	 A0A010JNG7	[369, 0, 0, 216, 0, 0, 0, 0, 0]

 ### Operon type: 364

	 A0A010S003	[569, 0, 0, 0, 0, 550, 550, 251, 0]

 ### Operon type: 365

	 A0A010SMN8	[0, -1, 110, 0, 431, 0, 0, 573, 0]

 ### Operon type: 366

	 A0A010SXS1	[0, 254, 0, 0, 0, 207, 0, 0, 683]

 ### Operon type: 367

	 A0A010T689	[409, -1, 712, 423, 0, 0, 0, 0, 0]

 ### Operon type: 368

	 A0A010TBB4	[0, 495, 0, 120, 0, 0, 0, 0, 547]

 ### Operon type: 369

	 A0A010YFK3	[0, 394, 0, 0, 0, 0, 558, 0, 337]

 ### Operon type: 370

	 A0A010YVY1	[32, 0, 32, 0, 0, 0, 0, 251, 0]

 ### Operon type: 371

	 A0A010Z7T4	[0, 0, 0, 0, 0, 0, 0, 343, 672]

 ### Operon type: 372

	 A0A010RRR9	[0, 0, 0, 0, 595, 0, 0, 144, 343]

 ### Operon type: 373

	 A0A010SIA7	[0, 0, 144, 68, 0, 0, 0, 0, 0]

 ### Operon type: 374

	 A0A010ZSZ2	[0, 455, 0, 489, 454, 0, 0, 0, 0]

 ### Operon type: 375

	 A0A010Z0Y7	[0, 0, 0, 0, 454, 278, 0, 0, 0]

 ### Operon type: 376

	 A0A010ZUR7	[332, 5, 0, 5, 0, 4, 251, 0, 0]

 ### Operon type: 377

	 A0A011A0M8	[0, 0, 389, 0, 12, 0, 0, 3, 3]

 ### Operon type: 378

	 A0A011NFL4	[0, 716, 0, 0, 644, 657, 0, 643, 0]

 ### Operon type: 379

	 A0A011P407	[0, 0, 548, 715, 0, 0, 547, 0, 546]

 ### Operon type: 380

	 A0A011QGT2	[590, 0, 0, 589, 588, 0, 0, 0, 0]

 ### Operon type: 381

	 A0A011QSA4	[613, 0, 612, 611, 0, 0, 0, 0, 610]

 ### Operon type: 382

	 A0A011T6J6	[0, 616, 0, 624, 0, 0, 230, 0, 229]

 ### Operon type: 383

	 A0A011TAL2	[0, 599, 0, 0, 0, 176, 0, 480, 0]

 ### Operon type: 384

	 A0A011TYT7	[0, 0, 0, 0, 0, 0, 247, 209, 209]

 ### Operon type: 385

	 A0A011TZG0	[389, 614, 0, 0, 0, 0, 0, 370, 0]

 ### Operon type: 386

	 A0A011Q6N5	[0, 0, 0, 0, 0, 0, 615, 614, 615]

 ### Operon type: 387

	 A0A011UII7	[0, 0, 0, 0, 0, 513, 208, 0, 0]

 ### Operon type: 388

	 A0A011UNT9	[206, 276, 0, 0, 0, 0, 0, 0, 0]

 ### Operon type: 389

	 A0A011SIS0	[0, 531, 277, 277, 0, 0, 0, 276, 0]

 ### Operon type: 390

	 A0A011UT49	[0, 455, 0, 0, 0, 0, 254, 236, 0]

 ### Operon type: 391

	 A0A011VU65	[559, 0, 0, 0, 0, 558, 0, 0, 0]

 ### Operon type: 392

	 A0A011VV03	[0, 332, 0, 0, 421, 408, 0, 0, 0]

 ### Operon type: 393

	 A0A011VVZ9	[0, 0, -1, 0, 0, 331, 330, 330, 329]

 ### Operon type: 394

	 A0A011VWX7	[683, 557, 0, 0, 0, 0, 0, 713, 0]

 ### Operon type: 395

	 A0A011VXK7	[717, 717, 0, 555, 0, 0, 0, 618, 0]

 ### Operon type: 396

	 A0A011W0I6	[441, 0, 0, 0, 0, 440, 0, 647, 0]

 ### Operon type: 397

	 A0A010YEF6	[0, 441, 0, 0, 0, 0, 0, 0, 111]

 ### Operon type: 398

	 A0A013SQH1	[0, 0, 0, 0, 362, 512, 0, 369, 430]

 ### Operon type: 399

	 A0A009LNU8	[356, 358, 359, 360, 0, 16, 0, 369, 0]

 ### Operon type: 400

	 A0A013SRG6	[361, 360, 359, 358, 0, 357, 0, 356, 566]

 ### Operon type: 401

	 A0A009IQU8	[0, 358, 0, 0, 0, 357, 566, 0, 0]

 ### Operon type: 402

	 A0A010K2K8	[359, 360, 361, 0, 0, 0, 0, -1, 369]

 ### Operon type: 403

	 A0A011NPR8	[0, 566, 0, 0, 0, 0, 565, 0, 0]

 ### Operon type: 404

	 A0A010SEA2	[620, 565, 342, 0, 0, 0, 0, 0, 0]

 ### Operon type: 405

	 A0A009ZIC0	[502, 501, 500, 499, 498, 497, 496, 495, 494]

 ### Operon type: 406

	 A0A009ZB47	[46, 45, 0, 0, 0, 666, 214, 0, 0]

 ### Operon type: 407

	 A0A010RM40	[379, 590, 465, 0, 0, 0, 0, -1, 545]

 ### Operon type: 408

	 A0A010RRQ6	[0, 407, 0, 0, 0, 431, 500, 145, 0]

 ### Operon type: 409

	 A0A010S423	[230, 0, 0, 0, 0, 0, 0, 105, 721]

 ### Operon type: 410

	 A0A010T0I7	[0, 0, 111, 0, 0, 622, 612, 590, 0]

 ### Operon type: 411

	 A0A011AHU9	[0, 0, 0, 0, 0, 0, 0, 30, 656]

 ### Operon type: 412

	 A0A010YY02	[0, 31, 0, 0, 31, 467, 493, 0, 30]

 ### Operon type: 413

	 A0A011NA78	[0, 448, 0, 0, 0, 603, 0, 0, 545]

 ### Operon type: 414

	 A0A011P8W7	[659, 548, 683, 0, 527, 0, 0, 0, 0]

 ### Operon type: 415

	 A0A011PG97	[573, 0, 0, 572, 0, 0, 0, 0, 0]

 ### Operon type: 416

	 A0A011PKT4	[0, 512, 0, 0, 0, 0, 511, 0, 0]

 ### Operon type: 417

	 A0A011PLB2	[0, 659, 0, 658, 0, 0, 0, 0, 0]

 ### Operon type: 418

	 A0A011R339	[0, 0, 0, 0, 0, 0, 132, 131, 0]

 ### Operon type: 419

	 A0A011SFE5	[0, 0, 0, 717, 0, 0, 716, 715, 714]

 ### Operon type: 420

	 A0A011SJT5	[0, 0, 0, 329, 275, 275, 275, 275, 275]

 ### Operon type: 421

	 A0A011TDQ5	[0, 0, 0, 0, 300, 387, 0, 0, 0]

 ### Operon type: 422

	 A0A011UG17	[167, 0, 447, 0, 121, 559, 0, 0, 0]

 ### Operon type: 423

	 A0A011V8Z7	[0, 0, 0, 0, 0, 104, 103, 0, 0]

 ### Operon type: 424

	 A0A011VT01	[0, 0, 561, 0, 0, 561, 0, 0, 560]

 ### Operon type: 425

	 A0A011VYP6	[0, 0, 0, 0, 0, 0, 447, 596, 0]

 ### Operon type: 426

	 A0A011V392	[556, 0, 669, 444, 443, 232, 0, 363, 233]

 ### Operon type: 427

	 A0A009Q0U9	[510, 509, 508, 0, 40, 39, -1, -1, 0]

 ### Operon type: 428

	 A0A010SRB2	[7, 6, 0, 0, 0, 6, 9, 0, 0]

 ### Operon type: 429

	 A0A011VJ76	[227, 227, 236, 643, 0, 590, 389, 0, 548]

 ### Operon type: 430

	 A0A013SKX6	[0, 0, 723, 0, 351, 351, 150, 149, 148]

 ### Operon type: 431

	 A0A010KA25	[214, 0, 712, 187, 146, 0, 0, 214, 327]

 ### Operon type: 432

	 A0A011WUA8	[459, 0, 0, 298, 0, 0, 0, 297, 297]

 ### Operon type: 433

	 A0A010S4X6	[0, 278, 465, 550, 310, 0, 486, 667, 646]

 ### Operon type: 434

	 A0A011U8C0	[0, 336, 335, 0, 334, 333, 0, 0, 0]
