
 ### Operon type: 1

	 A0A010ILU3	[694, 693, 692, 691, 690, 689, 688, 687, 686]
	 A0A009MW50	[694, 693, 692, 691, 690, 689, 688, 687, 686]
	 A0A009QS71	[694, 693, 692, 691, 690, 689, 688, 687, 686]
	 A0A009H3B0	[694, 693, 692, 691, 690, 689, 688, 687, 686]
	 A0A009QBR9	[694, 693, 692, 691, 690, 689, 687, 686, 109]
	 A0A009I8S2	[694, 693, 692, 691, 690, 689, 687, 686, 109]
	 A0A009TM70	[694, 693, 692, 691, 690, 689, 687, 686, 109]

 ### Operon type: 2

	 A0A013TH43	[390, 389, 628, 573, 388, 387, 386, 385, 585]
	 A0A009RAF0	[390, 389, 628, 573, 388, 387, 386, 385, 585]

 ### Operon type: 3

	 A0A011PVT3	[739, 738, 737, 736, 735, 734, 733, 732, 731]
	 A0A011R7V7	[739, 738, 737, 736, 735, 734, 733, 732, 731]
	 A0A011MET3	[739, 738, 737, 736, 735, 734, 733, 732, 731]

 ### Operon type: 4

	 A0A013SNJ8	[654, 357, 686, 356, 355, 354, 364, 353, 352]
	 A0A013RZW2	[654, 357, 686, 356, 355, 354, 364, 353, 352]
	 A0A009PH20	[654, 357, 686, 356, 355, 354, 364, 353, 352]
	 A0A009MMM3	[654, 357, 686, 356, 355, 354, 364, 353, 352]
	 A0A009IV03	[654, 357, 686, 356, 355, 354, 364, 353, 352]
	 A0A009RD69	[654, 357, 686, 356, 355, 354, 364, 353, 352]
	 A0A009HBT3	[654, 357, 686, 356, 355, 354, 364, 353, 352]
	 A0A009SIZ4	[654, 357, 686, 356, 355, 354, 364, 353, 352]
	 A0A010J9U3	[654, 357, 686, 356, 355, 354, 364, 353, 352]
	 A0A009YIZ0	[654, 357, 686, 356, 355, 354, 364, 353, 352]

 ### Operon type: 5

	 A0A009PH57	[228, 227, -1, 226, 225, 537, 338, 597, 224]
	 A0A009TG92	[228, 227, -1, 226, 225, 537, 338, 597, 224]

 ### Operon type: 6

	 A0A013S288	[421, 294, 293, 292, 354, 291, 290, 289, 288]
	 A0A009N031	[421, 294, 293, 292, 354, 291, 290, 289, 288]
	 A0A009PWG1	[421, 294, 293, 292, 354, 291, 290, 289, 288]
	 A0A009R2X0	[421, 294, 293, 292, 354, 291, 290, 289, 288]
	 A0A009I0I9	[421, 294, 293, 292, 354, 291, 290, 289, 288]
	 A0A009SFX8	[421, 294, 293, 292, 83, 354, 291, 290, 289]
	 A0A013SXT2	[421, 294, 293, 292, 354, 291, 290, 289, 288]
	 A0A010J3I1	[421, 294, 293, 292, 354, 291, 290, 289, 288]
	 A0A009TBM2	[294, 293, 292, 83, 354, 291, 290, 289, 288]

 ### Operon type: 7

	 A0A010IMP8	[682, 834, 681, 680, 679, 678, 677, 676, 675]
	 A0A013SZ54	[682, 834, 681, 680, 679, 678, 677, 676, 675]
	 A0A013T8M5	[682, 834, 681, 680, 679, 678, 677, 676, 675]
	 A0A009SWU0	[682, 834, 681, 680, 679, 678, 677, 676, 675]
	 A0A009N123	[682, 834, 681, 680, 679, 678, 677, 676, 675]
	 A0A009Q3K7	[682, 834, 681, 680, 679, 678, 677, 676, 675]
	 A0A009IRJ6	[682, 834, 681, 680, 679, 678, 677, 676, 675]
	 A0A009RBQ2	[682, 834, 681, 680, 679, 678, 677, 676, 675]
	 A0A009H7U0	[682, 834, 681, 680, 679, 678, 677, 676, 675]
	 A0A009ZM43	[-1, 834, 681, 680, 679, 678, 677, 676, 675]

 ### Operon type: 8

	 A0A013RMD0	[-1, 348, 716, 347, 346, 722, 345, 344, 343]
	 A0A009S854	[-1, 348, 716, 347, 346, 722, 345, 344, 343]
	 A0A009N9Z1	[-1, 348, 716, 347, 346, 722, 345, 344, 343]
	 A0A009H6M2	[-1, 348, 716, 347, 346, 722, 345, 344, 343]
	 A0A009QDV7	[-1, 348, 716, 347, 346, 722, 345, 344, 343]
	 A0A009IHQ3	[-1, 348, 716, 347, 346, 722, 345, 344, 343]
	 A0A009RG92	[-1, 348, 716, 347, 346, 722, 345, 344, 343]
	 A0A010JDA6	[-1, 348, 716, 347, 346, 722, 345, 344, 343]
	 A0A009ZIC0	[125, 348, 716, 347, 346, 722, 345, 344, 343]

 ### Operon type: 9

	 A0A011UIA1	[444, 443, 442, 441, 440, 439, 438, 437, 0]
	 A0A011V5V3	[0, 444, 443, 442, 441, 440, 439, 438, 437]

 ### Operon type: 10

	 A0A011NE72	[499, 498, 497, 496, 495, 494, 493, 492, 0]
	 A0A011PTE7	[499, 498, 497, 496, 495, 0, 494, 493, 492]

 ### Operon type: 11

	 A0A009I4A1	[142, 141, 873, 140, 139, 138, 137, 136, 135]
	 A0A010JWJ1	[142, 141, 873, 140, 139, 138, 137, 136, 135]

 ### Operon type: 12

	 A0A009QF22	[108, 107, 142, 0, 139, 138, 137, 136, 135]
	 A0A009TBY8	[108, 107, 142, 140, 139, 138, 137, 136, 135]

 ### Operon type: 13

	 A0A011NEY3	[491, 770, 769, 768, 768, 767, 766, 765, 0]

 ### Operon type: 14

	 A0A011PAN4	[770, 769, 0, 768, 768, 767, 766, 765, 764]

 ### Operon type: 15

	 A0A011RCD5	[491, 770, 769, 768, 768, 767, 766, 765, 764]

 ### Operon type: 16

	 A0A011P4U7	[0, 789, 788, 787, 786, 785, 784, 783, 782]
	 A0A011NAY5	[789, 788, 787, 786, 785, 784, 783, 782, 0]

 ### Operon type: 17

	 A0A011PF67	[761, 760, 759, 758, 757, 0, 0, 0, 0]
	 A0A011NW66	[761, 760, 759, 758, 757, 553, 0, 0, 0]
	 A0A011NBX7	[761, 760, 759, 758, 757, 553, 0, 0, 0]

 ### Operon type: 18

	 A0A011NS68	[761, 760, 759, 758, 757, 569, 568, 567, 795]
	 A0A011RHX4	[761, 760, 759, 758, 757, 569, 568, 567, 0]

 ### Operon type: 19

	 A0A010YT39	[0, 50, 21, 715, 20, 19, 18, 17, 275]

 ### Operon type: 20

	 A0A010Z7T4	[21, 715, 20, 19, 18, 17, 275, 713, 477]

 ### Operon type: 21

	 A0A013SP43	[366, 365, 364, 363, 362, 361, 360, 359, 358]
	 A0A009RUN3	[366, 365, 364, 363, 362, 361, 360, 359, 358]
	 A0A010K6G6	[366, 365, 364, 363, 362, 361, 360, 0, 358]

 ### Operon type: 22

	 A0A011VWR4	[0, 0, 0, 0, 265, 264, 263, 262, 261]

 ### Operon type: 23

	 A0A011VYP6	[265, 264, 263, 262, 261, 0, 260, 736, 0]

 ### Operon type: 24

	 A0A011NEQ1	[0, 546, 545, 544, 543, 542, 602, 541, 540]
	 A0A011QAS2	[0, 546, 545, 544, 543, 542, 602, 541, 540]

 ### Operon type: 25

	 A0A010JSI3	[730, 729, 728, 727, 726, 725, 724, 723, 0]
	 A0A013T0M4	[730, 729, 728, 727, 726, 725, 724, 723, 0]
	 A0A009HDS5	[730, 729, 728, 727, 726, 725, 724, 723, 117]
	 A0A009RGL2	[730, 729, 728, 727, 726, 725, 724, 723, 117]

 ### Operon type: 26

	 A0A009SNL0	[183, 182, 318, 317, 316, 315, 314, 313, 312]

 ### Operon type: 27

	 A0A009T1I8	[318, 317, 316, 315, 314, 313, 312, 0, 0]

 ### Operon type: 28

	 A0A011VW71	[0, 247, 246, 245, 244, 243, 242, 620, 467]
	 A0A011VUV0	[247, 246, 245, 244, 243, 242, 620, 467, 0]

 ### Operon type: 29

	 A0A011UG71	[77, 82, 76, 241, 240, 239, 238, 237, 236]

 ### Operon type: 30

	 A0A011V8Z7	[0, 0, 77, 82, 76, 241, 240, 239, 238]

 ### Operon type: 31

	 A0A011V8Y9	[241, 240, 239, 238, 237, 236, 0, 0, 0]

 ### Operon type: 32

	 A0A011U8C0	[0, 239, 82, 0, 594, 237, 0, 0, 0]

 ### Operon type: 33

	 A0A011QSF0	[0, 827, 826, 825, 824, 823, 822, 821, 0]
	 A0A011QBB5	[800, 827, 826, 825, 824, 823, 822, 821, 799]
	 A0A011Q0X6	[800, 827, 826, 825, 824, 823, 822, 821, 799]
	 A0A011Q1X8	[827, 0, 826, 825, 824, 823, 822, 821, 799]

 ### Operon type: 34

	 A0A011PG87	[800, 827, 826, 825, 824, 823, 822, 0, 0]

 ### Operon type: 35

	 A0A011PCT1	[814, 813, 812, 0, 0, 0, 0, 763, 0]

 ### Operon type: 36

	 A0A011QU35	[0, 0, 0, 0, 815, 0, 814, 813, 812]

 ### Operon type: 37

	 A0A011Q2B1	[818, 781, 815, 780, 812, 636, 635, 634, 763]

 ### Operon type: 38

	 A0A011RLN8	[817, 816, 815, 780, 812, 636, 635, 634, 763]

 ### Operon type: 39

	 A0A011P700	[0, 0, 820, 819, 818, 781, 815, 780, 812]

 ### Operon type: 40

	 A0A011QSI4	[0, 0, 820, 819, 818, 0, 817, 816, 815]

 ### Operon type: 41

	 A0A013T337	[504, 719, 404, 403, 402, 802, 401, 805, 400]
	 A0A013TH30	[504, 719, 404, 403, 402, 802, 401, 805, 400]
	 A0A013S981	[283, 504, 719, 404, 403, 402, 802, 401, 805]

 ### Operon type: 42

	 A0A010JY00	[283, 504, 719, 404, 104, 802, 401, 805, 400]

 ### Operon type: 43

	 A0A013TPV4	[378, 377, 376, 375, 374, 373, 614, 873, 372]
	 A0A009SZB5	[378, 377, 376, 375, 374, 373, 614, 873, 372]
	 A0A009QQ47	[378, 377, 376, 375, 374, 373, 614, 873, 372]
	 A0A009MGJ1	[378, 377, 376, 375, 374, 373, 614, 873, 372]
	 A0A009HL81	[378, 377, 376, 375, 374, 373, 614, 873, 372]
	 A0A009HR98	[378, 377, 376, 375, 374, 373, 614, 873, 372]
	 A0A010IZE4	[378, 377, 376, 375, 374, 373, 614, 873, 372]

 ### Operon type: 44

	 A0A009Z8F7	[377, 376, 373, 0, 374, 303, 303, 0, 302]

 ### Operon type: 45

	 A0A009R016	[129, 128, 127, 126, 125, -1, 712, 124, 123]
	 A0A009HFU9	[129, 128, 127, 126, 125, 712, 124, 123, 0]

 ### Operon type: 46

	 A0A011UJN3	[0, 671, 0, 0, 582, 581, 580, 579, 578]

 ### Operon type: 47

	 A0A011W213	[582, 581, 580, 579, 578, 563, 0, 0, 0]

 ### Operon type: 48

	 A0A011QIT1	[861, 860, 859, 858, 857, 856, 855, 854, 853]
	 A0A011QUG8	[861, 860, 859, 858, 857, 856, 0, 855, 854]

 ### Operon type: 49

	 A0A011NVE7	[562, 561, 560, 741, 742, 743, 744, 745, 746]
	 A0A011PP01	[562, 561, 560, 741, 742, 743, 744, 745, 746]

 ### Operon type: 50

	 A0A011P2I4	[749, 748, 747, 746, 745, 744, 743, 742, 741]
	 A0A011N9N8	[749, 748, 747, 746, 745, 744, 743, 742, 741]

 ### Operon type: 51

	 A0A011PIY7	[534, 0, 747, 746, 745, 744, 743, 0, 741]

 ### Operon type: 52

	 A0A011Q3J4	[0, 534, 747, 746, 745, 744, 743, 742, 0]

 ### Operon type: 53

	 A0A011MH88	[320, 534, 747, 746, 745, 744, 743, 742, 741]

 ### Operon type: 54

	 A0A013SPM5	[398, 397, 396, 395, 431, 394, 393, 392, 391]
	 A0A009QFZ7	[398, 397, 396, 395, 431, 394, 393, 392, 391]
	 A0A009MH71	[398, 397, 396, 395, 431, 394, 393, 392, 391]
	 A0A009I6Z0	[398, 397, 396, 395, 431, 394, 393, 392, 391]
	 A0A009HSL1	[398, 397, 396, 395, 431, 394, 393, 392, 391]
	 A0A010IX62	[398, 397, 396, 395, 431, 394, 393, 392, 391]
	 A0A009TK03	[398, 397, 396, 395, 431, 394, 393, 392, 391]

 ### Operon type: 55

	 A0A009ZIX8	[0, 32, 396, 395, 431, 518, 0, 391, 0]

 ### Operon type: 56

	 A0A010JJN4	[710, 709, 708, 707, 706, 705, 704, 776, 703]
	 A0A013TPR7	[710, 709, 708, 707, 706, 705, 704, 776, 703]
	 A0A009PMT3	[710, 709, 708, 707, 706, 705, 704, 776, 703]
	 A0A009SEP4	[710, 709, 708, 707, 706, 0, 705, 704, 0]
	 A0A009RMI1	[710, 709, 708, 707, 706, 705, 704, 776, 0]
	 A0A009NI48	[710, 709, 708, 707, 706, 705, 704, 776, -1]
	 A0A009HJJ5	[710, 709, 708, 707, 706, 705, 704, 776, 105]
	 A0A009I8I7	[710, 709, 708, 707, 706, 705, 704, 776, 105]
	 A0A009YG45	[0, 710, 709, 708, 706, 0, 705, 704, 776]

 ### Operon type: 57

	 A0A013TPQ9	[384, 383, 382, 381, 380, 873, 865, 379, 505]
	 A0A013S8F0	[384, 383, 382, 381, 380, 873, 865, 379, 505]
	 A0A009PMU2	[384, 383, 382, -1, 380, 873, 865, 379, 505]
	 A0A009SZ84	[384, 383, 382, 381, 380, 873, 865, 379, 505]
	 A0A009HJM0	[384, 383, 382, 381, 380, 873, 865, 379, 505]
	 A0A010IZH1	[-1, 383, 382, 381, 380, 873, 865, 379, 505]

 ### Operon type: 58

	 A0A009HUS9	[383, 382, 0, 381, 380, 148, -1, 149, 150]

 ### Operon type: 59

	 A0A009ISE1	[705, 704, 776, 150, 149, -1, 148, 380, 381]

 ### Operon type: 60

	 A0A009NPS1	[384, 383, 382, 381, 380, -1, 776, 704, 705]

 ### Operon type: 61

	 A0A013SB36	[282, 281, 280, 279, 324, 550, 549, 278, 321]
	 A0A009QSI3	[282, 281, 280, 279, 324, 550, 549, 278, -1]

 ### Operon type: 62

	 A0A010ITP2	[282, 281, 280, 279, 324, 550, 549, 0, 0]

 ### Operon type: 63

	 A0A009SII9	[-1, 281, 280, 279, 324, 550, 549, 323, 322]

 ### Operon type: 64

	 A0A009T0Q9	[324, 550, 549, 323, 322, 321, 320, 873, 319]

 ### Operon type: 65

	 A0A009YJF4	[0, 550, 549, 56, 55, 320, 873, 0, 319]

 ### Operon type: 66

	 A0A009GP96	[0, 99, 873, 713, 98, 61, 712, 97, 96]

 ### Operon type: 67

	 A0A009GSR4	[713, 98, 61, 712, 97, 96, 96, 95, 0]

 ### Operon type: 68

	 A0A009IIT6	[99, 873, 713, 98, 97, 96, 96, 95, 0]

 ### Operon type: 69

	 A0A011SQL0	[794, 596, -1, 595, 594, 593, 592, 591, 590]
	 A0A011UZ49	[596, -1, 595, 594, 593, 592, 591, 590, 0]

 ### Operon type: 70

	 A0A009PT82	[748, 801, 218, 217, 216, 215, 214, 213, 300]
	 A0A009SIF9	[748, 801, 218, 217, 216, 215, 214, 213, 300]

 ### Operon type: 71

	 A0A009IS10	[468, 0, 0, 0, 216, 215, 214, 0, 0]

 ### Operon type: 72

	 A0A009QHW5	[0, 0, 0, 694, 216, 215, 214, 0, 301]

 ### Operon type: 73

	 A0A011UVB4	[0, 0, 0, 469, 0, 0, 468, 0, 467]

 ### Operon type: 74

	 A0A011V107	[454, -1, 453, 452, 451, 450, 449, 448, 0]
	 A0A011U7M7	[0, 454, -1, 453, 452, 451, 450, 449, 448]

 ### Operon type: 75

	 A0A011TLH0	[418, 451, 453, 417, 452, 450, 0, 0, 0]

 ### Operon type: 76

	 A0A011UG87	[414, 415, 416, 418, 451, 453, 417, 452, 450]

 ### Operon type: 77

	 A0A011TLH7	[416, 415, 414, 0, 0, 0, 0, 0, 0]

 ### Operon type: 78

	 A0A011TAF9	[0, 0, 429, 428, 427, 426, 425, 424, 423]
	 A0A011TWN2	[429, 428, 427, 426, 425, 424, 423, 0, 0]

 ### Operon type: 79

	 A0A011Q5V7	[529, 0, 0, 0, 633, 632, 631, 630, 629]

 ### Operon type: 80

	 A0A011RM25	[633, 632, 631, 630, 629, 810, 0, 628, 0]

 ### Operon type: 81

	 A0A011QIE8	[868, 867, 866, 865, 864, 863, 862, 0, 0]
	 A0A011QDV3	[868, 867, 866, 865, 864, 863, 801, 0, 862]

 ### Operon type: 82

	 A0A011QAB0	[527, 526, 525, 0, 524, 749, 619, 523, 0]
	 A0A011PL71	[479, 527, 526, 525, 524, 749, 619, 523, 0]

 ### Operon type: 83

	 A0A011Q6N5	[606, 605, 604, 0, 0, 0, 528, 586, 528]

 ### Operon type: 84

	 A0A011SGD5	[0, 0, 0, 0, 0, 0, 606, 605, 604]

 ### Operon type: 85

	 A0A011NYU6	[539, 538, 0, 537, 536, 521, 520, 0, 535]

 ### Operon type: 86

	 A0A011PYI6	[539, 538, 0, 537, 536, 535, 718, 792, 0]

 ### Operon type: 87

	 A0A011P1C0	[0, 0, 521, 520, 535, 0, 0, 0, 0]

 ### Operon type: 88

	 A0A011N4G4	[0, 0, 512, 511, 510, 509, 510, 508, 507]
	 A0A011PKU5	[512, 511, 510, 509, 510, 508, 507, 0, 0]

 ### Operon type: 89

	 A0A010ZWJ8	[11, 10, 9, 477, 8, 775, 408, 775, 7]

 ### Operon type: 90

	 A0A011AHW1	[8, 477, 9, 10, 11, 0, 0, 12, 0]

 ### Operon type: 91

	 A0A011AHU9	[408, 775, 7, 0, 0, 0, 0, 14, 320]

 ### Operon type: 92

	 A0A010ZX98	[6, 5, 4, 3, 2, 22, 865, 865, 0]

 ### Operon type: 93

	 A0A011AIL7	[2, 3, 4, 5, 6, 0, 0, 0, 0]

 ### Operon type: 94

	 A0A010YF95	[530, 28, 855, 27, 26, 26, 25, 583, 24]

 ### Operon type: 95

	 A0A010ZJQ6	[28, 855, 27, 26, 26, 25, 583, 24, 0]

 ### Operon type: 96

	 A0A009GXL8	[59, 58, 57, 56, 55, 140, 158, 157, 156]

 ### Operon type: 97

	 A0A010JIW7	[59, 58, 57, 56, 55, 0, 0, 158, 157]

 ### Operon type: 98

	 A0A011QNA5	[0, 848, 847, 846, 0, 845, 844, 843, 842]
	 A0A009ZLJ7	[842, 843, 844, 845, 0, 0, 848, 847, 846]

 ### Operon type: 99

	 A0A013T0T6	[845, 844, 843, 842, 685, 684, 406, 683, 405]
	 A0A009RMD0	[845, 844, 843, 842, 685, 175, 406, 683, 405]
	 A0A009ISY0	[845, 844, 843, 842, 685, 175, 406, 683, 405]
	 A0A009QMH5	[845, 844, 843, 842, 685, 684, 406, 683, 405]
	 A0A009HAX1	[845, 844, 843, 842, 685, 684, 406, 683, 405]
	 A0A009PE10	[845, 844, 843, 842, 685, 175, 406, 683, -1]

 ### Operon type: 100

	 A0A010ILW6	[845, 844, 843, 842, 685, 684, 0, 0, 683]

 ### Operon type: 101

	 A0A009Z9X7	[844, 843, 842, 0, 685, 0, 809, 0, 683]

 ### Operon type: 102

	 A0A013S8V2	[286, 285, 0, 0, 0, 284, 0, 0, 0]
	 A0A009R8E1	[0, 519, 0, 286, 285, 0, 0, 284, 0]

 ### Operon type: 103

	 A0A009ICH6	[654, 206, 205, 204, 104, 103, 102, 101, 805]
	 A0A009ZFR5	[654, 206, 205, 204, 104, 103, 102, 101, 805]

 ### Operon type: 104

	 A0A009NQA1	[654, 206, 205, 204, 203, 202, 404, 805, 802]
	 A0A009RR21	[654, 206, 205, 204, 203, 202, 404, 805, 802]

 ### Operon type: 105

	 A0A009HTN9	[654, 206, 205, 204, 203, 202, 63, 670, 62]
	 A0A009T3J5	[654, 206, 205, 204, 203, 202, 63, 670, 62]

 ### Operon type: 106

	 A0A009Q0U9	[654, 206, 205, 204, 203, 202, -1, -1, 0]

 ### Operon type: 107

	 A0A009IPC3	[185, 186, 130, 131, 132, 113, 112, 187, 188]
	 A0A009QEG7	[185, 186, 130, 131, 132, 113, 112, 187, 188]

 ### Operon type: 108

	 A0A009I573	[195, 0, 134, 189, 0, 133, 132, 131, 130]

 ### Operon type: 109

	 A0A009ILP9	[187, 0, 130, 131, 132, 133, 188, 189, 134]

 ### Operon type: 110

	 A0A009I953	[187, 0, 130, 131, 132, 133, 188, 0, -1]

 ### Operon type: 111

	 A0A009SX74	[754, 795, 0, 189, 188, 187, 186, 185, 184]

 ### Operon type: 112

	 A0A010IPH1	[669, 668, 667, 666, 665, 664, 663, 662, 661]
	 A0A009MMG9	[669, 668, 667, 666, 665, 664, 663, 662, 661]
	 A0A009QVK8	[669, 668, 667, 666, 665, 664, 663, 662, 661]
	 A0A009ICP5	[669, 668, 667, 666, 665, 664, 663, 662, 661]

 ### Operon type: 113

	 A0A009QLL2	[308, 309, 310, 122, 665, 664, 663, 662, 661]
	 A0A009SIV4	[308, 309, 310, 122, 665, 664, 663, 662, 661]
	 A0A009HTW0	[308, 309, 310, 122, 665, 664, 663, 662, 661]
	 A0A013TSJ4	[309, 310, 0, 122, 665, 664, 663, 662, 661]

 ### Operon type: 114

	 A0A010ITG1	[691, 642, 641, 640, 639, 638, 637, 873, 865]
	 A0A013TCN9	[691, 642, 641, 640, 639, 638, 637, 873, 865]
	 A0A009NIJ3	[691, 642, 641, 640, 639, 638, 637, 873, 865]
	 A0A009QNC9	[691, 642, 641, 640, 639, 638, 637, 873, 865]
	 A0A013TRC1	[691, 642, 641, 640, 639, 638, 637, 873, 865]

 ### Operon type: 115

	 A0A009H935	[0, 0, 641, 640, 639, 638, 637, 873, 865]

 ### Operon type: 116

	 A0A009IMX3	[660, 659, 658, 657, 656, 115, 115, 792, 114]
	 A0A009QEX0	[660, 659, 658, 657, 656, 115, 115, 792, 114]
	 A0A009SF48	[660, 659, 658, 657, 656, -1, 115, 792, 114]

 ### Operon type: 117

	 A0A010ISX2	[660, 659, 658, 657, 656, 655, 654, 653, 652]
	 A0A013S7V1	[660, 659, 658, 657, 656, 655, 654, 653, 652]
	 A0A009MR00	[660, 659, 658, 657, 656, 655, 654, 653, 652]
	 A0A009RES7	[660, 659, 658, 657, 656, 655, 654, 653, 652]

 ### Operon type: 118

	 A0A009YTT3	[31, 125, 658, 657, 656, 655, 654, 653, 652]

 ### Operon type: 119

	 A0A009GYP9	[0, 0, 0, 657, 656, 655, 654, 653, 652]

 ### Operon type: 120

	 A0A009ZZC8	[-1, 182, 183, 31, 125, 658, 657, 656, 655]

 ### Operon type: 121

	 A0A011UGX8	[255, 254, 253, 252, 251, 250, 249, 75, 74]
	 A0A011WSE5	[254, 253, 252, 251, 250, 249, 75, 74, 272]

 ### Operon type: 122

	 A0A011VZG0	[271, 0, 255, 254, 253, 252, 251, 250, 249]

 ### Operon type: 123

	 A0A009PJF7	[304, 305, 305, 306, 223, 307, 222, 221, 220]
	 A0A009SJZ7	[469, 304, 305, 306, 223, 307, 222, 221, 220]

 ### Operon type: 124

	 A0A009Z5G0	[307, 306, 305, 0, 599, 304, 469, 350]

 ### Operon type: 125

	 A0A010JJC1	[702, 701, 700, 699, 698, 697, 696, 711, 695]
	 A0A010IZ41	[701, 700, 699, 698, 697, 696, 711, 695, 364]

 ### Operon type: 126

	 A0A009QJL6	[702, 701, 700, 699, 0, 695, 364, 106, 0]

 ### Operon type: 127

	 A0A013TB41	[371, -1, 370, 369, 368, 748, 668, 791, 367]
	 A0A013SGL3	[371, 277, 370, 369, 368, 748, 668, 791, 367]
	 A0A009PG53	[371, 277, 370, 369, 368, 748, 668, 791, 367]
	 A0A009RQH3	[371, 277, 370, 369, 368, 748, 668, 791, 367]
	 A0A009NE81	[371, 277, 370, 369, 368, 748, 668, 791, 367]
	 A0A009I5Z6	[371, 277, 370, 369, 368, 748, 668, 791, 367]
	 A0A010KAV2	[371, 277, 370, 369, 368, 748, 668, 791, 367]
	 A0A009SHB3	[371, 277, 370, 369, 368, 748, 668, 791, 367]

 ### Operon type: 128

	 A0A009H3X4	[371, 277, 370, 369, 368, 748, -1, 720, -1]

 ### Operon type: 129

	 A0A009PIB4	[0, 0, 0, 212, 462, 211, 712, 873, 749]
	 A0A009SLR5	[0, 0, 0, 212, 462, 211, 712, 873, 749]

 ### Operon type: 130

	 A0A009HSU4	[0, 0, 587, 873, 0, 748, 791, 749, 712]

 ### Operon type: 131

	 A0A009I463	[615, 144, 143, 354, 354, 275, 274, 273, 201]
	 A0A009PAG1	[615, 144, 143, 354, 354, 275, 274, 273, 201]

 ### Operon type: 132

	 A0A013SKX6	[0, 0, 615, 0, 354, 354, 275, 274, 273]

 ### Operon type: 133

	 A0A011Q5S3	[853, 533, 0, 0, 0, 0, 532, 531, 530]

 ### Operon type: 134

	 A0A011UZZ4	[0, 532, 531, 0, 0, 0, 459, 459, 530]

 ### Operon type: 135

	 A0A011UTJ0	[0, 0, 0, 474, 473, 472, 784, 471, 470]

 ### Operon type: 136

	 A0A011VMV7	[474, 473, 472, 784, 471, 470, 436, 435, 434]

 ### Operon type: 137

	 A0A011NYT4	[779, 778, 777, 776, 0, 551, 551, 550, 549]

 ### Operon type: 138

	 A0A011P8E9	[0, 0, 779, 778, 0, 777, 776, 0, 0]

 ### Operon type: 139

	 A0A010TF34	[0, -1, 0, 0, 70, 69, 68, 67, 66]
	 A0A010SYH9	[70, 69, 68, 67, 66, 0, 0, 0, 0]

 ### Operon type: 140

	 A0A010S7A1	[93, 92, 91, 90, 0, 89, 0, 0, 0]
	 A0A010TFJ4	[0, -1, 0, 93, 92, 91, 90, -1, 89]

 ### Operon type: 141

	 A0A009PAV9	[65, -1, 667, 64, 354, 712, 179, 180, 181]
	 A0A009HJC2	[65, 865, 667, 64, 354, 712, 179, 180, 181]

 ### Operon type: 142

	 A0A009SE02	[0, 181, 0, 0, 0, 180, 179, 712, 354]

 ### Operon type: 143

	 A0A009SYU8	[791, 654, 771, 651, 229, 873, 873, 649, 648]
	 A0A009RSB7	[791, 654, 771, 651, 229, 873, 873, 649, 648]
	 A0A009HS41	[791, 654, 771, 651, 229, 873, 873, 649, 648]

 ### Operon type: 144

	 A0A010IT25	[791, 654, 771, 651, 650, 873, 873, 649, 648]
	 A0A013SHA9	[791, 654, 771, 651, 650, 873, 873, 649, 648]
	 A0A009I466	[791, 654, 771, 651, 650, 873, 873, 649, 648]

 ### Operon type: 145

	 A0A009NMQ9	[791, 654, 771, 651, 650, 0, 873, 873, 649]

 ### Operon type: 146

	 A0A009P8A9	[0, 0, 771, 651, 229, 873, 873, 649, 648]

 ### Operon type: 147

	 A0A009NJ90	[164, 163, 162, 325, 337, 336, 335, 334, 333]
	 A0A009ITT8	[164, 163, 162, 325, 337, 335, 334, 333, 332]

 ### Operon type: 148

	 A0A009NCH6	[166, 334, 333, 332, 329, 173, 172, 171, 165]
	 A0A009IJ01	[334, 333, 332, 331, 329, 173, 172, 171, 165]

 ### Operon type: 149

	 A0A009RQL5	[334, 333, 332, 174, 329, 173, 172, 171, 0]

 ### Operon type: 150

	 A0A009MGQ8	[337, 0, 166, 334, 333, 332, 329, 173, 172]

 ### Operon type: 151

	 A0A009S6G1	[328, 327, 326, 325, 337, 334, 333, 332, 329]
	 A0A009RHH7	[328, 327, 326, 325, 337, 336, 334, 333, 332]
	 A0A009IJ07	[328, 327, 326, 325, 337, 334, 333, 332, 331]

 ### Operon type: 152

	 A0A009HZK2	[326, 325, 337, 334, 333, 332, 331, 329, 173]

 ### Operon type: 153

	 A0A009R4N4	[325, 337, 336, 334, 333, 332, 174, 329, 173]

 ### Operon type: 154

	 A0A009S5A5	[337, 336, 335, 334, 333, 332, 331, 330, 329]

 ### Operon type: 155

	 A0A009RHH9	[0, 0, 0, 0, 433, 328, 327, 326, 325]

 ### Operon type: 156

	 A0A011PGU1	[0, 0, 753, 837, 836, 835, 752, 751, 750]
	 A0A011MDH1	[547, 0, 753, 837, 836, 835, 752, 751, 750]

 ### Operon type: 157

	 A0A011V0P4	[490, 458, 0, 0, 457, 0, 0, 456, 455]

 ### Operon type: 158

	 A0A011WPV7	[456, 455, 0, 0, 0, 0, 0, 0, 0]

 ### Operon type: 159

	 A0A011UDF3	[837, 81, 0, 0, 0, 413, 80, 79, 831]

 ### Operon type: 160

	 A0A011VSC9	[80, 79, 831, 0, 0, 0, 0, 0, 0]

 ### Operon type: 161

	 A0A011SF89	[612, 611, 610, 0, 0, 0, 0, 0, 0]

 ### Operon type: 162

	 A0A011UCX7	[0, 527, 612, 611, 0, 610, 111, 0, 0]

 ### Operon type: 163

	 A0A011RNP9	[0, 0, 0, 0, 0, 620, 619, 0, 0]

 ### Operon type: 164

	 A0A011V0B5	[615, 0, 0, 0, 0, 0, 620, 0, 0]

 ### Operon type: 165

	 A0A011RQC9	[0, 615, 614, 0, 0, 0, 0, 613, 0]

 ### Operon type: 166

	 A0A011QG28	[839, 838, 837, 0, 836, 835, 834, 833, 832]
	 A0A011RIM8	[839, 838, 0, 0, 836, 835, 834, 833, 832]

 ### Operon type: 167

	 A0A011PHI6	[475, 0, 870, 0, 0, 869, 858, 566, 0]

 ### Operon type: 168

	 A0A011QI68	[0, 0, 870, 869, 0, 0, 0, 0, 0]

 ### Operon type: 169

	 A0A011NVJ6	[559, 558, 557, 556, 555, 670, 0, 0, 554]

 ### Operon type: 170

	 A0A011PVP2	[0, 558, 557, 556, 555, 670, 0, 0, 739]

 ### Operon type: 171

	 A0A011NXY7	[0, 0, 557, 0, 555, 0, 0, 0, 0]

 ### Operon type: 172

	 A0A011QR69	[807, 806, 805, 804, 803, 802, 0, 0, 0]
	 A0A011NUB4	[807, 806, 805, 804, 803, 802, 0, 563, 0]

 ### Operon type: 173

	 A0A011NN36	[806, 805, 0, 0, 803, 802, 0, 0, 0]

 ### Operon type: 174

	 A0A011PK69	[805, 482, 0, 0, 803, 802, 0, 0, 0]

 ### Operon type: 175

	 A0A011RMI6	[627, 850, 849, 626, 625, 624, 623, 622, 621]
	 A0A011NYD6	[627, 850, 849, 626, 625, 624, 623, 622, 621]

 ### Operon type: 176

	 A0A011QB28	[522, 627, 850, 0, 0, 624, 623, 622, 621]

 ### Operon type: 177

	 A0A011NF33	[0, 624, 623, 0, 0, 0, 0, 0, 0]

 ### Operon type: 178

	 A0A011NBY4	[501, 0, 0, 576, 0, 0, 500, 0, 0]

 ### Operon type: 179

	 A0A011WRT0	[501, 0, 0, 0, 0, 0, 0, 792, 0]

 ### Operon type: 180

	 A0A011SHV5	[0, 0, 0, 0, 0, 603, 792, 702, 0]

 ### Operon type: 181

	 A0A011NB95	[0, 811, 0, 0, 0, 0, 667, 503, 502]

 ### Operon type: 182

	 A0A011UHT4	[106, 248, 503, 0, 0, 72, 72, 502, 0]

 ### Operon type: 183

	 A0A010Z1W7	[0, 0, 0, 0, 0, 33, 0, 266, 267]

 ### Operon type: 184

	 A0A011VY84	[0, 0, 267, 266, 0, 0, 0, 0, 0]

 ### Operon type: 185

	 A0A010YW85	[0, 0, 0, 0, 0, 268, 0, 266, 267]

 ### Operon type: 186

	 A0A010ZMA0	[266, 506, 0, 0, 0, 0, 0, 0, 0]

 ### Operon type: 187

	 A0A011N5L2	[0, 0, 0, 506, 0, 505, 703, 0, 0]

 ### Operon type: 188

	 A0A009MJ75	[0, 0, 201, 200, 199, 0, 0, 0, 713]

 ### Operon type: 189

	 A0A010IH51	[0, 661, 0, 0, 199, 0, 713, 0, 0]

 ### Operon type: 190

	 A0A011TYT7	[0, 0, 0, 0, 0, 0, 661, 588, 588]

 ### Operon type: 191

	 A0A010RRR9	[0, 0, 0, 0, 735, 0, 0, 714, 713]

 ### Operon type: 192

	 A0A010SIA7	[0, 0, 714, 90, 0, 0, 0, 0, 0]

 ### Operon type: 193

	 A0A010RFQ9	[0, 0, 722, 0, 721, 0, 0, 0, 0]

 ### Operon type: 194

	 A0A010SPR9	[43, 43, 0, 0, 0, 721, 0, 0, 0]

 ### Operon type: 195

	 A0A009LNU8	[147, 152, 592, 146, 0, 145, 0, 712, 0]

 ### Operon type: 196

	 A0A013SRG6	[94, 146, 592, 152, 0, 151, 0, 147, 571]

 ### Operon type: 197

	 A0A009IQU8	[0, 152, 0, 0, 0, 151, 571, 0, 0]

 ### Operon type: 198

	 A0A010K2K8	[592, 146, 94, 0, 0, 0, 0, -1, 712]

 ### Operon type: 199

	 A0A011NPR8	[0, 571, 0, 0, 0, 0, 570, 0, 0]

 ### Operon type: 200

	 A0A010SEA2	[533, 570, 87, 0, 0, 0, 0, 0, 0]

 ### Operon type: 201

	 A0A010IGH8	[0, 0, 0, 0, 0, 0, 0, 295, 649]

 ### Operon type: 202

	 A0A010STD3	[0, 0, 0, 412, 411, 410, 0, 649, 295]

 ### Operon type: 203

	 A0A010SQJ5	[287, 666, 0, 412, 411, 410, 0, 0, 0]

 ### Operon type: 204

	 A0A013RVV2	[691, 0, 297, 296, 0, 0, 649, 295, 0]

 ### Operon type: 205

	 A0A011TD67	[413, 0, 0, 412, 411, 410, 409, 0, 408]

 ### Operon type: 206

	 A0A009ZC12	[0, 0, 0, 412, 0, 410, 409, 299, 829]

 ### Operon type: 207

	 A0A009YSC7	[0, 0, 500, 29, 0, 29, 297, 296, 0]

 ### Operon type: 208

	 A0A009ZJK4	[0, 0, 0, 0, 0, 0, 654, 38, 0]

 ### Operon type: 209

	 A0A010SVN1	[-1, 38, 873, 196, 419, 0, 0, 654, 0]

 ### Operon type: 210

	 A0A009PFK7	[235, 234, 233, 232, 231, 0, 0, 230, 0]
	 A0A009QGN4	[235, 234, 233, 232, 231, 230, 0, 0, 0]

 ### Operon type: 211

	 A0A009YR20	[0, 230, 0, 0, 0, 0, 234, 0, 0]

 ### Operon type: 212

	 A0A009SCM5	[178, 177, 176, 0, 0, 0, 0, 0, 0]

 ### Operon type: 213

	 A0A009TJ77	[184, 45, 0, 0, 0, 0, 178, 177, 176]

 ### Operon type: 214

	 A0A009HZV2	[0, 0, 0, 0, 155, 154, 336, 0, 0]

 ### Operon type: 215

	 A0A009QPE7	[0, 0, 0, 0, 155, 154, 0, 0, 0]

 ### Operon type: 216

	 A0A009MGR3	[0, 0, 120, 0, 399, 330, 126, 119, 118]

 ### Operon type: 217

	 A0A009Q4G0	[0, 121, 120, 0, 399, 0, 119, 118, 119]

 ### Operon type: 218

	 A0A009PB53	[0, 0, 161, 160, 399, 119, 118, 119, 159]

 ### Operon type: 219

	 A0A009PUJ8	[0, 161, 160, 399, 0, 159, 158, 157, 156]

 ### Operon type: 220

	 A0A009QQC0	[153, 0, 198, 873, 339, 339, 197, 379, 196]
	 A0A009H7I0	[153, 0, 0, 873, 339, 339, 197, 379, 196]

 ### Operon type: 221

	 A0A009MVG4	[198, 0, 276, 873, 339, 339, 197, 379, 196]

 ### Operon type: 222

	 A0A009QA91	[341, 340, 791, 873, 339, 339, 197, 379, 196]
	 A0A010J377	[341, 340, 791, 873, 339, 339, 197, 379, 196]

 ### Operon type: 223

	 A0A009S1X4	[341, 340, 791, 873, 339, 339, 873, 0, 338]

 ### Operon type: 224

	 A0A013SHF4	[0, 0, 276, 873, 339, 339, 0, 318, 0]

 ### Operon type: 225

	 A0A011N3C3	[0, 0, 0, 587, 515, 514, 872, 871, 513]
	 A0A011PJK8	[587, 515, 514, 872, 871, 513, 0, 0, 0]

 ### Operon type: 226

	 A0A011UWH1	[478, 465, 464, 463, 0, 0, 0, 0, 0]
	 A0A011WKI4	[0, 0, 0, 0, 0, 478, 465, 464, 463]

 ### Operon type: 227

	 A0A010YKP2	[0, 0, 0, 0, 0, 0, 554, 447, 0]

 ### Operon type: 228

	 A0A011V1A2	[458, 0, 0, 447, 0, 0, 0, 0, 0]

 ### Operon type: 229

	 A0A011NGS0	[0, 0, 0, 0, 798, 797, 0, 0, 0]

 ### Operon type: 230

	 A0A011PW61	[0, 0, 0, 0, 798, 797, 0, 0, 796]

 ### Operon type: 231

	 A0A011UXI1	[0, 480, 0, 0, 798, 797, 460, 0, 0]

 ### Operon type: 232

	 A0A011SWI9	[-1, -1, 0, 475, 798, 797, 460, -1, -1]

 ### Operon type: 233

	 A0A011P952	[797, 0, 772, 0, 0, 772, 0, 0, 0]

 ### Operon type: 234

	 A0A011QVV5	[0, 0, 548, 566, 565, 564, 565, 739, 547]
	 A0A011Q1B3	[548, 566, 565, 564, 565, 739, 547, 0, 0]

 ### Operon type: 235

	 A0A011NSG8	[0, 0, 0, 566, 565, 564, 0, 565, 0]

 ### Operon type: 236

	 A0A011P0X4	[0, 0, 547, 0, 565, 0, 0, 564, 519]

 ### Operon type: 237

	 A0A010YNY9	[0, 0, 34, 23, 0, 0, 0, 0, 466]

 ### Operon type: 238

	 A0A011AC71	[338, 0, 0, 422, 0, 34, 23, 0, 791]

 ### Operon type: 239

	 A0A011QLX0	[0, 852, 0, 0, 851, 0, 850, 849, 0]
	 A0A011PRW6	[852, 0, 0, 0, 851, 850, 849, 0, 0]

 ### Operon type: 240

	 A0A010SML6	[0, 850, 849, -1, 0, 795, 0, 0, 0]

 ### Operon type: 241

	 A0A010RS09	[0, 0, 0, 0, 67, 0, 720, 720, 0]

 ### Operon type: 242

	 A0A010RTE7	[0, 0, 0, 0, 0, 0, 67, 45, 0]

 ### Operon type: 243

	 A0A009P817	[210, 0, 0, 0, 209, 0, 270, 208, 207]

 ### Operon type: 244

	 A0A009TIY0	[0, 0, 0, 0, 209, 0, 270, 208, 0]

 ### Operon type: 245

	 A0A009QKA3	[270, 208, 0, 207, 0, 0, 0, 0, 235]

 ### Operon type: 246

	 A0A009HSR2	[0, 194, 193, 0, 192, 168, 191, 336, 169]

 ### Operon type: 247

	 A0A009SWM1	[0, 194, 193, 0, 192, 0, 0, 191, 0]

 ### Operon type: 248

	 A0A009MYX0	[170, 169, 0, 587, 0, 0, 191, 168, 167]

 ### Operon type: 249

	 A0A009QK79	[0, 0, 167, 168, 0, 191, 0, 0, 169]

 ### Operon type: 250

	 A0A009GXJ1	[446, 445, 168, 191, 60, 336, 169, 170, 0]

 ### Operon type: 251

	 A0A010IT95	[0, 0, 0, 712, 647, 646, 645, 644, 643]
	 A0A013TKW8	[0, 840, 0, 712, 647, 646, 645, 644, 643]
	 A0A009S0T6	[0, 0, 712, 342, 647, 646, 645, 644, 643]
	 A0A009PRQ9	[0, 712, 342, 0, 647, 646, 645, 644, 643]
	 A0A009I5G9	[0, 0, 712, 342, 647, 646, 645, 644, 643]
	 A0A009QT77	[0, 0, -1, 712, 647, 646, 645, 644, 643]
	 A0A009MH36	[0, 0, 0, 712, 647, 646, 645, 644, 643]
	 A0A009GWD0	[336, 0, 0, 712, 647, 646, 645, 644, 643]

 ### Operon type: 252

	 A0A013TMJ7	[865, -1, 0, 712, 647, 644, 643, 0, 0]

 ### Operon type: 253

	 A0A011VXC2	[-1, 489, 0, 488, 487, 486, 485, 484, 483]
	 A0A011V392	[489, 0, 488, 487, 486, 485, 0, 484, 483]

 ### Operon type: 254

	 A0A011V490	[271, 351, 0, 483, 484, 485, 486, 487, 488]

 ### Operon type: 255

	 A0A011VZF5	[0, 0, 487, 486, 485, 527, 351, 527, 0]

 ### Operon type: 256

	 A0A011WLE7	[0, 0, 0, 0, 0, 256, 0, 0, 0]
	 A0A011VU44	[0, 0, 0, 0, 0, 256, 0, 0, 0]

 ### Operon type: 257

	 A0A011VAP2	[0, 0, 53, 0, 0, 0, 0, 0, 52]

 ### Operon type: 258

	 A0A011VRJ8	[0, 0, 0, 0, 0, 0, 53, 0, 0]

 ### Operon type: 259

	 A0A011RNU1	[0, 0, 0, 0, 0, 0, 618, 618, 617]

 ### Operon type: 260

	 A0A011VKJ9	[0, 0, 0, 0, 0, 0, 617, 618, -1]

 ### Operon type: 261

	 A0A011PQZ7	[0, 0, 0, 477, 536, 0, 476, 0, 0]

 ### Operon type: 262

	 A0A011TUX4	[0, 0, 0, 0, 536, 0, 0, 476, 0]

 ### Operon type: 263

	 A0A011STZ9	[0, 0, 0, 476, 0, 0, 0, 0, 0]

 ### Operon type: 264

	 A0A011PUJ9	[0, 0, 0, 0, 0, 0, 0, 0, 740]
	 A0A011PRF5	[740, 0, 0, 0, 0, 0, 0, 0, 0]

 ### Operon type: 265

	 A0A011PFY8	[0, 0, 0, 0, 0, 0, 0, 0, 756]

 ### Operon type: 266

	 A0A011PNS3	[808, 756, 0, 0, 0, 0, 0, 0, 0]

 ### Operon type: 267

	 A0A011T648	[0, 756, 0, 0, 0, 0, 0, 805, 0]

 ### Operon type: 268

	 A0A010YYJ5	[0, 0, 0, 527, 0, 0, 0, 84, 84]

 ### Operon type: 269

	 A0A011NDM5	[527, 0, 0, 0, 0, 0, 0, 0, 0]

 ### Operon type: 270

	 A0A011MSR2	[0, 0, 0, 516, 0, 0, 0, 527, 527]

 ### Operon type: 271

	 A0A011WSU6	[0, 527, 0, 0, 484, 0, 0, 0, 0]

 ### Operon type: 272

	 A0A011U3C2	[0, 0, 834, 0, 0, 0, 0, 0, 0]
	 A0A011AEN3	[0, 0, 0, 0, 0, 0, 834, 0, 0]

 ### Operon type: 273

	 A0A011AAZ2	[0, 574, 0, 0, 0, 834, 834, 834, 0]

 ### Operon type: 274

	 A0A011T698	[0, 0, 0, 0, 0, 791, 834, 0, 0]

 ### Operon type: 275

	 A0A010YRE8	[0, 0, 0, 0, 0, 0, 0, 22, 0]

 ### Operon type: 276

	 A0A011AF05	[0, 0, 338, 22, 0, 0, 0, 0, 0]

 ### Operon type: 277

	 A0A009ZG48	[0, 0, 0, 840, 0, 0, 0, 0, 0]

 ### Operon type: 278

	 A0A011PEJ8	[0, 0, 762, 840, 0, 0, 0, 0, 0]

 ### Operon type: 279

	 A0A011QNJ7	[841, 0, 0, 840, 0, 0, 0, 841, 0]

 ### Operon type: 280

	 A0A011MMJ4	[0, 0, 0, 0, 0, 0, 0, 841, 0]

 ### Operon type: 281

	 A0A011R8M3	[0, 0, 762, 840, 0, 407, 0, 841, 0]

 ### Operon type: 282

	 A0A009ZC82	[0, 0, 794, 0, 0, 0, 0, 0, 0]

 ### Operon type: 283

	 A0A011P3F6	[795, 0, 0, 794, 0, 0, 0, 0, 0]

 ### Operon type: 284

	 A0A009IG48	[0, 0, 0, 190, 116, 0, 0, 0, 795]

 ### Operon type: 285

	 A0A009IMQ0	[0, 0, 0, 190, 116, 0, 0, 0, 0]

 ### Operon type: 286

	 A0A009SWV1	[0, 0, 0, 0, 0, 0, 0, 190, 0]

 ### Operon type: 287

	 A0A009PMZ9	[219, 0, 0, 0, 0, 0, 0, 0, 0]
	 A0A009Q512	[0, 0, 0, 0, 219, 0, 0, 0, 0]

 ### Operon type: 288

	 A0A009IFL2	[0, 298, 0, 100, -1, 0, 0, 0]

 ### Operon type: 289

	 A0A009ZDS1	[-1, -1, 0, 298, 0, 0, 701, 0, 0]

 ### Operon type: 290

	 A0A010SNM6	[40, 36, -1, 0, 0, 0, 865, 0, 0]

 ### Operon type: 291

	 A0A010T5D8	[36, 40, 0, -1, 0, -1, 364, 0, 0]

 ### Operon type: 292

	 A0A011UB51	[575, 0, 0, 0, 0, 0, 0, 0, 0]
	 A0A011UFH1	[0, 0, 0, 0, 0, 575, 0, 0, 0]

 ### Operon type: 293

	 A0A011V965	[0, -1, -1, 0, 54, 0, -1, -1, 0]
	 A0A011VHP2	[0, -1, -1, -1, 54, 0, 0, 0, 0]

 ### Operon type: 294

	 A0A010RVD0	[-1, 0, 0, -1, 0, 821, 821, 0, 44]

 ### Operon type: 295

	 A0A010T7Q5	[0, 44, 0, 0, 0, 0, -1, 0, 0]

 ### Operon type: 296

	 A0A010SJH7	[0, 0, 865, -1, 0, 0, 197, 0, 0]

 ### Operon type: 297

	 A0A010SRR2	[0, 0, -1, 0, 0, 0, 0, 0, 865]

 ### Operon type: 298

	 A0A010RKP8	[0, 0, 0, 0, 0, 0, -1, 0, 0]
	 A0A011UZ32	[0, 0, 0, 0, 0, -1, 0, 0, 0]
	 A0A009HJU6	[0, 0, 0, 0, 0, 0, 0, 0, -1]
	 A0A010TF14	[-1, 0, 0, 0, 0, 0, 0, 0, 0]
	 A0A010RY47	[-1, 0, -1, 0, 0, 0, 0, 0, 0]

 ### Operon type: 299

	 A0A010SJF9	[0, 0, 0, 0, 0, -1, 0, 86, -1]

 ### Operon type: 300

	 A0A011ML54	[0, 0, 0, 257, 0, 0, 0, 0, -1]

 ### Operon type: 301

	 A0A011NHY1	[0, 0, 0, 0, 0, 865, 0, 0, 0]

 ### Operon type: 302

	 A0A010Z171	[0, 0, 0, 0, 0, 0, 865, 0, 587]

 ### Operon type: 303

	 A0A011T697	[865, 0, 0, 0, 0, 0, 0, 0, 270]

 ### Operon type: 304

	 A0A011TDD1	[0, 420, 865, 0, 0, 0, 0, 0, 0]

 ### Operon type: 305

	 A0A011VW24	[0, 0, 810, 0, 0, 0, 0, 0, -1]

 ### Operon type: 306

	 A0A011T8V3	[0, 0, 810, 0, 0, 0, 0, 0, 0]

 ### Operon type: 307

	 A0A010TH98	[796, 0, 0, 810, 0, 0, 0, 0, 0]

 ### Operon type: 308

	 A0A011QVR3	[0, 0, 0, 0, 0, 0, 0, 811, 810]

 ### Operon type: 309

	 A0A011VYF1	[810, 0, 0, 0, 0, 0, 575, 0, 0]

 ### Operon type: 310

	 A0A010S415	[-1, 810, 0, 196, 0, 0, 0, 0, 689]

 ### Operon type: 311

	 A0A011QMJ8	[0, 0, 0, 0, 0, 0, 0, 0, 0]
	 A0A011QSN2	[0, 0, 0, 0, 0, 0, 0, 0, 0]
	 A0A011P9Z5	[0, 0, 0, 0, 0, 0, 0, 0, 0]
	 A0A011PBM9	[0, 0, 0, 0, 0, 0, 0, 0, 0]
	 A0A011NMI8	[0, 0, 0, 0, 0, 0, 0, 0, 0]
	 A0A011NTU3	[0, 0, 0, 0, 0, 0, 0, 0, 0]
	 A0A011Q056	[0, 0, 0, 0, 0, 0, 0, 0, 0]
	 A0A011N2Z0	[0, 0, 0, 0, 0, 0, 0, 0, 0]
	 A0A011NAJ1	[0, 0, 0, 0, 0, 0, 0, 0, 0]
	 A0A011PNN2	[0, 0, 0, 0, 0, 0, 0, 0, 0]
	 A0A011UHL2	[0, 0, 0, 0, 0, 0, 0, 0, 0]
	 A0A013TEV4	[0, 0, 0, 0, 0, 0, 0, 0, 0]
	 A0A013SL47	[0, 0, 0, 0, 0, 0, 0, 0, 0]
	 A0A011WUT3	[0, 0, 0, 0, 0, 0, 0, 0, 0]
	 A0A013S2B9	[0, 0, 0, 0, 0, 0, 0, 0, 0]
	 A0A013SBR8	[0, 0, 0, 0, 0, 0, 0, 0, 0]
	 A0A011VYF6	[0, 0, 0, 0, 0, 0, 0, 0, 0]
	 A0A009MH90	[0, 0, 0, 0, 0, 0, 0, 0, 0]
	 A0A009M4K0	[0, 0, 0, 0, 0, 0, 0, 0, 0]
	 A0A010SHY1	[0, 0, 0, 0, 0, 0, 0, 0, 0]
	 A0A011UBN9	[0, 0, 0, 0, 0, 0, 0, 0, 0]
	 A0A011UFM5	[0, 0, 0, 0, 0, 0, 0, 0, 0]
	 A0A009PDV4	[0, 0, 0, 0, 0, 0, 0, 0, 0]
	 A0A009HIL8	[0, 0, 0, 0, 0, 0, 0, 0, 0]
	 A0A011VNE2	[0, 0, 0, 0, 0, 0, 0, 0, 0]
	 A0A010SPJ7	[0, 0, 0, 0, 0, 0, 0, 0, 0]
	 A0A010SSQ8	[0, 0, 0, 0, 0, 0, 0, 0, 0]
	 A0A010T025	[0, 0, 0, 0, 0, 0, 0, 0, 0]
	 A0A010YJA7	[0, 0, 0, 0, 0, 0, 0, 0, 0]
	 A0A010YZS8	[0, 0, 0, 0, 0, 0, 0, 0, 0]
	 A0A010Z120	[0, 0, 0, 0, 0, 0, 0, 0, 0]
	 A0A010ZTI3	[0, 0, 0, 0, 0, 0, 0, 0, 0]
	 A0A011A146	[0, 0, 0, 0, 0, 0, 0, 0, 0]

 ### Operon type: 312

	 A0A010TG27	[478, 0, 71, 0, 0, 0, 873, 0, 0]

 ### Operon type: 313

	 A0A011PMK1	[0, 0, 0, 0, 0, 0, 0, 478, 0]

 ### Operon type: 314

	 A0A009HM15	[0, 172, 171, 0, 0, 0, -1, 0, 0]

 ### Operon type: 315

	 A0A009HRU1	[0, 168, 0, 0, 0, 0, 0, 0, 0]

 ### Operon type: 316

	 A0A009HSN8	[0, 121, 0, 0, 0, -1, 0, 159, -1]

 ### Operon type: 317

	 A0A009HV82	[158, 0, 0, 0, 0, 0, 0, 0, 0]

 ### Operon type: 318

	 A0A009IG74	[0, 0, 200, 0, 354, -1, 0, 0, 0]

 ### Operon type: 319

	 A0A009IJ90	[0, 184, 0, 0, 0, 0, 0, 0, 0]

 ### Operon type: 320

	 A0A009NM94	[0, 609, 609, 0, 0, 0, 420, 0, 0]

 ### Operon type: 321

	 A0A009Q4N5	[0, 0, 210, 0, 0, 0, 0, 0, 0]

 ### Operon type: 322

	 A0A009SSZ9	[0, 195, 0, 0, 0, 0, 0, 0, 0]

 ### Operon type: 323

	 A0A009YIH1	[0, 0, 0, 0, 329, 0, -1, -1, 30]

 ### Operon type: 324

	 A0A009YR05	[0, 0, 0, 0, 473, 0, 0, 0, 0]

 ### Operon type: 325

	 A0A009Z004	[311, 0, 311, 0, 0, 587, 0, 0, 0]

 ### Operon type: 326

	 A0A010RUQ5	[0, 0, 0, 0, 0, 0, 0, 0, 432]

 ### Operon type: 327

	 A0A010S195	[794, 0, 33, 39, 0, 0, 0, 0, 0]

 ### Operon type: 328

	 A0A010SCZ2	[0, 0, 0, 0, 0, 0, 0, 88, 0]

 ### Operon type: 329

	 A0A010SN41	[0, 0, 0, 0, 85, 0, 0, 0, 0]

 ### Operon type: 330

	 A0A010SSU2	[0, 0, 0, 0, 60, 0, -1, 773, 0]

 ### Operon type: 331

	 A0A010SUP6	[0, 0, 0, 0, 0, 0, 0, 39, 0]

 ### Operon type: 332

	 A0A010SUY9	[0, 0, 0, 0, 0, 407, 762, 0]

 ### Operon type: 333

	 A0A010THK2	[0, 0, -1, 0, 0, 720, 587, 0, 0]

 ### Operon type: 334

	 A0A010SRL4	[71, 0, 0, -1, 0, 0, 0, 587, 110]

 ### Operon type: 335

	 A0A010YX61	[370, 834, 0, 810, 0, 0, 0, 0, 0]

 ### Operon type: 336

	 A0A010S5W8	[0, 0, 516, 739, 0, 0, 0, 0, 0]

 ### Operon type: 337

	 A0A011NE37	[681, 0, 0, 0, 0, 0, 0, 0, 0]

 ### Operon type: 338

	 A0A011NF78	[0, 0, 828, 0, 0, 0, 0, 0, 0]

 ### Operon type: 339

	 A0A011NVE2	[0, 0, 0, 805, 0, 0, 865, 0, 584]

 ### Operon type: 340

	 A0A011NXJ4	[0, 0, 0, 0, 0, 0, 0, 0, 552]

 ### Operon type: 341

	 A0A011P8I1	[0, 0, 832, 834, 0, 0, 0, 0, 775]

 ### Operon type: 342

	 A0A011P9Q7	[771, 0, 0, 0, 0, 0, 0, 0, 0]

 ### Operon type: 343

	 A0A011PJ75	[0, 805, 672, 805, 0, 0, 0, 0, 0]

 ### Operon type: 344

	 A0A011PRB4	[0, 0, 0, 0, 0, 0, 0, 488, 0]

 ### Operon type: 345

	 A0A011QVT2	[809, 0, 0, 0, 0, 0, 0, 808, 0]

 ### Operon type: 346

	 A0A011RP14	[0, 0, 0, 0, 0, 0, 0, 616, 0]

 ### Operon type: 347

	 A0A011SM49	[865, 0, 616, 0, 0, 0, 597, 0, 0]

 ### Operon type: 348

	 A0A011AM27	[476, 0, 0, 0, 706, 0, 0, 0, 35]

 ### Operon type: 349

	 A0A011T607	[0, 0, 739, 0, 0, 0, 0, 0, 420]

 ### Operon type: 350

	 A0A011TAW2	[0, 0, 0, 0, 0, 0, 421, 0, 0]

 ### Operon type: 351

	 A0A011TED9	[0, 0, 0, 0, 0, 428, 0, 0, 0]

 ### Operon type: 352

	 A0A011TXS5	[0, 589, 0, 0, 0, 0, 0, 0, 0]

 ### Operon type: 353

	 A0A011U144	[0, 432, 0, 0, 0, 0, 552, 431, 0]

 ### Operon type: 354

	 A0A011U1C8	[791, 0, 0, 0, 0, 0, 0, 0, 430]

 ### Operon type: 355

	 A0A011U483	[0, 0, 0, 0, 0, 790, 0, 0, 0]

 ### Operon type: 356

	 A0A011UG86	[0, 566, 0, 0, 0, 86, 0, 0, 0]

 ### Operon type: 357

	 A0A011UQB5	[607, 576, 0, 0, 0, 0, 0, 575, 0]

 ### Operon type: 358

	 A0A011UVI5	[0, 0, 0, 0, 0, 466, 805, 805, 0]

 ### Operon type: 359

	 A0A011UWI3	[0, 0, 0, 0, 462, 0, 461, 794, 0]

 ### Operon type: 360

	 A0A011V5E6	[0, 0, 0, 0, 0, 272, 0, 0, 0]

 ### Operon type: 361

	 A0A011M4H6	[52, 0, 717, 0, 0, 0, 0, 0, 0]

 ### Operon type: 362

	 A0A011VSV3	[0, 0, 0, 0, 0, 0, 837, 0, 0]

 ### Operon type: 363

	 A0A011VWI0	[0, 0, 0, 0, 0, 248, 0, 0, 0]

 ### Operon type: 364

	 A0A011VZ91	[463, 0, 0, 0, 0, 0, 0, 0, 0]

 ### Operon type: 365

	 A0A011WP76	[0, 0, 0, 0, 0, 0, 0, 0, 855]

 ### Operon type: 366

	 A0A011WSD4	[0, 0, 0, -1, 0, 527, 0, 0, 351]

 ### Operon type: 367

	 A0A011WT35	[351, 0, 0, 0, 0, 0, 0, 0, 0]

 ### Operon type: 368

	 A0A013S843	[0, 379, 0, 0, 0, 0, -1, 287, 0]

 ### Operon type: 369

	 A0A013T5E6	[0, 0, 0, 399, 0, 0, 0, 0, 0]

 ### Operon type: 370

	 A0A009T185	[806, 0, 672, 672, 673, 805, 672, 671, 670]

 ### Operon type: 371

	 A0A010IN36	[674, 865, 0, 0, 673, 805, 672, 671, 670]

 ### Operon type: 372

	 A0A009PG43	[805, 672, 573, 808, 0, 671, 670, 0, 0]

 ### Operon type: 373

	 A0A009INE0	[674, 0, 0, 0, 0, 0, 0, 672, 671]

 ### Operon type: 374

	 A0A009T9H0	[0, 30, 795, -1, 0, 0, 191, 0, 168]

 ### Operon type: 375

	 A0A010THH5	[0, 87, 298, 466, 0, 0, 702, 0, 701]

 ### Operon type: 376

	 A0A011VZE3	[0, 0, 0, 873, 259, 0, 0, 0, 0]
	 A0A011WSH8	[0, 0, 0, 873, 259, 0, 0, 0, 0]

 ### Operon type: 377

	 A0A011NAF3	[0, 0, 0, 0, 0, 0, 873, 0, 743]

 ### Operon type: 378

	 A0A009IQ93	[111, 0, 873, 0, 0, 110, 0, 0, 0]

 ### Operon type: 379

	 A0A009Q8S9	[0, 0, 795, 288, 0, 577, 0, 0, 0]

 ### Operon type: 380

	 A0A009TLU4	[0, 589, -1, 145, 0, 42, 0, -1, -1]

 ### Operon type: 381

	 A0A009ZB47	[301, 300, 0, 0, 0, 527, 699, 0, 0]

 ### Operon type: 382

	 A0A009ZVR4	[614, 0, 834, 0, 0, 84, 0, 0, 302]

 ### Operon type: 383

	 A0A010JIN9	[699, 0, 0, 45, 188, 0, 0, 0, 0]

 ### Operon type: 384

	 A0A010S003	[751, 0, 0, 0, 0, 566, 566, 666, 0]

 ### Operon type: 385

	 A0A010SMN8	[0, -1, 34, 0, 721, 0, 0, 755, 0]

 ### Operon type: 386

	 A0A010SXS1	[0, 573, 0, 0, 0, 580, 0, 0, 808]

 ### Operon type: 387

	 A0A010T689	[35, -1, 702, 620, 0, 0, 0, 0, 0]

 ### Operon type: 388

	 A0A010TBB4	[0, 344, 0, 86, 0, 0, 0, 0, 791]

 ### Operon type: 389

	 A0A010YFK3	[0, 630, 0, 0, 0, 0, 48, 0, 430]

 ### Operon type: 390

	 A0A010YVY1	[16, 0, 16, 0, 0, 0, 0, 666, 0]

 ### Operon type: 391

	 A0A010ZSZ2	[0, 574, 0, 518, 517, 0, 0, 0, 0]

 ### Operon type: 392

	 A0A010Z0Y7	[0, 0, 0, 0, 517, 196, 0, 0, 0]

 ### Operon type: 393

	 A0A011A0M8	[0, 0, 587, 0, 100, 0, 0, 1, 1]

 ### Operon type: 394

	 A0A011NFL4	[0, 608, 0, 0, 567, 478, 0, 50, 0]

 ### Operon type: 395

	 A0A011P407	[0, 0, 793, 792, 0, 0, 791, 0, 790]

 ### Operon type: 396

	 A0A011QGT2	[873, 0, 0, 872, 871, 0, 0, 0, 0]

 ### Operon type: 397

	 A0A011QSA4	[831, 0, 830, 829, 0, 0, 0, 0, 828]

 ### Operon type: 398

	 A0A011T6J6	[0, 529, 0, 834, 0, 0, 269, 0, 268]

 ### Operon type: 399

	 A0A011TAL2	[0, 739, 0, 0, 0, 422, 0, 554, 0]

 ### Operon type: 400

	 A0A011TZG0	[587, 586, 0, 0, 0, 0, 0, 585, 0]

 ### Operon type: 401

	 A0A011UGY3	[75, 74, 272, 73, 0, 0, 0, 73, 0]

 ### Operon type: 402

	 A0A011UII7	[0, 0, 0, 0, 0, 584, 583, 0, 0]

 ### Operon type: 403

	 A0A011UNT9	[577, 600, 0, 0, 0, 0, 0, 0, 0]

 ### Operon type: 404

	 A0A011SIS0	[0, 602, 601, 601, 0, 0, 0, 600, 0]

 ### Operon type: 405

	 A0A011UT49	[0, 574, 0, 0, 0, 0, 573, 572, 0]

 ### Operon type: 406

	 A0A011VU65	[78, 0, 0, 0, 0, 48, 0, 837, 81]

 ### Operon type: 407

	 A0A011VV03	[0, 47, 0, 0, 457, 52, 0, 0, 0]

 ### Operon type: 408

	 A0A011VVZ9	[0, 0, -1, 0, 0, 88, 46, 46, 599]

 ### Operon type: 409

	 A0A011VWX7	[808, 490, 0, 0, 0, 0, 0, 603, 0]

 ### Operon type: 410

	 A0A011VXK7	[609, 609, 0, 678, 0, 0, 0, 531, 0]

 ### Operon type: 411

	 A0A011W0I6	[258, 0, 0, 0, 0, 507, 0, 257, 0]

 ### Operon type: 412

	 A0A010YEF6	[0, 258, 0, 0, 0, 0, 0, 0, 37]

 ### Operon type: 413

	 A0A013SQH1	[0, 0, 0, 0, 85, 481, 0, 712, 667]

 ### Operon type: 414

	 A0A009QJA8	[157, 156, 0, 0, 0, 0, 0, 0, 730]

 ### Operon type: 415

	 A0A009YL68	[0, 0, 791, 371, 368, 0, 0, 299, 0]

 ### Operon type: 416

	 A0A010JNG7	[712, 0, 0, 711, 0, 0, 0, 0, 0]

 ### Operon type: 417

	 A0A010RM40	[719, 873, 718, 0, 0, 0, 0, -1, 779]

 ### Operon type: 418

	 A0A010RRQ6	[0, 717, 0, 0, 0, 721, 716, 715, 0]

 ### Operon type: 419

	 A0A010S423	[269, 0, 0, 0, 0, 0, 0, 461, 613]

 ### Operon type: 420

	 A0A010T0I7	[0, 0, 37, 0, 0, 832, 830, 873, 0]

 ### Operon type: 421

	 A0A010ZUR7	[47, 13, 0, 13, 0, 12, 666, 0, 0]

 ### Operon type: 422

	 A0A011NA78	[0, 504, 0, 0, 0, 821, 0, 0, 779]

 ### Operon type: 423

	 A0A011P8W7	[774, 793, 808, 0, 773, 0, 0, 0, 0]

 ### Operon type: 424

	 A0A011PG97	[755, 0, 0, 754, 0, 0, 0, 0, 0]

 ### Operon type: 425

	 A0A011PKT4	[0, 481, 0, 0, 0, 0, 480, 0, 0]

 ### Operon type: 426

	 A0A011PLB2	[0, 774, 0, 482, 0, 0, 0, 0, 0]

 ### Operon type: 427

	 A0A011R339	[0, 0, 0, 0, 0, 0, 446, 445, 0]

 ### Operon type: 428

	 A0A011SFE5	[0, 0, 0, 609, 0, 0, 608, 792, 607]

 ### Operon type: 429

	 A0A011SJT5	[0, 0, 0, 599, 598, 598, 598, 598, 598]

 ### Operon type: 430

	 A0A011TDQ5	[0, 0, 0, 0, 419, 509, 0, 0, 0]

 ### Operon type: 431

	 A0A011VT01	[0, 0, 49, 0, 0, 49, 0, 0, 307]

 ### Operon type: 432

	 A0A009Z3V9	[873, 0, 0, 0, 0, 310, 514, 309, 308]

 ### Operon type: 433

	 A0A010SRB2	[42, 41, 0, 0, 0, 41, 40, 0, 0]

 ### Operon type: 434

	 A0A010KA25	[699, 0, 702, 651, 98, 0, 0, 699, 383]

 ### Operon type: 435

	 A0A011TZN1	[436, 435, 434, 0, 433, 0, 0, 0, 0]

 ### Operon type: 436

	 A0A011VJ76	[51, 51, 572, 50, 0, 873, 587, 0, 793]

 ### Operon type: 437

	 A0A011UG17	[220, 0, 260, 0, 253, 78, 0, 0, 0]

 ### Operon type: 438

	 A0A011WUA8	[522, 0, 0, 350, 0, 0, 0, 349, 349]

 ### Operon type: 439

	 A0A010S4X6	[0, 196, 718, 566, 362, 0, 559, 479, 720]

 ### Operon type: 440

	 A0A010YY02	[0, 15, 0, 0, 15, 537, 32, 0, 14]
