
 ### Operon type: 1

	 A0A009QBR9	[184, 183, 182, 583, 181, 528, 180, 544, 179]
	 A0A009MW50	[184, 183, 182, 583, 181, 528, 168, 180, 544]
	 A0A009QS71	[184, 183, 182, 583, 181, 528, 168, 180, 544]
	 A0A010ILU3	[184, 183, 182, 583, 181, 528, 168, 180, 544]
	 A0A009H3B0	[184, 183, 182, 583, 181, 528, 168, 180, 544]
	 A0A009I8S2	[184, 183, 182, 583, 181, 528, 180, 544, 179]
	 A0A009TM70	[184, 183, 182, 583, 181, 528, 180, 544, 179]

 ### Operon type: 2

	 A0A013TH43	[251, 250, 249, 416, 248, 247, 246, 245, 244]
	 A0A009RAF0	[251, 250, 249, 416, 248, 247, 246, 245, 244]

 ### Operon type: 3

	 A0A011PVT3	[744, 743, 742, 741, 740, 739, 738, 737, 736]
	 A0A011MET3	[744, 743, 742, 741, 740, 739, 738, 737, 736]
	 A0A011R7V7	[744, 743, 742, 741, 740, 739, 738, 737, 736]

 ### Operon type: 4

	 A0A009SIZ4	[546, 545, 544, 543, 542, 590, 541, 540, 539]
	 A0A010J9U3	[546, 545, 544, 543, 542, 590, 541, 540, 539]
	 A0A009MMM3	[546, 545, 544, 543, 542, 590, 541, 540, 539]
	 A0A013SNJ8	[546, 545, 544, 543, 542, 590, 541, 540, 539]
	 A0A013RZW2	[546, 545, 544, 543, 542, 590, 541, 540, 539]
	 A0A009PH20	[546, 545, 544, 543, 542, 590, 541, 540, 539]
	 A0A009RD69	[546, 545, 544, 543, 542, 590, 541, 540, 539]
	 A0A009HBT3	[546, 545, 544, 543, 542, 590, 541, 540, 539]
	 A0A009IV03	[546, 545, 544, 543, 542, 590, 541, 540, 539]
	 A0A009YIZ0	[546, 545, 544, 543, 542, 590, 541, 540, 539]

 ### Operon type: 5

	 A0A009PH57	[34, 33, -1, 32, 31, 688, 218, 30, 29]
	 A0A009TG92	[34, 33, -1, 32, 31, 688, 218, 30, 29]

 ### Operon type: 6

	 A0A009PWG1	[594, 593, 592, 591, 590, 589, 588, 587, 596]
	 A0A010J3I1	[594, 593, 592, 591, 590, 589, 588, 587, 596]
	 A0A009N031	[594, 593, 592, 591, 590, 589, 588, 587, 596]
	 A0A013SXT2	[594, 593, 592, 591, 590, 589, 588, 587, 596]
	 A0A009SFX8	[594, 593, 592, 591, 118, 590, 589, 588, 587]
	 A0A013S288	[594, 593, 592, 591, 590, 589, 588, 587, 596]
	 A0A009R2X0	[594, 593, 592, 591, 590, 589, 588, 587, 596]
	 A0A009I0I9	[594, 593, 592, 591, 590, 589, 588, 587, 596]
	 A0A009TBM2	[593, 592, 591, 118, 590, 589, 588, 587, 596]

 ### Operon type: 7

	 A0A009ZM43	[-1, 756, 656, 655, 654, 653, 652, 651, 650]
	 A0A009N123	[609, 756, 656, 655, 654, 653, 652, 651, 650]
	 A0A009Q3K7	[609, 756, 656, 655, 654, 653, 652, 651, 650]
	 A0A009SWU0	[609, 756, 656, 655, 654, 653, 652, 651, 650]
	 A0A013T8M5	[609, 756, 656, 655, 654, 653, 652, 651, 650]
	 A0A013SZ54	[609, 756, 656, 655, 654, 653, 652, 651, 650]
	 A0A009RBQ2	[609, 756, 656, 655, 654, 653, 652, 651, 650]
	 A0A010IMP8	[609, 756, 656, 655, 654, 653, 652, 651, 650]
	 A0A009IRJ6	[609, 756, 656, 655, 654, 653, 652, 651, 650]
	 A0A009H7U0	[609, 756, 656, 655, 654, 653, 652, 651, 650]

 ### Operon type: 8

	 A0A009N9Z1	[-1, 608, 607, 606, 605, 604, 603, 602, 601]
	 A0A013RMD0	[-1, 608, 607, 606, 605, 604, 603, 602, 601]
	 A0A010JDA6	[-1, 608, 607, 606, 605, 604, 603, 602, 601]
	 A0A009ZIC0	[193, 608, 607, 606, 605, 604, 603, 602, 601]
	 A0A009S854	[-1, 608, 607, 606, 605, 604, 603, 602, 601]
	 A0A009QDV7	[-1, 608, 607, 606, 605, 604, 603, 602, 601]
	 A0A009IHQ3	[-1, 608, 607, 606, 605, 604, 603, 602, 601]
	 A0A009RG92	[-1, 608, 607, 606, 605, 604, 603, 602, 601]
	 A0A009H6M2	[-1, 608, 607, 606, 605, 604, 603, 602, 601]

 ### Operon type: 9

	 A0A011UIA1	[155, 154, 153, 152, 151, 150, 149, 148, 0]
	 A0A011V5V3	[0, 155, 154, 153, 152, 151, 150, 149, 148]

 ### Operon type: 10

	 A0A011PTE7	[802, 801, 800, 799, 798, 0, 797, 796, 795]
	 A0A011NE72	[802, 801, 800, 799, 798, 797, 796, 795, 0]

 ### Operon type: 11

	 A0A010JWJ1	[335, 10, 735, 9, 334, 333, 332, 331, 330]
	 A0A009I4A1	[335, 10, 735, 9, 334, 333, 332, 331, 330]

 ### Operon type: 12

	 A0A009QF22	[337, 336, 335, 0, 334, 333, 332, 331, 330]
	 A0A009TBY8	[337, 336, 335, 9, 334, 333, 332, 331, 330]

 ### Operon type: 13

	 A0A011NEY3	[625, 828, 827, 826, 826, 825, 824, 823, 0]

 ### Operon type: 14

	 A0A011PAN4	[828, 827, 0, 826, 826, 825, 824, 823, 822]

 ### Operon type: 15

	 A0A011RCD5	[625, 828, 827, 826, 826, 825, 824, 823, 822]

 ### Operon type: 16

	 A0A011P4U7	[0, 734, 733, 732, 731, 730, 729, 728, 727]
	 A0A011NAY5	[734, 733, 732, 731, 730, 729, 728, 727, 0]

 ### Operon type: 17

	 A0A011PF67	[815, 814, 813, 812, 811, 0, 0, 0, 0]
	 A0A011NW66	[815, 814, 813, 812, 811, 407, 0, 0, 0]
	 A0A011NBX7	[815, 814, 813, 812, 811, 407, 0, 0, 0]

 ### Operon type: 18

	 A0A011NS68	[815, 814, 813, 812, 811, 413, 412, 411, 763]
	 A0A011RHX4	[815, 814, 813, 812, 811, 413, 412, 411, 0]

 ### Operon type: 19

	 A0A010YT39	[0, 264, 498, 497, 496, 495, 494, 493, 492]

 ### Operon type: 20

	 A0A010Z7T4	[498, 497, 496, 495, 494, 493, 492, 491, 831]

 ### Operon type: 21

	 A0A009RUN3	[215, 214, 541, 213, 311, 212, 211, 210, 209]
	 A0A013SP43	[215, 214, 541, 213, 311, 212, 211, 210, 209]
	 A0A010K6G6	[215, 214, 541, 213, 311, 212, 211, 0, 209]

 ### Operon type: 22

	 A0A011VWR4	[0, 0, 0, 0, 290, 289, 288, 287, 286]

 ### Operon type: 23

	 A0A011VYP6	[290, 289, 288, 287, 286, 0, 204, 741, 0]

 ### Operon type: 24

	 A0A011QAS2	[0, 649, 648, 647, 646, 645, 644, 643, 642]
	 A0A011NEQ1	[0, 649, 648, 647, 646, 645, 644, 643, 642]

 ### Operon type: 25

	 A0A010JSI3	[234, 233, 232, 231, 230, 229, 228, 227, 0]
	 A0A013T0M4	[234, 233, 232, 231, 230, 229, 228, 227, 0]
	 A0A009HDS5	[234, 233, 232, 231, 230, 229, 228, 227, 72]
	 A0A009RGL2	[234, 233, 232, 231, 230, 229, 228, 227, 72]

 ### Operon type: 26

	 A0A009SNL0	[443, 442, 441, 440, 439, 438, 437, 436, 435]

 ### Operon type: 27

	 A0A009T1I8	[441, 440, 439, 438, 437, 436, 435, 0, 0]

 ### Operon type: 28

	 A0A011VUV0	[523, 522, 521, 520, 519, 518, 517, 516, 0]
	 A0A011VW71	[0, 523, 522, 521, 520, 519, 518, 517, 516]

 ### Operon type: 29

	 A0A011UG71	[202, 201, 200, 199, 198, 197, 196, 195, 194]

 ### Operon type: 30

	 A0A011V8Z7	[0, 0, 202, 201, 200, 199, 198, 197, 196]

 ### Operon type: 31

	 A0A011V8Y9	[199, 198, 197, 196, 195, 194, 0, 0, 0]

 ### Operon type: 32

	 A0A011U8C0	[0, 197, 201, 0, 45, 195, 0, 0, 0]

 ### Operon type: 33

	 A0A011QBB5	[845, 844, 843, 842, 841, 840, 839, 773, 772]
	 A0A011QSF0	[0, 844, 843, 842, 841, 840, 839, 773, 0]
	 A0A011Q0X6	[845, 844, 843, 842, 841, 840, 839, 773, 772]
	 A0A011Q1X8	[844, 0, 843, 842, 841, 840, 839, 773, 772]

 ### Operon type: 34

	 A0A011PG87	[845, 844, 843, 842, 841, 840, 839, 0, 0]

 ### Operon type: 35

	 A0A011PCT1	[821, 820, 819, 0, 0, 0, 0, 818, 0]

 ### Operon type: 36

	 A0A011QU35	[0, 0, 0, 0, 789, 0, 821, 820, 819]

 ### Operon type: 37

	 A0A011Q2B1	[792, 726, 789, 725, 819, 663, 662, 661, 818]

 ### Operon type: 38

	 A0A011RLN8	[791, 790, 789, 725, 819, 663, 662, 661, 818]

 ### Operon type: 39

	 A0A011P700	[0, 0, 794, 793, 792, 726, 789, 725, 819]

 ### Operon type: 40

	 A0A011QSI4	[0, 0, 794, 793, 792, 0, 791, 790, 789]

 ### Operon type: 41

	 A0A013TH30	[597, 271, 270, 269, 268, 809, 267, 857, 266]
	 A0A013T337	[597, 271, 270, 269, 268, 809, 267, 857, 266]
	 A0A013S981	[114, 597, 271, 270, 269, 268, 809, 267, 857]

 ### Operon type: 42

	 A0A010JY00	[114, 597, 271, 270, 402, 809, 267, 857, 266]

 ### Operon type: 43

	 A0A010IZE4	[364, 363, 362, 361, 360, 359, 358, 735, 357]
	 A0A013TPV4	[364, 363, 362, 361, 360, 359, 358, 735, 357]
	 A0A009SZB5	[364, 363, 362, 361, 360, 359, 358, 735, 357]
	 A0A009MGJ1	[364, 363, 362, 361, 360, 359, 358, 735, 357]
	 A0A009QQ47	[364, 363, 362, 361, 360, 359, 358, 735, 357]
	 A0A009HL81	[364, 363, 362, 361, 360, 359, 358, 735, 357]
	 A0A009HR98	[364, 363, 362, 361, 360, 359, 358, 735, 357]

 ### Operon type: 44

	 A0A009Z8F7	[363, 362, 359, 0, 360, 303, 303, 0, 302]

 ### Operon type: 45

	 A0A009R016	[39, 38, 37, 122, 193, -1, 424, 36, 35]
	 A0A009HFU9	[39, 38, 37, 122, 193, 424, 36, 35, 0]

 ### Operon type: 46

	 A0A011UJN3	[0, 172, 0, 0, 468, 467, 466, 465, 464]

 ### Operon type: 47

	 A0A011W213	[468, 467, 466, 465, 464, 610, 0, 0, 0]

 ### Operon type: 48

	 A0A011QUG8	[720, 719, 718, 765, 717, 716, 0, 715, 714]
	 A0A011QIT1	[720, 719, 718, 765, 717, 716, 715, 714, 711]

 ### Operon type: 49

	 A0A011PP01	[835, 834, 833, 849, 832, 850, 851, 852, 853]
	 A0A011NVE7	[835, 834, 833, 849, 832, 850, 851, 852, 853]

 ### Operon type: 50

	 A0A011P2I4	[862, 695, 854, 853, 852, 851, 850, 832, 849]
	 A0A011N9N8	[862, 695, 854, 853, 852, 851, 850, 832, 849]

 ### Operon type: 51

	 A0A011PIY7	[855, 0, 854, 853, 852, 851, 850, 0, 849]

 ### Operon type: 52

	 A0A011Q3J4	[0, 855, 854, 853, 852, 851, 850, 832, 0]

 ### Operon type: 53

	 A0A011MH88	[621, 855, 854, 853, 852, 851, 850, 832, 849]

 ### Operon type: 54

	 A0A009QFZ7	[329, 328, 327, 326, 325, 324, 323, 322, 321]
	 A0A013SPM5	[329, 328, 327, 326, 325, 324, 323, 322, 321]
	 A0A009MH71	[329, 328, 327, 326, 325, 324, 323, 322, 321]
	 A0A010IX62	[329, 328, 327, 326, 325, 324, 323, 322, 321]
	 A0A009HSL1	[329, 328, 327, 326, 325, 324, 323, 322, 321]
	 A0A009I6Z0	[329, 328, 327, 326, 325, 324, 323, 322, 321]
	 A0A009TK03	[329, 328, 327, 326, 325, 324, 323, 322, 321]

 ### Operon type: 55

	 A0A009ZIX8	[0, 192, 327, 326, 325, 684, 0, 321, 0]

 ### Operon type: 56

	 A0A009SEP4	[434, 433, 432, 431, 430, 0, 429, 428, 0]
	 A0A009RMI1	[434, 433, 432, 431, 430, 429, 428, 721, 0]
	 A0A013TPR7	[434, 433, 432, 431, 430, 429, 428, 721, 452]
	 A0A009HJJ5	[434, 433, 432, 431, 430, 429, 428, 721, 119]
	 A0A010JJN4	[434, 433, 432, 431, 430, 429, 428, 721, 452]
	 A0A009PMT3	[434, 433, 432, 431, 430, 429, 428, 721, 452]
	 A0A009NI48	[434, 433, 432, 431, 430, 429, 428, 721, -1]
	 A0A009I8I7	[434, 433, 432, 431, 430, 429, 428, 721, 119]
	 A0A009YG45	[0, 434, 433, 432, 430, 0, 429, 428, 721]

 ### Operon type: 57

	 A0A010IZH1	[-1, 356, 355, 354, 353, 735, 778, 444, 453]
	 A0A009SZ84	[343, 356, 355, 354, 353, 735, 778, 444, 453]
	 A0A013TPQ9	[343, 356, 355, 354, 353, 735, 778, 444, 453]
	 A0A009HJM0	[343, 356, 355, 354, 353, 735, 778, 444, 453]
	 A0A013S8F0	[343, 356, 355, 354, 353, 735, 778, 444, 453]
	 A0A009PMU2	[343, 356, 355, -1, 353, 735, 778, 444, 453]

 ### Operon type: 58

	 A0A009HUS9	[356, 355, 0, 354, 353, 67, -1, 68, 69]

 ### Operon type: 59

	 A0A009ISE1	[429, 428, 721, 69, 68, -1, 67, 353, 354]

 ### Operon type: 60

	 A0A009NPS1	[343, 356, 355, 354, 353, -1, 721, 428, 429]

 ### Operon type: 61

	 A0A013SB36	[171, 474, 473, 472, 471, 585, 584, 170, 169]
	 A0A009QSI3	[171, 474, 473, 472, 471, 585, 584, 170, -1]

 ### Operon type: 62

	 A0A010ITP2	[171, 474, 473, 472, 471, 585, 584, 0, 0]

 ### Operon type: 63

	 A0A009SII9	[-1, 474, 473, 472, 471, 585, 584, 470, 469]

 ### Operon type: 64

	 A0A009T0Q9	[471, 585, 584, 470, 469, 169, 621, 735, 129]

 ### Operon type: 65

	 A0A009YJF4	[0, 585, 584, 296, 295, 621, 735, 0, 129]

 ### Operon type: 66

	 A0A009GP96	[0, 23, 735, 491, 76, 44, 424, 43, 42]

 ### Operon type: 67

	 A0A009GSR4	[491, 76, 44, 424, 43, 42, 42, 41, 0]

 ### Operon type: 68

	 A0A009IIT6	[23, 735, 491, 76, 43, 42, 42, 41, 0]

 ### Operon type: 69

	 A0A011SQL0	[762, 16, -1, 15, 45, 14, 135, 13, 12]
	 A0A011UZ49	[16, -1, 15, 45, 14, 135, 13, 12, 0]

 ### Operon type: 70

	 A0A009SIF9	[695, 775, 481, 480, 479, 478, 477, 476, 475]
	 A0A009PT82	[695, 775, 481, 480, 479, 478, 477, 476, 475]

 ### Operon type: 71

	 A0A009IS10	[300, 0, 0, 0, 479, 478, 477, 0, 0]

 ### Operon type: 72

	 A0A009QHW5	[0, 0, 0, 184, 479, 478, 477, 0, 301]

 ### Operon type: 73

	 A0A011UVB4	[0, 0, 0, 538, 0, 0, 300, 0, 516]

 ### Operon type: 74

	 A0A011U7M7	[0, 52, -1, 51, 50, 49, 48, 47, 46]
	 A0A011V107	[52, -1, 51, 50, 49, 48, 47, 46, 0]

 ### Operon type: 75

	 A0A011TLH0	[20, 49, 51, 19, 50, 48, 0, 0, 0]

 ### Operon type: 76

	 A0A011UG87	[26, 27, 28, 20, 49, 51, 19, 50, 48]

 ### Operon type: 77

	 A0A011TLH7	[28, 27, 26, 0, 0, 0, 0, 0, 0]

 ### Operon type: 78

	 A0A011TAF9	[0, 0, 89, 88, 87, 86, 85, 84, 83]
	 A0A011TWN2	[89, 88, 87, 86, 85, 84, 83, 0, 0]

 ### Operon type: 79

	 A0A011Q5V7	[678, 0, 0, 0, 677, 676, 675, 674, 673]

 ### Operon type: 80

	 A0A011RM25	[677, 676, 675, 674, 673, 712, 0, 249, 0]

 ### Operon type: 81

	 A0A011QDV3	[781, 780, 779, 778, 777, 776, 775, 0, 774]
	 A0A011QIE8	[781, 780, 779, 778, 777, 776, 774, 0, 0]

 ### Operon type: 82

	 A0A011PL71	[867, 866, 865, 864, 863, 862, 861, 860, 0]
	 A0A011QAB0	[866, 865, 864, 0, 863, 862, 861, 860, 0]

 ### Operon type: 83

	 A0A011Q6N5	[672, 671, 670, 0, 0, 0, 669, 668, 669]

 ### Operon type: 84

	 A0A011SGD5	[0, 0, 0, 0, 0, 0, 672, 671, 670]

 ### Operon type: 85

	 A0A011NYU6	[690, 689, 0, 688, 830, 660, 659, 0, 687]

 ### Operon type: 86

	 A0A011PYI6	[690, 689, 0, 688, 830, 687, 686, 760, 0]

 ### Operon type: 87

	 A0A011P1C0	[0, 0, 660, 659, 687, 0, 0, 0, 0]

 ### Operon type: 88

	 A0A011PKU5	[872, 873, 871, 870, 871, 869, 868, 0, 0]
	 A0A011N4G4	[0, 0, 872, 873, 871, 870, 871, 869, 868]

 ### Operon type: 89

	 A0A010ZWJ8	[617, 618, 619, 831, 620, 755, 624, 755, 623]

 ### Operon type: 90

	 A0A011AHW1	[620, 831, 619, 618, 617, 0, 0, 616, 0]

 ### Operon type: 91

	 A0A011AHU9	[624, 755, 623, 0, 0, 0, 0, 622, 621]

 ### Operon type: 92

	 A0A010ZX98	[611, 612, 613, 614, 615, 216, 778, 778, 0]

 ### Operon type: 93

	 A0A011AIL7	[615, 614, 613, 612, 611, 0, 0, 0, 0]

 ### Operon type: 94

	 A0A010YF95	[679, 504, 715, 503, 502, 502, 501, 500, 499]

 ### Operon type: 95

	 A0A010ZJQ6	[504, 715, 503, 502, 502, 501, 500, 499, 0]

 ### Operon type: 96

	 A0A009GXL8	[299, 298, 297, 296, 295, 9, 294, 293, 77]

 ### Operon type: 97

	 A0A010JIW7	[299, 298, 297, 296, 295, 0, 0, 294, 293]

 ### Operon type: 98

	 A0A011QNA5	[0, 788, 787, 786, 0, 785, 784, 783, 782]
	 A0A009ZLJ7	[782, 783, 784, 785, 0, 0, 788, 787, 786]

 ### Operon type: 99

	 A0A009RMD0	[785, 784, 783, 782, 342, 341, 340, 339, 338]
	 A0A013T0T6	[785, 784, 783, 782, 342, 208, 340, 339, 338]
	 A0A009QMH5	[785, 784, 783, 782, 342, 208, 340, 339, 338]
	 A0A009PE10	[785, 784, 783, 782, 342, 341, 340, 339, -1]
	 A0A009ISY0	[785, 784, 783, 782, 342, 341, 340, 339, 338]
	 A0A009HAX1	[785, 784, 783, 782, 342, 208, 340, 339, 338]

 ### Operon type: 100

	 A0A010ILW6	[785, 784, 783, 782, 342, 208, 0, 0, 339]

 ### Operon type: 101

	 A0A009Z9X7	[784, 783, 782, 0, 342, 0, 694, 0, 339]

 ### Operon type: 102

	 A0A013S8V2	[117, 116, 0, 0, 0, 115, 0, 0, 0]
	 A0A009R8E1	[0, 658, 0, 117, 116, 0, 0, 115, 0]

 ### Operon type: 103

	 A0A009ZFR5	[546, 405, 404, 403, 402, 401, 400, 399, 857]
	 A0A009ICH6	[546, 405, 404, 403, 402, 401, 400, 399, 857]

 ### Operon type: 104

	 A0A009RR21	[546, 405, 404, 403, 253, 252, 270, 857, 809]
	 A0A009NQA1	[546, 405, 404, 403, 253, 252, 270, 857, 809]

 ### Operon type: 105

	 A0A009HTN9	[546, 405, 404, 403, 253, 252, 22, 631, 21]
	 A0A009T3J5	[546, 405, 404, 403, 253, 252, 22, 631, 21]

 ### Operon type: 106

	 A0A009Q0U9	[546, 405, 404, 403, 253, 252, -1, -1, 0]

 ### Operon type: 107

	 A0A009QEG7	[348, 349, 64, 63, 62, 61, 60, 350, 351]
	 A0A009IPC3	[348, 349, 64, 63, 62, 61, 60, 350, 351]

 ### Operon type: 108

	 A0A009I573	[410, 0, 8, 352, 0, 7, 62, 63, 64]

 ### Operon type: 109

	 A0A009ILP9	[350, 0, 64, 63, 62, 7, 351, 352, 8]

 ### Operon type: 110

	 A0A009I953	[350, 0, 64, 63, 62, 7, 351, 0, -1]

 ### Operon type: 111

	 A0A009SX74	[837, 763, 0, 352, 351, 350, 349, 348, 347]

 ### Operon type: 112

	 A0A009MMG9	[82, 483, 600, 457, 551, 550, 549, 548, 547]
	 A0A009QVK8	[82, 483, 600, 457, 551, 550, 549, 548, 547]
	 A0A010IPH1	[82, 483, 600, 457, 551, 550, 549, 548, 547]
	 A0A009ICP5	[82, 483, 600, 457, 551, 550, 549, 548, 547]

 ### Operon type: 113

	 A0A009SIV4	[555, 554, 553, 552, 551, 550, 549, 548, 547]
	 A0A009QLL2	[555, 554, 553, 552, 551, 550, 549, 548, 547]
	 A0A009HTW0	[555, 554, 553, 552, 551, 550, 549, 548, 547]
	 A0A013TSJ4	[554, 553, 0, 552, 551, 550, 549, 548, 547]

 ### Operon type: 114

	 A0A009NIJ3	[583, 582, 581, 580, 579, 578, 577, 735, 778]
	 A0A013TCN9	[583, 582, 581, 580, 579, 578, 577, 735, 778]
	 A0A009QNC9	[583, 582, 581, 580, 579, 578, 577, 735, 778]
	 A0A013TRC1	[583, 582, 581, 580, 579, 578, 577, 735, 778]
	 A0A010ITG1	[583, 582, 581, 580, 579, 578, 577, 735, 778]

 ### Operon type: 115

	 A0A009H935	[0, 0, 581, 580, 579, 578, 577, 735, 778]

 ### Operon type: 116

	 A0A009QEX0	[191, 190, 189, 188, 187, 186, 186, 760, 185]
	 A0A009SF48	[191, 190, 189, 188, 187, -1, 186, 760, 185]
	 A0A009IMX3	[191, 190, 189, 188, 187, 186, 186, 760, 185]

 ### Operon type: 117

	 A0A013S7V1	[191, 190, 189, 188, 187, 98, 546, 97, 96]
	 A0A009MR00	[191, 190, 189, 188, 187, 98, 546, 97, 96]
	 A0A010ISX2	[191, 190, 189, 188, 187, 98, 546, 97, 96]
	 A0A009RES7	[191, 190, 189, 188, 187, 98, 546, 97, 96]

 ### Operon type: 118

	 A0A009YTT3	[3, 193, 189, 188, 187, 98, 546, 97, 96]

 ### Operon type: 119

	 A0A009GYP9	[0, 0, 0, 188, 187, 98, 546, 97, 96]

 ### Operon type: 120

	 A0A009ZZC8	[-1, 442, 443, 3, 193, 189, 188, 187, 98]

 ### Operon type: 121

	 A0A011WSE5	[561, 560, 559, 558, 557, 556, 95, 94, 93]
	 A0A011UGX8	[562, 561, 560, 559, 558, 557, 556, 95, 94]

 ### Operon type: 122

	 A0A011VZG0	[563, 0, 562, 561, 560, 559, 558, 557, 556]

 ### Operon type: 123

	 A0A009SJZ7	[538, 537, 536, 535, 534, 533, 532, 531, 530]
	 A0A009PJF7	[537, 536, 536, 535, 534, 533, 532, 531, 530]

 ### Operon type: 124

	 A0A009Z5G0	[533, 535, 536, 0, 383, 537, 538, 273]

 ### Operon type: 125

	 A0A010IZ41	[372, 371, 370, 369, 368, 367, 366, 365, 541]
	 A0A010JJC1	[421, 372, 371, 370, 369, 368, 367, 366, 365]

 ### Operon type: 126

	 A0A009QJL6	[421, 372, 371, 370, 0, 365, 541, 91, 0]

 ### Operon type: 127

	 A0A009SHB3	[488, 487, 486, 485, 484, 695, 483, 759, 482]
	 A0A009RQH3	[488, 487, 486, 485, 484, 695, 483, 759, 482]
	 A0A013SGL3	[488, 487, 486, 485, 484, 695, 483, 759, 482]
	 A0A013TB41	[488, -1, 486, 485, 484, 695, 483, 759, 482]
	 A0A010KAV2	[488, 487, 486, 485, 484, 695, 483, 759, 482]
	 A0A009PG53	[488, 487, 486, 485, 484, 695, 483, 759, 482]
	 A0A009NE81	[488, 487, 486, 485, 484, 695, 483, 759, 482]
	 A0A009I5Z6	[488, 487, 486, 485, 484, 695, 483, 759, 482]

 ### Operon type: 128

	 A0A009H3X4	[488, 487, 486, 485, 484, 695, -1, 657, -1]

 ### Operon type: 129

	 A0A009SLR5	[0, 0, 0, 276, 275, 274, 424, 735, 862]
	 A0A009PIB4	[0, 0, 0, 276, 275, 274, 424, 735, 862]

 ### Operon type: 130

	 A0A009HSU4	[0, 0, 750, 735, 0, 695, 759, 862, 424]

 ### Operon type: 131

	 A0A009I463	[127, 25, 24, 590, 590, 492, 71, 70, 103]
	 A0A009PAG1	[127, 25, 24, 590, 590, 492, 71, 70, 103]

 ### Operon type: 132

	 A0A013SKX6	[0, 0, 127, 0, 590, 590, 492, 71, 70]

 ### Operon type: 133

	 A0A011Q5S3	[711, 682, 0, 0, 0, 0, 681, 680, 679]

 ### Operon type: 134

	 A0A011UZZ4	[0, 681, 680, 0, 0, 0, 125, 125, 679]

 ### Operon type: 135

	 A0A011UTJ0	[0, 0, 0, 146, 145, 144, 729, 143, 142]

 ### Operon type: 136

	 A0A011VMV7	[146, 145, 144, 729, 143, 142, 141, 140, 139]

 ### Operon type: 137

	 A0A011NYT4	[724, 723, 722, 721, 0, 586, 586, 585, 584]

 ### Operon type: 138

	 A0A011P8E9	[0, 0, 724, 723, 0, 722, 721, 0, 0]

 ### Operon type: 139

	 A0A010SYH9	[263, 262, 261, 292, 260, 0, 0, 0, 0]
	 A0A010TF34	[0, -1, 0, 0, 263, 262, 261, 292, 260]

 ### Operon type: 140

	 A0A010S7A1	[282, 281, 280, 397, 0, 279, 0, 0, 0]
	 A0A010TFJ4	[0, -1, 0, 282, 281, 280, 397, -1, 279]

 ### Operon type: 141

	 A0A009PAV9	[54, -1, 600, 53, 590, 424, 425, 426, 427]
	 A0A009HJC2	[54, 778, 600, 53, 590, 424, 425, 426, 427]

 ### Operon type: 142

	 A0A009SE02	[0, 427, 0, 0, 0, 426, 425, 424, 590]

 ### Operon type: 143

	 A0A009SYU8	[759, 546, 752, 346, 345, 735, 735, 513, 344]
	 A0A009RSB7	[759, 546, 752, 346, 345, 735, 735, 513, 344]
	 A0A009HS41	[759, 546, 752, 346, 345, 735, 735, 513, 344]

 ### Operon type: 144

	 A0A013SHA9	[759, 546, 752, 346, 81, 735, 735, 513, 344]
	 A0A010IT25	[759, 546, 752, 346, 81, 735, 735, 513, 344]
	 A0A009I466	[759, 546, 752, 346, 81, 735, 735, 513, 344]

 ### Operon type: 145

	 A0A009NMQ9	[759, 546, 752, 346, 81, 0, 735, 735, 513]

 ### Operon type: 146

	 A0A009P8A9	[0, 0, 752, 346, 345, 735, 735, 513, 344]

 ### Operon type: 147

	 A0A009NJ90	[576, 575, 574, 573, 572, 571, 570, 569, 568]
	 A0A009ITT8	[576, 575, 574, 573, 572, 570, 569, 568, 390]

 ### Operon type: 148

	 A0A009NCH6	[109, 569, 568, 390, 257, 256, 255, 254, 65]
	 A0A009IJ01	[569, 568, 390, 159, 257, 256, 255, 254, 65]

 ### Operon type: 149

	 A0A009RQL5	[569, 568, 390, 258, 257, 256, 255, 254, 0]

 ### Operon type: 150

	 A0A009MGQ8	[572, 0, 109, 569, 568, 390, 257, 256, 255]

 ### Operon type: 151

	 A0A009RHH7	[393, 392, 391, 573, 572, 571, 569, 568, 390]
	 A0A009S6G1	[393, 392, 391, 573, 572, 569, 568, 390, 257]
	 A0A009IJ07	[393, 392, 391, 573, 572, 569, 568, 390, 159]

 ### Operon type: 152

	 A0A009HZK2	[391, 573, 572, 569, 568, 390, 159, 257, 256]

 ### Operon type: 153

	 A0A009R4N4	[573, 572, 571, 569, 568, 390, 258, 257, 256]

 ### Operon type: 154

	 A0A009S5A5	[572, 571, 570, 569, 568, 390, 159, 158, 257]

 ### Operon type: 155

	 A0A009RHH9	[0, 0, 0, 0, 389, 393, 392, 391, 573]

 ### Operon type: 156

	 A0A011PGU1	[0, 0, 699, 703, 702, 701, 698, 697, 696]
	 A0A011MDH1	[664, 0, 699, 703, 702, 701, 698, 697, 696]

 ### Operon type: 157

	 A0A011V0P4	[224, 17, 0, 0, 387, 0, 0, 162, 161]

 ### Operon type: 158

	 A0A011WPV7	[162, 161, 0, 0, 0, 0, 0, 0, 0]

 ### Operon type: 159

	 A0A011UDF3	[703, 524, 0, 0, 0, 382, 380, 379, 710]

 ### Operon type: 160

	 A0A011VSC9	[380, 379, 710, 0, 0, 0, 0, 0, 0]

 ### Operon type: 161

	 A0A011SF89	[176, 175, 174, 0, 0, 0, 0, 0, 0]

 ### Operon type: 162

	 A0A011UCX7	[0, 866, 176, 175, 0, 174, 173, 0, 0]

 ### Operon type: 163

	 A0A011RNP9	[0, 0, 0, 0, 0, 517, 861, 0, 0]

 ### Operon type: 164

	 A0A011V0B5	[127, 0, 0, 0, 0, 0, 517, 0, 0]

 ### Operon type: 165

	 A0A011RQC9	[0, 127, 358, 0, 0, 0, 0, 312, 0]

 ### Operon type: 166

	 A0A011QG28	[705, 704, 703, 0, 702, 701, 756, 700, 757]
	 A0A011RIM8	[705, 704, 0, 0, 702, 701, 756, 700, 757]

 ### Operon type: 167

	 A0A011PHI6	[768, 0, 767, 0, 0, 766, 765, 764, 0]

 ### Operon type: 168

	 A0A011QI68	[0, 0, 767, 766, 0, 0, 0, 0, 0]

 ### Operon type: 169

	 A0A011NVJ6	[408, 635, 634, 633, 632, 631, 0, 0, 630]

 ### Operon type: 170

	 A0A011PVP2	[0, 635, 634, 633, 632, 631, 0, 0, 744]

 ### Operon type: 171

	 A0A011NXY7	[0, 0, 634, 0, 632, 0, 0, 0, 0]

 ### Operon type: 172

	 A0A011QR69	[693, 692, 857, 691, 810, 809, 0, 0, 0]
	 A0A011NUB4	[693, 692, 857, 691, 810, 809, 0, 610, 0]

 ### Operon type: 173

	 A0A011NN36	[692, 857, 0, 0, 810, 809, 0, 0, 0]

 ### Operon type: 174

	 A0A011PK69	[857, 858, 0, 0, 810, 809, 0, 0, 0]

 ### Operon type: 175

	 A0A011NYD6	[640, 804, 803, 450, 449, 639, 638, 637, 636]
	 A0A011RMI6	[640, 804, 803, 450, 449, 639, 638, 637, 636]

 ### Operon type: 176

	 A0A011QB28	[641, 640, 804, 0, 0, 639, 638, 637, 636]

 ### Operon type: 177

	 A0A011NF33	[0, 639, 638, 0, 0, 0, 0, 0, 0]

 ### Operon type: 178

	 A0A011NBY4	[565, 0, 0, 206, 0, 0, 205, 0, 0]

 ### Operon type: 179

	 A0A011WRT0	[565, 0, 0, 0, 0, 0, 0, 760, 0]

 ### Operon type: 180

	 A0A011SHV5	[0, 0, 0, 0, 0, 223, 760, 421, 0]

 ### Operon type: 181

	 A0A011NB95	[0, 713, 0, 0, 0, 0, 600, 599, 598]

 ### Operon type: 182

	 A0A011UHT4	[91, 225, 599, 0, 0, 90, 90, 598, 0]

 ### Operon type: 183

	 A0A010Z1W7	[0, 0, 0, 0, 0, 66, 0, 506, 310]

 ### Operon type: 184

	 A0A011VY84	[0, 0, 310, 506, 0, 0, 0, 0, 0]

 ### Operon type: 185

	 A0A010YW85	[0, 0, 0, 0, 0, 59, 0, 506, 310]

 ### Operon type: 186

	 A0A010ZMA0	[506, 505, 0, 0, 0, 0, 0, 0, 0]

 ### Operon type: 187

	 A0A011N5L2	[0, 0, 0, 505, 0, 453, 452, 0, 0]

 ### Operon type: 188

	 A0A009MJ75	[0, 0, 103, 102, 101, 0, 0, 0, 491]

 ### Operon type: 189

	 A0A010IH51	[0, 547, 0, 0, 101, 0, 491, 0, 0]

 ### Operon type: 190

	 A0A011TYT7	[0, 0, 0, 0, 0, 0, 547, 226, 226]

 ### Operon type: 191

	 A0A010RRR9	[0, 0, 0, 0, 740, 0, 0, 398, 491]

 ### Operon type: 192

	 A0A010SIA7	[0, 0, 398, 397, 0, 0, 0, 0, 0]

 ### Operon type: 193

	 A0A010RFQ9	[0, 0, 604, 0, 459, 0, 0, 0, 0]

 ### Operon type: 194

	 A0A010SPR9	[460, 460, 0, 0, 0, 459, 0, 0, 0]

 ### Operon type: 195

	 A0A009LNU8	[132, 134, 135, 136, 0, 6, 0, 424, 0]

 ### Operon type: 196

	 A0A013SRG6	[137, 136, 135, 134, 0, 133, 0, 132, 415]

 ### Operon type: 197

	 A0A009IQU8	[0, 134, 0, 0, 0, 133, 415, 0, 0]

 ### Operon type: 198

	 A0A010K2K8	[135, 136, 137, 0, 0, 0, 0, -1, 424]

 ### Operon type: 199

	 A0A011NPR8	[0, 415, 0, 0, 0, 0, 414, 0, 0]

 ### Operon type: 200

	 A0A010SEA2	[682, 414, 308, 0, 0, 0, 0, 0, 0]

 ### Operon type: 201

	 A0A010IGH8	[0, 0, 0, 0, 0, 0, 0, 512, 513]

 ### Operon type: 202

	 A0A010STD3	[0, 0, 0, 510, 509, 508, 0, 513, 512]

 ### Operon type: 203

	 A0A010SQJ5	[458, 457, 0, 510, 509, 508, 0, 0, 0]

 ### Operon type: 204

	 A0A013RVV2	[583, 0, 515, 514, 0, 0, 513, 512, 0]

 ### Operon type: 205

	 A0A011TD67	[382, 0, 0, 510, 509, 508, 381, 0, 624]

 ### Operon type: 206

	 A0A009ZC12	[0, 0, 0, 510, 0, 508, 381, 238, 708]

 ### Operon type: 207

	 A0A009YSC7	[0, 0, 205, 1, 0, 1, 515, 514, 0]

 ### Operon type: 208

	 A0A009ZJK4	[0, 0, 0, 0, 0, 0, 546, 418, 0]

 ### Operon type: 209

	 A0A010SVN1	[-1, 418, 735, 529, 417, 0, 0, 546, 0]

 ### Operon type: 210

	 A0A009QGN4	[320, 319, 318, 317, 316, 315, 0, 0, 0]
	 A0A009PFK7	[320, 319, 318, 317, 316, 0, 0, 315, 0]

 ### Operon type: 211

	 A0A009YR20	[0, 315, 0, 0, 0, 0, 319, 0, 0]

 ### Operon type: 212

	 A0A009SCM5	[396, 395, 394, 0, 0, 0, 0, 0, 0]

 ### Operon type: 213

	 A0A009TJ77	[347, 291, 0, 0, 0, 0, 396, 395, 394]

 ### Operon type: 214

	 A0A009HZV2	[0, 0, 0, 0, 178, 177, 571, 0, 0]

 ### Operon type: 215

	 A0A009QPE7	[0, 0, 0, 0, 178, 177, 0, 0, 0]

 ### Operon type: 216

	 A0A009MGR3	[0, 0, 123, 0, 163, 158, 122, 121, 120]

 ### Operon type: 217

	 A0A009Q4G0	[0, 57, 123, 0, 163, 0, 121, 120, 121]

 ### Operon type: 218

	 A0A009PB53	[0, 0, 80, 79, 163, 121, 120, 121, 78]

 ### Operon type: 219

	 A0A009PUJ8	[0, 80, 79, 163, 0, 78, 294, 293, 77]

 ### Operon type: 220

	 A0A009QQC0	[73, 0, 75, 735, 446, 446, 445, 444, 529]
	 A0A009H7I0	[73, 0, 0, 735, 446, 446, 445, 444, 529]

 ### Operon type: 221

	 A0A009MVG4	[75, 0, 74, 735, 446, 446, 445, 444, 529]

 ### Operon type: 222

	 A0A010J377	[448, 447, 759, 735, 446, 446, 445, 444, 529]
	 A0A009QA91	[448, 447, 759, 735, 446, 446, 445, 444, 529]

 ### Operon type: 223

	 A0A009S1X4	[448, 447, 759, 735, 446, 446, 735, 0, 218]

 ### Operon type: 224

	 A0A013SHF4	[0, 0, 74, 735, 446, 446, 0, 441, 0]

 ### Operon type: 225

	 A0A011PJK8	[750, 749, 748, 747, 746, 745, 0, 0, 0]
	 A0A011N3C3	[0, 0, 0, 750, 749, 748, 747, 746, 745]

 ### Operon type: 226

	 A0A011WKI4	[0, 0, 0, 0, 0, 751, 463, 462, 461]
	 A0A011UWH1	[751, 463, 462, 461, 0, 0, 0, 0, 0]

 ### Operon type: 227

	 A0A010YKP2	[0, 0, 0, 0, 0, 0, 630, 629, 0]

 ### Operon type: 228

	 A0A011V1A2	[17, 0, 0, 629, 0, 0, 0, 0, 0]

 ### Operon type: 229

	 A0A011NGS0	[0, 0, 0, 0, 771, 770, 0, 0, 0]

 ### Operon type: 230

	 A0A011PW61	[0, 0, 0, 0, 771, 770, 0, 0, 769]

 ### Operon type: 231

	 A0A011UXI1	[0, 807, 0, 0, 771, 770, 40, 0, 0]

 ### Operon type: 232

	 A0A011SWI9	[-1, -1, 0, 768, 771, 770, 40, -1, -1]

 ### Operon type: 233

	 A0A011P952	[770, 0, 753, 0, 0, 753, 0, 0, 0]

 ### Operon type: 234

	 A0A011Q1B3	[667, 764, 666, 665, 666, 744, 664, 0, 0]
	 A0A011QVV5	[0, 0, 667, 764, 666, 665, 666, 744, 664]

 ### Operon type: 235

	 A0A011NSG8	[0, 0, 0, 764, 666, 665, 0, 666, 0]

 ### Operon type: 236

	 A0A011P0X4	[0, 0, 664, 0, 666, 0, 0, 665, 658]

 ### Operon type: 237

	 A0A010YNY9	[0, 0, 628, 627, 0, 0, 0, 0, 626]

 ### Operon type: 238

	 A0A011AC71	[218, 0, 0, 217, 0, 628, 627, 0, 759]

 ### Operon type: 239

	 A0A011PRW6	[806, 0, 0, 0, 805, 804, 803, 0, 0]
	 A0A011QLX0	[0, 806, 0, 0, 805, 0, 804, 803, 0]

 ### Operon type: 240

	 A0A010SML6	[0, 804, 803, -1, 0, 763, 0, 0, 0]

 ### Operon type: 241

	 A0A010RS09	[0, 0, 0, 0, 292, 0, 657, 657, 0]

 ### Operon type: 242

	 A0A010RTE7	[0, 0, 0, 0, 0, 0, 292, 291, 0]

 ### Operon type: 243

	 A0A009P817	[108, 0, 0, 0, 107, 0, 106, 105, 104]

 ### Operon type: 244

	 A0A009TIY0	[0, 0, 0, 0, 107, 0, 106, 105, 0]

 ### Operon type: 245

	 A0A009QKA3	[106, 105, 0, 104, 0, 0, 0, 0, 320]

 ### Operon type: 246

	 A0A009HSR2	[0, 377, 376, 0, 375, 165, 374, 571, 166]

 ### Operon type: 247

	 A0A009SWM1	[0, 377, 376, 0, 375, 0, 0, 374, 0]

 ### Operon type: 248

	 A0A009MYX0	[167, 166, 0, 750, 0, 0, 374, 165, 164]

 ### Operon type: 249

	 A0A009QK79	[0, 0, 164, 165, 0, 374, 0, 0, 166]

 ### Operon type: 250

	 A0A009GXJ1	[157, 156, 165, 374, 511, 571, 166, 167, 0]

 ### Operon type: 251

	 A0A013TKW8	[0, 816, 0, 424, 243, 242, 241, 240, 239]
	 A0A009QT77	[0, 0, -1, 424, 243, 242, 241, 240, 239]
	 A0A009S0T6	[0, 0, 424, 126, 243, 242, 241, 240, 239]
	 A0A010IT95	[0, 0, 0, 424, 243, 242, 241, 240, 239]
	 A0A009MH36	[0, 0, 0, 424, 243, 242, 241, 240, 239]
	 A0A009PRQ9	[0, 424, 126, 0, 243, 242, 241, 240, 239]
	 A0A009I5G9	[0, 0, 424, 126, 243, 242, 241, 240, 239]
	 A0A009GWD0	[571, 0, 0, 424, 243, 242, 241, 240, 239]

 ### Operon type: 252

	 A0A013TMJ7	[778, -1, 0, 424, 243, 240, 239, 0, 0]

 ### Operon type: 253

	 A0A011VXC2	[-1, 222, 0, 848, 285, 284, 283, 221, 220]
	 A0A011V392	[222, 0, 848, 285, 284, 283, 0, 221, 220]

 ### Operon type: 254

	 A0A011V490	[563, 564, 0, 220, 221, 283, 284, 285, 848]

 ### Operon type: 255

	 A0A011VZF5	[0, 0, 285, 284, 283, 866, 564, 866, 0]

 ### Operon type: 256

	 A0A011VU44	[0, 0, 0, 0, 0, 527, 0, 0, 0]
	 A0A011WLE7	[0, 0, 0, 0, 0, 527, 0, 0, 0]

 ### Operon type: 257

	 A0A011VAP2	[0, 0, 138, 0, 0, 0, 0, 0, 386]

 ### Operon type: 258

	 A0A011VRJ8	[0, 0, 0, 0, 0, 0, 138, 0, 0]

 ### Operon type: 259

	 A0A011RNU1	[0, 0, 0, 0, 0, 0, 278, 278, 277]

 ### Operon type: 260

	 A0A011VKJ9	[0, 0, 0, 0, 0, 0, 277, 278, -1]

 ### Operon type: 261

	 A0A011PQZ7	[0, 0, 0, 831, 830, 0, 829, 0, 0]

 ### Operon type: 262

	 A0A011TUX4	[0, 0, 0, 0, 830, 0, 0, 829, 0]

 ### Operon type: 263

	 A0A011STZ9	[0, 0, 0, 829, 0, 0, 0, 0, 0]

 ### Operon type: 264

	 A0A011PRF5	[847, 0, 0, 0, 0, 0, 0, 0, 0]
	 A0A011PUJ9	[0, 0, 0, 0, 0, 0, 0, 0, 847]

 ### Operon type: 265

	 A0A011PFY8	[0, 0, 0, 0, 0, 0, 0, 0, 846]

 ### Operon type: 266

	 A0A011PNS3	[836, 846, 0, 0, 0, 0, 0, 0, 0]

 ### Operon type: 267

	 A0A011T648	[0, 846, 0, 0, 0, 0, 0, 857, 0]

 ### Operon type: 268

	 A0A010YYJ5	[0, 0, 0, 866, 0, 0, 0, 160, 160]

 ### Operon type: 269

	 A0A011NDM5	[866, 0, 0, 0, 0, 0, 0, 0, 0]

 ### Operon type: 270

	 A0A011MSR2	[0, 0, 0, 409, 0, 0, 0, 866, 866]

 ### Operon type: 271

	 A0A011WSU6	[0, 866, 0, 0, 221, 0, 0, 0, 0]

 ### Operon type: 272

	 A0A011AEN3	[0, 0, 0, 0, 0, 0, 756, 0, 0]
	 A0A011U3C2	[0, 0, 756, 0, 0, 0, 0, 0, 0]

 ### Operon type: 273

	 A0A011AAZ2	[0, 685, 0, 0, 0, 756, 756, 756, 0]

 ### Operon type: 274

	 A0A011T698	[0, 0, 0, 0, 0, 759, 756, 0, 0]

 ### Operon type: 275

	 A0A010YRE8	[0, 0, 0, 0, 0, 0, 0, 216, 0]

 ### Operon type: 276

	 A0A011AF05	[0, 0, 218, 216, 0, 0, 0, 0, 0]

 ### Operon type: 277

	 A0A009ZG48	[0, 0, 0, 816, 0, 0, 0, 0, 0]

 ### Operon type: 278

	 A0A011PEJ8	[0, 0, 817, 816, 0, 0, 0, 0, 0]

 ### Operon type: 279

	 A0A011QNJ7	[706, 0, 0, 816, 0, 0, 0, 706, 0]

 ### Operon type: 280

	 A0A011MMJ4	[0, 0, 0, 0, 0, 0, 0, 706, 0]

 ### Operon type: 281

	 A0A011R8M3	[0, 0, 817, 816, 0, 419, 0, 706, 0]

 ### Operon type: 282

	 A0A009ZC82	[0, 0, 762, 0, 0, 0, 0, 0, 0]

 ### Operon type: 283

	 A0A011P3F6	[763, 0, 0, 762, 0, 0, 0, 0, 0]

 ### Operon type: 284

	 A0A009IG48	[0, 0, 0, 373, 18, 0, 0, 0, 763]

 ### Operon type: 285

	 A0A009IMQ0	[0, 0, 0, 373, 18, 0, 0, 0, 0]

 ### Operon type: 286

	 A0A009SWV1	[0, 0, 0, 0, 0, 0, 0, 373, 0]

 ### Operon type: 287

	 A0A009Q512	[0, 0, 0, 0, 56, 0, 0, 0, 0]
	 A0A009PMZ9	[56, 0, 0, 0, 0, 0, 0, 0, 0]

 ### Operon type: 288

	 A0A009IFL2	[0, 237, 0, 236, -1, 0, 0, 0]

 ### Operon type: 289

	 A0A009ZDS1	[-1, -1, 0, 237, 0, 0, 372, 0, 0]

 ### Operon type: 290

	 A0A010SNM6	[454, 423, -1, 0, 0, 0, 778, 0, 0]

 ### Operon type: 291

	 A0A010T5D8	[423, 454, 0, -1, 0, -1, 541, 0, 0]

 ### Operon type: 292

	 A0A011UB51	[309, 0, 0, 0, 0, 0, 0, 0, 0]
	 A0A011UFH1	[0, 0, 0, 0, 0, 309, 0, 0, 0]

 ### Operon type: 293

	 A0A011VHP2	[0, -1, -1, -1, 113, 0, 0, 0, 0]
	 A0A011V965	[0, -1, -1, 0, 113, 0, -1, -1, 0]

 ### Operon type: 294

	 A0A010RVD0	[-1, 0, 0, -1, 0, 773, 773, 0, 420]

 ### Operon type: 295

	 A0A010T7Q5	[0, 420, 0, 0, 0, 0, -1, 0, 0]

 ### Operon type: 296

	 A0A010SJH7	[0, 0, 778, -1, 0, 0, 445, 0, 0]

 ### Operon type: 297

	 A0A010SRR2	[0, 0, -1, 0, 0, 0, 0, 0, 778]

 ### Operon type: 298

	 A0A010TF14	[-1, 0, 0, 0, 0, 0, 0, 0, 0]
	 A0A010RY47	[-1, 0, -1, 0, 0, 0, 0, 0, 0]
	 A0A009HJU6	[0, 0, 0, 0, 0, 0, 0, 0, -1]
	 A0A010RKP8	[0, 0, 0, 0, 0, 0, -1, 0, 0]
	 A0A011UZ32	[0, 0, 0, 0, 0, -1, 0, 0, 0]

 ### Operon type: 299

	 A0A010SJF9	[0, 0, 0, 0, 0, -1, 0, 219, -1]

 ### Operon type: 300

	 A0A011ML54	[0, 0, 0, 406, 0, 0, 0, 0, -1]

 ### Operon type: 301

	 A0A011NHY1	[0, 0, 0, 0, 0, 778, 0, 0, 0]

 ### Operon type: 302

	 A0A010Z171	[0, 0, 0, 0, 0, 0, 778, 0, 750]

 ### Operon type: 303

	 A0A011T697	[778, 0, 0, 0, 0, 0, 0, 0, 106]

 ### Operon type: 304

	 A0A011TDD1	[0, 566, 778, 0, 0, 0, 0, 0, 0]

 ### Operon type: 305

	 A0A011VW24	[0, 0, 712, 0, 0, 0, 0, 0, -1]

 ### Operon type: 306

	 A0A011T8V3	[0, 0, 712, 0, 0, 0, 0, 0, 0]

 ### Operon type: 307

	 A0A010TH98	[769, 0, 0, 712, 0, 0, 0, 0, 0]

 ### Operon type: 308

	 A0A011QVR3	[0, 0, 0, 0, 0, 0, 0, 713, 712]

 ### Operon type: 309

	 A0A011VYF1	[712, 0, 0, 0, 0, 0, 309, 0, 0]

 ### Operon type: 310

	 A0A010S415	[-1, 712, 0, 529, 0, 0, 0, 0, 528]

 ### Operon type: 311

	 A0A011PBM9	[0, 0, 0, 0, 0, 0, 0, 0, 0]
	 A0A011QSN2	[0, 0, 0, 0, 0, 0, 0, 0, 0]
	 A0A011QMJ8	[0, 0, 0, 0, 0, 0, 0, 0, 0]
	 A0A011P9Z5	[0, 0, 0, 0, 0, 0, 0, 0, 0]
	 A0A011PNN2	[0, 0, 0, 0, 0, 0, 0, 0, 0]
	 A0A011Q056	[0, 0, 0, 0, 0, 0, 0, 0, 0]
	 A0A010ZTI3	[0, 0, 0, 0, 0, 0, 0, 0, 0]
	 A0A010YJA7	[0, 0, 0, 0, 0, 0, 0, 0, 0]
	 A0A011NTU3	[0, 0, 0, 0, 0, 0, 0, 0, 0]
	 A0A011NAJ1	[0, 0, 0, 0, 0, 0, 0, 0, 0]
	 A0A009MH90	[0, 0, 0, 0, 0, 0, 0, 0, 0]
	 A0A011WUT3	[0, 0, 0, 0, 0, 0, 0, 0, 0]
	 A0A010SSQ8	[0, 0, 0, 0, 0, 0, 0, 0, 0]
	 A0A011N2Z0	[0, 0, 0, 0, 0, 0, 0, 0, 0]
	 A0A011VYF6	[0, 0, 0, 0, 0, 0, 0, 0, 0]
	 A0A010SHY1	[0, 0, 0, 0, 0, 0, 0, 0, 0]
	 A0A011NMI8	[0, 0, 0, 0, 0, 0, 0, 0, 0]
	 A0A013SL47	[0, 0, 0, 0, 0, 0, 0, 0, 0]
	 A0A013TEV4	[0, 0, 0, 0, 0, 0, 0, 0, 0]
	 A0A010T025	[0, 0, 0, 0, 0, 0, 0, 0, 0]
	 A0A010SPJ7	[0, 0, 0, 0, 0, 0, 0, 0, 0]
	 A0A011A146	[0, 0, 0, 0, 0, 0, 0, 0, 0]
	 A0A011UFM5	[0, 0, 0, 0, 0, 0, 0, 0, 0]
	 A0A011UBN9	[0, 0, 0, 0, 0, 0, 0, 0, 0]
	 A0A013SBR8	[0, 0, 0, 0, 0, 0, 0, 0, 0]
	 A0A009HIL8	[0, 0, 0, 0, 0, 0, 0, 0, 0]
	 A0A010YZS8	[0, 0, 0, 0, 0, 0, 0, 0, 0]
	 A0A011VNE2	[0, 0, 0, 0, 0, 0, 0, 0, 0]
	 A0A009M4K0	[0, 0, 0, 0, 0, 0, 0, 0, 0]
	 A0A013S2B9	[0, 0, 0, 0, 0, 0, 0, 0, 0]
	 A0A009PDV4	[0, 0, 0, 0, 0, 0, 0, 0, 0]
	 A0A011UHL2	[0, 0, 0, 0, 0, 0, 0, 0, 0]
	 A0A010Z120	[0, 0, 0, 0, 0, 0, 0, 0, 0]

 ### Operon type: 312

	 A0A010TG27	[751, 0, 490, 0, 0, 0, 735, 0, 0]

 ### Operon type: 313

	 A0A011PMK1	[0, 0, 0, 0, 0, 0, 0, 751, 0]

 ### Operon type: 314

	 A0A009HM15	[0, 255, 254, 0, 0, 0, -1, 0, 0]

 ### Operon type: 315

	 A0A009HRU1	[0, 165, 0, 0, 0, 0, 0, 0, 0]

 ### Operon type: 316

	 A0A009HSN8	[0, 57, 0, 0, 0, -1, 0, 78, -1]

 ### Operon type: 317

	 A0A009HV82	[294, 0, 0, 0, 0, 0, 0, 0, 0]

 ### Operon type: 318

	 A0A009IG74	[0, 0, 102, 0, 590, -1, 0, 0, 0]

 ### Operon type: 319

	 A0A009IJ90	[0, 347, 0, 0, 0, 0, 0, 0, 0]

 ### Operon type: 320

	 A0A009NM94	[0, 567, 567, 0, 0, 0, 566, 0, 0]

 ### Operon type: 321

	 A0A009Q4N5	[0, 0, 108, 0, 0, 0, 0, 0, 0]

 ### Operon type: 322

	 A0A009SSZ9	[0, 410, 0, 0, 0, 0, 0, 0, 0]

 ### Operon type: 323

	 A0A009YIH1	[0, 0, 0, 0, 257, 0, -1, -1, 2]

 ### Operon type: 324

	 A0A009YR05	[0, 0, 0, 0, 145, 0, 0, 0, 0]

 ### Operon type: 325

	 A0A009Z004	[130, 0, 130, 0, 0, 750, 0, 0, 0]

 ### Operon type: 326

	 A0A010RUQ5	[0, 0, 0, 0, 0, 0, 0, 0, 259]

 ### Operon type: 327

	 A0A010S195	[762, 0, 66, 507, 0, 0, 0, 0, 0]

 ### Operon type: 328

	 A0A010SCZ2	[0, 0, 0, 0, 0, 0, 0, 385, 0]

 ### Operon type: 329

	 A0A010SN41	[0, 0, 0, 0, 147, 0, 0, 0, 0]

 ### Operon type: 330

	 A0A010SSU2	[0, 0, 0, 0, 511, 0, -1, 754, 0]

 ### Operon type: 331

	 A0A010SUP6	[0, 0, 0, 0, 0, 0, 0, 507, 0]

 ### Operon type: 332

	 A0A010SUY9	[0, 0, 0, 0, 0, 419, 817, 0]

 ### Operon type: 333

	 A0A010THK2	[0, 0, -1, 0, 0, 657, 750, 0, 0]

 ### Operon type: 334

	 A0A010SRL4	[490, 0, 0, -1, 0, 0, 0, 750, 489]

 ### Operon type: 335

	 A0A010YX61	[486, 756, 0, 712, 0, 0, 0, 0, 0]

 ### Operon type: 336

	 A0A010S5W8	[0, 0, 409, 744, 0, 0, 0, 0, 0]

 ### Operon type: 337

	 A0A011NE37	[656, 0, 0, 0, 0, 0, 0, 0, 0]

 ### Operon type: 338

	 A0A011NF78	[0, 0, 707, 0, 0, 0, 0, 0, 0]

 ### Operon type: 339

	 A0A011NVE2	[0, 0, 0, 857, 0, 0, 778, 0, 307]

 ### Operon type: 340

	 A0A011NXJ4	[0, 0, 0, 0, 0, 0, 0, 0, 451]

 ### Operon type: 341

	 A0A011P8I1	[0, 0, 757, 756, 0, 0, 0, 0, 755]

 ### Operon type: 342

	 A0A011P9Q7	[752, 0, 0, 0, 0, 0, 0, 0, 0]

 ### Operon type: 343

	 A0A011PJ75	[0, 857, 856, 857, 0, 0, 0, 0, 0]

 ### Operon type: 344

	 A0A011PRB4	[0, 0, 0, 0, 0, 0, 0, 848, 0]

 ### Operon type: 345

	 A0A011QVT2	[694, 0, 0, 0, 0, 0, 0, 836, 0]

 ### Operon type: 346

	 A0A011RP14	[0, 0, 0, 0, 0, 0, 0, 128, 0]

 ### Operon type: 347

	 A0A011SM49	[778, 0, 128, 0, 0, 0, 30, 0, 0]

 ### Operon type: 348

	 A0A011AM27	[829, 0, 0, 0, 430, 0, 0, 0, 422]

 ### Operon type: 349

	 A0A011T607	[0, 0, 744, 0, 0, 0, 0, 0, 566]

 ### Operon type: 350

	 A0A011TAW2	[0, 0, 0, 0, 0, 0, 594, 0, 0]

 ### Operon type: 351

	 A0A011TED9	[0, 0, 0, 0, 0, 88, 0, 0, 0]

 ### Operon type: 352

	 A0A011TXS5	[0, 11, 0, 0, 0, 0, 0, 0, 0]

 ### Operon type: 353

	 A0A011U144	[0, 259, 0, 0, 0, 0, 451, 325, 0]

 ### Operon type: 354

	 A0A011U1C8	[759, 0, 0, 0, 0, 0, 0, 0, 304]

 ### Operon type: 355

	 A0A011U483	[0, 0, 0, 0, 0, 758, 0, 0, 0]

 ### Operon type: 356

	 A0A011UG86	[0, 764, 0, 0, 0, 219, 0, 0, 0]

 ### Operon type: 357

	 A0A011UQB5	[124, 206, 0, 0, 0, 0, 0, 309, 0]

 ### Operon type: 358

	 A0A011UVI5	[0, 0, 0, 0, 0, 626, 857, 857, 0]

 ### Operon type: 359

	 A0A011UWI3	[0, 0, 0, 0, 275, 0, 313, 762, 0]

 ### Operon type: 360

	 A0A011V5E6	[0, 0, 0, 0, 0, 93, 0, 0, 0]

 ### Operon type: 361

	 A0A011M4H6	[386, 0, 207, 0, 0, 0, 0, 0, 0]

 ### Operon type: 362

	 A0A011VSV3	[0, 0, 0, 0, 0, 0, 703, 0, 0]

 ### Operon type: 363

	 A0A011VWI0	[0, 0, 0, 0, 0, 225, 0, 0, 0]

 ### Operon type: 364

	 A0A011VZ91	[461, 0, 0, 0, 0, 0, 0, 0, 0]

 ### Operon type: 365

	 A0A011WP76	[0, 0, 0, 0, 0, 0, 0, 0, 715]

 ### Operon type: 366

	 A0A011WSD4	[0, 0, 0, -1, 0, 866, 0, 0, 564]

 ### Operon type: 367

	 A0A011WT35	[564, 0, 0, 0, 0, 0, 0, 0, 0]

 ### Operon type: 368

	 A0A013S843	[0, 444, 0, 0, 0, 0, -1, 458, 0]

 ### Operon type: 369

	 A0A013T5E6	[0, 0, 0, 163, 0, 0, 0, 0, 0]

 ### Operon type: 370

	 A0A009T185	[692, 0, 856, 856, 131, 857, 856, 172, 631]

 ### Operon type: 371

	 A0A010IN36	[58, 778, 0, 0, 131, 857, 856, 172, 631]

 ### Operon type: 372

	 A0A009PG43	[857, 856, 416, 836, 0, 172, 631, 0, 0]

 ### Operon type: 373

	 A0A009INE0	[58, 0, 0, 0, 0, 0, 0, 856, 172]

 ### Operon type: 374

	 A0A009T9H0	[0, 2, 763, -1, 0, 0, 374, 0, 165]

 ### Operon type: 375

	 A0A010THH5	[0, 308, 237, 626, 0, 0, 421, 0, 372]

 ### Operon type: 376

	 A0A011VZE3	[0, 0, 0, 735, 203, 0, 0, 0, 0]
	 A0A011WSH8	[0, 0, 0, 735, 203, 0, 0, 0, 0]

 ### Operon type: 377

	 A0A011NAF3	[0, 0, 0, 0, 0, 0, 735, 0, 850]

 ### Operon type: 378

	 A0A009IQ93	[173, 0, 735, 0, 0, 489, 0, 0, 0]

 ### Operon type: 379

	 A0A009Q8S9	[0, 0, 763, 596, 0, 595, 0, 0, 0]

 ### Operon type: 380

	 A0A009TLU4	[0, 11, -1, 6, 0, 456, 0, -1, -1]

 ### Operon type: 381

	 A0A009ZB47	[301, 475, 0, 0, 0, 866, 370, 0, 0]

 ### Operon type: 382

	 A0A009ZVR4	[358, 0, 756, 0, 0, 160, 0, 0, 302]

 ### Operon type: 383

	 A0A010JIN9	[370, 0, 0, 291, 351, 0, 0, 0, 0]

 ### Operon type: 384

	 A0A010S003	[697, 0, 0, 0, 0, 764, 764, 457, 0]

 ### Operon type: 385

	 A0A010SMN8	[0, -1, 628, 0, 459, 0, 0, 838, 0]

 ### Operon type: 386

	 A0A010SXS1	[0, 416, 0, 0, 0, 466, 0, 0, 836]

 ### Operon type: 387

	 A0A010T689	[422, -1, 421, 517, 0, 0, 0, 0, 0]

 ### Operon type: 388

	 A0A010TBB4	[0, 602, 0, 219, 0, 0, 0, 0, 759]

 ### Operon type: 389

	 A0A010YFK3	[0, 674, 0, 0, 0, 0, 525, 0, 304]

 ### Operon type: 390

	 A0A010YVY1	[5, 0, 5, 0, 0, 0, 0, 457, 0]

 ### Operon type: 391

	 A0A010ZSZ2	[0, 685, 0, 684, 683, 0, 0, 0, 0]

 ### Operon type: 392

	 A0A010Z0Y7	[0, 0, 0, 0, 683, 529, 0, 0, 0]

 ### Operon type: 393

	 A0A011A0M8	[0, 0, 750, 0, 236, 0, 0, 235, 235]

 ### Operon type: 394

	 A0A011NFL4	[0, 265, 0, 0, 411, 751, 0, 264, 0]

 ### Operon type: 395

	 A0A011P407	[0, 0, 761, 760, 0, 0, 759, 0, 758]

 ### Operon type: 396

	 A0A011QGT2	[735, 0, 0, 747, 746, 0, 0, 0, 0]

 ### Operon type: 397

	 A0A011QSA4	[710, 0, 709, 708, 0, 0, 0, 0, 707]

 ### Operon type: 398

	 A0A011T6J6	[0, 678, 0, 756, 0, 0, 314, 0, 59]

 ### Operon type: 399

	 A0A011TAL2	[0, 744, 0, 0, 0, 217, 0, 630, 0]

 ### Operon type: 400

	 A0A011TZG0	[750, 668, 0, 0, 0, 0, 0, 244, 0]

 ### Operon type: 401

	 A0A011UGY3	[95, 94, 93, 92, 0, 0, 0, 92, 0]

 ### Operon type: 402

	 A0A011UII7	[0, 0, 0, 0, 0, 307, 500, 0, 0]

 ### Operon type: 403

	 A0A011UNT9	[595, 110, 0, 0, 0, 0, 0, 0, 0]

 ### Operon type: 404

	 A0A011SIS0	[0, 644, 100, 100, 0, 0, 0, 110, 0]

 ### Operon type: 405

	 A0A011UT49	[0, 685, 0, 0, 0, 0, 416, 111, 0]

 ### Operon type: 406

	 A0A011VU65	[526, 0, 0, 0, 0, 525, 0, 703, 524]

 ### Operon type: 407

	 A0A011VV03	[0, 388, 0, 0, 387, 386, 0, 0, 0]

 ### Operon type: 408

	 A0A011VVZ9	[0, 0, -1, 0, 0, 385, 384, 384, 383]

 ### Operon type: 409

	 A0A011VWX7	[836, 224, 0, 0, 0, 0, 0, 223, 0]

 ### Operon type: 410

	 A0A011VXK7	[567, 567, 0, 653, 0, 0, 0, 680, 0]

 ### Operon type: 411

	 A0A011W0I6	[306, 0, 0, 0, 0, 868, 0, 406, 0]

 ### Operon type: 412

	 A0A010YEF6	[0, 306, 0, 0, 0, 0, 0, 0, 305]

 ### Operon type: 413

	 A0A013SQH1	[0, 0, 0, 0, 147, 808, 0, 424, 600]

 ### Operon type: 414

	 A0A009QJA8	[293, 77, 0, 0, 0, 0, 0, 0, 234]

 ### Operon type: 415

	 A0A009YL68	[0, 0, 759, 488, 484, 0, 0, 238, 0]

 ### Operon type: 416

	 A0A010JNG7	[424, 0, 0, 366, 0, 0, 0, 0, 0]

 ### Operon type: 417

	 A0A010RM40	[271, 735, 686, 0, 0, 0, 0, -1, 724]

 ### Operon type: 418

	 A0A010RRQ6	[0, 207, 0, 0, 0, 459, 607, 497, 0]

 ### Operon type: 419

	 A0A010S423	[314, 0, 0, 0, 0, 0, 0, 313, 312]

 ### Operon type: 420

	 A0A010T0I7	[0, 0, 305, 0, 0, 757, 709, 735, 0]

 ### Operon type: 421

	 A0A010ZUR7	[388, 4, 0, 4, 0, 616, 457, 0, 0]

 ### Operon type: 422

	 A0A011NA78	[0, 597, 0, 0, 0, 773, 0, 0, 724]

 ### Operon type: 423

	 A0A011P8W7	[859, 761, 836, 0, 754, 0, 0, 0, 0]

 ### Operon type: 424

	 A0A011PG97	[838, 0, 0, 837, 0, 0, 0, 0, 0]

 ### Operon type: 425

	 A0A011PKT4	[0, 808, 0, 0, 0, 0, 807, 0, 0]

 ### Operon type: 426

	 A0A011PLB2	[0, 859, 0, 858, 0, 0, 0, 0, 0]

 ### Operon type: 427

	 A0A011R339	[0, 0, 0, 0, 0, 0, 157, 156, 0]

 ### Operon type: 428

	 A0A011SFE5	[0, 0, 0, 567, 0, 0, 265, 760, 124]

 ### Operon type: 429

	 A0A011SJT5	[0, 0, 0, 383, 99, 99, 99, 99, 99]

 ### Operon type: 430

	 A0A011TDQ5	[0, 0, 0, 0, 417, 870, 0, 0, 0]

 ### Operon type: 431

	 A0A011VT01	[0, 0, 378, 0, 0, 378, 0, 0, 533]

 ### Operon type: 432

	 A0A009Z3V9	[735, 0, 0, 0, 0, 553, 748, 554, 555]

 ### Operon type: 433

	 A0A010SRB2	[456, 455, 0, 0, 0, 455, 454, 0, 0]

 ### Operon type: 434

	 A0A010KA25	[370, 0, 421, 346, 76, 0, 0, 370, 356]

 ### Operon type: 435

	 A0A011TZN1	[141, 140, 139, 0, 389, 0, 0, 0, 0]

 ### Operon type: 436

	 A0A011VJ76	[112, 112, 111, 264, 0, 735, 750, 0, 761]

 ### Operon type: 437

	 A0A011UG17	[530, 0, 204, 0, 560, 526, 0, 0, 0]

 ### Operon type: 438

	 A0A011WUA8	[641, 0, 0, 273, 0, 0, 0, 272, 272]

 ### Operon type: 439

	 A0A010S4X6	[0, 529, 686, 764, 311, 0, 408, 867, 657]

 ### Operon type: 440

	 A0A010YY02	[0, 55, 0, 0, 55, 688, 192, 0, 622]
