
 ### Operon type: 1

	 A0A011PVT3	[668, 667, 666, 665, 664, 663, 662, 661, 660]
	 A0A011R7V7	[668, 667, 666, 665, 664, 663, 662, 661, 660]
	 A0A011MET3	[668, 667, 666, 665, 664, 663, 662, 661, 660]

 ### Operon type: 2

	 A0A011UIA1	[156, 155, 154, 153, 152, 151, 150, 149, 0]
	 A0A011V5V3	[0, 156, 155, 154, 153, 152, 151, 150, 149]

 ### Operon type: 3

	 A0A011PTE7	[591, 590, 589, 588, 587, 0, 586, 585, 584]
	 A0A011NE72	[591, 590, 589, 588, 587, 586, 585, 584, 0]

 ### Operon type: 4

	 A0A011NEY3	[462, 723, 724, 722, 722, 721, 720, 719, 0]

 ### Operon type: 5

	 A0A011PAN4	[723, 724, 0, 722, 722, 721, 720, 719, 718]

 ### Operon type: 6

	 A0A011RCD5	[462, 723, 724, 722, 722, 721, 720, 719, 718]

 ### Operon type: 7

	 A0A010JSI3	[472, 471, 470, 469, 468, 467, 466, 465, 0]
	 A0A013T0M4	[472, 471, 470, 469, 468, 467, 466, 465, 0]
	 A0A009HDS5	[472, 471, 470, 469, 468, 467, 466, 465, 0]
	 A0A009RGL2	[0, 471, 470, 469, 468, 467, 466, 465, 0]

 ### Operon type: 8

	 A0A011PF67	[714, 713, 712, 711, 710, 0, 0, 0, 0]
	 A0A011NW66	[714, 713, 712, 711, 710, 522, 0, 0, 0]
	 A0A011NBX7	[714, 713, 712, 711, 710, 522, 0, 0, 0]

 ### Operon type: 9

	 A0A011NS68	[714, 713, 712, 711, 710, 440, 439, 526, 572]
	 A0A011RHX4	[714, 713, 712, 711, 710, 440, 439, 526, 0]

 ### Operon type: 10

	 A0A010JY00	[366, 515, 344, 343, 501, 690, 340, 693, 339]

 ### Operon type: 11

	 A0A013TH30	[515, 344, 343, 342, 341, 690, 340, 693, 339]

 ### Operon type: 12

	 A0A011QAS2	[0, 551, 550, 549, 548, 547, 546, 545, 544]
	 A0A011NEQ1	[0, 551, 550, 549, 548, 547, 546, 545, 544]

 ### Operon type: 13

	 A0A011QSF0	[0, 644, 643, 642, 641, 640, 639, 625, 0]
	 A0A011QBB5	[645, 644, 643, 642, 641, 640, 639, 625, 613]
	 A0A011Q0X6	[645, 644, 643, 642, 641, 640, 639, 625, 613]
	 A0A011Q1X8	[644, 0, 643, 642, 641, 640, 639, 625, 613]

 ### Operon type: 14

	 A0A011PG87	[645, 644, 643, 642, 641, 640, 639, 0, 0]

 ### Operon type: 15

	 A0A013SP43	[319, 318, 317, 316, 315, 314, 313, 312, 311]
	 A0A010K6G6	[319, 318, 317, 316, 315, 314, 313, 0, 311]
	 A0A009RUN3	[319, 318, 317, 316, 315, 314, 313, 312, 311]

 ### Operon type: 16

	 A0A009HR98	[0, 0, 230, 142, 228, 0, 0, 0, 141]
	 A0A009SZB5	[0, 0, 230, 142, 228, 0, 0, 0, 141]

 ### Operon type: 17

	 A0A009Z8F7	[231, 230, 229, 0, 228, 227, 227, 0, 0]

 ### Operon type: 18

	 A0A011QUG8	[707, 706, 705, 704, 703, 702, 0, 701, 700]
	 A0A011QIT1	[707, 706, 705, 704, 703, 702, 701, 700, 647]

 ### Operon type: 19

	 A0A011QAB0	[557, 556, 555, 0, 554, 632, 553, 552, 0]
	 A0A011PL71	[532, 557, 556, 555, 554, 632, 553, 552, 0]

 ### Operon type: 20

	 A0A011PIY7	[582, 0, 630, 595, 596, 597, 598, 0, 600]

 ### Operon type: 21

	 A0A011Q3J4	[0, 582, 630, 595, 596, 597, 598, 599, 0]

 ### Operon type: 22

	 A0A011MH88	[530, 582, 630, 595, 596, 597, 598, 599, 600]

 ### Operon type: 23

	 A0A009QBR9	[0, 0, 404, 351, 403, 0, 0, 399, 208]
	 A0A009TM70	[0, 405, 404, 351, 403, 0, 0, 399, 208]

 ### Operon type: 24

	 A0A010ILU3	[406, 405, 404, 0, 403, 402, 401, 400, 399]
	 A0A009QS71	[406, 405, 404, 351, 403, 402, 0, 400, 399]
	 A0A009MW50	[0, 405, 404, 351, 403, 402, 0, 400, 399]
	 A0A009H3B0	[0, 405, 404, 0, 403, 402, 401, 400, 399]

 ### Operon type: 25

	 A0A009I8S2	[0, 0, 404, 351, 403, 402, 400, 399, 208]

 ### Operon type: 26

	 A0A009ZFR5	[505, 504, 503, 502, 501, 500, 499, 498, 693]
	 A0A009ICH6	[505, 504, 503, 502, 501, 500, 499, 498, 693]

 ### Operon type: 27

	 A0A009GP96	[0, 79, 659, 290, 275, 58, 419, 78, 77]

 ### Operon type: 28

	 A0A009GSR4	[290, 275, 58, 419, 78, 77, 77, 76, 0]

 ### Operon type: 29

	 A0A009IIT6	[79, 659, 290, 275, 78, 77, 77, 76, 0]

 ### Operon type: 30

	 A0A009IS10	[48, 0, 0, 0, 67, 66, 65, 0, 0]

 ### Operon type: 31

	 A0A009QHW5	[0, 0, 0, 406, 67, 66, 65, 0, 226]

 ### Operon type: 32

	 A0A011UVB4	[0, 0, 0, 120, 0, 0, 48, 0, 456]

 ### Operon type: 33

	 A0A011TLH7	[305, 304, 303, 0, 0, 0, 0, 0, 0]
	 A0A011UG87	[303, 304, 305, 0, 0, 0, 0, 0, 0]

 ### Operon type: 34

	 A0A011QIE8	[654, 653, 652, 651, 650, 649, 648, 0, 0]
	 A0A011QDV3	[654, 653, 652, 651, 650, 649, 614, 0, 648]

 ### Operon type: 35

	 A0A011NYU6	[610, 609, 0, 608, 607, 428, 427, 0, 606]

 ### Operon type: 36

	 A0A011PYI6	[610, 609, 0, 608, 607, 606, 605, 604, 0]

 ### Operon type: 37

	 A0A011P1C0	[0, 0, 428, 427, 606, 0, 0, 0, 0]

 ### Operon type: 38

	 A0A011PP01	[603, 602, 601, 0, 0, 0, 0, 0, 0]
	 A0A011NVE7	[603, 602, 601, 0, 0, 0, 0, 0, 0]

 ### Operon type: 39

	 A0A013TH43	[338, 0, 0, 0, 337, 336, 335, 0, 334]
	 A0A009RAF0	[338, 0, 0, 0, 337, 336, 335, 0, 334]

 ### Operon type: 40

	 A0A013S8V2	[369, 368, 0, 0, 0, 367, 0, 0, 0]
	 A0A009R8E1	[0, 426, 0, 369, 368, 0, 0, 367, 0]

 ### Operon type: 41

	 A0A009QFZ7	[325, 324, 0, 0, 485, 0, 322, 321, 0]
	 A0A009TK03	[325, 324, 0, 0, 485, 0, 322, 321, 0]

 ### Operon type: 42

	 A0A013SPM5	[325, 324, 487, 486, 485, 323, 322, 321, 0]
	 A0A009HSL1	[325, 324, 487, 486, 485, 0, 322, 321, 0]
	 A0A010IX62	[325, 324, 487, 486, 485, 0, 322, 321, 0]
	 A0A009MH71	[325, 324, 0, 486, 485, 323, 322, 321, 0]

 ### Operon type: 43

	 A0A009I6Z0	[325, 324, 0, 486, 485, 0, 322, 321, 483]

 ### Operon type: 44

	 A0A009ZIX8	[0, 488, 487, 486, 485, 484, 0, 483, 0]

 ### Operon type: 45

	 A0A009I573	[42, 0, 56, 63, 0, 57, 205, 166, 167]

 ### Operon type: 46

	 A0A009ILP9	[165, 0, 167, 166, 205, 57, 202, 63, 56]

 ### Operon type: 47

	 A0A009I953	[165, 0, 167, 166, 205, 57, 202, 0, -1]

 ### Operon type: 48

	 A0A009QEG7	[207, 206, 0, 0, 205, 204, 203, 0, 202]
	 A0A009IPC3	[207, 206, 0, 0, 205, 204, 203, 0, 202]

 ### Operon type: 49

	 A0A009SX74	[637, 572, 0, 63, 202, 165, 206, 207, 0]

 ### Operon type: 50

	 A0A010JWJ1	[0, 104, 659, 0, 269, 268, 267, 266, 0]
	 A0A009I4A1	[0, 104, 659, 0, 269, 268, 267, 266, 0]

 ### Operon type: 51

	 A0A009QF22	[272, 271, 270, 0, 269, 268, 267, 266, 265]
	 A0A009TBY8	[272, 271, 270, 70, 269, 268, 267, 266, 265]

 ### Operon type: 52

	 A0A009ITT8	[55, 54, 53, 194, 193, 52, 87, 86, 85]

 ### Operon type: 53

	 A0A009NJ90	[55, 54, 53, 194, 0, 116, 52, 87, 86]

 ### Operon type: 54

	 A0A009HZK2	[195, 194, 193, 0, 0, 0, 0, 0, 0]

 ### Operon type: 55

	 A0A009IJ07	[106, 105, 195, 194, 193, 0, 0, 0, 0]

 ### Operon type: 56

	 A0A009S6G1	[106, 105, 195, 194, 193, 87, 86, 85, 83]

 ### Operon type: 57

	 A0A009S5A5	[193, 116, 52, 87, 86, 85, 84, 38, 83]

 ### Operon type: 58

	 A0A013TCN9	[351, 350, 349, 348, 347, 346, 345, 659, 651]
	 A0A010ITG1	[351, 350, 349, 348, 347, 346, 345, 659, 651]
	 A0A009QNC9	[351, 350, 349, 348, 347, 346, 345, 659, 651]
	 A0A009NIJ3	[351, 350, 349, 348, 347, 346, 345, 659, 651]
	 A0A013TRC1	[351, 350, 349, 348, 347, 346, 345, 659, 651]

 ### Operon type: 59

	 A0A009H935	[0, 0, 349, 348, 347, 346, 345, 659, 651]

 ### Operon type: 60

	 A0A009PJF7	[191, 190, 190, 189, 188, 460, 187, 186, 185]
	 A0A009SJZ7	[120, 191, 190, 189, 188, 460, 187, 186, 185]

 ### Operon type: 61

	 A0A009Z5G0	[460, 189, 190, 0, 254, 191, 120, 220]

 ### Operon type: 62

	 A0A010JJC1	[429, 413, 412, 411, 410, 409, 408, 418, 407]
	 A0A010IZ41	[413, 412, 411, 410, 409, 408, 418, 407, 317]

 ### Operon type: 63

	 A0A009QJL6	[429, 413, 412, 411, 0, 407, 317, 28, 0]

 ### Operon type: 64

	 A0A011P2I4	[632, 631, 630, 0, 0, 0, 0, 0, 0]
	 A0A011N9N8	[632, 631, 630, 0, 0, 0, 0, 0, 0]

 ### Operon type: 65

	 A0A009PIB4	[0, 0, 0, 113, 112, 111, 419, 659, 632]
	 A0A009SLR5	[0, 0, 0, 113, 112, 111, 419, 659, 632]

 ### Operon type: 66

	 A0A009HSU4	[0, 0, 509, 659, 0, 631, 570, 632, 419]

 ### Operon type: 67

	 A0A011SF89	[433, 432, 431, 0, 0, 0, 0, 0, 0]

 ### Operon type: 68

	 A0A011UCX7	[0, 557, 433, 432, 0, 431, 232, 0, 0]

 ### Operon type: 69

	 A0A011NYT4	[568, 567, 566, 565, 0, 481, 481, 480, 479]

 ### Operon type: 70

	 A0A011P8E9	[0, 0, 568, 567, 0, 566, 565, 0, 0]

 ### Operon type: 71

	 A0A010TF34	[0, -1, 0, 0, 23, 22, 21, 20, 19]
	 A0A010SYH9	[23, 22, 21, 20, 19, 0, 0, 0, 0]

 ### Operon type: 72

	 A0A010S7A1	[46, 45, 44, 233, 0, 43, 0, 0, 0]
	 A0A010TFJ4	[0, -1, 0, 46, 45, 44, 233, -1, 43]

 ### Operon type: 73

	 A0A009ICP5	[99, 353, 455, 215, 131, 0, 0, 130, 0]

 ### Operon type: 74

	 A0A009MMG9	[99, 353, 455, 215, 131, 0, 98, 130, 162]

 ### Operon type: 75

	 A0A009QLL2	[0, 133, 132, 0, 131, 0, 0, 130, 0]
	 A0A009HTW0	[0, 133, 132, 0, 131, 0, 0, 130, 0]

 ### Operon type: 76

	 A0A009SIV4	[121, 133, 132, 51, 131, 50, 0, 130, 162]

 ### Operon type: 77

	 A0A013TSJ4	[133, 132, 0, 51, 131, 0, 0, 130, 162]

 ### Operon type: 78

	 A0A009Z3V9	[659, 0, 0, 0, 0, 132, 508, 133, 121]

 ### Operon type: 79

	 A0A009T0Q9	[0, 0, 0, 0, 64, 359, 530, 659, 40]

 ### Operon type: 80

	 A0A009YJF4	[0, 480, 479, 11, 71, 530, 659, 0, 40]

 ### Operon type: 81

	 A0A009HJC2	[147, 651, 455, 146, 383, 419, 145, 144, 143]
	 A0A009PAV9	[147, -1, 455, 146, 383, 419, 145, 144, 143]

 ### Operon type: 82

	 A0A009SE02	[0, 143, 0, 0, 0, 144, 145, 419, 383]

 ### Operon type: 83

	 A0A011QNA5	[0, 685, 684, 683, 0, 682, 681, 680, 679]
	 A0A009ZLJ7	[679, 680, 681, 682, 0, 0, 685, 684, 683]

 ### Operon type: 84

	 A0A013T0T6	[682, 681, 680, 679, 398, 397, 328, 396, 327]
	 A0A009HAX1	[682, 681, 680, 679, 398, 397, 328, 396, 327]
	 A0A009QMH5	[682, 681, 680, 679, 398, 397, 328, 396, 327]

 ### Operon type: 85

	 A0A010ILW6	[682, 681, 680, 679, 398, 397, 0, 0, 396]

 ### Operon type: 86

	 A0A009Z9X7	[681, 680, 679, 0, 398, 0, 697, 0, 396]

 ### Operon type: 87

	 A0A009PE10	[0, 0, 0, 679, 398, 136, 328, 396, -1]

 ### Operon type: 88

	 A0A009HS41	[570, 505, 615, 276, 192, 659, 659, 252, 251]
	 A0A009RSB7	[570, 505, 615, 276, 192, 659, 659, 252, 251]
	 A0A009SYU8	[570, 505, 615, 276, 192, 659, 659, 252, 251]

 ### Operon type: 89

	 A0A013SHA9	[570, 505, 615, 276, 253, 659, 659, 252, 251]
	 A0A010IT25	[570, 505, 615, 276, 253, 659, 659, 252, 251]
	 A0A009I466	[570, 505, 615, 276, 253, 659, 659, 252, 251]

 ### Operon type: 90

	 A0A009NMQ9	[570, 505, 615, 276, 253, 0, 659, 659, 252]

 ### Operon type: 91

	 A0A009P8A9	[0, 0, 615, 276, 192, 659, 659, 252, 251]

 ### Operon type: 92

	 A0A011PGU1	[0, 0, 636, 675, 674, 673, 635, 634, 633]
	 A0A011MDH1	[476, 0, 636, 675, 674, 673, 635, 634, 633]

 ### Operon type: 93

	 A0A011V0P4	[450, 242, 0, 0, 257, 0, 0, 512, 511]

 ### Operon type: 94

	 A0A011WPV7	[512, 511, 0, 0, 0, 0, 0, 0, 0]

 ### Operon type: 95

	 A0A011RNP9	[0, 0, 0, 0, 0, 457, 553, 0, 0]

 ### Operon type: 96

	 A0A011V0B5	[436, 0, 0, 0, 0, 0, 457, 0, 0]

 ### Operon type: 97

	 A0A011RQC9	[0, 436, 435, 0, 0, 0, 0, 434, 0]

 ### Operon type: 98

	 A0A011QG28	[677, 676, 675, 0, 674, 673, 672, 671, 670]
	 A0A011RIM8	[677, 676, 0, 0, 674, 673, 672, 671, 670]

 ### Operon type: 99

	 A0A011PHI6	[574, 0, 656, 0, 0, 655, 704, 573, 0]

 ### Operon type: 100

	 A0A011QI68	[0, 0, 656, 655, 0, 0, 0, 0, 0]

 ### Operon type: 101

	 A0A011P700	[0, 0, 624, 623, 0, 0, 0, 0, 0]

 ### Operon type: 102

	 A0A011QSI4	[0, 0, 624, 623, 622, 0, 0, 0, 0]

 ### Operon type: 103

	 A0A011NVJ6	[524, 537, 536, 535, 534, 533, 0, 0, 523]

 ### Operon type: 104

	 A0A011PVP2	[0, 537, 536, 535, 534, 533, 0, 0, 668]

 ### Operon type: 105

	 A0A011NXY7	[0, 0, 536, 0, 534, 0, 0, 0, 0]

 ### Operon type: 106

	 A0A011QR69	[695, 694, 693, 692, 691, 690, 0, 0, 0]
	 A0A011NUB4	[695, 694, 693, 692, 691, 690, 0, 514, 0]

 ### Operon type: 107

	 A0A011NN36	[694, 693, 0, 0, 691, 690, 0, 0, 0]

 ### Operon type: 108

	 A0A011PK69	[693, 564, 0, 0, 691, 690, 0, 0, 0]

 ### Operon type: 109

	 A0A011NYD6	[542, 687, 686, 520, 519, 541, 540, 539, 538]
	 A0A011RMI6	[542, 687, 686, 520, 519, 541, 540, 539, 538]

 ### Operon type: 110

	 A0A011QB28	[543, 542, 687, 0, 0, 541, 540, 539, 538]

 ### Operon type: 111

	 A0A011NF33	[0, 541, 540, 0, 0, 0, 0, 0, 0]

 ### Operon type: 112

	 A0A011NBY4	[475, 0, 0, 452, 0, 0, 451, 0, 0]

 ### Operon type: 113

	 A0A011WRT0	[475, 0, 0, 0, 0, 0, 0, 604, 0]

 ### Operon type: 114

	 A0A011SHV5	[0, 0, 0, 0, 0, 449, 604, 429, 0]

 ### Operon type: 115

	 A0A011NB95	[0, 699, 0, 0, 0, 0, 455, 454, 453]

 ### Operon type: 116

	 A0A011UHT4	[28, 473, 454, 0, 0, 25, 25, 453, 0]

 ### Operon type: 117

	 A0A010Z1W7	[0, 0, 0, 0, 0, 214, 0, 444, 445]

 ### Operon type: 118

	 A0A011VY84	[0, 0, 445, 444, 0, 0, 0, 0, 0]

 ### Operon type: 119

	 A0A010YW85	[0, 0, 0, 0, 0, 197, 0, 444, 445]

 ### Operon type: 120

	 A0A010ZMA0	[444, 518, 0, 0, 0, 0, 0, 0, 0]

 ### Operon type: 121

	 A0A011N5L2	[0, 0, 0, 518, 0, 517, 516, 0, 0]

 ### Operon type: 122

	 A0A010SQJ5	[277, 215, 0, 301, 300, 299, 0, 0, 0]

 ### Operon type: 123

	 A0A010STD3	[0, 0, 0, 301, 300, 299, 0, 252, 216]

 ### Operon type: 124

	 A0A011TD67	[302, 0, 0, 301, 300, 299, 298, 0, 297]

 ### Operon type: 125

	 A0A009ZC12	[0, 0, 0, 301, 0, 299, 298, 224, 627]

 ### Operon type: 126

	 A0A010RFQ9	[0, 0, 492, 0, 464, 0, 0, 0, 0]

 ### Operon type: 127

	 A0A010SPR9	[15, 15, 0, 0, 0, 464, 0, 0, 0]

 ### Operon type: 128

	 A0A013S288	[0, 0, 0, 384, 383, 382, 381, 0, 379]
	 A0A010J3I1	[0, 0, 0, 384, 383, 382, 381, 0, 379]

 ### Operon type: 129

	 A0A013SXT2	[387, 386, 385, 384, 383, 382, 381, 380, 379]
	 A0A009PWG1	[387, 386, 385, 384, 383, 382, 381, 380, 379]

 ### Operon type: 130

	 A0A009ZJK4	[0, 0, 0, 0, 0, 0, 505, 482, 0]

 ### Operon type: 131

	 A0A010SVN1	[-1, 482, 659, 212, 222, 0, 0, 505, 0]

 ### Operon type: 132

	 A0A009SF48	[285, 0, 283, 0, 281, -1, 274, 604, 273]
	 A0A009IMX3	[285, 0, 283, 0, 281, 274, 274, 604, 273]

 ### Operon type: 133

	 A0A009QEX0	[285, 284, 283, 282, 281, 274, 274, 604, 273]

 ### Operon type: 134

	 A0A013S7V1	[285, 284, 283, 282, 281, 280, 505, 279, 278]
	 A0A009RES7	[285, 284, 283, 282, 281, 280, 505, 279, 278]
	 A0A010ISX2	[285, 284, 283, 282, 281, 280, 505, 279, 278]
	 A0A009MR00	[285, 284, 283, 282, 281, 280, 505, 279, 278]

 ### Operon type: 135

	 A0A009GYP9	[0, 0, 0, 282, 281, 280, 505, 279, 278]

 ### Operon type: 136

	 A0A009YTT3	[0, 0, 0, 0, 0, 0, 505, 279, 278]

 ### Operon type: 137

	 A0A009QGN4	[264, 263, 262, 261, 260, 259, 0, 0, 0]
	 A0A009PFK7	[264, 263, 262, 261, 260, 0, 0, 259, 0]

 ### Operon type: 138

	 A0A009YR20	[0, 259, 0, 0, 0, 0, 263, 0, 0]

 ### Operon type: 139

	 A0A013SB36	[365, 364, 363, 362, 361, 0, 479, 360, 359]
	 A0A009QSI3	[365, 364, 363, 362, 361, 0, 479, 360, -1]

 ### Operon type: 140

	 A0A010ITP2	[365, 364, 363, 362, 361, 0, 479, 0, 0]

 ### Operon type: 141

	 A0A009SII9	[-1, 364, 363, 362, 0, 0, 0, 0, 64]

 ### Operon type: 142

	 A0A009HZV2	[0, 0, 0, 0, 96, 95, 116, 0, 0]

 ### Operon type: 143

	 A0A009QPE7	[0, 0, 0, 0, 96, 95, 0, 0, 0]

 ### Operon type: 144

	 A0A009GXL8	[74, 73, 72, 0, 71, 70, 196, 115, 114]

 ### Operon type: 145

	 A0A010JIW7	[74, 73, 72, 0, 71, 0, 0, 196, 115]

 ### Operon type: 146

	 A0A009MGR3	[0, 0, 177, 0, 326, 38, 37, 176, 175]

 ### Operon type: 147

	 A0A009Q4G0	[0, 178, 177, 0, 326, 0, 176, 175, 176]

 ### Operon type: 148

	 A0A009PUJ8	[0, 138, 0, 0, 0, 137, 196, 115, 114]

 ### Operon type: 149

	 A0A009QJA8	[115, 114, 0, 0, 0, 0, 0, 0, 0]

 ### Operon type: 150

	 A0A009PB53	[0, 0, 138, 0, 0, 176, 175, 176, 137]

 ### Operon type: 151

	 A0A013SNJ8	[505, 0, 0, 310, 309, 383, 317, 0, 0]
	 A0A013RZW2	[505, 286, 0, 310, 309, 383, 317, 0, 0]
	 A0A009RD69	[505, 286, 0, 310, 309, 383, 317, 134, 0]
	 A0A010J9U3	[505, 0, 0, 310, 309, 383, 317, 0, 0]
	 A0A009SIZ4	[505, 286, 0, 310, 309, 0, 317, 134, 0]

 ### Operon type: 152

	 A0A009PH20	[0, 0, 399, 310, 309, 383, 317, 0, 0]
	 A0A009IV03	[0, 0, 399, 310, 309, 0, 317, 0, 0]

 ### Operon type: 153

	 A0A009YIZ0	[505, 286, 399, 310, 309, 383, 317, 134, 89]

 ### Operon type: 154

	 A0A009QA91	[211, 210, 570, 659, 249, 249, 209, 370, 212]
	 A0A010J377	[211, 210, 570, 659, 249, 249, 209, 370, 212]

 ### Operon type: 155

	 A0A009QQC0	[0, 0, 94, 659, 249, 249, 0, 370, 212]
	 A0A009MVG4	[94, 0, 250, 659, 249, 249, 0, 370, 212]

 ### Operon type: 156

	 A0A009H7I0	[0, 0, 0, 659, 249, 249, 209, 370, 212]

 ### Operon type: 157

	 A0A009S1X4	[211, 210, 570, 659, 249, 249, 659, 0, 39]

 ### Operon type: 158

	 A0A013SHF4	[0, 0, 250, 659, 249, 249, 0, 248, 0]

 ### Operon type: 159

	 A0A009H7U0	[378, 672, 0, 377, 376, 446, 101, 0, 0]

 ### Operon type: 160

	 A0A010IMP8	[378, 0, 0, 377, 376, 446, 101, 0, 100]

 ### Operon type: 161

	 A0A013SZ54	[378, 0, 463, 377, 376, 0, 0, 0, 0]

 ### Operon type: 162

	 A0A009ZM43	[-1, 672, 463, 377, 376, 446, 101, 41, 100]

 ### Operon type: 163

	 A0A009YSC7	[0, 0, 451, 1, 0, 1, 218, 217, 0]

 ### Operon type: 164

	 A0A013RVV2	[351, 0, 218, 217, 0, 0, 0, 216, 0]

 ### Operon type: 165

	 A0A011Q5S3	[647, 581, 0, 0, 0, 0, 580, 579, 578]

 ### Operon type: 166

	 A0A011UZZ4	[0, 580, 579, 0, 0, 0, 243, 243, 578]

 ### Operon type: 167

	 A0A010YKP2	[0, 0, 0, 0, 0, 0, 523, 241, 0]

 ### Operon type: 168

	 A0A011V1A2	[242, 0, 0, 241, 0, 0, 0, 0, 0]

 ### Operon type: 169

	 A0A011Q2B1	[0, 0, 0, 0, 0, 560, 559, 558, 717]

 ### Operon type: 170

	 A0A011RLN8	[0, 0, 0, 561, 708, 560, 559, 558, 717]

 ### Operon type: 171

	 A0A011NGS0	[0, 0, 0, 0, 612, 617, 0, 0, 0]

 ### Operon type: 172

	 A0A011PW61	[0, 0, 0, 0, 612, 617, 0, 0, 611]

 ### Operon type: 173

	 A0A011UXI1	[0, 562, 0, 0, 612, 617, 140, 0, 0]

 ### Operon type: 174

	 A0A011SWI9	[-1, -1, 0, 574, 612, 617, 140, -1, -1]

 ### Operon type: 175

	 A0A011P952	[617, 0, 616, 0, 0, 616, 0, 0, 0]

 ### Operon type: 176

	 A0A011NSG8	[0, 0, 0, 573, 478, 477, 0, 478, 0]

 ### Operon type: 177

	 A0A011P0X4	[0, 0, 476, 0, 478, 0, 0, 477, 426]

 ### Operon type: 178

	 A0A009MJ75	[0, 0, 109, 108, 107, 0, 0, 0, 290]

 ### Operon type: 179

	 A0A010IH51	[0, 162, 0, 0, 107, 0, 290, 0, 0]

 ### Operon type: 180

	 A0A010YNY9	[0, 0, 17, 16, 0, 0, 0, 0, 287]

 ### Operon type: 181

	 A0A011AC71	[39, 0, 0, 179, 0, 17, 16, 0, 570]

 ### Operon type: 182

	 A0A011QLX0	[0, 689, 0, 0, 688, 0, 687, 686, 0]
	 A0A011PRW6	[689, 0, 0, 0, 688, 687, 686, 0, 0]

 ### Operon type: 183

	 A0A010SML6	[0, 687, 686, -1, 0, 572, 0, 0, 0]

 ### Operon type: 184

	 A0A009P817	[174, 0, 0, 0, 110, 0, 199, 129, 128]

 ### Operon type: 185

	 A0A009TIY0	[0, 0, 0, 0, 110, 0, 199, 129, 0]

 ### Operon type: 186

	 A0A009QKA3	[199, 129, 0, 128, 0, 0, 0, 0, 264]

 ### Operon type: 187

	 A0A009S854	[-1, 0, 0, 494, 493, 0, 0, 0, 489]

 ### Operon type: 188

	 A0A013RMD0	[-1, 0, 495, 0, 493, 492, 0, 0, 489]

 ### Operon type: 189

	 A0A009HFU9	[0, 59, 0, 0, 497, 419, 0, 0, 0]
	 A0A009R016	[0, 59, 0, 0, 497, -1, 419, 0, 0]

 ### Operon type: 190

	 A0A009HSR2	[0, 119, 118, 0, 117, 126, 125, 116, 124]

 ### Operon type: 191

	 A0A009SWM1	[0, 119, 118, 0, 117, 0, 0, 125, 0]

 ### Operon type: 192

	 A0A009MYX0	[97, 124, 0, 509, 0, 0, 125, 126, 127]

 ### Operon type: 193

	 A0A009QK79	[0, 0, 127, 126, 0, 125, 0, 0, 124]

 ### Operon type: 194

	 A0A009GXJ1	[158, 157, 126, 125, 75, 116, 124, 97, 0]

 ### Operon type: 195

	 A0A013TKW8	[0, 715, 0, 419, 333, 332, 331, 330, 329]
	 A0A009QT77	[0, 0, -1, 419, 333, 332, 331, 330, 329]
	 A0A009PRQ9	[0, 419, 102, 0, 333, 332, 331, 330, 329]
	 A0A010IT95	[0, 0, 0, 419, 333, 332, 331, 330, 329]
	 A0A009GWD0	[116, 0, 0, 419, 333, 332, 331, 330, 329]
	 A0A009S0T6	[0, 0, 419, 102, 333, 332, 331, 330, 329]
	 A0A009MH36	[0, 0, 0, 419, 333, 332, 331, 330, 329]
	 A0A009I5G9	[0, 0, 419, 102, 333, 332, 331, 330, 329]

 ### Operon type: 196

	 A0A013TMJ7	[651, -1, 0, 419, 333, 330, 329, 0, 0]

 ### Operon type: 197

	 A0A009HJJ5	[320, 417, 416, 0, 415, 414, 0, 565, 36]
	 A0A009I8I7	[320, 417, 416, 60, 415, 414, 0, 565, 36]

 ### Operon type: 198

	 A0A010JJN4	[0, 417, 416, 0, 415, 414, 0, 565, 516]
	 A0A013TPR7	[320, 417, 416, 0, 415, 414, 0, 565, 516]
	 A0A009PMT3	[320, 417, 416, 0, 415, 414, 103, 565, 516]
	 A0A009RMI1	[0, 417, 416, 0, 415, 414, 0, 565, 0]
	 A0A009YG45	[0, 320, 417, 416, 415, 0, 414, 103, 565]

 ### Operon type: 199

	 A0A009SEP4	[320, 417, 416, 60, 415, 0, 414, 103, 0]

 ### Operon type: 200

	 A0A009NI48	[320, 417, 416, 0, 415, 0, 0, 0, -1]

 ### Operon type: 201

	 A0A011WLE7	[0, 0, 0, 0, 0, 513, 0, 0, 0]
	 A0A011VU44	[0, 0, 0, 0, 0, 513, 0, 0, 0]

 ### Operon type: 202

	 A0A011VAP2	[0, 0, 32, 0, 0, 0, 0, 0, 307]

 ### Operon type: 203

	 A0A011VRJ8	[0, 0, 0, 0, 0, 0, 32, 0, 0]

 ### Operon type: 204

	 A0A011RNU1	[0, 0, 0, 0, 0, 0, 421, 421, 420]

 ### Operon type: 205

	 A0A011VKJ9	[0, 0, 0, 0, 0, 0, 420, 421, -1]

 ### Operon type: 206

	 A0A011WT35	[474, 0, 0, 0, 0, 0, 0, 0, 0]
	 A0A011V490	[0, 474, 0, 0, 0, 0, 0, 0, 0]

 ### Operon type: 207

	 A0A009T185	[694, 0, 583, 583, 123, 693, 583, 168, 533]

 ### Operon type: 208

	 A0A010IN36	[169, 651, 0, 0, 123, 693, 583, 168, 533]

 ### Operon type: 209

	 A0A009PG43	[693, 583, 135, 696, 0, 168, 533, 0, 0]

 ### Operon type: 210

	 A0A011PQZ7	[0, 0, 0, 594, 607, 0, 593, 0, 0]

 ### Operon type: 211

	 A0A011TUX4	[0, 0, 0, 0, 607, 0, 0, 593, 0]

 ### Operon type: 212

	 A0A011STZ9	[0, 0, 0, 593, 0, 0, 0, 0, 0]

 ### Operon type: 213

	 A0A011PUJ9	[0, 0, 0, 0, 0, 0, 0, 0, 669]
	 A0A011PRF5	[669, 0, 0, 0, 0, 0, 0, 0, 0]

 ### Operon type: 214

	 A0A011PFY8	[0, 0, 0, 0, 0, 0, 0, 0, 646]

 ### Operon type: 215

	 A0A011PNS3	[696, 646, 0, 0, 0, 0, 0, 0, 0]

 ### Operon type: 216

	 A0A011T648	[0, 646, 0, 0, 0, 0, 0, 693, 0]

 ### Operon type: 217

	 A0A011AEN3	[0, 0, 0, 0, 0, 0, 672, 0, 0]
	 A0A011U3C2	[0, 0, 672, 0, 0, 0, 0, 0, 0]

 ### Operon type: 218

	 A0A011AAZ2	[0, 425, 0, 0, 0, 672, 672, 672, 0]

 ### Operon type: 219

	 A0A011T698	[0, 0, 0, 0, 0, 570, 672, 0, 0]

 ### Operon type: 220

	 A0A009SNL0	[62, 61, 0, 0, 0, 0, 0, 0, 0]

 ### Operon type: 221

	 A0A009ZZC8	[-1, 61, 62, 0, 0, 0, 0, 0, 0]

 ### Operon type: 222

	 A0A009ZG48	[0, 0, 0, 715, 0, 0, 0, 0, 0]

 ### Operon type: 223

	 A0A011PEJ8	[0, 0, 716, 715, 0, 0, 0, 0, 0]

 ### Operon type: 224

	 A0A011QNJ7	[678, 0, 0, 715, 0, 0, 0, 678, 0]

 ### Operon type: 225

	 A0A011MMJ4	[0, 0, 0, 0, 0, 0, 0, 678, 0]

 ### Operon type: 226

	 A0A011R8M3	[0, 0, 716, 715, 0, 139, 0, 678, 0]

 ### Operon type: 227

	 A0A009TJ77	[0, 69, 0, 0, 0, 0, 0, 0, 0]

 ### Operon type: 228

	 A0A010RTE7	[0, 0, 0, 0, 0, 0, 20, 69, 0]

 ### Operon type: 229

	 A0A013S8F0	[375, 374, 373, 372, 371, 659, 651, 370, 517]
	 A0A013TPQ9	[375, 374, 373, 372, 371, 659, 651, 370, 517]
	 A0A009PMU2	[375, 374, 373, -1, 371, 659, 651, 370, 517]
	 A0A009SZ84	[375, 374, 373, 372, 371, 659, 651, 370, 517]

 ### Operon type: 230

	 A0A009IG48	[0, 0, 0, 81, 80, 0, 0, 0, 572]

 ### Operon type: 231

	 A0A009IMQ0	[0, 0, 0, 81, 80, 0, 0, 0, 0]

 ### Operon type: 232

	 A0A009SWV1	[0, 0, 0, 0, 0, 0, 0, 81, 0]

 ### Operon type: 233

	 A0A011TAW2	[0, 0, 0, 0, 0, 0, 387, 0, 0]
	 A0A009SFX8	[387, 0, 0, 0, 0, 0, 0, 0, 0]

 ### Operon type: 234

	 A0A011TZN1	[0, 0, 0, 0, 148, 0, 0, 0, 0]
	 A0A009RHH9	[0, 0, 0, 0, 148, 0, 0, 0, 0]

 ### Operon type: 235

	 A0A009Q512	[0, 0, 0, 0, 173, 0, 0, 0, 0]
	 A0A009PMZ9	[173, 0, 0, 0, 0, 0, 0, 0, 0]

 ### Operon type: 236

	 A0A009IFL2	[0, 288, 0, 27, -1, 0, 0, 0]

 ### Operon type: 237

	 A0A009ZDS1	[-1, -1, 0, 288, 0, 0, 413, 0, 0]

 ### Operon type: 238

	 A0A009NPS1	[0, 374, 373, 372, 371, -1, 0, 0, 0]
	 A0A010IZH1	[-1, 374, 373, 372, 371, 659, 0, 0, 0]
	 A0A009HJM0	[0, 374, 373, 372, 371, 659, 0, 0, 0]

 ### Operon type: 239

	 A0A009HUS9	[374, 373, 0, 0, 0, 0, -1, 0, 0]

 ### Operon type: 240

	 A0A009HM15	[0, 93, 92, 0, 0, 0, -1, 0, 0]

 ### Operon type: 241

	 A0A009RQL5	[0, 0, 0, 0, 0, 0, 93, 92, 0]

 ### Operon type: 242

	 A0A009IJ01	[0, 0, 0, 0, 0, 0, 93, 92, 82]

 ### Operon type: 243

	 A0A009NCH6	[0, 0, 0, 0, 0, 0, 0, 92, 82]

 ### Operon type: 244

	 A0A011UB51	[443, 0, 0, 0, 0, 0, 0, 0, 0]
	 A0A011UFH1	[0, 0, 0, 0, 0, 443, 0, 0, 0]

 ### Operon type: 245

	 A0A011VHP2	[0, -1, -1, -1, 35, 0, 0, 0, 0]
	 A0A011V965	[0, -1, -1, 0, 35, 0, -1, -1, 0]

 ### Operon type: 246

	 A0A010RVD0	[-1, 0, 0, -1, 0, 625, 625, 0, 10]

 ### Operon type: 247

	 A0A010T7Q5	[0, 10, 0, 0, 0, 0, -1, 0, 0]

 ### Operon type: 248

	 A0A010SNM6	[0, 0, -1, 0, 0, 0, 651, 0, 0]
	 A0A010SRR2	[0, 0, -1, 0, 0, 0, 0, 0, 651]

 ### Operon type: 249

	 A0A010SJH7	[0, 0, 651, -1, 0, 0, 209, 0, 0]

 ### Operon type: 250

	 A0A011V107	[0, -1, 0, 0, 0, 0, 0, 0, 0]
	 A0A011U7M7	[0, 0, -1, 0, 0, 0, 0, 0, 0]
	 A0A010RY47	[-1, 0, -1, 0, 0, 0, 0, 0, 0]
	 A0A009QDV7	[-1, 0, 0, 0, 0, 0, 0, 0, 0]
	 A0A009PH57	[0, 0, -1, 0, 0, 0, 0, 0, 0]
	 A0A010RKP8	[0, 0, 0, 0, 0, 0, -1, 0, 0]
	 A0A009RG92	[-1, 0, 0, 0, 0, 0, 0, 0, 0]
	 A0A009N9Z1	[-1, 0, 0, 0, 0, 0, 0, 0, 0]
	 A0A009IHQ3	[-1, 0, 0, 0, 0, 0, 0, 0, 0]
	 A0A010JDA6	[-1, 0, 0, 0, 0, 0, 0, 0, 0]
	 A0A009HJU6	[0, 0, 0, 0, 0, 0, 0, 0, -1]
	 A0A011UZ32	[0, 0, 0, 0, 0, -1, 0, 0, 0]
	 A0A011UZ49	[0, -1, 0, 0, 0, 0, 0, 0, 0]
	 A0A009H6M2	[-1, 0, 0, 0, 0, 0, 0, 0, 0]
	 A0A010TF14	[-1, 0, 0, 0, 0, 0, 0, 0, 0]
	 A0A009TG92	[0, 0, -1, 0, 0, 0, 0, 0, 0]

 ### Operon type: 251

	 A0A010SJF9	[0, 0, 0, 0, 0, -1, 0, 170, -1]

 ### Operon type: 252

	 A0A010T5D8	[0, 0, 0, -1, 0, -1, 317, 0, 0]

 ### Operon type: 253

	 A0A011ML54	[0, 0, 0, 529, 0, 0, 0, 0, -1]

 ### Operon type: 254

	 A0A011NHY1	[0, 0, 0, 0, 0, 651, 0, 0, 0]

 ### Operon type: 255

	 A0A010Z171	[0, 0, 0, 0, 0, 0, 651, 0, 509]

 ### Operon type: 256

	 A0A010ZX98	[0, 0, 0, 0, 0, 9, 651, 651, 0]

 ### Operon type: 257

	 A0A010YRE8	[0, 0, 0, 0, 0, 0, 0, 9, 0]

 ### Operon type: 258

	 A0A011AF05	[0, 0, 39, 9, 0, 0, 0, 0, 0]

 ### Operon type: 259

	 A0A011SQL0	[571, 0, -1, 0, 0, 0, 0, 0, 0]

 ### Operon type: 260

	 A0A009ZC82	[0, 0, 571, 0, 0, 0, 0, 0, 0]

 ### Operon type: 261

	 A0A011P3F6	[572, 0, 0, 571, 0, 0, 0, 0, 0]

 ### Operon type: 262

	 A0A011T697	[651, 0, 0, 0, 0, 0, 0, 0, 199]

 ### Operon type: 263

	 A0A011TDD1	[0, 223, 651, 0, 0, 0, 0, 0, 0]

 ### Operon type: 264

	 A0A011VW24	[0, 0, 698, 0, 0, 0, 0, 0, -1]

 ### Operon type: 265

	 A0A011T8V3	[0, 0, 698, 0, 0, 0, 0, 0, 0]

 ### Operon type: 266

	 A0A010TH98	[611, 0, 0, 698, 0, 0, 0, 0, 0]

 ### Operon type: 267

	 A0A011QVR3	[0, 0, 0, 0, 0, 0, 0, 699, 698]

 ### Operon type: 268

	 A0A011RM25	[0, 0, 0, 0, 0, 698, 0, 422, 0]

 ### Operon type: 269

	 A0A011VXC2	[-1, 448, 0, 0, 0, 0, 0, 0, 0]

 ### Operon type: 270

	 A0A011VYF1	[698, 0, 0, 0, 0, 0, 443, 0, 0]

 ### Operon type: 271

	 A0A010S415	[-1, 698, 0, 212, 0, 0, 0, 0, 402]

 ### Operon type: 272

	 A0A011PBM9	[0, 0, 0, 0, 0, 0, 0, 0, 0]
	 A0A011QMJ8	[0, 0, 0, 0, 0, 0, 0, 0, 0]
	 A0A011QSN2	[0, 0, 0, 0, 0, 0, 0, 0, 0]
	 A0A011P9Z5	[0, 0, 0, 0, 0, 0, 0, 0, 0]
	 A0A011Q056	[0, 0, 0, 0, 0, 0, 0, 0, 0]
	 A0A011P4U7	[0, 0, 0, 0, 0, 0, 0, 0, 0]
	 A0A011Q1B3	[0, 0, 0, 0, 0, 0, 0, 0, 0]
	 A0A011PKU5	[0, 0, 0, 0, 0, 0, 0, 0, 0]
	 A0A011PJK8	[0, 0, 0, 0, 0, 0, 0, 0, 0]
	 A0A011PNN2	[0, 0, 0, 0, 0, 0, 0, 0, 0]
	 A0A011WKI4	[0, 0, 0, 0, 0, 0, 0, 0, 0]
	 A0A011N2Z0	[0, 0, 0, 0, 0, 0, 0, 0, 0]
	 A0A011N3C3	[0, 0, 0, 0, 0, 0, 0, 0, 0]
	 A0A011N4G4	[0, 0, 0, 0, 0, 0, 0, 0, 0]
	 A0A011QVV5	[0, 0, 0, 0, 0, 0, 0, 0, 0]
	 A0A011VZG0	[0, 0, 0, 0, 0, 0, 0, 0, 0]
	 A0A011VW71	[0, 0, 0, 0, 0, 0, 0, 0, 0]
	 A0A011VSC9	[0, 0, 0, 0, 0, 0, 0, 0, 0]
	 A0A011VUV0	[0, 0, 0, 0, 0, 0, 0, 0, 0]
	 A0A011NAJ1	[0, 0, 0, 0, 0, 0, 0, 0, 0]
	 A0A011NAY5	[0, 0, 0, 0, 0, 0, 0, 0, 0]
	 A0A011NDM5	[0, 0, 0, 0, 0, 0, 0, 0, 0]
	 A0A011VYF6	[0, 0, 0, 0, 0, 0, 0, 0, 0]
	 A0A011NMI8	[0, 0, 0, 0, 0, 0, 0, 0, 0]
	 A0A011NTU3	[0, 0, 0, 0, 0, 0, 0, 0, 0]
	 A0A011SGD5	[0, 0, 0, 0, 0, 0, 0, 0, 0]
	 A0A010ZTI3	[0, 0, 0, 0, 0, 0, 0, 0, 0]
	 A0A013SBR8	[0, 0, 0, 0, 0, 0, 0, 0, 0]
	 A0A013TEV4	[0, 0, 0, 0, 0, 0, 0, 0, 0]
	 A0A013T8M5	[0, 0, 0, 0, 0, 0, 0, 0, 0]
	 A0A013TPV4	[0, 0, 0, 0, 0, 0, 0, 0, 0]
	 A0A011TWN2	[0, 0, 0, 0, 0, 0, 0, 0, 0]
	 A0A009M4K0	[0, 0, 0, 0, 0, 0, 0, 0, 0]
	 A0A009MGJ1	[0, 0, 0, 0, 0, 0, 0, 0, 0]
	 A0A009MGQ8	[0, 0, 0, 0, 0, 0, 0, 0, 0]
	 A0A011VWR4	[0, 0, 0, 0, 0, 0, 0, 0, 0]
	 A0A010ZJQ6	[0, 0, 0, 0, 0, 0, 0, 0, 0]
	 A0A013S2B9	[0, 0, 0, 0, 0, 0, 0, 0, 0]
	 A0A011WSE5	[0, 0, 0, 0, 0, 0, 0, 0, 0]
	 A0A010SHY1	[0, 0, 0, 0, 0, 0, 0, 0, 0]
	 A0A011UBN9	[0, 0, 0, 0, 0, 0, 0, 0, 0]
	 A0A011TLH0	[0, 0, 0, 0, 0, 0, 0, 0, 0]
	 A0A013SL47	[0, 0, 0, 0, 0, 0, 0, 0, 0]
	 A0A011WUT3	[0, 0, 0, 0, 0, 0, 0, 0, 0]
	 A0A009HBT3	[0, 0, 0, 0, 0, 0, 0, 0, 0]
	 A0A009PG53	[0, 0, 0, 0, 0, 0, 0, 0, 0]
	 A0A011TAF9	[0, 0, 0, 0, 0, 0, 0, 0, 0]
	 A0A011UFM5	[0, 0, 0, 0, 0, 0, 0, 0, 0]
	 A0A011UG71	[0, 0, 0, 0, 0, 0, 0, 0, 0]
	 A0A011UGX8	[0, 0, 0, 0, 0, 0, 0, 0, 0]
	 A0A009IRJ6	[0, 0, 0, 0, 0, 0, 0, 0, 0]
	 A0A011UHL2	[0, 0, 0, 0, 0, 0, 0, 0, 0]
	 A0A009PDV4	[0, 0, 0, 0, 0, 0, 0, 0, 0]
	 A0A009RBQ2	[0, 0, 0, 0, 0, 0, 0, 0, 0]
	 A0A009QVK8	[0, 0, 0, 0, 0, 0, 0, 0, 0]
	 A0A009T1I8	[0, 0, 0, 0, 0, 0, 0, 0, 0]
	 A0A009MH90	[0, 0, 0, 0, 0, 0, 0, 0, 0]
	 A0A009Q3K7	[0, 0, 0, 0, 0, 0, 0, 0, 0]
	 A0A009PT82	[0, 0, 0, 0, 0, 0, 0, 0, 0]
	 A0A009NQA1	[0, 0, 0, 0, 0, 0, 0, 0, 0]
	 A0A010IPH1	[0, 0, 0, 0, 0, 0, 0, 0, 0]
	 A0A009N031	[0, 0, 0, 0, 0, 0, 0, 0, 0]
	 A0A009N123	[0, 0, 0, 0, 0, 0, 0, 0, 0]
	 A0A010IZE4	[0, 0, 0, 0, 0, 0, 0, 0, 0]
	 A0A009QQ47	[0, 0, 0, 0, 0, 0, 0, 0, 0]
	 A0A009RR21	[0, 0, 0, 0, 0, 0, 0, 0, 0]
	 A0A009MMM3	[0, 0, 0, 0, 0, 0, 0, 0, 0]
	 A0A009I463	[0, 0, 0, 0, 0, 0, 0, 0, 0]
	 A0A009SHB3	[0, 0, 0, 0, 0, 0, 0, 0, 0]
	 A0A009SIF9	[0, 0, 0, 0, 0, 0, 0, 0, 0]
	 A0A009I0I9	[0, 0, 0, 0, 0, 0, 0, 0, 0]
	 A0A009HTN9	[0, 0, 0, 0, 0, 0, 0, 0, 0]
	 A0A009HIL8	[0, 0, 0, 0, 0, 0, 0, 0, 0]
	 A0A011UTJ0	[0, 0, 0, 0, 0, 0, 0, 0, 0]
	 A0A009SWU0	[0, 0, 0, 0, 0, 0, 0, 0, 0]
	 A0A009SCM5	[0, 0, 0, 0, 0, 0, 0, 0, 0]
	 A0A009RHH7	[0, 0, 0, 0, 0, 0, 0, 0, 0]
	 A0A009RMD0	[0, 0, 0, 0, 0, 0, 0, 0, 0]
	 A0A009HL81	[0, 0, 0, 0, 0, 0, 0, 0, 0]
	 A0A011VMV7	[0, 0, 0, 0, 0, 0, 0, 0, 0]
	 A0A011VNE2	[0, 0, 0, 0, 0, 0, 0, 0, 0]
	 A0A011V8Y9	[0, 0, 0, 0, 0, 0, 0, 0, 0]
	 A0A009ISY0	[0, 0, 0, 0, 0, 0, 0, 0, 0]
	 A0A011UWH1	[0, 0, 0, 0, 0, 0, 0, 0, 0]
	 A0A009PAG1	[0, 0, 0, 0, 0, 0, 0, 0, 0]
	 A0A010YJA7	[0, 0, 0, 0, 0, 0, 0, 0, 0]
	 A0A009R2X0	[0, 0, 0, 0, 0, 0, 0, 0, 0]
	 A0A009R4N4	[0, 0, 0, 0, 0, 0, 0, 0, 0]
	 A0A010SSQ8	[0, 0, 0, 0, 0, 0, 0, 0, 0]
	 A0A010SPJ7	[0, 0, 0, 0, 0, 0, 0, 0, 0]
	 A0A010T025	[0, 0, 0, 0, 0, 0, 0, 0, 0]
	 A0A011A146	[0, 0, 0, 0, 0, 0, 0, 0, 0]
	 A0A011AIL7	[0, 0, 0, 0, 0, 0, 0, 0, 0]
	 A0A010YZS8	[0, 0, 0, 0, 0, 0, 0, 0, 0]
	 A0A010Z120	[0, 0, 0, 0, 0, 0, 0, 0, 0]
	 A0A009T3J5	[0, 0, 0, 0, 0, 0, 0, 0, 0]

 ### Operon type: 273

	 A0A010TG27	[531, 0, 24, 0, 0, 0, 659, 0, 0]

 ### Operon type: 274

	 A0A011PMK1	[0, 0, 0, 0, 0, 0, 0, 531, 0]

 ### Operon type: 275

	 A0A009HRU1	[0, 126, 0, 0, 0, 0, 0, 0, 0]

 ### Operon type: 276

	 A0A009HSN8	[0, 178, 0, 0, 0, -1, 0, 137, -1]

 ### Operon type: 277

	 A0A009HV82	[196, 0, 0, 0, 0, 0, 0, 0, 0]

 ### Operon type: 278

	 A0A009IG74	[0, 0, 108, 0, 383, -1, 0, 0, 0]

 ### Operon type: 279

	 A0A009IJ90	[0, 88, 0, 0, 0, 0, 0, 0, 0]

 ### Operon type: 280

	 A0A009ISE1	[414, 0, 565, 0, 0, -1, 0, 0, 0]

 ### Operon type: 281

	 A0A009NM94	[0, 447, 447, 0, 0, 0, 223, 0, 0]

 ### Operon type: 282

	 A0A009Q4N5	[0, 0, 174, 0, 0, 0, 0, 0, 0]

 ### Operon type: 283

	 A0A009SSZ9	[0, 42, 0, 0, 0, 0, 0, 0, 0]

 ### Operon type: 284

	 A0A009TBM2	[0, 0, 0, 0, 0, 0, 0, 0, 379]

 ### Operon type: 285

	 A0A009Q8S9	[0, 0, 572, 379, 0, 172, 0, 0, 0]

 ### Operon type: 286

	 A0A009YIH1	[0, 0, 0, 0, 83, 0, -1, -1, 2]

 ### Operon type: 287

	 A0A009YR05	[0, 0, 0, 0, 33, 0, 0, 0, 0]

 ### Operon type: 288

	 A0A009Z004	[122, 0, 122, 0, 0, 509, 0, 0, 0]

 ### Operon type: 289

	 A0A010IGH8	[0, 0, 0, 0, 0, 0, 0, 216, 0]

 ### Operon type: 290

	 A0A010JIN9	[411, 0, 0, 69, 202, 0, 0, 0, 0]

 ### Operon type: 291

	 A0A010RS09	[0, 0, 0, 0, 20, 0, 528, 528, 0]

 ### Operon type: 292

	 A0A010RUQ5	[0, 0, 0, 0, 0, 0, 0, 0, 240]

 ### Operon type: 293

	 A0A010S195	[571, 0, 214, 213, 0, 0, 0, 0, 0]

 ### Operon type: 294

	 A0A010SCZ2	[0, 0, 0, 0, 0, 0, 0, 256, 0]

 ### Operon type: 295

	 A0A010SN41	[0, 0, 0, 0, 394, 0, 0, 0, 0]

 ### Operon type: 296

	 A0A010SSU2	[0, 0, 0, 0, 75, 0, -1, 618, 0]

 ### Operon type: 297

	 A0A010SUP6	[0, 0, 0, 0, 0, 0, 0, 213, 0]

 ### Operon type: 298

	 A0A010SUY9	[0, 0, 0, 0, 0, 139, 716, 0]

 ### Operon type: 299

	 A0A010THK2	[0, 0, -1, 0, 0, 528, 509, 0, 0]

 ### Operon type: 300

	 A0A010SRL4	[24, 0, 0, -1, 0, 0, 0, 509, 164]

 ### Operon type: 301

	 A0A010YF95	[578, 0, 0, 0, 0, 0, 0, 0, 0]

 ### Operon type: 302

	 A0A010YT39	[0, 525, 0, 0, 0, 0, 0, 0, 0]

 ### Operon type: 303

	 A0A010YX61	[356, 672, 0, 698, 0, 0, 0, 0, 0]

 ### Operon type: 304

	 A0A010ZWJ8	[0, 0, 0, 0, 0, 621, 0, 0, 0]

 ### Operon type: 305

	 A0A009ZVR4	[435, 0, 672, 0, 0, 68, 0, 0, 0]

 ### Operon type: 306

	 A0A011AHW1	[0, 0, 0, 0, 0, 0, 0, 4, 0]

 ### Operon type: 307

	 A0A011NE37	[463, 0, 0, 0, 0, 0, 0, 0, 0]

 ### Operon type: 308

	 A0A011NF78	[0, 0, 626, 0, 0, 0, 0, 0, 0]

 ### Operon type: 309

	 A0A011NVE2	[0, 0, 0, 693, 0, 0, 651, 0, 438]

 ### Operon type: 310

	 A0A011NXJ4	[0, 0, 0, 0, 0, 0, 0, 0, 521]

 ### Operon type: 311

	 A0A011P8I1	[0, 0, 670, 672, 0, 0, 0, 0, 621]

 ### Operon type: 312

	 A0A011P9Q7	[615, 0, 0, 0, 0, 0, 0, 0, 0]

 ### Operon type: 313

	 A0A011PCT1	[0, 0, 0, 0, 0, 0, 0, 717, 0]

 ### Operon type: 314

	 A0A011PJ75	[0, 693, 583, 693, 0, 0, 0, 0, 0]

 ### Operon type: 315

	 A0A011PRB4	[0, 0, 0, 0, 0, 0, 0, 592, 0]

 ### Operon type: 316

	 A0A011Q5V7	[577, 0, 0, 0, 0, 0, 0, 0, 0]

 ### Operon type: 317

	 A0A011QU35	[0, 0, 0, 0, 709, 0, 0, 0, 0]

 ### Operon type: 318

	 A0A011QVT2	[697, 0, 0, 0, 0, 0, 0, 696, 0]

 ### Operon type: 319

	 A0A011RP14	[0, 0, 0, 0, 0, 0, 0, 437, 0]

 ### Operon type: 320

	 A0A011SM49	[651, 0, 437, 0, 0, 0, 181, 0, 0]

 ### Operon type: 321

	 A0A011AM27	[593, 0, 0, 0, 415, 0, 0, 0, 308]

 ### Operon type: 322

	 A0A011T607	[0, 0, 668, 0, 0, 0, 0, 0, 223]

 ### Operon type: 323

	 A0A010S5W8	[0, 0, 510, 668, 0, 0, 0, 0, 0]

 ### Operon type: 324

	 A0A011MSR2	[0, 0, 0, 510, 0, 0, 0, 557, 0]

 ### Operon type: 325

	 A0A010YYJ5	[0, 0, 0, 557, 0, 0, 0, 68, 68]

 ### Operon type: 326

	 A0A011TED9	[0, 0, 0, 0, 0, 221, 0, 0, 0]

 ### Operon type: 327

	 A0A011TXS5	[0, 180, 0, 0, 0, 0, 0, 0, 0]

 ### Operon type: 328

	 A0A011U144	[0, 240, 0, 0, 0, 0, 521, 485, 0]

 ### Operon type: 329

	 A0A011U1C8	[570, 0, 0, 0, 0, 0, 0, 0, 239]

 ### Operon type: 330

	 A0A011U483	[0, 0, 0, 0, 0, 569, 0, 0, 0]

 ### Operon type: 331

	 A0A011UDF3	[0, 0, 0, 0, 0, 302, 0, 0, 0]

 ### Operon type: 332

	 A0A011UG86	[0, 573, 0, 0, 0, 170, 0, 0, 0]

 ### Operon type: 333

	 A0A011UGY3	[0, 0, 0, 26, 0, 0, 0, 26, 0]

 ### Operon type: 334

	 A0A011UJN3	[0, 168, 0, 0, 0, 0, 0, 0, 0]

 ### Operon type: 335

	 A0A009INE0	[169, 0, 0, 0, 0, 0, 0, 583, 168]

 ### Operon type: 336

	 A0A011UQB5	[430, 452, 0, 0, 0, 0, 0, 443, 0]

 ### Operon type: 337

	 A0A011UVI5	[0, 0, 0, 0, 0, 287, 693, 693, 0]

 ### Operon type: 338

	 A0A011UWI3	[0, 0, 0, 0, 112, 0, 47, 571, 0]

 ### Operon type: 339

	 A0A011V5E6	[0, 0, 0, 0, 0, 244, 0, 0, 0]

 ### Operon type: 340

	 A0A011M4H6	[307, 0, 306, 0, 0, 0, 0, 0, 0]

 ### Operon type: 341

	 A0A011VSV3	[0, 0, 0, 0, 0, 0, 675, 0, 0]

 ### Operon type: 342

	 A0A011VWI0	[0, 0, 0, 0, 0, 473, 0, 0, 0]

 ### Operon type: 343

	 A0A011VZ91	[295, 0, 0, 0, 0, 0, 0, 0, 0]

 ### Operon type: 344

	 A0A011W213	[0, 0, 0, 0, 0, 514, 0, 0, 0]

 ### Operon type: 345

	 A0A011WP76	[0, 0, 0, 0, 0, 0, 0, 0, 701]

 ### Operon type: 346

	 A0A011WSD4	[0, 0, 0, -1, 0, 557, 0, 0, 474]

 ### Operon type: 347

	 A0A011VZF5	[0, 0, 293, 292, 0, 557, 474, 557, 0]

 ### Operon type: 348

	 A0A011WSU6	[0, 557, 0, 0, 395, 0, 0, 0, 0]

 ### Operon type: 349

	 A0A013S843	[0, 370, 0, 0, 0, 0, -1, 277, 0]

 ### Operon type: 350

	 A0A013S981	[366, 0, 0, 0, 0, 0, 0, 0, 0]

 ### Operon type: 351

	 A0A013T337	[0, 0, 0, 0, 0, 0, 0, 0, 339]

 ### Operon type: 352

	 A0A013T5E6	[0, 0, 0, 326, 0, 0, 0, 0, 0]

 ### Operon type: 353

	 A0A013SGL3	[358, 357, 356, 355, 354, 631, 353, 570, 352]
	 A0A010KAV2	[358, 0, 0, 355, 354, 631, 353, 570, 352]
	 A0A009NE81	[358, 357, 356, 355, 354, 631, 353, 570, 352]
	 A0A009RQH3	[358, 0, 0, 355, 354, 631, 353, 570, 352]
	 A0A009I5Z6	[358, 0, 356, 355, 354, 631, 353, 570, 352]

 ### Operon type: 354

	 A0A013TB41	[358, -1, 0, 0, 354, 631, 353, 570, 352]

 ### Operon type: 355

	 A0A009H3X4	[358, 0, 0, 0, 354, 631, -1, 528, -1]

 ### Operon type: 356

	 A0A009YL68	[0, 0, 570, 358, 354, 0, 0, 224, 0]

 ### Operon type: 357

	 A0A009T9H0	[0, 2, 572, -1, 0, 0, 125, 0, 126]

 ### Operon type: 358

	 A0A010THH5	[0, 289, 288, 287, 0, 0, 429, 0, 413]

 ### Operon type: 359

	 A0A011VZE3	[0, 0, 0, 659, 294, 0, 0, 0, 0]
	 A0A011WSH8	[0, 0, 0, 659, 294, 0, 0, 0, 0]

 ### Operon type: 360

	 A0A011NAF3	[0, 0, 0, 0, 0, 0, 659, 0, 598]

 ### Operon type: 361

	 A0A009IQ93	[232, 0, 659, 0, 0, 164, 0, 0, 0]

 ### Operon type: 362

	 A0A009TLU4	[0, 180, -1, 29, 0, 14, 0, -1, -1]

 ### Operon type: 363

	 A0A010JNG7	[419, 0, 0, 418, 0, 0, 0, 0, 0]

 ### Operon type: 364

	 A0A010S003	[634, 0, 0, 0, 0, 573, 573, 215, 0]

 ### Operon type: 365

	 A0A010SMN8	[0, -1, 17, 0, 464, 0, 0, 638, 0]

 ### Operon type: 366

	 A0A010SXS1	[0, 135, 0, 0, 0, 159, 0, 0, 696]

 ### Operon type: 367

	 A0A010T689	[308, -1, 429, 457, 0, 0, 0, 0, 0]

 ### Operon type: 368

	 A0A010TBB4	[0, 490, 0, 170, 0, 0, 0, 0, 570]

 ### Operon type: 369

	 A0A010YFK3	[0, 423, 0, 0, 0, 0, 458, 0, 239]

 ### Operon type: 370

	 A0A010YVY1	[8, 0, 8, 0, 0, 0, 0, 215, 0]

 ### Operon type: 371

	 A0A010Z7T4	[0, 0, 0, 0, 0, 0, 0, 290, 594]

 ### Operon type: 372

	 A0A010RRR9	[0, 0, 0, 0, 664, 0, 0, 234, 290]

 ### Operon type: 373

	 A0A010SIA7	[0, 0, 234, 233, 0, 0, 0, 0, 0]

 ### Operon type: 374

	 A0A010ZSZ2	[0, 425, 0, 484, 424, 0, 0, 0, 0]

 ### Operon type: 375

	 A0A010Z0Y7	[0, 0, 0, 0, 424, 212, 0, 0, 0]

 ### Operon type: 376

	 A0A010ZUR7	[258, 5, 0, 5, 0, 4, 215, 0, 0]

 ### Operon type: 377

	 A0A011A0M8	[0, 0, 509, 0, 27, 0, 0, 3, 3]

 ### Operon type: 378

	 A0A011NFL4	[0, 527, 0, 0, 526, 531, 0, 525, 0]

 ### Operon type: 379

	 A0A011P407	[0, 0, 619, 604, 0, 0, 570, 0, 569]

 ### Operon type: 380

	 A0A011QGT2	[659, 0, 0, 658, 657, 0, 0, 0, 0]

 ### Operon type: 381

	 A0A011QSA4	[629, 0, 628, 627, 0, 0, 0, 0, 626]

 ### Operon type: 382

	 A0A011T6J6	[0, 577, 0, 672, 0, 0, 198, 0, 197]

 ### Operon type: 383

	 A0A011TAL2	[0, 668, 0, 0, 0, 179, 0, 523, 0]

 ### Operon type: 384

	 A0A011TYT7	[0, 0, 0, 0, 0, 0, 162, 161, 161]

 ### Operon type: 385

	 A0A011TZG0	[509, 575, 0, 0, 0, 0, 0, 334, 0]

 ### Operon type: 386

	 A0A011Q6N5	[0, 0, 0, 0, 0, 0, 576, 575, 576]

 ### Operon type: 387

	 A0A011UII7	[0, 0, 0, 0, 0, 438, 160, 0, 0]

 ### Operon type: 388

	 A0A011UNT9	[172, 183, 0, 0, 0, 0, 0, 0, 0]

 ### Operon type: 389

	 A0A011SIS0	[0, 546, 184, 184, 0, 0, 0, 183, 0]

 ### Operon type: 390

	 A0A011UT49	[0, 425, 0, 0, 0, 0, 135, 49, 0]

 ### Operon type: 391

	 A0A011VU65	[459, 0, 0, 0, 0, 458, 0, 0, 0]

 ### Operon type: 392

	 A0A011VV03	[0, 258, 0, 0, 257, 307, 0, 0, 0]

 ### Operon type: 393

	 A0A011VVZ9	[0, 0, -1, 0, 0, 256, 255, 255, 254]

 ### Operon type: 394

	 A0A011VWX7	[696, 450, 0, 0, 0, 0, 0, 449, 0]

 ### Operon type: 395

	 A0A011VXK7	[447, 447, 0, 446, 0, 0, 0, 579, 0]

 ### Operon type: 396

	 A0A011W0I6	[291, 0, 0, 0, 0, 506, 0, 529, 0]

 ### Operon type: 397

	 A0A010YEF6	[0, 291, 0, 0, 0, 0, 0, 0, 18]

 ### Operon type: 398

	 A0A013SQH1	[0, 0, 0, 0, 394, 563, 0, 419, 455]

 ### Operon type: 399

	 A0A009LNU8	[388, 390, 391, 392, 0, 29, 0, 419, 0]

 ### Operon type: 400

	 A0A013SRG6	[393, 392, 391, 390, 0, 389, 0, 388, 442]

 ### Operon type: 401

	 A0A009IQU8	[0, 390, 0, 0, 0, 389, 442, 0, 0]

 ### Operon type: 402

	 A0A010K2K8	[391, 392, 393, 0, 0, 0, 0, -1, 419]

 ### Operon type: 403

	 A0A011NPR8	[0, 442, 0, 0, 0, 0, 441, 0, 0]

 ### Operon type: 404

	 A0A010SEA2	[581, 441, 289, 0, 0, 0, 0, 0, 0]

 ### Operon type: 405

	 A0A009ZIC0	[497, 496, 495, 494, 493, 492, 491, 490, 489]

 ### Operon type: 406

	 A0A009ZB47	[226, 225, 0, 0, 0, 557, 411, 0, 0]

 ### Operon type: 407

	 A0A010RM40	[344, 659, 605, 0, 0, 0, 0, -1, 568]

 ### Operon type: 408

	 A0A010RRQ6	[0, 306, 0, 0, 0, 464, 495, 163, 0]

 ### Operon type: 409

	 A0A010S423	[198, 0, 0, 0, 0, 0, 0, 47, 434]

 ### Operon type: 410

	 A0A010T0I7	[0, 0, 18, 0, 0, 670, 628, 659, 0]

 ### Operon type: 411

	 A0A011AHU9	[0, 0, 0, 0, 0, 0, 0, 6, 530]

 ### Operon type: 412

	 A0A010YY02	[0, 7, 0, 0, 7, 608, 488, 0, 6]

 ### Operon type: 413

	 A0A011NA78	[0, 515, 0, 0, 0, 625, 0, 0, 568]

 ### Operon type: 414

	 A0A011P8W7	[620, 619, 696, 0, 618, 0, 0, 0, 0]

 ### Operon type: 415

	 A0A011PG97	[638, 0, 0, 637, 0, 0, 0, 0, 0]

 ### Operon type: 416

	 A0A011PKT4	[0, 563, 0, 0, 0, 0, 562, 0, 0]

 ### Operon type: 417

	 A0A011PLB2	[0, 620, 0, 564, 0, 0, 0, 0, 0]

 ### Operon type: 418

	 A0A011R339	[0, 0, 0, 0, 0, 0, 158, 157, 0]

 ### Operon type: 419

	 A0A011SFE5	[0, 0, 0, 447, 0, 0, 527, 604, 430]

 ### Operon type: 420

	 A0A011SJT5	[0, 0, 0, 254, 182, 182, 182, 182, 182]

 ### Operon type: 421

	 A0A011TDQ5	[0, 0, 0, 0, 222, 507, 0, 0, 0]

 ### Operon type: 422

	 A0A011UG17	[185, 0, 296, 0, 171, 459, 0, 0, 0]

 ### Operon type: 423

	 A0A011V8Z7	[0, 0, 0, 0, 0, 31, 30, 0, 0]

 ### Operon type: 424

	 A0A011VT01	[0, 0, 461, 0, 0, 461, 0, 0, 460]

 ### Operon type: 425

	 A0A011VYP6	[0, 0, 0, 0, 0, 0, 296, 665, 0]

 ### Operon type: 426

	 A0A011V392	[448, 0, 592, 293, 292, 200, 0, 395, 201]

 ### Operon type: 427

	 A0A009Q0U9	[505, 504, 503, 0, 91, 90, -1, -1, 0]

 ### Operon type: 428

	 A0A010SRB2	[14, 13, 0, 0, 0, 13, 12, 0, 0]

 ### Operon type: 429

	 A0A011VJ76	[34, 34, 49, 525, 0, 659, 509, 0, 619]

 ### Operon type: 430

	 A0A013SKX6	[0, 0, 436, 0, 383, 383, 247, 246, 245]

 ### Operon type: 431

	 A0A010KA25	[411, 0, 429, 276, 275, 0, 0, 411, 374]

 ### Operon type: 432

	 A0A011WUA8	[543, 0, 0, 220, 0, 0, 0, 219, 219]

 ### Operon type: 433

	 A0A010S4X6	[0, 212, 605, 573, 315, 0, 524, 532, 528]

 ### Operon type: 434

	 A0A011U8C0	[0, 238, 237, 0, 236, 235, 0, 0, 0]
