
 ### Operon type: 1

	 A0A010ILU3	[364, 363, 362, 546, 361, 360, 359, 358, 416]
	 A0A009QBR9	[364, 363, 362, 546, 361, 360, 358, 416, 266]
	 A0A009QS71	[364, 363, 362, 546, 361, 360, 359, 358, 416]
	 A0A009MW50	[364, 363, 362, 546, 361, 360, 359, 358, 416]
	 A0A009H3B0	[364, 363, 362, 546, 361, 360, 359, 358, 416]
	 A0A009I8S2	[364, 363, 362, 546, 361, 360, 358, 416, 266]
	 A0A009TM70	[364, 363, 362, 546, 361, 360, 358, 416, 266]

 ### Operon type: 2

	 A0A013TH43	[539, 538, 858, 537, 536, 535, 534, 533, 602]
	 A0A009RAF0	[539, 538, 858, 537, 536, 535, 534, 533, 602]

 ### Operon type: 3

	 A0A011PVT3	[767, 526, 525, 524, 663, 523, 522, 521, 520]
	 A0A011R7V7	[767, 526, 525, 524, 663, 523, 522, 521, 520]
	 A0A011MET3	[767, 526, 525, 524, 663, 523, 522, 521, 520]

 ### Operon type: 4

	 A0A013SNJ8	[480, 417, 416, 415, 414, 472, 424, 413, 412]
	 A0A013RZW2	[480, 417, 416, 415, 414, 472, 424, 413, 412]
	 A0A009IV03	[480, 417, 416, 415, 414, 472, 424, 413, 412]
	 A0A009PH20	[480, 417, 416, 415, 414, 472, 424, 413, 412]
	 A0A009MMM3	[480, 417, 416, 415, 414, 472, 424, 413, 412]
	 A0A009HBT3	[480, 417, 416, 415, 414, 472, 424, 413, 412]
	 A0A009SIZ4	[480, 417, 416, 415, 414, 472, 424, 413, 412]
	 A0A010J9U3	[480, 417, 416, 415, 414, 472, 424, 413, 412]
	 A0A009RD69	[480, 417, 416, 415, 414, 472, 424, 413, 412]
	 A0A009YIZ0	[480, 417, 416, 415, 414, 472, 424, 413, 412]

 ### Operon type: 5

	 A0A009PH57	[202, 201, -1, 200, 199, 704, 198, 614, 197]
	 A0A009TG92	[202, 201, -1, 200, 199, 704, 198, 614, 197]

 ### Operon type: 6

	 A0A013S288	[489, 400, 399, 398, 472, 397, 396, 395, 394]
	 A0A013SXT2	[489, 400, 399, 398, 472, 397, 396, 395, 394]
	 A0A009I0I9	[489, 400, 399, 398, 472, 397, 396, 395, 394]
	 A0A009N031	[489, 400, 399, 398, 472, 397, 396, 395, 394]
	 A0A010J3I1	[489, 400, 399, 398, 472, 397, 396, 395, 394]
	 A0A009PWG1	[489, 400, 399, 398, 472, 397, 396, 395, 394]
	 A0A009R2X0	[489, 400, 399, 398, 472, 397, 396, 395, 394]
	 A0A009SFX8	[489, 400, 399, 398, 46, 472, 397, 396, 395]
	 A0A009TBM2	[400, 399, 398, 46, 472, 397, 396, 395, 394]

 ### Operon type: 7

	 A0A013T8M5	[554, 683, 553, 552, 551, 550, 549, 548, 547]
	 A0A010IMP8	[554, 683, 553, 552, 551, 550, 549, 548, 547]
	 A0A013SZ54	[554, 683, 553, 552, 551, 550, 549, 548, 547]
	 A0A009IRJ6	[554, 683, 553, 552, 551, 550, 549, 548, 547]
	 A0A009N123	[554, 683, 553, 552, 551, 550, 549, 548, 547]
	 A0A009H7U0	[554, 683, 553, 552, 551, 550, 549, 548, 547]
	 A0A009SWU0	[554, 683, 553, 552, 551, 550, 549, 548, 547]
	 A0A009Q3K7	[554, 683, 553, 552, 551, 550, 549, 548, 547]
	 A0A009RBQ2	[554, 683, 553, 552, 551, 550, 549, 548, 547]
	 A0A009ZM43	[-1, 683, 553, 552, 551, 550, 549, 548, 547]

 ### Operon type: 8

	 A0A013RMD0	[-1, 409, 665, 408, 407, 669, 406, 405, 404]
	 A0A009RG92	[-1, 409, 665, 408, 407, 669, 406, 405, 404]
	 A0A009QDV7	[-1, 409, 665, 408, 407, 669, 406, 405, 404]
	 A0A009N9Z1	[-1, 409, 665, 408, 407, 669, 406, 405, 404]
	 A0A009H6M2	[-1, 409, 665, 408, 407, 669, 406, 405, 404]
	 A0A010JDA6	[-1, 409, 665, 408, 407, 669, 406, 405, 404]
	 A0A009S854	[-1, 409, 665, 408, 407, 669, 406, 405, 404]
	 A0A009IHQ3	[-1, 409, 665, 408, 407, 669, 406, 405, 404]
	 A0A009ZIC0	[107, 409, 665, 408, 407, 669, 406, 405, 404]

 ### Operon type: 9

	 A0A011UIA1	[308, 307, 306, 305, 304, 303, 302, 301, 0]
	 A0A011V5V3	[0, 308, 307, 306, 305, 304, 303, 302, 301]

 ### Operon type: 10

	 A0A011PTE7	[627, 626, 625, 624, 623, 0, 622, 621, 620]
	 A0A011NE72	[627, 626, 625, 624, 623, 622, 621, 620, 0]

 ### Operon type: 11

	 A0A010JWJ1	[286, 285, 732, 284, 283, 282, 281, 280, 279]
	 A0A009I4A1	[286, 285, 732, 284, 283, 282, 281, 280, 279]

 ### Operon type: 12

	 A0A009QF22	[119, 118, 286, 0, 283, 282, 281, 280, 279]
	 A0A009TBY8	[119, 118, 286, 284, 283, 282, 281, 280, 279]

 ### Operon type: 13

	 A0A011NEY3	[491, 652, 651, 650, 650, 649, 648, 647, 0]

 ### Operon type: 14

	 A0A011PAN4	[652, 651, 0, 650, 650, 649, 648, 647, 646]

 ### Operon type: 15

	 A0A011RCD5	[491, 652, 651, 650, 650, 649, 648, 647, 646]

 ### Operon type: 16

	 A0A011NAY5	[731, 730, 729, 728, 727, 726, 725, 724, 0]
	 A0A011P4U7	[0, 731, 730, 729, 728, 727, 726, 725, 724]

 ### Operon type: 17

	 A0A011NBX7	[746, 745, 744, 743, 742, 720, 0, 0, 0]
	 A0A011NW66	[746, 745, 744, 743, 742, 720, 0, 0, 0]
	 A0A011PF67	[746, 745, 744, 743, 742, 0, 0, 0, 0]

 ### Operon type: 18

	 A0A011NS68	[746, 745, 744, 743, 742, 741, 740, 754, 739]
	 A0A011RHX4	[746, 745, 744, 743, 742, 741, 740, 754, 0]

 ### Operon type: 19

	 A0A010YT39	[0, 752, 33, 664, 32, 31, 30, 29, 471]

 ### Operon type: 20

	 A0A010Z7T4	[33, 664, 32, 31, 30, 29, 471, 661, 633]

 ### Operon type: 21

	 A0A013SP43	[426, 425, 424, 423, 422, 421, 420, 419, 418]
	 A0A010K6G6	[426, 425, 424, 423, 422, 421, 420, 0, 418]
	 A0A009RUN3	[426, 425, 424, 423, 422, 421, 420, 419, 418]

 ### Operon type: 22

	 A0A011VWR4	[0, 0, 0, 0, 329, 328, 327, 326, 325]

 ### Operon type: 23

	 A0A011VYP6	[329, 328, 327, 326, 325, 0, 324, 524, 0]

 ### Operon type: 24

	 A0A011QAS2	[0, 781, 780, 779, 778, 777, 776, 775, 774]
	 A0A011NEQ1	[0, 781, 780, 779, 778, 777, 776, 775, 774]

 ### Operon type: 25

	 A0A010JSI3	[677, 676, 675, 674, 673, 672, 671, 670, 0]
	 A0A013T0M4	[677, 676, 675, 674, 673, 672, 671, 670, 0]
	 A0A009RGL2	[677, 676, 675, 674, 673, 672, 671, 670, 287]
	 A0A009HDS5	[677, 676, 675, 674, 673, 672, 671, 670, 287]

 ### Operon type: 26

	 A0A009SNL0	[82, 81, 473, 80, 79, 78, 77, 76, 75]

 ### Operon type: 27

	 A0A009T1I8	[473, 80, 79, 78, 77, 76, 75, 0, 0]

 ### Operon type: 28

	 A0A011VW71	[0, 186, 185, 184, 183, 182, 181, 848, 180]
	 A0A011VUV0	[186, 185, 184, 183, 182, 181, 848, 180, 0]

 ### Operon type: 29

	 A0A011UG71	[175, 253, 174, 179, 178, 254, 177, 252, 176]

 ### Operon type: 30

	 A0A011V8Z7	[0, 0, 175, 253, 174, 179, 178, 254, 177]

 ### Operon type: 31

	 A0A011V8Y9	[179, 178, 254, 177, 252, 176, 0, 0, 0]

 ### Operon type: 32

	 A0A011U8C0	[0, 254, 253, 0, 611, 252, 0, 0, 0]

 ### Operon type: 33

	 A0A011QSF0	[0, 824, 823, 822, 821, 820, 819, 818, 0]
	 A0A011QBB5	[709, 824, 823, 822, 821, 820, 819, 818, 708]
	 A0A011Q0X6	[709, 824, 823, 822, 821, 820, 819, 818, 708]
	 A0A011Q1X8	[824, 0, 823, 822, 821, 820, 819, 818, 708]

 ### Operon type: 34

	 A0A011PG87	[709, 824, 823, 822, 821, 820, 819, 0, 0]

 ### Operon type: 35

	 A0A011PCT1	[814, 813, 869, 0, 0, 0, 0, 865, 0]

 ### Operon type: 36

	 A0A011QU35	[0, 0, 0, 0, 871, 0, 814, 813, 869]

 ### Operon type: 37

	 A0A011Q2B1	[815, 695, 871, 870, 869, 868, 867, 866, 865]

 ### Operon type: 38

	 A0A011RLN8	[872, 873, 871, 870, 869, 868, 867, 866, 865]

 ### Operon type: 39

	 A0A011P700	[0, 0, 817, 816, 815, 695, 871, 870, 869]

 ### Operon type: 40

	 A0A011QSI4	[0, 0, 817, 816, 815, 0, 872, 873, 871]

 ### Operon type: 41

	 A0A013T337	[734, 667, 569, 568, 567, 796, 566, 799, 565]
	 A0A013TH30	[734, 667, 569, 568, 567, 796, 566, 799, 565]
	 A0A013S981	[381, 734, 667, 569, 568, 567, 796, 566, 799]

 ### Operon type: 42

	 A0A010JY00	[381, 734, 667, 569, 278, 796, 566, 799, 565]

 ### Operon type: 43

	 A0A013TPV4	[439, 438, 437, 436, 435, 434, 842, 732, 433]
	 A0A009QQ47	[439, 438, 437, 436, 435, 434, 842, 732, 433]
	 A0A009MGJ1	[439, 438, 437, 436, 435, 434, 842, 732, 433]
	 A0A010IZE4	[439, 438, 437, 436, 435, 434, 842, 732, 433]
	 A0A009HL81	[439, 438, 437, 436, 435, 434, 842, 732, 433]
	 A0A009HR98	[439, 438, 437, 436, 435, 434, 842, 732, 433]
	 A0A009SZB5	[439, 438, 437, 436, 435, 434, 842, 732, 433]

 ### Operon type: 44

	 A0A009Z8F7	[438, 437, 434, 0, 435, 5, 5, 0, 47]

 ### Operon type: 45

	 A0A009HFU9	[111, 110, 109, 108, 107, 532, 106, 105, 0]
	 A0A009R016	[111, 110, 109, 108, 107, -1, 532, 106, 105]

 ### Operon type: 46

	 A0A011UJN3	[0, 600, 0, 0, 599, 598, 597, 596, 595]

 ### Operon type: 47

	 A0A011W213	[599, 598, 597, 596, 595, 660, 0, 0, 0]

 ### Operon type: 48

	 A0A011QUG8	[812, 811, 810, 809, 808, 807, 0, 806, 805]
	 A0A011QIT1	[812, 811, 810, 809, 808, 807, 806, 805, 795]

 ### Operon type: 49

	 A0A011NVE7	[658, 657, 656, 758, 759, 760, 761, 762, 763]
	 A0A011PP01	[658, 657, 656, 758, 759, 760, 761, 762, 763]

 ### Operon type: 50

	 A0A011N9N8	[783, 735, 764, 763, 762, 761, 760, 759, 758]
	 A0A011P2I4	[783, 735, 764, 763, 762, 761, 760, 759, 758]

 ### Operon type: 51

	 A0A011PIY7	[765, 0, 764, 763, 762, 761, 760, 0, 758]

 ### Operon type: 52

	 A0A011Q3J4	[0, 765, 764, 763, 762, 761, 760, 759, 0]

 ### Operon type: 53

	 A0A011MH88	[766, 765, 764, 763, 762, 761, 760, 759, 758]

 ### Operon type: 54

	 A0A013SPM5	[563, 562, 561, 560, 559, 558, 557, 556, 555]
	 A0A010IX62	[563, 562, 561, 560, 559, 558, 557, 556, 555]
	 A0A009QFZ7	[563, 562, 561, 560, 559, 558, 557, 556, 555]
	 A0A009MH71	[563, 562, 561, 560, 559, 558, 557, 556, 555]
	 A0A009HSL1	[563, 562, 561, 560, 559, 558, 557, 556, 555]
	 A0A009I6Z0	[563, 562, 561, 560, 559, 558, 557, 556, 555]
	 A0A009TK03	[563, 562, 561, 560, 559, 558, 557, 556, 555]

 ### Operon type: 55

	 A0A009ZIX8	[0, 6, 561, 560, 559, 25, 0, 555, 0]

 ### Operon type: 56

	 A0A013TPR7	[446, 445, 444, 443, 442, 441, 440, 685, 736]
	 A0A010JJN4	[446, 445, 444, 443, 442, 441, 440, 685, 736]
	 A0A009PMT3	[446, 445, 444, 443, 442, 441, 440, 685, 736]
	 A0A009NI48	[446, 445, 444, 443, 442, 441, 440, 685, -1]
	 A0A009SEP4	[446, 445, 444, 443, 442, 0, 441, 440, 0]
	 A0A009RMI1	[446, 445, 444, 443, 442, 441, 440, 685, 0]
	 A0A009HJJ5	[446, 445, 444, 443, 442, 441, 440, 685, 71]
	 A0A009I8I7	[446, 445, 444, 443, 442, 441, 440, 685, 71]
	 A0A009YG45	[0, 446, 445, 444, 442, 0, 441, 440, 685]

 ### Operon type: 57

	 A0A013TPQ9	[452, 451, 450, 449, 448, 732, 749, 447, 737]
	 A0A013S8F0	[452, 451, 450, 449, 448, 732, 749, 447, 737]
	 A0A009PMU2	[452, 451, 450, -1, 448, 732, 749, 447, 737]
	 A0A010IZH1	[-1, 451, 450, 449, 448, 732, 749, 447, 737]
	 A0A009SZ84	[452, 451, 450, 449, 448, 732, 749, 447, 737]
	 A0A009HJM0	[452, 451, 450, 449, 448, 732, 749, 447, 737]

 ### Operon type: 58

	 A0A009HUS9	[451, 450, 0, 449, 448, 237, -1, 238, 239]

 ### Operon type: 59

	 A0A009ISE1	[441, 440, 685, 239, 238, -1, 237, 448, 449]

 ### Operon type: 60

	 A0A009NPS1	[452, 451, 450, 449, 448, -1, 685, 440, 441]

 ### Operon type: 61

	 A0A013SB36	[380, 379, 378, 377, 376, 592, 591, 375, 374]
	 A0A009QSI3	[380, 379, 378, 377, 376, 592, 591, 375, -1]

 ### Operon type: 62

	 A0A010ITP2	[380, 379, 378, 377, 376, 592, 591, 0, 0]

 ### Operon type: 63

	 A0A009SII9	[-1, 379, 378, 377, 376, 592, 591, 70, 69]

 ### Operon type: 64

	 A0A009T0Q9	[376, 592, 591, 70, 69, 374, 766, 732, 68]

 ### Operon type: 65

	 A0A009YJF4	[0, 592, 591, 95, 94, 766, 732, 0, 68]

 ### Operon type: 66

	 A0A009GP96	[0, 104, 732, 661, 277, 103, 532, 102, 101]

 ### Operon type: 67

	 A0A009GSR4	[661, 277, 103, 532, 102, 101, 101, 100, 0]

 ### Operon type: 68

	 A0A009IIT6	[104, 732, 661, 277, 102, 101, 101, 100, 0]

 ### Operon type: 69

	 A0A011SQL0	[691, 613, -1, 612, 611, 610, 609, 608, 607]
	 A0A011UZ49	[613, -1, 612, 611, 610, 609, 608, 607, 0]

 ### Operon type: 70

	 A0A009PT82	[735, 711, 155, 154, 242, 241, 240, 153, 152]
	 A0A009SIF9	[735, 711, 155, 154, 242, 241, 240, 153, 152]

 ### Operon type: 71

	 A0A009IS10	[243, 0, 0, 0, 242, 241, 240, 0, 0]

 ### Operon type: 72

	 A0A009QHW5	[0, 0, 0, 364, 242, 241, 240, 0, 117]

 ### Operon type: 73

	 A0A011UVB4	[0, 0, 0, 125, 0, 0, 243, 0, 180]

 ### Operon type: 74

	 A0A011V107	[314, -1, 484, 482, 485, 481, 313, 312, 0]
	 A0A011U7M7	[0, 314, -1, 484, 482, 485, 481, 313, 312]

 ### Operon type: 75

	 A0A011TLH0	[486, 485, 484, 483, 482, 481, 0, 0, 0]

 ### Operon type: 76

	 A0A011UG87	[507, 508, 509, 486, 485, 484, 483, 482, 481]

 ### Operon type: 77

	 A0A011TLH7	[509, 508, 507, 0, 0, 0, 0, 0, 0]

 ### Operon type: 78

	 A0A011TWN2	[506, 505, 504, 503, 502, 501, 500, 0, 0]
	 A0A011TAF9	[0, 0, 506, 505, 504, 503, 502, 501, 500]

 ### Operon type: 79

	 A0A011Q5V7	[790, 0, 0, 0, 864, 863, 862, 861, 860]

 ### Operon type: 80

	 A0A011RM25	[864, 863, 862, 861, 860, 859, 0, 858, 0]

 ### Operon type: 81

	 A0A011QDV3	[716, 715, 714, 749, 713, 712, 711, 0, 710]
	 A0A011QIE8	[716, 715, 714, 749, 713, 712, 710, 0, 0]

 ### Operon type: 82

	 A0A011QAB0	[787, 786, 785, 0, 784, 783, 847, 782, 0]
	 A0A011PL71	[510, 787, 786, 785, 784, 783, 847, 782, 0]

 ### Operon type: 83

	 A0A011Q6N5	[833, 832, 831, 0, 0, 0, 789, 788, 789]

 ### Operon type: 84

	 A0A011SGD5	[0, 0, 0, 0, 0, 0, 833, 832, 831]

 ### Operon type: 85

	 A0A011NYU6	[706, 705, 0, 704, 703, 27, 26, 0, 702]

 ### Operon type: 86

	 A0A011PYI6	[706, 705, 0, 704, 703, 702, 701, 835, 0]

 ### Operon type: 87

	 A0A011P1C0	[0, 0, 27, 26, 702, 0, 0, 0, 0]

 ### Operon type: 88

	 A0A011N4G4	[0, 0, 584, 583, 582, 581, 582, 580, 579]
	 A0A011PKU5	[584, 583, 582, 581, 582, 580, 579, 0, 0]

 ### Operon type: 89

	 A0A010ZWJ8	[21, 20, 19, 633, 18, 682, 494, 682, 17]

 ### Operon type: 90

	 A0A011AHW1	[18, 633, 19, 20, 21, 0, 0, 22, 0]

 ### Operon type: 91

	 A0A011AHU9	[494, 682, 17, 0, 0, 0, 0, 9, 766]

 ### Operon type: 92

	 A0A010ZX98	[16, 15, 14, 13, 12, 11, 749, 749, 0]

 ### Operon type: 93

	 A0A011AIL7	[12, 13, 14, 15, 16, 0, 0, 0, 0]

 ### Operon type: 94

	 A0A010YF95	[791, 38, 806, 37, 36, 36, 35, 601, 34]

 ### Operon type: 95

	 A0A010ZJQ6	[38, 806, 37, 36, 36, 35, 601, 34, 0]

 ### Operon type: 96

	 A0A009GXL8	[98, 97, 96, 95, 94, 284, 130, 116, 115]

 ### Operon type: 97

	 A0A010JIW7	[98, 97, 96, 95, 94, 0, 0, 130, 116]

 ### Operon type: 98

	 A0A011QNA5	[0, 519, 518, 517, 0, 578, 577, 576, 575]
	 A0A009ZLJ7	[575, 576, 577, 578, 0, 0, 519, 518, 517]

 ### Operon type: 99

	 A0A013T0T6	[578, 577, 576, 575, 574, 573, 572, 571, 570]
	 A0A009QMH5	[578, 577, 576, 575, 574, 573, 572, 571, 570]
	 A0A009ISY0	[578, 577, 576, 575, 574, 236, 572, 571, 570]
	 A0A009PE10	[578, 577, 576, 575, 574, 236, 572, 571, -1]
	 A0A009HAX1	[578, 577, 576, 575, 574, 573, 572, 571, 570]
	 A0A009RMD0	[578, 577, 576, 575, 574, 236, 572, 571, 570]

 ### Operon type: 100

	 A0A010ILW6	[578, 577, 576, 575, 574, 573, 0, 0, 571]

 ### Operon type: 101

	 A0A009Z9X7	[577, 576, 575, 0, 574, 0, 803, 0, 571]

 ### Operon type: 102

	 A0A013S8V2	[384, 383, 0, 0, 0, 382, 0, 0, 0]
	 A0A009R8E1	[0, 59, 0, 384, 383, 0, 0, 382, 0]

 ### Operon type: 103

	 A0A009ICH6	[480, 145, 144, 143, 278, 64, 63, 62, 799]
	 A0A009ZFR5	[480, 145, 144, 143, 278, 64, 63, 62, 799]

 ### Operon type: 104

	 A0A009NQA1	[480, 145, 144, 143, 142, 141, 569, 799, 796]
	 A0A009RR21	[480, 145, 144, 143, 142, 141, 569, 799, 796]

 ### Operon type: 105

	 A0A009HTN9	[480, 145, 144, 143, 142, 141, 91, 768, 90]
	 A0A009T3J5	[480, 145, 144, 143, 142, 141, 91, 768, 90]

 ### Operon type: 106

	 A0A009Q0U9	[480, 145, 144, 143, 142, 141, -1, -1, 0]

 ### Operon type: 107

	 A0A009QEG7	[265, 264, 263, 262, 261, 260, 259, 258, 257]
	 A0A009IPC3	[265, 264, 263, 262, 261, 260, 259, 258, 257]

 ### Operon type: 108

	 A0A009I573	[124, 0, 223, 224, 0, 225, 261, 262, 263]

 ### Operon type: 109

	 A0A009ILP9	[258, 0, 263, 262, 261, 225, 257, 224, 223]

 ### Operon type: 110

	 A0A009I953	[258, 0, 263, 262, 261, 225, 257, 0, -1]

 ### Operon type: 111

	 A0A009SX74	[641, 739, 0, 224, 257, 258, 264, 265, 83]

 ### Operon type: 112

	 A0A010IPH1	[355, 428, 723, 354, 353, 352, 351, 350, 605]
	 A0A009MMG9	[355, 428, 723, 354, 353, 352, 351, 350, 605]
	 A0A009ICP5	[355, 428, 723, 354, 353, 352, 351, 350, 605]
	 A0A009QVK8	[355, 428, 723, 354, 353, 352, 351, 350, 605]

 ### Operon type: 113

	 A0A009SIV4	[129, 128, 127, 126, 353, 352, 351, 350, 605]
	 A0A009HTW0	[129, 128, 127, 126, 353, 352, 351, 350, 605]
	 A0A009QLL2	[129, 128, 127, 126, 353, 352, 351, 350, 605]
	 A0A013TSJ4	[128, 127, 0, 126, 353, 352, 351, 350, 605]

 ### Operon type: 114

	 A0A013TCN9	[546, 545, 544, 543, 542, 541, 540, 732, 749]
	 A0A009QNC9	[546, 545, 544, 543, 542, 541, 540, 732, 749]
	 A0A010ITG1	[546, 545, 544, 543, 542, 541, 540, 732, 749]
	 A0A009NIJ3	[546, 545, 544, 543, 542, 541, 540, 732, 749]
	 A0A013TRC1	[546, 545, 544, 543, 542, 541, 540, 732, 749]

 ### Operon type: 115

	 A0A009H935	[0, 0, 544, 543, 542, 541, 540, 732, 749]

 ### Operon type: 116

	 A0A009IMX3	[393, 392, 391, 390, 389, 220, 220, 835, 219]
	 A0A009QEX0	[393, 392, 391, 390, 389, 220, 220, 835, 219]
	 A0A009SF48	[393, 392, 391, 390, 389, -1, 220, 835, 219]

 ### Operon type: 117

	 A0A013S7V1	[393, 392, 391, 390, 389, 388, 480, 387, 386]
	 A0A010ISX2	[393, 392, 391, 390, 389, 388, 480, 387, 386]
	 A0A009RES7	[393, 392, 391, 390, 389, 388, 480, 387, 386]
	 A0A009MR00	[393, 392, 391, 390, 389, 388, 480, 387, 386]

 ### Operon type: 118

	 A0A009YTT3	[3, 107, 391, 390, 389, 388, 480, 387, 386]

 ### Operon type: 119

	 A0A009GYP9	[0, 0, 0, 390, 389, 388, 480, 387, 386]

 ### Operon type: 120

	 A0A009ZZC8	[-1, 81, 82, 3, 107, 391, 390, 389, 388]

 ### Operon type: 121

	 A0A011WSE5	[344, 343, 342, 341, 340, 339, 338, 337, 468]
	 A0A011UGX8	[188, 344, 343, 342, 341, 340, 339, 338, 337]

 ### Operon type: 122

	 A0A011VZG0	[467, 0, 188, 344, 343, 342, 341, 340, 339]

 ### Operon type: 123

	 A0A009PJF7	[196, 195, 195, 194, 193, 192, 191, 190, 189]
	 A0A009SJZ7	[125, 196, 195, 194, 193, 192, 191, 190, 189]

 ### Operon type: 124

	 A0A009Z5G0	[192, 194, 195, 0, 616, 196, 125, 411]

 ### Operon type: 125

	 A0A010JJC1	[829, 371, 370, 369, 368, 367, 366, 372, 365]
	 A0A010IZ41	[371, 370, 369, 368, 367, 366, 372, 365, 424]

 ### Operon type: 126

	 A0A009QJL6	[829, 371, 370, 369, 0, 365, 424, 114, 0]

 ### Operon type: 127

	 A0A013TB41	[432, -1, 431, 430, 429, 735, 428, 689, 427]
	 A0A013SGL3	[432, 373, 431, 430, 429, 735, 428, 689, 427]
	 A0A010KAV2	[432, 373, 431, 430, 429, 735, 428, 689, 427]
	 A0A009PG53	[432, 373, 431, 430, 429, 735, 428, 689, 427]
	 A0A009NE81	[432, 373, 431, 430, 429, 735, 428, 689, 427]
	 A0A009RQH3	[432, 373, 431, 430, 429, 735, 428, 689, 427]
	 A0A009I5Z6	[432, 373, 431, 430, 429, 735, 428, 689, 427]
	 A0A009SHB3	[432, 373, 431, 430, 429, 735, 428, 689, 427]

 ### Operon type: 128

	 A0A009H3X4	[432, 373, 431, 430, 429, 735, -1, 756, -1]

 ### Operon type: 129

	 A0A009PIB4	[0, 0, 0, 151, 150, 149, 532, 732, 783]
	 A0A009SLR5	[0, 0, 0, 151, 150, 149, 532, 732, 783]

 ### Operon type: 130

	 A0A009HSU4	[0, 0, 603, 732, 0, 735, 689, 783, 532]

 ### Operon type: 131

	 A0A009I463	[843, 66, 65, 472, 472, 471, 470, 469, 140]
	 A0A009PAG1	[843, 66, 65, 472, 472, 471, 470, 469, 140]

 ### Operon type: 132

	 A0A013SKX6	[0, 0, 843, 0, 472, 472, 471, 470, 469]

 ### Operon type: 133

	 A0A011Q5S3	[795, 794, 0, 0, 0, 0, 793, 792, 791]

 ### Operon type: 134

	 A0A011UZZ4	[0, 793, 792, 0, 0, 0, 316, 316, 791]

 ### Operon type: 135

	 A0A011UTJ0	[0, 0, 0, 164, 163, 162, 726, 161, 160]

 ### Operon type: 136

	 A0A011VMV7	[164, 163, 162, 726, 161, 160, 300, 299, 298]

 ### Operon type: 137

	 A0A011NYT4	[733, 687, 686, 685, 0, 593, 593, 592, 591]

 ### Operon type: 138

	 A0A011P8E9	[0, 0, 733, 687, 0, 686, 685, 0, 0]

 ### Operon type: 139

	 A0A010TF34	[0, -1, 0, 0, 53, 52, 51, 50, 49]
	 A0A010SYH9	[53, 52, 51, 50, 49, 0, 0, 0, 0]

 ### Operon type: 140

	 A0A010S7A1	[136, 135, 134, 133, 0, 132, 0, 0, 0]
	 A0A010TFJ4	[0, -1, 0, 136, 135, 134, 133, -1, 132]

 ### Operon type: 141

	 A0A009PAV9	[217, -1, 723, 216, 472, 532, 215, 214, 213]
	 A0A009HJC2	[217, 749, 723, 216, 472, 532, 215, 214, 213]

 ### Operon type: 142

	 A0A009SE02	[0, 213, 0, 0, 0, 214, 215, 532, 472]

 ### Operon type: 143

	 A0A009RSB7	[689, 480, 678, 479, 203, 732, 732, 477, 476]
	 A0A009HS41	[689, 480, 678, 479, 203, 732, 732, 477, 476]
	 A0A009SYU8	[689, 480, 678, 479, 203, 732, 732, 477, 476]

 ### Operon type: 144

	 A0A013SHA9	[689, 480, 678, 479, 478, 732, 732, 477, 476]
	 A0A010IT25	[689, 480, 678, 479, 478, 732, 732, 477, 476]
	 A0A009I466	[689, 480, 678, 479, 478, 732, 732, 477, 476]

 ### Operon type: 145

	 A0A009NMQ9	[689, 480, 678, 479, 478, 0, 732, 732, 477]

 ### Operon type: 146

	 A0A009P8A9	[0, 0, 678, 479, 203, 732, 732, 477, 476]

 ### Operon type: 147

	 A0A009ITT8	[235, 234, 233, 293, 292, 232, 291, 290, 289]
	 A0A009NJ90	[235, 234, 233, 293, 292, 226, 232, 291, 290]

 ### Operon type: 148

	 A0A009NCH6	[230, 291, 290, 289, 229, 228, 227, 113, 112]
	 A0A009IJ01	[291, 290, 289, 288, 229, 228, 227, 113, 112]

 ### Operon type: 149

	 A0A009RQL5	[291, 290, 289, 93, 229, 228, 227, 113, 0]

 ### Operon type: 150

	 A0A009MGQ8	[292, 0, 230, 291, 290, 289, 229, 228, 227]

 ### Operon type: 151

	 A0A009IJ07	[296, 295, 294, 293, 292, 291, 290, 289, 288]
	 A0A009RHH7	[296, 295, 294, 293, 292, 226, 291, 290, 289]
	 A0A009S6G1	[296, 295, 294, 293, 292, 291, 290, 289, 229]

 ### Operon type: 152

	 A0A009HZK2	[294, 293, 292, 291, 290, 289, 288, 229, 228]

 ### Operon type: 153

	 A0A009R4N4	[293, 292, 226, 291, 290, 289, 93, 229, 228]

 ### Operon type: 154

	 A0A009S5A5	[292, 226, 232, 291, 290, 289, 288, 92, 229]

 ### Operon type: 155

	 A0A009RHH9	[0, 0, 0, 0, 297, 296, 295, 294, 293]

 ### Operon type: 156

	 A0A011PGU1	[0, 0, 640, 639, 638, 637, 636, 635, 634]
	 A0A011MDH1	[696, 0, 640, 639, 638, 637, 636, 635, 634]

 ### Operon type: 157

	 A0A011V0P4	[456, 315, 0, 0, 348, 0, 0, 318, 317]

 ### Operon type: 158

	 A0A011WPV7	[318, 317, 0, 0, 0, 0, 0, 0, 0]

 ### Operon type: 159

	 A0A011UDF3	[639, 250, 0, 0, 0, 499, 249, 248, 828]

 ### Operon type: 160

	 A0A011VSC9	[249, 248, 828, 0, 0, 0, 0, 0, 0]

 ### Operon type: 161

	 A0A011SF89	[840, 839, 838, 0, 0, 0, 0, 0, 0]

 ### Operon type: 162

	 A0A011UCX7	[0, 787, 840, 839, 0, 838, 251, 0, 0]

 ### Operon type: 163

	 A0A011RNP9	[0, 0, 0, 0, 0, 848, 847, 0, 0]

 ### Operon type: 164

	 A0A011V0B5	[843, 0, 0, 0, 0, 0, 848, 0, 0]

 ### Operon type: 165

	 A0A011RQC9	[0, 843, 842, 0, 0, 0, 0, 841, 0]

 ### Operon type: 166

	 A0A011QG28	[516, 515, 639, 0, 638, 637, 683, 514, 684]
	 A0A011RIM8	[516, 515, 0, 0, 638, 637, 683, 514, 684]

 ### Operon type: 167

	 A0A011PHI6	[694, 0, 693, 0, 0, 692, 809, 699, 0]

 ### Operon type: 168

	 A0A011QI68	[0, 0, 693, 692, 0, 0, 0, 0, 0]

 ### Operon type: 169

	 A0A011NVJ6	[655, 772, 771, 770, 769, 768, 0, 0, 654]

 ### Operon type: 170

	 A0A011PVP2	[0, 772, 771, 770, 769, 768, 0, 0, 767]

 ### Operon type: 171

	 A0A011NXY7	[0, 0, 771, 0, 769, 0, 0, 0, 0]

 ### Operon type: 172

	 A0A011QR69	[801, 800, 799, 798, 797, 796, 0, 0, 0]
	 A0A011NUB4	[801, 800, 799, 798, 797, 796, 0, 660, 0]

 ### Operon type: 173

	 A0A011NN36	[800, 799, 0, 0, 797, 796, 0, 0, 0]

 ### Operon type: 174

	 A0A011PK69	[799, 513, 0, 0, 797, 796, 0, 0, 0]

 ### Operon type: 175

	 A0A011RMI6	[857, 856, 855, 854, 853, 852, 851, 850, 849]
	 A0A011NYD6	[857, 856, 855, 854, 853, 852, 851, 850, 849]

 ### Operon type: 176

	 A0A011QB28	[773, 857, 856, 0, 0, 852, 851, 850, 849]

 ### Operon type: 177

	 A0A011NF33	[0, 852, 851, 0, 0, 0, 0, 0, 0]

 ### Operon type: 178

	 A0A011NBY4	[719, 0, 0, 718, 0, 0, 717, 0, 0]

 ### Operon type: 179

	 A0A011WRT0	[719, 0, 0, 0, 0, 0, 0, 835, 0]

 ### Operon type: 180

	 A0A011SHV5	[0, 0, 0, 0, 0, 830, 835, 829, 0]

 ### Operon type: 181

	 A0A011NB95	[0, 804, 0, 0, 0, 0, 723, 722, 721]

 ### Operon type: 182

	 A0A011UHT4	[114, 187, 722, 0, 0, 55, 55, 721, 0]

 ### Operon type: 183

	 A0A010Z1W7	[0, 0, 0, 0, 0, 85, 0, 454, 455]

 ### Operon type: 184

	 A0A011VY84	[0, 0, 455, 454, 0, 0, 0, 0, 0]

 ### Operon type: 185

	 A0A010YW85	[0, 0, 0, 0, 0, 457, 0, 454, 455]

 ### Operon type: 186

	 A0A010ZMA0	[454, 738, 0, 0, 0, 0, 0, 0, 0]

 ### Operon type: 187

	 A0A011N5L2	[0, 0, 0, 738, 0, 737, 736, 0, 0]

 ### Operon type: 188

	 A0A009MJ75	[0, 0, 140, 139, 138, 0, 0, 0, 661]

 ### Operon type: 189

	 A0A010IH51	[0, 605, 0, 0, 138, 0, 661, 0, 0]

 ### Operon type: 190

	 A0A011TYT7	[0, 0, 0, 0, 0, 0, 605, 604, 604]

 ### Operon type: 191

	 A0A010RRR9	[0, 0, 0, 0, 663, 0, 0, 662, 661]

 ### Operon type: 192

	 A0A010SIA7	[0, 0, 662, 133, 0, 0, 0, 0, 0]

 ### Operon type: 193

	 A0A010RFQ9	[0, 0, 669, 0, 668, 0, 0, 0, 0]

 ### Operon type: 194

	 A0A010SPR9	[44, 44, 0, 0, 0, 668, 0, 0, 0]

 ### Operon type: 195

	 A0A009LNU8	[330, 332, 609, 333, 0, 231, 0, 532, 0]

 ### Operon type: 196

	 A0A013SRG6	[334, 333, 609, 332, 0, 331, 0, 330, 748]

 ### Operon type: 197

	 A0A009IQU8	[0, 332, 0, 0, 0, 331, 748, 0, 0]

 ### Operon type: 198

	 A0A010K2K8	[609, 333, 334, 0, 0, 0, 0, -1, 532]

 ### Operon type: 199

	 A0A011NPR8	[0, 748, 0, 0, 0, 0, 747, 0, 0]

 ### Operon type: 200

	 A0A010SEA2	[794, 747, 131, 0, 0, 0, 0, 0, 0]

 ### Operon type: 201

	 A0A010IGH8	[0, 0, 0, 0, 0, 0, 0, 401, 477]

 ### Operon type: 202

	 A0A010STD3	[0, 0, 0, 498, 497, 496, 0, 477, 401]

 ### Operon type: 203

	 A0A010SQJ5	[385, 354, 0, 498, 497, 496, 0, 0, 0]

 ### Operon type: 204

	 A0A013RVV2	[546, 0, 403, 402, 0, 0, 477, 401, 0]

 ### Operon type: 205

	 A0A011TD67	[499, 0, 0, 498, 497, 496, 495, 0, 494]

 ### Operon type: 206

	 A0A009ZC12	[0, 0, 0, 498, 0, 496, 495, 4, 826]

 ### Operon type: 207

	 A0A009YSC7	[0, 0, 717, 1, 0, 1, 403, 402, 0]

 ### Operon type: 208

	 A0A009ZJK4	[0, 0, 0, 0, 0, 0, 480, 41, 0]

 ### Operon type: 209

	 A0A010SVN1	[-1, 41, 732, 267, 487, 0, 0, 480, 0]

 ### Operon type: 210

	 A0A009PFK7	[209, 208, 207, 206, 205, 0, 0, 204, 0]
	 A0A009QGN4	[209, 208, 207, 206, 205, 204, 0, 0, 0]

 ### Operon type: 211

	 A0A009YR20	[0, 204, 0, 0, 0, 0, 208, 0, 0]

 ### Operon type: 212

	 A0A009SCM5	[74, 73, 72, 0, 0, 0, 0, 0, 0]

 ### Operon type: 213

	 A0A009TJ77	[83, 120, 0, 0, 0, 0, 74, 73, 72]

 ### Operon type: 214

	 A0A009HZV2	[0, 0, 0, 0, 247, 246, 226, 0, 0]

 ### Operon type: 215

	 A0A009QPE7	[0, 0, 0, 0, 247, 246, 0, 0, 0]

 ### Operon type: 216

	 A0A009MGR3	[0, 0, 275, 0, 564, 92, 108, 274, 273]

 ### Operon type: 217

	 A0A009Q4G0	[0, 276, 275, 0, 564, 0, 274, 273, 274]

 ### Operon type: 218

	 A0A009PB53	[0, 0, 212, 211, 564, 274, 273, 274, 210]

 ### Operon type: 219

	 A0A009PUJ8	[0, 212, 211, 564, 0, 210, 130, 116, 115]

 ### Operon type: 220

	 A0A009QQC0	[245, 0, 244, 732, 474, 474, 268, 447, 267]
	 A0A009H7I0	[245, 0, 0, 732, 474, 474, 268, 447, 267]

 ### Operon type: 221

	 A0A009MVG4	[244, 0, 475, 732, 474, 474, 268, 447, 267]

 ### Operon type: 222

	 A0A009QA91	[270, 269, 689, 732, 474, 474, 268, 447, 267]
	 A0A010J377	[270, 269, 689, 732, 474, 474, 268, 447, 267]

 ### Operon type: 223

	 A0A009S1X4	[270, 269, 689, 732, 474, 474, 732, 0, 198]

 ### Operon type: 224

	 A0A013SHF4	[0, 0, 475, 732, 474, 474, 0, 473, 0]

 ### Operon type: 225

	 A0A011N3C3	[0, 0, 0, 603, 589, 588, 587, 586, 585]
	 A0A011PJK8	[603, 589, 588, 587, 586, 585, 0, 0, 0]

 ### Operon type: 226

	 A0A011WKI4	[0, 0, 0, 0, 0, 753, 321, 320, 323]
	 A0A011UWH1	[753, 321, 320, 323, 0, 0, 0, 0, 0]

 ### Operon type: 227

	 A0A010YKP2	[0, 0, 0, 0, 0, 0, 654, 311, 0]

 ### Operon type: 228

	 A0A011V1A2	[315, 0, 0, 311, 0, 0, 0, 0, 0]

 ### Operon type: 229

	 A0A011NGS0	[0, 0, 0, 0, 751, 750, 0, 0, 0]

 ### Operon type: 230

	 A0A011PW61	[0, 0, 0, 0, 751, 750, 0, 0, 707]

 ### Operon type: 231

	 A0A011UXI1	[0, 511, 0, 0, 751, 750, 493, 0, 0]

 ### Operon type: 232

	 A0A011SWI9	[-1, -1, 0, 694, 751, 750, 493, -1, -1]

 ### Operon type: 233

	 A0A011P952	[750, 0, 679, 0, 0, 679, 0, 0, 0]

 ### Operon type: 234

	 A0A011Q1B3	[700, 699, 698, 697, 698, 767, 696, 0, 0]
	 A0A011QVV5	[0, 0, 700, 699, 698, 697, 698, 767, 696]

 ### Operon type: 235

	 A0A011NSG8	[0, 0, 0, 699, 698, 697, 0, 698, 0]

 ### Operon type: 236

	 A0A011P0X4	[0, 0, 696, 0, 698, 0, 0, 697, 59]

 ### Operon type: 237

	 A0A010YNY9	[0, 0, 86, 28, 0, 0, 0, 0, 57]

 ### Operon type: 238

	 A0A011AC71	[198, 0, 0, 490, 0, 86, 28, 0, 689]

 ### Operon type: 239

	 A0A011PRW6	[629, 0, 0, 0, 628, 856, 855, 0, 0]
	 A0A011QLX0	[0, 629, 0, 0, 628, 0, 856, 855, 0]

 ### Operon type: 240

	 A0A010SML6	[0, 856, 855, -1, 0, 739, 0, 0, 0]

 ### Operon type: 241

	 A0A010RS09	[0, 0, 0, 0, 50, 0, 756, 756, 0]

 ### Operon type: 242

	 A0A010RTE7	[0, 0, 0, 0, 0, 0, 50, 120, 0]

 ### Operon type: 243

	 A0A009P817	[272, 0, 0, 0, 148, 0, 459, 147, 146]

 ### Operon type: 244

	 A0A009TIY0	[0, 0, 0, 0, 148, 0, 459, 147, 0]

 ### Operon type: 245

	 A0A009QKA3	[459, 147, 0, 146, 0, 0, 0, 0, 209]

 ### Operon type: 246

	 A0A009HSR2	[0, 123, 122, 0, 121, 168, 169, 226, 170]

 ### Operon type: 247

	 A0A009SWM1	[0, 123, 122, 0, 121, 0, 0, 169, 0]

 ### Operon type: 248

	 A0A009MYX0	[171, 170, 0, 603, 0, 0, 169, 168, 167]

 ### Operon type: 249

	 A0A009QK79	[0, 0, 167, 168, 0, 169, 0, 0, 170]

 ### Operon type: 250

	 A0A009GXJ1	[310, 309, 168, 169, 99, 226, 170, 171, 0]

 ### Operon type: 251

	 A0A013TKW8	[0, 644, 0, 532, 531, 530, 529, 528, 527]
	 A0A010IT95	[0, 0, 0, 532, 531, 530, 529, 528, 527]
	 A0A009QT77	[0, 0, -1, 532, 531, 530, 529, 528, 527]
	 A0A009PRQ9	[0, 532, 156, 0, 531, 530, 529, 528, 527]
	 A0A009MH36	[0, 0, 0, 532, 531, 530, 529, 528, 527]
	 A0A009GWD0	[226, 0, 0, 532, 531, 530, 529, 528, 527]
	 A0A009S0T6	[0, 0, 532, 156, 531, 530, 529, 528, 527]
	 A0A009I5G9	[0, 0, 532, 156, 531, 530, 529, 528, 527]

 ### Operon type: 252

	 A0A013TMJ7	[749, -1, 0, 532, 531, 528, 527, 0, 0]

 ### Operon type: 253

	 A0A011V392	[460, 0, 631, 461, 462, 463, 0, 464, 465]
	 A0A011VXC2	[-1, 460, 0, 631, 461, 462, 463, 464, 465]

 ### Operon type: 254

	 A0A011V490	[467, 466, 0, 465, 464, 463, 462, 461, 631]

 ### Operon type: 255

	 A0A011VZF5	[0, 0, 461, 462, 463, 787, 466, 787, 0]

 ### Operon type: 256

	 A0A011WLE7	[0, 0, 0, 0, 0, 319, 0, 0, 0]
	 A0A011VU44	[0, 0, 0, 0, 0, 319, 0, 0, 0]

 ### Operon type: 257

	 A0A011VAP2	[0, 0, 172, 0, 0, 0, 0, 0, 347]

 ### Operon type: 258

	 A0A011VRJ8	[0, 0, 0, 0, 0, 0, 172, 0, 0]

 ### Operon type: 259

	 A0A011RNU1	[0, 0, 0, 0, 0, 0, 846, 846, 845]

 ### Operon type: 260

	 A0A011VKJ9	[0, 0, 0, 0, 0, 0, 845, 846, -1]

 ### Operon type: 261

	 A0A011PQZ7	[0, 0, 0, 633, 703, 0, 632, 0, 0]

 ### Operon type: 262

	 A0A011TUX4	[0, 0, 0, 0, 703, 0, 0, 632, 0]

 ### Operon type: 263

	 A0A011STZ9	[0, 0, 0, 632, 0, 0, 0, 0, 0]

 ### Operon type: 264

	 A0A011PRF5	[630, 0, 0, 0, 0, 0, 0, 0, 0]
	 A0A011PUJ9	[0, 0, 0, 0, 0, 0, 0, 0, 630]

 ### Operon type: 265

	 A0A011PFY8	[0, 0, 0, 0, 0, 0, 0, 0, 643]

 ### Operon type: 266

	 A0A011PNS3	[802, 643, 0, 0, 0, 0, 0, 0, 0]

 ### Operon type: 267

	 A0A011T648	[0, 643, 0, 0, 0, 0, 0, 799, 0]

 ### Operon type: 268

	 A0A010YYJ5	[0, 0, 0, 787, 0, 0, 0, 48, 48]

 ### Operon type: 269

	 A0A011NDM5	[787, 0, 0, 0, 0, 0, 0, 0, 0]

 ### Operon type: 270

	 A0A011MSR2	[0, 0, 0, 590, 0, 0, 0, 787, 787]

 ### Operon type: 271

	 A0A011WSU6	[0, 787, 0, 0, 464, 0, 0, 0, 0]

 ### Operon type: 272

	 A0A011U3C2	[0, 0, 683, 0, 0, 0, 0, 0, 0]
	 A0A011AEN3	[0, 0, 0, 0, 0, 0, 683, 0, 0]

 ### Operon type: 273

	 A0A011AAZ2	[0, 58, 0, 0, 0, 683, 683, 683, 0]

 ### Operon type: 274

	 A0A011T698	[0, 0, 0, 0, 0, 689, 683, 0, 0]

 ### Operon type: 275

	 A0A010YRE8	[0, 0, 0, 0, 0, 0, 0, 11, 0]

 ### Operon type: 276

	 A0A011AF05	[0, 0, 198, 11, 0, 0, 0, 0, 0]

 ### Operon type: 277

	 A0A009ZG48	[0, 0, 0, 644, 0, 0, 0, 0, 0]

 ### Operon type: 278

	 A0A011PEJ8	[0, 0, 645, 644, 0, 0, 0, 0, 0]

 ### Operon type: 279

	 A0A011QNJ7	[755, 0, 0, 644, 0, 0, 0, 755, 0]

 ### Operon type: 280

	 A0A011MMJ4	[0, 0, 0, 0, 0, 0, 0, 755, 0]

 ### Operon type: 281

	 A0A011R8M3	[0, 0, 645, 644, 0, 492, 0, 755, 0]

 ### Operon type: 282

	 A0A009ZC82	[0, 0, 691, 0, 0, 0, 0, 0, 0]

 ### Operon type: 283

	 A0A011P3F6	[739, 0, 0, 691, 0, 0, 0, 0, 0]

 ### Operon type: 284

	 A0A009IG48	[0, 0, 0, 222, 221, 0, 0, 0, 739]

 ### Operon type: 285

	 A0A009IMQ0	[0, 0, 0, 222, 221, 0, 0, 0, 0]

 ### Operon type: 286

	 A0A009SWV1	[0, 0, 0, 0, 0, 0, 0, 222, 0]

 ### Operon type: 287

	 A0A009Q512	[0, 0, 0, 0, 271, 0, 0, 0, 0]
	 A0A009PMZ9	[271, 0, 0, 0, 0, 0, 0, 0, 0]

 ### Operon type: 288

	 A0A009IFL2	[0, 61, 0, 60, -1, 0, 0, 0]

 ### Operon type: 289

	 A0A009ZDS1	[-1, -1, 0, 61, 0, 0, 371, 0, 0]

 ### Operon type: 290

	 A0A010SNM6	[88, 87, -1, 0, 0, 0, 749, 0, 0]

 ### Operon type: 291

	 A0A010T5D8	[87, 88, 0, -1, 0, -1, 424, 0, 0]

 ### Operon type: 292

	 A0A011UB51	[453, 0, 0, 0, 0, 0, 0, 0, 0]
	 A0A011UFH1	[0, 0, 0, 0, 0, 453, 0, 0, 0]

 ### Operon type: 293

	 A0A011V965	[0, -1, -1, 0, 173, 0, -1, -1, 0]
	 A0A011VHP2	[0, -1, -1, -1, 173, 0, 0, 0, 0]

 ### Operon type: 294

	 A0A010RVD0	[-1, 0, 0, -1, 0, 818, 818, 0, 45]

 ### Operon type: 295

	 A0A010T7Q5	[0, 45, 0, 0, 0, 0, -1, 0, 0]

 ### Operon type: 296

	 A0A010SJH7	[0, 0, 749, -1, 0, 0, 268, 0, 0]

 ### Operon type: 297

	 A0A010SRR2	[0, 0, -1, 0, 0, 0, 0, 0, 749]

 ### Operon type: 298

	 A0A010RKP8	[0, 0, 0, 0, 0, 0, -1, 0, 0]
	 A0A010TF14	[-1, 0, 0, 0, 0, 0, 0, 0, 0]
	 A0A010RY47	[-1, 0, -1, 0, 0, 0, 0, 0, 0]
	 A0A009HJU6	[0, 0, 0, 0, 0, 0, 0, 0, -1]
	 A0A011UZ32	[0, 0, 0, 0, 0, -1, 0, 0, 0]

 ### Operon type: 299

	 A0A010SJF9	[0, 0, 0, 0, 0, -1, 0, 89, -1]

 ### Operon type: 300

	 A0A011ML54	[0, 0, 0, 757, 0, 0, 0, 0, -1]

 ### Operon type: 301

	 A0A011NHY1	[0, 0, 0, 0, 0, 749, 0, 0, 0]

 ### Operon type: 302

	 A0A010Z171	[0, 0, 0, 0, 0, 0, 749, 0, 603]

 ### Operon type: 303

	 A0A011T697	[749, 0, 0, 0, 0, 0, 0, 0, 459]

 ### Operon type: 304

	 A0A011TDD1	[0, 488, 749, 0, 0, 0, 0, 0, 0]

 ### Operon type: 305

	 A0A011VW24	[0, 0, 859, 0, 0, 0, 0, 0, -1]

 ### Operon type: 306

	 A0A011T8V3	[0, 0, 859, 0, 0, 0, 0, 0, 0]

 ### Operon type: 307

	 A0A010TH98	[707, 0, 0, 859, 0, 0, 0, 0, 0]

 ### Operon type: 308

	 A0A011QVR3	[0, 0, 0, 0, 0, 0, 0, 804, 859]

 ### Operon type: 309

	 A0A011VYF1	[859, 0, 0, 0, 0, 0, 453, 0, 0]

 ### Operon type: 310

	 A0A010S415	[-1, 859, 0, 267, 0, 0, 0, 0, 360]

 ### Operon type: 311

	 A0A011QSN2	[0, 0, 0, 0, 0, 0, 0, 0, 0]
	 A0A011NMI8	[0, 0, 0, 0, 0, 0, 0, 0, 0]
	 A0A011NAJ1	[0, 0, 0, 0, 0, 0, 0, 0, 0]
	 A0A011Q056	[0, 0, 0, 0, 0, 0, 0, 0, 0]
	 A0A011P9Z5	[0, 0, 0, 0, 0, 0, 0, 0, 0]
	 A0A011NTU3	[0, 0, 0, 0, 0, 0, 0, 0, 0]
	 A0A011PBM9	[0, 0, 0, 0, 0, 0, 0, 0, 0]
	 A0A011N2Z0	[0, 0, 0, 0, 0, 0, 0, 0, 0]
	 A0A013TEV4	[0, 0, 0, 0, 0, 0, 0, 0, 0]
	 A0A011QMJ8	[0, 0, 0, 0, 0, 0, 0, 0, 0]
	 A0A011PNN2	[0, 0, 0, 0, 0, 0, 0, 0, 0]
	 A0A011VYF6	[0, 0, 0, 0, 0, 0, 0, 0, 0]
	 A0A013SL47	[0, 0, 0, 0, 0, 0, 0, 0, 0]
	 A0A011WUT3	[0, 0, 0, 0, 0, 0, 0, 0, 0]
	 A0A013S2B9	[0, 0, 0, 0, 0, 0, 0, 0, 0]
	 A0A013SBR8	[0, 0, 0, 0, 0, 0, 0, 0, 0]
	 A0A011UHL2	[0, 0, 0, 0, 0, 0, 0, 0, 0]
	 A0A011UBN9	[0, 0, 0, 0, 0, 0, 0, 0, 0]
	 A0A009M4K0	[0, 0, 0, 0, 0, 0, 0, 0, 0]
	 A0A009PDV4	[0, 0, 0, 0, 0, 0, 0, 0, 0]
	 A0A011VNE2	[0, 0, 0, 0, 0, 0, 0, 0, 0]
	 A0A010SHY1	[0, 0, 0, 0, 0, 0, 0, 0, 0]
	 A0A009MH90	[0, 0, 0, 0, 0, 0, 0, 0, 0]
	 A0A009HIL8	[0, 0, 0, 0, 0, 0, 0, 0, 0]
	 A0A011UFM5	[0, 0, 0, 0, 0, 0, 0, 0, 0]
	 A0A010SPJ7	[0, 0, 0, 0, 0, 0, 0, 0, 0]
	 A0A010SSQ8	[0, 0, 0, 0, 0, 0, 0, 0, 0]
	 A0A010T025	[0, 0, 0, 0, 0, 0, 0, 0, 0]
	 A0A010YJA7	[0, 0, 0, 0, 0, 0, 0, 0, 0]
	 A0A010ZTI3	[0, 0, 0, 0, 0, 0, 0, 0, 0]
	 A0A011A146	[0, 0, 0, 0, 0, 0, 0, 0, 0]
	 A0A010YZS8	[0, 0, 0, 0, 0, 0, 0, 0, 0]
	 A0A010Z120	[0, 0, 0, 0, 0, 0, 0, 0, 0]

 ### Operon type: 312

	 A0A010TG27	[753, 0, 54, 0, 0, 0, 732, 0, 0]

 ### Operon type: 313

	 A0A011PMK1	[0, 0, 0, 0, 0, 0, 0, 753, 0]

 ### Operon type: 314

	 A0A009HM15	[0, 227, 113, 0, 0, 0, -1, 0, 0]

 ### Operon type: 315

	 A0A009HRU1	[0, 168, 0, 0, 0, 0, 0, 0, 0]

 ### Operon type: 316

	 A0A009HSN8	[0, 276, 0, 0, 0, -1, 0, 210, -1]

 ### Operon type: 317

	 A0A009HV82	[130, 0, 0, 0, 0, 0, 0, 0, 0]

 ### Operon type: 318

	 A0A009IG74	[0, 0, 139, 0, 472, -1, 0, 0, 0]

 ### Operon type: 319

	 A0A009IJ90	[0, 83, 0, 0, 0, 0, 0, 0, 0]

 ### Operon type: 320

	 A0A009NM94	[0, 837, 837, 0, 0, 0, 488, 0, 0]

 ### Operon type: 321

	 A0A009Q4N5	[0, 0, 272, 0, 0, 0, 0, 0, 0]

 ### Operon type: 322

	 A0A009SSZ9	[0, 124, 0, 0, 0, 0, 0, 0, 0]

 ### Operon type: 323

	 A0A009YIH1	[0, 0, 0, 0, 229, 0, -1, -1, 2]

 ### Operon type: 324

	 A0A009YR05	[0, 0, 0, 0, 163, 0, 0, 0, 0]

 ### Operon type: 325

	 A0A009Z004	[67, 0, 67, 0, 0, 603, 0, 0, 0]

 ### Operon type: 326

	 A0A010RUQ5	[0, 0, 0, 0, 0, 0, 0, 0, 256]

 ### Operon type: 327

	 A0A010S195	[691, 0, 85, 84, 0, 0, 0, 0, 0]

 ### Operon type: 328

	 A0A010SCZ2	[0, 0, 0, 0, 0, 0, 0, 346, 0]

 ### Operon type: 329

	 A0A010SN41	[0, 0, 0, 0, 335, 0, 0, 0, 0]

 ### Operon type: 330

	 A0A010SSU2	[0, 0, 0, 0, 99, 0, -1, 680, 0]

 ### Operon type: 331

	 A0A010SUP6	[0, 0, 0, 0, 0, 0, 0, 84, 0]

 ### Operon type: 332

	 A0A010SUY9	[0, 0, 0, 0, 0, 492, 645, 0]

 ### Operon type: 333

	 A0A010THK2	[0, 0, -1, 0, 0, 756, 603, 0, 0]

 ### Operon type: 334

	 A0A010SRL4	[54, 0, 0, -1, 0, 0, 0, 603, 218]

 ### Operon type: 335

	 A0A010YX61	[431, 683, 0, 859, 0, 0, 0, 0, 0]

 ### Operon type: 336

	 A0A010S5W8	[0, 0, 590, 767, 0, 0, 0, 0, 0]

 ### Operon type: 337

	 A0A011NE37	[553, 0, 0, 0, 0, 0, 0, 0, 0]

 ### Operon type: 338

	 A0A011NF78	[0, 0, 825, 0, 0, 0, 0, 0, 0]

 ### Operon type: 339

	 A0A011NVE2	[0, 0, 0, 799, 0, 0, 749, 0, 659]

 ### Operon type: 340

	 A0A011NXJ4	[0, 0, 0, 0, 0, 0, 0, 0, 653]

 ### Operon type: 341

	 A0A011P8I1	[0, 0, 684, 683, 0, 0, 0, 0, 682]

 ### Operon type: 342

	 A0A011P9Q7	[678, 0, 0, 0, 0, 0, 0, 0, 0]

 ### Operon type: 343

	 A0A011PJ75	[0, 799, 619, 799, 0, 0, 0, 0, 0]

 ### Operon type: 344

	 A0A011PRB4	[0, 0, 0, 0, 0, 0, 0, 631, 0]

 ### Operon type: 345

	 A0A011QVT2	[803, 0, 0, 0, 0, 0, 0, 802, 0]

 ### Operon type: 346

	 A0A011RP14	[0, 0, 0, 0, 0, 0, 0, 844, 0]

 ### Operon type: 347

	 A0A011SM49	[749, 0, 844, 0, 0, 0, 614, 0, 0]

 ### Operon type: 348

	 A0A011AM27	[632, 0, 0, 0, 442, 0, 0, 0, 39]

 ### Operon type: 349

	 A0A011T607	[0, 0, 767, 0, 0, 0, 0, 0, 488]

 ### Operon type: 350

	 A0A011TAW2	[0, 0, 0, 0, 0, 0, 489, 0, 0]

 ### Operon type: 351

	 A0A011TED9	[0, 0, 0, 0, 0, 505, 0, 0, 0]

 ### Operon type: 352

	 A0A011TXS5	[0, 606, 0, 0, 0, 0, 0, 0, 0]

 ### Operon type: 353

	 A0A011U144	[0, 256, 0, 0, 0, 0, 653, 559, 0]

 ### Operon type: 354

	 A0A011U1C8	[689, 0, 0, 0, 0, 0, 0, 0, 255]

 ### Operon type: 355

	 A0A011U483	[0, 0, 0, 0, 0, 688, 0, 0, 0]

 ### Operon type: 356

	 A0A011UG86	[0, 699, 0, 0, 0, 89, 0, 0, 0]

 ### Operon type: 357

	 A0A011UQB5	[834, 718, 0, 0, 0, 0, 0, 453, 0]

 ### Operon type: 358

	 A0A011UVI5	[0, 0, 0, 0, 0, 57, 799, 799, 0]

 ### Operon type: 359

	 A0A011UWI3	[0, 0, 0, 0, 150, 0, 137, 691, 0]

 ### Operon type: 360

	 A0A011V5E6	[0, 0, 0, 0, 0, 468, 0, 0, 0]

 ### Operon type: 361

	 A0A011M4H6	[347, 0, 666, 0, 0, 0, 0, 0, 0]

 ### Operon type: 362

	 A0A011VSV3	[0, 0, 0, 0, 0, 0, 639, 0, 0]

 ### Operon type: 363

	 A0A011VWI0	[0, 0, 0, 0, 0, 187, 0, 0, 0]

 ### Operon type: 364

	 A0A011VZ91	[323, 0, 0, 0, 0, 0, 0, 0, 0]

 ### Operon type: 365

	 A0A011WP76	[0, 0, 0, 0, 0, 0, 0, 0, 806]

 ### Operon type: 366

	 A0A011WSD4	[0, 0, 0, -1, 0, 787, 0, 0, 466]

 ### Operon type: 367

	 A0A011WT35	[466, 0, 0, 0, 0, 0, 0, 0, 0]

 ### Operon type: 368

	 A0A013S843	[0, 447, 0, 0, 0, 0, -1, 385, 0]

 ### Operon type: 369

	 A0A013T5E6	[0, 0, 0, 564, 0, 0, 0, 0, 0]

 ### Operon type: 370

	 A0A009T185	[800, 0, 619, 619, 356, 799, 619, 600, 768]

 ### Operon type: 371

	 A0A010IN36	[357, 749, 0, 0, 356, 799, 619, 600, 768]

 ### Operon type: 372

	 A0A009PG43	[799, 619, 537, 802, 0, 600, 768, 0, 0]

 ### Operon type: 373

	 A0A009INE0	[357, 0, 0, 0, 0, 0, 0, 619, 600]

 ### Operon type: 374

	 A0A009T9H0	[0, 2, 739, -1, 0, 0, 169, 0, 168]

 ### Operon type: 375

	 A0A010THH5	[0, 131, 61, 57, 0, 0, 829, 0, 371]

 ### Operon type: 376

	 A0A011WSH8	[0, 0, 0, 732, 336, 0, 0, 0, 0]
	 A0A011VZE3	[0, 0, 0, 732, 336, 0, 0, 0, 0]

 ### Operon type: 377

	 A0A011NAF3	[0, 0, 0, 0, 0, 0, 732, 0, 760]

 ### Operon type: 378

	 A0A009IQ93	[251, 0, 732, 0, 0, 218, 0, 0, 0]

 ### Operon type: 379

	 A0A009Q8S9	[0, 0, 739, 394, 0, 594, 0, 0, 0]

 ### Operon type: 380

	 A0A009TLU4	[0, 606, -1, 231, 0, 43, 0, -1, -1]

 ### Operon type: 381

	 A0A009ZB47	[117, 152, 0, 0, 0, 787, 369, 0, 0]

 ### Operon type: 382

	 A0A009ZVR4	[842, 0, 683, 0, 0, 48, 0, 0, 47]

 ### Operon type: 383

	 A0A010JIN9	[369, 0, 0, 120, 257, 0, 0, 0, 0]

 ### Operon type: 384

	 A0A010S003	[635, 0, 0, 0, 0, 699, 699, 354, 0]

 ### Operon type: 385

	 A0A010SMN8	[0, -1, 86, 0, 668, 0, 0, 642, 0]

 ### Operon type: 386

	 A0A010SXS1	[0, 537, 0, 0, 0, 597, 0, 0, 802]

 ### Operon type: 387

	 A0A010T689	[39, -1, 829, 848, 0, 0, 0, 0, 0]

 ### Operon type: 388

	 A0A010TBB4	[0, 405, 0, 89, 0, 0, 0, 0, 689]

 ### Operon type: 389

	 A0A010YFK3	[0, 861, 0, 0, 0, 0, 157, 0, 255]

 ### Operon type: 390

	 A0A010YVY1	[8, 0, 8, 0, 0, 0, 0, 354, 0]

 ### Operon type: 391

	 A0A010ZSZ2	[0, 58, 0, 25, 24, 0, 0, 0, 0]

 ### Operon type: 392

	 A0A010Z0Y7	[0, 0, 0, 0, 24, 267, 0, 0, 0]

 ### Operon type: 393

	 A0A011A0M8	[0, 0, 603, 0, 60, 0, 0, 10, 10]

 ### Operon type: 394

	 A0A011NFL4	[0, 836, 0, 0, 754, 753, 0, 752, 0]

 ### Operon type: 395

	 A0A011P407	[0, 0, 690, 835, 0, 0, 689, 0, 688]

 ### Operon type: 396

	 A0A011QGT2	[732, 0, 0, 587, 586, 0, 0, 0, 0]

 ### Operon type: 397

	 A0A011QSA4	[828, 0, 827, 826, 0, 0, 0, 0, 825]

 ### Operon type: 398

	 A0A011T6J6	[0, 790, 0, 683, 0, 0, 458, 0, 457]

 ### Operon type: 399

	 A0A011TAL2	[0, 767, 0, 0, 0, 490, 0, 654, 0]

 ### Operon type: 400

	 A0A011TZG0	[603, 788, 0, 0, 0, 0, 0, 602, 0]

 ### Operon type: 401

	 A0A011UGY3	[338, 337, 468, 56, 0, 0, 0, 56, 0]

 ### Operon type: 402

	 A0A011UII7	[0, 0, 0, 0, 0, 659, 601, 0, 0]

 ### Operon type: 403

	 A0A011UNT9	[594, 617, 0, 0, 0, 0, 0, 0, 0]

 ### Operon type: 404

	 A0A011SIS0	[0, 776, 618, 618, 0, 0, 0, 617, 0]

 ### Operon type: 405

	 A0A011UT49	[0, 58, 0, 0, 0, 0, 537, 165, 0]

 ### Operon type: 406

	 A0A011VU65	[158, 0, 0, 0, 0, 157, 0, 639, 250]

 ### Operon type: 407

	 A0A011VV03	[0, 349, 0, 0, 348, 347, 0, 0, 0]

 ### Operon type: 408

	 A0A011VVZ9	[0, 0, -1, 0, 0, 346, 345, 345, 616]

 ### Operon type: 409

	 A0A011VWX7	[802, 456, 0, 0, 0, 0, 0, 830, 0]

 ### Operon type: 410

	 A0A011VXK7	[837, 837, 0, 550, 0, 0, 0, 792, 0]

 ### Operon type: 411

	 A0A011W0I6	[322, 0, 0, 0, 0, 579, 0, 757, 0]

 ### Operon type: 412

	 A0A010YEF6	[0, 322, 0, 0, 0, 0, 0, 0, 40]

 ### Operon type: 413

	 A0A013SQH1	[0, 0, 0, 0, 335, 512, 0, 532, 723]

 ### Operon type: 414

	 A0A009QJA8	[116, 115, 0, 0, 0, 0, 0, 0, 677]

 ### Operon type: 415

	 A0A009YL68	[0, 0, 689, 432, 429, 0, 0, 4, 0]

 ### Operon type: 416

	 A0A010JNG7	[532, 0, 0, 372, 0, 0, 0, 0, 0]

 ### Operon type: 417

	 A0A010RM40	[667, 732, 701, 0, 0, 0, 0, -1, 733]

 ### Operon type: 418

	 A0A010RRQ6	[0, 666, 0, 0, 0, 668, 665, 664, 0]

 ### Operon type: 419

	 A0A010S423	[458, 0, 0, 0, 0, 0, 0, 137, 841]

 ### Operon type: 420

	 A0A010T0I7	[0, 0, 40, 0, 0, 684, 827, 732, 0]

 ### Operon type: 421

	 A0A010ZUR7	[349, 23, 0, 23, 0, 22, 354, 0, 0]

 ### Operon type: 422

	 A0A011NA78	[0, 734, 0, 0, 0, 818, 0, 0, 733]

 ### Operon type: 423

	 A0A011P8W7	[681, 690, 802, 0, 680, 0, 0, 0, 0]

 ### Operon type: 424

	 A0A011PG97	[642, 0, 0, 641, 0, 0, 0, 0, 0]

 ### Operon type: 425

	 A0A011PKT4	[0, 512, 0, 0, 0, 0, 511, 0, 0]

 ### Operon type: 426

	 A0A011PLB2	[0, 681, 0, 513, 0, 0, 0, 0, 0]

 ### Operon type: 427

	 A0A011R339	[0, 0, 0, 0, 0, 0, 310, 309, 0]

 ### Operon type: 428

	 A0A011SFE5	[0, 0, 0, 837, 0, 0, 836, 835, 834]

 ### Operon type: 429

	 A0A011SJT5	[0, 0, 0, 616, 615, 615, 615, 615, 615]

 ### Operon type: 430

	 A0A011TDQ5	[0, 0, 0, 0, 487, 581, 0, 0, 0]

 ### Operon type: 431

	 A0A011VT01	[0, 0, 159, 0, 0, 159, 0, 0, 192]

 ### Operon type: 432

	 A0A009Z3V9	[732, 0, 0, 0, 0, 127, 588, 128, 129]

 ### Operon type: 433

	 A0A010SRB2	[43, 42, 0, 0, 0, 42, 88, 0, 0]

 ### Operon type: 434

	 A0A010KA25	[369, 0, 829, 479, 277, 0, 0, 369, 451]

 ### Operon type: 435

	 A0A011TZN1	[300, 299, 298, 0, 297, 0, 0, 0, 0]

 ### Operon type: 436

	 A0A011VJ76	[166, 166, 165, 752, 0, 732, 603, 0, 690]

 ### Operon type: 437

	 A0A011UG17	[189, 0, 324, 0, 343, 158, 0, 0, 0]

 ### Operon type: 438

	 A0A011WUA8	[773, 0, 0, 411, 0, 0, 0, 410, 410]

 ### Operon type: 439

	 A0A010S4X6	[0, 267, 701, 699, 422, 0, 655, 510, 756]

 ### Operon type: 440

	 A0A010YY02	[0, 7, 0, 0, 7, 704, 6, 0, 9]
