
 ### Operon type: 1

	 A0A011PVT3	[656, 487, 486, 485, 568, 484, 483, 482, 481]
	 A0A011R7V7	[656, 487, 486, 485, 568, 484, 483, 482, 481]
	 A0A011MET3	[656, 487, 486, 485, 568, 484, 483, 482, 481]

 ### Operon type: 2

	 A0A011UIA1	[331, 330, 329, 328, 327, 326, 325, 324, 0]
	 A0A011V5V3	[0, 331, 330, 329, 328, 327, 326, 325, 324]

 ### Operon type: 3

	 A0A011PTE7	[507, 506, 505, 504, 503, 0, 502, 501, 500]
	 A0A011NE72	[507, 506, 505, 504, 503, 502, 501, 500, 0]

 ### Operon type: 4

	 A0A011NEY3	[359, 553, 552, 551, 551, 550, 549, 548, 0]

 ### Operon type: 5

	 A0A011PAN4	[553, 552, 0, 551, 551, 550, 549, 548, 547]

 ### Operon type: 6

	 A0A011RCD5	[359, 553, 552, 551, 551, 550, 549, 548, 547]

 ### Operon type: 7

	 A0A010JSI3	[584, 583, 582, 581, 580, 579, 578, 577, 0]
	 A0A009RGL2	[0, 583, 582, 581, 580, 579, 578, 577, 0]
	 A0A013T0M4	[584, 583, 582, 581, 580, 579, 578, 577, 0]
	 A0A009HDS5	[584, 583, 582, 581, 580, 579, 578, 577, 0]

 ### Operon type: 8

	 A0A011NBX7	[608, 607, 606, 605, 604, 557, 0, 0, 0]
	 A0A011PF67	[608, 607, 606, 605, 604, 0, 0, 0, 0]
	 A0A011NW66	[608, 607, 606, 605, 604, 557, 0, 0, 0]

 ### Operon type: 9

	 A0A011NS68	[608, 607, 606, 605, 604, 603, 602, 616, 601]
	 A0A011RHX4	[608, 607, 606, 605, 604, 603, 602, 616, 0]

 ### Operon type: 10

	 A0A010JY00	[291, 561, 574, 389, 247, 692, 386, 695, 406]

 ### Operon type: 11

	 A0A013TH30	[561, 574, 389, 388, 387, 692, 386, 695, 406]

 ### Operon type: 12

	 A0A011QAS2	[0, 676, 675, 674, 673, 672, 671, 670, 669]
	 A0A011NEQ1	[0, 676, 675, 674, 673, 672, 671, 670, 669]

 ### Operon type: 13

	 A0A011QSF0	[0, 720, 719, 718, 717, 716, 715, 714, 0]
	 A0A011QBB5	[593, 720, 719, 718, 717, 716, 715, 714, 592]
	 A0A011Q0X6	[593, 720, 719, 718, 717, 716, 715, 714, 592]
	 A0A011Q1X8	[720, 0, 719, 718, 717, 716, 715, 714, 592]

 ### Operon type: 14

	 A0A011PG87	[593, 720, 719, 718, 717, 716, 715, 0, 0]

 ### Operon type: 15

	 A0A013SP43	[272, 271, 306, 270, 269, 268, 267, 266, 265]
	 A0A010K6G6	[272, 271, 306, 270, 269, 268, 267, 0, 265]
	 A0A009RUN3	[272, 271, 306, 270, 269, 268, 267, 266, 265]

 ### Operon type: 16

	 A0A009SZB5	[0, 0, 62, 61, 60, 0, 0, 0, 59]
	 A0A009HR98	[0, 0, 62, 61, 60, 0, 0, 0, 59]

 ### Operon type: 17

	 A0A009Z8F7	[44, 62, 45, 0, 60, 4, 4, 0, 0]

 ### Operon type: 18

	 A0A011QUG8	[709, 708, 707, 706, 705, 704, 0, 703, 702]
	 A0A011QIT1	[709, 708, 707, 706, 705, 704, 703, 702, 691]

 ### Operon type: 19

	 A0A011QAB0	[683, 682, 681, 0, 680, 679, 678, 677, 0]
	 A0A011PL71	[488, 683, 682, 681, 680, 679, 678, 677, 0]

 ### Operon type: 20

	 A0A011PIY7	[627, 0, 626, 625, 624, 623, 622, 0, 620]

 ### Operon type: 21

	 A0A011Q3J4	[0, 627, 626, 625, 624, 623, 622, 621, 0]

 ### Operon type: 22

	 A0A011MH88	[628, 627, 626, 625, 624, 623, 622, 621, 620]

 ### Operon type: 23

	 A0A009QBR9	[0, 0, 453, 396, 452, 0, 0, 448, 146]
	 A0A009TM70	[0, 454, 453, 396, 452, 0, 0, 448, 146]

 ### Operon type: 24

	 A0A010ILU3	[455, 454, 453, 0, 452, 451, 450, 449, 448]
	 A0A009MW50	[0, 454, 453, 396, 452, 451, 0, 449, 448]
	 A0A009QS71	[455, 454, 453, 396, 452, 451, 0, 449, 448]
	 A0A009H3B0	[0, 454, 453, 0, 452, 451, 450, 449, 448]

 ### Operon type: 25

	 A0A009I8S2	[0, 0, 453, 396, 452, 451, 449, 448, 146]

 ### Operon type: 26

	 A0A009ICH6	[429, 91, 90, 55, 247, 34, 33, 32, 695]
	 A0A009ZFR5	[429, 91, 90, 55, 247, 34, 33, 32, 695]

 ### Operon type: 27

	 A0A009GP96	[0, 78, 573, 566, 243, 77, 468, 76, 75]

 ### Operon type: 28

	 A0A009GSR4	[566, 243, 77, 468, 76, 75, 75, 74, 0]

 ### Operon type: 29

	 A0A009IIT6	[78, 573, 566, 243, 76, 75, 75, 74, 0]

 ### Operon type: 30

	 A0A009IS10	[174, 0, 0, 0, 173, 172, 171, 0, 0]

 ### Operon type: 31

	 A0A009QHW5	[0, 0, 0, 455, 173, 172, 171, 0, 93]

 ### Operon type: 32

	 A0A011UVB4	[0, 0, 0, 108, 0, 0, 174, 0, 82]

 ### Operon type: 33

	 A0A011TLH7	[370, 369, 368, 0, 0, 0, 0, 0, 0]
	 A0A011UG87	[368, 369, 370, 0, 0, 0, 0, 0, 0]

 ### Operon type: 34

	 A0A011QDV3	[600, 599, 598, 611, 597, 596, 595, 0, 594]
	 A0A011QIE8	[600, 599, 598, 611, 597, 596, 594, 0, 0]

 ### Operon type: 35

	 A0A011NYU6	[590, 589, 0, 588, 587, 16, 15, 0, 586]

 ### Operon type: 36

	 A0A011PYI6	[590, 589, 0, 588, 587, 586, 585, 632, 0]

 ### Operon type: 37

	 A0A011P1C0	[0, 0, 16, 15, 586, 0, 0, 0, 0]

 ### Operon type: 38

	 A0A011PP01	[516, 515, 514, 0, 0, 0, 0, 0, 0]
	 A0A011NVE7	[516, 515, 514, 0, 0, 0, 0, 0, 0]

 ### Operon type: 39

	 A0A013TH43	[385, 0, 0, 0, 384, 383, 382, 0, 381]
	 A0A009RAF0	[385, 0, 0, 0, 384, 383, 382, 0, 381]

 ### Operon type: 40

	 A0A013S8V2	[294, 293, 0, 0, 0, 292, 0, 0, 0]
	 A0A009R8E1	[0, 29, 0, 294, 293, 0, 0, 292, 0]

 ### Operon type: 41

	 A0A009QFZ7	[404, 403, 0, 0, 400, 0, 398, 397, 0]
	 A0A009TK03	[404, 403, 0, 0, 400, 0, 398, 397, 0]

 ### Operon type: 42

	 A0A013SPM5	[404, 403, 402, 401, 400, 399, 398, 397, 0]
	 A0A010IX62	[404, 403, 402, 401, 400, 0, 398, 397, 0]
	 A0A009MH71	[404, 403, 0, 401, 400, 399, 398, 397, 0]
	 A0A009HSL1	[404, 403, 402, 401, 400, 0, 398, 397, 0]

 ### Operon type: 43

	 A0A009I6Z0	[404, 403, 0, 401, 400, 0, 398, 397, 87]

 ### Operon type: 44

	 A0A009ZIX8	[0, 5, 402, 401, 400, 14, 0, 87, 0]

 ### Operon type: 45

	 A0A009I573	[107, 0, 134, 135, 0, 136, 143, 137, 138]

 ### Operon type: 46

	 A0A009ILP9	[139, 0, 138, 137, 143, 136, 140, 135, 134]

 ### Operon type: 47

	 A0A009I953	[139, 0, 138, 137, 143, 136, 140, 0, -1]

 ### Operon type: 48

	 A0A009QEG7	[145, 144, 0, 0, 143, 142, 141, 0, 140]
	 A0A009IPC3	[145, 144, 0, 0, 143, 142, 141, 0, 140]

 ### Operon type: 49

	 A0A009SX74	[542, 601, 0, 135, 140, 139, 144, 145, 0]

 ### Operon type: 50

	 A0A010JWJ1	[0, 252, 573, 0, 251, 250, 249, 248, 0]
	 A0A009I4A1	[0, 252, 573, 0, 251, 250, 249, 248, 0]

 ### Operon type: 51

	 A0A009QF22	[97, 96, 95, 0, 251, 250, 249, 248, 94]
	 A0A009TBY8	[97, 96, 95, 68, 251, 250, 249, 248, 94]

 ### Operon type: 52

	 A0A009ITT8	[170, 169, 168, 254, 253, 167, 166, 165, 164]

 ### Operon type: 53

	 A0A009NJ90	[170, 169, 168, 254, 0, 157, 167, 166, 165]

 ### Operon type: 54

	 A0A009HZK2	[255, 254, 253, 0, 0, 0, 0, 0, 0]

 ### Operon type: 55

	 A0A009IJ07	[257, 256, 255, 254, 253, 0, 0, 0, 0]

 ### Operon type: 56

	 A0A009S6G1	[257, 256, 255, 254, 253, 166, 165, 164, 161]

 ### Operon type: 57

	 A0A009S5A5	[253, 157, 167, 166, 165, 164, 53, 52, 161]

 ### Operon type: 58

	 A0A013TCN9	[396, 395, 394, 393, 392, 391, 390, 573, 611]
	 A0A009NIJ3	[396, 395, 394, 393, 392, 391, 390, 573, 611]
	 A0A009QNC9	[396, 395, 394, 393, 392, 391, 390, 573, 611]
	 A0A010ITG1	[396, 395, 394, 393, 392, 391, 390, 573, 611]
	 A0A013TRC1	[396, 395, 394, 393, 392, 391, 390, 573, 611]

 ### Operon type: 59

	 A0A009H935	[0, 0, 394, 393, 392, 391, 390, 573, 611]

 ### Operon type: 60

	 A0A009PJF7	[224, 223, 223, 222, 221, 220, 219, 218, 217]
	 A0A009SJZ7	[108, 224, 223, 222, 221, 220, 219, 218, 217]

 ### Operon type: 61

	 A0A009Z5G0	[220, 222, 223, 0, 378, 224, 108, 264]

 ### Operon type: 62

	 A0A010JJC1	[629, 462, 461, 460, 459, 458, 457, 467, 456]
	 A0A010IZ41	[462, 461, 460, 459, 458, 457, 467, 456, 306]

 ### Operon type: 63

	 A0A009QJL6	[629, 462, 461, 460, 0, 456, 306, 92, 0]

 ### Operon type: 64

	 A0A011N9N8	[679, 562, 626, 0, 0, 0, 0, 0, 0]
	 A0A011P2I4	[679, 562, 626, 0, 0, 0, 0, 0, 0]

 ### Operon type: 65

	 A0A009PIB4	[0, 0, 0, 213, 212, 211, 468, 573, 679]
	 A0A009SLR5	[0, 0, 0, 213, 212, 211, 468, 573, 679]

 ### Operon type: 66

	 A0A009HSU4	[0, 0, 412, 573, 0, 562, 528, 679, 468]

 ### Operon type: 67

	 A0A011SF89	[637, 636, 635, 0, 0, 0, 0, 0, 0]

 ### Operon type: 68

	 A0A011UCX7	[0, 683, 637, 636, 0, 635, 310, 0, 0]

 ### Operon type: 69

	 A0A011NYT4	[572, 526, 525, 524, 0, 417, 417, 416, 415]

 ### Operon type: 70

	 A0A011P8E9	[0, 0, 572, 526, 0, 525, 524, 0, 0]

 ### Operon type: 71

	 A0A010TF34	[0, -1, 0, 0, 39, 38, 37, 36, 35]
	 A0A010SYH9	[39, 38, 37, 36, 35, 0, 0, 0, 0]

 ### Operon type: 72

	 A0A010S7A1	[125, 124, 123, 122, 0, 121, 0, 0, 0]
	 A0A010TFJ4	[0, -1, 0, 125, 124, 123, 122, -1, 121]

 ### Operon type: 73

	 A0A009ICP5	[203, 278, 560, 202, 201, 0, 0, 199, 0]

 ### Operon type: 74

	 A0A009MMG9	[203, 278, 560, 202, 201, 0, 200, 199, 374]

 ### Operon type: 75

	 A0A009HTW0	[0, 113, 112, 0, 201, 0, 0, 199, 0]
	 A0A009QLL2	[0, 113, 112, 0, 201, 0, 0, 199, 0]

 ### Operon type: 76

	 A0A009SIV4	[114, 113, 112, 111, 201, 110, 0, 199, 374]

 ### Operon type: 77

	 A0A013TSJ4	[113, 112, 0, 111, 201, 0, 0, 199, 374]

 ### Operon type: 78

	 A0A009Z3V9	[573, 0, 0, 0, 0, 112, 411, 113, 114]

 ### Operon type: 79

	 A0A009T0Q9	[0, 0, 0, 0, 58, 284, 628, 573, 57]

 ### Operon type: 80

	 A0A009YJF4	[0, 416, 415, 24, 69, 628, 573, 0, 57]

 ### Operon type: 81

	 A0A009PAV9	[242, -1, 560, 241, 355, 468, 240, 239, 238]
	 A0A009HJC2	[242, 611, 560, 241, 355, 468, 240, 239, 238]

 ### Operon type: 82

	 A0A009SE02	[0, 238, 0, 0, 0, 239, 240, 468, 355]

 ### Operon type: 83

	 A0A011QNA5	[0, 478, 477, 476, 0, 475, 474, 473, 472]
	 A0A009ZLJ7	[472, 473, 474, 475, 0, 0, 478, 477, 476]

 ### Operon type: 84

	 A0A013T0T6	[475, 474, 473, 472, 447, 446, 408, 445, 407]
	 A0A009QMH5	[475, 474, 473, 472, 447, 446, 408, 445, 407]
	 A0A009HAX1	[475, 474, 473, 472, 447, 446, 408, 445, 407]

 ### Operon type: 85

	 A0A010ILW6	[475, 474, 473, 472, 447, 446, 0, 0, 445]

 ### Operon type: 86

	 A0A009Z9X7	[474, 473, 472, 0, 447, 0, 699, 0, 445]

 ### Operon type: 87

	 A0A009PE10	[0, 0, 0, 472, 447, 233, 408, 445, -1]

 ### Operon type: 88

	 A0A009RSB7	[528, 429, 517, 426, 225, 573, 573, 424, 423]
	 A0A009SYU8	[528, 429, 517, 426, 225, 573, 573, 424, 423]
	 A0A009HS41	[528, 429, 517, 426, 225, 573, 573, 424, 423]

 ### Operon type: 89

	 A0A010IT25	[528, 429, 517, 426, 425, 573, 573, 424, 423]
	 A0A013SHA9	[528, 429, 517, 426, 425, 573, 573, 424, 423]
	 A0A009I466	[528, 429, 517, 426, 425, 573, 573, 424, 423]

 ### Operon type: 90

	 A0A009NMQ9	[528, 429, 517, 426, 425, 0, 573, 573, 424]

 ### Operon type: 91

	 A0A009P8A9	[0, 0, 517, 426, 225, 573, 573, 424, 423]

 ### Operon type: 92

	 A0A011PGU1	[0, 0, 541, 540, 539, 538, 537, 536, 535]
	 A0A011MDH1	[414, 0, 541, 540, 539, 538, 537, 536, 535]

 ### Operon type: 93

	 A0A011V0P4	[339, 338, 0, 0, 337, 0, 0, 336, 335]

 ### Operon type: 94

	 A0A011WPV7	[336, 335, 0, 0, 0, 0, 0, 0, 0]

 ### Operon type: 95

	 A0A011RNP9	[0, 0, 0, 0, 0, 644, 678, 0, 0]

 ### Operon type: 96

	 A0A011V0B5	[640, 0, 0, 0, 0, 0, 644, 0, 0]

 ### Operon type: 97

	 A0A011RQC9	[0, 640, 639, 0, 0, 0, 0, 638, 0]

 ### Operon type: 98

	 A0A011QG28	[471, 470, 540, 0, 539, 538, 522, 469, 523]
	 A0A011RIM8	[471, 470, 0, 0, 539, 538, 522, 469, 523]

 ### Operon type: 99

	 A0A011PHI6	[534, 0, 533, 0, 0, 532, 706, 531, 0]

 ### Operon type: 100

	 A0A011QI68	[0, 0, 533, 532, 0, 0, 0, 0, 0]

 ### Operon type: 101

	 A0A011P700	[0, 0, 713, 712, 0, 0, 0, 0, 0]

 ### Operon type: 102

	 A0A011QSI4	[0, 0, 713, 712, 711, 0, 0, 0, 0]

 ### Operon type: 103

	 A0A011NVJ6	[494, 661, 660, 659, 658, 657, 0, 0, 493]

 ### Operon type: 104

	 A0A011PVP2	[0, 661, 660, 659, 658, 657, 0, 0, 656]

 ### Operon type: 105

	 A0A011NXY7	[0, 0, 660, 0, 658, 0, 0, 0, 0]

 ### Operon type: 106

	 A0A011QR69	[697, 696, 695, 694, 693, 692, 0, 0, 0]
	 A0A011NUB4	[697, 696, 695, 694, 693, 692, 0, 496, 0]

 ### Operon type: 107

	 A0A011NN36	[696, 695, 0, 0, 693, 692, 0, 0, 0]

 ### Operon type: 108

	 A0A011PK69	[695, 491, 0, 0, 693, 692, 0, 0, 0]

 ### Operon type: 109

	 A0A011RMI6	[667, 666, 647, 646, 645, 665, 664, 663, 662]
	 A0A011NYD6	[667, 666, 647, 646, 645, 665, 664, 663, 662]

 ### Operon type: 110

	 A0A011QB28	[668, 667, 666, 0, 0, 665, 664, 663, 662]

 ### Operon type: 111

	 A0A011NF33	[0, 665, 664, 0, 0, 0, 0, 0, 0]

 ### Operon type: 112

	 A0A011NBY4	[556, 0, 0, 555, 0, 0, 554, 0, 0]

 ### Operon type: 113

	 A0A011WRT0	[556, 0, 0, 0, 0, 0, 0, 632, 0]

 ### Operon type: 114

	 A0A011SHV5	[0, 0, 0, 0, 0, 630, 632, 629, 0]

 ### Operon type: 115

	 A0A011NB95	[0, 701, 0, 0, 0, 0, 560, 559, 558]

 ### Operon type: 116

	 A0A011UHT4	[92, 119, 559, 0, 0, 41, 41, 558, 0]

 ### Operon type: 117

	 A0A010Z1W7	[0, 0, 0, 0, 0, 99, 0, 274, 275]

 ### Operon type: 118

	 A0A011VY84	[0, 0, 275, 274, 0, 0, 0, 0, 0]

 ### Operon type: 119

	 A0A010YW85	[0, 0, 0, 0, 0, 341, 0, 274, 275]

 ### Operon type: 120

	 A0A010ZMA0	[274, 565, 0, 0, 0, 0, 0, 0, 0]

 ### Operon type: 121

	 A0A011N5L2	[0, 0, 0, 565, 0, 564, 563, 0, 0]

 ### Operon type: 122

	 A0A010SQJ5	[300, 202, 0, 366, 365, 364, 0, 0, 0]

 ### Operon type: 123

	 A0A010STD3	[0, 0, 0, 366, 365, 364, 0, 424, 258]

 ### Operon type: 124

	 A0A011TD67	[367, 0, 0, 366, 365, 364, 363, 0, 362]

 ### Operon type: 125

	 A0A009ZC12	[0, 0, 0, 366, 0, 364, 363, 3, 722]

 ### Operon type: 126

	 A0A010RFQ9	[0, 0, 576, 0, 575, 0, 0, 0, 0]

 ### Operon type: 127

	 A0A010SPR9	[22, 22, 0, 0, 0, 575, 0, 0, 0]

 ### Operon type: 128

	 A0A013S288	[0, 0, 0, 305, 355, 304, 303, 0, 302]
	 A0A010J3I1	[0, 0, 0, 305, 355, 304, 303, 0, 302]

 ### Operon type: 129

	 A0A013SXT2	[320, 182, 181, 305, 355, 304, 303, 180, 302]
	 A0A009PWG1	[320, 182, 181, 305, 355, 304, 303, 180, 302]

 ### Operon type: 130

	 A0A009ZJK4	[0, 0, 0, 0, 0, 0, 429, 18, 0]

 ### Operon type: 131

	 A0A010SVN1	[-1, 18, 573, 197, 318, 0, 0, 429, 0]

 ### Operon type: 132

	 A0A009IMX3	[435, 0, 433, 0, 431, 131, 131, 632, 130]
	 A0A009SF48	[435, 0, 433, 0, 431, -1, 131, 632, 130]

 ### Operon type: 133

	 A0A009QEX0	[435, 434, 433, 432, 431, 131, 131, 632, 130]

 ### Operon type: 134

	 A0A010ISX2	[435, 434, 433, 432, 431, 430, 429, 428, 427]
	 A0A013S7V1	[435, 434, 433, 432, 431, 430, 429, 428, 427]
	 A0A009RES7	[435, 434, 433, 432, 431, 430, 429, 428, 427]
	 A0A009MR00	[435, 434, 433, 432, 431, 430, 429, 428, 427]

 ### Operon type: 135

	 A0A009GYP9	[0, 0, 0, 432, 431, 430, 429, 428, 427]

 ### Operon type: 136

	 A0A009YTT3	[0, 0, 0, 0, 0, 0, 429, 428, 427]

 ### Operon type: 137

	 A0A009PFK7	[232, 231, 230, 229, 228, 0, 0, 227, 0]
	 A0A009QGN4	[232, 231, 230, 229, 228, 227, 0, 0, 0]

 ### Operon type: 138

	 A0A009YR20	[0, 227, 0, 0, 0, 0, 231, 0, 0]

 ### Operon type: 139

	 A0A013SB36	[290, 289, 288, 287, 286, 0, 415, 285, 284]
	 A0A009QSI3	[290, 289, 288, 287, 286, 0, 415, 285, -1]

 ### Operon type: 140

	 A0A010ITP2	[290, 289, 288, 287, 286, 0, 415, 0, 0]

 ### Operon type: 141

	 A0A009SII9	[-1, 289, 288, 287, 0, 0, 0, 0, 58]

 ### Operon type: 142

	 A0A009HZV2	[0, 0, 0, 0, 153, 152, 157, 0, 0]

 ### Operon type: 143

	 A0A009QPE7	[0, 0, 0, 0, 153, 152, 0, 0, 0]

 ### Operon type: 144

	 A0A009GXL8	[72, 71, 70, 0, 69, 68, 156, 155, 154]

 ### Operon type: 145

	 A0A010JIW7	[72, 71, 70, 0, 69, 0, 0, 156, 155]

 ### Operon type: 146

	 A0A009MGR3	[0, 0, 149, 0, 405, 52, 47, 236, 235]

 ### Operon type: 147

	 A0A009Q4G0	[0, 150, 149, 0, 405, 0, 236, 235, 236]

 ### Operon type: 148

	 A0A009PUJ8	[0, 237, 0, 0, 0, 234, 156, 155, 154]

 ### Operon type: 149

	 A0A009QJA8	[155, 154, 0, 0, 0, 0, 0, 0, 0]

 ### Operon type: 150

	 A0A009PB53	[0, 0, 237, 0, 0, 236, 235, 236, 234]

 ### Operon type: 151

	 A0A013RZW2	[429, 309, 0, 308, 307, 355, 306, 0, 0]
	 A0A013SNJ8	[429, 0, 0, 308, 307, 355, 306, 0, 0]
	 A0A010J9U3	[429, 0, 0, 308, 307, 355, 306, 0, 0]
	 A0A009SIZ4	[429, 309, 0, 308, 307, 0, 306, 163, 0]
	 A0A009RD69	[429, 309, 0, 308, 307, 355, 306, 163, 0]

 ### Operon type: 152

	 A0A009PH20	[0, 0, 448, 308, 307, 355, 306, 0, 0]
	 A0A009IV03	[0, 0, 448, 308, 307, 0, 306, 0, 0]

 ### Operon type: 153

	 A0A009YIZ0	[429, 309, 448, 308, 307, 355, 306, 163, 109]

 ### Operon type: 154

	 A0A009QA91	[148, 147, 528, 573, 357, 357, 151, 301, 197]
	 A0A010J377	[148, 147, 528, 573, 357, 357, 151, 301, 197]

 ### Operon type: 155

	 A0A009MVG4	[198, 0, 358, 573, 357, 357, 0, 301, 197]
	 A0A009QQC0	[0, 0, 198, 573, 357, 357, 0, 301, 197]

 ### Operon type: 156

	 A0A009H7I0	[0, 0, 0, 573, 357, 357, 151, 301, 197]

 ### Operon type: 157

	 A0A009S1X4	[148, 147, 528, 573, 357, 357, 573, 0, 54]

 ### Operon type: 158

	 A0A013SHF4	[0, 0, 358, 573, 357, 357, 0, 356, 0]

 ### Operon type: 159

	 A0A009H7U0	[444, 522, 0, 443, 442, 441, 440, 0, 0]

 ### Operon type: 160

	 A0A010IMP8	[444, 0, 0, 443, 442, 441, 440, 0, 439]

 ### Operon type: 161

	 A0A013SZ54	[444, 0, 276, 443, 442, 0, 0, 0, 0]

 ### Operon type: 162

	 A0A009ZM43	[-1, 522, 276, 443, 442, 441, 440, 103, 439]

 ### Operon type: 163

	 A0A009YSC7	[0, 0, 554, 1, 0, 1, 260, 259, 0]

 ### Operon type: 164

	 A0A013RVV2	[396, 0, 260, 259, 0, 0, 0, 258, 0]

 ### Operon type: 165

	 A0A011Q5S3	[691, 690, 0, 0, 0, 0, 689, 688, 687]

 ### Operon type: 166

	 A0A011UZZ4	[0, 689, 688, 0, 0, 0, 340, 340, 687]

 ### Operon type: 167

	 A0A010YKP2	[0, 0, 0, 0, 0, 0, 493, 334, 0]

 ### Operon type: 168

	 A0A011V1A2	[338, 0, 0, 334, 0, 0, 0, 0, 0]

 ### Operon type: 169

	 A0A011Q2B1	[0, 0, 0, 0, 0, 653, 652, 651, 650]

 ### Operon type: 170

	 A0A011RLN8	[0, 0, 0, 655, 654, 653, 652, 651, 650]

 ### Operon type: 171

	 A0A011NGS0	[0, 0, 0, 0, 613, 612, 0, 0, 0]

 ### Operon type: 172

	 A0A011PW61	[0, 0, 0, 0, 613, 612, 0, 0, 591]

 ### Operon type: 173

	 A0A011UXI1	[0, 489, 0, 0, 613, 612, 361, 0, 0]

 ### Operon type: 174

	 A0A011SWI9	[-1, -1, 0, 534, 613, 612, 361, -1, -1]

 ### Operon type: 175

	 A0A011P952	[612, 0, 518, 0, 0, 518, 0, 0, 0]

 ### Operon type: 176

	 A0A011NSG8	[0, 0, 0, 531, 498, 497, 0, 498, 0]

 ### Operon type: 177

	 A0A011P0X4	[0, 0, 414, 0, 498, 0, 0, 497, 29]

 ### Operon type: 178

	 A0A009MJ75	[0, 0, 206, 205, 204, 0, 0, 0, 566]

 ### Operon type: 179

	 A0A010IH51	[0, 374, 0, 0, 204, 0, 566, 0, 0]

 ### Operon type: 180

	 A0A010YNY9	[0, 0, 100, 25, 0, 0, 0, 0, 81]

 ### Operon type: 181

	 A0A011AC71	[54, 0, 0, 321, 0, 100, 25, 0, 528]

 ### Operon type: 182

	 A0A011PRW6	[509, 0, 0, 0, 508, 666, 647, 0, 0]
	 A0A011QLX0	[0, 509, 0, 0, 508, 0, 666, 647, 0]

 ### Operon type: 183

	 A0A010SML6	[0, 666, 647, -1, 0, 601, 0, 0, 0]

 ### Operon type: 184

	 A0A009P817	[210, 0, 0, 0, 209, 0, 343, 208, 207]

 ### Operon type: 185

	 A0A009TIY0	[0, 0, 0, 0, 209, 0, 343, 208, 0]

 ### Operon type: 186

	 A0A009QKA3	[343, 208, 0, 207, 0, 0, 0, 0, 232]

 ### Operon type: 187

	 A0A009S854	[-1, 0, 0, 128, 262, 0, 0, 0, 261]

 ### Operon type: 188

	 A0A013RMD0	[-1, 0, 570, 0, 262, 576, 0, 0, 261]

 ### Operon type: 189

	 A0A009HFU9	[0, 80, 0, 0, 79, 468, 0, 0, 0]
	 A0A009R016	[0, 80, 0, 0, 79, -1, 468, 0, 0]

 ### Operon type: 190

	 A0A009HSR2	[0, 106, 105, 0, 104, 193, 194, 157, 195]

 ### Operon type: 191

	 A0A009SWM1	[0, 106, 105, 0, 104, 0, 0, 194, 0]

 ### Operon type: 192

	 A0A009MYX0	[196, 195, 0, 412, 0, 0, 194, 193, 192]

 ### Operon type: 193

	 A0A009QK79	[0, 0, 192, 193, 0, 194, 0, 0, 195]

 ### Operon type: 194

	 A0A009GXJ1	[333, 332, 193, 194, 73, 157, 195, 196, 0]

 ### Operon type: 195

	 A0A010IT95	[0, 0, 0, 468, 422, 421, 420, 419, 418]
	 A0A013TKW8	[0, 545, 0, 468, 422, 421, 420, 419, 418]
	 A0A009PRQ9	[0, 468, 214, 0, 422, 421, 420, 419, 418]
	 A0A009QT77	[0, 0, -1, 468, 422, 421, 420, 419, 418]
	 A0A009MH36	[0, 0, 0, 468, 422, 421, 420, 419, 418]
	 A0A009GWD0	[157, 0, 0, 468, 422, 421, 420, 419, 418]
	 A0A009S0T6	[0, 0, 468, 214, 422, 421, 420, 419, 418]
	 A0A009I5G9	[0, 0, 468, 214, 422, 421, 420, 419, 418]

 ### Operon type: 196

	 A0A013TMJ7	[611, -1, 0, 468, 422, 419, 418, 0, 0]

 ### Operon type: 197

	 A0A009HJJ5	[273, 466, 465, 0, 464, 463, 0, 524, 46]
	 A0A009I8I7	[273, 466, 465, 49, 464, 463, 0, 524, 46]

 ### Operon type: 198

	 A0A010JJN4	[0, 466, 465, 0, 464, 463, 0, 524, 563]
	 A0A013TPR7	[273, 466, 465, 0, 464, 463, 0, 524, 563]
	 A0A009PMT3	[273, 466, 465, 0, 464, 463, 216, 524, 563]
	 A0A009RMI1	[0, 466, 465, 0, 464, 463, 0, 524, 0]
	 A0A009YG45	[0, 273, 466, 465, 464, 0, 463, 216, 524]

 ### Operon type: 199

	 A0A009SEP4	[273, 466, 465, 49, 464, 0, 463, 216, 0]

 ### Operon type: 200

	 A0A009NI48	[273, 466, 465, 0, 464, 0, 0, 0, -1]

 ### Operon type: 201

	 A0A011WLE7	[0, 0, 0, 0, 0, 175, 0, 0, 0]
	 A0A011VU44	[0, 0, 0, 0, 0, 175, 0, 0, 0]

 ### Operon type: 202

	 A0A011VAP2	[0, 0, 115, 0, 0, 0, 0, 0, 190]

 ### Operon type: 203

	 A0A011VRJ8	[0, 0, 0, 0, 0, 0, 115, 0, 0]

 ### Operon type: 204

	 A0A011RNU1	[0, 0, 0, 0, 0, 0, 643, 643, 642]

 ### Operon type: 205

	 A0A011VKJ9	[0, 0, 0, 0, 0, 0, 642, 643, -1]

 ### Operon type: 206

	 A0A011V490	[0, 350, 0, 0, 0, 0, 0, 0, 0]
	 A0A011WT35	[350, 0, 0, 0, 0, 0, 0, 0, 0]

 ### Operon type: 207

	 A0A009T185	[696, 0, 499, 499, 437, 695, 499, 436, 657]

 ### Operon type: 208

	 A0A010IN36	[438, 611, 0, 0, 437, 695, 499, 436, 657]

 ### Operon type: 209

	 A0A009PG43	[695, 499, 226, 698, 0, 436, 657, 0, 0]

 ### Operon type: 210

	 A0A011PQZ7	[0, 0, 0, 513, 587, 0, 512, 0, 0]

 ### Operon type: 211

	 A0A011TUX4	[0, 0, 0, 0, 587, 0, 0, 512, 0]

 ### Operon type: 212

	 A0A011STZ9	[0, 0, 0, 512, 0, 0, 0, 0, 0]

 ### Operon type: 213

	 A0A011PRF5	[510, 0, 0, 0, 0, 0, 0, 0, 0]
	 A0A011PUJ9	[0, 0, 0, 0, 0, 0, 0, 0, 510]

 ### Operon type: 214

	 A0A011PFY8	[0, 0, 0, 0, 0, 0, 0, 0, 544]

 ### Operon type: 215

	 A0A011PNS3	[698, 544, 0, 0, 0, 0, 0, 0, 0]

 ### Operon type: 216

	 A0A011T648	[0, 544, 0, 0, 0, 0, 0, 695, 0]

 ### Operon type: 217

	 A0A011U3C2	[0, 0, 522, 0, 0, 0, 0, 0, 0]
	 A0A011AEN3	[0, 0, 0, 0, 0, 0, 522, 0, 0]

 ### Operon type: 218

	 A0A011AAZ2	[0, 84, 0, 0, 0, 522, 522, 522, 0]

 ### Operon type: 219

	 A0A011T698	[0, 0, 0, 0, 0, 528, 522, 0, 0]

 ### Operon type: 220

	 A0A009SNL0	[51, 50, 0, 0, 0, 0, 0, 0, 0]

 ### Operon type: 221

	 A0A009ZZC8	[-1, 50, 51, 0, 0, 0, 0, 0, 0]

 ### Operon type: 222

	 A0A009ZG48	[0, 0, 0, 545, 0, 0, 0, 0, 0]

 ### Operon type: 223

	 A0A011PEJ8	[0, 0, 546, 545, 0, 0, 0, 0, 0]

 ### Operon type: 224

	 A0A011QNJ7	[617, 0, 0, 545, 0, 0, 0, 617, 0]

 ### Operon type: 225

	 A0A011MMJ4	[0, 0, 0, 0, 0, 0, 0, 617, 0]

 ### Operon type: 226

	 A0A011R8M3	[0, 0, 546, 545, 0, 360, 0, 617, 0]

 ### Operon type: 227

	 A0A009TJ77	[0, 127, 0, 0, 0, 0, 0, 0, 0]

 ### Operon type: 228

	 A0A010RTE7	[0, 0, 0, 0, 0, 0, 36, 127, 0]

 ### Operon type: 229

	 A0A013S8F0	[299, 298, 297, 296, 295, 573, 611, 301, 564]
	 A0A013TPQ9	[299, 298, 297, 296, 295, 573, 611, 301, 564]
	 A0A009PMU2	[299, 298, 297, -1, 295, 573, 611, 301, 564]
	 A0A009SZ84	[299, 298, 297, 296, 295, 573, 611, 301, 564]

 ### Operon type: 230

	 A0A009IG48	[0, 0, 0, 133, 132, 0, 0, 0, 601]

 ### Operon type: 231

	 A0A009IMQ0	[0, 0, 0, 133, 132, 0, 0, 0, 0]

 ### Operon type: 232

	 A0A009SWV1	[0, 0, 0, 0, 0, 0, 0, 133, 0]

 ### Operon type: 233

	 A0A011TAW2	[0, 0, 0, 0, 0, 0, 320, 0, 0]
	 A0A009SFX8	[320, 0, 0, 0, 0, 0, 0, 0, 0]

 ### Operon type: 234

	 A0A011TZN1	[0, 0, 0, 0, 323, 0, 0, 0, 0]
	 A0A009RHH9	[0, 0, 0, 0, 323, 0, 0, 0, 0]

 ### Operon type: 235

	 A0A009PMZ9	[215, 0, 0, 0, 0, 0, 0, 0, 0]
	 A0A009Q512	[0, 0, 0, 0, 215, 0, 0, 0, 0]

 ### Operon type: 236

	 A0A009IFL2	[0, 31, 0, 30, -1, 0, 0, 0]

 ### Operon type: 237

	 A0A009ZDS1	[-1, -1, 0, 31, 0, 0, 462, 0, 0]

 ### Operon type: 238

	 A0A009NPS1	[0, 298, 297, 296, 295, -1, 0, 0, 0]
	 A0A010IZH1	[-1, 298, 297, 296, 295, 573, 0, 0, 0]
	 A0A009HJM0	[0, 298, 297, 296, 295, 573, 0, 0, 0]

 ### Operon type: 239

	 A0A009HUS9	[298, 297, 0, 0, 0, 0, -1, 0, 0]

 ### Operon type: 240

	 A0A009HM15	[0, 160, 159, 0, 0, 0, -1, 0, 0]

 ### Operon type: 241

	 A0A009RQL5	[0, 0, 0, 0, 0, 0, 160, 159, 0]

 ### Operon type: 242

	 A0A009IJ01	[0, 0, 0, 0, 0, 0, 160, 159, 158]

 ### Operon type: 243

	 A0A009NCH6	[0, 0, 0, 0, 0, 0, 0, 159, 158]

 ### Operon type: 244

	 A0A011UB51	[311, 0, 0, 0, 0, 0, 0, 0, 0]
	 A0A011UFH1	[0, 0, 0, 0, 0, 311, 0, 0, 0]

 ### Operon type: 245

	 A0A011V965	[0, -1, -1, 0, 116, 0, -1, -1, 0]
	 A0A011VHP2	[0, -1, -1, -1, 116, 0, 0, 0, 0]

 ### Operon type: 246

	 A0A010RVD0	[-1, 0, 0, -1, 0, 714, 714, 0, 23]

 ### Operon type: 247

	 A0A010T7Q5	[0, 23, 0, 0, 0, 0, -1, 0, 0]

 ### Operon type: 248

	 A0A010SNM6	[0, 0, -1, 0, 0, 0, 611, 0, 0]
	 A0A010SRR2	[0, 0, -1, 0, 0, 0, 0, 0, 611]

 ### Operon type: 249

	 A0A010SJH7	[0, 0, 611, -1, 0, 0, 151, 0, 0]

 ### Operon type: 250

	 A0A010RKP8	[0, 0, 0, 0, 0, 0, -1, 0, 0]
	 A0A011V107	[0, -1, 0, 0, 0, 0, 0, 0, 0]
	 A0A011U7M7	[0, 0, -1, 0, 0, 0, 0, 0, 0]
	 A0A009RG92	[-1, 0, 0, 0, 0, 0, 0, 0, 0]
	 A0A009PH57	[0, 0, -1, 0, 0, 0, 0, 0, 0]
	 A0A009N9Z1	[-1, 0, 0, 0, 0, 0, 0, 0, 0]
	 A0A009QDV7	[-1, 0, 0, 0, 0, 0, 0, 0, 0]
	 A0A010JDA6	[-1, 0, 0, 0, 0, 0, 0, 0, 0]
	 A0A010TF14	[-1, 0, 0, 0, 0, 0, 0, 0, 0]
	 A0A010RY47	[-1, 0, -1, 0, 0, 0, 0, 0, 0]
	 A0A009H6M2	[-1, 0, 0, 0, 0, 0, 0, 0, 0]
	 A0A011UZ32	[0, 0, 0, 0, 0, -1, 0, 0, 0]
	 A0A011UZ49	[0, -1, 0, 0, 0, 0, 0, 0, 0]
	 A0A009HJU6	[0, 0, 0, 0, 0, 0, 0, 0, -1]
	 A0A009IHQ3	[-1, 0, 0, 0, 0, 0, 0, 0, 0]
	 A0A009TG92	[0, 0, -1, 0, 0, 0, 0, 0, 0]

 ### Operon type: 251

	 A0A010SJF9	[0, 0, 0, 0, 0, -1, 0, 101, -1]

 ### Operon type: 252

	 A0A010T5D8	[0, 0, 0, -1, 0, -1, 306, 0, 0]

 ### Operon type: 253

	 A0A011ML54	[0, 0, 0, 619, 0, 0, 0, 0, -1]

 ### Operon type: 254

	 A0A011NHY1	[0, 0, 0, 0, 0, 611, 0, 0, 0]

 ### Operon type: 255

	 A0A010Z171	[0, 0, 0, 0, 0, 0, 611, 0, 412]

 ### Operon type: 256

	 A0A010ZX98	[0, 0, 0, 0, 0, 10, 611, 611, 0]

 ### Operon type: 257

	 A0A010YRE8	[0, 0, 0, 0, 0, 0, 0, 10, 0]

 ### Operon type: 258

	 A0A011AF05	[0, 0, 54, 10, 0, 0, 0, 0, 0]

 ### Operon type: 259

	 A0A011SQL0	[530, 0, -1, 0, 0, 0, 0, 0, 0]

 ### Operon type: 260

	 A0A009ZC82	[0, 0, 530, 0, 0, 0, 0, 0, 0]

 ### Operon type: 261

	 A0A011P3F6	[601, 0, 0, 530, 0, 0, 0, 0, 0]

 ### Operon type: 262

	 A0A011T697	[611, 0, 0, 0, 0, 0, 0, 0, 343]

 ### Operon type: 263

	 A0A011TDD1	[0, 319, 611, 0, 0, 0, 0, 0, 0]

 ### Operon type: 264

	 A0A011VW24	[0, 0, 700, 0, 0, 0, 0, 0, -1]

 ### Operon type: 265

	 A0A011T8V3	[0, 0, 700, 0, 0, 0, 0, 0, 0]

 ### Operon type: 266

	 A0A010TH98	[591, 0, 0, 700, 0, 0, 0, 0, 0]

 ### Operon type: 267

	 A0A011QVR3	[0, 0, 0, 0, 0, 0, 0, 701, 700]

 ### Operon type: 268

	 A0A011RM25	[0, 0, 0, 0, 0, 700, 0, 648, 0]

 ### Operon type: 269

	 A0A011VXC2	[-1, 349, 0, 0, 0, 0, 0, 0, 0]

 ### Operon type: 270

	 A0A011VYF1	[700, 0, 0, 0, 0, 0, 311, 0, 0]

 ### Operon type: 271

	 A0A010S415	[-1, 700, 0, 197, 0, 0, 0, 0, 451]

 ### Operon type: 272

	 A0A011QSN2	[0, 0, 0, 0, 0, 0, 0, 0, 0]
	 A0A011SGD5	[0, 0, 0, 0, 0, 0, 0, 0, 0]
	 A0A011NMI8	[0, 0, 0, 0, 0, 0, 0, 0, 0]
	 A0A011Q056	[0, 0, 0, 0, 0, 0, 0, 0, 0]
	 A0A011Q1B3	[0, 0, 0, 0, 0, 0, 0, 0, 0]
	 A0A011NAJ1	[0, 0, 0, 0, 0, 0, 0, 0, 0]
	 A0A011NAY5	[0, 0, 0, 0, 0, 0, 0, 0, 0]
	 A0A011NDM5	[0, 0, 0, 0, 0, 0, 0, 0, 0]
	 A0A011PBM9	[0, 0, 0, 0, 0, 0, 0, 0, 0]
	 A0A011P4U7	[0, 0, 0, 0, 0, 0, 0, 0, 0]
	 A0A011P9Z5	[0, 0, 0, 0, 0, 0, 0, 0, 0]
	 A0A011NTU3	[0, 0, 0, 0, 0, 0, 0, 0, 0]
	 A0A011PKU5	[0, 0, 0, 0, 0, 0, 0, 0, 0]
	 A0A011PJK8	[0, 0, 0, 0, 0, 0, 0, 0, 0]
	 A0A011PNN2	[0, 0, 0, 0, 0, 0, 0, 0, 0]
	 A0A011QMJ8	[0, 0, 0, 0, 0, 0, 0, 0, 0]
	 A0A010IPH1	[0, 0, 0, 0, 0, 0, 0, 0, 0]
	 A0A011QVV5	[0, 0, 0, 0, 0, 0, 0, 0, 0]
	 A0A011N2Z0	[0, 0, 0, 0, 0, 0, 0, 0, 0]
	 A0A011N3C3	[0, 0, 0, 0, 0, 0, 0, 0, 0]
	 A0A011N4G4	[0, 0, 0, 0, 0, 0, 0, 0, 0]
	 A0A013T8M5	[0, 0, 0, 0, 0, 0, 0, 0, 0]
	 A0A013TEV4	[0, 0, 0, 0, 0, 0, 0, 0, 0]
	 A0A011TWN2	[0, 0, 0, 0, 0, 0, 0, 0, 0]
	 A0A011UHL2	[0, 0, 0, 0, 0, 0, 0, 0, 0]
	 A0A011TAF9	[0, 0, 0, 0, 0, 0, 0, 0, 0]
	 A0A011TLH0	[0, 0, 0, 0, 0, 0, 0, 0, 0]
	 A0A011UBN9	[0, 0, 0, 0, 0, 0, 0, 0, 0]
	 A0A013S2B9	[0, 0, 0, 0, 0, 0, 0, 0, 0]
	 A0A013SBR8	[0, 0, 0, 0, 0, 0, 0, 0, 0]
	 A0A011VYF6	[0, 0, 0, 0, 0, 0, 0, 0, 0]
	 A0A013TPV4	[0, 0, 0, 0, 0, 0, 0, 0, 0]
	 A0A013SL47	[0, 0, 0, 0, 0, 0, 0, 0, 0]
	 A0A011WUT3	[0, 0, 0, 0, 0, 0, 0, 0, 0]
	 A0A009PDV4	[0, 0, 0, 0, 0, 0, 0, 0, 0]
	 A0A009PG53	[0, 0, 0, 0, 0, 0, 0, 0, 0]
	 A0A009PT82	[0, 0, 0, 0, 0, 0, 0, 0, 0]
	 A0A009NQA1	[0, 0, 0, 0, 0, 0, 0, 0, 0]
	 A0A009MMM3	[0, 0, 0, 0, 0, 0, 0, 0, 0]
	 A0A009N031	[0, 0, 0, 0, 0, 0, 0, 0, 0]
	 A0A009N123	[0, 0, 0, 0, 0, 0, 0, 0, 0]
	 A0A011WSE5	[0, 0, 0, 0, 0, 0, 0, 0, 0]
	 A0A011VWR4	[0, 0, 0, 0, 0, 0, 0, 0, 0]
	 A0A011WKI4	[0, 0, 0, 0, 0, 0, 0, 0, 0]
	 A0A009ISY0	[0, 0, 0, 0, 0, 0, 0, 0, 0]
	 A0A009M4K0	[0, 0, 0, 0, 0, 0, 0, 0, 0]
	 A0A009MGJ1	[0, 0, 0, 0, 0, 0, 0, 0, 0]
	 A0A009MGQ8	[0, 0, 0, 0, 0, 0, 0, 0, 0]
	 A0A009MH90	[0, 0, 0, 0, 0, 0, 0, 0, 0]
	 A0A009Q3K7	[0, 0, 0, 0, 0, 0, 0, 0, 0]
	 A0A009QQ47	[0, 0, 0, 0, 0, 0, 0, 0, 0]
	 A0A009I0I9	[0, 0, 0, 0, 0, 0, 0, 0, 0]
	 A0A009IRJ6	[0, 0, 0, 0, 0, 0, 0, 0, 0]
	 A0A010IZE4	[0, 0, 0, 0, 0, 0, 0, 0, 0]
	 A0A010SHY1	[0, 0, 0, 0, 0, 0, 0, 0, 0]
	 A0A011VZG0	[0, 0, 0, 0, 0, 0, 0, 0, 0]
	 A0A011VW71	[0, 0, 0, 0, 0, 0, 0, 0, 0]
	 A0A011V8Y9	[0, 0, 0, 0, 0, 0, 0, 0, 0]
	 A0A009SWU0	[0, 0, 0, 0, 0, 0, 0, 0, 0]
	 A0A009HBT3	[0, 0, 0, 0, 0, 0, 0, 0, 0]
	 A0A011UTJ0	[0, 0, 0, 0, 0, 0, 0, 0, 0]
	 A0A011UWH1	[0, 0, 0, 0, 0, 0, 0, 0, 0]
	 A0A011VMV7	[0, 0, 0, 0, 0, 0, 0, 0, 0]
	 A0A011VNE2	[0, 0, 0, 0, 0, 0, 0, 0, 0]
	 A0A011VSC9	[0, 0, 0, 0, 0, 0, 0, 0, 0]
	 A0A011VUV0	[0, 0, 0, 0, 0, 0, 0, 0, 0]
	 A0A009T1I8	[0, 0, 0, 0, 0, 0, 0, 0, 0]
	 A0A009RR21	[0, 0, 0, 0, 0, 0, 0, 0, 0]
	 A0A009SCM5	[0, 0, 0, 0, 0, 0, 0, 0, 0]
	 A0A009RHH7	[0, 0, 0, 0, 0, 0, 0, 0, 0]
	 A0A009RMD0	[0, 0, 0, 0, 0, 0, 0, 0, 0]
	 A0A009HTN9	[0, 0, 0, 0, 0, 0, 0, 0, 0]
	 A0A009HIL8	[0, 0, 0, 0, 0, 0, 0, 0, 0]
	 A0A009I463	[0, 0, 0, 0, 0, 0, 0, 0, 0]
	 A0A009HL81	[0, 0, 0, 0, 0, 0, 0, 0, 0]
	 A0A011UFM5	[0, 0, 0, 0, 0, 0, 0, 0, 0]
	 A0A011UG71	[0, 0, 0, 0, 0, 0, 0, 0, 0]
	 A0A011UGX8	[0, 0, 0, 0, 0, 0, 0, 0, 0]
	 A0A009PAG1	[0, 0, 0, 0, 0, 0, 0, 0, 0]
	 A0A009R2X0	[0, 0, 0, 0, 0, 0, 0, 0, 0]
	 A0A009R4N4	[0, 0, 0, 0, 0, 0, 0, 0, 0]
	 A0A009RBQ2	[0, 0, 0, 0, 0, 0, 0, 0, 0]
	 A0A009QVK8	[0, 0, 0, 0, 0, 0, 0, 0, 0]
	 A0A009SHB3	[0, 0, 0, 0, 0, 0, 0, 0, 0]
	 A0A009SIF9	[0, 0, 0, 0, 0, 0, 0, 0, 0]
	 A0A010ZJQ6	[0, 0, 0, 0, 0, 0, 0, 0, 0]
	 A0A010YJA7	[0, 0, 0, 0, 0, 0, 0, 0, 0]
	 A0A010SPJ7	[0, 0, 0, 0, 0, 0, 0, 0, 0]
	 A0A010SSQ8	[0, 0, 0, 0, 0, 0, 0, 0, 0]
	 A0A010T025	[0, 0, 0, 0, 0, 0, 0, 0, 0]
	 A0A010ZTI3	[0, 0, 0, 0, 0, 0, 0, 0, 0]
	 A0A011A146	[0, 0, 0, 0, 0, 0, 0, 0, 0]
	 A0A011AIL7	[0, 0, 0, 0, 0, 0, 0, 0, 0]
	 A0A010YZS8	[0, 0, 0, 0, 0, 0, 0, 0, 0]
	 A0A010Z120	[0, 0, 0, 0, 0, 0, 0, 0, 0]
	 A0A009T3J5	[0, 0, 0, 0, 0, 0, 0, 0, 0]

 ### Operon type: 273

	 A0A010TG27	[615, 0, 40, 0, 0, 0, 573, 0, 0]

 ### Operon type: 274

	 A0A011PMK1	[0, 0, 0, 0, 0, 0, 0, 615, 0]

 ### Operon type: 275

	 A0A009HRU1	[0, 193, 0, 0, 0, 0, 0, 0, 0]

 ### Operon type: 276

	 A0A009HSN8	[0, 150, 0, 0, 0, -1, 0, 234, -1]

 ### Operon type: 277

	 A0A009HV82	[156, 0, 0, 0, 0, 0, 0, 0, 0]

 ### Operon type: 278

	 A0A009IG74	[0, 0, 205, 0, 355, -1, 0, 0, 0]

 ### Operon type: 279

	 A0A009IJ90	[0, 48, 0, 0, 0, 0, 0, 0, 0]

 ### Operon type: 280

	 A0A009ISE1	[463, 0, 524, 0, 0, -1, 0, 0, 0]

 ### Operon type: 281

	 A0A009NM94	[0, 634, 634, 0, 0, 0, 319, 0, 0]

 ### Operon type: 282

	 A0A009Q4N5	[0, 0, 210, 0, 0, 0, 0, 0, 0]

 ### Operon type: 283

	 A0A009SSZ9	[0, 107, 0, 0, 0, 0, 0, 0, 0]

 ### Operon type: 284

	 A0A009TBM2	[0, 0, 0, 0, 0, 0, 0, 0, 302]

 ### Operon type: 285

	 A0A009Q8S9	[0, 0, 601, 302, 0, 371, 0, 0, 0]

 ### Operon type: 286

	 A0A009YIH1	[0, 0, 0, 0, 161, 0, -1, -1, 2]

 ### Operon type: 287

	 A0A009YR05	[0, 0, 0, 0, 66, 0, 0, 0, 0]

 ### Operon type: 288

	 A0A009Z004	[56, 0, 56, 0, 0, 412, 0, 0, 0]

 ### Operon type: 289

	 A0A010IGH8	[0, 0, 0, 0, 0, 0, 0, 258, 0]

 ### Operon type: 290

	 A0A010JIN9	[460, 0, 0, 127, 140, 0, 0, 0, 0]

 ### Operon type: 291

	 A0A010RS09	[0, 0, 0, 0, 36, 0, 618, 618, 0]

 ### Operon type: 292

	 A0A010RUQ5	[0, 0, 0, 0, 0, 0, 0, 0, 317]

 ### Operon type: 293

	 A0A010S195	[530, 0, 99, 98, 0, 0, 0, 0, 0]

 ### Operon type: 294

	 A0A010SCZ2	[0, 0, 0, 0, 0, 0, 0, 189, 0]

 ### Operon type: 295

	 A0A010SN41	[0, 0, 0, 0, 186, 0, 0, 0, 0]

 ### Operon type: 296

	 A0A010SSU2	[0, 0, 0, 0, 73, 0, -1, 519, 0]

 ### Operon type: 297

	 A0A010SUP6	[0, 0, 0, 0, 0, 0, 0, 98, 0]

 ### Operon type: 298

	 A0A010SUY9	[0, 0, 0, 0, 0, 360, 546, 0]

 ### Operon type: 299

	 A0A010THK2	[0, 0, -1, 0, 0, 618, 412, 0, 0]

 ### Operon type: 300

	 A0A010SRL4	[40, 0, 0, -1, 0, 0, 0, 412, 129]

 ### Operon type: 301

	 A0A010YF95	[687, 0, 0, 0, 0, 0, 0, 0, 0]

 ### Operon type: 302

	 A0A010YT39	[0, 614, 0, 0, 0, 0, 0, 0, 0]

 ### Operon type: 303

	 A0A010YX61	[281, 522, 0, 700, 0, 0, 0, 0, 0]

 ### Operon type: 304

	 A0A010ZWJ8	[0, 0, 0, 0, 0, 521, 0, 0, 0]

 ### Operon type: 305

	 A0A009ZVR4	[639, 0, 522, 0, 0, 28, 0, 0, 0]

 ### Operon type: 306

	 A0A011AHW1	[0, 0, 0, 0, 0, 0, 0, 11, 0]

 ### Operon type: 307

	 A0A011NE37	[276, 0, 0, 0, 0, 0, 0, 0, 0]

 ### Operon type: 308

	 A0A011NF78	[0, 0, 721, 0, 0, 0, 0, 0, 0]

 ### Operon type: 309

	 A0A011NVE2	[0, 0, 0, 695, 0, 0, 611, 0, 495]

 ### Operon type: 310

	 A0A011NXJ4	[0, 0, 0, 0, 0, 0, 0, 0, 492]

 ### Operon type: 311

	 A0A011P8I1	[0, 0, 523, 522, 0, 0, 0, 0, 521]

 ### Operon type: 312

	 A0A011P9Q7	[517, 0, 0, 0, 0, 0, 0, 0, 0]

 ### Operon type: 313

	 A0A011PCT1	[0, 0, 0, 0, 0, 0, 0, 650, 0]

 ### Operon type: 314

	 A0A011PJ75	[0, 695, 499, 695, 0, 0, 0, 0, 0]

 ### Operon type: 315

	 A0A011PRB4	[0, 0, 0, 0, 0, 0, 0, 511, 0]

 ### Operon type: 316

	 A0A011Q5V7	[686, 0, 0, 0, 0, 0, 0, 0, 0]

 ### Operon type: 317

	 A0A011QU35	[0, 0, 0, 0, 710, 0, 0, 0, 0]

 ### Operon type: 318

	 A0A011QVT2	[699, 0, 0, 0, 0, 0, 0, 698, 0]

 ### Operon type: 319

	 A0A011RP14	[0, 0, 0, 0, 0, 0, 0, 641, 0]

 ### Operon type: 320

	 A0A011SM49	[611, 0, 641, 0, 0, 0, 376, 0, 0]

 ### Operon type: 321

	 A0A011AM27	[512, 0, 0, 0, 464, 0, 0, 0, 17]

 ### Operon type: 322

	 A0A011T607	[0, 0, 656, 0, 0, 0, 0, 0, 319]

 ### Operon type: 323

	 A0A010S5W8	[0, 0, 413, 656, 0, 0, 0, 0, 0]

 ### Operon type: 324

	 A0A011MSR2	[0, 0, 0, 413, 0, 0, 0, 683, 0]

 ### Operon type: 325

	 A0A010YYJ5	[0, 0, 0, 683, 0, 0, 0, 28, 28]

 ### Operon type: 326

	 A0A011TED9	[0, 0, 0, 0, 0, 322, 0, 0, 0]

 ### Operon type: 327

	 A0A011TXS5	[0, 375, 0, 0, 0, 0, 0, 0, 0]

 ### Operon type: 328

	 A0A011U144	[0, 317, 0, 0, 0, 0, 492, 400, 0]

 ### Operon type: 329

	 A0A011U1C8	[528, 0, 0, 0, 0, 0, 0, 0, 316]

 ### Operon type: 330

	 A0A011U483	[0, 0, 0, 0, 0, 527, 0, 0, 0]

 ### Operon type: 331

	 A0A011UDF3	[0, 0, 0, 0, 0, 367, 0, 0, 0]

 ### Operon type: 332

	 A0A011UG86	[0, 531, 0, 0, 0, 101, 0, 0, 0]

 ### Operon type: 333

	 A0A011UGY3	[0, 0, 0, 42, 0, 0, 0, 42, 0]

 ### Operon type: 334

	 A0A011UJN3	[0, 436, 0, 0, 0, 0, 0, 0, 0]

 ### Operon type: 335

	 A0A009INE0	[438, 0, 0, 0, 0, 0, 0, 499, 436]

 ### Operon type: 336

	 A0A011UQB5	[631, 555, 0, 0, 0, 0, 0, 311, 0]

 ### Operon type: 337

	 A0A011UVI5	[0, 0, 0, 0, 0, 81, 695, 695, 0]

 ### Operon type: 338

	 A0A011UWI3	[0, 0, 0, 0, 212, 0, 126, 530, 0]

 ### Operon type: 339

	 A0A011V5E6	[0, 0, 0, 0, 0, 351, 0, 0, 0]

 ### Operon type: 340

	 A0A011M4H6	[190, 0, 571, 0, 0, 0, 0, 0, 0]

 ### Operon type: 341

	 A0A011VSV3	[0, 0, 0, 0, 0, 0, 540, 0, 0]

 ### Operon type: 342

	 A0A011VWI0	[0, 0, 0, 0, 0, 119, 0, 0, 0]

 ### Operon type: 343

	 A0A011VZ91	[178, 0, 0, 0, 0, 0, 0, 0, 0]

 ### Operon type: 344

	 A0A011W213	[0, 0, 0, 0, 0, 496, 0, 0, 0]

 ### Operon type: 345

	 A0A011WP76	[0, 0, 0, 0, 0, 0, 0, 0, 703]

 ### Operon type: 346

	 A0A011WSD4	[0, 0, 0, -1, 0, 683, 0, 0, 350]

 ### Operon type: 347

	 A0A011VZF5	[0, 0, 348, 347, 0, 683, 350, 683, 0]

 ### Operon type: 348

	 A0A011WSU6	[0, 683, 0, 0, 345, 0, 0, 0, 0]

 ### Operon type: 349

	 A0A013S843	[0, 301, 0, 0, 0, 0, -1, 300, 0]

 ### Operon type: 350

	 A0A013S981	[291, 0, 0, 0, 0, 0, 0, 0, 0]

 ### Operon type: 351

	 A0A013T337	[0, 0, 0, 0, 0, 0, 0, 0, 406]

 ### Operon type: 352

	 A0A013T5E6	[0, 0, 0, 405, 0, 0, 0, 0, 0]

 ### Operon type: 353

	 A0A013SGL3	[283, 282, 281, 280, 279, 562, 278, 528, 277]
	 A0A010KAV2	[283, 0, 0, 280, 279, 562, 278, 528, 277]
	 A0A009NE81	[283, 282, 281, 280, 279, 562, 278, 528, 277]
	 A0A009RQH3	[283, 0, 0, 280, 279, 562, 278, 528, 277]
	 A0A009I5Z6	[283, 0, 281, 280, 279, 562, 278, 528, 277]

 ### Operon type: 354

	 A0A013TB41	[283, -1, 0, 0, 279, 562, 278, 528, 277]

 ### Operon type: 355

	 A0A009H3X4	[283, 0, 0, 0, 279, 562, -1, 618, -1]

 ### Operon type: 356

	 A0A009YL68	[0, 0, 528, 283, 279, 0, 0, 3, 0]

 ### Operon type: 357

	 A0A009T9H0	[0, 2, 601, -1, 0, 0, 194, 0, 193]

 ### Operon type: 358

	 A0A010THH5	[0, 120, 31, 81, 0, 0, 629, 0, 462]

 ### Operon type: 359

	 A0A011WSH8	[0, 0, 0, 573, 187, 0, 0, 0, 0]
	 A0A011VZE3	[0, 0, 0, 573, 187, 0, 0, 0, 0]

 ### Operon type: 360

	 A0A011NAF3	[0, 0, 0, 0, 0, 0, 573, 0, 622]

 ### Operon type: 361

	 A0A009IQ93	[310, 0, 573, 0, 0, 129, 0, 0, 0]

 ### Operon type: 362

	 A0A009TLU4	[0, 375, -1, 162, 0, 21, 0, -1, -1]

 ### Operon type: 363

	 A0A010JNG7	[468, 0, 0, 467, 0, 0, 0, 0, 0]

 ### Operon type: 364

	 A0A010S003	[536, 0, 0, 0, 0, 531, 531, 202, 0]

 ### Operon type: 365

	 A0A010SMN8	[0, -1, 100, 0, 575, 0, 0, 543, 0]

 ### Operon type: 366

	 A0A010SXS1	[0, 226, 0, 0, 0, 176, 0, 0, 698]

 ### Operon type: 367

	 A0A010T689	[17, -1, 629, 644, 0, 0, 0, 0, 0]

 ### Operon type: 368

	 A0A010TBB4	[0, 102, 0, 101, 0, 0, 0, 0, 528]

 ### Operon type: 369

	 A0A010YFK3	[0, 649, 0, 0, 0, 0, 63, 0, 316]

 ### Operon type: 370

	 A0A010YVY1	[7, 0, 7, 0, 0, 0, 0, 202, 0]

 ### Operon type: 371

	 A0A010Z7T4	[0, 0, 0, 0, 0, 0, 0, 566, 513]

 ### Operon type: 372

	 A0A010RRR9	[0, 0, 0, 0, 568, 0, 0, 567, 566]

 ### Operon type: 373

	 A0A010SIA7	[0, 0, 567, 122, 0, 0, 0, 0, 0]

 ### Operon type: 374

	 A0A010ZSZ2	[0, 84, 0, 14, 13, 0, 0, 0, 0]

 ### Operon type: 375

	 A0A010Z0Y7	[0, 0, 0, 0, 13, 197, 0, 0, 0]

 ### Operon type: 376

	 A0A010ZUR7	[191, 12, 0, 12, 0, 11, 202, 0, 0]

 ### Operon type: 377

	 A0A011A0M8	[0, 0, 412, 0, 30, 0, 0, 9, 9]

 ### Operon type: 378

	 A0A011NFL4	[0, 633, 0, 0, 616, 615, 0, 614, 0]

 ### Operon type: 379

	 A0A011P407	[0, 0, 529, 632, 0, 0, 528, 0, 527]

 ### Operon type: 380

	 A0A011QGT2	[573, 0, 0, 480, 479, 0, 0, 0, 0]

 ### Operon type: 381

	 A0A011QSA4	[724, 0, 723, 722, 0, 0, 0, 0, 721]

 ### Operon type: 382

	 A0A011T6J6	[0, 686, 0, 522, 0, 0, 342, 0, 341]

 ### Operon type: 383

	 A0A011TAL2	[0, 656, 0, 0, 0, 321, 0, 493, 0]

 ### Operon type: 384

	 A0A011TYT7	[0, 0, 0, 0, 0, 0, 374, 373, 373]

 ### Operon type: 385

	 A0A011TZG0	[412, 684, 0, 0, 0, 0, 0, 381, 0]

 ### Operon type: 386

	 A0A011Q6N5	[0, 0, 0, 0, 0, 0, 685, 684, 685]

 ### Operon type: 387

	 A0A011UII7	[0, 0, 0, 0, 0, 495, 372, 0, 0]

 ### Operon type: 388

	 A0A011UNT9	[371, 379, 0, 0, 0, 0, 0, 0, 0]

 ### Operon type: 389

	 A0A011SIS0	[0, 671, 380, 380, 0, 0, 0, 379, 0]

 ### Operon type: 390

	 A0A011UT49	[0, 84, 0, 0, 0, 0, 226, 83, 0]

 ### Operon type: 391

	 A0A011VU65	[64, 0, 0, 0, 0, 63, 0, 0, 0]

 ### Operon type: 392

	 A0A011VV03	[0, 191, 0, 0, 337, 190, 0, 0, 0]

 ### Operon type: 393

	 A0A011VVZ9	[0, 0, -1, 0, 0, 189, 188, 188, 378]

 ### Operon type: 394

	 A0A011VWX7	[698, 339, 0, 0, 0, 0, 0, 630, 0]

 ### Operon type: 395

	 A0A011VXK7	[634, 634, 0, 441, 0, 0, 0, 688, 0]

 ### Operon type: 396

	 A0A011W0I6	[177, 0, 0, 0, 0, 409, 0, 619, 0]

 ### Operon type: 397

	 A0A010YEF6	[0, 177, 0, 0, 0, 0, 0, 0, 26]

 ### Operon type: 398

	 A0A013SQH1	[0, 0, 0, 0, 186, 490, 0, 468, 560]

 ### Operon type: 399

	 A0A009LNU8	[183, 185, 246, 245, 0, 162, 0, 468, 0]

 ### Operon type: 400

	 A0A013SRG6	[244, 245, 246, 185, 0, 184, 0, 183, 610]

 ### Operon type: 401

	 A0A009IQU8	[0, 185, 0, 0, 0, 184, 610, 0, 0]

 ### Operon type: 402

	 A0A010K2K8	[246, 245, 244, 0, 0, 0, 0, -1, 468]

 ### Operon type: 403

	 A0A011NPR8	[0, 610, 0, 0, 0, 0, 609, 0, 0]

 ### Operon type: 404

	 A0A010SEA2	[690, 609, 120, 0, 0, 0, 0, 0, 0]

 ### Operon type: 405

	 A0A009ZIC0	[79, 86, 570, 128, 262, 576, 85, 102, 261]

 ### Operon type: 406

	 A0A009ZB47	[93, 27, 0, 0, 0, 683, 460, 0, 0]

 ### Operon type: 407

	 A0A010RM40	[574, 573, 585, 0, 0, 0, 0, -1, 572]

 ### Operon type: 408

	 A0A010RRQ6	[0, 571, 0, 0, 0, 575, 570, 569, 0]

 ### Operon type: 409

	 A0A010S423	[342, 0, 0, 0, 0, 0, 0, 126, 638]

 ### Operon type: 410

	 A0A010T0I7	[0, 0, 26, 0, 0, 523, 723, 573, 0]

 ### Operon type: 411

	 A0A011AHU9	[0, 0, 0, 0, 0, 0, 0, 8, 628]

 ### Operon type: 412

	 A0A010YY02	[0, 6, 0, 0, 6, 588, 5, 0, 8]

 ### Operon type: 413

	 A0A011NA78	[0, 561, 0, 0, 0, 714, 0, 0, 572]

 ### Operon type: 414

	 A0A011P8W7	[520, 529, 698, 0, 519, 0, 0, 0, 0]

 ### Operon type: 415

	 A0A011PG97	[543, 0, 0, 542, 0, 0, 0, 0, 0]

 ### Operon type: 416

	 A0A011PKT4	[0, 490, 0, 0, 0, 0, 489, 0, 0]

 ### Operon type: 417

	 A0A011PLB2	[0, 520, 0, 491, 0, 0, 0, 0, 0]

 ### Operon type: 418

	 A0A011R339	[0, 0, 0, 0, 0, 0, 333, 332, 0]

 ### Operon type: 419

	 A0A011SFE5	[0, 0, 0, 634, 0, 0, 633, 632, 631]

 ### Operon type: 420

	 A0A011SJT5	[0, 0, 0, 378, 377, 377, 377, 377, 377]

 ### Operon type: 421

	 A0A011TDQ5	[0, 0, 0, 0, 318, 410, 0, 0, 0]

 ### Operon type: 422

	 A0A011UG17	[217, 0, 179, 0, 43, 64, 0, 0, 0]

 ### Operon type: 423

	 A0A011V8Z7	[0, 0, 0, 0, 0, 118, 117, 0, 0]

 ### Operon type: 424

	 A0A011VT01	[0, 0, 65, 0, 0, 65, 0, 0, 220]

 ### Operon type: 425

	 A0A011VYP6	[0, 0, 0, 0, 0, 0, 179, 485, 0]

 ### Operon type: 426

	 A0A011V392	[349, 0, 511, 348, 347, 346, 0, 345, 344]

 ### Operon type: 427

	 A0A009Q0U9	[429, 91, 90, 0, 89, 88, -1, -1, 0]

 ### Operon type: 428

	 A0A010SRB2	[21, 20, 0, 0, 0, 20, 19, 0, 0]

 ### Operon type: 429

	 A0A011VJ76	[67, 67, 83, 614, 0, 573, 412, 0, 529]

 ### Operon type: 430

	 A0A013SKX6	[0, 0, 640, 0, 355, 355, 354, 353, 352]

 ### Operon type: 431

	 A0A010KA25	[460, 0, 629, 426, 243, 0, 0, 460, 298]

 ### Operon type: 432

	 A0A011WUA8	[668, 0, 0, 264, 0, 0, 0, 263, 263]

 ### Operon type: 433

	 A0A010S4X6	[0, 197, 585, 531, 269, 0, 494, 488, 618]

 ### Operon type: 434

	 A0A011U8C0	[0, 315, 314, 0, 313, 312, 0, 0, 0]
