
 ### Operon type: 1

	 A0A010ILU3	[634, 633, 632, 631, 630, 629, 628, 627, 626]
	 A0A009MW50	[634, 633, 632, 631, 630, 629, 628, 627, 626]
	 A0A009QS71	[634, 633, 632, 631, 630, 629, 628, 627, 626]
	 A0A009H3B0	[634, 633, 632, 631, 630, 629, 628, 627, 626]
	 A0A009QBR9	[634, 633, 632, 631, 630, 629, 627, 626, 120]
	 A0A009I8S2	[634, 633, 632, 631, 630, 629, 627, 626, 120]
	 A0A009TM70	[634, 633, 632, 631, 630, 629, 627, 626, 120]

 ### Operon type: 2

	 A0A013TH43	[429, 428, 547, 505, 427, 426, 425, 424, 516]
	 A0A009RAF0	[429, 428, 547, 505, 427, 426, 425, 424, 516]

 ### Operon type: 3

	 A0A011PVT3	[784, 677, 676, 675, 674, 673, 672, 671, 670]
	 A0A011R7V7	[784, 677, 676, 675, 674, 673, 672, 671, 670]
	 A0A011MET3	[784, 677, 676, 675, 674, 673, 672, 671, 670]

 ### Operon type: 4

	 A0A013SNJ8	[595, 396, 626, 395, 394, 393, 403, 392, 391]
	 A0A013RZW2	[595, 396, 626, 395, 394, 393, 403, 392, 391]
	 A0A009PH20	[595, 396, 626, 395, 394, 393, 403, 392, 391]
	 A0A009MMM3	[595, 396, 626, 395, 394, 393, 403, 392, 391]
	 A0A009IV03	[595, 396, 626, 395, 394, 393, 403, 392, 391]
	 A0A009RD69	[595, 396, 626, 395, 394, 393, 403, 392, 391]
	 A0A009HBT3	[595, 396, 626, 395, 394, 393, 403, 392, 391]
	 A0A009SIZ4	[595, 396, 626, 395, 394, 393, 403, 392, 391]
	 A0A010J9U3	[595, 396, 626, 395, 394, 393, 403, 392, 391]
	 A0A009YIZ0	[595, 396, 626, 395, 394, 393, 403, 392, 391]

 ### Operon type: 5

	 A0A009PH57	[260, 259, -1, 258, 257, 793, 344, 526, 256]
	 A0A009TG92	[260, 259, -1, 258, 257, 793, 344, 526, 256]

 ### Operon type: 6

	 A0A013S288	[466, 378, 377, 376, 393, 375, 374, 373, 372]
	 A0A009N031	[466, 378, 377, 376, 393, 375, 374, 373, 372]
	 A0A009PWG1	[466, 378, 377, 376, 393, 375, 374, 373, 372]
	 A0A009R2X0	[466, 378, 377, 376, 393, 375, 374, 373, 372]
	 A0A009I0I9	[466, 378, 377, 376, 393, 375, 374, 373, 372]
	 A0A013SXT2	[466, 378, 377, 376, 393, 375, 374, 373, 372]
	 A0A009SFX8	[466, 378, 377, 376, 46, 393, 375, 374, 373]
	 A0A010J3I1	[466, 378, 377, 376, 393, 375, 374, 373, 372]
	 A0A009TBM2	[378, 377, 376, 46, 393, 375, 374, 373, 372]

 ### Operon type: 7

	 A0A010IMP8	[622, 834, 621, 620, 619, 618, 617, 616, 615]
	 A0A013SZ54	[622, 834, 621, 620, 619, 618, 617, 616, 615]
	 A0A013T8M5	[622, 834, 621, 620, 619, 618, 617, 616, 615]
	 A0A009N123	[622, 834, 621, 620, 619, 618, 617, 616, 615]
	 A0A009Q3K7	[622, 834, 621, 620, 619, 618, 617, 616, 615]
	 A0A009IRJ6	[622, 834, 621, 620, 619, 618, 617, 616, 615]
	 A0A009RBQ2	[622, 834, 621, 620, 619, 618, 617, 616, 615]
	 A0A009H7U0	[622, 834, 621, 620, 619, 618, 617, 616, 615]
	 A0A009SWU0	[622, 834, 621, 620, 619, 618, 617, 616, 615]
	 A0A009ZM43	[-1, 834, 621, 620, 619, 618, 617, 616, 615]

 ### Operon type: 8

	 A0A013RMD0	[-1, 387, 656, 386, 385, 661, 384, 383, 382]
	 A0A009S854	[-1, 387, 656, 386, 385, 661, 384, 383, 382]
	 A0A009N9Z1	[-1, 387, 656, 386, 385, 661, 384, 383, 382]
	 A0A009H6M2	[-1, 387, 656, 386, 385, 661, 384, 383, 382]
	 A0A009QDV7	[-1, 387, 656, 386, 385, 661, 384, 383, 382]
	 A0A009IHQ3	[-1, 387, 656, 386, 385, 661, 384, 383, 382]
	 A0A009RG92	[-1, 387, 656, 386, 385, 661, 384, 383, 382]
	 A0A010JDA6	[-1, 387, 656, 386, 385, 661, 384, 383, 382]
	 A0A009ZIC0	[142, 387, 656, 386, 385, 661, 384, 383, 382]

 ### Operon type: 9

	 A0A011UIA1	[281, 280, 279, 278, 277, 276, 275, 274, 0]
	 A0A011V5V3	[0, 281, 280, 279, 278, 277, 276, 275, 274]

 ### Operon type: 10

	 A0A011PTE7	[556, 555, 554, 553, 552, 0, 551, 550, 549]
	 A0A011NE72	[556, 555, 554, 553, 552, 551, 550, 549, 0]

 ### Operon type: 11

	 A0A009I4A1	[161, 160, 873, 159, 158, 157, 156, 155, 154]
	 A0A010JWJ1	[161, 160, 873, 159, 158, 157, 156, 155, 154]

 ### Operon type: 12

	 A0A009QF22	[119, 118, 161, 0, 158, 157, 156, 155, 154]
	 A0A009TBY8	[119, 118, 161, 159, 158, 157, 156, 155, 154]

 ### Operon type: 13

	 A0A011NEY3	[482, 700, 699, 698, 698, 697, 696, 695, 0]

 ### Operon type: 14

	 A0A011PAN4	[700, 699, 0, 698, 698, 697, 696, 695, 694]

 ### Operon type: 15

	 A0A011RCD5	[482, 700, 699, 698, 698, 697, 696, 695, 694]

 ### Operon type: 16

	 A0A011P4U7	[0, 717, 716, 715, 714, 713, 712, 711, 710]
	 A0A011NAY5	[717, 716, 715, 714, 713, 712, 711, 710, 0]

 ### Operon type: 17

	 A0A011PF67	[692, 691, 690, 689, 688, 0, 0, 0, 0]
	 A0A011NW66	[692, 691, 690, 689, 688, 495, 0, 0, 0]
	 A0A011NBX7	[692, 691, 690, 689, 688, 495, 0, 0, 0]

 ### Operon type: 18

	 A0A011NS68	[692, 691, 690, 689, 688, 501, 500, 499, 722]
	 A0A011RHX4	[692, 691, 690, 689, 688, 501, 500, 499, 0]

 ### Operon type: 19

	 A0A010YT39	[0, 55, 21, 655, 20, 19, 18, 17, 355]

 ### Operon type: 20

	 A0A010Z7T4	[21, 655, 20, 19, 18, 17, 355, 653, 559]

 ### Operon type: 21

	 A0A013SP43	[405, 404, 403, 402, 401, 400, 399, 398, 397]
	 A0A009RUN3	[405, 404, 403, 402, 401, 400, 399, 398, 397]
	 A0A010K6G6	[405, 404, 403, 402, 401, 400, 399, 0, 397]

 ### Operon type: 22

	 A0A011VWR4	[0, 0, 0, 0, 203, 202, 201, 200, 199]

 ### Operon type: 23

	 A0A011VYP6	[203, 202, 201, 200, 199, 0, 198, 675, 0]

 ### Operon type: 24

	 A0A011QAS2	[0, 747, 746, 745, 744, 743, 742, 741, 740]
	 A0A011NEQ1	[0, 747, 746, 745, 744, 743, 742, 741, 740]

 ### Operon type: 25

	 A0A010JSI3	[669, 668, 667, 666, 665, 664, 663, 662, 0]
	 A0A013T0M4	[669, 668, 667, 666, 665, 664, 663, 662, 0]
	 A0A009HDS5	[669, 668, 667, 666, 665, 664, 663, 662, 133]
	 A0A009RGL2	[669, 668, 667, 666, 665, 664, 663, 662, 133]

 ### Operon type: 26

	 A0A009SNL0	[112, 111, 356, 326, 325, 324, 323, 322, 321]

 ### Operon type: 27

	 A0A009T1I8	[356, 326, 325, 324, 323, 322, 321, 0, 0]

 ### Operon type: 28

	 A0A011VW71	[0, 185, 184, 183, 182, 181, 180, 544, 299]
	 A0A011VUV0	[185, 184, 183, 182, 181, 180, 544, 299, 0]

 ### Operon type: 29

	 A0A011UG71	[77, 82, 76, 179, 178, 177, 176, 175, 174]

 ### Operon type: 30

	 A0A011V8Z7	[0, 0, 77, 82, 76, 179, 178, 177, 176]

 ### Operon type: 31

	 A0A011V8Y9	[179, 178, 177, 176, 175, 174, 0, 0, 0]

 ### Operon type: 32

	 A0A011U8C0	[0, 177, 82, 0, 523, 175, 0, 0, 0]

 ### Operon type: 33

	 A0A011QSF0	[0, 827, 826, 825, 824, 823, 822, 821, 0]
	 A0A011QBB5	[800, 827, 826, 825, 824, 823, 822, 821, 799]
	 A0A011Q0X6	[800, 827, 826, 825, 824, 823, 822, 821, 799]
	 A0A011Q1X8	[827, 0, 826, 825, 824, 823, 822, 821, 799]

 ### Operon type: 34

	 A0A011PG87	[800, 827, 826, 825, 824, 823, 822, 0, 0]

 ### Operon type: 35

	 A0A011PCT1	[814, 813, 812, 0, 0, 0, 0, 777, 0]

 ### Operon type: 36

	 A0A011QU35	[0, 0, 0, 0, 815, 0, 814, 813, 812]

 ### Operon type: 37

	 A0A011Q2B1	[818, 782, 815, 781, 812, 780, 779, 778, 777]

 ### Operon type: 38

	 A0A011RLN8	[817, 816, 815, 781, 812, 780, 779, 778, 777]

 ### Operon type: 39

	 A0A011P700	[0, 0, 820, 819, 818, 782, 815, 781, 812]

 ### Operon type: 40

	 A0A011QSI4	[0, 0, 820, 819, 818, 0, 817, 816, 815]

 ### Operon type: 41

	 A0A013T337	[487, 658, 444, 443, 442, 802, 441, 805, 440]
	 A0A013TH30	[487, 658, 444, 443, 442, 802, 441, 805, 440]
	 A0A013S981	[367, 487, 658, 444, 443, 442, 802, 441, 805]

 ### Operon type: 42

	 A0A010JY00	[367, 487, 658, 444, 104, 802, 441, 805, 440]

 ### Operon type: 43

	 A0A013TPV4	[417, 416, 415, 414, 413, 412, 539, 873, 411]
	 A0A009SZB5	[417, 416, 415, 414, 413, 412, 539, 873, 411]
	 A0A009QQ47	[417, 416, 415, 414, 413, 412, 539, 873, 411]
	 A0A009MGJ1	[417, 416, 415, 414, 413, 412, 539, 873, 411]
	 A0A009HL81	[417, 416, 415, 414, 413, 412, 539, 873, 411]
	 A0A009HR98	[417, 416, 415, 414, 413, 412, 539, 873, 411]
	 A0A010IZE4	[417, 416, 415, 414, 413, 412, 539, 873, 411]

 ### Operon type: 44

	 A0A009Z8F7	[416, 415, 412, 0, 413, 311, 311, 0, 310]

 ### Operon type: 45

	 A0A009R016	[146, 145, 144, 143, 142, -1, 652, 141, 140]
	 A0A009HFU9	[146, 145, 144, 143, 142, 652, 141, 140, 0]

 ### Operon type: 46

	 A0A011UJN3	[0, 611, 0, 0, 513, 512, 511, 510, 509]

 ### Operon type: 47

	 A0A011W213	[513, 512, 511, 510, 509, 498, 0, 0, 0]

 ### Operon type: 48

	 A0A011QIT1	[861, 860, 859, 858, 857, 856, 855, 854, 853]
	 A0A011QUG8	[861, 860, 859, 858, 857, 856, 0, 855, 854]

 ### Operon type: 49

	 A0A011PP01	[562, 561, 560, 679, 770, 771, 772, 773, 774]
	 A0A011NVE7	[562, 561, 560, 679, 770, 771, 772, 773, 774]

 ### Operon type: 50

	 A0A011P2I4	[750, 680, 775, 774, 773, 772, 771, 770, 679]
	 A0A011N9N8	[750, 680, 775, 774, 773, 772, 771, 770, 679]

 ### Operon type: 51

	 A0A011PIY7	[776, 0, 775, 774, 773, 772, 771, 0, 679]

 ### Operon type: 52

	 A0A011Q3J4	[0, 776, 775, 774, 773, 772, 771, 770, 0]

 ### Operon type: 53

	 A0A011MH88	[328, 776, 775, 774, 773, 772, 771, 770, 679]

 ### Operon type: 54

	 A0A013SPM5	[438, 437, 436, 435, 434, 433, 432, 431, 430]
	 A0A009QFZ7	[438, 437, 436, 435, 434, 433, 432, 431, 430]
	 A0A009MH71	[438, 437, 436, 435, 434, 433, 432, 431, 430]
	 A0A009I6Z0	[438, 437, 436, 435, 434, 433, 432, 431, 430]
	 A0A009HSL1	[438, 437, 436, 435, 434, 433, 432, 431, 430]
	 A0A010IX62	[438, 437, 436, 435, 434, 433, 432, 431, 430]
	 A0A009TK03	[438, 437, 436, 435, 434, 433, 432, 431, 430]

 ### Operon type: 55

	 A0A009ZIX8	[0, 32, 436, 435, 434, 724, 0, 430, 0]

 ### Operon type: 56

	 A0A010JJN4	[650, 649, 648, 647, 646, 645, 644, 706, 643]
	 A0A013TPR7	[650, 649, 648, 647, 646, 645, 644, 706, 643]
	 A0A009PMT3	[650, 649, 648, 647, 646, 645, 644, 706, 643]
	 A0A009NI48	[650, 649, 648, 647, 646, 645, 644, 706, -1]
	 A0A009HJJ5	[650, 649, 648, 647, 646, 645, 644, 706, 116]
	 A0A009SEP4	[650, 649, 648, 647, 646, 0, 645, 644, 0]
	 A0A009RMI1	[650, 649, 648, 647, 646, 645, 644, 706, 0]
	 A0A009I8I7	[650, 649, 648, 647, 646, 645, 644, 706, 116]
	 A0A009YG45	[0, 650, 649, 648, 646, 0, 645, 644, 706]

 ### Operon type: 57

	 A0A013TPQ9	[423, 422, 421, 420, 419, 873, 865, 418, 488]
	 A0A013S8F0	[423, 422, 421, 420, 419, 873, 865, 418, 488]
	 A0A009PMU2	[423, 422, 421, -1, 419, 873, 865, 418, 488]
	 A0A009HJM0	[423, 422, 421, 420, 419, 873, 865, 418, 488]
	 A0A009SZ84	[423, 422, 421, 420, 419, 873, 865, 418, 488]
	 A0A010IZH1	[-1, 422, 421, 420, 419, 873, 865, 418, 488]

 ### Operon type: 58

	 A0A009HUS9	[422, 421, 0, 420, 419, 169, -1, 170, 171]

 ### Operon type: 59

	 A0A009ISE1	[645, 644, 706, 171, 170, -1, 169, 419, 420]

 ### Operon type: 60

	 A0A009NPS1	[423, 422, 421, 420, 419, -1, 706, 644, 645]

 ### Operon type: 61

	 A0A013SB36	[366, 365, 364, 363, 362, 492, 491, 361, 360]
	 A0A009QSI3	[366, 365, 364, 363, 362, 492, 491, 361, -1]

 ### Operon type: 62

	 A0A010ITP2	[366, 365, 364, 363, 362, 492, 491, 0, 0]

 ### Operon type: 63

	 A0A009SII9	[-1, 365, 364, 363, 362, 492, 491, 330, 329]

 ### Operon type: 64

	 A0A009T0Q9	[362, 492, 491, 330, 329, 360, 328, 873, 327]

 ### Operon type: 65

	 A0A009YJF4	[0, 492, 491, 84, 83, 328, 873, 0, 327]

 ### Operon type: 66

	 A0A009GP96	[0, 99, 873, 653, 98, 89, 652, 97, 96]

 ### Operon type: 67

	 A0A009GSR4	[653, 98, 89, 652, 97, 96, 96, 95, 0]

 ### Operon type: 68

	 A0A009IIT6	[99, 873, 653, 98, 97, 96, 96, 95, 0]

 ### Operon type: 69

	 A0A011SQL0	[721, 525, -1, 524, 523, 522, 521, 520, 519]
	 A0A011UZ49	[525, -1, 524, 523, 522, 521, 520, 519, 0]

 ### Operon type: 70

	 A0A009PT82	[680, 801, 250, 249, 248, 247, 246, 245, 308]
	 A0A009SIF9	[680, 801, 250, 249, 248, 247, 246, 245, 308]

 ### Operon type: 71

	 A0A009IS10	[300, 0, 0, 0, 248, 247, 246, 0, 0]

 ### Operon type: 72

	 A0A009QHW5	[0, 0, 0, 634, 248, 247, 246, 0, 309]

 ### Operon type: 73

	 A0A011UVB4	[0, 0, 0, 312, 0, 0, 300, 0, 299]

 ### Operon type: 74

	 A0A011V107	[287, -1, 461, 459, 462, 458, 286, 285, 0]
	 A0A011U7M7	[0, 287, -1, 461, 459, 462, 458, 286, 285]

 ### Operon type: 75

	 A0A011TLH0	[463, 462, 461, 460, 459, 458, 0, 0, 0]

 ### Operon type: 76

	 A0A011UG87	[455, 456, 457, 463, 462, 461, 460, 459, 458]

 ### Operon type: 77

	 A0A011TLH7	[457, 456, 455, 0, 0, 0, 0, 0, 0]

 ### Operon type: 78

	 A0A011TAF9	[0, 0, 474, 473, 472, 471, 470, 469, 468]
	 A0A011TWN2	[474, 473, 472, 471, 470, 469, 468, 0, 0]

 ### Operon type: 79

	 A0A011Q5V7	[765, 0, 0, 0, 764, 763, 762, 761, 760]

 ### Operon type: 80

	 A0A011RM25	[764, 763, 762, 761, 760, 810, 0, 547, 0]

 ### Operon type: 81

	 A0A011QIE8	[868, 867, 866, 865, 864, 863, 862, 0, 0]
	 A0A011QDV3	[868, 867, 866, 865, 864, 863, 801, 0, 862]

 ### Operon type: 82

	 A0A011QAB0	[754, 753, 752, 0, 751, 750, 749, 748, 0]
	 A0A011PL71	[568, 754, 753, 752, 751, 750, 749, 748, 0]

 ### Operon type: 83

	 A0A011Q6N5	[759, 758, 757, 0, 0, 0, 756, 755, 756]

 ### Operon type: 84

	 A0A011SGD5	[0, 0, 0, 0, 0, 0, 759, 758, 757]

 ### Operon type: 85

	 A0A011NYU6	[795, 794, 0, 793, 792, 728, 727, 0, 791]

 ### Operon type: 86

	 A0A011PYI6	[795, 794, 0, 793, 792, 791, 790, 789, 0]

 ### Operon type: 87

	 A0A011P1C0	[0, 0, 728, 727, 791, 0, 0, 0, 0]

 ### Operon type: 88

	 A0A011PKU5	[574, 573, 572, 571, 572, 570, 569, 0, 0]
	 A0A011N4G4	[0, 0, 574, 573, 572, 571, 572, 570, 569]

 ### Operon type: 89

	 A0A010ZWJ8	[11, 10, 9, 559, 8, 705, 449, 705, 7]

 ### Operon type: 90

	 A0A011AHW1	[8, 559, 9, 10, 11, 0, 0, 12, 0]

 ### Operon type: 91

	 A0A011AHU9	[449, 705, 7, 0, 0, 0, 0, 14, 328]

 ### Operon type: 92

	 A0A010ZX98	[6, 5, 4, 3, 2, 22, 865, 865, 0]

 ### Operon type: 93

	 A0A011AIL7	[2, 3, 4, 5, 6, 0, 0, 0, 0]

 ### Operon type: 94

	 A0A010YF95	[766, 28, 855, 27, 26, 26, 25, 514, 24]

 ### Operon type: 95

	 A0A010ZJQ6	[28, 855, 27, 26, 26, 25, 514, 24, 0]

 ### Operon type: 96

	 A0A009GXL8	[87, 86, 85, 84, 83, 159, 211, 210, 209]

 ### Operon type: 97

	 A0A010JIW7	[87, 86, 85, 84, 83, 0, 0, 211, 210]

 ### Operon type: 98

	 A0A011QNA5	[0, 848, 847, 846, 0, 845, 844, 843, 842]
	 A0A009ZLJ7	[842, 843, 844, 845, 0, 0, 848, 847, 846]

 ### Operon type: 99

	 A0A013T0T6	[845, 844, 843, 842, 625, 624, 446, 623, 445]
	 A0A009ISY0	[845, 844, 843, 842, 625, 168, 446, 623, 445]
	 A0A009QMH5	[845, 844, 843, 842, 625, 624, 446, 623, 445]
	 A0A009HAX1	[845, 844, 843, 842, 625, 624, 446, 623, 445]
	 A0A009RMD0	[845, 844, 843, 842, 625, 168, 446, 623, 445]
	 A0A009PE10	[845, 844, 843, 842, 625, 168, 446, 623, -1]

 ### Operon type: 100

	 A0A010ILW6	[845, 844, 843, 842, 625, 624, 0, 0, 623]

 ### Operon type: 101

	 A0A009Z9X7	[844, 843, 842, 0, 625, 0, 809, 0, 623]

 ### Operon type: 102

	 A0A013S8V2	[370, 369, 0, 0, 0, 368, 0, 0, 0]
	 A0A009R8E1	[0, 726, 0, 370, 369, 0, 0, 368, 0]

 ### Operon type: 103

	 A0A009ICH6	[595, 238, 237, 236, 104, 103, 102, 101, 805]
	 A0A009ZFR5	[595, 238, 237, 236, 104, 103, 102, 101, 805]

 ### Operon type: 104

	 A0A009NQA1	[595, 238, 237, 236, 235, 234, 444, 805, 802]
	 A0A009RR21	[595, 238, 237, 236, 235, 234, 444, 805, 802]

 ### Operon type: 105

	 A0A009HTN9	[595, 238, 237, 236, 235, 234, 91, 729, 90]
	 A0A009T3J5	[595, 238, 237, 236, 235, 234, 91, 729, 90]

 ### Operon type: 106

	 A0A009Q0U9	[595, 238, 237, 236, 235, 234, -1, -1, 0]

 ### Operon type: 107

	 A0A009IPC3	[126, 125, 147, 148, 149, 124, 123, 132, 131]
	 A0A009QEG7	[126, 125, 147, 148, 149, 124, 123, 132, 131]

 ### Operon type: 108

	 A0A009I573	[153, 0, 152, 151, 0, 150, 149, 148, 147]

 ### Operon type: 109

	 A0A009ILP9	[132, 0, 147, 148, 149, 150, 131, 151, 152]

 ### Operon type: 110

	 A0A009I953	[132, 0, 147, 148, 149, 150, 131, 0, -1]

 ### Operon type: 111

	 A0A009SX74	[685, 722, 0, 151, 131, 132, 125, 126, 164]

 ### Operon type: 112

	 A0A010IPH1	[610, 609, 608, 607, 606, 605, 604, 603, 602]
	 A0A009MMG9	[610, 609, 608, 607, 606, 605, 604, 603, 602]
	 A0A009QVK8	[610, 609, 608, 607, 606, 605, 604, 603, 602]
	 A0A009ICP5	[610, 609, 608, 607, 606, 605, 604, 603, 602]

 ### Operon type: 113

	 A0A009QLL2	[317, 318, 319, 138, 606, 605, 604, 603, 602]
	 A0A009HTW0	[317, 318, 319, 138, 606, 605, 604, 603, 602]
	 A0A009SIV4	[317, 318, 319, 138, 606, 605, 604, 603, 602]
	 A0A013TSJ4	[318, 319, 0, 138, 606, 605, 604, 603, 602]

 ### Operon type: 114

	 A0A010ITG1	[631, 583, 582, 581, 580, 579, 578, 873, 865]
	 A0A013TCN9	[631, 583, 582, 581, 580, 579, 578, 873, 865]
	 A0A009NIJ3	[631, 583, 582, 581, 580, 579, 578, 873, 865]
	 A0A009QNC9	[631, 583, 582, 581, 580, 579, 578, 873, 865]
	 A0A013TRC1	[631, 583, 582, 581, 580, 579, 578, 873, 865]

 ### Operon type: 115

	 A0A009H935	[0, 0, 582, 581, 580, 579, 578, 873, 865]

 ### Operon type: 116

	 A0A009IMX3	[601, 600, 599, 598, 597, 128, 128, 789, 127]
	 A0A009QEX0	[601, 600, 599, 598, 597, 128, 128, 789, 127]
	 A0A009SF48	[601, 600, 599, 598, 597, -1, 128, 789, 127]

 ### Operon type: 117

	 A0A010ISX2	[601, 600, 599, 598, 597, 596, 595, 594, 593]
	 A0A013S7V1	[601, 600, 599, 598, 597, 596, 595, 594, 593]
	 A0A009MR00	[601, 600, 599, 598, 597, 596, 595, 594, 593]
	 A0A009RES7	[601, 600, 599, 598, 597, 596, 595, 594, 593]

 ### Operon type: 118

	 A0A009YTT3	[31, 142, 599, 598, 597, 596, 595, 594, 593]

 ### Operon type: 119

	 A0A009GYP9	[0, 0, 0, 598, 597, 596, 595, 594, 593]

 ### Operon type: 120

	 A0A009ZZC8	[-1, 111, 112, 31, 142, 599, 598, 597, 596]

 ### Operon type: 121

	 A0A011UGX8	[193, 192, 191, 190, 189, 188, 187, 74, 73]
	 A0A011WSE5	[192, 191, 190, 189, 188, 187, 74, 73, 352]

 ### Operon type: 122

	 A0A011VZG0	[351, 0, 193, 192, 191, 190, 189, 188, 187]

 ### Operon type: 123

	 A0A009PJF7	[313, 314, 314, 315, 255, 316, 254, 253, 252]
	 A0A009SJZ7	[312, 313, 314, 315, 255, 316, 254, 253, 252]

 ### Operon type: 124

	 A0A009Z5G0	[316, 315, 314, 0, 528, 313, 312, 389]

 ### Operon type: 125

	 A0A010JJC1	[642, 641, 640, 639, 638, 637, 636, 651, 635]
	 A0A010IZ41	[641, 640, 639, 638, 637, 636, 651, 635, 403]

 ### Operon type: 126

	 A0A009QJL6	[642, 641, 640, 639, 0, 635, 403, 117, 0]

 ### Operon type: 127

	 A0A013TB41	[410, -1, 409, 408, 407, 680, 609, 719, 406]
	 A0A013SGL3	[410, 359, 409, 408, 407, 680, 609, 719, 406]
	 A0A009PG53	[410, 359, 409, 408, 407, 680, 609, 719, 406]
	 A0A009NE81	[410, 359, 409, 408, 407, 680, 609, 719, 406]
	 A0A009I5Z6	[410, 359, 409, 408, 407, 680, 609, 719, 406]
	 A0A009RQH3	[410, 359, 409, 408, 407, 680, 609, 719, 406]
	 A0A010KAV2	[410, 359, 409, 408, 407, 680, 609, 719, 406]
	 A0A009SHB3	[410, 359, 409, 408, 407, 680, 609, 719, 406]

 ### Operon type: 128

	 A0A009H3X4	[410, 359, 409, 408, 407, 680, -1, 659, -1]

 ### Operon type: 129

	 A0A009PIB4	[0, 0, 0, 244, 294, 243, 652, 873, 750]
	 A0A009SLR5	[0, 0, 0, 244, 294, 243, 652, 873, 750]

 ### Operon type: 130

	 A0A009HSU4	[0, 0, 566, 873, 0, 680, 719, 750, 652]

 ### Operon type: 131

	 A0A009I463	[540, 163, 162, 393, 393, 355, 354, 353, 233]
	 A0A009PAG1	[540, 163, 162, 393, 393, 355, 354, 353, 233]

 ### Operon type: 132

	 A0A013SKX6	[0, 0, 540, 0, 393, 393, 355, 354, 353]

 ### Operon type: 133

	 A0A011Q5S3	[853, 769, 0, 0, 0, 0, 768, 767, 766]

 ### Operon type: 134

	 A0A011UZZ4	[0, 768, 767, 0, 0, 0, 292, 292, 766]

 ### Operon type: 135

	 A0A011UTJ0	[0, 0, 0, 305, 304, 303, 712, 302, 301]

 ### Operon type: 136

	 A0A011VMV7	[305, 304, 303, 712, 302, 301, 273, 272, 271]

 ### Operon type: 137

	 A0A011NYT4	[709, 708, 707, 706, 0, 493, 493, 492, 491]

 ### Operon type: 138

	 A0A011P8E9	[0, 0, 709, 708, 0, 707, 706, 0, 0]

 ### Operon type: 139

	 A0A010TF34	[0, -1, 0, 0, 64, 63, 62, 61, 60]
	 A0A010SYH9	[64, 63, 62, 61, 60, 0, 0, 0, 0]

 ### Operon type: 140

	 A0A010TFJ4	[0, -1, 0, 69, 68, 67, 66, -1, 65]
	 A0A010S7A1	[69, 68, 67, 66, 0, 65, 0, 0, 0]

 ### Operon type: 141

	 A0A009HJC2	[93, 865, 608, 92, 393, 652, 108, 109, 110]
	 A0A009PAV9	[93, -1, 608, 92, 393, 652, 108, 109, 110]

 ### Operon type: 142

	 A0A009SE02	[0, 110, 0, 0, 0, 109, 108, 652, 393]

 ### Operon type: 143

	 A0A009SYU8	[719, 595, 701, 592, 261, 873, 873, 590, 589]
	 A0A009RSB7	[719, 595, 701, 592, 261, 873, 873, 590, 589]
	 A0A009HS41	[719, 595, 701, 592, 261, 873, 873, 590, 589]

 ### Operon type: 144

	 A0A010IT25	[719, 595, 701, 592, 591, 873, 873, 590, 589]
	 A0A013SHA9	[719, 595, 701, 592, 591, 873, 873, 590, 589]
	 A0A009I466	[719, 595, 701, 592, 591, 873, 873, 590, 589]

 ### Operon type: 145

	 A0A009NMQ9	[719, 595, 701, 592, 591, 0, 873, 873, 590]

 ### Operon type: 146

	 A0A009P8A9	[0, 0, 701, 592, 261, 873, 873, 590, 589]

 ### Operon type: 147

	 A0A009NJ90	[217, 216, 215, 331, 343, 342, 341, 340, 339]
	 A0A009ITT8	[217, 216, 215, 331, 343, 341, 340, 339, 338]

 ### Operon type: 148

	 A0A009NCH6	[222, 340, 339, 338, 335, 221, 220, 219, 218]
	 A0A009IJ01	[340, 339, 338, 337, 335, 221, 220, 219, 218]

 ### Operon type: 149

	 A0A009RQL5	[340, 339, 338, 139, 335, 221, 220, 219, 0]

 ### Operon type: 150

	 A0A009MGQ8	[343, 0, 222, 340, 339, 338, 335, 221, 220]

 ### Operon type: 151

	 A0A009S6G1	[334, 333, 332, 331, 343, 340, 339, 338, 335]
	 A0A009RHH7	[334, 333, 332, 331, 343, 342, 340, 339, 338]
	 A0A009IJ07	[334, 333, 332, 331, 343, 340, 339, 338, 337]

 ### Operon type: 152

	 A0A009HZK2	[332, 331, 343, 340, 339, 338, 337, 335, 221]

 ### Operon type: 153

	 A0A009R4N4	[331, 343, 342, 340, 339, 338, 139, 335, 221]

 ### Operon type: 154

	 A0A009S5A5	[343, 342, 341, 340, 339, 338, 337, 336, 335]

 ### Operon type: 155

	 A0A009RHH9	[0, 0, 0, 0, 270, 334, 333, 332, 331]

 ### Operon type: 156

	 A0A011PGU1	[0, 0, 684, 837, 836, 835, 683, 682, 681]
	 A0A011MDH1	[783, 0, 684, 837, 836, 835, 683, 682, 681]

 ### Operon type: 157

	 A0A011V0P4	[481, 291, 0, 0, 290, 0, 0, 289, 288]

 ### Operon type: 158

	 A0A011WPV7	[289, 288, 0, 0, 0, 0, 0, 0, 0]

 ### Operon type: 159

	 A0A011UDF3	[837, 81, 0, 0, 0, 454, 80, 79, 831]

 ### Operon type: 160

	 A0A011VSC9	[80, 79, 831, 0, 0, 0, 0, 0, 0]

 ### Operon type: 161

	 A0A011SF89	[537, 536, 535, 0, 0, 0, 0, 0, 0]

 ### Operon type: 162

	 A0A011UCX7	[0, 754, 537, 536, 0, 535, 122, 0, 0]

 ### Operon type: 163

	 A0A011RNP9	[0, 0, 0, 0, 0, 544, 749, 0, 0]

 ### Operon type: 164

	 A0A011V0B5	[540, 0, 0, 0, 0, 0, 544, 0, 0]

 ### Operon type: 165

	 A0A011RQC9	[0, 540, 539, 0, 0, 0, 0, 538, 0]

 ### Operon type: 166

	 A0A011QG28	[839, 838, 837, 0, 836, 835, 834, 833, 832]
	 A0A011RIM8	[839, 838, 0, 0, 836, 835, 834, 833, 832]

 ### Operon type: 167

	 A0A011PHI6	[548, 0, 870, 0, 0, 869, 858, 787, 0]

 ### Operon type: 168

	 A0A011QI68	[0, 0, 870, 869, 0, 0, 0, 0, 0]

 ### Operon type: 169

	 A0A011NVJ6	[497, 733, 732, 731, 730, 729, 0, 0, 496]

 ### Operon type: 170

	 A0A011PVP2	[0, 733, 732, 731, 730, 729, 0, 0, 784]

 ### Operon type: 171

	 A0A011NXY7	[0, 0, 732, 0, 730, 0, 0, 0, 0]

 ### Operon type: 172

	 A0A011QR69	[807, 806, 805, 804, 803, 802, 0, 0, 0]
	 A0A011NUB4	[807, 806, 805, 804, 803, 802, 0, 498, 0]

 ### Operon type: 173

	 A0A011NN36	[806, 805, 0, 0, 803, 802, 0, 0, 0]

 ### Operon type: 174

	 A0A011PK69	[805, 577, 0, 0, 803, 802, 0, 0, 0]

 ### Operon type: 175

	 A0A011RMI6	[738, 850, 849, 546, 545, 737, 736, 735, 734]
	 A0A011NYD6	[738, 850, 849, 546, 545, 737, 736, 735, 734]

 ### Operon type: 176

	 A0A011QB28	[739, 738, 850, 0, 0, 737, 736, 735, 734]

 ### Operon type: 177

	 A0A011NF33	[0, 737, 736, 0, 0, 0, 0, 0, 0]

 ### Operon type: 178

	 A0A011NBY4	[484, 0, 0, 507, 0, 0, 483, 0, 0]

 ### Operon type: 179

	 A0A011WRT0	[484, 0, 0, 0, 0, 0, 0, 789, 0]

 ### Operon type: 180

	 A0A011SHV5	[0, 0, 0, 0, 0, 531, 789, 642, 0]

 ### Operon type: 181

	 A0A011NB95	[0, 811, 0, 0, 0, 0, 608, 486, 485]

 ### Operon type: 182

	 A0A011UHT4	[117, 186, 486, 0, 0, 71, 71, 485, 0]

 ### Operon type: 183

	 A0A010Z1W7	[0, 0, 0, 0, 0, 33, 0, 204, 205]

 ### Operon type: 184

	 A0A011VY84	[0, 0, 205, 204, 0, 0, 0, 0, 0]

 ### Operon type: 185

	 A0A010YW85	[0, 0, 0, 0, 0, 348, 0, 204, 205]

 ### Operon type: 186

	 A0A010ZMA0	[204, 489, 0, 0, 0, 0, 0, 0, 0]

 ### Operon type: 187

	 A0A011N5L2	[0, 0, 0, 489, 0, 488, 643, 0, 0]

 ### Operon type: 188

	 A0A009MJ75	[0, 0, 233, 232, 231, 0, 0, 0, 653]

 ### Operon type: 189

	 A0A010IH51	[0, 602, 0, 0, 231, 0, 653, 0, 0]

 ### Operon type: 190

	 A0A011TYT7	[0, 0, 0, 0, 0, 0, 602, 517, 517]

 ### Operon type: 191

	 A0A010RRR9	[0, 0, 0, 0, 674, 0, 0, 654, 653]

 ### Operon type: 192

	 A0A010SIA7	[0, 0, 654, 66, 0, 0, 0, 0, 0]

 ### Operon type: 193

	 A0A010RFQ9	[0, 0, 661, 0, 660, 0, 0, 0, 0]

 ### Operon type: 194

	 A0A010SPR9	[43, 43, 0, 0, 0, 660, 0, 0, 0]

 ### Operon type: 195

	 A0A009LNU8	[167, 173, 521, 166, 0, 165, 0, 652, 0]

 ### Operon type: 196

	 A0A013SRG6	[94, 166, 521, 173, 0, 172, 0, 167, 503]

 ### Operon type: 197

	 A0A009IQU8	[0, 173, 0, 0, 0, 172, 503, 0, 0]

 ### Operon type: 198

	 A0A010K2K8	[521, 166, 94, 0, 0, 0, 0, -1, 652]

 ### Operon type: 199

	 A0A011NPR8	[0, 503, 0, 0, 0, 0, 502, 0, 0]

 ### Operon type: 200

	 A0A010SEA2	[769, 502, 48, 0, 0, 0, 0, 0, 0]

 ### Operon type: 201

	 A0A010IGH8	[0, 0, 0, 0, 0, 0, 0, 379, 590]

 ### Operon type: 202

	 A0A010STD3	[0, 0, 0, 453, 452, 451, 0, 590, 379]

 ### Operon type: 203

	 A0A010SQJ5	[371, 607, 0, 453, 452, 451, 0, 0, 0]

 ### Operon type: 204

	 A0A013RVV2	[631, 0, 381, 380, 0, 0, 590, 379, 0]

 ### Operon type: 205

	 A0A011TD67	[454, 0, 0, 453, 452, 451, 450, 0, 449]

 ### Operon type: 206

	 A0A009ZC12	[0, 0, 0, 453, 0, 451, 450, 307, 829]

 ### Operon type: 207

	 A0A009YSC7	[0, 0, 483, 29, 0, 29, 381, 380, 0]

 ### Operon type: 208

	 A0A009ZJK4	[0, 0, 0, 0, 0, 0, 595, 38, 0]

 ### Operon type: 209

	 A0A010SVN1	[-1, 38, 873, 228, 464, 0, 0, 595, 0]

 ### Operon type: 210

	 A0A009PFK7	[267, 266, 265, 264, 263, 0, 0, 262, 0]
	 A0A009QGN4	[267, 266, 265, 264, 263, 262, 0, 0, 0]

 ### Operon type: 211

	 A0A009YR20	[0, 262, 0, 0, 0, 0, 266, 0, 0]

 ### Operon type: 212

	 A0A009SCM5	[107, 106, 105, 0, 0, 0, 0, 0, 0]

 ### Operon type: 213

	 A0A009TJ77	[164, 45, 0, 0, 0, 0, 107, 106, 105]

 ### Operon type: 214

	 A0A009HZV2	[0, 0, 0, 0, 208, 207, 342, 0, 0]

 ### Operon type: 215

	 A0A009QPE7	[0, 0, 0, 0, 208, 207, 0, 0, 0]

 ### Operon type: 216

	 A0A009MGR3	[0, 0, 136, 0, 439, 336, 143, 135, 134]

 ### Operon type: 217

	 A0A009Q4G0	[0, 137, 136, 0, 439, 0, 135, 134, 135]

 ### Operon type: 218

	 A0A009PB53	[0, 0, 214, 213, 439, 135, 134, 135, 212]

 ### Operon type: 219

	 A0A009PUJ8	[0, 214, 213, 439, 0, 212, 211, 210, 209]

 ### Operon type: 220

	 A0A009QQC0	[206, 0, 230, 873, 357, 357, 229, 418, 228]
	 A0A009H7I0	[206, 0, 0, 873, 357, 357, 229, 418, 228]

 ### Operon type: 221

	 A0A009MVG4	[230, 0, 358, 873, 357, 357, 229, 418, 228]

 ### Operon type: 222

	 A0A009QA91	[346, 345, 719, 873, 357, 357, 229, 418, 228]
	 A0A010J377	[346, 345, 719, 873, 357, 357, 229, 418, 228]

 ### Operon type: 223

	 A0A009S1X4	[346, 345, 719, 873, 357, 357, 873, 0, 344]

 ### Operon type: 224

	 A0A013SHF4	[0, 0, 358, 873, 357, 357, 0, 356, 0]

 ### Operon type: 225

	 A0A011PJK8	[566, 565, 564, 872, 871, 563, 0, 0, 0]
	 A0A011N3C3	[0, 0, 0, 566, 565, 564, 872, 871, 563]

 ### Operon type: 226

	 A0A011UWH1	[567, 297, 296, 295, 0, 0, 0, 0, 0]
	 A0A011WKI4	[0, 0, 0, 0, 0, 567, 297, 296, 295]

 ### Operon type: 227

	 A0A010YKP2	[0, 0, 0, 0, 0, 0, 496, 284, 0]

 ### Operon type: 228

	 A0A011V1A2	[291, 0, 0, 284, 0, 0, 0, 0, 0]

 ### Operon type: 229

	 A0A011NGS0	[0, 0, 0, 0, 798, 797, 0, 0, 0]

 ### Operon type: 230

	 A0A011PW61	[0, 0, 0, 0, 798, 797, 0, 0, 796]

 ### Operon type: 231

	 A0A011UXI1	[0, 575, 0, 0, 798, 797, 448, 0, 0]

 ### Operon type: 232

	 A0A011SWI9	[-1, -1, 0, 548, 798, 797, 448, -1, -1]

 ### Operon type: 233

	 A0A011P952	[797, 0, 702, 0, 0, 702, 0, 0, 0]

 ### Operon type: 234

	 A0A011Q1B3	[788, 787, 786, 785, 786, 784, 783, 0, 0]
	 A0A011QVV5	[0, 0, 788, 787, 786, 785, 786, 784, 783]

 ### Operon type: 235

	 A0A011NSG8	[0, 0, 0, 787, 786, 785, 0, 786, 0]

 ### Operon type: 236

	 A0A011P0X4	[0, 0, 783, 0, 786, 0, 0, 785, 726]

 ### Operon type: 237

	 A0A010YNY9	[0, 0, 34, 23, 0, 0, 0, 0, 298]

 ### Operon type: 238

	 A0A011AC71	[344, 0, 0, 467, 0, 34, 23, 0, 719]

 ### Operon type: 239

	 A0A011QLX0	[0, 852, 0, 0, 851, 0, 850, 849, 0]
	 A0A011PRW6	[852, 0, 0, 0, 851, 850, 849, 0, 0]

 ### Operon type: 240

	 A0A010SML6	[0, 850, 849, -1, 0, 722, 0, 0, 0]

 ### Operon type: 241

	 A0A010RS09	[0, 0, 0, 0, 61, 0, 659, 659, 0]

 ### Operon type: 242

	 A0A010RTE7	[0, 0, 0, 0, 0, 0, 61, 45, 0]

 ### Operon type: 243

	 A0A009P817	[242, 0, 0, 0, 241, 0, 350, 240, 239]

 ### Operon type: 244

	 A0A009TIY0	[0, 0, 0, 0, 241, 0, 350, 240, 0]

 ### Operon type: 245

	 A0A009QKA3	[350, 240, 0, 239, 0, 0, 0, 0, 267]

 ### Operon type: 246

	 A0A009HSR2	[0, 115, 114, 0, 113, 224, 225, 342, 226]

 ### Operon type: 247

	 A0A009SWM1	[0, 115, 114, 0, 113, 0, 0, 225, 0]

 ### Operon type: 248

	 A0A009MYX0	[227, 226, 0, 566, 0, 0, 225, 224, 223]

 ### Operon type: 249

	 A0A009QK79	[0, 0, 223, 224, 0, 225, 0, 0, 226]

 ### Operon type: 250

	 A0A009GXJ1	[283, 282, 224, 225, 88, 342, 226, 227, 0]

 ### Operon type: 251

	 A0A010IT95	[0, 0, 0, 652, 588, 587, 586, 585, 584]
	 A0A013TKW8	[0, 840, 0, 652, 588, 587, 586, 585, 584]
	 A0A009S0T6	[0, 0, 652, 347, 588, 587, 586, 585, 584]
	 A0A009PRQ9	[0, 652, 347, 0, 588, 587, 586, 585, 584]
	 A0A009I5G9	[0, 0, 652, 347, 588, 587, 586, 585, 584]
	 A0A009QT77	[0, 0, -1, 652, 588, 587, 586, 585, 584]
	 A0A009MH36	[0, 0, 0, 652, 588, 587, 586, 585, 584]
	 A0A009GWD0	[342, 0, 0, 652, 588, 587, 586, 585, 584]

 ### Operon type: 252

	 A0A013TMJ7	[865, -1, 0, 652, 588, 585, 584, 0, 0]

 ### Operon type: 253

	 A0A011VXC2	[-1, 480, 0, 557, 479, 478, 477, 476, 475]
	 A0A011V392	[480, 0, 557, 479, 478, 477, 0, 476, 475]

 ### Operon type: 254

	 A0A011V490	[351, 390, 0, 475, 476, 477, 478, 479, 557]

 ### Operon type: 255

	 A0A011VZF5	[0, 0, 479, 478, 477, 754, 390, 754, 0]

 ### Operon type: 256

	 A0A011WLE7	[0, 0, 0, 0, 0, 194, 0, 0, 0]
	 A0A011VU44	[0, 0, 0, 0, 0, 194, 0, 0, 0]

 ### Operon type: 257

	 A0A011VAP2	[0, 0, 58, 0, 0, 0, 0, 0, 57]

 ### Operon type: 258

	 A0A011VRJ8	[0, 0, 0, 0, 0, 0, 58, 0, 0]

 ### Operon type: 259

	 A0A011RNU1	[0, 0, 0, 0, 0, 0, 543, 543, 542]

 ### Operon type: 260

	 A0A011VKJ9	[0, 0, 0, 0, 0, 0, 542, 543, -1]

 ### Operon type: 261

	 A0A011PQZ7	[0, 0, 0, 559, 792, 0, 558, 0, 0]

 ### Operon type: 262

	 A0A011TUX4	[0, 0, 0, 0, 792, 0, 0, 558, 0]

 ### Operon type: 263

	 A0A011STZ9	[0, 0, 0, 558, 0, 0, 0, 0, 0]

 ### Operon type: 264

	 A0A011PUJ9	[0, 0, 0, 0, 0, 0, 0, 0, 678]
	 A0A011PRF5	[678, 0, 0, 0, 0, 0, 0, 0, 0]

 ### Operon type: 265

	 A0A011PFY8	[0, 0, 0, 0, 0, 0, 0, 0, 687]

 ### Operon type: 266

	 A0A011PNS3	[808, 687, 0, 0, 0, 0, 0, 0, 0]

 ### Operon type: 267

	 A0A011T648	[0, 687, 0, 0, 0, 0, 0, 805, 0]

 ### Operon type: 268

	 A0A010YYJ5	[0, 0, 0, 754, 0, 0, 0, 47, 47]

 ### Operon type: 269

	 A0A011NDM5	[754, 0, 0, 0, 0, 0, 0, 0, 0]

 ### Operon type: 270

	 A0A011MSR2	[0, 0, 0, 490, 0, 0, 0, 754, 754]

 ### Operon type: 271

	 A0A011WSU6	[0, 754, 0, 0, 476, 0, 0, 0, 0]

 ### Operon type: 272

	 A0A011U3C2	[0, 0, 834, 0, 0, 0, 0, 0, 0]
	 A0A011AEN3	[0, 0, 0, 0, 0, 0, 834, 0, 0]

 ### Operon type: 273

	 A0A011AAZ2	[0, 725, 0, 0, 0, 834, 834, 834, 0]

 ### Operon type: 274

	 A0A011T698	[0, 0, 0, 0, 0, 719, 834, 0, 0]

 ### Operon type: 275

	 A0A010YRE8	[0, 0, 0, 0, 0, 0, 0, 22, 0]

 ### Operon type: 276

	 A0A011AF05	[0, 0, 344, 22, 0, 0, 0, 0, 0]

 ### Operon type: 277

	 A0A009ZG48	[0, 0, 0, 840, 0, 0, 0, 0, 0]

 ### Operon type: 278

	 A0A011PEJ8	[0, 0, 693, 840, 0, 0, 0, 0, 0]

 ### Operon type: 279

	 A0A011QNJ7	[841, 0, 0, 840, 0, 0, 0, 841, 0]

 ### Operon type: 280

	 A0A011MMJ4	[0, 0, 0, 0, 0, 0, 0, 841, 0]

 ### Operon type: 281

	 A0A011R8M3	[0, 0, 693, 840, 0, 447, 0, 841, 0]

 ### Operon type: 282

	 A0A009ZC82	[0, 0, 721, 0, 0, 0, 0, 0, 0]

 ### Operon type: 283

	 A0A011P3F6	[722, 0, 0, 721, 0, 0, 0, 0, 0]

 ### Operon type: 284

	 A0A009IG48	[0, 0, 0, 130, 129, 0, 0, 0, 722]

 ### Operon type: 285

	 A0A009IMQ0	[0, 0, 0, 130, 129, 0, 0, 0, 0]

 ### Operon type: 286

	 A0A009SWV1	[0, 0, 0, 0, 0, 0, 0, 130, 0]

 ### Operon type: 287

	 A0A009PMZ9	[251, 0, 0, 0, 0, 0, 0, 0, 0]
	 A0A009Q512	[0, 0, 0, 0, 251, 0, 0, 0, 0]

 ### Operon type: 288

	 A0A009IFL2	[0, 306, 0, 100, -1, 0, 0, 0]

 ### Operon type: 289

	 A0A009ZDS1	[-1, -1, 0, 306, 0, 0, 641, 0, 0]

 ### Operon type: 290

	 A0A010SNM6	[40, 36, -1, 0, 0, 0, 865, 0, 0]

 ### Operon type: 291

	 A0A010T5D8	[36, 40, 0, -1, 0, -1, 403, 0, 0]

 ### Operon type: 292

	 A0A011UB51	[506, 0, 0, 0, 0, 0, 0, 0, 0]
	 A0A011UFH1	[0, 0, 0, 0, 0, 506, 0, 0, 0]

 ### Operon type: 293

	 A0A011V965	[0, -1, -1, 0, 59, 0, -1, -1, 0]
	 A0A011VHP2	[0, -1, -1, -1, 59, 0, 0, 0, 0]

 ### Operon type: 294

	 A0A010RVD0	[-1, 0, 0, -1, 0, 821, 821, 0, 44]

 ### Operon type: 295

	 A0A010T7Q5	[0, 44, 0, 0, 0, 0, -1, 0, 0]

 ### Operon type: 296

	 A0A010SJH7	[0, 0, 865, -1, 0, 0, 229, 0, 0]

 ### Operon type: 297

	 A0A010SRR2	[0, 0, -1, 0, 0, 0, 0, 0, 865]

 ### Operon type: 298

	 A0A010RKP8	[0, 0, 0, 0, 0, 0, -1, 0, 0]
	 A0A011UZ32	[0, 0, 0, 0, 0, -1, 0, 0, 0]
	 A0A009HJU6	[0, 0, 0, 0, 0, 0, 0, 0, -1]
	 A0A010TF14	[-1, 0, 0, 0, 0, 0, 0, 0, 0]
	 A0A010RY47	[-1, 0, -1, 0, 0, 0, 0, 0, 0]

 ### Operon type: 299

	 A0A010SJF9	[0, 0, 0, 0, 0, -1, 0, 75, -1]

 ### Operon type: 300

	 A0A011ML54	[0, 0, 0, 195, 0, 0, 0, 0, -1]

 ### Operon type: 301

	 A0A011NHY1	[0, 0, 0, 0, 0, 865, 0, 0, 0]

 ### Operon type: 302

	 A0A010Z171	[0, 0, 0, 0, 0, 0, 865, 0, 566]

 ### Operon type: 303

	 A0A011T697	[865, 0, 0, 0, 0, 0, 0, 0, 350]

 ### Operon type: 304

	 A0A011TDD1	[0, 465, 865, 0, 0, 0, 0, 0, 0]

 ### Operon type: 305

	 A0A011VW24	[0, 0, 810, 0, 0, 0, 0, 0, -1]

 ### Operon type: 306

	 A0A011T8V3	[0, 0, 810, 0, 0, 0, 0, 0, 0]

 ### Operon type: 307

	 A0A010TH98	[796, 0, 0, 810, 0, 0, 0, 0, 0]

 ### Operon type: 308

	 A0A011QVR3	[0, 0, 0, 0, 0, 0, 0, 811, 810]

 ### Operon type: 309

	 A0A011VYF1	[810, 0, 0, 0, 0, 0, 506, 0, 0]

 ### Operon type: 310

	 A0A010S415	[-1, 810, 0, 228, 0, 0, 0, 0, 629]

 ### Operon type: 311

	 A0A011QMJ8	[0, 0, 0, 0, 0, 0, 0, 0, 0]
	 A0A011QSN2	[0, 0, 0, 0, 0, 0, 0, 0, 0]
	 A0A011Q056	[0, 0, 0, 0, 0, 0, 0, 0, 0]
	 A0A011P9Z5	[0, 0, 0, 0, 0, 0, 0, 0, 0]
	 A0A011PBM9	[0, 0, 0, 0, 0, 0, 0, 0, 0]
	 A0A011PNN2	[0, 0, 0, 0, 0, 0, 0, 0, 0]
	 A0A011NMI8	[0, 0, 0, 0, 0, 0, 0, 0, 0]
	 A0A011NTU3	[0, 0, 0, 0, 0, 0, 0, 0, 0]
	 A0A011N2Z0	[0, 0, 0, 0, 0, 0, 0, 0, 0]
	 A0A011NAJ1	[0, 0, 0, 0, 0, 0, 0, 0, 0]
	 A0A013TEV4	[0, 0, 0, 0, 0, 0, 0, 0, 0]
	 A0A013SL47	[0, 0, 0, 0, 0, 0, 0, 0, 0]
	 A0A011WUT3	[0, 0, 0, 0, 0, 0, 0, 0, 0]
	 A0A013S2B9	[0, 0, 0, 0, 0, 0, 0, 0, 0]
	 A0A013SBR8	[0, 0, 0, 0, 0, 0, 0, 0, 0]
	 A0A011UHL2	[0, 0, 0, 0, 0, 0, 0, 0, 0]
	 A0A009MH90	[0, 0, 0, 0, 0, 0, 0, 0, 0]
	 A0A011VYF6	[0, 0, 0, 0, 0, 0, 0, 0, 0]
	 A0A009M4K0	[0, 0, 0, 0, 0, 0, 0, 0, 0]
	 A0A009HIL8	[0, 0, 0, 0, 0, 0, 0, 0, 0]
	 A0A011UBN9	[0, 0, 0, 0, 0, 0, 0, 0, 0]
	 A0A011UFM5	[0, 0, 0, 0, 0, 0, 0, 0, 0]
	 A0A009PDV4	[0, 0, 0, 0, 0, 0, 0, 0, 0]
	 A0A011VNE2	[0, 0, 0, 0, 0, 0, 0, 0, 0]
	 A0A010SHY1	[0, 0, 0, 0, 0, 0, 0, 0, 0]
	 A0A010SPJ7	[0, 0, 0, 0, 0, 0, 0, 0, 0]
	 A0A010SSQ8	[0, 0, 0, 0, 0, 0, 0, 0, 0]
	 A0A010T025	[0, 0, 0, 0, 0, 0, 0, 0, 0]
	 A0A010YJA7	[0, 0, 0, 0, 0, 0, 0, 0, 0]
	 A0A010YZS8	[0, 0, 0, 0, 0, 0, 0, 0, 0]
	 A0A010Z120	[0, 0, 0, 0, 0, 0, 0, 0, 0]
	 A0A010ZTI3	[0, 0, 0, 0, 0, 0, 0, 0, 0]
	 A0A011A146	[0, 0, 0, 0, 0, 0, 0, 0, 0]

 ### Operon type: 312

	 A0A010TG27	[567, 0, 70, 0, 0, 0, 873, 0, 0]

 ### Operon type: 313

	 A0A011PMK1	[0, 0, 0, 0, 0, 0, 0, 567, 0]

 ### Operon type: 314

	 A0A009HM15	[0, 220, 219, 0, 0, 0, -1, 0, 0]

 ### Operon type: 315

	 A0A009HRU1	[0, 224, 0, 0, 0, 0, 0, 0, 0]

 ### Operon type: 316

	 A0A009HSN8	[0, 137, 0, 0, 0, -1, 0, 212, -1]

 ### Operon type: 317

	 A0A009HV82	[211, 0, 0, 0, 0, 0, 0, 0, 0]

 ### Operon type: 318

	 A0A009IG74	[0, 0, 232, 0, 393, -1, 0, 0, 0]

 ### Operon type: 319

	 A0A009IJ90	[0, 164, 0, 0, 0, 0, 0, 0, 0]

 ### Operon type: 320

	 A0A009NM94	[0, 534, 534, 0, 0, 0, 465, 0, 0]

 ### Operon type: 321

	 A0A009Q4N5	[0, 0, 242, 0, 0, 0, 0, 0, 0]

 ### Operon type: 322

	 A0A009SSZ9	[0, 153, 0, 0, 0, 0, 0, 0, 0]

 ### Operon type: 323

	 A0A009YIH1	[0, 0, 0, 0, 335, 0, -1, -1, 30]

 ### Operon type: 324

	 A0A009YR05	[0, 0, 0, 0, 304, 0, 0, 0, 0]

 ### Operon type: 325

	 A0A009Z004	[320, 0, 320, 0, 0, 566, 0, 0, 0]

 ### Operon type: 326

	 A0A010RUQ5	[0, 0, 0, 0, 0, 0, 0, 0, 269]

 ### Operon type: 327

	 A0A010S195	[721, 0, 33, 39, 0, 0, 0, 0, 0]

 ### Operon type: 328

	 A0A010SCZ2	[0, 0, 0, 0, 0, 0, 0, 51, 0]

 ### Operon type: 329

	 A0A010SN41	[0, 0, 0, 0, 49, 0, 0, 0, 0]

 ### Operon type: 330

	 A0A010SSU2	[0, 0, 0, 0, 88, 0, -1, 703, 0]

 ### Operon type: 331

	 A0A010SUP6	[0, 0, 0, 0, 0, 0, 0, 39, 0]

 ### Operon type: 332

	 A0A010SUY9	[0, 0, 0, 0, 0, 447, 693, 0]

 ### Operon type: 333

	 A0A010THK2	[0, 0, -1, 0, 0, 659, 566, 0, 0]

 ### Operon type: 334

	 A0A010SRL4	[70, 0, 0, -1, 0, 0, 0, 566, 121]

 ### Operon type: 335

	 A0A010YX61	[409, 834, 0, 810, 0, 0, 0, 0, 0]

 ### Operon type: 336

	 A0A010S5W8	[0, 0, 490, 784, 0, 0, 0, 0, 0]

 ### Operon type: 337

	 A0A011NE37	[621, 0, 0, 0, 0, 0, 0, 0, 0]

 ### Operon type: 338

	 A0A011NF78	[0, 0, 828, 0, 0, 0, 0, 0, 0]

 ### Operon type: 339

	 A0A011NVE2	[0, 0, 0, 805, 0, 0, 865, 0, 515]

 ### Operon type: 340

	 A0A011NXJ4	[0, 0, 0, 0, 0, 0, 0, 0, 494]

 ### Operon type: 341

	 A0A011P8I1	[0, 0, 832, 834, 0, 0, 0, 0, 705]

 ### Operon type: 342

	 A0A011P9Q7	[701, 0, 0, 0, 0, 0, 0, 0, 0]

 ### Operon type: 343

	 A0A011PJ75	[0, 805, 612, 805, 0, 0, 0, 0, 0]

 ### Operon type: 344

	 A0A011PRB4	[0, 0, 0, 0, 0, 0, 0, 557, 0]

 ### Operon type: 345

	 A0A011QVT2	[809, 0, 0, 0, 0, 0, 0, 808, 0]

 ### Operon type: 346

	 A0A011RP14	[0, 0, 0, 0, 0, 0, 0, 541, 0]

 ### Operon type: 347

	 A0A011SM49	[865, 0, 541, 0, 0, 0, 526, 0, 0]

 ### Operon type: 348

	 A0A011AM27	[558, 0, 0, 0, 646, 0, 0, 0, 35]

 ### Operon type: 349

	 A0A011T607	[0, 0, 784, 0, 0, 0, 0, 0, 465]

 ### Operon type: 350

	 A0A011TAW2	[0, 0, 0, 0, 0, 0, 466, 0, 0]

 ### Operon type: 351

	 A0A011TED9	[0, 0, 0, 0, 0, 473, 0, 0, 0]

 ### Operon type: 352

	 A0A011TXS5	[0, 518, 0, 0, 0, 0, 0, 0, 0]

 ### Operon type: 353

	 A0A011U144	[0, 269, 0, 0, 0, 0, 494, 434, 0]

 ### Operon type: 354

	 A0A011U1C8	[719, 0, 0, 0, 0, 0, 0, 0, 268]

 ### Operon type: 355

	 A0A011U483	[0, 0, 0, 0, 0, 718, 0, 0, 0]

 ### Operon type: 356

	 A0A011UG86	[0, 787, 0, 0, 0, 75, 0, 0, 0]

 ### Operon type: 357

	 A0A011UQB5	[532, 507, 0, 0, 0, 0, 0, 506, 0]

 ### Operon type: 358

	 A0A011UVI5	[0, 0, 0, 0, 0, 298, 805, 805, 0]

 ### Operon type: 359

	 A0A011UWI3	[0, 0, 0, 0, 294, 0, 293, 721, 0]

 ### Operon type: 360

	 A0A011V5E6	[0, 0, 0, 0, 0, 352, 0, 0, 0]

 ### Operon type: 361

	 A0A011M4H6	[57, 0, 657, 0, 0, 0, 0, 0, 0]

 ### Operon type: 362

	 A0A011VSV3	[0, 0, 0, 0, 0, 0, 837, 0, 0]

 ### Operon type: 363

	 A0A011VWI0	[0, 0, 0, 0, 0, 186, 0, 0, 0]

 ### Operon type: 364

	 A0A011VZ91	[295, 0, 0, 0, 0, 0, 0, 0, 0]

 ### Operon type: 365

	 A0A011WP76	[0, 0, 0, 0, 0, 0, 0, 0, 855]

 ### Operon type: 366

	 A0A011WSD4	[0, 0, 0, -1, 0, 754, 0, 0, 390]

 ### Operon type: 367

	 A0A011WT35	[390, 0, 0, 0, 0, 0, 0, 0, 0]

 ### Operon type: 368

	 A0A013S843	[0, 418, 0, 0, 0, 0, -1, 371, 0]

 ### Operon type: 369

	 A0A013T5E6	[0, 0, 0, 439, 0, 0, 0, 0, 0]

 ### Operon type: 370

	 A0A009T185	[806, 0, 612, 612, 613, 805, 612, 611, 729]

 ### Operon type: 371

	 A0A010IN36	[614, 865, 0, 0, 613, 805, 612, 611, 729]

 ### Operon type: 372

	 A0A009PG43	[805, 612, 505, 808, 0, 611, 729, 0, 0]

 ### Operon type: 373

	 A0A009INE0	[614, 0, 0, 0, 0, 0, 0, 612, 611]

 ### Operon type: 374

	 A0A009T9H0	[0, 30, 722, -1, 0, 0, 225, 0, 224]

 ### Operon type: 375

	 A0A010THH5	[0, 48, 306, 298, 0, 0, 642, 0, 641]

 ### Operon type: 376

	 A0A011VZE3	[0, 0, 0, 873, 197, 0, 0, 0, 0]
	 A0A011WSH8	[0, 0, 0, 873, 197, 0, 0, 0, 0]

 ### Operon type: 377

	 A0A011NAF3	[0, 0, 0, 0, 0, 0, 873, 0, 771]

 ### Operon type: 378

	 A0A009IQ93	[122, 0, 873, 0, 0, 121, 0, 0, 0]

 ### Operon type: 379

	 A0A009Q8S9	[0, 0, 722, 372, 0, 508, 0, 0, 0]

 ### Operon type: 380

	 A0A009TLU4	[0, 518, -1, 165, 0, 42, 0, -1, -1]

 ### Operon type: 381

	 A0A009ZB47	[309, 308, 0, 0, 0, 754, 639, 0, 0]

 ### Operon type: 382

	 A0A009ZVR4	[539, 0, 834, 0, 0, 47, 0, 0, 310]

 ### Operon type: 383

	 A0A010JIN9	[639, 0, 0, 45, 131, 0, 0, 0, 0]

 ### Operon type: 384

	 A0A010S003	[682, 0, 0, 0, 0, 787, 787, 607, 0]

 ### Operon type: 385

	 A0A010SMN8	[0, -1, 34, 0, 660, 0, 0, 686, 0]

 ### Operon type: 386

	 A0A010SXS1	[0, 505, 0, 0, 0, 511, 0, 0, 808]

 ### Operon type: 387

	 A0A010T689	[35, -1, 642, 544, 0, 0, 0, 0, 0]

 ### Operon type: 388

	 A0A010TBB4	[0, 383, 0, 75, 0, 0, 0, 0, 719]

 ### Operon type: 389

	 A0A010YFK3	[0, 761, 0, 0, 0, 0, 53, 0, 268]

 ### Operon type: 390

	 A0A010YVY1	[16, 0, 16, 0, 0, 0, 0, 607, 0]

 ### Operon type: 391

	 A0A010ZSZ2	[0, 725, 0, 724, 723, 0, 0, 0, 0]

 ### Operon type: 392

	 A0A010Z0Y7	[0, 0, 0, 0, 723, 228, 0, 0, 0]

 ### Operon type: 393

	 A0A011A0M8	[0, 0, 566, 0, 100, 0, 0, 1, 1]

 ### Operon type: 394

	 A0A011NFL4	[0, 533, 0, 0, 499, 567, 0, 55, 0]

 ### Operon type: 395

	 A0A011P407	[0, 0, 720, 789, 0, 0, 719, 0, 718]

 ### Operon type: 396

	 A0A011QGT2	[873, 0, 0, 872, 871, 0, 0, 0, 0]

 ### Operon type: 397

	 A0A011QSA4	[831, 0, 830, 829, 0, 0, 0, 0, 828]

 ### Operon type: 398

	 A0A011T6J6	[0, 765, 0, 834, 0, 0, 349, 0, 348]

 ### Operon type: 399

	 A0A011TAL2	[0, 784, 0, 0, 0, 467, 0, 496, 0]

 ### Operon type: 400

	 A0A011TZG0	[566, 755, 0, 0, 0, 0, 0, 516, 0]

 ### Operon type: 401

	 A0A011UGY3	[74, 73, 352, 72, 0, 0, 0, 72, 0]

 ### Operon type: 402

	 A0A011UII7	[0, 0, 0, 0, 0, 515, 514, 0, 0]

 ### Operon type: 403

	 A0A011UNT9	[508, 529, 0, 0, 0, 0, 0, 0, 0]

 ### Operon type: 404

	 A0A011SIS0	[0, 742, 530, 530, 0, 0, 0, 529, 0]

 ### Operon type: 405

	 A0A011UT49	[0, 725, 0, 0, 0, 0, 505, 504, 0]

 ### Operon type: 406

	 A0A011VU65	[78, 0, 0, 0, 0, 53, 0, 837, 81]

 ### Operon type: 407

	 A0A011VV03	[0, 52, 0, 0, 290, 57, 0, 0, 0]

 ### Operon type: 408

	 A0A011VVZ9	[0, 0, -1, 0, 0, 51, 50, 50, 528]

 ### Operon type: 409

	 A0A011VWX7	[808, 481, 0, 0, 0, 0, 0, 531, 0]

 ### Operon type: 410

	 A0A011VXK7	[534, 534, 0, 618, 0, 0, 0, 767, 0]

 ### Operon type: 411

	 A0A011W0I6	[196, 0, 0, 0, 0, 569, 0, 195, 0]

 ### Operon type: 412

	 A0A010YEF6	[0, 196, 0, 0, 0, 0, 0, 0, 37]

 ### Operon type: 413

	 A0A013SQH1	[0, 0, 0, 0, 49, 576, 0, 652, 608]

 ### Operon type: 414

	 A0A009QJA8	[210, 209, 0, 0, 0, 0, 0, 0, 669]

 ### Operon type: 415

	 A0A009YL68	[0, 0, 719, 410, 407, 0, 0, 307, 0]

 ### Operon type: 416

	 A0A010JNG7	[652, 0, 0, 651, 0, 0, 0, 0, 0]

 ### Operon type: 417

	 A0A010RM40	[658, 873, 790, 0, 0, 0, 0, -1, 709]

 ### Operon type: 418

	 A0A010RRQ6	[0, 657, 0, 0, 0, 660, 656, 655, 0]

 ### Operon type: 419

	 A0A010S423	[349, 0, 0, 0, 0, 0, 0, 293, 538]

 ### Operon type: 420

	 A0A010T0I7	[0, 0, 37, 0, 0, 832, 830, 873, 0]

 ### Operon type: 421

	 A0A010ZUR7	[52, 13, 0, 13, 0, 12, 607, 0, 0]

 ### Operon type: 422

	 A0A011NA78	[0, 487, 0, 0, 0, 821, 0, 0, 709]

 ### Operon type: 423

	 A0A011P8W7	[704, 720, 808, 0, 703, 0, 0, 0, 0]

 ### Operon type: 424

	 A0A011PG97	[686, 0, 0, 685, 0, 0, 0, 0, 0]

 ### Operon type: 425

	 A0A011PKT4	[0, 576, 0, 0, 0, 0, 575, 0, 0]

 ### Operon type: 426

	 A0A011PLB2	[0, 704, 0, 577, 0, 0, 0, 0, 0]

 ### Operon type: 427

	 A0A011R339	[0, 0, 0, 0, 0, 0, 283, 282, 0]

 ### Operon type: 428

	 A0A011SFE5	[0, 0, 0, 534, 0, 0, 533, 789, 532]

 ### Operon type: 429

	 A0A011SJT5	[0, 0, 0, 528, 527, 527, 527, 527, 527]

 ### Operon type: 430

	 A0A011TDQ5	[0, 0, 0, 0, 464, 571, 0, 0, 0]

 ### Operon type: 431

	 A0A011VT01	[0, 0, 54, 0, 0, 54, 0, 0, 316]

 ### Operon type: 432

	 A0A009Z3V9	[873, 0, 0, 0, 0, 319, 564, 318, 317]

 ### Operon type: 433

	 A0A010SRB2	[42, 41, 0, 0, 0, 41, 40, 0, 0]

 ### Operon type: 434

	 A0A010KA25	[639, 0, 642, 592, 98, 0, 0, 639, 422]

 ### Operon type: 435

	 A0A011TZN1	[273, 272, 271, 0, 270, 0, 0, 0, 0]

 ### Operon type: 436

	 A0A011VJ76	[56, 56, 504, 55, 0, 873, 566, 0, 720]

 ### Operon type: 437

	 A0A011UG17	[252, 0, 198, 0, 191, 78, 0, 0, 0]

 ### Operon type: 438

	 A0A011WUA8	[739, 0, 0, 389, 0, 0, 0, 388, 388]

 ### Operon type: 439

	 A0A010S4X6	[0, 228, 790, 787, 401, 0, 497, 568, 659]

 ### Operon type: 440

	 A0A010YY02	[0, 15, 0, 0, 15, 793, 32, 0, 14]
