
 ### Operon type: 1

	 A0A011PVT3	[656, 527, 526, 525, 524, 523, 522, 521, 520]
	 A0A011R7V7	[656, 527, 526, 525, 524, 523, 522, 521, 520]
	 A0A011MET3	[656, 527, 526, 525, 524, 523, 522, 521, 520]

 ### Operon type: 2

	 A0A011UIA1	[274, 273, 272, 271, 270, 269, 268, 267, 0]
	 A0A011V5V3	[0, 274, 273, 272, 271, 270, 269, 268, 267]

 ### Operon type: 3

	 A0A011PTE7	[570, 569, 568, 567, 566, 0, 565, 564, 563]
	 A0A011NE72	[570, 569, 568, 567, 566, 565, 564, 563, 0]

 ### Operon type: 4

	 A0A011NEY3	[411, 546, 545, 544, 544, 543, 542, 541, 0]

 ### Operon type: 5

	 A0A011PAN4	[546, 545, 0, 544, 544, 543, 542, 541, 540]

 ### Operon type: 6

	 A0A011RCD5	[411, 546, 545, 544, 544, 543, 542, 541, 540]

 ### Operon type: 7

	 A0A010JSI3	[502, 501, 500, 499, 498, 497, 496, 495, 0]
	 A0A013T0M4	[502, 501, 500, 499, 498, 497, 496, 495, 0]
	 A0A009RGL2	[0, 501, 500, 499, 498, 497, 496, 495, 0]
	 A0A009HDS5	[502, 501, 500, 499, 498, 497, 496, 495, 0]

 ### Operon type: 8

	 A0A011PF67	[613, 612, 611, 610, 609, 0, 0, 0, 0]
	 A0A011NBX7	[613, 612, 611, 610, 609, 479, 0, 0, 0]
	 A0A011NW66	[613, 612, 611, 610, 609, 479, 0, 0, 0]

 ### Operon type: 9

	 A0A011NS68	[613, 612, 611, 610, 609, 608, 607, 620, 651]
	 A0A011RHX4	[613, 612, 611, 610, 609, 608, 607, 620, 0]

 ### Operon type: 10

	 A0A010JY00	[227, 483, 492, 437, 195, 692, 434, 695, 454]

 ### Operon type: 11

	 A0A013TH30	[483, 492, 437, 436, 435, 692, 434, 695, 454]

 ### Operon type: 12

	 A0A011QAS2	[0, 676, 675, 674, 673, 672, 671, 670, 669]
	 A0A011NEQ1	[0, 676, 675, 674, 673, 672, 671, 670, 669]

 ### Operon type: 13

	 A0A011QSF0	[0, 720, 719, 718, 717, 716, 715, 714, 0]
	 A0A011QBB5	[554, 720, 719, 718, 717, 716, 715, 714, 553]
	 A0A011Q0X6	[554, 720, 719, 718, 717, 716, 715, 714, 553]
	 A0A011Q1X8	[720, 0, 719, 718, 717, 716, 715, 714, 553]

 ### Operon type: 14

	 A0A011PG87	[554, 720, 719, 718, 717, 716, 715, 0, 0]

 ### Operon type: 15

	 A0A013SP43	[390, 389, 388, 387, 386, 385, 384, 383, 382]
	 A0A010K6G6	[390, 389, 388, 387, 386, 385, 384, 0, 382]
	 A0A009RUN3	[390, 389, 388, 387, 386, 385, 384, 383, 382]

 ### Operon type: 16

	 A0A009SZB5	[0, 0, 255, 254, 253, 0, 0, 0, 252]
	 A0A009HR98	[0, 0, 255, 254, 253, 0, 0, 0, 252]

 ### Operon type: 17

	 A0A009Z8F7	[77, 255, 78, 0, 253, 4, 4, 0, 0]

 ### Operon type: 18

	 A0A011QUG8	[709, 708, 707, 706, 705, 704, 0, 703, 702]
	 A0A011QIT1	[709, 708, 707, 706, 705, 704, 703, 702, 691]

 ### Operon type: 19

	 A0A011QAB0	[683, 682, 681, 0, 680, 679, 678, 677, 0]
	 A0A011PL71	[503, 683, 682, 681, 680, 679, 678, 677, 0]

 ### Operon type: 20

	 A0A011PIY7	[632, 0, 631, 630, 629, 628, 627, 0, 625]

 ### Operon type: 21

	 A0A011Q3J4	[0, 632, 631, 630, 629, 628, 627, 626, 0]

 ### Operon type: 22

	 A0A011MH88	[633, 632, 631, 630, 629, 628, 627, 626, 625]

 ### Operon type: 23

	 A0A009QBR9	[0, 0, 359, 444, 358, 0, 0, 354, 207]
	 A0A009TM70	[0, 360, 359, 444, 358, 0, 0, 354, 207]

 ### Operon type: 24

	 A0A010ILU3	[361, 360, 359, 0, 358, 357, 356, 355, 354]
	 A0A009QS71	[361, 360, 359, 444, 358, 357, 0, 355, 354]
	 A0A009MW50	[0, 360, 359, 444, 358, 357, 0, 355, 354]
	 A0A009H3B0	[0, 360, 359, 0, 358, 357, 356, 355, 354]

 ### Operon type: 25

	 A0A009I8S2	[0, 0, 359, 444, 358, 357, 355, 354, 207]

 ### Operon type: 26

	 A0A009ICH6	[381, 90, 89, 35, 195, 33, 32, 31, 695]
	 A0A009ZFR5	[381, 90, 89, 35, 195, 33, 32, 31, 695]

 ### Operon type: 27

	 A0A009GP96	[0, 119, 519, 487, 194, 118, 428, 117, 116]

 ### Operon type: 28

	 A0A009GSR4	[487, 194, 118, 428, 117, 116, 116, 115, 0]

 ### Operon type: 29

	 A0A009IIT6	[119, 519, 487, 194, 117, 116, 116, 115, 0]

 ### Operon type: 30

	 A0A009IS10	[144, 0, 0, 0, 143, 142, 141, 0, 0]

 ### Operon type: 31

	 A0A009QHW5	[0, 0, 0, 361, 143, 142, 141, 0, 92]

 ### Operon type: 32

	 A0A011UVB4	[0, 0, 0, 240, 0, 0, 144, 0, 103]

 ### Operon type: 33

	 A0A011TLH7	[422, 421, 420, 0, 0, 0, 0, 0, 0]
	 A0A011UG87	[420, 421, 422, 0, 0, 0, 0, 0, 0]

 ### Operon type: 34

	 A0A011QDV3	[561, 560, 559, 616, 558, 557, 556, 0, 555]
	 A0A011QIE8	[561, 560, 559, 616, 558, 557, 555, 0, 0]

 ### Operon type: 35

	 A0A011NYU6	[551, 550, 0, 549, 576, 16, 15, 0, 548]

 ### Operon type: 36

	 A0A011PYI6	[551, 550, 0, 549, 576, 548, 547, 648, 0]

 ### Operon type: 37

	 A0A011P1C0	[0, 0, 16, 15, 548, 0, 0, 0, 0]

 ### Operon type: 38

	 A0A011PP01	[580, 579, 578, 0, 0, 0, 0, 0, 0]
	 A0A011NVE7	[580, 579, 578, 0, 0, 0, 0, 0, 0]

 ### Operon type: 39

	 A0A013TH43	[433, 0, 0, 0, 432, 431, 430, 0, 429]
	 A0A009RAF0	[433, 0, 0, 0, 432, 431, 430, 0, 429]

 ### Operon type: 40

	 A0A013S8V2	[230, 229, 0, 0, 0, 228, 0, 0, 0]
	 A0A009R8E1	[0, 39, 0, 230, 229, 0, 0, 228, 0]

 ### Operon type: 41

	 A0A009QFZ7	[452, 451, 0, 0, 448, 0, 446, 445, 0]
	 A0A009TK03	[452, 451, 0, 0, 448, 0, 446, 445, 0]

 ### Operon type: 42

	 A0A013SPM5	[452, 451, 450, 449, 448, 447, 446, 445, 0]
	 A0A010IX62	[452, 451, 450, 449, 448, 0, 446, 445, 0]
	 A0A009MH71	[452, 451, 0, 449, 448, 447, 446, 445, 0]
	 A0A009HSL1	[452, 451, 450, 449, 448, 0, 446, 445, 0]

 ### Operon type: 43

	 A0A009I6Z0	[452, 451, 0, 449, 448, 0, 446, 445, 86]

 ### Operon type: 44

	 A0A009ZIX8	[0, 5, 450, 449, 448, 14, 0, 86, 0]

 ### Operon type: 45

	 A0A009I573	[61, 0, 71, 72, 0, 73, 204, 74, 75]

 ### Operon type: 46

	 A0A009ILP9	[76, 0, 75, 74, 204, 73, 201, 72, 71]

 ### Operon type: 47

	 A0A009I953	[76, 0, 75, 74, 204, 73, 201, 0, -1]

 ### Operon type: 48

	 A0A009QEG7	[206, 205, 0, 0, 204, 203, 202, 0, 201]
	 A0A009IPC3	[206, 205, 0, 0, 204, 203, 202, 0, 201]

 ### Operon type: 49

	 A0A009SX74	[536, 651, 0, 72, 201, 76, 205, 206, 0]

 ### Operon type: 50

	 A0A010JWJ1	[0, 200, 519, 0, 199, 198, 197, 196, 0]
	 A0A009I4A1	[0, 200, 519, 0, 199, 198, 197, 196, 0]

 ### Operon type: 51

	 A0A009QF22	[96, 95, 94, 0, 199, 198, 197, 196, 93]
	 A0A009TBY8	[96, 95, 94, 109, 199, 198, 197, 196, 93]

 ### Operon type: 52

	 A0A009ITT8	[140, 139, 138, 262, 261, 137, 260, 259, 258]

 ### Operon type: 53

	 A0A009NJ90	[140, 139, 138, 262, 0, 131, 137, 260, 259]

 ### Operon type: 54

	 A0A009HZK2	[263, 262, 261, 0, 0, 0, 0, 0, 0]

 ### Operon type: 55

	 A0A009IJ07	[265, 264, 263, 262, 261, 0, 0, 0, 0]

 ### Operon type: 56

	 A0A009S6G1	[265, 264, 263, 262, 261, 260, 259, 258, 257]

 ### Operon type: 57

	 A0A009S5A5	[261, 131, 137, 260, 259, 258, 37, 81, 257]

 ### Operon type: 58

	 A0A013TCN9	[444, 443, 442, 441, 440, 439, 438, 519, 616]
	 A0A009QNC9	[444, 443, 442, 441, 440, 439, 438, 519, 616]
	 A0A009NIJ3	[444, 443, 442, 441, 440, 439, 438, 519, 616]
	 A0A010ITG1	[444, 443, 442, 441, 440, 439, 438, 519, 616]
	 A0A013TRC1	[444, 443, 442, 441, 440, 439, 438, 519, 616]

 ### Operon type: 59

	 A0A009H935	[0, 0, 442, 441, 440, 439, 438, 519, 616]

 ### Operon type: 60

	 A0A009PJF7	[241, 242, 242, 243, 174, 244, 173, 172, 171]
	 A0A009SJZ7	[240, 241, 242, 243, 174, 244, 173, 172, 171]

 ### Operon type: 61

	 A0A009Z5G0	[244, 243, 242, 0, 324, 241, 240, 376]

 ### Operon type: 62

	 A0A010JJC1	[582, 368, 367, 366, 365, 364, 363, 369, 362]
	 A0A010IZ41	[368, 367, 366, 365, 364, 363, 369, 362, 388]

 ### Operon type: 63

	 A0A009QJL6	[582, 368, 367, 366, 0, 362, 388, 91, 0]

 ### Operon type: 64

	 A0A011P2I4	[679, 528, 631, 0, 0, 0, 0, 0, 0]
	 A0A011N9N8	[679, 528, 631, 0, 0, 0, 0, 0, 0]

 ### Operon type: 65

	 A0A009PIB4	[0, 0, 0, 168, 167, 166, 428, 519, 679]
	 A0A009SLR5	[0, 0, 0, 168, 167, 166, 428, 519, 679]

 ### Operon type: 66

	 A0A009HSU4	[0, 0, 463, 519, 0, 528, 647, 679, 428]

 ### Operon type: 67

	 A0A011SF89	[588, 587, 586, 0, 0, 0, 0, 0, 0]

 ### Operon type: 68

	 A0A011UCX7	[0, 683, 588, 587, 0, 586, 233, 0, 0]

 ### Operon type: 69

	 A0A011NYT4	[645, 644, 643, 642, 0, 468, 468, 467, 466]

 ### Operon type: 70

	 A0A011P8E9	[0, 0, 645, 644, 0, 643, 642, 0, 0]

 ### Operon type: 71

	 A0A010TF34	[0, -1, 0, 0, 44, 43, 42, 41, 40]
	 A0A010SYH9	[44, 43, 42, 41, 40, 0, 0, 0, 0]

 ### Operon type: 72

	 A0A010TFJ4	[0, -1, 0, 49, 48, 47, 46, -1, 45]
	 A0A010S7A1	[49, 48, 47, 46, 0, 45, 0, 0, 0]

 ### Operon type: 73

	 A0A009ICP5	[154, 392, 482, 153, 152, 0, 0, 150, 0]

 ### Operon type: 74

	 A0A009MMG9	[154, 392, 482, 153, 152, 0, 151, 150, 320]

 ### Operon type: 75

	 A0A009QLL2	[0, 246, 247, 0, 152, 0, 0, 150, 0]
	 A0A009HTW0	[0, 246, 247, 0, 152, 0, 0, 150, 0]

 ### Operon type: 76

	 A0A009SIV4	[245, 246, 247, 63, 152, 62, 0, 150, 320]

 ### Operon type: 77

	 A0A013TSJ4	[246, 247, 0, 63, 152, 0, 0, 150, 320]

 ### Operon type: 78

	 A0A009Z3V9	[519, 0, 0, 0, 0, 247, 462, 246, 245]

 ### Operon type: 79

	 A0A009T0Q9	[0, 0, 0, 0, 251, 250, 633, 519, 249]

 ### Operon type: 80

	 A0A009YJF4	[0, 467, 466, 26, 110, 633, 519, 0, 249]

 ### Operon type: 81

	 A0A009PAV9	[190, -1, 482, 189, 378, 428, 188, 187, 186]
	 A0A009HJC2	[190, 616, 482, 189, 378, 428, 188, 187, 186]

 ### Operon type: 82

	 A0A009SE02	[0, 186, 0, 0, 0, 187, 188, 428, 378]

 ### Operon type: 83

	 A0A011QNA5	[0, 516, 515, 514, 0, 513, 512, 511, 510]
	 A0A009ZLJ7	[510, 511, 512, 513, 0, 0, 516, 515, 514]

 ### Operon type: 84

	 A0A013T0T6	[513, 512, 511, 510, 459, 458, 457, 456, 455]
	 A0A009QMH5	[513, 512, 511, 510, 459, 458, 457, 456, 455]
	 A0A009HAX1	[513, 512, 511, 510, 459, 458, 457, 456, 455]

 ### Operon type: 85

	 A0A010ILW6	[513, 512, 511, 510, 459, 458, 0, 0, 456]

 ### Operon type: 86

	 A0A009Z9X7	[512, 511, 510, 0, 459, 0, 699, 0, 456]

 ### Operon type: 87

	 A0A009PE10	[0, 0, 0, 510, 459, 183, 457, 456, -1]

 ### Operon type: 88

	 A0A009SYU8	[647, 381, 634, 336, 175, 519, 519, 334, 333]
	 A0A009HS41	[647, 381, 634, 336, 175, 519, 519, 334, 333]
	 A0A009RSB7	[647, 381, 634, 336, 175, 519, 519, 334, 333]

 ### Operon type: 89

	 A0A010IT25	[647, 381, 634, 336, 335, 519, 519, 334, 333]
	 A0A013SHA9	[647, 381, 634, 336, 335, 519, 519, 334, 333]
	 A0A009I466	[647, 381, 634, 336, 335, 519, 519, 334, 333]

 ### Operon type: 90

	 A0A009NMQ9	[647, 381, 634, 336, 335, 0, 519, 519, 334]

 ### Operon type: 91

	 A0A009P8A9	[0, 0, 634, 336, 175, 519, 519, 334, 333]

 ### Operon type: 92

	 A0A011PGU1	[0, 0, 535, 534, 533, 532, 531, 530, 529]
	 A0A011MDH1	[465, 0, 535, 534, 533, 532, 531, 530, 529]

 ### Operon type: 93

	 A0A011V0P4	[331, 280, 0, 0, 315, 0, 0, 279, 278]

 ### Operon type: 94

	 A0A011WPV7	[279, 278, 0, 0, 0, 0, 0, 0, 0]

 ### Operon type: 95

	 A0A011RNP9	[0, 0, 0, 0, 0, 595, 678, 0, 0]

 ### Operon type: 96

	 A0A011V0B5	[591, 0, 0, 0, 0, 0, 595, 0, 0]

 ### Operon type: 97

	 A0A011RQC9	[0, 591, 590, 0, 0, 0, 0, 589, 0]

 ### Operon type: 98

	 A0A011QG28	[509, 508, 534, 0, 533, 532, 640, 507, 641]
	 A0A011RIM8	[509, 508, 0, 0, 533, 532, 640, 507, 641]

 ### Operon type: 99

	 A0A011PHI6	[655, 0, 654, 0, 0, 653, 706, 652, 0]

 ### Operon type: 100

	 A0A011QI68	[0, 0, 654, 653, 0, 0, 0, 0, 0]

 ### Operon type: 101

	 A0A011P700	[0, 0, 713, 712, 0, 0, 0, 0, 0]

 ### Operon type: 102

	 A0A011QSI4	[0, 0, 713, 712, 711, 0, 0, 0, 0]

 ### Operon type: 103

	 A0A011NVJ6	[471, 661, 660, 659, 658, 657, 0, 0, 470]

 ### Operon type: 104

	 A0A011PVP2	[0, 661, 660, 659, 658, 657, 0, 0, 656]

 ### Operon type: 105

	 A0A011NXY7	[0, 0, 660, 0, 658, 0, 0, 0, 0]

 ### Operon type: 106

	 A0A011QR69	[697, 696, 695, 694, 693, 692, 0, 0, 0]
	 A0A011NUB4	[697, 696, 695, 694, 693, 692, 0, 473, 0]

 ### Operon type: 107

	 A0A011NN36	[696, 695, 0, 0, 693, 692, 0, 0, 0]

 ### Operon type: 108

	 A0A011PK69	[695, 506, 0, 0, 693, 692, 0, 0, 0]

 ### Operon type: 109

	 A0A011RMI6	[667, 666, 598, 597, 596, 665, 664, 663, 662]
	 A0A011NYD6	[667, 666, 598, 597, 596, 665, 664, 663, 662]

 ### Operon type: 110

	 A0A011QB28	[668, 667, 666, 0, 0, 665, 664, 663, 662]

 ### Operon type: 111

	 A0A011NF33	[0, 665, 664, 0, 0, 0, 0, 0, 0]

 ### Operon type: 112

	 A0A011NBY4	[478, 0, 0, 477, 0, 0, 476, 0, 0]

 ### Operon type: 113

	 A0A011WRT0	[478, 0, 0, 0, 0, 0, 0, 648, 0]

 ### Operon type: 114

	 A0A011SHV5	[0, 0, 0, 0, 0, 583, 648, 582, 0]

 ### Operon type: 115

	 A0A011NB95	[0, 701, 0, 0, 0, 0, 482, 481, 480]

 ### Operon type: 116

	 A0A011UHT4	[91, 127, 481, 0, 0, 51, 51, 480, 0]

 ### Operon type: 117

	 A0A010Z1W7	[0, 0, 0, 0, 0, 83, 0, 328, 329]

 ### Operon type: 118

	 A0A011VY84	[0, 0, 329, 328, 0, 0, 0, 0, 0]

 ### Operon type: 119

	 A0A010YW85	[0, 0, 0, 0, 0, 282, 0, 328, 329]

 ### Operon type: 120

	 A0A010ZMA0	[328, 486, 0, 0, 0, 0, 0, 0, 0]

 ### Operon type: 121

	 A0A011N5L2	[0, 0, 0, 486, 0, 485, 484, 0, 0]

 ### Operon type: 122

	 A0A010SQJ5	[231, 153, 0, 418, 417, 416, 0, 0, 0]

 ### Operon type: 123

	 A0A010STD3	[0, 0, 0, 418, 417, 416, 0, 334, 370]

 ### Operon type: 124

	 A0A011TD67	[419, 0, 0, 418, 417, 416, 415, 0, 414]

 ### Operon type: 125

	 A0A009ZC12	[0, 0, 0, 418, 0, 416, 415, 3, 722]

 ### Operon type: 126

	 A0A010RFQ9	[0, 0, 494, 0, 493, 0, 0, 0, 0]

 ### Operon type: 127

	 A0A010SPR9	[24, 24, 0, 0, 0, 493, 0, 0, 0]

 ### Operon type: 128

	 A0A013S288	[0, 0, 0, 300, 378, 299, 298, 0, 296]
	 A0A010J3I1	[0, 0, 0, 300, 378, 299, 298, 0, 296]

 ### Operon type: 129

	 A0A013SXT2	[408, 302, 301, 300, 378, 299, 298, 297, 296]
	 A0A009PWG1	[408, 302, 301, 300, 378, 299, 298, 297, 296]

 ### Operon type: 130

	 A0A009ZJK4	[0, 0, 0, 0, 0, 0, 381, 18, 0]

 ### Operon type: 131

	 A0A010SVN1	[-1, 18, 519, 208, 406, 0, 0, 381, 0]

 ### Operon type: 132

	 A0A009IMX3	[344, 0, 342, 0, 340, 98, 98, 648, 97]
	 A0A009SF48	[344, 0, 342, 0, 340, -1, 98, 648, 97]

 ### Operon type: 133

	 A0A009QEX0	[344, 343, 342, 341, 340, 98, 98, 648, 97]

 ### Operon type: 134

	 A0A010ISX2	[344, 343, 342, 341, 340, 339, 381, 338, 337]
	 A0A013S7V1	[344, 343, 342, 341, 340, 339, 381, 338, 337]
	 A0A009RES7	[344, 343, 342, 341, 340, 339, 381, 338, 337]
	 A0A009MR00	[344, 343, 342, 341, 340, 339, 381, 338, 337]

 ### Operon type: 135

	 A0A009GYP9	[0, 0, 0, 341, 340, 339, 381, 338, 337]

 ### Operon type: 136

	 A0A009YTT3	[0, 0, 0, 0, 0, 0, 381, 338, 337]

 ### Operon type: 137

	 A0A009PFK7	[182, 181, 180, 179, 178, 0, 0, 177, 0]
	 A0A009QGN4	[182, 181, 180, 179, 178, 177, 0, 0, 0]

 ### Operon type: 138

	 A0A009YR20	[0, 177, 0, 0, 0, 0, 181, 0, 0]

 ### Operon type: 139

	 A0A013SB36	[226, 225, 224, 223, 222, 0, 466, 221, 250]
	 A0A009QSI3	[226, 225, 224, 223, 222, 0, 466, 221, -1]

 ### Operon type: 140

	 A0A010ITP2	[226, 225, 224, 223, 222, 0, 466, 0, 0]

 ### Operon type: 141

	 A0A009SII9	[-1, 225, 224, 223, 0, 0, 0, 0, 251]

 ### Operon type: 142

	 A0A009HZV2	[0, 0, 0, 0, 193, 192, 131, 0, 0]

 ### Operon type: 143

	 A0A009QPE7	[0, 0, 0, 0, 193, 192, 0, 0, 0]

 ### Operon type: 144

	 A0A009GXL8	[113, 112, 111, 0, 110, 109, 130, 129, 128]

 ### Operon type: 145

	 A0A010JIW7	[113, 112, 111, 0, 110, 0, 0, 130, 129]

 ### Operon type: 146

	 A0A009MGR3	[0, 0, 216, 0, 453, 81, 80, 215, 214]

 ### Operon type: 147

	 A0A009Q4G0	[0, 217, 216, 0, 453, 0, 215, 214, 215]

 ### Operon type: 148

	 A0A009PUJ8	[0, 185, 0, 0, 0, 184, 130, 129, 128]

 ### Operon type: 149

	 A0A009QJA8	[129, 128, 0, 0, 0, 0, 0, 0, 0]

 ### Operon type: 150

	 A0A009PB53	[0, 0, 185, 0, 0, 215, 214, 215, 184]

 ### Operon type: 151

	 A0A013SNJ8	[381, 0, 0, 380, 379, 378, 388, 0, 0]
	 A0A013RZW2	[381, 232, 0, 380, 379, 378, 388, 0, 0]
	 A0A010J9U3	[381, 0, 0, 380, 379, 378, 388, 0, 0]
	 A0A009SIZ4	[381, 232, 0, 380, 379, 0, 388, 136, 0]
	 A0A009RD69	[381, 232, 0, 380, 379, 378, 388, 136, 0]

 ### Operon type: 152

	 A0A009PH20	[0, 0, 354, 380, 379, 378, 388, 0, 0]
	 A0A009IV03	[0, 0, 354, 380, 379, 0, 388, 0, 0]

 ### Operon type: 153

	 A0A009YIZ0	[381, 232, 354, 380, 379, 378, 388, 136, 122]

 ### Operon type: 154

	 A0A009QA91	[211, 210, 647, 519, 294, 294, 209, 400, 208]
	 A0A010J377	[211, 210, 647, 519, 294, 294, 209, 400, 208]

 ### Operon type: 155

	 A0A009QQC0	[0, 0, 191, 519, 294, 294, 0, 400, 208]
	 A0A009MVG4	[191, 0, 295, 519, 294, 294, 0, 400, 208]

 ### Operon type: 156

	 A0A009H7I0	[0, 0, 0, 519, 294, 294, 209, 400, 208]

 ### Operon type: 157

	 A0A009S1X4	[211, 210, 647, 519, 294, 294, 519, 0, 34]

 ### Operon type: 158

	 A0A013SHF4	[0, 0, 295, 519, 294, 294, 0, 293, 0]

 ### Operon type: 159

	 A0A009H7U0	[353, 640, 0, 352, 351, 350, 349, 0, 0]

 ### Operon type: 160

	 A0A010IMP8	[353, 0, 0, 352, 351, 350, 349, 0, 348]

 ### Operon type: 161

	 A0A013SZ54	[353, 0, 332, 352, 351, 0, 0, 0, 0]

 ### Operon type: 162

	 A0A009ZM43	[-1, 640, 332, 352, 351, 350, 349, 57, 348]

 ### Operon type: 163

	 A0A009YSC7	[0, 0, 476, 1, 0, 1, 372, 371, 0]

 ### Operon type: 164

	 A0A013RVV2	[444, 0, 372, 371, 0, 0, 0, 370, 0]

 ### Operon type: 165

	 A0A011Q5S3	[691, 690, 0, 0, 0, 0, 689, 688, 687]

 ### Operon type: 166

	 A0A011UZZ4	[0, 689, 688, 0, 0, 0, 281, 281, 687]

 ### Operon type: 167

	 A0A010YKP2	[0, 0, 0, 0, 0, 0, 470, 277, 0]

 ### Operon type: 168

	 A0A011V1A2	[280, 0, 0, 277, 0, 0, 0, 0, 0]

 ### Operon type: 169

	 A0A011Q2B1	[0, 0, 0, 0, 0, 604, 603, 602, 601]

 ### Operon type: 170

	 A0A011RLN8	[0, 0, 0, 606, 605, 604, 603, 602, 601]

 ### Operon type: 171

	 A0A011NGS0	[0, 0, 0, 0, 617, 636, 0, 0, 0]

 ### Operon type: 172

	 A0A011PW61	[0, 0, 0, 0, 617, 636, 0, 0, 552]

 ### Operon type: 173

	 A0A011UXI1	[0, 504, 0, 0, 617, 636, 413, 0, 0]

 ### Operon type: 174

	 A0A011SWI9	[-1, -1, 0, 655, 617, 636, 413, -1, -1]

 ### Operon type: 175

	 A0A011P952	[636, 0, 635, 0, 0, 635, 0, 0, 0]

 ### Operon type: 176

	 A0A011NSG8	[0, 0, 0, 652, 475, 474, 0, 475, 0]

 ### Operon type: 177

	 A0A011P0X4	[0, 0, 465, 0, 475, 0, 0, 474, 39]

 ### Operon type: 178

	 A0A009MJ75	[0, 0, 162, 161, 160, 0, 0, 0, 487]

 ### Operon type: 179

	 A0A010IH51	[0, 320, 0, 0, 160, 0, 487, 0, 0]

 ### Operon type: 180

	 A0A010YNY9	[0, 0, 84, 19, 0, 0, 0, 0, 65]

 ### Operon type: 181

	 A0A011AC71	[34, 0, 0, 409, 0, 84, 19, 0, 647]

 ### Operon type: 182

	 A0A011PRW6	[572, 0, 0, 0, 571, 666, 598, 0, 0]
	 A0A011QLX0	[0, 572, 0, 0, 571, 0, 666, 598, 0]

 ### Operon type: 183

	 A0A010SML6	[0, 666, 598, -1, 0, 651, 0, 0, 0]

 ### Operon type: 184

	 A0A009P817	[213, 0, 0, 0, 165, 0, 284, 164, 163]

 ### Operon type: 185

	 A0A009TIY0	[0, 0, 0, 0, 165, 0, 284, 164, 0]

 ### Operon type: 186

	 A0A009QKA3	[284, 164, 0, 163, 0, 0, 0, 0, 182]

 ### Operon type: 187

	 A0A009S854	[-1, 0, 0, 256, 374, 0, 0, 0, 373]

 ### Operon type: 188

	 A0A013RMD0	[-1, 0, 490, 0, 374, 494, 0, 0, 373]

 ### Operon type: 189

	 A0A009HFU9	[0, 121, 0, 0, 120, 428, 0, 0, 0]
	 A0A009R016	[0, 121, 0, 0, 120, -1, 428, 0, 0]

 ### Operon type: 190

	 A0A009HSR2	[0, 60, 59, 0, 58, 146, 147, 131, 148]

 ### Operon type: 191

	 A0A009SWM1	[0, 60, 59, 0, 58, 0, 0, 147, 0]

 ### Operon type: 192

	 A0A009MYX0	[149, 148, 0, 463, 0, 0, 147, 146, 145]

 ### Operon type: 193

	 A0A009QK79	[0, 0, 145, 146, 0, 147, 0, 0, 148]

 ### Operon type: 194

	 A0A009GXJ1	[276, 275, 146, 147, 114, 131, 148, 149, 0]

 ### Operon type: 195

	 A0A013TKW8	[0, 538, 0, 428, 427, 426, 425, 424, 423]
	 A0A010IT95	[0, 0, 0, 428, 427, 426, 425, 424, 423]
	 A0A009QT77	[0, 0, -1, 428, 427, 426, 425, 424, 423]
	 A0A009PRQ9	[0, 428, 169, 0, 427, 426, 425, 424, 423]
	 A0A009GWD0	[131, 0, 0, 428, 427, 426, 425, 424, 423]
	 A0A009MH36	[0, 0, 0, 428, 427, 426, 425, 424, 423]
	 A0A009I5G9	[0, 0, 428, 169, 427, 426, 425, 424, 423]
	 A0A009S0T6	[0, 0, 428, 169, 427, 426, 425, 424, 423]

 ### Operon type: 196

	 A0A013TMJ7	[616, -1, 0, 428, 427, 424, 423, 0, 0]

 ### Operon type: 197

	 A0A009HJJ5	[399, 398, 397, 0, 396, 395, 0, 642, 79]
	 A0A009I8I7	[399, 398, 397, 54, 396, 395, 0, 642, 79]

 ### Operon type: 198

	 A0A013TPR7	[399, 398, 397, 0, 396, 395, 0, 642, 484]
	 A0A010JJN4	[0, 398, 397, 0, 396, 395, 0, 642, 484]
	 A0A009PMT3	[399, 398, 397, 0, 396, 395, 170, 642, 484]
	 A0A009RMI1	[0, 398, 397, 0, 396, 395, 0, 642, 0]
	 A0A009YG45	[0, 399, 398, 397, 396, 0, 395, 170, 642]

 ### Operon type: 199

	 A0A009SEP4	[399, 398, 397, 54, 396, 0, 395, 170, 0]

 ### Operon type: 200

	 A0A009NI48	[399, 398, 397, 0, 396, 0, 0, 0, -1]

 ### Operon type: 201

	 A0A011WLE7	[0, 0, 0, 0, 0, 155, 0, 0, 0]
	 A0A011VU44	[0, 0, 0, 0, 0, 155, 0, 0, 0]

 ### Operon type: 202

	 A0A011VAP2	[0, 0, 123, 0, 0, 0, 0, 0, 314]

 ### Operon type: 203

	 A0A011VRJ8	[0, 0, 0, 0, 0, 0, 123, 0, 0]

 ### Operon type: 204

	 A0A011RNU1	[0, 0, 0, 0, 0, 0, 594, 594, 593]

 ### Operon type: 205

	 A0A011VKJ9	[0, 0, 0, 0, 0, 0, 593, 594, -1]

 ### Operon type: 206

	 A0A011WT35	[377, 0, 0, 0, 0, 0, 0, 0, 0]
	 A0A011V490	[0, 377, 0, 0, 0, 0, 0, 0, 0]

 ### Operon type: 207

	 A0A009T185	[696, 0, 562, 562, 346, 695, 562, 345, 657]

 ### Operon type: 208

	 A0A010IN36	[347, 616, 0, 0, 346, 695, 562, 345, 657]

 ### Operon type: 209

	 A0A009PG43	[695, 562, 176, 698, 0, 345, 657, 0, 0]

 ### Operon type: 210

	 A0A011PQZ7	[0, 0, 0, 577, 576, 0, 575, 0, 0]

 ### Operon type: 211

	 A0A011TUX4	[0, 0, 0, 0, 576, 0, 0, 575, 0]

 ### Operon type: 212

	 A0A011STZ9	[0, 0, 0, 575, 0, 0, 0, 0, 0]

 ### Operon type: 213

	 A0A011PRF5	[573, 0, 0, 0, 0, 0, 0, 0, 0]
	 A0A011PUJ9	[0, 0, 0, 0, 0, 0, 0, 0, 573]

 ### Operon type: 214

	 A0A011PFY8	[0, 0, 0, 0, 0, 0, 0, 0, 581]

 ### Operon type: 215

	 A0A011PNS3	[698, 581, 0, 0, 0, 0, 0, 0, 0]

 ### Operon type: 216

	 A0A011T648	[0, 581, 0, 0, 0, 0, 0, 695, 0]

 ### Operon type: 217

	 A0A011U3C2	[0, 0, 640, 0, 0, 0, 0, 0, 0]
	 A0A011AEN3	[0, 0, 0, 0, 0, 0, 640, 0, 0]

 ### Operon type: 218

	 A0A011AAZ2	[0, 67, 0, 0, 0, 640, 640, 640, 0]

 ### Operon type: 219

	 A0A011T698	[0, 0, 0, 0, 0, 647, 640, 0, 0]

 ### Operon type: 220

	 A0A009SNL0	[56, 55, 0, 0, 0, 0, 0, 0, 0]

 ### Operon type: 221

	 A0A009ZZC8	[-1, 55, 56, 0, 0, 0, 0, 0, 0]

 ### Operon type: 222

	 A0A009ZG48	[0, 0, 0, 538, 0, 0, 0, 0, 0]

 ### Operon type: 223

	 A0A011PEJ8	[0, 0, 539, 538, 0, 0, 0, 0, 0]

 ### Operon type: 224

	 A0A011QNJ7	[622, 0, 0, 538, 0, 0, 0, 622, 0]

 ### Operon type: 225

	 A0A011MMJ4	[0, 0, 0, 0, 0, 0, 0, 622, 0]

 ### Operon type: 226

	 A0A011R8M3	[0, 0, 539, 538, 0, 412, 0, 622, 0]

 ### Operon type: 227

	 A0A009TJ77	[0, 99, 0, 0, 0, 0, 0, 0, 0]

 ### Operon type: 228

	 A0A010RTE7	[0, 0, 0, 0, 0, 0, 41, 99, 0]

 ### Operon type: 229

	 A0A013TPQ9	[405, 404, 403, 402, 401, 519, 616, 400, 485]
	 A0A013S8F0	[405, 404, 403, 402, 401, 519, 616, 400, 485]
	 A0A009PMU2	[405, 404, 403, -1, 401, 519, 616, 400, 485]
	 A0A009SZ84	[405, 404, 403, 402, 401, 519, 616, 400, 485]

 ### Operon type: 230

	 A0A009IG48	[0, 0, 0, 70, 69, 0, 0, 0, 651]

 ### Operon type: 231

	 A0A009IMQ0	[0, 0, 0, 70, 69, 0, 0, 0, 0]

 ### Operon type: 232

	 A0A009SWV1	[0, 0, 0, 0, 0, 0, 0, 70, 0]

 ### Operon type: 233

	 A0A011TAW2	[0, 0, 0, 0, 0, 0, 408, 0, 0]
	 A0A009SFX8	[408, 0, 0, 0, 0, 0, 0, 0, 0]

 ### Operon type: 234

	 A0A011TZN1	[0, 0, 0, 0, 266, 0, 0, 0, 0]
	 A0A009RHH9	[0, 0, 0, 0, 266, 0, 0, 0, 0]

 ### Operon type: 235

	 A0A009Q512	[0, 0, 0, 0, 212, 0, 0, 0, 0]
	 A0A009PMZ9	[212, 0, 0, 0, 0, 0, 0, 0, 0]

 ### Operon type: 236

	 A0A009IFL2	[0, 30, 0, 29, -1, 0, 0, 0]

 ### Operon type: 237

	 A0A009ZDS1	[-1, -1, 0, 30, 0, 0, 368, 0, 0]

 ### Operon type: 238

	 A0A009NPS1	[0, 404, 403, 402, 401, -1, 0, 0, 0]
	 A0A010IZH1	[-1, 404, 403, 402, 401, 519, 0, 0, 0]
	 A0A009HJM0	[0, 404, 403, 402, 401, 519, 0, 0, 0]

 ### Operon type: 239

	 A0A009HUS9	[404, 403, 0, 0, 0, 0, -1, 0, 0]

 ### Operon type: 240

	 A0A009HM15	[0, 134, 133, 0, 0, 0, -1, 0, 0]

 ### Operon type: 241

	 A0A009RQL5	[0, 0, 0, 0, 0, 0, 134, 133, 0]

 ### Operon type: 242

	 A0A009IJ01	[0, 0, 0, 0, 0, 0, 134, 133, 132]

 ### Operon type: 243

	 A0A009NCH6	[0, 0, 0, 0, 0, 0, 0, 133, 132]

 ### Operon type: 244

	 A0A011UB51	[327, 0, 0, 0, 0, 0, 0, 0, 0]
	 A0A011UFH1	[0, 0, 0, 0, 0, 327, 0, 0, 0]

 ### Operon type: 245

	 A0A011V965	[0, -1, -1, 0, 124, 0, -1, -1, 0]
	 A0A011VHP2	[0, -1, -1, -1, 124, 0, 0, 0, 0]

 ### Operon type: 246

	 A0A010RVD0	[-1, 0, 0, -1, 0, 714, 714, 0, 25]

 ### Operon type: 247

	 A0A010T7Q5	[0, 25, 0, 0, 0, 0, -1, 0, 0]

 ### Operon type: 248

	 A0A010SNM6	[0, 0, -1, 0, 0, 0, 616, 0, 0]
	 A0A010SRR2	[0, 0, -1, 0, 0, 0, 0, 0, 616]

 ### Operon type: 249

	 A0A010SJH7	[0, 0, 616, -1, 0, 0, 209, 0, 0]

 ### Operon type: 250

	 A0A010RKP8	[0, 0, 0, 0, 0, 0, -1, 0, 0]
	 A0A011V107	[0, -1, 0, 0, 0, 0, 0, 0, 0]
	 A0A011U7M7	[0, 0, -1, 0, 0, 0, 0, 0, 0]
	 A0A009QDV7	[-1, 0, 0, 0, 0, 0, 0, 0, 0]
	 A0A009RG92	[-1, 0, 0, 0, 0, 0, 0, 0, 0]
	 A0A009PH57	[0, 0, -1, 0, 0, 0, 0, 0, 0]
	 A0A009N9Z1	[-1, 0, 0, 0, 0, 0, 0, 0, 0]
	 A0A009H6M2	[-1, 0, 0, 0, 0, 0, 0, 0, 0]
	 A0A010JDA6	[-1, 0, 0, 0, 0, 0, 0, 0, 0]
	 A0A010TF14	[-1, 0, 0, 0, 0, 0, 0, 0, 0]
	 A0A010RY47	[-1, 0, -1, 0, 0, 0, 0, 0, 0]
	 A0A009HJU6	[0, 0, 0, 0, 0, 0, 0, 0, -1]
	 A0A011UZ32	[0, 0, 0, 0, 0, -1, 0, 0, 0]
	 A0A011UZ49	[0, -1, 0, 0, 0, 0, 0, 0, 0]
	 A0A009IHQ3	[-1, 0, 0, 0, 0, 0, 0, 0, 0]
	 A0A009TG92	[0, 0, -1, 0, 0, 0, 0, 0, 0]

 ### Operon type: 251

	 A0A010SJF9	[0, 0, 0, 0, 0, -1, 0, 85, -1]

 ### Operon type: 252

	 A0A010T5D8	[0, 0, 0, -1, 0, -1, 388, 0, 0]

 ### Operon type: 253

	 A0A011ML54	[0, 0, 0, 624, 0, 0, 0, 0, -1]

 ### Operon type: 254

	 A0A011NHY1	[0, 0, 0, 0, 0, 616, 0, 0, 0]

 ### Operon type: 255

	 A0A010Z171	[0, 0, 0, 0, 0, 0, 616, 0, 463]

 ### Operon type: 256

	 A0A010ZX98	[0, 0, 0, 0, 0, 10, 616, 616, 0]

 ### Operon type: 257

	 A0A010YRE8	[0, 0, 0, 0, 0, 0, 0, 10, 0]

 ### Operon type: 258

	 A0A011AF05	[0, 0, 34, 10, 0, 0, 0, 0, 0]

 ### Operon type: 259

	 A0A011SQL0	[650, 0, -1, 0, 0, 0, 0, 0, 0]

 ### Operon type: 260

	 A0A009ZC82	[0, 0, 650, 0, 0, 0, 0, 0, 0]

 ### Operon type: 261

	 A0A011P3F6	[651, 0, 0, 650, 0, 0, 0, 0, 0]

 ### Operon type: 262

	 A0A011T697	[616, 0, 0, 0, 0, 0, 0, 0, 284]

 ### Operon type: 263

	 A0A011TDD1	[0, 407, 616, 0, 0, 0, 0, 0, 0]

 ### Operon type: 264

	 A0A011VW24	[0, 0, 700, 0, 0, 0, 0, 0, -1]

 ### Operon type: 265

	 A0A011T8V3	[0, 0, 700, 0, 0, 0, 0, 0, 0]

 ### Operon type: 266

	 A0A010TH98	[552, 0, 0, 700, 0, 0, 0, 0, 0]

 ### Operon type: 267

	 A0A011QVR3	[0, 0, 0, 0, 0, 0, 0, 701, 700]

 ### Operon type: 268

	 A0A011RM25	[0, 0, 0, 0, 0, 700, 0, 599, 0]

 ### Operon type: 269

	 A0A011VXC2	[-1, 330, 0, 0, 0, 0, 0, 0, 0]

 ### Operon type: 270

	 A0A011VYF1	[700, 0, 0, 0, 0, 0, 327, 0, 0]

 ### Operon type: 271

	 A0A010S415	[-1, 700, 0, 208, 0, 0, 0, 0, 357]

 ### Operon type: 272

	 A0A011QSN2	[0, 0, 0, 0, 0, 0, 0, 0, 0]
	 A0A011P4U7	[0, 0, 0, 0, 0, 0, 0, 0, 0]
	 A0A011P9Z5	[0, 0, 0, 0, 0, 0, 0, 0, 0]
	 A0A011NMI8	[0, 0, 0, 0, 0, 0, 0, 0, 0]
	 A0A011SGD5	[0, 0, 0, 0, 0, 0, 0, 0, 0]
	 A0A011Q056	[0, 0, 0, 0, 0, 0, 0, 0, 0]
	 A0A011Q1B3	[0, 0, 0, 0, 0, 0, 0, 0, 0]
	 A0A011PBM9	[0, 0, 0, 0, 0, 0, 0, 0, 0]
	 A0A011QMJ8	[0, 0, 0, 0, 0, 0, 0, 0, 0]
	 A0A011PKU5	[0, 0, 0, 0, 0, 0, 0, 0, 0]
	 A0A011PJK8	[0, 0, 0, 0, 0, 0, 0, 0, 0]
	 A0A011PNN2	[0, 0, 0, 0, 0, 0, 0, 0, 0]
	 A0A011NAJ1	[0, 0, 0, 0, 0, 0, 0, 0, 0]
	 A0A011NAY5	[0, 0, 0, 0, 0, 0, 0, 0, 0]
	 A0A011NDM5	[0, 0, 0, 0, 0, 0, 0, 0, 0]
	 A0A011NTU3	[0, 0, 0, 0, 0, 0, 0, 0, 0]
	 A0A011QVV5	[0, 0, 0, 0, 0, 0, 0, 0, 0]
	 A0A011N2Z0	[0, 0, 0, 0, 0, 0, 0, 0, 0]
	 A0A011N3C3	[0, 0, 0, 0, 0, 0, 0, 0, 0]
	 A0A011N4G4	[0, 0, 0, 0, 0, 0, 0, 0, 0]
	 A0A013T8M5	[0, 0, 0, 0, 0, 0, 0, 0, 0]
	 A0A013TEV4	[0, 0, 0, 0, 0, 0, 0, 0, 0]
	 A0A011TWN2	[0, 0, 0, 0, 0, 0, 0, 0, 0]
	 A0A011TAF9	[0, 0, 0, 0, 0, 0, 0, 0, 0]
	 A0A011TLH0	[0, 0, 0, 0, 0, 0, 0, 0, 0]
	 A0A013TPV4	[0, 0, 0, 0, 0, 0, 0, 0, 0]
	 A0A013SL47	[0, 0, 0, 0, 0, 0, 0, 0, 0]
	 A0A011WUT3	[0, 0, 0, 0, 0, 0, 0, 0, 0]
	 A0A010IPH1	[0, 0, 0, 0, 0, 0, 0, 0, 0]
	 A0A011VYF6	[0, 0, 0, 0, 0, 0, 0, 0, 0]
	 A0A011WSE5	[0, 0, 0, 0, 0, 0, 0, 0, 0]
	 A0A011UHL2	[0, 0, 0, 0, 0, 0, 0, 0, 0]
	 A0A009T1I8	[0, 0, 0, 0, 0, 0, 0, 0, 0]
	 A0A011UBN9	[0, 0, 0, 0, 0, 0, 0, 0, 0]
	 A0A013S2B9	[0, 0, 0, 0, 0, 0, 0, 0, 0]
	 A0A013SBR8	[0, 0, 0, 0, 0, 0, 0, 0, 0]
	 A0A009QQ47	[0, 0, 0, 0, 0, 0, 0, 0, 0]
	 A0A009PDV4	[0, 0, 0, 0, 0, 0, 0, 0, 0]
	 A0A009PG53	[0, 0, 0, 0, 0, 0, 0, 0, 0]
	 A0A009PT82	[0, 0, 0, 0, 0, 0, 0, 0, 0]
	 A0A009NQA1	[0, 0, 0, 0, 0, 0, 0, 0, 0]
	 A0A011VWR4	[0, 0, 0, 0, 0, 0, 0, 0, 0]
	 A0A011WKI4	[0, 0, 0, 0, 0, 0, 0, 0, 0]
	 A0A009MMM3	[0, 0, 0, 0, 0, 0, 0, 0, 0]
	 A0A009N031	[0, 0, 0, 0, 0, 0, 0, 0, 0]
	 A0A009N123	[0, 0, 0, 0, 0, 0, 0, 0, 0]
	 A0A009ISY0	[0, 0, 0, 0, 0, 0, 0, 0, 0]
	 A0A009M4K0	[0, 0, 0, 0, 0, 0, 0, 0, 0]
	 A0A009MGJ1	[0, 0, 0, 0, 0, 0, 0, 0, 0]
	 A0A009MGQ8	[0, 0, 0, 0, 0, 0, 0, 0, 0]
	 A0A009MH90	[0, 0, 0, 0, 0, 0, 0, 0, 0]
	 A0A009Q3K7	[0, 0, 0, 0, 0, 0, 0, 0, 0]
	 A0A011VZG0	[0, 0, 0, 0, 0, 0, 0, 0, 0]
	 A0A011VW71	[0, 0, 0, 0, 0, 0, 0, 0, 0]
	 A0A011V8Y9	[0, 0, 0, 0, 0, 0, 0, 0, 0]
	 A0A009HBT3	[0, 0, 0, 0, 0, 0, 0, 0, 0]
	 A0A011VMV7	[0, 0, 0, 0, 0, 0, 0, 0, 0]
	 A0A011VNE2	[0, 0, 0, 0, 0, 0, 0, 0, 0]
	 A0A011VSC9	[0, 0, 0, 0, 0, 0, 0, 0, 0]
	 A0A011VUV0	[0, 0, 0, 0, 0, 0, 0, 0, 0]
	 A0A010IZE4	[0, 0, 0, 0, 0, 0, 0, 0, 0]
	 A0A009HL81	[0, 0, 0, 0, 0, 0, 0, 0, 0]
	 A0A009I0I9	[0, 0, 0, 0, 0, 0, 0, 0, 0]
	 A0A009IRJ6	[0, 0, 0, 0, 0, 0, 0, 0, 0]
	 A0A011UTJ0	[0, 0, 0, 0, 0, 0, 0, 0, 0]
	 A0A011UWH1	[0, 0, 0, 0, 0, 0, 0, 0, 0]
	 A0A009SWU0	[0, 0, 0, 0, 0, 0, 0, 0, 0]
	 A0A009SCM5	[0, 0, 0, 0, 0, 0, 0, 0, 0]
	 A0A009RHH7	[0, 0, 0, 0, 0, 0, 0, 0, 0]
	 A0A009RMD0	[0, 0, 0, 0, 0, 0, 0, 0, 0]
	 A0A011UFM5	[0, 0, 0, 0, 0, 0, 0, 0, 0]
	 A0A011UG71	[0, 0, 0, 0, 0, 0, 0, 0, 0]
	 A0A011UGX8	[0, 0, 0, 0, 0, 0, 0, 0, 0]
	 A0A009PAG1	[0, 0, 0, 0, 0, 0, 0, 0, 0]
	 A0A009R2X0	[0, 0, 0, 0, 0, 0, 0, 0, 0]
	 A0A009R4N4	[0, 0, 0, 0, 0, 0, 0, 0, 0]
	 A0A009RBQ2	[0, 0, 0, 0, 0, 0, 0, 0, 0]
	 A0A009QVK8	[0, 0, 0, 0, 0, 0, 0, 0, 0]
	 A0A009I463	[0, 0, 0, 0, 0, 0, 0, 0, 0]
	 A0A010SHY1	[0, 0, 0, 0, 0, 0, 0, 0, 0]
	 A0A009HTN9	[0, 0, 0, 0, 0, 0, 0, 0, 0]
	 A0A009HIL8	[0, 0, 0, 0, 0, 0, 0, 0, 0]
	 A0A009RR21	[0, 0, 0, 0, 0, 0, 0, 0, 0]
	 A0A009SHB3	[0, 0, 0, 0, 0, 0, 0, 0, 0]
	 A0A009SIF9	[0, 0, 0, 0, 0, 0, 0, 0, 0]
	 A0A010SPJ7	[0, 0, 0, 0, 0, 0, 0, 0, 0]
	 A0A010SSQ8	[0, 0, 0, 0, 0, 0, 0, 0, 0]
	 A0A010ZJQ6	[0, 0, 0, 0, 0, 0, 0, 0, 0]
	 A0A010YJA7	[0, 0, 0, 0, 0, 0, 0, 0, 0]
	 A0A010T025	[0, 0, 0, 0, 0, 0, 0, 0, 0]
	 A0A010ZTI3	[0, 0, 0, 0, 0, 0, 0, 0, 0]
	 A0A011A146	[0, 0, 0, 0, 0, 0, 0, 0, 0]
	 A0A011AIL7	[0, 0, 0, 0, 0, 0, 0, 0, 0]
	 A0A010YZS8	[0, 0, 0, 0, 0, 0, 0, 0, 0]
	 A0A010Z120	[0, 0, 0, 0, 0, 0, 0, 0, 0]
	 A0A009T3J5	[0, 0, 0, 0, 0, 0, 0, 0, 0]

 ### Operon type: 273

	 A0A010TG27	[619, 0, 50, 0, 0, 0, 519, 0, 0]

 ### Operon type: 274

	 A0A011PMK1	[0, 0, 0, 0, 0, 0, 0, 619, 0]

 ### Operon type: 275

	 A0A009HRU1	[0, 146, 0, 0, 0, 0, 0, 0, 0]

 ### Operon type: 276

	 A0A009HSN8	[0, 217, 0, 0, 0, -1, 0, 184, -1]

 ### Operon type: 277

	 A0A009HV82	[130, 0, 0, 0, 0, 0, 0, 0, 0]

 ### Operon type: 278

	 A0A009IG74	[0, 0, 161, 0, 378, -1, 0, 0, 0]

 ### Operon type: 279

	 A0A009IJ90	[0, 38, 0, 0, 0, 0, 0, 0, 0]

 ### Operon type: 280

	 A0A009ISE1	[395, 0, 642, 0, 0, -1, 0, 0, 0]

 ### Operon type: 281

	 A0A009NM94	[0, 585, 585, 0, 0, 0, 407, 0, 0]

 ### Operon type: 282

	 A0A009Q4N5	[0, 0, 213, 0, 0, 0, 0, 0, 0]

 ### Operon type: 283

	 A0A009SSZ9	[0, 61, 0, 0, 0, 0, 0, 0, 0]

 ### Operon type: 284

	 A0A009TBM2	[0, 0, 0, 0, 0, 0, 0, 0, 296]

 ### Operon type: 285

	 A0A009Q8S9	[0, 0, 651, 296, 0, 317, 0, 0, 0]

 ### Operon type: 286

	 A0A009YIH1	[0, 0, 0, 0, 257, 0, -1, -1, 2]

 ### Operon type: 287

	 A0A009YR05	[0, 0, 0, 0, 66, 0, 0, 0, 0]

 ### Operon type: 288

	 A0A009Z004	[248, 0, 248, 0, 0, 463, 0, 0, 0]

 ### Operon type: 289

	 A0A010IGH8	[0, 0, 0, 0, 0, 0, 0, 370, 0]

 ### Operon type: 290

	 A0A010JIN9	[366, 0, 0, 99, 201, 0, 0, 0, 0]

 ### Operon type: 291

	 A0A010RS09	[0, 0, 0, 0, 41, 0, 623, 623, 0]

 ### Operon type: 292

	 A0A010RUQ5	[0, 0, 0, 0, 0, 0, 0, 0, 239]

 ### Operon type: 293

	 A0A010S195	[650, 0, 83, 82, 0, 0, 0, 0, 0]

 ### Operon type: 294

	 A0A010SCZ2	[0, 0, 0, 0, 0, 0, 0, 313, 0]

 ### Operon type: 295

	 A0A010SN41	[0, 0, 0, 0, 309, 0, 0, 0, 0]

 ### Operon type: 296

	 A0A010SSU2	[0, 0, 0, 0, 114, 0, -1, 637, 0]

 ### Operon type: 297

	 A0A010SUP6	[0, 0, 0, 0, 0, 0, 0, 82, 0]

 ### Operon type: 298

	 A0A010SUY9	[0, 0, 0, 0, 0, 412, 539, 0]

 ### Operon type: 299

	 A0A010THK2	[0, 0, -1, 0, 0, 623, 463, 0, 0]

 ### Operon type: 300

	 A0A010SRL4	[50, 0, 0, -1, 0, 0, 0, 463, 68]

 ### Operon type: 301

	 A0A010YF95	[687, 0, 0, 0, 0, 0, 0, 0, 0]

 ### Operon type: 302

	 A0A010YT39	[0, 618, 0, 0, 0, 0, 0, 0, 0]

 ### Operon type: 303

	 A0A010YX61	[219, 640, 0, 700, 0, 0, 0, 0, 0]

 ### Operon type: 304

	 A0A010ZWJ8	[0, 0, 0, 0, 0, 639, 0, 0, 0]

 ### Operon type: 305

	 A0A009ZVR4	[590, 0, 640, 0, 0, 28, 0, 0, 0]

 ### Operon type: 306

	 A0A011AHW1	[0, 0, 0, 0, 0, 0, 0, 11, 0]

 ### Operon type: 307

	 A0A011NE37	[332, 0, 0, 0, 0, 0, 0, 0, 0]

 ### Operon type: 308

	 A0A011NF78	[0, 0, 721, 0, 0, 0, 0, 0, 0]

 ### Operon type: 309

	 A0A011NVE2	[0, 0, 0, 695, 0, 0, 616, 0, 472]

 ### Operon type: 310

	 A0A011NXJ4	[0, 0, 0, 0, 0, 0, 0, 0, 469]

 ### Operon type: 311

	 A0A011P8I1	[0, 0, 641, 640, 0, 0, 0, 0, 639]

 ### Operon type: 312

	 A0A011P9Q7	[634, 0, 0, 0, 0, 0, 0, 0, 0]

 ### Operon type: 313

	 A0A011PCT1	[0, 0, 0, 0, 0, 0, 0, 601, 0]

 ### Operon type: 314

	 A0A011PJ75	[0, 695, 562, 695, 0, 0, 0, 0, 0]

 ### Operon type: 315

	 A0A011PRB4	[0, 0, 0, 0, 0, 0, 0, 574, 0]

 ### Operon type: 316

	 A0A011Q5V7	[686, 0, 0, 0, 0, 0, 0, 0, 0]

 ### Operon type: 317

	 A0A011QU35	[0, 0, 0, 0, 710, 0, 0, 0, 0]

 ### Operon type: 318

	 A0A011QVT2	[699, 0, 0, 0, 0, 0, 0, 698, 0]

 ### Operon type: 319

	 A0A011RP14	[0, 0, 0, 0, 0, 0, 0, 592, 0]

 ### Operon type: 320

	 A0A011SM49	[616, 0, 592, 0, 0, 0, 322, 0, 0]

 ### Operon type: 321

	 A0A011AM27	[575, 0, 0, 0, 396, 0, 0, 0, 17]

 ### Operon type: 322

	 A0A011T607	[0, 0, 656, 0, 0, 0, 0, 0, 407]

 ### Operon type: 323

	 A0A010S5W8	[0, 0, 464, 656, 0, 0, 0, 0, 0]

 ### Operon type: 324

	 A0A011MSR2	[0, 0, 0, 464, 0, 0, 0, 683, 0]

 ### Operon type: 325

	 A0A010YYJ5	[0, 0, 0, 683, 0, 0, 0, 28, 28]

 ### Operon type: 326

	 A0A011TED9	[0, 0, 0, 0, 0, 410, 0, 0, 0]

 ### Operon type: 327

	 A0A011TXS5	[0, 321, 0, 0, 0, 0, 0, 0, 0]

 ### Operon type: 328

	 A0A011U144	[0, 239, 0, 0, 0, 0, 469, 448, 0]

 ### Operon type: 329

	 A0A011U1C8	[647, 0, 0, 0, 0, 0, 0, 0, 238]

 ### Operon type: 330

	 A0A011U483	[0, 0, 0, 0, 0, 646, 0, 0, 0]

 ### Operon type: 331

	 A0A011UDF3	[0, 0, 0, 0, 0, 419, 0, 0, 0]

 ### Operon type: 332

	 A0A011UG86	[0, 652, 0, 0, 0, 85, 0, 0, 0]

 ### Operon type: 333

	 A0A011UGY3	[0, 0, 0, 52, 0, 0, 0, 52, 0]

 ### Operon type: 334

	 A0A011UJN3	[0, 345, 0, 0, 0, 0, 0, 0, 0]

 ### Operon type: 335

	 A0A009INE0	[347, 0, 0, 0, 0, 0, 0, 562, 345]

 ### Operon type: 336

	 A0A011UQB5	[584, 477, 0, 0, 0, 0, 0, 327, 0]

 ### Operon type: 337

	 A0A011UVI5	[0, 0, 0, 0, 0, 65, 695, 695, 0]

 ### Operon type: 338

	 A0A011UWI3	[0, 0, 0, 0, 167, 0, 64, 650, 0]

 ### Operon type: 339

	 A0A011V5E6	[0, 0, 0, 0, 0, 289, 0, 0, 0]

 ### Operon type: 340

	 A0A011M4H6	[314, 0, 491, 0, 0, 0, 0, 0, 0]

 ### Operon type: 341

	 A0A011VSV3	[0, 0, 0, 0, 0, 0, 534, 0, 0]

 ### Operon type: 342

	 A0A011VWI0	[0, 0, 0, 0, 0, 127, 0, 0, 0]

 ### Operon type: 343

	 A0A011VZ91	[158, 0, 0, 0, 0, 0, 0, 0, 0]

 ### Operon type: 344

	 A0A011W213	[0, 0, 0, 0, 0, 473, 0, 0, 0]

 ### Operon type: 345

	 A0A011WP76	[0, 0, 0, 0, 0, 0, 0, 0, 703]

 ### Operon type: 346

	 A0A011WSD4	[0, 0, 0, -1, 0, 683, 0, 0, 377]

 ### Operon type: 347

	 A0A011VZF5	[0, 0, 286, 287, 0, 683, 377, 683, 0]

 ### Operon type: 348

	 A0A011WSU6	[0, 683, 0, 0, 310, 0, 0, 0, 0]

 ### Operon type: 349

	 A0A013S843	[0, 400, 0, 0, 0, 0, -1, 231, 0]

 ### Operon type: 350

	 A0A013S981	[227, 0, 0, 0, 0, 0, 0, 0, 0]

 ### Operon type: 351

	 A0A013T337	[0, 0, 0, 0, 0, 0, 0, 0, 454]

 ### Operon type: 352

	 A0A013T5E6	[0, 0, 0, 453, 0, 0, 0, 0, 0]

 ### Operon type: 353

	 A0A013SGL3	[394, 220, 219, 218, 393, 528, 392, 647, 391]
	 A0A010KAV2	[394, 0, 0, 218, 393, 528, 392, 647, 391]
	 A0A009NE81	[394, 220, 219, 218, 393, 528, 392, 647, 391]
	 A0A009RQH3	[394, 0, 0, 218, 393, 528, 392, 647, 391]
	 A0A009I5Z6	[394, 0, 219, 218, 393, 528, 392, 647, 391]

 ### Operon type: 354

	 A0A013TB41	[394, -1, 0, 0, 393, 528, 392, 647, 391]

 ### Operon type: 355

	 A0A009H3X4	[394, 0, 0, 0, 393, 528, -1, 623, -1]

 ### Operon type: 356

	 A0A009YL68	[0, 0, 647, 394, 393, 0, 0, 3, 0]

 ### Operon type: 357

	 A0A009T9H0	[0, 2, 651, -1, 0, 0, 147, 0, 146]

 ### Operon type: 358

	 A0A010THH5	[0, 36, 30, 65, 0, 0, 582, 0, 368]

 ### Operon type: 359

	 A0A011WSH8	[0, 0, 0, 519, 311, 0, 0, 0, 0]
	 A0A011VZE3	[0, 0, 0, 519, 311, 0, 0, 0, 0]

 ### Operon type: 360

	 A0A011NAF3	[0, 0, 0, 0, 0, 0, 519, 0, 627]

 ### Operon type: 361

	 A0A009IQ93	[233, 0, 519, 0, 0, 68, 0, 0, 0]

 ### Operon type: 362

	 A0A009TLU4	[0, 321, -1, 135, 0, 23, 0, -1, -1]

 ### Operon type: 363

	 A0A010JNG7	[428, 0, 0, 369, 0, 0, 0, 0, 0]

 ### Operon type: 364

	 A0A010S003	[530, 0, 0, 0, 0, 652, 652, 153, 0]

 ### Operon type: 365

	 A0A010SMN8	[0, -1, 84, 0, 493, 0, 0, 537, 0]

 ### Operon type: 366

	 A0A010SXS1	[0, 176, 0, 0, 0, 156, 0, 0, 698]

 ### Operon type: 367

	 A0A010T689	[17, -1, 582, 595, 0, 0, 0, 0, 0]

 ### Operon type: 368

	 A0A010TBB4	[0, 100, 0, 85, 0, 0, 0, 0, 647]

 ### Operon type: 369

	 A0A010YFK3	[0, 600, 0, 0, 0, 0, 104, 0, 238]

 ### Operon type: 370

	 A0A010YVY1	[7, 0, 7, 0, 0, 0, 0, 153, 0]

 ### Operon type: 371

	 A0A010Z7T4	[0, 0, 0, 0, 0, 0, 0, 487, 577]

 ### Operon type: 372

	 A0A010RRR9	[0, 0, 0, 0, 524, 0, 0, 488, 487]

 ### Operon type: 373

	 A0A010SIA7	[0, 0, 488, 46, 0, 0, 0, 0, 0]

 ### Operon type: 374

	 A0A010ZSZ2	[0, 67, 0, 14, 13, 0, 0, 0, 0]

 ### Operon type: 375

	 A0A010Z0Y7	[0, 0, 0, 0, 13, 208, 0, 0, 0]

 ### Operon type: 376

	 A0A010ZUR7	[316, 12, 0, 12, 0, 11, 153, 0, 0]

 ### Operon type: 377

	 A0A011A0M8	[0, 0, 463, 0, 29, 0, 0, 9, 9]

 ### Operon type: 378

	 A0A011NFL4	[0, 621, 0, 0, 620, 619, 0, 618, 0]

 ### Operon type: 379

	 A0A011P407	[0, 0, 649, 648, 0, 0, 647, 0, 646]

 ### Operon type: 380

	 A0A011QGT2	[519, 0, 0, 518, 517, 0, 0, 0, 0]

 ### Operon type: 381

	 A0A011QSA4	[724, 0, 723, 722, 0, 0, 0, 0, 721]

 ### Operon type: 382

	 A0A011T6J6	[0, 686, 0, 640, 0, 0, 283, 0, 282]

 ### Operon type: 383

	 A0A011TAL2	[0, 656, 0, 0, 0, 409, 0, 470, 0]

 ### Operon type: 384

	 A0A011TYT7	[0, 0, 0, 0, 0, 0, 320, 319, 319]

 ### Operon type: 385

	 A0A011TZG0	[463, 684, 0, 0, 0, 0, 0, 429, 0]

 ### Operon type: 386

	 A0A011Q6N5	[0, 0, 0, 0, 0, 0, 685, 684, 685]

 ### Operon type: 387

	 A0A011UII7	[0, 0, 0, 0, 0, 472, 318, 0, 0]

 ### Operon type: 388

	 A0A011UNT9	[317, 325, 0, 0, 0, 0, 0, 0, 0]

 ### Operon type: 389

	 A0A011SIS0	[0, 671, 326, 326, 0, 0, 0, 325, 0]

 ### Operon type: 390

	 A0A011UT49	[0, 67, 0, 0, 0, 0, 176, 107, 0]

 ### Operon type: 391

	 A0A011VU65	[105, 0, 0, 0, 0, 104, 0, 0, 0]

 ### Operon type: 392

	 A0A011VV03	[0, 316, 0, 0, 315, 314, 0, 0, 0]

 ### Operon type: 393

	 A0A011VVZ9	[0, 0, -1, 0, 0, 313, 312, 312, 324]

 ### Operon type: 394

	 A0A011VWX7	[698, 331, 0, 0, 0, 0, 0, 583, 0]

 ### Operon type: 395

	 A0A011VXK7	[585, 585, 0, 350, 0, 0, 0, 688, 0]

 ### Operon type: 396

	 A0A011W0I6	[157, 0, 0, 0, 0, 460, 0, 624, 0]

 ### Operon type: 397

	 A0A010YEF6	[0, 157, 0, 0, 0, 0, 0, 0, 20]

 ### Operon type: 398

	 A0A013SQH1	[0, 0, 0, 0, 309, 505, 0, 428, 482]

 ### Operon type: 399

	 A0A009LNU8	[303, 305, 306, 307, 0, 135, 0, 428, 0]

 ### Operon type: 400

	 A0A013SRG6	[308, 307, 306, 305, 0, 304, 0, 303, 615]

 ### Operon type: 401

	 A0A009IQU8	[0, 305, 0, 0, 0, 304, 615, 0, 0]

 ### Operon type: 402

	 A0A010K2K8	[306, 307, 308, 0, 0, 0, 0, -1, 428]

 ### Operon type: 403

	 A0A011NPR8	[0, 615, 0, 0, 0, 0, 614, 0, 0]

 ### Operon type: 404

	 A0A010SEA2	[690, 614, 36, 0, 0, 0, 0, 0, 0]

 ### Operon type: 405

	 A0A009ZIC0	[120, 102, 490, 256, 374, 494, 101, 100, 373]

 ### Operon type: 406

	 A0A009ZB47	[92, 27, 0, 0, 0, 683, 366, 0, 0]

 ### Operon type: 407

	 A0A010RM40	[492, 519, 547, 0, 0, 0, 0, -1, 645]

 ### Operon type: 408

	 A0A010RRQ6	[0, 491, 0, 0, 0, 493, 490, 489, 0]

 ### Operon type: 409

	 A0A010S423	[283, 0, 0, 0, 0, 0, 0, 64, 589]

 ### Operon type: 410

	 A0A010T0I7	[0, 0, 20, 0, 0, 641, 723, 519, 0]

 ### Operon type: 411

	 A0A011AHU9	[0, 0, 0, 0, 0, 0, 0, 8, 633]

 ### Operon type: 412

	 A0A010YY02	[0, 6, 0, 0, 6, 549, 5, 0, 8]

 ### Operon type: 413

	 A0A011NA78	[0, 483, 0, 0, 0, 714, 0, 0, 645]

 ### Operon type: 414

	 A0A011P8W7	[638, 649, 698, 0, 637, 0, 0, 0, 0]

 ### Operon type: 415

	 A0A011PG97	[537, 0, 0, 536, 0, 0, 0, 0, 0]

 ### Operon type: 416

	 A0A011PKT4	[0, 505, 0, 0, 0, 0, 504, 0, 0]

 ### Operon type: 417

	 A0A011PLB2	[0, 638, 0, 506, 0, 0, 0, 0, 0]

 ### Operon type: 418

	 A0A011R339	[0, 0, 0, 0, 0, 0, 276, 275, 0]

 ### Operon type: 419

	 A0A011SFE5	[0, 0, 0, 585, 0, 0, 621, 648, 584]

 ### Operon type: 420

	 A0A011SJT5	[0, 0, 0, 324, 323, 323, 323, 323, 323]

 ### Operon type: 421

	 A0A011TDQ5	[0, 0, 0, 0, 406, 461, 0, 0, 0]

 ### Operon type: 422

	 A0A011UG17	[171, 0, 159, 0, 53, 105, 0, 0, 0]

 ### Operon type: 423

	 A0A011V8Z7	[0, 0, 0, 0, 0, 126, 125, 0, 0]

 ### Operon type: 424

	 A0A011VT01	[0, 0, 106, 0, 0, 106, 0, 0, 244]

 ### Operon type: 425

	 A0A011VYP6	[0, 0, 0, 0, 0, 0, 159, 525, 0]

 ### Operon type: 426

	 A0A011V392	[330, 0, 574, 286, 287, 285, 0, 310, 288]

 ### Operon type: 427

	 A0A009Q0U9	[381, 90, 89, 0, 88, 87, -1, -1, 0]

 ### Operon type: 428

	 A0A010SRB2	[23, 22, 0, 0, 0, 22, 21, 0, 0]

 ### Operon type: 429

	 A0A011VJ76	[108, 108, 107, 618, 0, 519, 463, 0, 649]

 ### Operon type: 430

	 A0A013SKX6	[0, 0, 591, 0, 378, 378, 292, 291, 290]

 ### Operon type: 431

	 A0A010KA25	[366, 0, 582, 336, 194, 0, 0, 366, 404]

 ### Operon type: 432

	 A0A011WUA8	[668, 0, 0, 376, 0, 0, 0, 375, 375]

 ### Operon type: 433

	 A0A010S4X6	[0, 208, 547, 652, 386, 0, 471, 503, 623]

 ### Operon type: 434

	 A0A011U8C0	[0, 237, 236, 0, 235, 234, 0, 0, 0]
