
 ### Operon type: 1

	 A0A009I8S2	[349, 348, 347, 552, 346, 629, 345, 526, 344]
	 A0A010ILU3	[349, 348, 347, 552, 346, 629, 288, 345, 526]
	 A0A009H3B0	[349, 348, 347, 552, 346, 629, 288, 345, 526]
	 A0A009QBR9	[349, 348, 347, 552, 346, 629, 345, 526, 344]
	 A0A009MW50	[349, 348, 347, 552, 346, 629, 288, 345, 526]
	 A0A009QS71	[349, 348, 347, 552, 346, 629, 288, 345, 526]
	 A0A009TM70	[349, 348, 347, 552, 346, 629, 345, 526, 344]

 ### Operon type: 2

	 A0A013TH43	[309, 308, 307, 306, 305, 304, 303, 302, 376]
	 A0A009RAF0	[309, 308, 307, 306, 305, 304, 303, 302, 376]

 ### Operon type: 3

	 A0A011PVT3	[720, 719, 718, 717, 716, 715, 714, 713, 712]
	 A0A011MET3	[720, 719, 718, 717, 716, 715, 714, 713, 712]
	 A0A011R7V7	[720, 719, 718, 717, 716, 715, 714, 713, 712]

 ### Operon type: 4

	 A0A013SNJ8	[528, 527, 526, 525, 524, 523, 535, 522, 521]
	 A0A010J9U3	[528, 527, 526, 525, 524, 523, 535, 522, 521]
	 A0A009HBT3	[528, 527, 526, 525, 524, 523, 535, 522, 521]
	 A0A009SIZ4	[528, 527, 526, 525, 524, 523, 535, 522, 521]
	 A0A009RD69	[528, 527, 526, 525, 524, 523, 535, 522, 521]
	 A0A013RZW2	[528, 527, 526, 525, 524, 523, 535, 522, 521]
	 A0A009PH20	[528, 527, 526, 525, 524, 523, 535, 522, 521]
	 A0A009MMM3	[528, 527, 526, 525, 524, 523, 535, 522, 521]
	 A0A009IV03	[528, 527, 526, 525, 524, 523, 535, 522, 521]
	 A0A009YIZ0	[528, 527, 526, 525, 524, 523, 535, 522, 521]

 ### Operon type: 5

	 A0A009PH57	[43, 42, -1, 41, 40, 703, 45, 134, 39]
	 A0A009TG92	[43, 42, -1, 41, 40, 703, 45, 134, 39]

 ### Operon type: 6

	 A0A009SFX8	[397, 396, 395, 394, 393, 523, 392, 391, 390]
	 A0A013SXT2	[397, 396, 395, 394, 523, 392, 391, 390, 386]
	 A0A010J3I1	[397, 396, 395, 394, 523, 392, 391, 390, 386]
	 A0A009I0I9	[397, 396, 395, 394, 523, 392, 391, 390, 386]
	 A0A009PWG1	[397, 396, 395, 394, 523, 392, 391, 390, 386]
	 A0A009N031	[397, 396, 395, 394, 523, 392, 391, 390, 386]
	 A0A013S288	[397, 396, 395, 394, 523, 392, 391, 390, 386]
	 A0A009R2X0	[397, 396, 395, 394, 523, 392, 391, 390, 386]
	 A0A009TBM2	[396, 395, 394, 393, 523, 392, 391, 390, 386]

 ### Operon type: 7

	 A0A009ZM43	[-1, 786, 606, 605, 604, 603, 602, 601, 600]
	 A0A009IRJ6	[458, 786, 606, 605, 604, 603, 602, 601, 600]
	 A0A013T8M5	[458, 786, 606, 605, 604, 603, 602, 601, 600]
	 A0A013SZ54	[458, 786, 606, 605, 604, 603, 602, 601, 600]
	 A0A010IMP8	[458, 786, 606, 605, 604, 603, 602, 601, 600]
	 A0A009N123	[458, 786, 606, 605, 604, 603, 602, 601, 600]
	 A0A009SWU0	[458, 786, 606, 605, 604, 603, 602, 601, 600]
	 A0A009Q3K7	[458, 786, 606, 605, 604, 603, 602, 601, 600]
	 A0A009RBQ2	[458, 786, 606, 605, 604, 603, 602, 601, 600]
	 A0A009H7U0	[458, 786, 606, 605, 604, 603, 602, 601, 600]

 ### Operon type: 8

	 A0A013RMD0	[-1, 257, 256, 255, 254, 357, 253, 556, 252]
	 A0A010JDA6	[-1, 257, 256, 255, 254, 357, 253, 556, 252]
	 A0A009N9Z1	[-1, 257, 256, 255, 254, 357, 253, 556, 252]
	 A0A009ZIC0	[136, 257, 256, 255, 254, 357, 253, 556, 252]
	 A0A009RG92	[-1, 257, 256, 255, 254, 357, 253, 556, 252]
	 A0A009S854	[-1, 257, 256, 255, 254, 357, 253, 556, 252]
	 A0A009IHQ3	[-1, 257, 256, 255, 254, 357, 253, 556, 252]
	 A0A009H6M2	[-1, 257, 256, 255, 254, 357, 253, 556, 252]
	 A0A009QDV7	[-1, 257, 256, 255, 254, 357, 253, 556, 252]

 ### Operon type: 9

	 A0A011V5V3	[0, 476, 475, 474, 473, 472, 471, 470, 469]
	 A0A011UIA1	[476, 475, 474, 473, 472, 471, 470, 469, 0]

 ### Operon type: 10

	 A0A011PTE7	[869, 868, 867, 866, 865, 0, 864, 863, 862]
	 A0A011NE72	[869, 868, 867, 866, 865, 864, 863, 862, 0]

 ### Operon type: 11

	 A0A009I4A1	[95, 36, 711, 35, 94, 93, 92, 91, 90]
	 A0A010JWJ1	[95, 36, 711, 35, 94, 93, 92, 91, 90]

 ### Operon type: 12

	 A0A009QF22	[97, 96, 95, 0, 94, 93, 92, 91, 90]
	 A0A009TBY8	[97, 96, 95, 35, 94, 93, 92, 91, 90]

 ### Operon type: 13

	 A0A011NEY3	[566, 813, 812, 811, 811, 810, 809, 808, 0]

 ### Operon type: 14

	 A0A011PAN4	[813, 812, 0, 811, 811, 810, 809, 808, 807]

 ### Operon type: 15

	 A0A011RCD5	[566, 813, 812, 811, 811, 810, 809, 808, 807]

 ### Operon type: 16

	 A0A011P4U7	[0, 773, 772, 771, 770, 769, 768, 767, 766]
	 A0A011NAY5	[773, 772, 771, 770, 769, 768, 767, 766, 0]

 ### Operon type: 17

	 A0A011PF67	[792, 791, 790, 789, 788, 0, 0, 0, 0]
	 A0A011NBX7	[792, 791, 790, 789, 788, 597, 0, 0, 0]
	 A0A011NW66	[792, 791, 790, 789, 788, 597, 0, 0, 0]

 ### Operon type: 18

	 A0A011NS68	[792, 791, 790, 789, 788, 681, 680, 679, 754]
	 A0A011RHX4	[792, 791, 790, 789, 788, 681, 680, 679, 0]

 ### Operon type: 19

	 A0A010YT39	[0, 499, 337, 336, 335, 334, 333, 332, 331]

 ### Operon type: 20

	 A0A010Z7T4	[337, 336, 335, 334, 333, 332, 331, 448, 797]

 ### Operon type: 21

	 A0A013SP43	[537, 536, 535, 534, 533, 532, 531, 530, 529]
	 A0A010K6G6	[537, 536, 535, 534, 533, 532, 531, 0, 529]
	 A0A009RUN3	[537, 536, 535, 534, 533, 532, 531, 530, 529]

 ### Operon type: 22

	 A0A011VWR4	[0, 0, 0, 0, 583, 582, 581, 580, 579]

 ### Operon type: 23

	 A0A011VYP6	[583, 582, 581, 580, 579, 0, 578, 717, 0]

 ### Operon type: 24

	 A0A011QAS2	[0, 674, 673, 672, 671, 670, 669, 668, 667]
	 A0A011NEQ1	[0, 674, 673, 672, 671, 670, 669, 668, 667]

 ### Operon type: 25

	 A0A013T0M4	[385, 384, 383, 382, 381, 380, 379, 378, 0]
	 A0A010JSI3	[385, 384, 383, 382, 381, 380, 379, 378, 0]
	 A0A009HDS5	[385, 384, 383, 382, 381, 380, 379, 378, 223]
	 A0A009RGL2	[385, 384, 383, 382, 381, 380, 379, 378, 223]

 ### Operon type: 26

	 A0A009SNL0	[110, 109, 108, 107, 106, 105, 104, 103, 102]

 ### Operon type: 27

	 A0A009T1I8	[108, 107, 106, 105, 104, 103, 102, 0, 0]

 ### Operon type: 28

	 A0A011VUV0	[624, 623, 622, 621, 620, 619, 618, 617, 0]
	 A0A011VW71	[0, 624, 623, 622, 621, 620, 619, 618, 617]

 ### Operon type: 29

	 A0A011UG71	[249, 248, 247, 468, 467, 466, 465, 464, 463]

 ### Operon type: 30

	 A0A011V8Z7	[0, 0, 249, 248, 247, 468, 467, 466, 465]

 ### Operon type: 31

	 A0A011V8Y9	[468, 467, 466, 465, 464, 463, 0, 0, 0]

 ### Operon type: 32

	 A0A011U8C0	[0, 466, 248, 0, 131, 464, 0, 0, 0]

 ### Operon type: 33

	 A0A011Q1X8	[836, 0, 835, 834, 833, 832, 831, 690, 689]
	 A0A011QSF0	[0, 836, 835, 834, 833, 832, 831, 690, 0]
	 A0A011QBB5	[837, 836, 835, 834, 833, 832, 831, 690, 689]
	 A0A011Q0X6	[837, 836, 835, 834, 833, 832, 831, 690, 689]

 ### Operon type: 34

	 A0A011PG87	[837, 836, 835, 834, 833, 832, 831, 0, 0]

 ### Operon type: 35

	 A0A011PCT1	[806, 805, 804, 0, 0, 0, 0, 803, 0]

 ### Operon type: 36

	 A0A011QU35	[0, 0, 0, 0, 774, 0, 806, 805, 804]

 ### Operon type: 37

	 A0A011Q2B1	[777, 765, 774, 764, 804, 688, 687, 686, 803]

 ### Operon type: 38

	 A0A011RLN8	[776, 775, 774, 764, 804, 688, 687, 686, 803]

 ### Operon type: 39

	 A0A011P700	[0, 0, 779, 778, 777, 765, 774, 764, 804]

 ### Operon type: 40

	 A0A011QSI4	[0, 0, 779, 778, 777, 0, 776, 775, 774]

 ### Operon type: 41

	 A0A013T337	[588, 482, 481, 480, 479, 818, 478, 828, 477]
	 A0A013TH30	[588, 482, 481, 480, 479, 818, 478, 828, 477]
	 A0A013S981	[231, 588, 482, 481, 480, 479, 818, 478, 828]

 ### Operon type: 42

	 A0A010JY00	[231, 588, 482, 481, 495, 818, 478, 828, 477]

 ### Operon type: 43

	 A0A010IZE4	[268, 267, 266, 265, 264, 263, 407, 711, 262]
	 A0A009QQ47	[268, 267, 266, 265, 264, 263, 407, 711, 262]
	 A0A009HL81	[268, 267, 266, 265, 264, 263, 407, 711, 262]
	 A0A013TPV4	[268, 267, 266, 265, 264, 263, 407, 711, 262]
	 A0A009SZB5	[268, 267, 266, 265, 264, 263, 407, 711, 262]
	 A0A009MGJ1	[268, 267, 266, 265, 264, 263, 407, 711, 262]
	 A0A009HR98	[268, 267, 266, 265, 264, 263, 407, 711, 262]

 ### Operon type: 44

	 A0A009Z8F7	[267, 266, 263, 0, 264, 234, 234, 0, 405]

 ### Operon type: 45

	 A0A009R016	[11, 10, 9, 8, 136, -1, 434, 7, 6]
	 A0A009HFU9	[11, 10, 9, 8, 136, 434, 7, 6, 0]

 ### Operon type: 46

	 A0A011UJN3	[0, 375, 0, 0, 374, 373, 372, 371, 370]

 ### Operon type: 47

	 A0A011W213	[374, 373, 372, 371, 370, 587, 0, 0, 0]

 ### Operon type: 48

	 A0A011QIT1	[742, 741, 740, 756, 739, 738, 737, 736, 735]
	 A0A011QUG8	[742, 741, 740, 756, 739, 738, 0, 737, 736]

 ### Operon type: 49

	 A0A011PP01	[801, 800, 799, 820, 798, 821, 822, 823, 824]
	 A0A011NVE7	[801, 800, 799, 820, 798, 821, 822, 823, 824]

 ### Operon type: 50

	 A0A011P2I4	[850, 706, 825, 824, 823, 822, 821, 798, 820]
	 A0A011N9N8	[850, 706, 825, 824, 823, 822, 821, 798, 820]

 ### Operon type: 51

	 A0A011PIY7	[826, 0, 825, 824, 823, 822, 821, 0, 820]

 ### Operon type: 52

	 A0A011Q3J4	[0, 826, 825, 824, 823, 822, 821, 798, 0]

 ### Operon type: 53

	 A0A011MH88	[568, 826, 825, 824, 823, 822, 821, 798, 820]

 ### Operon type: 54

	 A0A013SPM5	[425, 424, 423, 422, 421, 420, 419, 418, 417]
	 A0A010IX62	[425, 424, 423, 422, 421, 420, 419, 418, 417]
	 A0A009QFZ7	[425, 424, 423, 422, 421, 420, 419, 418, 417]
	 A0A009MH71	[425, 424, 423, 422, 421, 420, 419, 418, 417]
	 A0A009HSL1	[425, 424, 423, 422, 421, 420, 419, 418, 417]
	 A0A009I6Z0	[425, 424, 423, 422, 421, 420, 419, 418, 417]
	 A0A009TK03	[425, 424, 423, 422, 421, 420, 419, 418, 417]

 ### Operon type: 55

	 A0A009ZIX8	[0, 135, 423, 422, 421, 574, 0, 417, 0]

 ### Operon type: 56

	 A0A010JJN4	[432, 431, 430, 429, 572, 428, 427, 760, 649]
	 A0A009I8I7	[432, 431, 430, 429, 572, 428, 427, 760, 350]
	 A0A009NI48	[432, 431, 430, 429, 572, 428, 427, 760, -1]
	 A0A009SEP4	[432, 431, 430, 429, 572, 0, 428, 427, 0]
	 A0A013TPR7	[432, 431, 430, 429, 572, 428, 427, 760, 649]
	 A0A009RMI1	[432, 431, 430, 429, 572, 428, 427, 760, 0]
	 A0A009PMT3	[432, 431, 430, 429, 572, 428, 427, 760, 649]
	 A0A009HJJ5	[432, 431, 430, 429, 572, 428, 427, 760, 350]
	 A0A009YG45	[0, 432, 431, 430, 572, 0, 428, 427, 760]

 ### Operon type: 57

	 A0A010IZH1	[-1, 359, 261, 260, 259, 711, 746, 258, 650]
	 A0A013TPQ9	[238, 359, 261, 260, 259, 711, 746, 258, 650]
	 A0A013S8F0	[238, 359, 261, 260, 259, 711, 746, 258, 650]
	 A0A009SZ84	[238, 359, 261, 260, 259, 711, 746, 258, 650]
	 A0A009PMU2	[238, 359, 261, -1, 259, 711, 746, 258, 650]
	 A0A009HJM0	[238, 359, 261, 260, 259, 711, 746, 258, 650]

 ### Operon type: 58

	 A0A009HUS9	[359, 261, 0, 260, 259, 123, -1, 122, 121]

 ### Operon type: 59

	 A0A009ISE1	[428, 427, 760, 121, 122, -1, 123, 259, 260]

 ### Operon type: 60

	 A0A009NPS1	[238, 359, 261, 260, 259, -1, 760, 427, 428]

 ### Operon type: 61

	 A0A013SB36	[200, 199, 198, 197, 196, 608, 607, 195, 194]
	 A0A009QSI3	[200, 199, 198, 197, 196, 608, 607, 195, -1]

 ### Operon type: 62

	 A0A010ITP2	[200, 199, 198, 197, 196, 608, 607, 0, 0]

 ### Operon type: 63

	 A0A009SII9	[-1, 199, 198, 197, 196, 608, 607, 181, 180]

 ### Operon type: 64

	 A0A009T0Q9	[196, 608, 607, 181, 180, 194, 568, 711, 47]

 ### Operon type: 65

	 A0A009YJF4	[0, 608, 607, 139, 138, 568, 711, 0, 47]

 ### Operon type: 66

	 A0A009GP96	[0, 46, 711, 448, 360, 211, 434, 210, 209]

 ### Operon type: 67

	 A0A009GSR4	[448, 360, 211, 434, 210, 209, 209, 208, 0]

 ### Operon type: 68

	 A0A009IIT6	[46, 711, 448, 360, 210, 209, 209, 208, 0]

 ### Operon type: 69

	 A0A011SQL0	[753, 133, -1, 132, 131, 130, 230, 129, 128]
	 A0A011UZ49	[133, -1, 132, 131, 130, 230, 129, 128, 0]

 ### Operon type: 70

	 A0A009SIF9	[706, 643, 187, 186, 185, 184, 183, 182, 232]
	 A0A009PT82	[706, 643, 187, 186, 185, 184, 183, 182, 232]

 ### Operon type: 71

	 A0A009IS10	[270, 0, 0, 0, 185, 184, 183, 0, 0]

 ### Operon type: 72

	 A0A009QHW5	[0, 0, 0, 349, 185, 184, 183, 0, 233]

 ### Operon type: 73

	 A0A011UVB4	[0, 0, 0, 271, 0, 0, 270, 0, 617]

 ### Operon type: 74

	 A0A011V107	[177, -1, 326, 324, 327, 323, 176, 175, 0]
	 A0A011U7M7	[0, 177, -1, 326, 324, 327, 323, 176, 175]

 ### Operon type: 75

	 A0A011TLH0	[328, 327, 326, 325, 324, 323, 0, 0, 0]

 ### Operon type: 76

	 A0A011UG87	[193, 192, 191, 328, 327, 326, 325, 324, 323]

 ### Operon type: 77

	 A0A011TLH7	[191, 192, 193, 0, 0, 0, 0, 0, 0]

 ### Operon type: 78

	 A0A011TWN2	[148, 329, 147, 146, 145, 144, 143, 0, 0]
	 A0A011TAF9	[0, 0, 148, 329, 147, 146, 145, 144, 143]

 ### Operon type: 79

	 A0A011Q5V7	[696, 0, 0, 0, 695, 694, 693, 692, 691]

 ### Operon type: 80

	 A0A011RM25	[695, 694, 693, 692, 691, 684, 0, 307, 0]

 ### Operon type: 81

	 A0A011QIE8	[749, 748, 747, 746, 745, 744, 743, 0, 0]
	 A0A011QDV3	[749, 748, 747, 746, 745, 744, 643, 0, 743]

 ### Operon type: 82

	 A0A011PL71	[855, 854, 853, 852, 851, 850, 849, 848, 0]
	 A0A011QAB0	[854, 853, 852, 0, 851, 850, 849, 848, 0]

 ### Operon type: 83

	 A0A011Q6N5	[648, 647, 646, 0, 0, 0, 645, 644, 645]

 ### Operon type: 84

	 A0A011SGD5	[0, 0, 0, 0, 0, 0, 648, 647, 646]

 ### Operon type: 85

	 A0A011NYU6	[705, 704, 0, 703, 796, 636, 635, 0, 702]

 ### Operon type: 86

	 A0A011PYI6	[705, 704, 0, 703, 796, 702, 701, 752, 0]

 ### Operon type: 87

	 A0A011P1C0	[0, 0, 636, 635, 702, 0, 0, 0, 0]

 ### Operon type: 88

	 A0A011PKU5	[861, 860, 859, 858, 859, 857, 856, 0, 0]
	 A0A011N4G4	[0, 0, 861, 860, 859, 858, 859, 857, 856]

 ### Operon type: 89

	 A0A010ZWJ8	[22, 21, 20, 797, 19, 785, 411, 785, 18]

 ### Operon type: 90

	 A0A011AHW1	[19, 797, 20, 21, 22, 0, 0, 23, 0]

 ### Operon type: 91

	 A0A011AHU9	[411, 785, 18, 0, 0, 0, 0, 55, 568]

 ### Operon type: 92

	 A0A010ZX98	[17, 16, 15, 14, 13, 318, 746, 746, 0]

 ### Operon type: 93

	 A0A011AIL7	[13, 14, 15, 16, 17, 0, 0, 0, 0]

 ### Operon type: 94

	 A0A010YF95	[697, 563, 737, 562, 561, 561, 560, 559, 558]

 ### Operon type: 95

	 A0A010ZJQ6	[563, 737, 562, 561, 561, 560, 559, 558, 0]

 ### Operon type: 96

	 A0A009GXL8	[142, 141, 140, 139, 138, 35, 237, 236, 235]

 ### Operon type: 97

	 A0A010JIW7	[142, 141, 140, 139, 138, 0, 0, 237, 236]

 ### Operon type: 98

	 A0A011QNA5	[0, 734, 733, 732, 0, 731, 730, 729, 728]
	 A0A009ZLJ7	[728, 729, 730, 731, 0, 0, 734, 733, 732]

 ### Operon type: 99

	 A0A013T0T6	[731, 730, 729, 728, 487, 486, 485, 484, 483]
	 A0A009HAX1	[731, 730, 729, 728, 487, 486, 485, 484, 483]
	 A0A009PE10	[731, 730, 729, 728, 487, 71, 485, 484, -1]
	 A0A009QMH5	[731, 730, 729, 728, 487, 486, 485, 484, 483]
	 A0A009RMD0	[731, 730, 729, 728, 487, 71, 485, 484, 483]
	 A0A009ISY0	[731, 730, 729, 728, 487, 71, 485, 484, 483]

 ### Operon type: 100

	 A0A010ILW6	[731, 730, 729, 728, 487, 486, 0, 0, 484]

 ### Operon type: 101

	 A0A009Z9X7	[730, 729, 728, 0, 487, 0, 655, 0, 484]

 ### Operon type: 102

	 A0A013S8V2	[70, 69, 0, 0, 0, 68, 0, 0, 0]
	 A0A009R8E1	[0, 634, 0, 70, 69, 0, 0, 68, 0]

 ### Operon type: 103

	 A0A009ZFR5	[528, 498, 497, 496, 495, 494, 493, 492, 828]
	 A0A009ICH6	[528, 498, 497, 496, 495, 494, 493, 492, 828]

 ### Operon type: 104

	 A0A009RR21	[528, 498, 497, 496, 160, 159, 481, 828, 818]
	 A0A009NQA1	[528, 498, 497, 496, 160, 159, 481, 828, 818]

 ### Operon type: 105

	 A0A009HTN9	[528, 498, 497, 496, 160, 159, 126, 656, 125]
	 A0A009T3J5	[528, 498, 497, 496, 160, 159, 126, 656, 125]

 ### Operon type: 106

	 A0A009Q0U9	[528, 498, 497, 496, 160, 159, -1, -1, 0]

 ### Operon type: 107

	 A0A009IPC3	[50, 51, 342, 341, 340, 29, 28, 343, 338]
	 A0A009QEG7	[50, 51, 342, 341, 340, 29, 28, 343, 338]

 ### Operon type: 108

	 A0A009I573	[189, 0, 61, 62, 0, 339, 340, 341, 342]

 ### Operon type: 109

	 A0A009ILP9	[343, 0, 342, 341, 340, 339, 338, 62, 61]

 ### Operon type: 110

	 A0A009I953	[343, 0, 342, 341, 340, 339, 338, 0, -1]

 ### Operon type: 111

	 A0A009SX74	[829, 754, 0, 62, 338, 343, 51, 50, 49]

 ### Operon type: 112

	 A0A010IPH1	[314, 539, 586, 389, 313, 312, 311, 310, 450]
	 A0A009QVK8	[314, 539, 586, 389, 313, 312, 311, 310, 450]
	 A0A009ICP5	[314, 539, 586, 389, 313, 312, 311, 310, 450]
	 A0A009MMG9	[314, 539, 586, 389, 313, 312, 311, 310, 450]

 ### Operon type: 113

	 A0A009HTW0	[167, 168, 169, 124, 313, 312, 311, 310, 450]
	 A0A009SIV4	[167, 168, 169, 124, 313, 312, 311, 310, 450]
	 A0A009QLL2	[167, 168, 169, 124, 313, 312, 311, 310, 450]
	 A0A013TSJ4	[168, 169, 0, 124, 313, 312, 311, 310, 450]

 ### Operon type: 114

	 A0A013TRC1	[552, 551, 550, 549, 548, 547, 546, 711, 746]
	 A0A009NIJ3	[552, 551, 550, 549, 548, 547, 546, 711, 746]
	 A0A013TCN9	[552, 551, 550, 549, 548, 547, 546, 711, 746]
	 A0A009QNC9	[552, 551, 550, 549, 548, 547, 546, 711, 746]
	 A0A010ITG1	[552, 551, 550, 549, 548, 547, 546, 711, 746]

 ### Operon type: 115

	 A0A009H935	[0, 0, 550, 549, 548, 547, 546, 711, 746]

 ### Operon type: 116

	 A0A009SF48	[404, 403, 402, 401, 400, -1, 399, 752, 398]
	 A0A009IMX3	[404, 403, 402, 401, 400, 399, 399, 752, 398]
	 A0A009QEX0	[404, 403, 402, 401, 400, 399, 399, 752, 398]

 ### Operon type: 117

	 A0A009MR00	[404, 403, 402, 401, 400, 203, 528, 202, 201]
	 A0A013S7V1	[404, 403, 402, 401, 400, 203, 528, 202, 201]
	 A0A009RES7	[404, 403, 402, 401, 400, 203, 528, 202, 201]
	 A0A010ISX2	[404, 403, 402, 401, 400, 203, 528, 202, 201]

 ### Operon type: 118

	 A0A009YTT3	[3, 136, 402, 401, 400, 203, 528, 202, 201]

 ### Operon type: 119

	 A0A009GYP9	[0, 0, 0, 401, 400, 203, 528, 202, 201]

 ### Operon type: 120

	 A0A009ZZC8	[-1, 109, 110, 3, 136, 402, 401, 400, 203]

 ### Operon type: 121

	 A0A011WSE5	[509, 508, 507, 506, 505, 504, 503, 502, 501]
	 A0A011UGX8	[190, 509, 508, 507, 506, 505, 504, 503, 502]

 ### Operon type: 122

	 A0A011VZG0	[488, 0, 190, 509, 508, 507, 506, 505, 504]

 ### Operon type: 123

	 A0A009SJZ7	[271, 164, 165, 166, 101, 613, 100, 99, 98]
	 A0A009PJF7	[164, 165, 165, 166, 101, 613, 100, 99, 98]

 ### Operon type: 124

	 A0A009Z5G0	[613, 166, 165, 0, 355, 164, 271, 490]

 ### Operon type: 125

	 A0A010JJC1	[409, 294, 293, 362, 292, 291, 290, 433, 289]
	 A0A010IZ41	[294, 293, 362, 292, 291, 290, 433, 289, 535]

 ### Operon type: 126

	 A0A009QJL6	[409, 294, 293, 362, 0, 289, 535, 26, 0]

 ### Operon type: 127

	 A0A013TB41	[543, -1, 542, 541, 540, 706, 539, 751, 538]
	 A0A010KAV2	[543, 358, 542, 541, 540, 706, 539, 751, 538]
	 A0A013SGL3	[543, 358, 542, 541, 540, 706, 539, 751, 538]
	 A0A009SHB3	[543, 358, 542, 541, 540, 706, 539, 751, 538]
	 A0A009NE81	[543, 358, 542, 541, 540, 706, 539, 751, 538]
	 A0A009RQH3	[543, 358, 542, 541, 540, 706, 539, 751, 538]
	 A0A009PG53	[543, 358, 542, 541, 540, 706, 539, 751, 538]
	 A0A009I5Z6	[543, 358, 542, 541, 540, 706, 539, 751, 538]

 ### Operon type: 128

	 A0A009H3X4	[543, 358, 542, 541, 540, 706, -1, 631, -1]

 ### Operon type: 129

	 A0A009SLR5	[0, 0, 0, 120, 364, 119, 434, 711, 850]
	 A0A009PIB4	[0, 0, 0, 120, 364, 119, 434, 711, 850]

 ### Operon type: 130

	 A0A009HSU4	[0, 0, 844, 711, 0, 706, 751, 850, 434]

 ### Operon type: 131

	 A0A009I463	[456, 67, 66, 523, 523, 331, 65, 64, 63]
	 A0A009PAG1	[456, 67, 66, 523, 523, 331, 65, 64, 63]

 ### Operon type: 132

	 A0A013SKX6	[0, 0, 456, 0, 523, 523, 331, 65, 64]

 ### Operon type: 133

	 A0A011Q5S3	[735, 700, 0, 0, 0, 0, 699, 698, 697]

 ### Operon type: 134

	 A0A011UZZ4	[0, 699, 698, 0, 0, 0, 457, 457, 697]

 ### Operon type: 135

	 A0A011UTJ0	[0, 0, 0, 443, 442, 441, 768, 440, 439]

 ### Operon type: 136

	 A0A011VMV7	[443, 442, 441, 768, 440, 439, 438, 437, 436]

 ### Operon type: 137

	 A0A011NYT4	[763, 762, 761, 760, 0, 609, 609, 608, 607]

 ### Operon type: 138

	 A0A011P8E9	[0, 0, 763, 762, 0, 761, 760, 0, 0]

 ### Operon type: 139

	 A0A010SYH9	[82, 81, 80, 137, 79, 0, 0, 0, 0]
	 A0A010TF34	[0, -1, 0, 0, 82, 81, 80, 137, 79]

 ### Operon type: 140

	 A0A010S7A1	[455, 454, 453, 598, 0, 452, 0, 0, 0]
	 A0A010TFJ4	[0, -1, 0, 455, 454, 453, 598, -1, 452]

 ### Operon type: 141

	 A0A009PAV9	[281, -1, 586, 280, 523, 434, 279, 278, 277]
	 A0A009HJC2	[281, 746, 586, 280, 523, 434, 279, 278, 277]

 ### Operon type: 142

	 A0A009SE02	[0, 277, 0, 0, 0, 278, 279, 434, 523]

 ### Operon type: 143

	 A0A009RSB7	[751, 528, 780, 361, 158, 711, 711, 544, 157]
	 A0A009SYU8	[751, 528, 780, 361, 158, 711, 711, 544, 157]
	 A0A009HS41	[751, 528, 780, 361, 158, 711, 711, 544, 157]

 ### Operon type: 144

	 A0A013SHA9	[751, 528, 780, 361, 239, 711, 711, 544, 157]
	 A0A010IT25	[751, 528, 780, 361, 239, 711, 711, 544, 157]
	 A0A009I466	[751, 528, 780, 361, 239, 711, 711, 544, 157]

 ### Operon type: 145

	 A0A009NMQ9	[751, 528, 780, 361, 239, 0, 711, 711, 544]

 ### Operon type: 146

	 A0A009P8A9	[0, 0, 780, 361, 158, 711, 711, 544, 157]

 ### Operon type: 147

	 A0A009NJ90	[174, 173, 172, 221, 220, 171, 170, 219, 218]
	 A0A009ITT8	[174, 173, 172, 221, 220, 170, 219, 218, 217]

 ### Operon type: 148

	 A0A009NCH6	[118, 219, 218, 217, 215, 214, 162, 161, 117]
	 A0A009IJ01	[219, 218, 217, 216, 215, 214, 162, 161, 117]

 ### Operon type: 149

	 A0A009RQL5	[219, 218, 217, 163, 215, 214, 162, 161, 0]

 ### Operon type: 150

	 A0A009MGQ8	[220, 0, 118, 219, 218, 217, 215, 214, 162]

 ### Operon type: 151

	 A0A009RHH7	[74, 73, 222, 221, 220, 171, 219, 218, 217]
	 A0A009S6G1	[74, 73, 222, 221, 220, 219, 218, 217, 215]
	 A0A009IJ07	[74, 73, 222, 221, 220, 219, 218, 217, 216]

 ### Operon type: 152

	 A0A009HZK2	[222, 221, 220, 219, 218, 217, 216, 215, 214]

 ### Operon type: 153

	 A0A009R4N4	[221, 220, 171, 219, 218, 217, 163, 215, 214]

 ### Operon type: 154

	 A0A009S5A5	[220, 171, 170, 219, 218, 217, 216, 44, 215]

 ### Operon type: 155

	 A0A009RHH9	[0, 0, 0, 0, 72, 74, 73, 222, 221]

 ### Operon type: 156

	 A0A011PGU1	[0, 0, 710, 724, 723, 722, 709, 708, 707]
	 A0A011MDH1	[637, 0, 710, 724, 723, 722, 709, 708, 707]

 ### Operon type: 157

	 A0A011V0P4	[518, 178, 0, 0, 321, 0, 0, 296, 295]

 ### Operon type: 158

	 A0A011WPV7	[296, 295, 0, 0, 0, 0, 0, 0, 0]

 ### Operon type: 159

	 A0A011UDF3	[724, 625, 0, 0, 0, 416, 616, 615, 678]

 ### Operon type: 160

	 A0A011VSC9	[616, 615, 678, 0, 0, 0, 0, 0, 0]

 ### Operon type: 161

	 A0A011SF89	[285, 284, 283, 0, 0, 0, 0, 0, 0]

 ### Operon type: 162

	 A0A011UCX7	[0, 854, 285, 284, 0, 283, 462, 0, 0]

 ### Operon type: 163

	 A0A011RNP9	[0, 0, 0, 0, 0, 618, 849, 0, 0]

 ### Operon type: 164

	 A0A011V0B5	[456, 0, 0, 0, 0, 0, 618, 0, 0]

 ### Operon type: 165

	 A0A011RQC9	[0, 456, 407, 0, 0, 0, 0, 286, 0]

 ### Operon type: 166

	 A0A011QG28	[726, 725, 724, 0, 723, 722, 786, 721, 787]
	 A0A011RIM8	[726, 725, 0, 0, 723, 722, 786, 721, 787]

 ### Operon type: 167

	 A0A011PHI6	[759, 0, 758, 0, 0, 757, 756, 755, 0]

 ### Operon type: 168

	 A0A011QI68	[0, 0, 758, 757, 0, 0, 0, 0, 0]

 ### Operon type: 169

	 A0A011NVJ6	[593, 660, 659, 658, 657, 656, 0, 0, 592]

 ### Operon type: 170

	 A0A011PVP2	[0, 660, 659, 658, 657, 656, 0, 0, 720]

 ### Operon type: 171

	 A0A011NXY7	[0, 0, 659, 0, 657, 0, 0, 0, 0]

 ### Operon type: 172

	 A0A011QR69	[654, 653, 828, 652, 819, 818, 0, 0, 0]
	 A0A011NUB4	[654, 653, 828, 652, 819, 818, 0, 587, 0]

 ### Operon type: 173

	 A0A011NN36	[653, 828, 0, 0, 819, 818, 0, 0, 0]

 ### Operon type: 174

	 A0A011PK69	[828, 846, 0, 0, 819, 818, 0, 0, 0]

 ### Operon type: 175

	 A0A011NYD6	[665, 871, 870, 611, 610, 664, 663, 662, 661]
	 A0A011RMI6	[665, 871, 870, 611, 610, 664, 663, 662, 661]

 ### Operon type: 176

	 A0A011QB28	[666, 665, 871, 0, 0, 664, 663, 662, 661]

 ### Operon type: 177

	 A0A011NF33	[0, 664, 663, 0, 0, 0, 0, 0, 0]

 ### Operon type: 178

	 A0A011NBY4	[596, 0, 0, 595, 0, 0, 594, 0, 0]

 ### Operon type: 179

	 A0A011WRT0	[596, 0, 0, 0, 0, 0, 0, 752, 0]

 ### Operon type: 180

	 A0A011SHV5	[0, 0, 0, 0, 0, 517, 752, 409, 0]

 ### Operon type: 181

	 A0A011NB95	[0, 685, 0, 0, 0, 0, 586, 585, 584]

 ### Operon type: 182

	 A0A011UHT4	[26, 319, 585, 0, 0, 25, 25, 584, 0]

 ### Operon type: 183

	 A0A010Z1W7	[0, 0, 0, 0, 0, 388, 0, 590, 591]

 ### Operon type: 184

	 A0A011VY84	[0, 0, 591, 590, 0, 0, 0, 0, 0]

 ### Operon type: 185

	 A0A010YW85	[0, 0, 0, 0, 0, 205, 0, 590, 591]

 ### Operon type: 186

	 A0A010ZMA0	[590, 651, 0, 0, 0, 0, 0, 0, 0]

 ### Operon type: 187

	 A0A011N5L2	[0, 0, 0, 651, 0, 650, 649, 0, 0]

 ### Operon type: 188

	 A0A009MJ75	[0, 0, 63, 351, 449, 0, 0, 0, 448]

 ### Operon type: 189

	 A0A010IH51	[0, 450, 0, 0, 449, 0, 448, 0, 0]

 ### Operon type: 190

	 A0A011TYT7	[0, 0, 0, 0, 0, 0, 450, 377, 377]

 ### Operon type: 191

	 A0A010RRR9	[0, 0, 0, 0, 716, 0, 0, 599, 448]

 ### Operon type: 192

	 A0A010SIA7	[0, 0, 599, 598, 0, 0, 0, 0, 0]

 ### Operon type: 193

	 A0A010RFQ9	[0, 0, 357, 0, 444, 0, 0, 0, 0]

 ### Operon type: 194

	 A0A010SPR9	[227, 227, 0, 0, 0, 444, 0, 0, 0]

 ### Operon type: 195

	 A0A009LNU8	[78, 460, 230, 229, 0, 4, 0, 434, 0]

 ### Operon type: 196

	 A0A013SRG6	[228, 229, 230, 460, 0, 459, 0, 78, 683]

 ### Operon type: 197

	 A0A009IQU8	[0, 460, 0, 0, 0, 459, 683, 0, 0]

 ### Operon type: 198

	 A0A010K2K8	[230, 229, 228, 0, 0, 0, 0, -1, 434]

 ### Operon type: 199

	 A0A011NPR8	[0, 683, 0, 0, 0, 0, 682, 0, 0]

 ### Operon type: 200

	 A0A010SEA2	[700, 682, 554, 0, 0, 0, 0, 0, 0]

 ### Operon type: 201

	 A0A010IGH8	[0, 0, 0, 0, 0, 0, 0, 545, 544]

 ### Operon type: 202

	 A0A010STD3	[0, 0, 0, 415, 414, 413, 0, 544, 545]

 ### Operon type: 203

	 A0A010SQJ5	[226, 389, 0, 415, 414, 413, 0, 0, 0]

 ### Operon type: 204

	 A0A013RVV2	[552, 0, 251, 250, 0, 0, 544, 545, 0]

 ### Operon type: 205

	 A0A011TD67	[416, 0, 0, 415, 414, 413, 412, 0, 411]

 ### Operon type: 206

	 A0A009ZC12	[0, 0, 0, 415, 0, 413, 412, 83, 676]

 ### Operon type: 207

	 A0A009YSC7	[0, 0, 594, 1, 0, 1, 251, 250, 0]

 ### Operon type: 208

	 A0A009ZJK4	[0, 0, 0, 0, 0, 0, 528, 204, 0]

 ### Operon type: 209

	 A0A010SVN1	[-1, 204, 711, 630, 330, 0, 0, 528, 0]

 ### Operon type: 210

	 A0A009QGN4	[89, 88, 87, 86, 85, 84, 0, 0, 0]
	 A0A009PFK7	[89, 88, 87, 86, 85, 0, 0, 84, 0]

 ### Operon type: 211

	 A0A009YR20	[0, 84, 0, 0, 0, 0, 88, 0, 0]

 ### Operon type: 212

	 A0A009SCM5	[77, 76, 75, 0, 0, 0, 0, 0, 0]

 ### Operon type: 213

	 A0A009TJ77	[49, 240, 0, 0, 0, 0, 77, 76, 75]

 ### Operon type: 214

	 A0A009HZV2	[0, 0, 0, 0, 151, 150, 171, 0, 0]

 ### Operon type: 215

	 A0A009QPE7	[0, 0, 0, 0, 151, 150, 0, 0, 0]

 ### Operon type: 216

	 A0A009MGR3	[0, 0, 31, 0, 426, 44, 8, 274, 273]

 ### Operon type: 217

	 A0A009Q4G0	[0, 32, 31, 0, 426, 0, 274, 273, 274]

 ### Operon type: 218

	 A0A009PB53	[0, 0, 276, 275, 426, 274, 273, 274, 272]

 ### Operon type: 219

	 A0A009PUJ8	[0, 276, 275, 426, 0, 272, 237, 236, 235]

 ### Operon type: 220

	 A0A009QQC0	[116, 0, 156, 711, 154, 154, 207, 258, 630]
	 A0A009H7I0	[116, 0, 0, 711, 154, 154, 207, 258, 630]

 ### Operon type: 221

	 A0A009MVG4	[156, 0, 155, 711, 154, 154, 207, 258, 630]

 ### Operon type: 222

	 A0A010J377	[153, 152, 751, 711, 154, 154, 207, 258, 630]
	 A0A009QA91	[153, 152, 751, 711, 154, 154, 207, 258, 630]

 ### Operon type: 223

	 A0A009S1X4	[153, 152, 751, 711, 154, 154, 711, 0, 45]

 ### Operon type: 224

	 A0A013SHF4	[0, 0, 155, 711, 154, 154, 0, 108, 0]

 ### Operon type: 225

	 A0A011PJK8	[844, 843, 842, 841, 840, 839, 0, 0, 0]
	 A0A011N3C3	[0, 0, 0, 844, 843, 842, 841, 840, 839]

 ### Operon type: 226

	 A0A011UWH1	[845, 366, 365, 577, 0, 0, 0, 0, 0]
	 A0A011WKI4	[0, 0, 0, 0, 0, 845, 366, 365, 577]

 ### Operon type: 227

	 A0A010YKP2	[0, 0, 0, 0, 0, 0, 592, 242, 0]

 ### Operon type: 228

	 A0A011V1A2	[178, 0, 0, 242, 0, 0, 0, 0, 0]

 ### Operon type: 229

	 A0A011NGS0	[0, 0, 0, 0, 642, 782, 0, 0, 0]

 ### Operon type: 230

	 A0A011PW61	[0, 0, 0, 0, 642, 782, 0, 0, 641]

 ### Operon type: 231

	 A0A011UXI1	[0, 816, 0, 0, 642, 782, 244, 0, 0]

 ### Operon type: 232

	 A0A011SWI9	[-1, -1, 0, 759, 642, 782, 244, -1, -1]

 ### Operon type: 233

	 A0A011P952	[782, 0, 781, 0, 0, 781, 0, 0, 0]

 ### Operon type: 234

	 A0A011Q1B3	[640, 755, 639, 638, 639, 720, 637, 0, 0]
	 A0A011QVV5	[0, 0, 640, 755, 639, 638, 639, 720, 637]

 ### Operon type: 235

	 A0A011NSG8	[0, 0, 0, 755, 639, 638, 0, 639, 0]

 ### Operon type: 236

	 A0A011P0X4	[0, 0, 637, 0, 639, 0, 0, 638, 634]

 ### Operon type: 237

	 A0A010YNY9	[0, 0, 445, 241, 0, 0, 0, 0, 367]

 ### Operon type: 238

	 A0A011AC71	[45, 0, 0, 52, 0, 445, 241, 0, 751]

 ### Operon type: 239

	 A0A011PRW6	[873, 0, 0, 0, 872, 871, 870, 0, 0]
	 A0A011QLX0	[0, 873, 0, 0, 872, 0, 871, 870, 0]

 ### Operon type: 240

	 A0A010SML6	[0, 871, 870, -1, 0, 754, 0, 0, 0]

 ### Operon type: 241

	 A0A010RS09	[0, 0, 0, 0, 137, 0, 631, 631, 0]

 ### Operon type: 242

	 A0A010RTE7	[0, 0, 0, 0, 0, 0, 137, 240, 0]

 ### Operon type: 243

	 A0A009P817	[38, 0, 0, 0, 37, 0, 206, 54, 53]

 ### Operon type: 244

	 A0A009TIY0	[0, 0, 0, 0, 37, 0, 206, 54, 0]

 ### Operon type: 245

	 A0A009QKA3	[206, 54, 0, 53, 0, 0, 0, 0, 89]

 ### Operon type: 246

	 A0A009HSR2	[0, 115, 114, 0, 113, 58, 112, 171, 59]

 ### Operon type: 247

	 A0A009SWM1	[0, 115, 114, 0, 113, 0, 0, 112, 0]

 ### Operon type: 248

	 A0A009MYX0	[60, 59, 0, 844, 0, 0, 112, 58, 57]

 ### Operon type: 249

	 A0A009QK79	[0, 0, 57, 58, 0, 112, 0, 0, 59]

 ### Operon type: 250

	 A0A009GXJ1	[213, 212, 58, 112, 269, 171, 59, 60, 0]

 ### Operon type: 251

	 A0A013TKW8	[0, 793, 0, 434, 301, 300, 299, 298, 297]
	 A0A009S0T6	[0, 0, 434, 111, 301, 300, 299, 298, 297]
	 A0A009QT77	[0, 0, -1, 434, 301, 300, 299, 298, 297]
	 A0A010IT95	[0, 0, 0, 434, 301, 300, 299, 298, 297]
	 A0A009MH36	[0, 0, 0, 434, 301, 300, 299, 298, 297]
	 A0A009PRQ9	[0, 434, 111, 0, 301, 300, 299, 298, 297]
	 A0A009I5G9	[0, 0, 434, 111, 301, 300, 299, 298, 297]
	 A0A009GWD0	[171, 0, 0, 434, 301, 300, 299, 298, 297]

 ### Operon type: 252

	 A0A013TMJ7	[746, -1, 0, 434, 301, 298, 297, 0, 0]

 ### Operon type: 253

	 A0A011VXC2	[-1, 516, 0, 815, 515, 514, 513, 512, 511]
	 A0A011V392	[516, 0, 815, 515, 514, 513, 0, 512, 511]

 ### Operon type: 254

	 A0A011V490	[488, 491, 0, 511, 512, 513, 514, 515, 815]

 ### Operon type: 255

	 A0A011VZF5	[0, 0, 515, 514, 513, 854, 491, 854, 0]

 ### Operon type: 256

	 A0A011VU44	[0, 0, 0, 0, 0, 628, 0, 0, 0]
	 A0A011WLE7	[0, 0, 0, 0, 0, 628, 0, 0, 0]

 ### Operon type: 257

	 A0A011VAP2	[0, 0, 435, 0, 0, 0, 0, 0, 570]

 ### Operon type: 258

	 A0A011VRJ8	[0, 0, 0, 0, 0, 0, 435, 0, 0]

 ### Operon type: 259

	 A0A011RNU1	[0, 0, 0, 0, 0, 0, 520, 520, 519]

 ### Operon type: 260

	 A0A011VKJ9	[0, 0, 0, 0, 0, 0, 519, 520, -1]

 ### Operon type: 261

	 A0A011PQZ7	[0, 0, 0, 797, 796, 0, 795, 0, 0]

 ### Operon type: 262

	 A0A011TUX4	[0, 0, 0, 0, 796, 0, 0, 795, 0]

 ### Operon type: 263

	 A0A011STZ9	[0, 0, 0, 795, 0, 0, 0, 0, 0]

 ### Operon type: 264

	 A0A011PRF5	[814, 0, 0, 0, 0, 0, 0, 0, 0]
	 A0A011PUJ9	[0, 0, 0, 0, 0, 0, 0, 0, 814]

 ### Operon type: 265

	 A0A011PFY8	[0, 0, 0, 0, 0, 0, 0, 0, 838]

 ### Operon type: 266

	 A0A011PNS3	[802, 838, 0, 0, 0, 0, 0, 0, 0]

 ### Operon type: 267

	 A0A011T648	[0, 838, 0, 0, 0, 0, 0, 828, 0]

 ### Operon type: 268

	 A0A010YYJ5	[0, 0, 0, 854, 0, 0, 0, 406, 406]

 ### Operon type: 269

	 A0A011NDM5	[854, 0, 0, 0, 0, 0, 0, 0, 0]

 ### Operon type: 270

	 A0A011MSR2	[0, 0, 0, 633, 0, 0, 0, 854, 854]

 ### Operon type: 271

	 A0A011WSU6	[0, 854, 0, 0, 512, 0, 0, 0, 0]

 ### Operon type: 272

	 A0A011AEN3	[0, 0, 0, 0, 0, 0, 786, 0, 0]
	 A0A011U3C2	[0, 0, 786, 0, 0, 0, 0, 0, 0]

 ### Operon type: 273

	 A0A011AAZ2	[0, 575, 0, 0, 0, 786, 786, 786, 0]

 ### Operon type: 274

	 A0A011T698	[0, 0, 0, 0, 0, 751, 786, 0, 0]

 ### Operon type: 275

	 A0A010YRE8	[0, 0, 0, 0, 0, 0, 0, 318, 0]

 ### Operon type: 276

	 A0A011AF05	[0, 0, 45, 318, 0, 0, 0, 0, 0]

 ### Operon type: 277

	 A0A009ZG48	[0, 0, 0, 793, 0, 0, 0, 0, 0]

 ### Operon type: 278

	 A0A011PEJ8	[0, 0, 794, 793, 0, 0, 0, 0, 0]

 ### Operon type: 279

	 A0A011QNJ7	[727, 0, 0, 793, 0, 0, 0, 727, 0]

 ### Operon type: 280

	 A0A011MMJ4	[0, 0, 0, 0, 0, 0, 0, 727, 0]

 ### Operon type: 281

	 A0A011R8M3	[0, 0, 794, 793, 0, 243, 0, 727, 0]

 ### Operon type: 282

	 A0A009ZC82	[0, 0, 753, 0, 0, 0, 0, 0, 0]

 ### Operon type: 283

	 A0A011P3F6	[754, 0, 0, 753, 0, 0, 0, 0, 0]

 ### Operon type: 284

	 A0A009IG48	[0, 0, 0, 353, 352, 0, 0, 0, 754]

 ### Operon type: 285

	 A0A009IMQ0	[0, 0, 0, 353, 352, 0, 0, 0, 0]

 ### Operon type: 286

	 A0A009SWV1	[0, 0, 0, 0, 0, 0, 0, 353, 0]

 ### Operon type: 287

	 A0A009Q512	[0, 0, 0, 0, 30, 0, 0, 0, 0]
	 A0A009PMZ9	[30, 0, 0, 0, 0, 0, 0, 0, 0]

 ### Operon type: 288

	 A0A009IFL2	[0, 245, 0, 12, -1, 0, 0, 0]

 ### Operon type: 289

	 A0A009ZDS1	[-1, -1, 0, 245, 0, 0, 294, 0, 0]

 ### Operon type: 290

	 A0A010SNM6	[447, 446, -1, 0, 0, 0, 746, 0, 0]

 ### Operon type: 291

	 A0A010T5D8	[446, 447, 0, -1, 0, -1, 535, 0, 0]

 ### Operon type: 292

	 A0A011UFH1	[0, 0, 0, 0, 0, 589, 0, 0, 0]
	 A0A011UB51	[589, 0, 0, 0, 0, 0, 0, 0, 0]

 ### Operon type: 293

	 A0A011V965	[0, -1, -1, 0, 246, 0, -1, -1, 0]
	 A0A011VHP2	[0, -1, -1, -1, 246, 0, 0, 0, 0]

 ### Operon type: 294

	 A0A010RVD0	[-1, 0, 0, -1, 0, 690, 690, 0, 149]

 ### Operon type: 295

	 A0A010T7Q5	[0, 149, 0, 0, 0, 0, -1, 0, 0]

 ### Operon type: 296

	 A0A010SJH7	[0, 0, 746, -1, 0, 0, 207, 0, 0]

 ### Operon type: 297

	 A0A010SRR2	[0, 0, -1, 0, 0, 0, 0, 0, 746]

 ### Operon type: 298

	 A0A010TF14	[-1, 0, 0, 0, 0, 0, 0, 0, 0]
	 A0A010RY47	[-1, 0, -1, 0, 0, 0, 0, 0, 0]
	 A0A011UZ32	[0, 0, 0, 0, 0, -1, 0, 0, 0]
	 A0A009HJU6	[0, 0, 0, 0, 0, 0, 0, 0, -1]
	 A0A010RKP8	[0, 0, 0, 0, 0, 0, -1, 0, 0]

 ### Operon type: 299

	 A0A010SJF9	[0, 0, 0, 0, 0, -1, 0, 555, -1]

 ### Operon type: 300

	 A0A011ML54	[0, 0, 0, 567, 0, 0, 0, 0, -1]

 ### Operon type: 301

	 A0A011NHY1	[0, 0, 0, 0, 0, 746, 0, 0, 0]

 ### Operon type: 302

	 A0A010Z171	[0, 0, 0, 0, 0, 0, 746, 0, 844]

 ### Operon type: 303

	 A0A011T697	[746, 0, 0, 0, 0, 0, 0, 0, 206]

 ### Operon type: 304

	 A0A011TDD1	[0, 179, 746, 0, 0, 0, 0, 0, 0]

 ### Operon type: 305

	 A0A011VW24	[0, 0, 684, 0, 0, 0, 0, 0, -1]

 ### Operon type: 306

	 A0A011T8V3	[0, 0, 684, 0, 0, 0, 0, 0, 0]

 ### Operon type: 307

	 A0A010TH98	[641, 0, 0, 684, 0, 0, 0, 0, 0]

 ### Operon type: 308

	 A0A011QVR3	[0, 0, 0, 0, 0, 0, 0, 685, 684]

 ### Operon type: 309

	 A0A011VYF1	[684, 0, 0, 0, 0, 0, 589, 0, 0]

 ### Operon type: 310

	 A0A010S415	[-1, 684, 0, 630, 0, 0, 0, 0, 629]

 ### Operon type: 311

	 A0A011PNN2	[0, 0, 0, 0, 0, 0, 0, 0, 0]
	 A0A011PBM9	[0, 0, 0, 0, 0, 0, 0, 0, 0]
	 A0A011P9Z5	[0, 0, 0, 0, 0, 0, 0, 0, 0]
	 A0A011QSN2	[0, 0, 0, 0, 0, 0, 0, 0, 0]
	 A0A011QMJ8	[0, 0, 0, 0, 0, 0, 0, 0, 0]
	 A0A011Q056	[0, 0, 0, 0, 0, 0, 0, 0, 0]
	 A0A011N2Z0	[0, 0, 0, 0, 0, 0, 0, 0, 0]
	 A0A011VYF6	[0, 0, 0, 0, 0, 0, 0, 0, 0]
	 A0A011NTU3	[0, 0, 0, 0, 0, 0, 0, 0, 0]
	 A0A011NAJ1	[0, 0, 0, 0, 0, 0, 0, 0, 0]
	 A0A010ZTI3	[0, 0, 0, 0, 0, 0, 0, 0, 0]
	 A0A010SHY1	[0, 0, 0, 0, 0, 0, 0, 0, 0]
	 A0A011NMI8	[0, 0, 0, 0, 0, 0, 0, 0, 0]
	 A0A013SL47	[0, 0, 0, 0, 0, 0, 0, 0, 0]
	 A0A011VNE2	[0, 0, 0, 0, 0, 0, 0, 0, 0]
	 A0A009PDV4	[0, 0, 0, 0, 0, 0, 0, 0, 0]
	 A0A011WUT3	[0, 0, 0, 0, 0, 0, 0, 0, 0]
	 A0A010YJA7	[0, 0, 0, 0, 0, 0, 0, 0, 0]
	 A0A013SBR8	[0, 0, 0, 0, 0, 0, 0, 0, 0]
	 A0A010SSQ8	[0, 0, 0, 0, 0, 0, 0, 0, 0]
	 A0A013TEV4	[0, 0, 0, 0, 0, 0, 0, 0, 0]
	 A0A010SPJ7	[0, 0, 0, 0, 0, 0, 0, 0, 0]
	 A0A009M4K0	[0, 0, 0, 0, 0, 0, 0, 0, 0]
	 A0A010T025	[0, 0, 0, 0, 0, 0, 0, 0, 0]
	 A0A009MH90	[0, 0, 0, 0, 0, 0, 0, 0, 0]
	 A0A011UHL2	[0, 0, 0, 0, 0, 0, 0, 0, 0]
	 A0A013S2B9	[0, 0, 0, 0, 0, 0, 0, 0, 0]
	 A0A010Z120	[0, 0, 0, 0, 0, 0, 0, 0, 0]
	 A0A011UFM5	[0, 0, 0, 0, 0, 0, 0, 0, 0]
	 A0A011UBN9	[0, 0, 0, 0, 0, 0, 0, 0, 0]
	 A0A011A146	[0, 0, 0, 0, 0, 0, 0, 0, 0]
	 A0A009HIL8	[0, 0, 0, 0, 0, 0, 0, 0, 0]
	 A0A010YZS8	[0, 0, 0, 0, 0, 0, 0, 0, 0]

 ### Operon type: 312

	 A0A010TG27	[845, 0, 188, 0, 0, 0, 711, 0, 0]

 ### Operon type: 313

	 A0A011PMK1	[0, 0, 0, 0, 0, 0, 0, 845, 0]

 ### Operon type: 314

	 A0A009HM15	[0, 162, 161, 0, 0, 0, -1, 0, 0]

 ### Operon type: 315

	 A0A009HRU1	[0, 58, 0, 0, 0, 0, 0, 0, 0]

 ### Operon type: 316

	 A0A009HSN8	[0, 32, 0, 0, 0, -1, 0, 272, -1]

 ### Operon type: 317

	 A0A009HV82	[237, 0, 0, 0, 0, 0, 0, 0, 0]

 ### Operon type: 318

	 A0A009IG74	[0, 0, 351, 0, 523, -1, 0, 0, 0]

 ### Operon type: 319

	 A0A009IJ90	[0, 49, 0, 0, 0, 0, 0, 0, 0]

 ### Operon type: 320

	 A0A009NM94	[0, 510, 510, 0, 0, 0, 179, 0, 0]

 ### Operon type: 321

	 A0A009Q4N5	[0, 0, 38, 0, 0, 0, 0, 0, 0]

 ### Operon type: 322

	 A0A009SSZ9	[0, 189, 0, 0, 0, 0, 0, 0, 0]

 ### Operon type: 323

	 A0A009YIH1	[0, 0, 0, 0, 215, 0, -1, -1, 2]

 ### Operon type: 324

	 A0A009YR05	[0, 0, 0, 0, 442, 0, 0, 0, 0]

 ### Operon type: 325

	 A0A009Z004	[48, 0, 48, 0, 0, 844, 0, 0, 0]

 ### Operon type: 326

	 A0A010RUQ5	[0, 0, 0, 0, 0, 0, 0, 0, 408]

 ### Operon type: 327

	 A0A010S195	[753, 0, 388, 387, 0, 0, 0, 0, 0]

 ### Operon type: 328

	 A0A010SCZ2	[0, 0, 0, 0, 0, 0, 0, 451, 0]

 ### Operon type: 329

	 A0A010SN41	[0, 0, 0, 0, 553, 0, 0, 0, 0]

 ### Operon type: 330

	 A0A010SSU2	[0, 0, 0, 0, 269, 0, -1, 783, 0]

 ### Operon type: 331

	 A0A010SUP6	[0, 0, 0, 0, 0, 0, 0, 387, 0]

 ### Operon type: 332

	 A0A010SUY9	[0, 0, 0, 0, 0, 243, 794, 0]

 ### Operon type: 333

	 A0A010THK2	[0, 0, -1, 0, 0, 631, 844, 0, 0]

 ### Operon type: 334

	 A0A010SRL4	[188, 0, 0, -1, 0, 0, 0, 844, 461]

 ### Operon type: 335

	 A0A010YX61	[542, 786, 0, 684, 0, 0, 0, 0, 0]

 ### Operon type: 336

	 A0A010S5W8	[0, 0, 633, 720, 0, 0, 0, 0, 0]

 ### Operon type: 337

	 A0A011NE37	[606, 0, 0, 0, 0, 0, 0, 0, 0]

 ### Operon type: 338

	 A0A011NF78	[0, 0, 675, 0, 0, 0, 0, 0, 0]

 ### Operon type: 339

	 A0A011NVE2	[0, 0, 0, 828, 0, 0, 746, 0, 632]

 ### Operon type: 340

	 A0A011NXJ4	[0, 0, 0, 0, 0, 0, 0, 0, 612]

 ### Operon type: 341

	 A0A011P8I1	[0, 0, 787, 786, 0, 0, 0, 0, 785]

 ### Operon type: 342

	 A0A011P9Q7	[780, 0, 0, 0, 0, 0, 0, 0, 0]

 ### Operon type: 343

	 A0A011PJ75	[0, 828, 827, 828, 0, 0, 0, 0, 0]

 ### Operon type: 344

	 A0A011PRB4	[0, 0, 0, 0, 0, 0, 0, 815, 0]

 ### Operon type: 345

	 A0A011QVT2	[655, 0, 0, 0, 0, 0, 0, 802, 0]

 ### Operon type: 346

	 A0A011RP14	[0, 0, 0, 0, 0, 0, 0, 287, 0]

 ### Operon type: 347

	 A0A011SM49	[746, 0, 287, 0, 0, 0, 134, 0, 0]

 ### Operon type: 348

	 A0A011AM27	[795, 0, 0, 0, 572, 0, 0, 0, 571]

 ### Operon type: 349

	 A0A011T607	[0, 0, 720, 0, 0, 0, 0, 0, 179]

 ### Operon type: 350

	 A0A011TAW2	[0, 0, 0, 0, 0, 0, 397, 0, 0]

 ### Operon type: 351

	 A0A011TED9	[0, 0, 0, 0, 0, 329, 0, 0, 0]

 ### Operon type: 352

	 A0A011TXS5	[0, 127, 0, 0, 0, 0, 0, 0, 0]

 ### Operon type: 353

	 A0A011U144	[0, 408, 0, 0, 0, 0, 612, 421, 0]

 ### Operon type: 354

	 A0A011U1C8	[751, 0, 0, 0, 0, 0, 0, 0, 557]

 ### Operon type: 355

	 A0A011U483	[0, 0, 0, 0, 0, 750, 0, 0, 0]

 ### Operon type: 356

	 A0A011UG86	[0, 755, 0, 0, 0, 555, 0, 0, 0]

 ### Operon type: 357

	 A0A011UQB5	[410, 595, 0, 0, 0, 0, 0, 589, 0]

 ### Operon type: 358

	 A0A011UVI5	[0, 0, 0, 0, 0, 367, 828, 828, 0]

 ### Operon type: 359

	 A0A011UWI3	[0, 0, 0, 0, 364, 0, 363, 753, 0]

 ### Operon type: 360

	 A0A011V5E6	[0, 0, 0, 0, 0, 501, 0, 0, 0]

 ### Operon type: 361

	 A0A011M4H6	[570, 0, 569, 0, 0, 0, 0, 0, 0]

 ### Operon type: 362

	 A0A011VSV3	[0, 0, 0, 0, 0, 0, 724, 0, 0]

 ### Operon type: 363

	 A0A011VWI0	[0, 0, 0, 0, 0, 319, 0, 0, 0]

 ### Operon type: 364

	 A0A011VZ91	[577, 0, 0, 0, 0, 0, 0, 0, 0]

 ### Operon type: 365

	 A0A011WP76	[0, 0, 0, 0, 0, 0, 0, 0, 737]

 ### Operon type: 366

	 A0A011WSD4	[0, 0, 0, -1, 0, 854, 0, 0, 491]

 ### Operon type: 367

	 A0A011WT35	[491, 0, 0, 0, 0, 0, 0, 0, 0]

 ### Operon type: 368

	 A0A013S843	[0, 258, 0, 0, 0, 0, -1, 226, 0]

 ### Operon type: 369

	 A0A013T5E6	[0, 0, 0, 426, 0, 0, 0, 0, 0]

 ### Operon type: 370

	 A0A009T185	[653, 0, 827, 827, 315, 828, 827, 375, 656]

 ### Operon type: 371

	 A0A010IN36	[316, 746, 0, 0, 315, 828, 827, 375, 656]

 ### Operon type: 372

	 A0A009PG43	[828, 827, 306, 802, 0, 375, 656, 0, 0]

 ### Operon type: 373

	 A0A009INE0	[316, 0, 0, 0, 0, 0, 0, 827, 375]

 ### Operon type: 374

	 A0A009T9H0	[0, 2, 754, -1, 0, 0, 112, 0, 58]

 ### Operon type: 375

	 A0A010THH5	[0, 554, 245, 367, 0, 0, 409, 0, 294]

 ### Operon type: 376

	 A0A011VZE3	[0, 0, 0, 711, 576, 0, 0, 0, 0]
	 A0A011WSH8	[0, 0, 0, 711, 576, 0, 0, 0, 0]

 ### Operon type: 377

	 A0A011NAF3	[0, 0, 0, 0, 0, 0, 711, 0, 821]

 ### Operon type: 378

	 A0A009IQ93	[462, 0, 711, 0, 0, 461, 0, 0, 0]

 ### Operon type: 379

	 A0A009Q8S9	[0, 0, 754, 386, 0, 369, 0, 0, 0]

 ### Operon type: 380

	 A0A009TLU4	[0, 127, -1, 4, 0, 225, 0, -1, -1]

 ### Operon type: 381

	 A0A009ZB47	[233, 232, 0, 0, 0, 854, 362, 0, 0]

 ### Operon type: 382

	 A0A009ZVR4	[407, 0, 786, 0, 0, 406, 0, 0, 405]

 ### Operon type: 383

	 A0A010JIN9	[362, 0, 0, 240, 338, 0, 0, 0, 0]

 ### Operon type: 384

	 A0A010S003	[708, 0, 0, 0, 0, 755, 755, 389, 0]

 ### Operon type: 385

	 A0A010SMN8	[0, -1, 445, 0, 444, 0, 0, 830, 0]

 ### Operon type: 386

	 A0A010SXS1	[0, 306, 0, 0, 0, 372, 0, 0, 802]

 ### Operon type: 387

	 A0A010T689	[571, -1, 409, 618, 0, 0, 0, 0, 0]

 ### Operon type: 388

	 A0A010TBB4	[0, 556, 0, 555, 0, 0, 0, 0, 751]

 ### Operon type: 389

	 A0A010YFK3	[0, 692, 0, 0, 0, 0, 626, 0, 557]

 ### Operon type: 390

	 A0A010YVY1	[317, 0, 317, 0, 0, 0, 0, 389, 0]

 ### Operon type: 391

	 A0A010ZSZ2	[0, 575, 0, 574, 573, 0, 0, 0, 0]

 ### Operon type: 392

	 A0A010Z0Y7	[0, 0, 0, 0, 573, 630, 0, 0, 0]

 ### Operon type: 393

	 A0A011A0M8	[0, 0, 844, 0, 12, 0, 0, 5, 5]

 ### Operon type: 394

	 A0A011NFL4	[0, 500, 0, 0, 679, 845, 0, 499, 0]

 ### Operon type: 395

	 A0A011P407	[0, 0, 784, 752, 0, 0, 751, 0, 750]

 ### Operon type: 396

	 A0A011QGT2	[711, 0, 0, 841, 840, 0, 0, 0, 0]

 ### Operon type: 397

	 A0A011QSA4	[678, 0, 677, 676, 0, 0, 0, 0, 675]

 ### Operon type: 398

	 A0A011T6J6	[0, 696, 0, 786, 0, 0, 282, 0, 205]

 ### Operon type: 399

	 A0A011TAL2	[0, 720, 0, 0, 0, 52, 0, 592, 0]

 ### Operon type: 400

	 A0A011TZG0	[844, 644, 0, 0, 0, 0, 0, 376, 0]

 ### Operon type: 401

	 A0A011UGY3	[503, 502, 501, 27, 0, 0, 0, 27, 0]

 ### Operon type: 402

	 A0A011UII7	[0, 0, 0, 0, 0, 632, 559, 0, 0]

 ### Operon type: 403

	 A0A011UNT9	[369, 368, 0, 0, 0, 0, 0, 0, 0]

 ### Operon type: 404

	 A0A011SIS0	[0, 669, 356, 356, 0, 0, 0, 368, 0]

 ### Operon type: 405

	 A0A011UT49	[0, 575, 0, 0, 0, 0, 306, 33, 0]

 ### Operon type: 406

	 A0A011VU65	[627, 0, 0, 0, 0, 626, 0, 724, 625]

 ### Operon type: 407

	 A0A011VV03	[0, 322, 0, 0, 321, 570, 0, 0, 0]

 ### Operon type: 408

	 A0A011VVZ9	[0, 0, -1, 0, 0, 451, 320, 320, 355]

 ### Operon type: 409

	 A0A011VWX7	[802, 518, 0, 0, 0, 0, 0, 517, 0]

 ### Operon type: 410

	 A0A011VXK7	[510, 510, 0, 603, 0, 0, 0, 698, 0]

 ### Operon type: 411

	 A0A011W0I6	[565, 0, 0, 0, 0, 856, 0, 567, 0]

 ### Operon type: 412

	 A0A010YEF6	[0, 565, 0, 0, 0, 0, 0, 0, 564]

 ### Operon type: 413

	 A0A013SQH1	[0, 0, 0, 0, 553, 817, 0, 434, 586]

 ### Operon type: 414

	 A0A009QJA8	[236, 235, 0, 0, 0, 0, 0, 0, 385]

 ### Operon type: 415

	 A0A009YL68	[0, 0, 751, 543, 540, 0, 0, 83, 0]

 ### Operon type: 416

	 A0A010JNG7	[434, 0, 0, 433, 0, 0, 0, 0, 0]

 ### Operon type: 417

	 A0A010RM40	[482, 711, 701, 0, 0, 0, 0, -1, 763]

 ### Operon type: 418

	 A0A010RRQ6	[0, 569, 0, 0, 0, 444, 256, 336, 0]

 ### Operon type: 419

	 A0A010S423	[282, 0, 0, 0, 0, 0, 0, 363, 286]

 ### Operon type: 420

	 A0A010T0I7	[0, 0, 564, 0, 0, 787, 677, 711, 0]

 ### Operon type: 421

	 A0A010ZUR7	[322, 24, 0, 24, 0, 23, 389, 0, 0]

 ### Operon type: 422

	 A0A011NA78	[0, 588, 0, 0, 0, 690, 0, 0, 763]

 ### Operon type: 423

	 A0A011P8W7	[847, 784, 802, 0, 783, 0, 0, 0, 0]

 ### Operon type: 424

	 A0A011PG97	[830, 0, 0, 829, 0, 0, 0, 0, 0]

 ### Operon type: 425

	 A0A011PKT4	[0, 817, 0, 0, 0, 0, 816, 0, 0]

 ### Operon type: 426

	 A0A011PLB2	[0, 847, 0, 846, 0, 0, 0, 0, 0]

 ### Operon type: 427

	 A0A011R339	[0, 0, 0, 0, 0, 0, 213, 212, 0]

 ### Operon type: 428

	 A0A011SFE5	[0, 0, 0, 510, 0, 0, 500, 752, 410]

 ### Operon type: 429

	 A0A011SJT5	[0, 0, 0, 355, 354, 354, 354, 354, 354]

 ### Operon type: 430

	 A0A011TDQ5	[0, 0, 0, 0, 330, 858, 0, 0, 0]

 ### Operon type: 431

	 A0A011VT01	[0, 0, 614, 0, 0, 614, 0, 0, 613]

 ### Operon type: 432

	 A0A009Z3V9	[711, 0, 0, 0, 0, 169, 842, 168, 167]

 ### Operon type: 433

	 A0A010SRB2	[225, 224, 0, 0, 0, 224, 447, 0, 0]

 ### Operon type: 434

	 A0A010KA25	[362, 0, 409, 361, 360, 0, 0, 362, 359]

 ### Operon type: 435

	 A0A011TZN1	[438, 437, 436, 0, 72, 0, 0, 0, 0]

 ### Operon type: 436

	 A0A011VJ76	[34, 34, 33, 499, 0, 711, 844, 0, 784]

 ### Operon type: 437

	 A0A011UG17	[98, 0, 578, 0, 508, 627, 0, 0, 0]

 ### Operon type: 438

	 A0A011WUA8	[666, 0, 0, 490, 0, 0, 0, 489, 489]

 ### Operon type: 439

	 A0A010S4X6	[0, 630, 701, 755, 533, 0, 593, 855, 631]

 ### Operon type: 440

	 A0A010YY02	[0, 56, 0, 0, 56, 703, 135, 0, 55]
