
 ### Operon type: 1

	 A0A009QBR9	[356, 355, 354, 497, 353, 610, 352, 398, 351]
	 A0A010ILU3	[356, 355, 354, 497, 353, 610, 222, 352, 398]
	 A0A009MW50	[356, 355, 354, 497, 353, 610, 222, 352, 398]
	 A0A009QS71	[356, 355, 354, 497, 353, 610, 222, 352, 398]
	 A0A009I8S2	[356, 355, 354, 497, 353, 610, 352, 398, 351]
	 A0A009H3B0	[356, 355, 354, 497, 353, 610, 222, 352, 398]
	 A0A009TM70	[356, 355, 354, 497, 353, 610, 352, 398, 351]

 ### Operon type: 2

	 A0A013TH43	[214, 213, 307, 470, 212, 211, 210, 209, 208]
	 A0A009RAF0	[214, 213, 307, 470, 212, 211, 210, 209, 208]

 ### Operon type: 3

	 A0A011PVT3	[721, 709, 708, 707, 706, 705, 704, 703, 702]
	 A0A011MET3	[721, 709, 708, 707, 706, 705, 704, 703, 702]
	 A0A011R7V7	[721, 709, 708, 707, 706, 705, 704, 703, 702]

 ### Operon type: 4

	 A0A009SIZ4	[471, 399, 398, 397, 396, 395, 532, 394, 393]
	 A0A010J9U3	[471, 399, 398, 397, 396, 395, 532, 394, 393]
	 A0A013SNJ8	[471, 399, 398, 397, 396, 395, 532, 394, 393]
	 A0A013RZW2	[471, 399, 398, 397, 396, 395, 532, 394, 393]
	 A0A009PH20	[471, 399, 398, 397, 396, 395, 532, 394, 393]
	 A0A009RD69	[471, 399, 398, 397, 396, 395, 532, 394, 393]
	 A0A009MMM3	[471, 399, 398, 397, 396, 395, 532, 394, 393]
	 A0A009HBT3	[471, 399, 398, 397, 396, 395, 532, 394, 393]
	 A0A009IV03	[471, 399, 398, 397, 396, 395, 532, 394, 393]
	 A0A009YIZ0	[471, 399, 398, 397, 396, 395, 532, 394, 393]

 ### Operon type: 5

	 A0A009PH57	[27, 26, -1, 25, 24, 675, 328, 23, 22]
	 A0A009TG92	[27, 26, -1, 25, 24, 675, 328, 23, 22]

 ### Operon type: 6

	 A0A010J3I1	[468, 315, 314, 313, 395, 312, 311, 310, 309]
	 A0A009SFX8	[468, 315, 314, 313, 198, 395, 312, 311, 310]
	 A0A013S288	[468, 315, 314, 313, 395, 312, 311, 310, 309]
	 A0A009N031	[468, 315, 314, 313, 395, 312, 311, 310, 309]
	 A0A013SXT2	[468, 315, 314, 313, 395, 312, 311, 310, 309]
	 A0A009PWG1	[468, 315, 314, 313, 395, 312, 311, 310, 309]
	 A0A009I0I9	[468, 315, 314, 313, 395, 312, 311, 310, 309]
	 A0A009R2X0	[468, 315, 314, 313, 395, 312, 311, 310, 309]
	 A0A009TBM2	[315, 314, 313, 198, 395, 312, 311, 310, 309]

 ### Operon type: 7

	 A0A009ZM43	[-1, 756, 559, 558, 557, 556, 555, 554, 553]
	 A0A009SWU0	[271, 756, 559, 558, 557, 556, 555, 554, 553]
	 A0A009N123	[271, 756, 559, 558, 557, 556, 555, 554, 553]
	 A0A010IMP8	[271, 756, 559, 558, 557, 556, 555, 554, 553]
	 A0A013T8M5	[271, 756, 559, 558, 557, 556, 555, 554, 553]
	 A0A013SZ54	[271, 756, 559, 558, 557, 556, 555, 554, 553]
	 A0A009RBQ2	[271, 756, 559, 558, 557, 556, 555, 554, 553]
	 A0A009Q3K7	[271, 756, 559, 558, 557, 556, 555, 554, 553]
	 A0A009H7U0	[271, 756, 559, 558, 557, 556, 555, 554, 553]
	 A0A009IRJ6	[271, 756, 559, 558, 557, 556, 555, 554, 553]

 ### Operon type: 8

	 A0A010JDA6	[-1, 283, 282, 281, 280, 279, 278, 584, 277]
	 A0A009N9Z1	[-1, 283, 282, 281, 280, 279, 278, 584, 277]
	 A0A013RMD0	[-1, 283, 282, 281, 280, 279, 278, 584, 277]
	 A0A009QDV7	[-1, 283, 282, 281, 280, 279, 278, 584, 277]
	 A0A009RG92	[-1, 283, 282, 281, 280, 279, 278, 584, 277]
	 A0A009IHQ3	[-1, 283, 282, 281, 280, 279, 278, 584, 277]
	 A0A009ZIC0	[144, 283, 282, 281, 280, 279, 278, 584, 277]
	 A0A009S854	[-1, 283, 282, 281, 280, 279, 278, 584, 277]
	 A0A009H6M2	[-1, 283, 282, 281, 280, 279, 278, 584, 277]

 ### Operon type: 9

	 A0A011UIA1	[236, 235, 234, 233, 232, 231, 230, 229, 0]
	 A0A011V5V3	[0, 236, 235, 234, 233, 232, 231, 230, 229]

 ### Operon type: 10

	 A0A011PTE7	[848, 847, 846, 845, 844, 0, 843, 842, 841]
	 A0A011NE72	[848, 847, 846, 845, 844, 843, 842, 841, 0]

 ### Operon type: 11

	 A0A010JWJ1	[416, 415, 701, 414, 413, 412, 411, 410, 409]
	 A0A009I4A1	[416, 415, 701, 414, 413, 412, 411, 410, 409]

 ### Operon type: 12

	 A0A009QF22	[155, 154, 416, 0, 413, 412, 411, 410, 409]
	 A0A009TBY8	[155, 154, 416, 414, 413, 412, 411, 410, 409]

 ### Operon type: 13

	 A0A011NEY3	[228, 840, 839, 838, 838, 837, 836, 835, 0]

 ### Operon type: 14

	 A0A011PAN4	[840, 839, 0, 838, 838, 837, 836, 835, 834]

 ### Operon type: 15

	 A0A011RCD5	[228, 840, 839, 838, 838, 837, 836, 835, 834]

 ### Operon type: 16

	 A0A011P4U7	[0, 779, 778, 777, 776, 775, 774, 773, 772]
	 A0A011NAY5	[779, 778, 777, 776, 775, 774, 773, 772, 0]

 ### Operon type: 17

	 A0A011PF67	[857, 856, 855, 854, 853, 0, 0, 0, 0]
	 A0A011NW66	[857, 856, 855, 854, 853, 693, 0, 0, 0]
	 A0A011NBX7	[857, 856, 855, 854, 853, 693, 0, 0, 0]

 ### Operon type: 18

	 A0A011NS68	[857, 856, 855, 854, 853, 249, 248, 476, 785]
	 A0A011RHX4	[857, 856, 855, 854, 853, 249, 248, 476, 0]

 ### Operon type: 19

	 A0A010YT39	[0, 475, 641, 640, 639, 638, 637, 636, 635]

 ### Operon type: 20

	 A0A010Z7T4	[641, 640, 639, 638, 637, 636, 635, 634, 862]

 ### Operon type: 21

	 A0A010K6G6	[510, 509, 532, 508, 507, 506, 505, 0, 504]
	 A0A009RUN3	[510, 509, 532, 508, 507, 506, 505, 197, 504]
	 A0A013SP43	[510, 509, 532, 508, 507, 506, 505, 197, 504]

 ### Operon type: 22

	 A0A011VWR4	[0, 0, 0, 0, 452, 451, 450, 449, 448]

 ### Operon type: 23

	 A0A011VYP6	[452, 451, 450, 449, 448, 0, 126, 707, 0]

 ### Operon type: 24

	 A0A011QAS2	[0, 621, 620, 619, 618, 617, 616, 615, 614]
	 A0A011NEQ1	[0, 621, 620, 619, 618, 617, 616, 615, 614]

 ### Operon type: 25

	 A0A009RGL2	[425, 424, 423, 422, 421, 420, 419, 418, 417]
	 A0A010JSI3	[425, 424, 423, 422, 421, 420, 419, 418, 0]
	 A0A013T0M4	[425, 424, 423, 422, 421, 420, 419, 418, 0]
	 A0A009HDS5	[425, 424, 423, 422, 421, 420, 419, 418, 417]

 ### Operon type: 26

	 A0A009SNL0	[384, 383, 382, 381, 380, 379, 378, 377, 376]

 ### Operon type: 27

	 A0A009T1I8	[382, 381, 380, 379, 378, 377, 376, 0, 0]

 ### Operon type: 28

	 A0A011VUV0	[133, 132, 131, 130, 129, 128, 426, 335, 0]
	 A0A011VW71	[0, 133, 132, 131, 130, 129, 128, 426, 335]

 ### Operon type: 29

	 A0A011UG71	[74, 73, 72, 71, 70, 69, 68, 61, 60]

 ### Operon type: 30

	 A0A011V8Z7	[0, 0, 74, 73, 72, 71, 70, 69, 68]

 ### Operon type: 31

	 A0A011V8Y9	[71, 70, 69, 68, 61, 60, 0, 0, 0]

 ### Operon type: 32

	 A0A011U8C0	[0, 69, 73, 0, 40, 61, 0, 0, 0]

 ### Operon type: 33

	 A0A011QBB5	[824, 823, 822, 821, 820, 819, 818, 743, 742]
	 A0A011Q0X6	[824, 823, 822, 821, 820, 819, 818, 743, 742]
	 A0A011Q1X8	[823, 0, 822, 821, 820, 819, 818, 743, 742]
	 A0A011QSF0	[0, 823, 822, 821, 820, 819, 818, 743, 0]

 ### Operon type: 34

	 A0A011PG87	[824, 823, 822, 821, 820, 819, 818, 0, 0]

 ### Operon type: 35

	 A0A011PCT1	[833, 832, 831, 0, 0, 0, 0, 830, 0]

 ### Operon type: 36

	 A0A011QU35	[0, 0, 0, 0, 767, 0, 833, 832, 831]

 ### Operon type: 37

	 A0A011Q2B1	[769, 768, 767, 766, 831, 692, 691, 690, 830]

 ### Operon type: 38

	 A0A011RLN8	[715, 714, 767, 766, 831, 692, 691, 690, 830]

 ### Operon type: 39

	 A0A011P700	[0, 0, 771, 770, 769, 768, 767, 766, 831]

 ### Operon type: 40

	 A0A011QSI4	[0, 0, 771, 770, 769, 0, 715, 714, 767]

 ### Operon type: 41

	 A0A013T337	[587, 518, 517, 186, 185, 760, 515, 828, 514]
	 A0A013TH30	[587, 518, 517, 186, 185, 760, 515, 828, 514]
	 A0A013S981	[519, 587, 518, 517, 186, 185, 760, 515, 828]

 ### Operon type: 42

	 A0A010JY00	[519, 587, 518, 517, 516, 760, 515, 828, 514]

 ### Operon type: 43

	 A0A010IZE4	[531, 530, 529, 528, 527, 526, 574, 701, 525]
	 A0A009QQ47	[531, 530, 529, 528, 527, 526, 574, 701, 525]
	 A0A009HR98	[531, 530, 529, 528, 527, 526, 574, 701, 525]
	 A0A009HL81	[531, 530, 529, 528, 527, 526, 574, 701, 525]
	 A0A009SZB5	[531, 530, 529, 528, 527, 526, 574, 701, 525]
	 A0A013TPV4	[531, 530, 529, 528, 527, 526, 574, 701, 525]
	 A0A009MGJ1	[531, 530, 529, 528, 527, 526, 574, 701, 525]

 ### Operon type: 44

	 A0A009Z8F7	[530, 529, 526, 0, 527, 118, 118, 0, 206]

 ### Operon type: 45

	 A0A009HFU9	[147, 146, 145, 303, 144, 552, 143, 142, 0]
	 A0A009R016	[147, 146, 145, 303, 144, -1, 552, 143, 142]

 ### Operon type: 46

	 A0A011UJN3	[0, 182, 0, 0, 91, 90, 469, 89, 88]

 ### Operon type: 47

	 A0A011W213	[91, 90, 469, 89, 88, 577, 0, 0, 0]

 ### Operon type: 48

	 A0A011QIT1	[739, 738, 737, 787, 736, 735, 734, 733, 732]
	 A0A011QUG8	[739, 738, 737, 787, 736, 735, 0, 734, 733]

 ### Operon type: 49

	 A0A011PP01	[871, 870, 869, 868, 867, 866, 865, 864, 863]
	 A0A011NVE7	[871, 870, 869, 868, 867, 866, 865, 864, 863]

 ### Operon type: 50

	 A0A011P2I4	[802, 682, 825, 863, 864, 865, 866, 867, 868]
	 A0A011N9N8	[802, 682, 825, 863, 864, 865, 866, 867, 868]

 ### Operon type: 51

	 A0A011PIY7	[826, 0, 825, 863, 864, 865, 866, 0, 868]

 ### Operon type: 52

	 A0A011Q3J4	[0, 826, 825, 863, 864, 865, 866, 867, 0]

 ### Operon type: 53

	 A0A011MH88	[565, 826, 825, 863, 864, 865, 866, 867, 868]

 ### Operon type: 54

	 A0A010IX62	[438, 437, 436, 435, 434, 433, 432, 431, 430]
	 A0A013SPM5	[438, 437, 436, 435, 434, 433, 432, 431, 430]
	 A0A009QFZ7	[438, 437, 436, 435, 434, 433, 432, 431, 430]
	 A0A009MH71	[438, 437, 436, 435, 434, 433, 432, 431, 430]
	 A0A009HSL1	[438, 437, 436, 435, 434, 433, 432, 431, 430]
	 A0A009I6Z0	[438, 437, 436, 435, 434, 433, 432, 431, 430]
	 A0A009TK03	[438, 437, 436, 435, 434, 433, 432, 431, 430]

 ### Operon type: 55

	 A0A009ZIX8	[0, 110, 436, 435, 434, 568, 0, 430, 0]

 ### Operon type: 56

	 A0A010JJN4	[550, 549, 548, 547, 713, 546, 545, 762, 585]
	 A0A009SEP4	[550, 549, 548, 547, 713, 0, 546, 545, 0]
	 A0A009RMI1	[550, 549, 548, 547, 713, 546, 545, 762, 0]
	 A0A009HJJ5	[550, 549, 548, 547, 713, 546, 545, 762, 300]
	 A0A009NI48	[550, 549, 548, 547, 713, 546, 545, 762, -1]
	 A0A013TPR7	[550, 549, 548, 547, 713, 546, 545, 762, 585]
	 A0A009I8I7	[550, 549, 548, 547, 713, 546, 545, 762, 300]
	 A0A009PMT3	[550, 549, 548, 547, 713, 546, 545, 762, 585]
	 A0A009YG45	[0, 550, 549, 548, 713, 0, 546, 545, 762]

 ### Operon type: 57

	 A0A010IZH1	[-1, 524, 523, 522, 521, 701, 748, 520, 586]
	 A0A009HJM0	[299, 524, 523, 522, 521, 701, 748, 520, 586]
	 A0A009SZ84	[299, 524, 523, 522, 521, 701, 748, 520, 586]
	 A0A013S8F0	[299, 524, 523, 522, 521, 701, 748, 520, 586]
	 A0A013TPQ9	[299, 524, 523, 522, 521, 701, 748, 520, 586]
	 A0A009PMU2	[299, 524, 523, -1, 521, 701, 748, 520, 586]

 ### Operon type: 58

	 A0A009HUS9	[524, 523, 0, 522, 521, 99, -1, 98, 97]

 ### Operon type: 59

	 A0A009ISE1	[546, 545, 762, 97, 98, -1, 99, 521, 522]

 ### Operon type: 60

	 A0A009NPS1	[299, 524, 523, 522, 521, -1, 762, 545, 546]

 ### Operon type: 61

	 A0A013SB36	[443, 442, 441, 440, 439, 487, 486, 49, 48]
	 A0A009QSI3	[443, 442, 441, 440, 439, 487, 486, 49, -1]

 ### Operon type: 62

	 A0A010ITP2	[443, 442, 441, 440, 439, 487, 486, 0, 0]

 ### Operon type: 63

	 A0A009SII9	[-1, 442, 441, 440, 439, 487, 486, 343, 342]

 ### Operon type: 64

	 A0A009T0Q9	[439, 487, 486, 343, 342, 48, 565, 701, 38]

 ### Operon type: 65

	 A0A009YJF4	[0, 487, 486, 458, 457, 565, 701, 0, 38]

 ### Operon type: 66

	 A0A009GP96	[0, 141, 701, 634, 323, 140, 552, 139, 138]

 ### Operon type: 67

	 A0A009GSR4	[634, 323, 140, 552, 139, 138, 138, 127, 0]

 ### Operon type: 68

	 A0A009IIT6	[141, 701, 634, 323, 139, 138, 138, 127, 0]

 ### Operon type: 69

	 A0A011SQL0	[784, 14, -1, 13, 40, 12, 513, 11, 10]
	 A0A011UZ49	[14, -1, 13, 40, 12, 513, 11, 10, 0]

 ### Operon type: 70

	 A0A009SIF9	[682, 745, 350, 349, 348, 347, 346, 345, 344]
	 A0A009PT82	[682, 745, 350, 349, 348, 347, 346, 345, 344]

 ### Operon type: 71

	 A0A009IS10	[336, 0, 0, 0, 348, 347, 346, 0, 0]

 ### Operon type: 72

	 A0A009QHW5	[0, 0, 0, 356, 348, 347, 346, 0, 117]

 ### Operon type: 73

	 A0A011UVB4	[0, 0, 0, 392, 0, 0, 336, 0, 335]

 ### Operon type: 74

	 A0A011U7M7	[0, 47, -1, 46, 45, 44, 43, 42, 41]
	 A0A011V107	[47, -1, 46, 45, 44, 43, 42, 41, 0]

 ### Operon type: 75

	 A0A011TLH0	[29, 44, 46, 28, 45, 43, 0, 0, 0]

 ### Operon type: 76

	 A0A011UG87	[64, 65, 66, 29, 44, 46, 28, 45, 43]

 ### Operon type: 77

	 A0A011TLH7	[66, 65, 64, 0, 0, 0, 0, 0, 0]

 ### Operon type: 78

	 A0A011TAF9	[0, 0, 108, 107, 106, 105, 104, 103, 102]
	 A0A011TWN2	[108, 107, 106, 105, 104, 103, 102, 0, 0]

 ### Operon type: 79

	 A0A011Q5V7	[666, 0, 0, 0, 665, 664, 663, 662, 661]

 ### Operon type: 80

	 A0A011RM25	[665, 664, 663, 662, 661, 654, 0, 307, 0]

 ### Operon type: 81

	 A0A011QDV3	[751, 750, 749, 748, 747, 746, 745, 0, 744]
	 A0A011QIE8	[751, 750, 749, 748, 747, 746, 744, 0, 0]

 ### Operon type: 82

	 A0A011PL71	[807, 806, 805, 804, 803, 802, 801, 800, 0]
	 A0A011QAB0	[806, 805, 804, 0, 803, 802, 801, 800, 0]

 ### Operon type: 83

	 A0A011Q6N5	[660, 659, 658, 0, 0, 0, 657, 656, 657]

 ### Operon type: 84

	 A0A011SGD5	[0, 0, 0, 0, 0, 0, 660, 659, 658]

 ### Operon type: 85

	 A0A011NYU6	[677, 676, 0, 675, 861, 681, 680, 0, 679]

 ### Operon type: 86

	 A0A011PYI6	[677, 676, 0, 675, 861, 679, 609, 782, 0]

 ### Operon type: 87

	 A0A011P1C0	[0, 0, 681, 680, 679, 0, 0, 0, 0]

 ### Operon type: 88

	 A0A011PKU5	[813, 812, 811, 810, 811, 809, 808, 0, 0]
	 A0A011N4G4	[0, 0, 813, 812, 811, 810, 811, 809, 808]

 ### Operon type: 89

	 A0A010ZWJ8	[604, 603, 602, 862, 601, 755, 600, 755, 599]

 ### Operon type: 90

	 A0A011AHW1	[601, 862, 602, 603, 604, 0, 0, 606, 0]

 ### Operon type: 91

	 A0A011AHU9	[600, 755, 599, 0, 0, 0, 0, 109, 565]

 ### Operon type: 92

	 A0A010ZX98	[598, 597, 596, 595, 594, 593, 748, 748, 0]

 ### Operon type: 93

	 A0A011AIL7	[594, 595, 596, 597, 598, 0, 0, 0, 0]

 ### Operon type: 94

	 A0A010YF95	[667, 651, 734, 650, 649, 649, 648, 647, 646]

 ### Operon type: 95

	 A0A010ZJQ6	[651, 734, 650, 649, 649, 648, 647, 646, 0]

 ### Operon type: 96

	 A0A009GXL8	[461, 460, 459, 458, 457, 414, 456, 455, 51]

 ### Operon type: 97

	 A0A010JIW7	[461, 460, 459, 458, 457, 0, 0, 456, 455]

 ### Operon type: 98

	 A0A011QNA5	[0, 731, 730, 729, 0, 728, 727, 726, 725]
	 A0A009ZLJ7	[725, 726, 727, 728, 0, 0, 731, 730, 729]

 ### Operon type: 99

	 A0A009RMD0	[728, 727, 726, 725, 372, 371, 370, 369, 368]
	 A0A013T0T6	[728, 727, 726, 725, 372, 221, 370, 369, 368]
	 A0A009PE10	[728, 727, 726, 725, 372, 371, 370, 369, -1]
	 A0A009QMH5	[728, 727, 726, 725, 372, 221, 370, 369, 368]
	 A0A009HAX1	[728, 727, 726, 725, 372, 221, 370, 369, 368]
	 A0A009ISY0	[728, 727, 726, 725, 372, 371, 370, 369, 368]

 ### Operon type: 100

	 A0A010ILW6	[728, 727, 726, 725, 372, 221, 0, 0, 369]

 ### Operon type: 101

	 A0A009Z9X7	[727, 726, 725, 0, 372, 0, 719, 0, 369]

 ### Operon type: 102

	 A0A013S8V2	[96, 95, 0, 0, 0, 94, 0, 0, 0]
	 A0A009R8E1	[0, 678, 0, 96, 95, 0, 0, 94, 0]

 ### Operon type: 103

	 A0A009ZFR5	[471, 264, 263, 262, 516, 193, 192, 191, 828]
	 A0A009ICH6	[471, 264, 263, 262, 516, 193, 192, 191, 828]

 ### Operon type: 104

	 A0A009NQA1	[471, 264, 263, 262, 261, 260, 517, 828, 760]
	 A0A009RR21	[471, 264, 263, 262, 261, 260, 517, 828, 760]

 ### Operon type: 105

	 A0A009HTN9	[471, 264, 263, 262, 261, 260, 101, 695, 100]
	 A0A009T3J5	[471, 264, 263, 262, 261, 260, 101, 695, 100]

 ### Operon type: 106

	 A0A009Q0U9	[471, 264, 263, 262, 261, 260, -1, -1, 0]

 ### Operon type: 107

	 A0A009QEG7	[244, 245, 166, 165, 164, 163, 162, 246, 276]
	 A0A009IPC3	[244, 245, 166, 165, 164, 163, 162, 246, 276]

 ### Operon type: 108

	 A0A009I573	[429, 0, 7, 247, 0, 20, 164, 165, 166]

 ### Operon type: 109

	 A0A009ILP9	[246, 0, 166, 165, 164, 20, 276, 247, 7]

 ### Operon type: 110

	 A0A009I953	[246, 0, 166, 165, 164, 20, 276, 0, -1]

 ### Operon type: 111

	 A0A009SX74	[816, 785, 0, 247, 276, 246, 245, 244, 243]

 ### Operon type: 112

	 A0A010IPH1	[181, 362, 331, 605, 404, 403, 402, 401, 400]
	 A0A009QVK8	[181, 362, 331, 605, 404, 403, 402, 401, 400]
	 A0A009ICP5	[181, 362, 331, 605, 404, 403, 402, 401, 400]
	 A0A009MMG9	[181, 362, 331, 605, 404, 403, 402, 401, 400]

 ### Operon type: 113

	 A0A009SIV4	[408, 407, 406, 405, 404, 403, 402, 401, 400]
	 A0A009HTW0	[408, 407, 406, 405, 404, 403, 402, 401, 400]
	 A0A009QLL2	[408, 407, 406, 405, 404, 403, 402, 401, 400]
	 A0A013TSJ4	[407, 406, 0, 405, 404, 403, 402, 401, 400]

 ### Operon type: 114

	 A0A013TRC1	[497, 496, 495, 494, 493, 492, 491, 701, 748]
	 A0A010ITG1	[497, 496, 495, 494, 493, 492, 491, 701, 748]
	 A0A013TCN9	[497, 496, 495, 494, 493, 492, 491, 701, 748]
	 A0A009QNC9	[497, 496, 495, 494, 493, 492, 491, 701, 748]
	 A0A009NIJ3	[497, 496, 495, 494, 493, 492, 491, 701, 748]

 ### Operon type: 115

	 A0A009H935	[0, 0, 495, 494, 493, 492, 491, 701, 748]

 ### Operon type: 116

	 A0A009SF48	[205, 204, 203, 202, 201, -1, 200, 782, 199]
	 A0A009QEX0	[205, 204, 203, 202, 201, 200, 200, 782, 199]
	 A0A009IMX3	[205, 204, 203, 202, 201, 200, 200, 782, 199]

 ### Operon type: 117

	 A0A009RES7	[205, 204, 203, 202, 201, 158, 471, 157, 156]
	 A0A010ISX2	[205, 204, 203, 202, 201, 158, 471, 157, 156]
	 A0A013S7V1	[205, 204, 203, 202, 201, 158, 471, 157, 156]
	 A0A009MR00	[205, 204, 203, 202, 201, 158, 471, 157, 156]

 ### Operon type: 118

	 A0A009YTT3	[3, 144, 203, 202, 201, 158, 471, 157, 156]

 ### Operon type: 119

	 A0A009GYP9	[0, 0, 0, 202, 201, 158, 471, 157, 156]

 ### Operon type: 120

	 A0A009ZZC8	[-1, 383, 384, 3, 144, 203, 202, 201, 158]

 ### Operon type: 121

	 A0A011WSE5	[178, 177, 176, 175, 174, 173, 63, 62, 114]
	 A0A011UGX8	[179, 178, 177, 176, 175, 174, 173, 63, 62]

 ### Operon type: 122

	 A0A011VZG0	[180, 0, 179, 178, 177, 176, 175, 174, 173]

 ### Operon type: 123

	 A0A009SJZ7	[392, 391, 390, 389, 388, 560, 387, 386, 385]
	 A0A009PJF7	[391, 390, 390, 389, 388, 560, 387, 386, 385]

 ### Operon type: 124

	 A0A009Z5G0	[560, 389, 390, 0, 542, 391, 392, 121]

 ### Operon type: 125

	 A0A010IZ41	[588, 538, 537, 536, 535, 534, 551, 533, 532]
	 A0A010JJC1	[589, 588, 538, 537, 536, 535, 534, 551, 533]

 ### Operon type: 126

	 A0A009QJL6	[589, 588, 538, 537, 0, 533, 532, 58, 0]

 ### Operon type: 127

	 A0A009RQH3	[367, 366, 365, 364, 363, 682, 362, 781, 361]
	 A0A009SHB3	[367, 366, 365, 364, 363, 682, 362, 781, 361]
	 A0A010KAV2	[367, 366, 365, 364, 363, 682, 362, 781, 361]
	 A0A013TB41	[367, -1, 365, 364, 363, 682, 362, 781, 361]
	 A0A009NE81	[367, 366, 365, 364, 363, 682, 362, 781, 361]
	 A0A013SGL3	[367, 366, 365, 364, 363, 682, 362, 781, 361]
	 A0A009PG53	[367, 366, 365, 364, 363, 682, 362, 781, 361]
	 A0A009I5Z6	[367, 366, 365, 364, 363, 682, 362, 781, 361]

 ### Operon type: 128

	 A0A009H3X4	[367, 366, 365, 364, 363, 682, -1, 612, -1]

 ### Operon type: 129

	 A0A009SLR5	[0, 0, 0, 318, 317, 316, 552, 701, 802]
	 A0A009PIB4	[0, 0, 0, 318, 317, 316, 552, 701, 802]

 ### Operon type: 130

	 A0A009HSU4	[0, 0, 796, 701, 0, 682, 781, 802, 552]

 ### Operon type: 131

	 A0A009I463	[575, 6, 5, 395, 395, 635, 116, 115, 259]
	 A0A009PAG1	[575, 6, 5, 395, 395, 635, 116, 115, 259]

 ### Operon type: 132

	 A0A013SKX6	[0, 0, 575, 0, 395, 395, 635, 116, 115]

 ### Operon type: 133

	 A0A011Q5S3	[732, 670, 0, 0, 0, 0, 669, 668, 667]

 ### Operon type: 134

	 A0A011UZZ4	[0, 669, 668, 0, 0, 0, 170, 170, 667]

 ### Operon type: 135

	 A0A011UTJ0	[0, 0, 0, 37, 36, 35, 774, 34, 33]

 ### Operon type: 136

	 A0A011VMV7	[37, 36, 35, 774, 34, 33, 32, 31, 30]

 ### Operon type: 137

	 A0A011NYT4	[765, 764, 763, 762, 0, 488, 488, 487, 486]

 ### Operon type: 138

	 A0A011P8E9	[0, 0, 765, 764, 0, 763, 762, 0, 0]

 ### Operon type: 139

	 A0A010SYH9	[322, 321, 320, 454, 319, 0, 0, 0, 0]
	 A0A010TF34	[0, -1, 0, 0, 322, 321, 320, 454, 319]

 ### Operon type: 140

	 A0A010S7A1	[503, 502, 501, 539, 0, 500, 0, 0, 0]
	 A0A010TFJ4	[0, -1, 0, 503, 502, 501, 539, -1, 500]

 ### Operon type: 141

	 A0A009HJC2	[161, 748, 331, 160, 395, 552, 373, 374, 375]
	 A0A009PAV9	[161, -1, 331, 160, 395, 552, 373, 374, 375]

 ### Operon type: 142

	 A0A009SE02	[0, 375, 0, 0, 0, 374, 373, 552, 395]

 ### Operon type: 143

	 A0A009SYU8	[781, 471, 829, 324, 242, 701, 701, 489, 241]
	 A0A009RSB7	[781, 471, 829, 324, 242, 701, 701, 489, 241]
	 A0A009HS41	[781, 471, 829, 324, 242, 701, 701, 489, 241]

 ### Operon type: 144

	 A0A013SHA9	[781, 471, 829, 324, 78, 701, 701, 489, 241]
	 A0A010IT25	[781, 471, 829, 324, 78, 701, 701, 489, 241]
	 A0A009I466	[781, 471, 829, 324, 78, 701, 701, 489, 241]

 ### Operon type: 145

	 A0A009NMQ9	[781, 471, 829, 324, 78, 0, 701, 701, 489]

 ### Operon type: 146

	 A0A009P8A9	[0, 0, 829, 324, 242, 701, 701, 489, 241]

 ### Operon type: 147

	 A0A009NJ90	[18, 17, 16, 292, 291, 290, 15, 289, 288]
	 A0A009ITT8	[18, 17, 16, 292, 291, 15, 289, 288, 287]

 ### Operon type: 148

	 A0A009NCH6	[123, 289, 288, 287, 226, 225, 224, 223, 122]
	 A0A009IJ01	[289, 288, 287, 159, 226, 225, 224, 223, 122]

 ### Operon type: 149

	 A0A009RQL5	[289, 288, 287, 227, 226, 225, 224, 223, 0]

 ### Operon type: 150

	 A0A009MGQ8	[291, 0, 123, 289, 288, 287, 226, 225, 224]

 ### Operon type: 151

	 A0A009RHH7	[295, 294, 293, 292, 291, 290, 289, 288, 287]
	 A0A009IJ07	[295, 294, 293, 292, 291, 289, 288, 287, 159]
	 A0A009S6G1	[295, 294, 293, 292, 291, 289, 288, 287, 226]

 ### Operon type: 152

	 A0A009HZK2	[293, 292, 291, 289, 288, 287, 159, 226, 225]

 ### Operon type: 153

	 A0A009R4N4	[292, 291, 290, 289, 288, 287, 227, 226, 225]

 ### Operon type: 154

	 A0A009S5A5	[291, 290, 15, 289, 288, 287, 159, 304, 226]

 ### Operon type: 155

	 A0A009RHH9	[0, 0, 0, 0, 286, 295, 294, 293, 292]

 ### Operon type: 156

	 A0A011PGU1	[0, 0, 689, 688, 687, 686, 685, 684, 683]
	 A0A011MDH1	[720, 0, 689, 688, 687, 686, 685, 684, 683]

 ### Operon type: 157

	 A0A011V0P4	[220, 21, 0, 0, 137, 0, 0, 85, 84]

 ### Operon type: 158

	 A0A011WPV7	[85, 84, 0, 0, 0, 0, 0, 0, 0]

 ### Operon type: 159

	 A0A011UDF3	[688, 169, 0, 0, 0, 216, 563, 562, 633]

 ### Operon type: 160

	 A0A011VSC9	[563, 562, 633, 0, 0, 0, 0, 0, 0]

 ### Operon type: 161

	 A0A011SF89	[572, 571, 570, 0, 0, 0, 0, 0, 0]

 ### Operon type: 162

	 A0A011UCX7	[0, 806, 572, 571, 0, 570, 8, 0, 0]

 ### Operon type: 163

	 A0A011RNP9	[0, 0, 0, 0, 0, 426, 801, 0, 0]

 ### Operon type: 164

	 A0A011V0B5	[575, 0, 0, 0, 0, 0, 426, 0, 0]

 ### Operon type: 165

	 A0A011RQC9	[0, 575, 574, 0, 0, 0, 0, 573, 0]

 ### Operon type: 166

	 A0A011QG28	[673, 672, 688, 0, 687, 686, 756, 671, 757]
	 A0A011RIM8	[673, 672, 0, 0, 687, 686, 756, 671, 757]

 ### Operon type: 167

	 A0A011PHI6	[790, 0, 789, 0, 0, 788, 787, 786, 0]

 ### Operon type: 168

	 A0A011QI68	[0, 0, 789, 788, 0, 0, 0, 0, 0]

 ### Operon type: 169

	 A0A011NVJ6	[700, 699, 698, 697, 696, 695, 0, 0, 694]

 ### Operon type: 170

	 A0A011PVP2	[0, 699, 698, 697, 696, 695, 0, 0, 721]

 ### Operon type: 171

	 A0A011NXY7	[0, 0, 698, 0, 696, 0, 0, 0, 0]

 ### Operon type: 172

	 A0A011QR69	[718, 717, 828, 716, 761, 760, 0, 0, 0]
	 A0A011NUB4	[718, 717, 828, 716, 761, 760, 0, 577, 0]

 ### Operon type: 173

	 A0A011NN36	[717, 828, 0, 0, 761, 760, 0, 0, 0]

 ### Operon type: 174

	 A0A011PK69	[828, 798, 0, 0, 761, 760, 0, 0, 0]

 ### Operon type: 175

	 A0A011NYD6	[628, 850, 849, 627, 626, 625, 624, 623, 622]
	 A0A011RMI6	[628, 850, 849, 627, 626, 625, 624, 623, 622]

 ### Operon type: 176

	 A0A011QB28	[613, 628, 850, 0, 0, 625, 624, 623, 622]

 ### Operon type: 177

	 A0A011NF33	[0, 625, 624, 0, 0, 0, 0, 0, 0]

 ### Operon type: 178

	 A0A011NBY4	[334, 0, 0, 333, 0, 0, 332, 0, 0]

 ### Operon type: 179

	 A0A011WRT0	[334, 0, 0, 0, 0, 0, 0, 782, 0]

 ### Operon type: 180

	 A0A011SHV5	[0, 0, 0, 0, 0, 578, 782, 589, 0]

 ### Operon type: 181

	 A0A011NB95	[0, 655, 0, 0, 0, 0, 331, 330, 329]

 ### Operon type: 182

	 A0A011UHT4	[58, 113, 330, 0, 0, 57, 57, 329, 0]

 ### Operon type: 183

	 A0A010Z1W7	[0, 0, 0, 0, 0, 480, 0, 643, 285]

 ### Operon type: 184

	 A0A011VY84	[0, 0, 285, 643, 0, 0, 0, 0, 0]

 ### Operon type: 185

	 A0A010YW85	[0, 0, 0, 0, 0, 112, 0, 643, 285]

 ### Operon type: 186

	 A0A010ZMA0	[643, 642, 0, 0, 0, 0, 0, 0, 0]

 ### Operon type: 187

	 A0A011N5L2	[0, 0, 0, 642, 0, 586, 585, 0, 0]

 ### Operon type: 188

	 A0A009MJ75	[0, 0, 259, 258, 308, 0, 0, 0, 634]

 ### Operon type: 189

	 A0A010IH51	[0, 400, 0, 0, 308, 0, 634, 0, 0]

 ### Operon type: 190

	 A0A011TYT7	[0, 0, 0, 0, 0, 0, 400, 196, 196]

 ### Operon type: 191

	 A0A010RRR9	[0, 0, 0, 0, 706, 0, 0, 540, 634]

 ### Operon type: 192

	 A0A010SIA7	[0, 0, 540, 539, 0, 0, 0, 0, 0]

 ### Operon type: 193

	 A0A010RFQ9	[0, 0, 279, 0, 340, 0, 0, 0, 0]

 ### Operon type: 194

	 A0A010SPR9	[341, 341, 0, 0, 0, 340, 0, 0, 0]

 ### Operon type: 195

	 A0A009LNU8	[54, 56, 513, 512, 0, 4, 0, 552, 0]

 ### Operon type: 196

	 A0A013SRG6	[511, 512, 513, 56, 0, 55, 0, 54, 250]

 ### Operon type: 197

	 A0A009IQU8	[0, 56, 0, 0, 0, 55, 250, 0, 0]

 ### Operon type: 198

	 A0A010K2K8	[513, 512, 511, 0, 0, 0, 0, -1, 552]

 ### Operon type: 199

	 A0A011NPR8	[0, 250, 0, 0, 0, 0, 582, 0, 0]

 ### Operon type: 200

	 A0A010SEA2	[670, 582, 592, 0, 0, 0, 0, 0, 0]

 ### Operon type: 201

	 A0A010IGH8	[0, 0, 0, 0, 0, 0, 0, 490, 489]

 ### Operon type: 202

	 A0A010STD3	[0, 0, 0, 484, 483, 482, 0, 489, 490]

 ### Operon type: 203

	 A0A010SQJ5	[339, 605, 0, 484, 483, 482, 0, 0, 0]

 ### Operon type: 204

	 A0A013RVV2	[497, 0, 168, 167, 0, 0, 489, 490, 0]

 ### Operon type: 205

	 A0A011TD67	[216, 0, 0, 484, 483, 482, 215, 0, 600]

 ### Operon type: 206

	 A0A009ZC12	[0, 0, 0, 484, 0, 482, 215, 92, 631]

 ### Operon type: 207

	 A0A009YSC7	[0, 0, 332, 1, 0, 1, 168, 167, 0]

 ### Operon type: 208

	 A0A009ZJK4	[0, 0, 0, 0, 0, 0, 471, 473, 0]

 ### Operon type: 209

	 A0A010SVN1	[-1, 473, 701, 611, 472, 0, 0, 471, 0]

 ### Operon type: 210

	 A0A009QGN4	[153, 152, 151, 150, 149, 148, 0, 0, 0]
	 A0A009PFK7	[153, 152, 151, 150, 149, 0, 0, 148, 0]

 ### Operon type: 211

	 A0A009YR20	[0, 148, 0, 0, 0, 0, 152, 0, 0]

 ### Operon type: 212

	 A0A009SCM5	[298, 297, 296, 0, 0, 0, 0, 0, 0]

 ### Operon type: 213

	 A0A009TJ77	[243, 453, 0, 0, 0, 0, 298, 297, 296]

 ### Operon type: 214

	 A0A009HZV2	[0, 0, 0, 0, 76, 75, 290, 0, 0]

 ### Operon type: 215

	 A0A009QPE7	[0, 0, 0, 0, 76, 75, 0, 0, 0]

 ### Operon type: 216

	 A0A009MGR3	[0, 0, 306, 0, 305, 304, 303, 302, 301]

 ### Operon type: 217

	 A0A009Q4G0	[0, 190, 306, 0, 305, 0, 302, 301, 302]

 ### Operon type: 218

	 A0A009PB53	[0, 0, 53, 52, 305, 302, 301, 302, 189]

 ### Operon type: 219

	 A0A009PUJ8	[0, 53, 52, 305, 0, 189, 456, 455, 51]

 ### Operon type: 220

	 A0A009QQC0	[195, 0, 194, 701, 358, 358, 357, 520, 611]
	 A0A009H7I0	[195, 0, 0, 701, 358, 358, 357, 520, 611]

 ### Operon type: 221

	 A0A009MVG4	[194, 0, 77, 701, 358, 358, 357, 520, 611]

 ### Operon type: 222

	 A0A009QA91	[360, 359, 781, 701, 358, 358, 357, 520, 611]
	 A0A010J377	[360, 359, 781, 701, 358, 358, 357, 520, 611]

 ### Operon type: 223

	 A0A009S1X4	[360, 359, 781, 701, 358, 358, 701, 0, 328]

 ### Operon type: 224

	 A0A013SHF4	[0, 0, 77, 701, 358, 358, 0, 382, 0]

 ### Operon type: 225

	 A0A011PJK8	[796, 795, 794, 793, 792, 791, 0, 0, 0]
	 A0A011N3C3	[0, 0, 0, 796, 795, 794, 793, 792, 791]

 ### Operon type: 226

	 A0A011WKI4	[0, 0, 0, 0, 0, 797, 87, 86, 125]
	 A0A011UWH1	[797, 87, 86, 125, 0, 0, 0, 0, 0]

 ### Operon type: 227

	 A0A010YKP2	[0, 0, 0, 0, 0, 0, 694, 50, 0]

 ### Operon type: 228

	 A0A011V1A2	[21, 0, 0, 50, 0, 0, 0, 0, 0]

 ### Operon type: 229

	 A0A011NGS0	[0, 0, 0, 0, 741, 753, 0, 0, 0]

 ### Operon type: 230

	 A0A011PW61	[0, 0, 0, 0, 741, 753, 0, 0, 740]

 ### Operon type: 231

	 A0A011UXI1	[0, 758, 0, 0, 741, 753, 19, 0, 0]

 ### Operon type: 232

	 A0A011SWI9	[-1, -1, 0, 790, 741, 753, 19, -1, -1]

 ### Operon type: 233

	 A0A011P952	[753, 0, 752, 0, 0, 752, 0, 0, 0]

 ### Operon type: 234

	 A0A011Q1B3	[724, 786, 723, 722, 723, 721, 720, 0, 0]
	 A0A011QVV5	[0, 0, 724, 786, 723, 722, 723, 721, 720]

 ### Operon type: 235

	 A0A011NSG8	[0, 0, 0, 786, 723, 722, 0, 723, 0]

 ### Operon type: 236

	 A0A011P0X4	[0, 0, 720, 0, 723, 0, 0, 722, 678]

 ### Operon type: 237

	 A0A010YNY9	[0, 0, 326, 325, 0, 0, 0, 0, 590]

 ### Operon type: 238

	 A0A011AC71	[328, 0, 0, 327, 0, 326, 325, 0, 781]

 ### Operon type: 239

	 A0A011PRW6	[852, 0, 0, 0, 851, 850, 849, 0, 0]
	 A0A011QLX0	[0, 852, 0, 0, 851, 0, 850, 849, 0]

 ### Operon type: 240

	 A0A010SML6	[0, 850, 849, -1, 0, 785, 0, 0, 0]

 ### Operon type: 241

	 A0A010RS09	[0, 0, 0, 0, 454, 0, 612, 612, 0]

 ### Operon type: 242

	 A0A010RTE7	[0, 0, 0, 0, 0, 0, 454, 453, 0]

 ### Operon type: 243

	 A0A009P817	[269, 0, 0, 0, 268, 0, 267, 266, 265]

 ### Operon type: 244

	 A0A009TIY0	[0, 0, 0, 0, 268, 0, 267, 266, 0]

 ### Operon type: 245

	 A0A009QKA3	[267, 266, 0, 265, 0, 0, 0, 0, 153]

 ### Operon type: 246

	 A0A009HSR2	[0, 275, 274, 0, 273, 188, 272, 290, 187]

 ### Operon type: 247

	 A0A009SWM1	[0, 275, 274, 0, 273, 0, 0, 272, 0]

 ### Operon type: 248

	 A0A009MYX0	[80, 187, 0, 796, 0, 0, 272, 188, 79]

 ### Operon type: 249

	 A0A009QK79	[0, 0, 79, 188, 0, 272, 0, 0, 187]

 ### Operon type: 250

	 A0A009GXJ1	[238, 237, 188, 272, 485, 290, 187, 80, 0]

 ### Operon type: 251

	 A0A009PRQ9	[0, 552, 256, 0, 255, 254, 253, 252, 251]
	 A0A013TKW8	[0, 858, 0, 552, 255, 254, 253, 252, 251]
	 A0A009MH36	[0, 0, 0, 552, 255, 254, 253, 252, 251]
	 A0A010IT95	[0, 0, 0, 552, 255, 254, 253, 252, 251]
	 A0A009GWD0	[290, 0, 0, 552, 255, 254, 253, 252, 251]
	 A0A009S0T6	[0, 0, 552, 256, 255, 254, 253, 252, 251]
	 A0A009QT77	[0, 0, -1, 552, 255, 254, 253, 252, 251]
	 A0A009I5G9	[0, 0, 552, 256, 255, 254, 253, 252, 251]

 ### Operon type: 252

	 A0A013TMJ7	[748, -1, 0, 552, 255, 252, 251, 0, 0]

 ### Operon type: 253

	 A0A011VXC2	[-1, 219, 0, 815, 447, 446, 445, 218, 217]
	 A0A011V392	[219, 0, 815, 447, 446, 445, 0, 218, 217]

 ### Operon type: 254

	 A0A011V490	[180, 444, 0, 217, 218, 445, 446, 447, 815]

 ### Operon type: 255

	 A0A011VZF5	[0, 0, 447, 446, 445, 806, 444, 806, 0]

 ### Operon type: 256

	 A0A011VU44	[0, 0, 0, 0, 0, 135, 0, 0, 0]
	 A0A011WLE7	[0, 0, 0, 0, 0, 135, 0, 0, 0]

 ### Operon type: 257

	 A0A011VAP2	[0, 0, 67, 0, 0, 0, 0, 0, 711]

 ### Operon type: 258

	 A0A011VRJ8	[0, 0, 0, 0, 0, 0, 67, 0, 0]

 ### Operon type: 259

	 A0A011RNU1	[0, 0, 0, 0, 0, 0, 172, 172, 171]

 ### Operon type: 260

	 A0A011VKJ9	[0, 0, 0, 0, 0, 0, 171, 172, -1]

 ### Operon type: 261

	 A0A011PQZ7	[0, 0, 0, 862, 861, 0, 860, 0, 0]

 ### Operon type: 262

	 A0A011TUX4	[0, 0, 0, 0, 861, 0, 0, 860, 0]

 ### Operon type: 263

	 A0A011STZ9	[0, 0, 0, 860, 0, 0, 0, 0, 0]

 ### Operon type: 264

	 A0A011PRF5	[814, 0, 0, 0, 0, 0, 0, 0, 0]
	 A0A011PUJ9	[0, 0, 0, 0, 0, 0, 0, 0, 814]

 ### Operon type: 265

	 A0A011PFY8	[0, 0, 0, 0, 0, 0, 0, 0, 873]

 ### Operon type: 266

	 A0A011PNS3	[872, 873, 0, 0, 0, 0, 0, 0, 0]

 ### Operon type: 267

	 A0A011T648	[0, 873, 0, 0, 0, 0, 0, 828, 0]

 ### Operon type: 268

	 A0A010YYJ5	[0, 0, 0, 806, 0, 0, 0, 207, 207]

 ### Operon type: 269

	 A0A011NDM5	[806, 0, 0, 0, 0, 0, 0, 0, 0]

 ### Operon type: 270

	 A0A011MSR2	[0, 0, 0, 477, 0, 0, 0, 806, 806]

 ### Operon type: 271

	 A0A011WSU6	[0, 806, 0, 0, 218, 0, 0, 0, 0]

 ### Operon type: 272

	 A0A011AEN3	[0, 0, 0, 0, 0, 0, 756, 0, 0]
	 A0A011U3C2	[0, 0, 756, 0, 0, 0, 0, 0, 0]

 ### Operon type: 273

	 A0A011AAZ2	[0, 569, 0, 0, 0, 756, 756, 756, 0]

 ### Operon type: 274

	 A0A011T698	[0, 0, 0, 0, 0, 781, 756, 0, 0]

 ### Operon type: 275

	 A0A010YRE8	[0, 0, 0, 0, 0, 0, 0, 593, 0]

 ### Operon type: 276

	 A0A011AF05	[0, 0, 328, 593, 0, 0, 0, 0, 0]

 ### Operon type: 277

	 A0A009ZG48	[0, 0, 0, 858, 0, 0, 0, 0, 0]

 ### Operon type: 278

	 A0A011PEJ8	[0, 0, 859, 858, 0, 0, 0, 0, 0]

 ### Operon type: 279

	 A0A011QNJ7	[674, 0, 0, 858, 0, 0, 0, 674, 0]

 ### Operon type: 280

	 A0A011MMJ4	[0, 0, 0, 0, 0, 0, 0, 674, 0]

 ### Operon type: 281

	 A0A011R8M3	[0, 0, 859, 858, 0, 474, 0, 674, 0]

 ### Operon type: 282

	 A0A009ZC82	[0, 0, 784, 0, 0, 0, 0, 0, 0]

 ### Operon type: 283

	 A0A011P3F6	[785, 0, 0, 784, 0, 0, 0, 0, 0]

 ### Operon type: 284

	 A0A009IG48	[0, 0, 0, 270, 119, 0, 0, 0, 785]

 ### Operon type: 285

	 A0A009IMQ0	[0, 0, 0, 270, 119, 0, 0, 0, 0]

 ### Operon type: 286

	 A0A009SWV1	[0, 0, 0, 0, 0, 0, 0, 270, 0]

 ### Operon type: 287

	 A0A009PMZ9	[257, 0, 0, 0, 0, 0, 0, 0, 0]
	 A0A009Q512	[0, 0, 0, 0, 257, 0, 0, 0, 0]

 ### Operon type: 288

	 A0A009IFL2	[0, 591, 0, 240, -1, 0, 0, 0]

 ### Operon type: 289

	 A0A009ZDS1	[-1, -1, 0, 591, 0, 0, 588, 0, 0]

 ### Operon type: 290

	 A0A010SNM6	[427, 428, -1, 0, 0, 0, 748, 0, 0]

 ### Operon type: 291

	 A0A010T5D8	[428, 427, 0, -1, 0, -1, 532, 0, 0]

 ### Operon type: 292

	 A0A011UFH1	[0, 0, 0, 0, 0, 284, 0, 0, 0]
	 A0A011UB51	[284, 0, 0, 0, 0, 0, 0, 0, 0]

 ### Operon type: 293

	 A0A011VHP2	[0, -1, -1, -1, 83, 0, 0, 0, 0]
	 A0A011V965	[0, -1, -1, 0, 83, 0, -1, -1, 0]

 ### Operon type: 294

	 A0A010RVD0	[-1, 0, 0, -1, 0, 743, 743, 0, 462]

 ### Operon type: 295

	 A0A010T7Q5	[0, 462, 0, 0, 0, 0, -1, 0, 0]

 ### Operon type: 296

	 A0A010SJH7	[0, 0, 748, -1, 0, 0, 357, 0, 0]

 ### Operon type: 297

	 A0A010SRR2	[0, 0, -1, 0, 0, 0, 0, 0, 748]

 ### Operon type: 298

	 A0A010TF14	[-1, 0, 0, 0, 0, 0, 0, 0, 0]
	 A0A010RY47	[-1, 0, -1, 0, 0, 0, 0, 0, 0]
	 A0A009HJU6	[0, 0, 0, 0, 0, 0, 0, 0, -1]
	 A0A010RKP8	[0, 0, 0, 0, 0, 0, -1, 0, 0]
	 A0A011UZ32	[0, 0, 0, 0, 0, -1, 0, 0, 0]

 ### Operon type: 299

	 A0A010SJF9	[0, 0, 0, 0, 0, -1, 0, 583, -1]

 ### Operon type: 300

	 A0A011ML54	[0, 0, 0, 564, 0, 0, 0, 0, -1]

 ### Operon type: 301

	 A0A011NHY1	[0, 0, 0, 0, 0, 748, 0, 0, 0]

 ### Operon type: 302

	 A0A010Z171	[0, 0, 0, 0, 0, 0, 748, 0, 796]

 ### Operon type: 303

	 A0A011T697	[748, 0, 0, 0, 0, 0, 0, 0, 267]

 ### Operon type: 304

	 A0A011TDD1	[0, 467, 748, 0, 0, 0, 0, 0, 0]

 ### Operon type: 305

	 A0A011VW24	[0, 0, 654, 0, 0, 0, 0, 0, -1]

 ### Operon type: 306

	 A0A011T8V3	[0, 0, 654, 0, 0, 0, 0, 0, 0]

 ### Operon type: 307

	 A0A010TH98	[740, 0, 0, 654, 0, 0, 0, 0, 0]

 ### Operon type: 308

	 A0A011QVR3	[0, 0, 0, 0, 0, 0, 0, 655, 654]

 ### Operon type: 309

	 A0A011VYF1	[654, 0, 0, 0, 0, 0, 284, 0, 0]

 ### Operon type: 310

	 A0A010S415	[-1, 654, 0, 611, 0, 0, 0, 0, 610]

 ### Operon type: 311

	 A0A011PBM9	[0, 0, 0, 0, 0, 0, 0, 0, 0]
	 A0A011P9Z5	[0, 0, 0, 0, 0, 0, 0, 0, 0]
	 A0A011PNN2	[0, 0, 0, 0, 0, 0, 0, 0, 0]
	 A0A011QMJ8	[0, 0, 0, 0, 0, 0, 0, 0, 0]
	 A0A011QSN2	[0, 0, 0, 0, 0, 0, 0, 0, 0]
	 A0A011Q056	[0, 0, 0, 0, 0, 0, 0, 0, 0]
	 A0A010SHY1	[0, 0, 0, 0, 0, 0, 0, 0, 0]
	 A0A011NTU3	[0, 0, 0, 0, 0, 0, 0, 0, 0]
	 A0A010ZTI3	[0, 0, 0, 0, 0, 0, 0, 0, 0]
	 A0A011NMI8	[0, 0, 0, 0, 0, 0, 0, 0, 0]
	 A0A010SSQ8	[0, 0, 0, 0, 0, 0, 0, 0, 0]
	 A0A010SPJ7	[0, 0, 0, 0, 0, 0, 0, 0, 0]
	 A0A011N2Z0	[0, 0, 0, 0, 0, 0, 0, 0, 0]
	 A0A011NAJ1	[0, 0, 0, 0, 0, 0, 0, 0, 0]
	 A0A010T025	[0, 0, 0, 0, 0, 0, 0, 0, 0]
	 A0A011VYF6	[0, 0, 0, 0, 0, 0, 0, 0, 0]
	 A0A011A146	[0, 0, 0, 0, 0, 0, 0, 0, 0]
	 A0A010Z120	[0, 0, 0, 0, 0, 0, 0, 0, 0]
	 A0A013TEV4	[0, 0, 0, 0, 0, 0, 0, 0, 0]
	 A0A011WUT3	[0, 0, 0, 0, 0, 0, 0, 0, 0]
	 A0A013SL47	[0, 0, 0, 0, 0, 0, 0, 0, 0]
	 A0A013S2B9	[0, 0, 0, 0, 0, 0, 0, 0, 0]
	 A0A009M4K0	[0, 0, 0, 0, 0, 0, 0, 0, 0]
	 A0A009PDV4	[0, 0, 0, 0, 0, 0, 0, 0, 0]
	 A0A011UFM5	[0, 0, 0, 0, 0, 0, 0, 0, 0]
	 A0A010YJA7	[0, 0, 0, 0, 0, 0, 0, 0, 0]
	 A0A013SBR8	[0, 0, 0, 0, 0, 0, 0, 0, 0]
	 A0A011VNE2	[0, 0, 0, 0, 0, 0, 0, 0, 0]
	 A0A009HIL8	[0, 0, 0, 0, 0, 0, 0, 0, 0]
	 A0A009MH90	[0, 0, 0, 0, 0, 0, 0, 0, 0]
	 A0A011UHL2	[0, 0, 0, 0, 0, 0, 0, 0, 0]
	 A0A011UBN9	[0, 0, 0, 0, 0, 0, 0, 0, 0]
	 A0A010YZS8	[0, 0, 0, 0, 0, 0, 0, 0, 0]

 ### Operon type: 312

	 A0A010TG27	[797, 0, 465, 0, 0, 0, 701, 0, 0]

 ### Operon type: 313

	 A0A011PMK1	[0, 0, 0, 0, 0, 0, 0, 797, 0]

 ### Operon type: 314

	 A0A009HM15	[0, 224, 223, 0, 0, 0, -1, 0, 0]

 ### Operon type: 315

	 A0A009HRU1	[0, 188, 0, 0, 0, 0, 0, 0, 0]

 ### Operon type: 316

	 A0A009HSN8	[0, 190, 0, 0, 0, -1, 0, 189, -1]

 ### Operon type: 317

	 A0A009HV82	[456, 0, 0, 0, 0, 0, 0, 0, 0]

 ### Operon type: 318

	 A0A009IG74	[0, 0, 258, 0, 395, -1, 0, 0, 0]

 ### Operon type: 319

	 A0A009IJ90	[0, 243, 0, 0, 0, 0, 0, 0, 0]

 ### Operon type: 320

	 A0A009NM94	[0, 581, 581, 0, 0, 0, 467, 0, 0]

 ### Operon type: 321

	 A0A009Q4N5	[0, 0, 269, 0, 0, 0, 0, 0, 0]

 ### Operon type: 322

	 A0A009SSZ9	[0, 429, 0, 0, 0, 0, 0, 0, 0]

 ### Operon type: 323

	 A0A009YIH1	[0, 0, 0, 0, 226, 0, -1, -1, 2]

 ### Operon type: 324

	 A0A009YR05	[0, 0, 0, 0, 36, 0, 0, 0, 0]

 ### Operon type: 325

	 A0A009Z004	[39, 0, 39, 0, 0, 796, 0, 0, 0]

 ### Operon type: 326

	 A0A010RUQ5	[0, 0, 0, 0, 0, 0, 0, 0, 463]

 ### Operon type: 327

	 A0A010S195	[784, 0, 480, 481, 0, 0, 0, 0, 0]

 ### Operon type: 328

	 A0A010SCZ2	[0, 0, 0, 0, 0, 0, 0, 499, 0]

 ### Operon type: 329

	 A0A010SN41	[0, 0, 0, 0, 498, 0, 0, 0, 0]

 ### Operon type: 330

	 A0A010SSU2	[0, 0, 0, 0, 485, 0, -1, 754, 0]

 ### Operon type: 331

	 A0A010SUP6	[0, 0, 0, 0, 0, 0, 0, 481, 0]

 ### Operon type: 332

	 A0A010SUY9	[0, 0, 0, 0, 0, 474, 859, 0]

 ### Operon type: 333

	 A0A010THK2	[0, 0, -1, 0, 0, 612, 796, 0, 0]

 ### Operon type: 334

	 A0A010SRL4	[465, 0, 0, -1, 0, 0, 0, 796, 464]

 ### Operon type: 335

	 A0A010YX61	[365, 756, 0, 654, 0, 0, 0, 0, 0]

 ### Operon type: 336

	 A0A010S5W8	[0, 0, 477, 721, 0, 0, 0, 0, 0]

 ### Operon type: 337

	 A0A011NE37	[559, 0, 0, 0, 0, 0, 0, 0, 0]

 ### Operon type: 338

	 A0A011NF78	[0, 0, 630, 0, 0, 0, 0, 0, 0]

 ### Operon type: 339

	 A0A011NVE2	[0, 0, 0, 828, 0, 0, 748, 0, 566]

 ### Operon type: 340

	 A0A011NXJ4	[0, 0, 0, 0, 0, 0, 0, 0, 629]

 ### Operon type: 341

	 A0A011P8I1	[0, 0, 757, 756, 0, 0, 0, 0, 755]

 ### Operon type: 342

	 A0A011P9Q7	[829, 0, 0, 0, 0, 0, 0, 0, 0]

 ### Operon type: 343

	 A0A011PJ75	[0, 828, 827, 828, 0, 0, 0, 0, 0]

 ### Operon type: 344

	 A0A011PRB4	[0, 0, 0, 0, 0, 0, 0, 815, 0]

 ### Operon type: 345

	 A0A011QVT2	[719, 0, 0, 0, 0, 0, 0, 872, 0]

 ### Operon type: 346

	 A0A011RP14	[0, 0, 0, 0, 0, 0, 0, 576, 0]

 ### Operon type: 347

	 A0A011SM49	[748, 0, 576, 0, 0, 0, 23, 0, 0]

 ### Operon type: 348

	 A0A011AM27	[860, 0, 0, 0, 713, 0, 0, 0, 712]

 ### Operon type: 349

	 A0A011T607	[0, 0, 721, 0, 0, 0, 0, 0, 467]

 ### Operon type: 350

	 A0A011TAW2	[0, 0, 0, 0, 0, 0, 468, 0, 0]

 ### Operon type: 351

	 A0A011TED9	[0, 0, 0, 0, 0, 107, 0, 0, 0]

 ### Operon type: 352

	 A0A011TXS5	[0, 9, 0, 0, 0, 0, 0, 0, 0]

 ### Operon type: 353

	 A0A011U144	[0, 463, 0, 0, 0, 0, 629, 434, 0]

 ### Operon type: 354

	 A0A011U1C8	[781, 0, 0, 0, 0, 0, 0, 0, 644]

 ### Operon type: 355

	 A0A011U483	[0, 0, 0, 0, 0, 780, 0, 0, 0]

 ### Operon type: 356

	 A0A011UG86	[0, 786, 0, 0, 0, 583, 0, 0, 0]

 ### Operon type: 357

	 A0A011UQB5	[579, 333, 0, 0, 0, 0, 0, 284, 0]

 ### Operon type: 358

	 A0A011UVI5	[0, 0, 0, 0, 0, 590, 828, 828, 0]

 ### Operon type: 359

	 A0A011UWI3	[0, 0, 0, 0, 317, 0, 478, 784, 0]

 ### Operon type: 360

	 A0A011V5E6	[0, 0, 0, 0, 0, 114, 0, 0, 0]

 ### Operon type: 361

	 A0A011M4H6	[711, 0, 710, 0, 0, 0, 0, 0, 0]

 ### Operon type: 362

	 A0A011VSV3	[0, 0, 0, 0, 0, 0, 688, 0, 0]

 ### Operon type: 363

	 A0A011VWI0	[0, 0, 0, 0, 0, 113, 0, 0, 0]

 ### Operon type: 364

	 A0A011VZ91	[125, 0, 0, 0, 0, 0, 0, 0, 0]

 ### Operon type: 365

	 A0A011WP76	[0, 0, 0, 0, 0, 0, 0, 0, 734]

 ### Operon type: 366

	 A0A011WSD4	[0, 0, 0, -1, 0, 806, 0, 0, 444]

 ### Operon type: 367

	 A0A011WT35	[444, 0, 0, 0, 0, 0, 0, 0, 0]

 ### Operon type: 368

	 A0A013S843	[0, 520, 0, 0, 0, 0, -1, 339, 0]

 ### Operon type: 369

	 A0A013T5E6	[0, 0, 0, 305, 0, 0, 0, 0, 0]

 ### Operon type: 370

	 A0A009T185	[717, 0, 827, 827, 183, 828, 827, 182, 695]

 ### Operon type: 371

	 A0A010IN36	[184, 748, 0, 0, 183, 828, 827, 182, 695]

 ### Operon type: 372

	 A0A009PG43	[828, 827, 470, 872, 0, 182, 695, 0, 0]

 ### Operon type: 373

	 A0A009INE0	[184, 0, 0, 0, 0, 0, 0, 827, 182]

 ### Operon type: 374

	 A0A009T9H0	[0, 2, 785, -1, 0, 0, 272, 0, 188]

 ### Operon type: 375

	 A0A010THH5	[0, 592, 591, 590, 0, 0, 589, 0, 588]

 ### Operon type: 376

	 A0A011VZE3	[0, 0, 0, 701, 124, 0, 0, 0, 0]
	 A0A011WSH8	[0, 0, 0, 701, 124, 0, 0, 0, 0]

 ### Operon type: 377

	 A0A011NAF3	[0, 0, 0, 0, 0, 0, 701, 0, 866]

 ### Operon type: 378

	 A0A009IQ93	[8, 0, 701, 0, 0, 464, 0, 0, 0]

 ### Operon type: 379

	 A0A009Q8S9	[0, 0, 785, 309, 0, 93, 0, 0, 0]

 ### Operon type: 380

	 A0A009TLU4	[0, 9, -1, 4, 0, 338, 0, -1, -1]

 ### Operon type: 381

	 A0A009ZB47	[117, 344, 0, 0, 0, 806, 537, 0, 0]

 ### Operon type: 382

	 A0A009ZVR4	[574, 0, 756, 0, 0, 207, 0, 0, 206]

 ### Operon type: 383

	 A0A010JIN9	[537, 0, 0, 453, 276, 0, 0, 0, 0]

 ### Operon type: 384

	 A0A010S003	[684, 0, 0, 0, 0, 786, 786, 605, 0]

 ### Operon type: 385

	 A0A010SMN8	[0, -1, 326, 0, 340, 0, 0, 817, 0]

 ### Operon type: 386

	 A0A010SXS1	[0, 470, 0, 0, 0, 469, 0, 0, 872]

 ### Operon type: 387

	 A0A010T689	[712, -1, 589, 426, 0, 0, 0, 0, 0]

 ### Operon type: 388

	 A0A010TBB4	[0, 584, 0, 583, 0, 0, 0, 0, 781]

 ### Operon type: 389

	 A0A010YFK3	[0, 662, 0, 0, 0, 0, 645, 0, 644]

 ### Operon type: 390

	 A0A010YVY1	[466, 0, 466, 0, 0, 0, 0, 605, 0]

 ### Operon type: 391

	 A0A010ZSZ2	[0, 569, 0, 568, 567, 0, 0, 0, 0]

 ### Operon type: 392

	 A0A010Z0Y7	[0, 0, 0, 0, 567, 611, 0, 0, 0]

 ### Operon type: 393

	 A0A011A0M8	[0, 0, 796, 0, 240, 0, 0, 239, 239]

 ### Operon type: 394

	 A0A011NFL4	[0, 580, 0, 0, 476, 797, 0, 475, 0]

 ### Operon type: 395

	 A0A011P407	[0, 0, 783, 782, 0, 0, 781, 0, 780]

 ### Operon type: 396

	 A0A011QGT2	[701, 0, 0, 793, 792, 0, 0, 0, 0]

 ### Operon type: 397

	 A0A011QSA4	[633, 0, 632, 631, 0, 0, 0, 0, 630]

 ### Operon type: 398

	 A0A011T6J6	[0, 666, 0, 756, 0, 0, 479, 0, 112]

 ### Operon type: 399

	 A0A011TAL2	[0, 721, 0, 0, 0, 327, 0, 694, 0]

 ### Operon type: 400

	 A0A011TZG0	[796, 656, 0, 0, 0, 0, 0, 208, 0]

 ### Operon type: 401

	 A0A011UGY3	[63, 62, 114, 59, 0, 0, 0, 59, 0]

 ### Operon type: 402

	 A0A011UII7	[0, 0, 0, 0, 0, 566, 647, 0, 0]

 ### Operon type: 403

	 A0A011UNT9	[93, 543, 0, 0, 0, 0, 0, 0, 0]

 ### Operon type: 404

	 A0A011SIS0	[0, 616, 544, 544, 0, 0, 0, 543, 0]

 ### Operon type: 405

	 A0A011UT49	[0, 569, 0, 0, 0, 0, 470, 81, 0]

 ### Operon type: 406

	 A0A011VU65	[134, 0, 0, 0, 0, 645, 0, 688, 169]

 ### Operon type: 407

	 A0A011VV03	[0, 608, 0, 0, 137, 711, 0, 0, 0]

 ### Operon type: 408

	 A0A011VVZ9	[0, 0, -1, 0, 0, 499, 136, 136, 542]

 ### Operon type: 409

	 A0A011VWX7	[872, 220, 0, 0, 0, 0, 0, 578, 0]

 ### Operon type: 410

	 A0A011VXK7	[581, 581, 0, 556, 0, 0, 0, 668, 0]

 ### Operon type: 411

	 A0A011W0I6	[653, 0, 0, 0, 0, 808, 0, 564, 0]

 ### Operon type: 412

	 A0A010YEF6	[0, 653, 0, 0, 0, 0, 0, 0, 652]

 ### Operon type: 413

	 A0A013SQH1	[0, 0, 0, 0, 498, 759, 0, 552, 331]

 ### Operon type: 414

	 A0A009QJA8	[455, 51, 0, 0, 0, 0, 0, 0, 425]

 ### Operon type: 415

	 A0A009YL68	[0, 0, 781, 367, 363, 0, 0, 92, 0]

 ### Operon type: 416

	 A0A010JNG7	[552, 0, 0, 551, 0, 0, 0, 0, 0]

 ### Operon type: 417

	 A0A010RM40	[518, 701, 609, 0, 0, 0, 0, -1, 765]

 ### Operon type: 418

	 A0A010RRQ6	[0, 710, 0, 0, 0, 340, 282, 640, 0]

 ### Operon type: 419

	 A0A010S423	[479, 0, 0, 0, 0, 0, 0, 478, 573]

 ### Operon type: 420

	 A0A010T0I7	[0, 0, 652, 0, 0, 757, 632, 701, 0]

 ### Operon type: 421

	 A0A010ZUR7	[608, 607, 0, 607, 0, 606, 605, 0, 0]

 ### Operon type: 422

	 A0A011NA78	[0, 587, 0, 0, 0, 743, 0, 0, 765]

 ### Operon type: 423

	 A0A011P8W7	[799, 783, 872, 0, 754, 0, 0, 0, 0]

 ### Operon type: 424

	 A0A011PG97	[817, 0, 0, 816, 0, 0, 0, 0, 0]

 ### Operon type: 425

	 A0A011PKT4	[0, 759, 0, 0, 0, 0, 758, 0, 0]

 ### Operon type: 426

	 A0A011PLB2	[0, 799, 0, 798, 0, 0, 0, 0, 0]

 ### Operon type: 427

	 A0A011R339	[0, 0, 0, 0, 0, 0, 238, 237, 0]

 ### Operon type: 428

	 A0A011SFE5	[0, 0, 0, 581, 0, 0, 580, 782, 579]

 ### Operon type: 429

	 A0A011SJT5	[0, 0, 0, 542, 541, 541, 541, 541, 541]

 ### Operon type: 430

	 A0A011TDQ5	[0, 0, 0, 0, 472, 810, 0, 0, 0]

 ### Operon type: 431

	 A0A011VT01	[0, 0, 561, 0, 0, 561, 0, 0, 560]

 ### Operon type: 432

	 A0A009Z3V9	[701, 0, 0, 0, 0, 406, 794, 407, 408]

 ### Operon type: 433

	 A0A010SRB2	[338, 337, 0, 0, 0, 337, 427, 0, 0]

 ### Operon type: 434

	 A0A010KA25	[537, 0, 589, 324, 323, 0, 0, 537, 524]

 ### Operon type: 435

	 A0A011TZN1	[32, 31, 30, 0, 286, 0, 0, 0, 0]

 ### Operon type: 436

	 A0A011VJ76	[82, 82, 81, 475, 0, 701, 796, 0, 783]

 ### Operon type: 437

	 A0A011UG17	[385, 0, 126, 0, 177, 134, 0, 0, 0]

 ### Operon type: 438

	 A0A011WUA8	[613, 0, 0, 121, 0, 0, 0, 120, 120]

 ### Operon type: 439

	 A0A010S4X6	[0, 611, 609, 786, 507, 0, 700, 807, 612]

 ### Operon type: 440

	 A0A010YY02	[0, 111, 0, 0, 111, 675, 110, 0, 109]
