
 ### Operon type: 1

	 A0A010ILU3	[465, 464, 463, 503, 462, 461, 460, 459, 458]
	 A0A009QBR9	[465, 464, 463, 503, 462, 461, 459, 458, 266]
	 A0A009QS71	[465, 464, 463, 503, 462, 461, 460, 459, 458]
	 A0A009MW50	[465, 464, 463, 503, 462, 461, 460, 459, 458]
	 A0A009H3B0	[465, 464, 463, 503, 462, 461, 460, 459, 458]
	 A0A009I8S2	[465, 464, 463, 503, 462, 461, 459, 458, 266]
	 A0A009TM70	[465, 464, 463, 503, 462, 461, 459, 458, 266]

 ### Operon type: 2

	 A0A013TH43	[496, 495, 858, 494, 493, 492, 491, 490, 598]
	 A0A009RAF0	[496, 495, 858, 494, 493, 492, 491, 490, 598]

 ### Operon type: 3

	 A0A011R7V7	[767, 572, 571, 570, 716, 569, 568, 567, 566]
	 A0A011PVT3	[767, 572, 571, 570, 716, 569, 568, 567, 566]
	 A0A011MET3	[767, 572, 571, 570, 716, 569, 568, 567, 566]

 ### Operon type: 4

	 A0A013RZW2	[442, 372, 458, 371, 370, 401, 369, 368, 367]
	 A0A013SNJ8	[442, 372, 458, 371, 370, 401, 369, 368, 367]
	 A0A009IV03	[442, 372, 458, 371, 370, 401, 369, 368, 367]
	 A0A009PH20	[442, 372, 458, 371, 370, 401, 369, 368, 367]
	 A0A009MMM3	[442, 372, 458, 371, 370, 401, 369, 368, 367]
	 A0A010J9U3	[442, 372, 458, 371, 370, 401, 369, 368, 367]
	 A0A009HBT3	[442, 372, 458, 371, 370, 401, 369, 368, 367]
	 A0A009SIZ4	[442, 372, 458, 371, 370, 401, 369, 368, 367]
	 A0A009RD69	[442, 372, 458, 371, 370, 401, 369, 368, 367]
	 A0A009YIZ0	[442, 372, 458, 371, 370, 401, 369, 368, 367]

 ### Operon type: 5

	 A0A009PH57	[194, 193, -1, 192, 191, 657, 190, 609, 189]
	 A0A009TG92	[194, 193, -1, 192, 191, 657, 190, 609, 189]

 ### Operon type: 6

	 A0A013SXT2	[434, 404, 403, 402, 401, 400, 399, 398, 397]
	 A0A013S288	[434, 404, 403, 402, 401, 400, 399, 398, 397]
	 A0A009I0I9	[434, 404, 403, 402, 401, 400, 399, 398, 397]
	 A0A009N031	[434, 404, 403, 402, 401, 400, 399, 398, 397]
	 A0A010J3I1	[434, 404, 403, 402, 401, 400, 399, 398, 397]
	 A0A009PWG1	[434, 404, 403, 402, 401, 400, 399, 398, 397]
	 A0A009R2X0	[434, 404, 403, 402, 401, 400, 399, 398, 397]
	 A0A009SFX8	[434, 404, 403, 402, 46, 401, 400, 399, 398]
	 A0A009TBM2	[404, 403, 402, 46, 401, 400, 399, 398, 397]

 ### Operon type: 7

	 A0A013T8M5	[509, 675, 574, 508, 507, 558, 506, 505, 504]
	 A0A010IMP8	[509, 675, 574, 508, 507, 558, 506, 505, 504]
	 A0A013SZ54	[509, 675, 574, 508, 507, 558, 506, 505, 504]
	 A0A009IRJ6	[509, 675, 574, 508, 507, 558, 506, 505, 504]
	 A0A009N123	[509, 675, 574, 508, 507, 558, 506, 505, 504]
	 A0A009H7U0	[509, 675, 574, 508, 507, 558, 506, 505, 504]
	 A0A009Q3K7	[509, 675, 574, 508, 507, 558, 506, 505, 504]
	 A0A009SWU0	[509, 675, 574, 508, 507, 558, 506, 505, 504]
	 A0A009RBQ2	[509, 675, 574, 508, 507, 558, 506, 505, 504]
	 A0A009ZM43	[-1, 675, 574, 508, 507, 558, 506, 505, 504]

 ### Operon type: 8

	 A0A013RMD0	[-1, 325, 718, 324, 323, 724, 322, 321, 320]
	 A0A009RG92	[-1, 325, 718, 324, 323, 724, 322, 321, 320]
	 A0A009QDV7	[-1, 325, 718, 324, 323, 724, 322, 321, 320]
	 A0A009N9Z1	[-1, 325, 718, 324, 323, 724, 322, 321, 320]
	 A0A010JDA6	[-1, 325, 718, 324, 323, 724, 322, 321, 320]
	 A0A009S854	[-1, 325, 718, 324, 323, 724, 322, 321, 320]
	 A0A009H6M2	[-1, 325, 718, 324, 323, 724, 322, 321, 320]
	 A0A009IHQ3	[-1, 325, 718, 324, 323, 724, 322, 321, 320]
	 A0A009ZIC0	[109, 325, 718, 324, 323, 724, 322, 321, 320]

 ### Operon type: 9

	 A0A011UIA1	[308, 307, 306, 305, 304, 303, 302, 301, 0]
	 A0A011V5V3	[0, 308, 307, 306, 305, 304, 303, 302, 301]

 ### Operon type: 10

	 A0A011PTE7	[583, 582, 581, 580, 579, 0, 578, 577, 576]
	 A0A011NE72	[583, 582, 581, 580, 579, 578, 577, 576, 0]

 ### Operon type: 11

	 A0A010JWJ1	[286, 285, 753, 284, 283, 282, 281, 280, 279]
	 A0A009I4A1	[286, 285, 753, 284, 283, 282, 281, 280, 279]

 ### Operon type: 12

	 A0A009QF22	[121, 120, 286, 0, 283, 282, 281, 280, 279]
	 A0A009TBY8	[121, 120, 286, 284, 283, 282, 281, 280, 279]

 ### Operon type: 13

	 A0A011NEY3	[573, 636, 635, 634, 634, 633, 632, 631, 0]

 ### Operon type: 14

	 A0A011PAN4	[636, 635, 0, 634, 634, 633, 632, 631, 630]

 ### Operon type: 15

	 A0A011RCD5	[573, 636, 635, 634, 634, 633, 632, 631, 630]

 ### Operon type: 16

	 A0A011NAY5	[752, 751, 750, 749, 748, 747, 746, 745, 0]
	 A0A011P4U7	[0, 752, 751, 750, 749, 748, 747, 746, 745]

 ### Operon type: 17

	 A0A011NBX7	[741, 740, 739, 738, 737, 736, 0, 0, 0]
	 A0A011NW66	[741, 740, 739, 738, 737, 736, 0, 0, 0]
	 A0A011PF67	[741, 740, 739, 738, 737, 0, 0, 0, 0]

 ### Operon type: 18

	 A0A011NS68	[741, 740, 739, 738, 737, 701, 700, 709, 699]
	 A0A011RHX4	[741, 740, 739, 738, 737, 701, 700, 709, 0]

 ### Operon type: 19

	 A0A010YT39	[0, 707, 40, 717, 39, 38, 37, 36, 393]

 ### Operon type: 20

	 A0A010Z7T4	[40, 717, 39, 38, 37, 36, 393, 714, 589]

 ### Operon type: 21

	 A0A013SP43	[335, 334, 369, 333, 332, 331, 330, 329, 328]
	 A0A010K6G6	[335, 334, 369, 333, 332, 331, 330, 0, 328]
	 A0A009RUN3	[335, 334, 369, 333, 332, 331, 330, 329, 328]

 ### Operon type: 22

	 A0A011VWR4	[0, 0, 0, 0, 385, 384, 383, 382, 381]

 ### Operon type: 23

	 A0A011VYP6	[385, 384, 383, 382, 381, 0, 380, 570, 0]

 ### Operon type: 24

	 A0A011QAS2	[0, 781, 780, 779, 778, 777, 776, 775, 774]
	 A0A011NEQ1	[0, 781, 780, 779, 778, 777, 776, 775, 774]

 ### Operon type: 25

	 A0A010JSI3	[732, 731, 730, 729, 728, 727, 726, 725, 0]
	 A0A013T0M4	[732, 731, 730, 729, 728, 727, 726, 725, 0]
	 A0A009RGL2	[732, 731, 730, 729, 728, 727, 726, 725, 287]
	 A0A009HDS5	[732, 731, 730, 729, 728, 727, 726, 725, 287]

 ### Operon type: 26

	 A0A009SNL0	[70, 69, 394, 133, 132, 131, 130, 129, 128]

 ### Operon type: 27

	 A0A009T1I8	[394, 133, 132, 131, 130, 129, 128, 0, 0]

 ### Operon type: 28

	 A0A011VW71	[0, 224, 223, 222, 221, 220, 219, 848, 218]
	 A0A011VUV0	[224, 223, 222, 221, 220, 219, 848, 218, 0]

 ### Operon type: 29

	 A0A011UG71	[213, 249, 212, 217, 216, 250, 215, 248, 214]

 ### Operon type: 30

	 A0A011V8Z7	[0, 0, 213, 249, 212, 217, 216, 250, 215]

 ### Operon type: 31

	 A0A011V8Y9	[217, 216, 250, 215, 248, 214, 0, 0, 0]

 ### Operon type: 32

	 A0A011U8C0	[0, 250, 249, 0, 606, 248, 0, 0, 0]

 ### Operon type: 33

	 A0A011QSF0	[0, 824, 823, 822, 821, 820, 819, 818, 0]
	 A0A011QBB5	[662, 824, 823, 822, 821, 820, 819, 818, 661]
	 A0A011Q0X6	[662, 824, 823, 822, 821, 820, 819, 818, 661]
	 A0A011Q1X8	[824, 0, 823, 822, 821, 820, 819, 818, 661]

 ### Operon type: 34

	 A0A011PG87	[662, 824, 823, 822, 821, 820, 819, 0, 0]

 ### Operon type: 35

	 A0A011PCT1	[814, 813, 869, 0, 0, 0, 0, 865, 0]

 ### Operon type: 36

	 A0A011QU35	[0, 0, 0, 0, 871, 0, 814, 813, 869]

 ### Operon type: 37

	 A0A011Q2B1	[815, 680, 871, 870, 869, 868, 867, 866, 865]

 ### Operon type: 38

	 A0A011RLN8	[872, 873, 871, 870, 869, 868, 867, 866, 865]

 ### Operon type: 39

	 A0A011P700	[0, 0, 817, 816, 815, 680, 871, 870, 869]

 ### Operon type: 40

	 A0A011QSI4	[0, 0, 817, 816, 815, 0, 872, 873, 871]

 ### Operon type: 41

	 A0A013T337	[755, 721, 524, 523, 522, 796, 521, 799, 520]
	 A0A013TH30	[755, 721, 524, 523, 522, 796, 521, 799, 520]
	 A0A013S981	[356, 755, 721, 524, 523, 522, 796, 521, 799]

 ### Operon type: 42

	 A0A010JY00	[356, 755, 721, 524, 278, 796, 521, 799, 520]

 ### Operon type: 43

	 A0A013TPV4	[342, 341, 340, 339, 338, 337, 842, 753, 336]
	 A0A009QQ47	[342, 341, 340, 339, 338, 337, 842, 753, 336]
	 A0A009MGJ1	[342, 341, 340, 339, 338, 337, 842, 753, 336]
	 A0A010IZE4	[342, 341, 340, 339, 338, 337, 842, 753, 336]
	 A0A009SZB5	[342, 341, 340, 339, 338, 337, 842, 753, 336]
	 A0A009HL81	[342, 341, 340, 339, 338, 337, 842, 753, 336]
	 A0A009HR98	[342, 341, 340, 339, 338, 337, 842, 753, 336]

 ### Operon type: 44

	 A0A009Z8F7	[341, 340, 337, 0, 338, 5, 5, 0, 47]

 ### Operon type: 45

	 A0A009HFU9	[113, 112, 111, 110, 109, 489, 108, 107, 0]
	 A0A009R016	[113, 112, 111, 110, 109, -1, 489, 108, 107]

 ### Operon type: 46

	 A0A011UJN3	[0, 596, 0, 0, 595, 594, 593, 592, 591]

 ### Operon type: 47

	 A0A011W213	[595, 594, 593, 592, 591, 695, 0, 0, 0]

 ### Operon type: 48

	 A0A011QUG8	[812, 811, 810, 809, 808, 807, 0, 806, 805]
	 A0A011QIT1	[812, 811, 810, 809, 808, 807, 806, 805, 795]

 ### Operon type: 49

	 A0A011NVE7	[693, 692, 691, 756, 757, 758, 759, 760, 761]
	 A0A011PP01	[693, 692, 691, 756, 757, 758, 759, 760, 761]

 ### Operon type: 50

	 A0A011N9N8	[783, 763, 762, 761, 760, 759, 758, 757, 756]
	 A0A011P2I4	[783, 763, 762, 761, 760, 759, 758, 757, 756]

 ### Operon type: 51

	 A0A011PIY7	[712, 0, 762, 761, 760, 759, 758, 0, 756]

 ### Operon type: 52

	 A0A011Q3J4	[0, 712, 762, 761, 760, 759, 758, 757, 0]

 ### Operon type: 53

	 A0A011MH88	[713, 712, 762, 761, 760, 759, 758, 757, 756]

 ### Operon type: 54

	 A0A013SPM5	[518, 517, 516, 515, 514, 513, 512, 511, 510]
	 A0A010IX62	[518, 517, 516, 515, 514, 513, 512, 511, 510]
	 A0A009QFZ7	[518, 517, 516, 515, 514, 513, 512, 511, 510]
	 A0A009MH71	[518, 517, 516, 515, 514, 513, 512, 511, 510]
	 A0A009HSL1	[518, 517, 516, 515, 514, 513, 512, 511, 510]
	 A0A009I6Z0	[518, 517, 516, 515, 514, 513, 512, 511, 510]
	 A0A009TK03	[518, 517, 516, 515, 514, 513, 512, 511, 510]

 ### Operon type: 55

	 A0A009ZIX8	[0, 6, 516, 515, 514, 25, 0, 510, 0]

 ### Operon type: 56

	 A0A010JJN4	[479, 478, 477, 476, 475, 474, 473, 677, 764]
	 A0A013TPR7	[479, 478, 477, 476, 475, 474, 473, 677, 764]
	 A0A009PMT3	[479, 478, 477, 476, 475, 474, 473, 677, 764]
	 A0A009NI48	[479, 478, 477, 476, 475, 474, 473, 677, -1]
	 A0A009HJJ5	[479, 478, 477, 476, 475, 474, 473, 677, 94]
	 A0A009I8I7	[479, 478, 477, 476, 475, 474, 473, 677, 94]
	 A0A009SEP4	[479, 478, 477, 476, 475, 0, 474, 473, 0]
	 A0A009RMI1	[479, 478, 477, 476, 475, 474, 473, 677, 0]
	 A0A009YG45	[0, 479, 478, 477, 475, 0, 474, 473, 677]

 ### Operon type: 57

	 A0A013S8F0	[364, 363, 362, 361, 360, 753, 704, 366, 765]
	 A0A013TPQ9	[364, 363, 362, 361, 360, 753, 704, 366, 765]
	 A0A009PMU2	[364, 363, 362, -1, 360, 753, 704, 366, 765]
	 A0A010IZH1	[-1, 363, 362, 361, 360, 753, 704, 366, 765]
	 A0A009HJM0	[364, 363, 362, 361, 360, 753, 704, 366, 765]
	 A0A009SZ84	[364, 363, 362, 361, 360, 753, 704, 366, 765]

 ### Operon type: 58

	 A0A009HUS9	[363, 362, 0, 361, 360, 237, -1, 238, 239]

 ### Operon type: 59

	 A0A009ISE1	[474, 473, 677, 239, 238, -1, 237, 360, 361]

 ### Operon type: 60

	 A0A009NPS1	[364, 363, 362, 361, 360, -1, 677, 473, 474]

 ### Operon type: 61

	 A0A013SB36	[355, 354, 353, 352, 351, 651, 650, 350, 349]
	 A0A009QSI3	[355, 354, 353, 352, 351, 651, 650, 350, -1]

 ### Operon type: 62

	 A0A010ITP2	[355, 354, 353, 352, 351, 651, 650, 0, 0]

 ### Operon type: 63

	 A0A009SII9	[-1, 354, 353, 352, 351, 651, 650, 136, 135]

 ### Operon type: 64

	 A0A009T0Q9	[351, 651, 650, 136, 135, 349, 713, 753, 134]

 ### Operon type: 65

	 A0A009YJF4	[0, 651, 650, 97, 96, 713, 753, 0, 134]

 ### Operon type: 66

	 A0A009GP96	[0, 106, 753, 714, 277, 105, 489, 104, 103]

 ### Operon type: 67

	 A0A009GSR4	[714, 277, 105, 489, 104, 103, 103, 102, 0]

 ### Operon type: 68

	 A0A009IIT6	[106, 753, 714, 277, 104, 103, 103, 102, 0]

 ### Operon type: 69

	 A0A011SQL0	[684, 608, -1, 607, 606, 605, 604, 603, 602]
	 A0A011UZ49	[608, -1, 607, 606, 605, 604, 603, 602, 0]

 ### Operon type: 70

	 A0A009PT82	[763, 664, 155, 154, 242, 241, 240, 153, 152]
	 A0A009SIF9	[763, 664, 155, 154, 242, 241, 240, 153, 152]

 ### Operon type: 71

	 A0A009IS10	[243, 0, 0, 0, 242, 241, 240, 0, 0]

 ### Operon type: 72

	 A0A009QHW5	[0, 0, 0, 465, 242, 241, 240, 0, 119]

 ### Operon type: 73

	 A0A011UVB4	[0, 0, 0, 123, 0, 0, 243, 0, 218]

 ### Operon type: 74

	 A0A011V107	[314, -1, 429, 427, 430, 426, 313, 312, 0]
	 A0A011U7M7	[0, 314, -1, 429, 427, 430, 426, 313, 312]

 ### Operon type: 75

	 A0A011TLH0	[431, 430, 429, 428, 427, 426, 0, 0, 0]

 ### Operon type: 76

	 A0A011UG87	[552, 553, 554, 431, 430, 429, 428, 427, 426]

 ### Operon type: 77

	 A0A011TLH7	[554, 553, 552, 0, 0, 0, 0, 0, 0]

 ### Operon type: 78

	 A0A011TWN2	[551, 550, 549, 548, 547, 546, 545, 0, 0]
	 A0A011TAF9	[0, 0, 551, 550, 549, 548, 547, 546, 545]

 ### Operon type: 79

	 A0A011Q5V7	[790, 0, 0, 0, 864, 863, 862, 861, 860]

 ### Operon type: 80

	 A0A011RM25	[864, 863, 862, 861, 860, 859, 0, 858, 0]

 ### Operon type: 81

	 A0A011QDV3	[669, 668, 667, 704, 666, 665, 664, 0, 663]
	 A0A011QIE8	[669, 668, 667, 704, 666, 665, 663, 0, 0]

 ### Operon type: 82

	 A0A011QAB0	[787, 786, 785, 0, 784, 783, 847, 782, 0]
	 A0A011PL71	[614, 787, 786, 785, 784, 783, 847, 782, 0]

 ### Operon type: 83

	 A0A011Q6N5	[833, 832, 831, 0, 0, 0, 789, 788, 789]

 ### Operon type: 84

	 A0A011SGD5	[0, 0, 0, 0, 0, 0, 833, 832, 831]

 ### Operon type: 85

	 A0A011NYU6	[659, 658, 0, 657, 656, 27, 26, 0, 655]

 ### Operon type: 86

	 A0A011PYI6	[659, 658, 0, 657, 656, 655, 720, 835, 0]

 ### Operon type: 87

	 A0A011P1C0	[0, 0, 27, 26, 655, 0, 0, 0, 0]

 ### Operon type: 88

	 A0A011N4G4	[0, 0, 642, 641, 640, 639, 640, 638, 637]
	 A0A011PKU5	[642, 641, 640, 639, 640, 638, 637, 0, 0]

 ### Operon type: 89

	 A0A010ZWJ8	[21, 20, 19, 589, 18, 674, 539, 674, 17]

 ### Operon type: 90

	 A0A011AHW1	[18, 589, 19, 20, 21, 0, 0, 22, 0]

 ### Operon type: 91

	 A0A011AHU9	[539, 674, 17, 0, 0, 0, 0, 9, 713]

 ### Operon type: 92

	 A0A010ZX98	[16, 15, 14, 13, 12, 11, 704, 704, 0]

 ### Operon type: 93

	 A0A011AIL7	[12, 13, 14, 15, 16, 0, 0, 0, 0]

 ### Operon type: 94

	 A0A010YF95	[791, 45, 806, 44, 43, 43, 42, 597, 41]

 ### Operon type: 95

	 A0A010ZJQ6	[45, 806, 44, 43, 43, 42, 597, 41, 0]

 ### Operon type: 96

	 A0A009GXL8	[100, 99, 98, 97, 96, 284, 122, 118, 117]

 ### Operon type: 97

	 A0A010JIW7	[100, 99, 98, 97, 96, 0, 0, 122, 118]

 ### Operon type: 98

	 A0A011QNA5	[0, 483, 482, 481, 0, 533, 532, 531, 530]
	 A0A009ZLJ7	[530, 531, 532, 533, 0, 0, 483, 482, 481]

 ### Operon type: 99

	 A0A013T0T6	[533, 532, 531, 530, 529, 528, 527, 526, 525]
	 A0A009QMH5	[533, 532, 531, 530, 529, 528, 527, 526, 525]
	 A0A009ISY0	[533, 532, 531, 530, 529, 236, 527, 526, 525]
	 A0A009PE10	[533, 532, 531, 530, 529, 236, 527, 526, -1]
	 A0A009HAX1	[533, 532, 531, 530, 529, 528, 527, 526, 525]
	 A0A009RMD0	[533, 532, 531, 530, 529, 236, 527, 526, 525]

 ### Operon type: 100

	 A0A010ILW6	[533, 532, 531, 530, 529, 528, 0, 0, 526]

 ### Operon type: 101

	 A0A009Z9X7	[532, 531, 530, 0, 529, 0, 803, 0, 526]

 ### Operon type: 102

	 A0A013S8V2	[359, 358, 0, 0, 0, 357, 0, 0, 0]
	 A0A009R8E1	[0, 65, 0, 359, 358, 0, 0, 357, 0]

 ### Operon type: 103

	 A0A009ICH6	[442, 145, 144, 143, 278, 75, 74, 73, 799]
	 A0A009ZFR5	[442, 145, 144, 143, 278, 75, 74, 73, 799]

 ### Operon type: 104

	 A0A009NQA1	[442, 145, 144, 143, 142, 141, 524, 799, 796]
	 A0A009RR21	[442, 145, 144, 143, 142, 141, 524, 799, 796]

 ### Operon type: 105

	 A0A009HTN9	[442, 145, 144, 143, 142, 141, 90, 768, 89]
	 A0A009T3J5	[442, 145, 144, 143, 142, 141, 90, 768, 89]

 ### Operon type: 106

	 A0A009Q0U9	[442, 145, 144, 143, 142, 141, -1, -1, 0]

 ### Operon type: 107

	 A0A009QEG7	[265, 264, 263, 262, 261, 260, 259, 258, 257]
	 A0A009IPC3	[265, 264, 263, 262, 261, 260, 259, 258, 257]

 ### Operon type: 108

	 A0A009I573	[87, 0, 177, 178, 0, 179, 261, 262, 263]

 ### Operon type: 109

	 A0A009ILP9	[258, 0, 263, 262, 261, 179, 257, 178, 177]

 ### Operon type: 110

	 A0A009I953	[258, 0, 263, 262, 261, 179, 257, 0, -1]

 ### Operon type: 111

	 A0A009SX74	[625, 699, 0, 178, 257, 258, 264, 265, 86]

 ### Operon type: 112

	 A0A010IPH1	[455, 454, 744, 453, 452, 451, 450, 449, 600]
	 A0A009MMG9	[455, 454, 744, 453, 452, 451, 450, 449, 600]
	 A0A009ICP5	[455, 454, 744, 453, 452, 451, 450, 449, 600]
	 A0A009QVK8	[455, 454, 744, 453, 452, 451, 450, 449, 600]

 ### Operon type: 113

	 A0A009HTW0	[124, 125, 126, 88, 452, 451, 450, 449, 600]
	 A0A009SIV4	[124, 125, 126, 88, 452, 451, 450, 449, 600]
	 A0A009QLL2	[124, 125, 126, 88, 452, 451, 450, 449, 600]
	 A0A013TSJ4	[125, 126, 0, 88, 452, 451, 450, 449, 600]

 ### Operon type: 114

	 A0A013TCN9	[503, 502, 501, 500, 499, 498, 497, 753, 704]
	 A0A009QNC9	[503, 502, 501, 500, 499, 498, 497, 753, 704]
	 A0A010ITG1	[503, 502, 501, 500, 499, 498, 497, 753, 704]
	 A0A009NIJ3	[503, 502, 501, 500, 499, 498, 497, 753, 704]
	 A0A013TRC1	[503, 502, 501, 500, 499, 498, 497, 753, 704]

 ### Operon type: 115

	 A0A009H935	[0, 0, 501, 500, 499, 498, 497, 753, 704]

 ### Operon type: 116

	 A0A009IMX3	[448, 447, 446, 445, 444, 174, 174, 835, 173]
	 A0A009QEX0	[448, 447, 446, 445, 444, 174, 174, 835, 173]
	 A0A009SF48	[448, 447, 446, 445, 444, -1, 174, 835, 173]

 ### Operon type: 117

	 A0A010ISX2	[448, 447, 446, 445, 444, 443, 442, 441, 440]
	 A0A013S7V1	[448, 447, 446, 445, 444, 443, 442, 441, 440]
	 A0A009RES7	[448, 447, 446, 445, 444, 443, 442, 441, 440]
	 A0A009MR00	[448, 447, 446, 445, 444, 443, 442, 441, 440]

 ### Operon type: 118

	 A0A009YTT3	[3, 109, 446, 445, 444, 443, 442, 441, 440]

 ### Operon type: 119

	 A0A009GYP9	[0, 0, 0, 445, 444, 443, 442, 441, 440]

 ### Operon type: 120

	 A0A009ZZC8	[-1, 69, 70, 3, 109, 446, 445, 444, 443]

 ### Operon type: 121

	 A0A011WSE5	[420, 419, 418, 417, 416, 415, 414, 413, 412]
	 A0A011UGX8	[226, 420, 419, 418, 417, 416, 415, 414, 413]

 ### Operon type: 122

	 A0A011VZG0	[390, 0, 226, 420, 419, 418, 417, 416, 415]

 ### Operon type: 123

	 A0A009PJF7	[188, 187, 187, 186, 185, 184, 183, 182, 181]
	 A0A009SJZ7	[123, 188, 187, 186, 185, 184, 183, 182, 181]

 ### Operon type: 124

	 A0A009Z5G0	[184, 186, 187, 0, 611, 188, 123, 327]

 ### Operon type: 125

	 A0A010JJC1	[829, 472, 471, 470, 469, 468, 467, 480, 466]
	 A0A010IZ41	[472, 471, 470, 469, 468, 467, 480, 466, 369]

 ### Operon type: 126

	 A0A009QJL6	[829, 472, 471, 470, 0, 466, 369, 116, 0]

 ### Operon type: 127

	 A0A013SGL3	[348, 347, 346, 345, 344, 763, 454, 682, 343]
	 A0A013TB41	[348, -1, 346, 345, 344, 763, 454, 682, 343]
	 A0A010KAV2	[348, 347, 346, 345, 344, 763, 454, 682, 343]
	 A0A009PG53	[348, 347, 346, 345, 344, 763, 454, 682, 343]
	 A0A009NE81	[348, 347, 346, 345, 344, 763, 454, 682, 343]
	 A0A009I5Z6	[348, 347, 346, 345, 344, 763, 454, 682, 343]
	 A0A009RQH3	[348, 347, 346, 345, 344, 763, 454, 682, 343]
	 A0A009SHB3	[348, 347, 346, 345, 344, 763, 454, 682, 343]

 ### Operon type: 128

	 A0A009H3X4	[348, 347, 346, 345, 344, 763, -1, 722, -1]

 ### Operon type: 129

	 A0A009PIB4	[0, 0, 0, 151, 150, 149, 489, 753, 783]
	 A0A009SLR5	[0, 0, 0, 151, 150, 149, 489, 753, 783]

 ### Operon type: 130

	 A0A009HSU4	[0, 0, 648, 753, 0, 763, 682, 783, 489]

 ### Operon type: 131

	 A0A009I463	[843, 85, 84, 401, 401, 393, 392, 391, 140]
	 A0A009PAG1	[843, 85, 84, 401, 401, 393, 392, 391, 140]

 ### Operon type: 132

	 A0A013SKX6	[0, 0, 843, 0, 401, 401, 393, 392, 391]

 ### Operon type: 133

	 A0A011Q5S3	[795, 794, 0, 0, 0, 0, 793, 792, 791]

 ### Operon type: 134

	 A0A011UZZ4	[0, 793, 792, 0, 0, 0, 316, 316, 791]

 ### Operon type: 135

	 A0A011UTJ0	[0, 0, 0, 169, 168, 167, 747, 166, 165]

 ### Operon type: 136

	 A0A011VMV7	[169, 168, 167, 747, 166, 165, 300, 299, 298]

 ### Operon type: 137

	 A0A011NYT4	[754, 679, 678, 677, 0, 652, 652, 651, 650]

 ### Operon type: 138

	 A0A011P8E9	[0, 0, 754, 679, 0, 678, 677, 0, 0]

 ### Operon type: 139

	 A0A010TF34	[0, -1, 0, 0, 53, 52, 51, 50, 49]
	 A0A010SYH9	[53, 52, 51, 50, 49, 0, 0, 0, 0]

 ### Operon type: 140

	 A0A010S7A1	[81, 80, 79, 78, 0, 77, 0, 0, 0]
	 A0A010TFJ4	[0, -1, 0, 81, 80, 79, 78, -1, 77]

 ### Operon type: 141

	 A0A009PAV9	[209, -1, 744, 208, 401, 489, 207, 206, 205]
	 A0A009HJC2	[209, 704, 744, 208, 401, 489, 207, 206, 205]

 ### Operon type: 142

	 A0A009SE02	[0, 205, 0, 0, 0, 206, 207, 489, 401]

 ### Operon type: 143

	 A0A009HS41	[682, 442, 670, 439, 195, 753, 753, 437, 436]
	 A0A009RSB7	[682, 442, 670, 439, 195, 753, 753, 437, 436]
	 A0A009SYU8	[682, 442, 670, 439, 195, 753, 753, 437, 436]

 ### Operon type: 144

	 A0A010IT25	[682, 442, 670, 439, 438, 753, 753, 437, 436]
	 A0A013SHA9	[682, 442, 670, 439, 438, 753, 753, 437, 436]
	 A0A009I466	[682, 442, 670, 439, 438, 753, 753, 437, 436]

 ### Operon type: 145

	 A0A009NMQ9	[682, 442, 670, 439, 438, 0, 753, 753, 437]

 ### Operon type: 146

	 A0A009P8A9	[0, 0, 670, 439, 195, 753, 753, 437, 436]

 ### Operon type: 147

	 A0A009ITT8	[235, 234, 233, 293, 292, 232, 291, 290, 289]
	 A0A009NJ90	[235, 234, 233, 293, 292, 180, 232, 291, 290]

 ### Operon type: 148

	 A0A009NCH6	[230, 291, 290, 289, 229, 228, 227, 115, 114]
	 A0A009IJ01	[291, 290, 289, 288, 229, 228, 227, 115, 114]

 ### Operon type: 149

	 A0A009RQL5	[291, 290, 289, 83, 229, 228, 227, 115, 0]

 ### Operon type: 150

	 A0A009MGQ8	[292, 0, 230, 291, 290, 289, 229, 228, 227]

 ### Operon type: 151

	 A0A009IJ07	[296, 295, 294, 293, 292, 291, 290, 289, 288]
	 A0A009S6G1	[296, 295, 294, 293, 292, 291, 290, 289, 229]
	 A0A009RHH7	[296, 295, 294, 293, 292, 180, 291, 290, 289]

 ### Operon type: 152

	 A0A009HZK2	[294, 293, 292, 291, 290, 289, 288, 229, 228]

 ### Operon type: 153

	 A0A009R4N4	[293, 292, 180, 291, 290, 289, 83, 229, 228]

 ### Operon type: 154

	 A0A009S5A5	[292, 180, 232, 291, 290, 289, 288, 95, 229]

 ### Operon type: 155

	 A0A009RHH9	[0, 0, 0, 0, 297, 296, 295, 294, 293]

 ### Operon type: 156

	 A0A011PGU1	[0, 0, 624, 623, 622, 621, 620, 619, 618]
	 A0A011MDH1	[653, 0, 624, 623, 622, 621, 620, 619, 618]

 ### Operon type: 157

	 A0A011V0P4	[565, 315, 0, 0, 424, 0, 0, 374, 373]

 ### Operon type: 158

	 A0A011WPV7	[374, 373, 0, 0, 0, 0, 0, 0, 0]

 ### Operon type: 159

	 A0A011UDF3	[623, 246, 0, 0, 0, 544, 245, 244, 828]

 ### Operon type: 160

	 A0A011VSC9	[245, 244, 828, 0, 0, 0, 0, 0, 0]

 ### Operon type: 161

	 A0A011SF89	[840, 839, 838, 0, 0, 0, 0, 0, 0]

 ### Operon type: 162

	 A0A011UCX7	[0, 787, 840, 839, 0, 838, 247, 0, 0]

 ### Operon type: 163

	 A0A011RNP9	[0, 0, 0, 0, 0, 848, 847, 0, 0]

 ### Operon type: 164

	 A0A011V0B5	[843, 0, 0, 0, 0, 0, 848, 0, 0]

 ### Operon type: 165

	 A0A011RQC9	[0, 843, 842, 0, 0, 0, 0, 841, 0]

 ### Operon type: 166

	 A0A011RIM8	[536, 535, 0, 0, 622, 621, 675, 534, 676]
	 A0A011QG28	[536, 535, 623, 0, 622, 621, 675, 534, 676]

 ### Operon type: 167

	 A0A011PHI6	[687, 0, 686, 0, 0, 685, 809, 698, 0]

 ### Operon type: 168

	 A0A011QI68	[0, 0, 686, 685, 0, 0, 0, 0, 0]

 ### Operon type: 169

	 A0A011NVJ6	[690, 772, 771, 770, 769, 768, 0, 0, 689]

 ### Operon type: 170

	 A0A011PVP2	[0, 772, 771, 770, 769, 768, 0, 0, 767]

 ### Operon type: 171

	 A0A011NXY7	[0, 0, 771, 0, 769, 0, 0, 0, 0]

 ### Operon type: 172

	 A0A011QR69	[801, 800, 799, 798, 797, 796, 0, 0, 0]
	 A0A011NUB4	[801, 800, 799, 798, 797, 796, 0, 695, 0]

 ### Operon type: 173

	 A0A011NN36	[800, 799, 0, 0, 797, 796, 0, 0, 0]

 ### Operon type: 174

	 A0A011PK69	[799, 617, 0, 0, 797, 796, 0, 0, 0]

 ### Operon type: 175

	 A0A011RMI6	[857, 856, 855, 854, 853, 852, 851, 850, 849]
	 A0A011NYD6	[857, 856, 855, 854, 853, 852, 851, 850, 849]

 ### Operon type: 176

	 A0A011QB28	[773, 857, 856, 0, 0, 852, 851, 850, 849]

 ### Operon type: 177

	 A0A011NF33	[0, 852, 851, 0, 0, 0, 0, 0, 0]

 ### Operon type: 178

	 A0A011NBY4	[735, 0, 0, 734, 0, 0, 733, 0, 0]

 ### Operon type: 179

	 A0A011WRT0	[735, 0, 0, 0, 0, 0, 0, 835, 0]

 ### Operon type: 180

	 A0A011SHV5	[0, 0, 0, 0, 0, 830, 835, 829, 0]

 ### Operon type: 181

	 A0A011NB95	[0, 804, 0, 0, 0, 0, 744, 743, 742]

 ### Operon type: 182

	 A0A011UHT4	[116, 225, 743, 0, 0, 55, 55, 742, 0]

 ### Operon type: 183

	 A0A010Z1W7	[0, 0, 0, 0, 0, 58, 0, 556, 557]

 ### Operon type: 184

	 A0A011VY84	[0, 0, 557, 556, 0, 0, 0, 0, 0]

 ### Operon type: 185

	 A0A010YW85	[0, 0, 0, 0, 0, 386, 0, 556, 557]

 ### Operon type: 186

	 A0A010ZMA0	[556, 766, 0, 0, 0, 0, 0, 0, 0]

 ### Operon type: 187

	 A0A011N5L2	[0, 0, 0, 766, 0, 765, 764, 0, 0]

 ### Operon type: 188

	 A0A009MJ75	[0, 0, 140, 139, 138, 0, 0, 0, 714]

 ### Operon type: 189

	 A0A010IH51	[0, 600, 0, 0, 138, 0, 714, 0, 0]

 ### Operon type: 190

	 A0A011TYT7	[0, 0, 0, 0, 0, 0, 600, 599, 599]

 ### Operon type: 191

	 A0A010RRR9	[0, 0, 0, 0, 716, 0, 0, 715, 714]

 ### Operon type: 192

	 A0A010SIA7	[0, 0, 715, 78, 0, 0, 0, 0, 0]

 ### Operon type: 193

	 A0A010RFQ9	[0, 0, 724, 0, 723, 0, 0, 0, 0]

 ### Operon type: 194

	 A0A010SPR9	[32, 32, 0, 0, 0, 723, 0, 0, 0]

 ### Operon type: 195

	 A0A009LNU8	[405, 407, 604, 408, 0, 231, 0, 489, 0]

 ### Operon type: 196

	 A0A013SRG6	[409, 408, 604, 407, 0, 406, 0, 405, 703]

 ### Operon type: 197

	 A0A009IQU8	[0, 407, 0, 0, 0, 406, 703, 0, 0]

 ### Operon type: 198

	 A0A010K2K8	[604, 408, 409, 0, 0, 0, 0, -1, 489]

 ### Operon type: 199

	 A0A011NPR8	[0, 703, 0, 0, 0, 0, 702, 0, 0]

 ### Operon type: 200

	 A0A010SEA2	[794, 702, 76, 0, 0, 0, 0, 0, 0]

 ### Operon type: 201

	 A0A010IGH8	[0, 0, 0, 0, 0, 0, 0, 317, 437]

 ### Operon type: 202

	 A0A010STD3	[0, 0, 0, 543, 542, 541, 0, 437, 317]

 ### Operon type: 203

	 A0A010SQJ5	[365, 453, 0, 543, 542, 541, 0, 0, 0]

 ### Operon type: 204

	 A0A013RVV2	[503, 0, 319, 318, 0, 0, 437, 317, 0]

 ### Operon type: 205

	 A0A011TD67	[544, 0, 0, 543, 542, 541, 540, 0, 539]

 ### Operon type: 206

	 A0A009ZC12	[0, 0, 0, 543, 0, 541, 540, 4, 826]

 ### Operon type: 207

	 A0A009YSC7	[0, 0, 733, 1, 0, 1, 319, 318, 0]

 ### Operon type: 208

	 A0A009ZJK4	[0, 0, 0, 0, 0, 0, 442, 29, 0]

 ### Operon type: 209

	 A0A010SVN1	[-1, 29, 753, 267, 432, 0, 0, 442, 0]

 ### Operon type: 210

	 A0A009PFK7	[201, 200, 199, 198, 197, 0, 0, 196, 0]
	 A0A009QGN4	[201, 200, 199, 198, 197, 196, 0, 0, 0]

 ### Operon type: 211

	 A0A009YR20	[0, 196, 0, 0, 0, 0, 200, 0, 0]

 ### Operon type: 212

	 A0A009SCM5	[68, 67, 66, 0, 0, 0, 0, 0, 0]

 ### Operon type: 213

	 A0A009TJ77	[86, 137, 0, 0, 0, 0, 68, 67, 66]

 ### Operon type: 214

	 A0A009HZV2	[0, 0, 0, 0, 256, 255, 180, 0, 0]

 ### Operon type: 215

	 A0A009QPE7	[0, 0, 0, 0, 256, 255, 0, 0, 0]

 ### Operon type: 216

	 A0A009MGR3	[0, 0, 275, 0, 519, 95, 110, 274, 273]

 ### Operon type: 217

	 A0A009Q4G0	[0, 276, 275, 0, 519, 0, 274, 273, 274]

 ### Operon type: 218

	 A0A009PB53	[0, 0, 204, 203, 519, 274, 273, 274, 202]

 ### Operon type: 219

	 A0A009PUJ8	[0, 204, 203, 519, 0, 202, 122, 118, 117]

 ### Operon type: 220

	 A0A009QQC0	[254, 0, 253, 753, 395, 395, 268, 366, 267]
	 A0A009H7I0	[254, 0, 0, 753, 395, 395, 268, 366, 267]

 ### Operon type: 221

	 A0A009MVG4	[253, 0, 396, 753, 395, 395, 268, 366, 267]

 ### Operon type: 222

	 A0A009QA91	[270, 269, 682, 753, 395, 395, 268, 366, 267]
	 A0A010J377	[270, 269, 682, 753, 395, 395, 268, 366, 267]

 ### Operon type: 223

	 A0A009S1X4	[270, 269, 682, 753, 395, 395, 753, 0, 190]

 ### Operon type: 224

	 A0A013SHF4	[0, 0, 396, 753, 395, 395, 0, 394, 0]

 ### Operon type: 225

	 A0A011N3C3	[0, 0, 0, 648, 647, 646, 645, 644, 643]
	 A0A011PJK8	[648, 647, 646, 645, 644, 643, 0, 0, 0]

 ### Operon type: 226

	 A0A011WKI4	[0, 0, 0, 0, 0, 708, 377, 376, 379]
	 A0A011UWH1	[708, 377, 376, 379, 0, 0, 0, 0, 0]

 ### Operon type: 227

	 A0A010YKP2	[0, 0, 0, 0, 0, 0, 689, 311, 0]

 ### Operon type: 228

	 A0A011V1A2	[315, 0, 0, 311, 0, 0, 0, 0, 0]

 ### Operon type: 229

	 A0A011NGS0	[0, 0, 0, 0, 706, 705, 0, 0, 0]

 ### Operon type: 230

	 A0A011PW61	[0, 0, 0, 0, 706, 705, 0, 0, 660]

 ### Operon type: 231

	 A0A011UXI1	[0, 615, 0, 0, 706, 705, 538, 0, 0]

 ### Operon type: 232

	 A0A011SWI9	[-1, -1, 0, 687, 706, 705, 538, -1, -1]

 ### Operon type: 233

	 A0A011P952	[705, 0, 671, 0, 0, 671, 0, 0, 0]

 ### Operon type: 234

	 A0A011Q1B3	[654, 698, 697, 696, 697, 767, 653, 0, 0]
	 A0A011QVV5	[0, 0, 654, 698, 697, 696, 697, 767, 653]

 ### Operon type: 235

	 A0A011NSG8	[0, 0, 0, 698, 697, 696, 0, 697, 0]

 ### Operon type: 236

	 A0A011P0X4	[0, 0, 653, 0, 697, 0, 0, 696, 65]

 ### Operon type: 237

	 A0A010YNY9	[0, 0, 59, 34, 0, 0, 0, 0, 63]

 ### Operon type: 238

	 A0A011AC71	[190, 0, 0, 435, 0, 59, 34, 0, 682]

 ### Operon type: 239

	 A0A011PRW6	[585, 0, 0, 0, 584, 856, 855, 0, 0]
	 A0A011QLX0	[0, 585, 0, 0, 584, 0, 856, 855, 0]

 ### Operon type: 240

	 A0A010SML6	[0, 856, 855, -1, 0, 699, 0, 0, 0]

 ### Operon type: 241

	 A0A010RS09	[0, 0, 0, 0, 50, 0, 722, 722, 0]

 ### Operon type: 242

	 A0A010RTE7	[0, 0, 0, 0, 0, 0, 50, 137, 0]

 ### Operon type: 243

	 A0A009P817	[272, 0, 0, 0, 148, 0, 388, 147, 146]

 ### Operon type: 244

	 A0A009TIY0	[0, 0, 0, 0, 148, 0, 388, 147, 0]

 ### Operon type: 245

	 A0A009QKA3	[388, 147, 0, 146, 0, 0, 0, 0, 201]

 ### Operon type: 246

	 A0A009HSR2	[0, 93, 92, 0, 91, 158, 159, 180, 160]

 ### Operon type: 247

	 A0A009SWM1	[0, 93, 92, 0, 91, 0, 0, 159, 0]

 ### Operon type: 248

	 A0A009MYX0	[161, 160, 0, 648, 0, 0, 159, 158, 157]

 ### Operon type: 249

	 A0A009QK79	[0, 0, 157, 158, 0, 159, 0, 0, 160]

 ### Operon type: 250

	 A0A009GXJ1	[310, 309, 158, 159, 101, 180, 160, 161, 0]

 ### Operon type: 251

	 A0A013TKW8	[0, 628, 0, 489, 488, 487, 486, 485, 484]
	 A0A010IT95	[0, 0, 0, 489, 488, 487, 486, 485, 484]
	 A0A009QT77	[0, 0, -1, 489, 488, 487, 486, 485, 484]
	 A0A009PRQ9	[0, 489, 156, 0, 488, 487, 486, 485, 484]
	 A0A009MH36	[0, 0, 0, 489, 488, 487, 486, 485, 484]
	 A0A009GWD0	[180, 0, 0, 489, 488, 487, 486, 485, 484]
	 A0A009I5G9	[0, 0, 489, 156, 488, 487, 486, 485, 484]
	 A0A009S0T6	[0, 0, 489, 156, 488, 487, 486, 485, 484]

 ### Operon type: 252

	 A0A013TMJ7	[704, -1, 0, 489, 488, 485, 484, 0, 0]

 ### Operon type: 253

	 A0A011VXC2	[-1, 564, 0, 587, 563, 562, 561, 560, 559]
	 A0A011V392	[564, 0, 587, 563, 562, 561, 0, 560, 559]

 ### Operon type: 254

	 A0A011V490	[390, 389, 0, 559, 560, 561, 562, 563, 587]

 ### Operon type: 255

	 A0A011VZF5	[0, 0, 563, 562, 561, 787, 389, 787, 0]

 ### Operon type: 256

	 A0A011WLE7	[0, 0, 0, 0, 0, 375, 0, 0, 0]
	 A0A011VU44	[0, 0, 0, 0, 0, 375, 0, 0, 0]

 ### Operon type: 257

	 A0A011VAP2	[0, 0, 210, 0, 0, 0, 0, 0, 423]

 ### Operon type: 258

	 A0A011VRJ8	[0, 0, 0, 0, 0, 0, 210, 0, 0]

 ### Operon type: 259

	 A0A011RNU1	[0, 0, 0, 0, 0, 0, 846, 846, 845]

 ### Operon type: 260

	 A0A011VKJ9	[0, 0, 0, 0, 0, 0, 845, 846, -1]

 ### Operon type: 261

	 A0A011PQZ7	[0, 0, 0, 589, 656, 0, 588, 0, 0]

 ### Operon type: 262

	 A0A011TUX4	[0, 0, 0, 0, 656, 0, 0, 588, 0]

 ### Operon type: 263

	 A0A011STZ9	[0, 0, 0, 588, 0, 0, 0, 0, 0]

 ### Operon type: 264

	 A0A011PRF5	[586, 0, 0, 0, 0, 0, 0, 0, 0]
	 A0A011PUJ9	[0, 0, 0, 0, 0, 0, 0, 0, 586]

 ### Operon type: 265

	 A0A011PFY8	[0, 0, 0, 0, 0, 0, 0, 0, 627]

 ### Operon type: 266

	 A0A011PNS3	[802, 627, 0, 0, 0, 0, 0, 0, 0]

 ### Operon type: 267

	 A0A011T648	[0, 627, 0, 0, 0, 0, 0, 799, 0]

 ### Operon type: 268

	 A0A010YYJ5	[0, 0, 0, 787, 0, 0, 0, 48, 48]

 ### Operon type: 269

	 A0A011NDM5	[787, 0, 0, 0, 0, 0, 0, 0, 0]

 ### Operon type: 270

	 A0A011MSR2	[0, 0, 0, 649, 0, 0, 0, 787, 787]

 ### Operon type: 271

	 A0A011WSU6	[0, 787, 0, 0, 560, 0, 0, 0, 0]

 ### Operon type: 272

	 A0A011U3C2	[0, 0, 675, 0, 0, 0, 0, 0, 0]
	 A0A011AEN3	[0, 0, 0, 0, 0, 0, 675, 0, 0]

 ### Operon type: 273

	 A0A011AAZ2	[0, 64, 0, 0, 0, 675, 675, 675, 0]

 ### Operon type: 274

	 A0A011T698	[0, 0, 0, 0, 0, 682, 675, 0, 0]

 ### Operon type: 275

	 A0A010YRE8	[0, 0, 0, 0, 0, 0, 0, 11, 0]

 ### Operon type: 276

	 A0A011AF05	[0, 0, 190, 11, 0, 0, 0, 0, 0]

 ### Operon type: 277

	 A0A009ZG48	[0, 0, 0, 628, 0, 0, 0, 0, 0]

 ### Operon type: 278

	 A0A011PEJ8	[0, 0, 629, 628, 0, 0, 0, 0, 0]

 ### Operon type: 279

	 A0A011QNJ7	[710, 0, 0, 628, 0, 0, 0, 710, 0]

 ### Operon type: 280

	 A0A011MMJ4	[0, 0, 0, 0, 0, 0, 0, 710, 0]

 ### Operon type: 281

	 A0A011R8M3	[0, 0, 629, 628, 0, 537, 0, 710, 0]

 ### Operon type: 282

	 A0A009ZC82	[0, 0, 684, 0, 0, 0, 0, 0, 0]

 ### Operon type: 283

	 A0A011P3F6	[699, 0, 0, 684, 0, 0, 0, 0, 0]

 ### Operon type: 284

	 A0A009IG48	[0, 0, 0, 176, 175, 0, 0, 0, 699]

 ### Operon type: 285

	 A0A009IMQ0	[0, 0, 0, 176, 175, 0, 0, 0, 0]

 ### Operon type: 286

	 A0A009SWV1	[0, 0, 0, 0, 0, 0, 0, 176, 0]

 ### Operon type: 287

	 A0A009Q512	[0, 0, 0, 0, 271, 0, 0, 0, 0]
	 A0A009PMZ9	[271, 0, 0, 0, 0, 0, 0, 0, 0]

 ### Operon type: 288

	 A0A009IFL2	[0, 72, 0, 71, -1, 0, 0, 0]

 ### Operon type: 289

	 A0A009ZDS1	[-1, -1, 0, 72, 0, 0, 472, 0, 0]

 ### Operon type: 290

	 A0A010SNM6	[61, 60, -1, 0, 0, 0, 704, 0, 0]

 ### Operon type: 291

	 A0A010T5D8	[60, 61, 0, -1, 0, -1, 369, 0, 0]

 ### Operon type: 292

	 A0A011UB51	[555, 0, 0, 0, 0, 0, 0, 0, 0]
	 A0A011UFH1	[0, 0, 0, 0, 0, 555, 0, 0, 0]

 ### Operon type: 293

	 A0A011V965	[0, -1, -1, 0, 211, 0, -1, -1, 0]
	 A0A011VHP2	[0, -1, -1, -1, 211, 0, 0, 0, 0]

 ### Operon type: 294

	 A0A010RVD0	[-1, 0, 0, -1, 0, 818, 818, 0, 33]

 ### Operon type: 295

	 A0A010T7Q5	[0, 33, 0, 0, 0, 0, -1, 0, 0]

 ### Operon type: 296

	 A0A010SJH7	[0, 0, 704, -1, 0, 0, 268, 0, 0]

 ### Operon type: 297

	 A0A010SRR2	[0, 0, -1, 0, 0, 0, 0, 0, 704]

 ### Operon type: 298

	 A0A010RKP8	[0, 0, 0, 0, 0, 0, -1, 0, 0]
	 A0A009HJU6	[0, 0, 0, 0, 0, 0, 0, 0, -1]
	 A0A011UZ32	[0, 0, 0, 0, 0, -1, 0, 0, 0]
	 A0A010TF14	[-1, 0, 0, 0, 0, 0, 0, 0, 0]
	 A0A010RY47	[-1, 0, -1, 0, 0, 0, 0, 0, 0]

 ### Operon type: 299

	 A0A010SJF9	[0, 0, 0, 0, 0, -1, 0, 62, -1]

 ### Operon type: 300

	 A0A011ML54	[0, 0, 0, 711, 0, 0, 0, 0, -1]

 ### Operon type: 301

	 A0A011NHY1	[0, 0, 0, 0, 0, 704, 0, 0, 0]

 ### Operon type: 302

	 A0A010Z171	[0, 0, 0, 0, 0, 0, 704, 0, 648]

 ### Operon type: 303

	 A0A011T697	[704, 0, 0, 0, 0, 0, 0, 0, 388]

 ### Operon type: 304

	 A0A011TDD1	[0, 433, 704, 0, 0, 0, 0, 0, 0]

 ### Operon type: 305

	 A0A011VW24	[0, 0, 859, 0, 0, 0, 0, 0, -1]

 ### Operon type: 306

	 A0A011T8V3	[0, 0, 859, 0, 0, 0, 0, 0, 0]

 ### Operon type: 307

	 A0A010TH98	[660, 0, 0, 859, 0, 0, 0, 0, 0]

 ### Operon type: 308

	 A0A011QVR3	[0, 0, 0, 0, 0, 0, 0, 804, 859]

 ### Operon type: 309

	 A0A011VYF1	[859, 0, 0, 0, 0, 0, 555, 0, 0]

 ### Operon type: 310

	 A0A010S415	[-1, 859, 0, 267, 0, 0, 0, 0, 461]

 ### Operon type: 311

	 A0A011QSN2	[0, 0, 0, 0, 0, 0, 0, 0, 0]
	 A0A011NAJ1	[0, 0, 0, 0, 0, 0, 0, 0, 0]
	 A0A011NMI8	[0, 0, 0, 0, 0, 0, 0, 0, 0]
	 A0A011NTU3	[0, 0, 0, 0, 0, 0, 0, 0, 0]
	 A0A011P9Z5	[0, 0, 0, 0, 0, 0, 0, 0, 0]
	 A0A011Q056	[0, 0, 0, 0, 0, 0, 0, 0, 0]
	 A0A011N2Z0	[0, 0, 0, 0, 0, 0, 0, 0, 0]
	 A0A011PBM9	[0, 0, 0, 0, 0, 0, 0, 0, 0]
	 A0A011PNN2	[0, 0, 0, 0, 0, 0, 0, 0, 0]
	 A0A011VYF6	[0, 0, 0, 0, 0, 0, 0, 0, 0]
	 A0A013TEV4	[0, 0, 0, 0, 0, 0, 0, 0, 0]
	 A0A011QMJ8	[0, 0, 0, 0, 0, 0, 0, 0, 0]
	 A0A013S2B9	[0, 0, 0, 0, 0, 0, 0, 0, 0]
	 A0A013SBR8	[0, 0, 0, 0, 0, 0, 0, 0, 0]
	 A0A013SL47	[0, 0, 0, 0, 0, 0, 0, 0, 0]
	 A0A011WUT3	[0, 0, 0, 0, 0, 0, 0, 0, 0]
	 A0A011UHL2	[0, 0, 0, 0, 0, 0, 0, 0, 0]
	 A0A011UBN9	[0, 0, 0, 0, 0, 0, 0, 0, 0]
	 A0A009M4K0	[0, 0, 0, 0, 0, 0, 0, 0, 0]
	 A0A009PDV4	[0, 0, 0, 0, 0, 0, 0, 0, 0]
	 A0A011VNE2	[0, 0, 0, 0, 0, 0, 0, 0, 0]
	 A0A009MH90	[0, 0, 0, 0, 0, 0, 0, 0, 0]
	 A0A009HIL8	[0, 0, 0, 0, 0, 0, 0, 0, 0]
	 A0A010SHY1	[0, 0, 0, 0, 0, 0, 0, 0, 0]
	 A0A011UFM5	[0, 0, 0, 0, 0, 0, 0, 0, 0]
	 A0A010YJA7	[0, 0, 0, 0, 0, 0, 0, 0, 0]
	 A0A010SPJ7	[0, 0, 0, 0, 0, 0, 0, 0, 0]
	 A0A010SSQ8	[0, 0, 0, 0, 0, 0, 0, 0, 0]
	 A0A010T025	[0, 0, 0, 0, 0, 0, 0, 0, 0]
	 A0A010ZTI3	[0, 0, 0, 0, 0, 0, 0, 0, 0]
	 A0A011A146	[0, 0, 0, 0, 0, 0, 0, 0, 0]
	 A0A010YZS8	[0, 0, 0, 0, 0, 0, 0, 0, 0]
	 A0A010Z120	[0, 0, 0, 0, 0, 0, 0, 0, 0]

 ### Operon type: 312

	 A0A010TG27	[708, 0, 54, 0, 0, 0, 753, 0, 0]

 ### Operon type: 313

	 A0A011PMK1	[0, 0, 0, 0, 0, 0, 0, 708, 0]

 ### Operon type: 314

	 A0A009HM15	[0, 227, 115, 0, 0, 0, -1, 0, 0]

 ### Operon type: 315

	 A0A009HRU1	[0, 158, 0, 0, 0, 0, 0, 0, 0]

 ### Operon type: 316

	 A0A009HSN8	[0, 276, 0, 0, 0, -1, 0, 202, -1]

 ### Operon type: 317

	 A0A009HV82	[122, 0, 0, 0, 0, 0, 0, 0, 0]

 ### Operon type: 318

	 A0A009IG74	[0, 0, 139, 0, 401, -1, 0, 0, 0]

 ### Operon type: 319

	 A0A009IJ90	[0, 86, 0, 0, 0, 0, 0, 0, 0]

 ### Operon type: 320

	 A0A009NM94	[0, 837, 837, 0, 0, 0, 433, 0, 0]

 ### Operon type: 321

	 A0A009Q4N5	[0, 0, 272, 0, 0, 0, 0, 0, 0]

 ### Operon type: 322

	 A0A009SSZ9	[0, 87, 0, 0, 0, 0, 0, 0, 0]

 ### Operon type: 323

	 A0A009YIH1	[0, 0, 0, 0, 229, 0, -1, -1, 2]

 ### Operon type: 324

	 A0A009YR05	[0, 0, 0, 0, 168, 0, 0, 0, 0]

 ### Operon type: 325

	 A0A009Z004	[127, 0, 127, 0, 0, 648, 0, 0, 0]

 ### Operon type: 326

	 A0A010RUQ5	[0, 0, 0, 0, 0, 0, 0, 0, 252]

 ### Operon type: 327

	 A0A010S195	[684, 0, 58, 57, 0, 0, 0, 0, 0]

 ### Operon type: 328

	 A0A010SCZ2	[0, 0, 0, 0, 0, 0, 0, 422, 0]

 ### Operon type: 329

	 A0A010SN41	[0, 0, 0, 0, 410, 0, 0, 0, 0]

 ### Operon type: 330

	 A0A010SSU2	[0, 0, 0, 0, 101, 0, -1, 672, 0]

 ### Operon type: 331

	 A0A010SUP6	[0, 0, 0, 0, 0, 0, 0, 57, 0]

 ### Operon type: 332

	 A0A010SUY9	[0, 0, 0, 0, 0, 537, 629, 0]

 ### Operon type: 333

	 A0A010THK2	[0, 0, -1, 0, 0, 722, 648, 0, 0]

 ### Operon type: 334

	 A0A010SRL4	[54, 0, 0, -1, 0, 0, 0, 648, 172]

 ### Operon type: 335

	 A0A010YX61	[346, 675, 0, 859, 0, 0, 0, 0, 0]

 ### Operon type: 336

	 A0A010S5W8	[0, 0, 649, 767, 0, 0, 0, 0, 0]

 ### Operon type: 337

	 A0A011NE37	[574, 0, 0, 0, 0, 0, 0, 0, 0]

 ### Operon type: 338

	 A0A011NF78	[0, 0, 825, 0, 0, 0, 0, 0, 0]

 ### Operon type: 339

	 A0A011NVE2	[0, 0, 0, 799, 0, 0, 704, 0, 694]

 ### Operon type: 340

	 A0A011NXJ4	[0, 0, 0, 0, 0, 0, 0, 0, 688]

 ### Operon type: 341

	 A0A011P8I1	[0, 0, 676, 675, 0, 0, 0, 0, 674]

 ### Operon type: 342

	 A0A011P9Q7	[670, 0, 0, 0, 0, 0, 0, 0, 0]

 ### Operon type: 343

	 A0A011PJ75	[0, 799, 575, 799, 0, 0, 0, 0, 0]

 ### Operon type: 344

	 A0A011PRB4	[0, 0, 0, 0, 0, 0, 0, 587, 0]

 ### Operon type: 345

	 A0A011QVT2	[803, 0, 0, 0, 0, 0, 0, 802, 0]

 ### Operon type: 346

	 A0A011RP14	[0, 0, 0, 0, 0, 0, 0, 844, 0]

 ### Operon type: 347

	 A0A011SM49	[704, 0, 844, 0, 0, 0, 609, 0, 0]

 ### Operon type: 348

	 A0A011AM27	[588, 0, 0, 0, 475, 0, 0, 0, 28]

 ### Operon type: 349

	 A0A011T607	[0, 0, 767, 0, 0, 0, 0, 0, 433]

 ### Operon type: 350

	 A0A011TAW2	[0, 0, 0, 0, 0, 0, 434, 0, 0]

 ### Operon type: 351

	 A0A011TED9	[0, 0, 0, 0, 0, 550, 0, 0, 0]

 ### Operon type: 352

	 A0A011TXS5	[0, 601, 0, 0, 0, 0, 0, 0, 0]

 ### Operon type: 353

	 A0A011U144	[0, 252, 0, 0, 0, 0, 688, 514, 0]

 ### Operon type: 354

	 A0A011U1C8	[682, 0, 0, 0, 0, 0, 0, 0, 251]

 ### Operon type: 355

	 A0A011U483	[0, 0, 0, 0, 0, 681, 0, 0, 0]

 ### Operon type: 356

	 A0A011UG86	[0, 698, 0, 0, 0, 62, 0, 0, 0]

 ### Operon type: 357

	 A0A011UQB5	[834, 734, 0, 0, 0, 0, 0, 555, 0]

 ### Operon type: 358

	 A0A011UVI5	[0, 0, 0, 0, 0, 63, 799, 799, 0]

 ### Operon type: 359

	 A0A011UWI3	[0, 0, 0, 0, 150, 0, 82, 684, 0]

 ### Operon type: 360

	 A0A011V5E6	[0, 0, 0, 0, 0, 412, 0, 0, 0]

 ### Operon type: 361

	 A0A011M4H6	[423, 0, 719, 0, 0, 0, 0, 0, 0]

 ### Operon type: 362

	 A0A011VSV3	[0, 0, 0, 0, 0, 0, 623, 0, 0]

 ### Operon type: 363

	 A0A011VWI0	[0, 0, 0, 0, 0, 225, 0, 0, 0]

 ### Operon type: 364

	 A0A011VZ91	[379, 0, 0, 0, 0, 0, 0, 0, 0]

 ### Operon type: 365

	 A0A011WP76	[0, 0, 0, 0, 0, 0, 0, 0, 806]

 ### Operon type: 366

	 A0A011WSD4	[0, 0, 0, -1, 0, 787, 0, 0, 389]

 ### Operon type: 367

	 A0A011WT35	[389, 0, 0, 0, 0, 0, 0, 0, 0]

 ### Operon type: 368

	 A0A013S843	[0, 366, 0, 0, 0, 0, -1, 365, 0]

 ### Operon type: 369

	 A0A013T5E6	[0, 0, 0, 519, 0, 0, 0, 0, 0]

 ### Operon type: 370

	 A0A009T185	[800, 0, 575, 575, 456, 799, 575, 596, 768]

 ### Operon type: 371

	 A0A010IN36	[457, 704, 0, 0, 456, 799, 575, 596, 768]

 ### Operon type: 372

	 A0A009PG43	[799, 575, 494, 802, 0, 596, 768, 0, 0]

 ### Operon type: 373

	 A0A009INE0	[457, 0, 0, 0, 0, 0, 0, 575, 596]

 ### Operon type: 374

	 A0A009T9H0	[0, 2, 699, -1, 0, 0, 159, 0, 158]

 ### Operon type: 375

	 A0A010THH5	[0, 76, 72, 63, 0, 0, 829, 0, 472]

 ### Operon type: 376

	 A0A011WSH8	[0, 0, 0, 753, 411, 0, 0, 0, 0]
	 A0A011VZE3	[0, 0, 0, 753, 411, 0, 0, 0, 0]

 ### Operon type: 377

	 A0A011NAF3	[0, 0, 0, 0, 0, 0, 753, 0, 758]

 ### Operon type: 378

	 A0A009IQ93	[247, 0, 753, 0, 0, 172, 0, 0, 0]

 ### Operon type: 379

	 A0A009Q8S9	[0, 0, 699, 397, 0, 590, 0, 0, 0]

 ### Operon type: 380

	 A0A009TLU4	[0, 601, -1, 231, 0, 31, 0, -1, -1]

 ### Operon type: 381

	 A0A009ZB47	[119, 152, 0, 0, 0, 787, 470, 0, 0]

 ### Operon type: 382

	 A0A009ZVR4	[842, 0, 675, 0, 0, 48, 0, 0, 47]

 ### Operon type: 383

	 A0A010JIN9	[470, 0, 0, 137, 257, 0, 0, 0, 0]

 ### Operon type: 384

	 A0A010S003	[619, 0, 0, 0, 0, 698, 698, 453, 0]

 ### Operon type: 385

	 A0A010SMN8	[0, -1, 59, 0, 723, 0, 0, 626, 0]

 ### Operon type: 386

	 A0A010SXS1	[0, 494, 0, 0, 0, 593, 0, 0, 802]

 ### Operon type: 387

	 A0A010T689	[28, -1, 829, 848, 0, 0, 0, 0, 0]

 ### Operon type: 388

	 A0A010TBB4	[0, 321, 0, 62, 0, 0, 0, 0, 682]

 ### Operon type: 389

	 A0A010YFK3	[0, 861, 0, 0, 0, 0, 162, 0, 251]

 ### Operon type: 390

	 A0A010YVY1	[8, 0, 8, 0, 0, 0, 0, 453, 0]

 ### Operon type: 391

	 A0A010ZSZ2	[0, 64, 0, 25, 24, 0, 0, 0, 0]

 ### Operon type: 392

	 A0A010Z0Y7	[0, 0, 0, 0, 24, 267, 0, 0, 0]

 ### Operon type: 393

	 A0A011A0M8	[0, 0, 648, 0, 71, 0, 0, 10, 10]

 ### Operon type: 394

	 A0A011NFL4	[0, 836, 0, 0, 709, 708, 0, 707, 0]

 ### Operon type: 395

	 A0A011P407	[0, 0, 683, 835, 0, 0, 682, 0, 681]

 ### Operon type: 396

	 A0A011QGT2	[753, 0, 0, 645, 644, 0, 0, 0, 0]

 ### Operon type: 397

	 A0A011QSA4	[828, 0, 827, 826, 0, 0, 0, 0, 825]

 ### Operon type: 398

	 A0A011T6J6	[0, 790, 0, 675, 0, 0, 387, 0, 386]

 ### Operon type: 399

	 A0A011TAL2	[0, 767, 0, 0, 0, 435, 0, 689, 0]

 ### Operon type: 400

	 A0A011TZG0	[648, 788, 0, 0, 0, 0, 0, 598, 0]

 ### Operon type: 401

	 A0A011UGY3	[414, 413, 412, 56, 0, 0, 0, 56, 0]

 ### Operon type: 402

	 A0A011UII7	[0, 0, 0, 0, 0, 694, 597, 0, 0]

 ### Operon type: 403

	 A0A011UNT9	[590, 612, 0, 0, 0, 0, 0, 0, 0]

 ### Operon type: 404

	 A0A011SIS0	[0, 776, 613, 613, 0, 0, 0, 612, 0]

 ### Operon type: 405

	 A0A011UT49	[0, 64, 0, 0, 0, 0, 494, 170, 0]

 ### Operon type: 406

	 A0A011VU65	[163, 0, 0, 0, 0, 162, 0, 623, 246]

 ### Operon type: 407

	 A0A011VV03	[0, 425, 0, 0, 424, 423, 0, 0, 0]

 ### Operon type: 408

	 A0A011VVZ9	[0, 0, -1, 0, 0, 422, 421, 421, 611]

 ### Operon type: 409

	 A0A011VWX7	[802, 565, 0, 0, 0, 0, 0, 830, 0]

 ### Operon type: 410

	 A0A011VXK7	[837, 837, 0, 558, 0, 0, 0, 792, 0]

 ### Operon type: 411

	 A0A011W0I6	[378, 0, 0, 0, 0, 637, 0, 711, 0]

 ### Operon type: 412

	 A0A010YEF6	[0, 378, 0, 0, 0, 0, 0, 0, 35]

 ### Operon type: 413

	 A0A013SQH1	[0, 0, 0, 0, 410, 616, 0, 489, 744]

 ### Operon type: 414

	 A0A009QJA8	[118, 117, 0, 0, 0, 0, 0, 0, 732]

 ### Operon type: 415

	 A0A009YL68	[0, 0, 682, 348, 344, 0, 0, 4, 0]

 ### Operon type: 416

	 A0A010JNG7	[489, 0, 0, 480, 0, 0, 0, 0, 0]

 ### Operon type: 417

	 A0A010RM40	[721, 753, 720, 0, 0, 0, 0, -1, 754]

 ### Operon type: 418

	 A0A010RRQ6	[0, 719, 0, 0, 0, 723, 718, 717, 0]

 ### Operon type: 419

	 A0A010S423	[387, 0, 0, 0, 0, 0, 0, 82, 841]

 ### Operon type: 420

	 A0A010T0I7	[0, 0, 35, 0, 0, 676, 827, 753, 0]

 ### Operon type: 421

	 A0A010ZUR7	[425, 23, 0, 23, 0, 22, 453, 0, 0]

 ### Operon type: 422

	 A0A011NA78	[0, 755, 0, 0, 0, 818, 0, 0, 754]

 ### Operon type: 423

	 A0A011P8W7	[673, 683, 802, 0, 672, 0, 0, 0, 0]

 ### Operon type: 424

	 A0A011PG97	[626, 0, 0, 625, 0, 0, 0, 0, 0]

 ### Operon type: 425

	 A0A011PKT4	[0, 616, 0, 0, 0, 0, 615, 0, 0]

 ### Operon type: 426

	 A0A011PLB2	[0, 673, 0, 617, 0, 0, 0, 0, 0]

 ### Operon type: 427

	 A0A011R339	[0, 0, 0, 0, 0, 0, 310, 309, 0]

 ### Operon type: 428

	 A0A011SFE5	[0, 0, 0, 837, 0, 0, 836, 835, 834]

 ### Operon type: 429

	 A0A011SJT5	[0, 0, 0, 611, 610, 610, 610, 610, 610]

 ### Operon type: 430

	 A0A011TDQ5	[0, 0, 0, 0, 432, 639, 0, 0, 0]

 ### Operon type: 431

	 A0A011VT01	[0, 0, 164, 0, 0, 164, 0, 0, 184]

 ### Operon type: 432

	 A0A009Z3V9	[753, 0, 0, 0, 0, 126, 646, 125, 124]

 ### Operon type: 433

	 A0A010SRB2	[31, 30, 0, 0, 0, 30, 61, 0, 0]

 ### Operon type: 434

	 A0A010KA25	[470, 0, 829, 439, 277, 0, 0, 470, 363]

 ### Operon type: 435

	 A0A011TZN1	[300, 299, 298, 0, 297, 0, 0, 0, 0]

 ### Operon type: 436

	 A0A011VJ76	[171, 171, 170, 707, 0, 753, 648, 0, 683]

 ### Operon type: 437

	 A0A011UG17	[181, 0, 380, 0, 419, 163, 0, 0, 0]

 ### Operon type: 438

	 A0A011WUA8	[773, 0, 0, 327, 0, 0, 0, 326, 326]

 ### Operon type: 439

	 A0A010S4X6	[0, 267, 720, 698, 332, 0, 690, 614, 722]

 ### Operon type: 440

	 A0A010YY02	[0, 7, 0, 0, 7, 657, 6, 0, 9]
