
 ### Operon type: 1

	 A0A010ILU3	[385, 384, 383, 438, 382, 381, 380, 379, 443]
	 A0A009QBR9	[385, 384, 383, 438, 382, 381, 379, 443, 346]
	 A0A009H3B0	[385, 384, 383, 438, 382, 381, 380, 379, 443]
	 A0A009QS71	[385, 384, 383, 438, 382, 381, 380, 379, 443]
	 A0A009MW50	[385, 384, 383, 438, 382, 381, 380, 379, 443]
	 A0A009I8S2	[385, 384, 383, 438, 382, 381, 379, 443, 346]
	 A0A009TM70	[385, 384, 383, 438, 382, 381, 379, 443, 346]

 ### Operon type: 2

	 A0A013TH43	[431, 430, 429, 428, 427, 426, 425, 424, 423]
	 A0A009RAF0	[431, 430, 429, 428, 427, 426, 425, 424, 423]

 ### Operon type: 3

	 A0A011PVT3	[840, 839, 838, 837, 836, 835, 834, 833, 832]
	 A0A011R7V7	[840, 839, 838, 837, 836, 835, 834, 833, 832]
	 A0A011MET3	[840, 839, 838, 837, 836, 835, 834, 833, 832]

 ### Operon type: 4

	 A0A013SNJ8	[586, 444, 443, 442, 441, 486, 451, 440, 439]
	 A0A009HBT3	[586, 444, 443, 442, 441, 486, 451, 440, 439]
	 A0A009RD69	[586, 444, 443, 442, 441, 486, 451, 440, 439]
	 A0A009PH20	[586, 444, 443, 442, 441, 486, 451, 440, 439]
	 A0A010J9U3	[586, 444, 443, 442, 441, 486, 451, 440, 439]
	 A0A013RZW2	[586, 444, 443, 442, 441, 486, 451, 440, 439]
	 A0A009MMM3	[586, 444, 443, 442, 441, 486, 451, 440, 439]
	 A0A009IV03	[586, 444, 443, 442, 441, 486, 451, 440, 439]
	 A0A009SIZ4	[586, 444, 443, 442, 441, 486, 451, 440, 439]
	 A0A009YIZ0	[586, 444, 443, 442, 441, 486, 451, 440, 439]

 ### Operon type: 5

	 A0A009PH57	[172, 171, -1, 170, 169, 797, 168, 212, 167]
	 A0A009TG92	[172, 171, -1, 170, 169, 797, 168, 212, 167]

 ### Operon type: 6

	 A0A013SXT2	[490, 489, 488, 487, 486, 485, 484, 483, 482]
	 A0A009N031	[490, 489, 488, 487, 486, 485, 484, 483, 482]
	 A0A009PWG1	[490, 489, 488, 487, 486, 485, 484, 483, 482]
	 A0A010J3I1	[490, 489, 488, 487, 486, 485, 484, 483, 482]
	 A0A013S288	[490, 489, 488, 487, 486, 485, 484, 483, 482]
	 A0A009I0I9	[490, 489, 488, 487, 486, 485, 484, 483, 482]
	 A0A009SFX8	[490, 489, 488, 487, 56, 486, 485, 484, 483]
	 A0A009R2X0	[490, 489, 488, 487, 486, 485, 484, 483, 482]
	 A0A009TBM2	[489, 488, 487, 56, 486, 485, 484, 483, 482]

 ### Operon type: 7

	 A0A013T8M5	[508, 748, 659, 507, 506, 668, 505, 504, 503]
	 A0A013SZ54	[508, 748, 659, 507, 506, 668, 505, 504, 503]
	 A0A009IRJ6	[508, 748, 659, 507, 506, 668, 505, 504, 503]
	 A0A009RBQ2	[508, 748, 659, 507, 506, 668, 505, 504, 503]
	 A0A010IMP8	[508, 748, 659, 507, 506, 668, 505, 504, 503]
	 A0A009N123	[508, 748, 659, 507, 506, 668, 505, 504, 503]
	 A0A009Q3K7	[508, 748, 659, 507, 506, 668, 505, 504, 503]
	 A0A009SWU0	[508, 748, 659, 507, 506, 668, 505, 504, 503]
	 A0A009H7U0	[508, 748, 659, 507, 506, 668, 505, 504, 503]
	 A0A009ZM43	[-1, 748, 659, 507, 506, 668, 505, 504, 503]

 ### Operon type: 8

	 A0A009ZIC0	[578, 577, 576, 575, 574, 573, 572, 571, 570]
	 A0A009QDV7	[-1, 577, 576, 575, 574, 573, 572, 571, 570]
	 A0A013RMD0	[-1, 577, 576, 575, 574, 573, 572, 571, 570]
	 A0A009RG92	[-1, 577, 576, 575, 574, 573, 572, 571, 570]
	 A0A009N9Z1	[-1, 577, 576, 575, 574, 573, 572, 571, 570]
	 A0A010JDA6	[-1, 577, 576, 575, 574, 573, 572, 571, 570]
	 A0A009IHQ3	[-1, 577, 576, 575, 574, 573, 572, 571, 570]
	 A0A009S854	[-1, 577, 576, 575, 574, 573, 572, 571, 570]
	 A0A009H6M2	[-1, 577, 576, 575, 574, 573, 572, 571, 570]

 ### Operon type: 9

	 A0A011V5V3	[0, 205, 204, 203, 202, 201, 200, 199, 198]
	 A0A011UIA1	[205, 204, 203, 202, 201, 200, 199, 198, 0]

 ### Operon type: 10

	 A0A011NE72	[658, 657, 656, 655, 654, 653, 652, 651, 0]
	 A0A011PTE7	[658, 657, 656, 655, 654, 0, 653, 652, 651]

 ### Operon type: 11

	 A0A010JWJ1	[367, 84, 831, 132, 366, 365, 364, 363, 362]
	 A0A009I4A1	[367, 84, 831, 132, 366, 365, 364, 363, 362]

 ### Operon type: 12

	 A0A009QF22	[369, 368, 367, 0, 366, 365, 364, 363, 362]
	 A0A009TBY8	[369, 368, 367, 132, 366, 365, 364, 363, 362]

 ### Operon type: 13

	 A0A011NEY3	[650, 872, 873, 871, 871, 870, 869, 868, 0]

 ### Operon type: 14

	 A0A011PAN4	[872, 873, 0, 871, 871, 870, 869, 868, 867]

 ### Operon type: 15

	 A0A011RCD5	[650, 872, 873, 871, 871, 870, 869, 868, 867]

 ### Operon type: 16

	 A0A011NAY5	[620, 619, 618, 617, 616, 615, 614, 613, 0]
	 A0A011P4U7	[0, 620, 619, 618, 617, 616, 615, 614, 613]

 ### Operon type: 17

	 A0A011PF67	[860, 859, 858, 857, 856, 0, 0, 0, 0]
	 A0A011NBX7	[860, 859, 858, 857, 856, 609, 0, 0, 0]
	 A0A011NW66	[860, 859, 858, 857, 856, 609, 0, 0, 0]

 ### Operon type: 18

	 A0A011NS68	[860, 859, 858, 857, 856, 500, 499, 559, 595]
	 A0A011RHX4	[860, 859, 858, 857, 856, 500, 499, 559, 0]

 ### Operon type: 19

	 A0A010YT39	[0, 558, 330, 329, 328, 327, 326, 325, 324]

 ### Operon type: 20

	 A0A010Z7T4	[330, 329, 328, 327, 326, 325, 324, 323, 661]

 ### Operon type: 21

	 A0A013SP43	[453, 452, 451, 450, 449, 448, 447, 446, 445]
	 A0A010K6G6	[453, 452, 451, 450, 449, 448, 447, 0, 445]
	 A0A009RUN3	[453, 452, 451, 450, 449, 448, 447, 446, 445]

 ### Operon type: 22

	 A0A011VWR4	[0, 0, 0, 0, 548, 547, 546, 545, 544]

 ### Operon type: 23

	 A0A011VYP6	[548, 547, 546, 545, 544, 0, 543, 837, 0]

 ### Operon type: 24

	 A0A011QAS2	[0, 740, 739, 738, 737, 736, 735, 734, 733]
	 A0A011NEQ1	[0, 740, 739, 738, 737, 736, 735, 734, 733]

 ### Operon type: 25

	 A0A010JSI3	[557, 556, 555, 554, 553, 552, 551, 550, 0]
	 A0A013T0M4	[557, 556, 555, 554, 553, 552, 551, 550, 0]
	 A0A009HDS5	[557, 556, 555, 554, 553, 552, 551, 550, 268]
	 A0A009RGL2	[557, 556, 555, 554, 553, 552, 551, 550, 268]

 ### Operon type: 26

	 A0A009SNL0	[69, 68, 177, 159, 158, 157, 156, 155, 154]

 ### Operon type: 27

	 A0A009T1I8	[177, 159, 158, 157, 156, 155, 154, 0, 0]

 ### Operon type: 28

	 A0A011VW71	[0, 628, 627, 626, 625, 624, 623, 622, 621]
	 A0A011VUV0	[628, 627, 626, 625, 624, 623, 622, 621, 0]

 ### Operon type: 29

	 A0A011UG71	[193, 291, 192, 197, 196, 292, 195, 289, 194]

 ### Operon type: 30

	 A0A011V8Z7	[0, 0, 193, 291, 192, 197, 196, 292, 195]

 ### Operon type: 31

	 A0A011V8Y9	[197, 196, 292, 195, 289, 194, 0, 0, 0]

 ### Operon type: 32

	 A0A011U8C0	[0, 292, 291, 0, 290, 289, 0, 0, 0]

 ### Operon type: 33

	 A0A011QBB5	[811, 810, 809, 808, 807, 806, 805, 804, 803]
	 A0A011QSF0	[0, 810, 809, 808, 807, 806, 805, 804, 0]
	 A0A011Q0X6	[811, 810, 809, 808, 807, 806, 805, 804, 803]
	 A0A011Q1X8	[810, 0, 809, 808, 807, 806, 805, 804, 803]

 ### Operon type: 34

	 A0A011PG87	[811, 810, 809, 808, 807, 806, 805, 0, 0]

 ### Operon type: 35

	 A0A011PCT1	[866, 865, 864, 0, 0, 0, 0, 863, 0]

 ### Operon type: 36

	 A0A011QU35	[0, 0, 0, 0, 792, 0, 866, 865, 864]

 ### Operon type: 37

	 A0A011Q2B1	[695, 601, 792, 600, 864, 599, 598, 597, 863]

 ### Operon type: 38

	 A0A011RLN8	[694, 693, 792, 600, 864, 599, 598, 597, 863]

 ### Operon type: 39

	 A0A011P700	[0, 0, 697, 696, 695, 601, 792, 600, 864]

 ### Operon type: 40

	 A0A011QSI4	[0, 0, 697, 696, 695, 0, 694, 693, 792]

 ### Operon type: 41

	 A0A013T337	[703, 520, 519, 518, 517, 782, 516, 785, 515]
	 A0A013TH30	[703, 520, 519, 518, 517, 782, 516, 785, 515]
	 A0A013S981	[355, 703, 520, 519, 518, 517, 782, 516, 785]

 ### Operon type: 42

	 A0A010JY00	[355, 703, 520, 519, 582, 782, 516, 785, 515]

 ### Operon type: 43

	 A0A013TPV4	[467, 466, 465, 464, 463, 462, 461, 831, 460]
	 A0A009MGJ1	[467, 466, 465, 464, 463, 462, 461, 831, 460]
	 A0A009HR98	[467, 466, 465, 464, 463, 462, 461, 831, 460]
	 A0A010IZE4	[467, 466, 465, 464, 463, 462, 461, 831, 460]
	 A0A009QQ47	[467, 466, 465, 464, 463, 462, 461, 831, 460]
	 A0A009HL81	[467, 466, 465, 464, 463, 462, 461, 831, 460]
	 A0A009SZB5	[467, 466, 465, 464, 463, 462, 461, 831, 460]

 ### Operon type: 44

	 A0A009Z8F7	[466, 465, 462, 0, 463, 258, 258, 0, 257]

 ### Operon type: 45

	 A0A009HFU9	[97, 96, 95, 94, 578, 497, 93, 92, 0]
	 A0A009R016	[97, 96, 95, 94, 578, -1, 497, 93, 92]

 ### Operon type: 46

	 A0A011UJN3	[0, 287, 0, 0, 692, 691, 690, 689, 688]

 ### Operon type: 47

	 A0A011W213	[692, 691, 690, 689, 688, 687, 0, 0, 0]

 ### Operon type: 48

	 A0A011QIT1	[821, 820, 819, 818, 817, 816, 815, 814, 813]
	 A0A011QUG8	[821, 820, 819, 818, 817, 816, 0, 815, 814]

 ### Operon type: 49

	 A0A011PP01	[664, 663, 662, 763, 764, 765, 766, 767, 768]
	 A0A011NVE7	[664, 663, 662, 763, 764, 765, 766, 767, 768]

 ### Operon type: 50

	 A0A011P2I4	[771, 770, 769, 768, 767, 766, 765, 764, 763]
	 A0A011N9N8	[771, 770, 769, 768, 767, 766, 765, 764, 763]

 ### Operon type: 51

	 A0A011PIY7	[648, 0, 769, 768, 767, 766, 765, 0, 763]

 ### Operon type: 52

	 A0A011Q3J4	[0, 648, 769, 768, 767, 766, 765, 764, 0]

 ### Operon type: 53

	 A0A011MH88	[562, 648, 769, 768, 767, 766, 765, 764, 763]

 ### Operon type: 54

	 A0A013SPM5	[513, 512, 568, 567, 566, 511, 510, 509, 564]
	 A0A009QFZ7	[513, 512, 568, 567, 566, 511, 510, 509, 564]
	 A0A009HSL1	[513, 512, 568, 567, 566, 511, 510, 509, 564]
	 A0A010IX62	[513, 512, 568, 567, 566, 511, 510, 509, 564]
	 A0A009MH71	[513, 512, 568, 567, 566, 511, 510, 509, 564]
	 A0A009I6Z0	[513, 512, 568, 567, 566, 511, 510, 509, 564]
	 A0A009TK03	[513, 512, 568, 567, 566, 511, 510, 509, 564]

 ### Operon type: 55

	 A0A009ZIX8	[0, 569, 568, 567, 566, 565, 0, 564, 0]

 ### Operon type: 56

	 A0A013TPR7	[474, 473, 472, 471, 470, 469, 468, 589, 704]
	 A0A010JJN4	[474, 473, 472, 471, 470, 469, 468, 589, 704]
	 A0A009PMT3	[474, 473, 472, 471, 470, 469, 468, 589, 704]
	 A0A009HJJ5	[474, 473, 472, 471, 470, 469, 468, 589, 77]
	 A0A009SEP4	[474, 473, 472, 471, 470, 0, 469, 468, 0]
	 A0A009RMI1	[474, 473, 472, 471, 470, 469, 468, 589, 0]
	 A0A009NI48	[474, 473, 472, 471, 470, 469, 468, 589, -1]
	 A0A009I8I7	[474, 473, 472, 471, 470, 469, 468, 589, 77]
	 A0A009YG45	[0, 474, 473, 472, 470, 0, 469, 468, 589]

 ### Operon type: 57

	 A0A013TPQ9	[480, 479, 478, 477, 476, 831, 825, 475, 705]
	 A0A010IZH1	[-1, 479, 478, 477, 476, 831, 825, 475, 705]
	 A0A013S8F0	[480, 479, 478, 477, 476, 831, 825, 475, 705]
	 A0A009PMU2	[480, 479, 478, -1, 476, 831, 825, 475, 705]
	 A0A009HJM0	[480, 479, 478, 477, 476, 831, 825, 475, 705]
	 A0A009SZ84	[480, 479, 478, 477, 476, 831, 825, 475, 705]

 ### Operon type: 58

	 A0A009HUS9	[479, 478, 0, 477, 476, 74, -1, 73, 72]

 ### Operon type: 59

	 A0A009ISE1	[469, 468, 589, 72, 73, -1, 74, 476, 477]

 ### Operon type: 60

	 A0A009NPS1	[480, 479, 478, 477, 476, -1, 589, 468, 469]

 ### Operon type: 61

	 A0A013SB36	[146, 145, 144, 143, 142, 527, 526, 125, 124]
	 A0A009QSI3	[146, 145, 144, 143, 142, 527, 526, 125, -1]

 ### Operon type: 62

	 A0A010ITP2	[146, 145, 144, 143, 142, 527, 526, 0, 0]

 ### Operon type: 63

	 A0A009SII9	[-1, 145, 144, 143, 142, 527, 526, 55, 54]

 ### Operon type: 64

	 A0A009T0Q9	[142, 527, 526, 55, 54, 124, 562, 831, 50]

 ### Operon type: 65

	 A0A009YJF4	[0, 527, 526, 134, 133, 562, 831, 0, 50]

 ### Operon type: 66

	 A0A009GP96	[0, 91, 831, 323, 353, 90, 497, 89, 88]

 ### Operon type: 67

	 A0A009GSR4	[323, 353, 90, 497, 89, 88, 88, 87, 0]

 ### Operon type: 68

	 A0A009IIT6	[91, 831, 323, 353, 89, 88, 88, 87, 0]

 ### Operon type: 69

	 A0A011SQL0	[594, 211, -1, 210, 290, 209, 494, 208, 207]
	 A0A011UZ49	[211, -1, 210, 290, 209, 494, 208, 207, 0]

 ### Operon type: 70

	 A0A009PT82	[770, 812, 116, 115, 114, 113, 112, 111, 255]
	 A0A009SIF9	[770, 812, 116, 115, 114, 113, 112, 111, 255]

 ### Operon type: 71

	 A0A009IS10	[49, 0, 0, 0, 114, 113, 112, 0, 0]

 ### Operon type: 72

	 A0A009QHW5	[0, 0, 0, 385, 114, 113, 112, 0, 256]

 ### Operon type: 73

	 A0A011UVB4	[0, 0, 0, 152, 0, 0, 49, 0, 621]

 ### Operon type: 74

	 A0A011V107	[309, -1, 308, 307, 306, 305, 304, 303, 0]
	 A0A011U7M7	[0, 309, -1, 308, 307, 306, 305, 304, 303]

 ### Operon type: 75

	 A0A011TLH0	[180, 306, 308, 179, 307, 305, 0, 0, 0]

 ### Operon type: 76

	 A0A011UG87	[282, 283, 284, 180, 306, 308, 179, 307, 305]

 ### Operon type: 77

	 A0A011TLH7	[284, 283, 282, 0, 0, 0, 0, 0, 0]

 ### Operon type: 78

	 A0A011TWN2	[281, 280, 279, 278, 277, 276, 275, 0, 0]
	 A0A011TAF9	[0, 0, 281, 280, 279, 278, 277, 276, 275]

 ### Operon type: 79

	 A0A011Q5V7	[717, 0, 0, 0, 716, 715, 714, 713, 712]

 ### Operon type: 80

	 A0A011RM25	[716, 715, 714, 713, 712, 790, 0, 429, 0]

 ### Operon type: 81

	 A0A011QIE8	[828, 827, 826, 825, 824, 823, 822, 0, 0]
	 A0A011QDV3	[828, 827, 826, 825, 824, 823, 812, 0, 822]

 ### Operon type: 82

	 A0A011QAB0	[854, 745, 744, 0, 743, 771, 742, 741, 0]
	 A0A011PL71	[641, 854, 745, 744, 743, 771, 742, 741, 0]

 ### Operon type: 83

	 A0A011Q6N5	[711, 710, 709, 0, 0, 0, 708, 707, 708]

 ### Operon type: 84

	 A0A011SGD5	[0, 0, 0, 0, 0, 0, 711, 710, 709]

 ### Operon type: 85

	 A0A011NYU6	[799, 798, 0, 797, 796, 417, 416, 0, 795]

 ### Operon type: 86

	 A0A011PYI6	[799, 798, 0, 797, 796, 795, 794, 793, 0]

 ### Operon type: 87

	 A0A011P1C0	[0, 0, 417, 416, 795, 0, 0, 0, 0]

 ### Operon type: 88

	 A0A011N4G4	[0, 0, 847, 846, 845, 844, 845, 843, 842]
	 A0A011PKU5	[847, 846, 845, 844, 845, 843, 842, 0, 0]

 ### Operon type: 89

	 A0A010ZWJ8	[18, 17, 16, 661, 15, 647, 269, 647, 14]

 ### Operon type: 90

	 A0A011AHW1	[15, 661, 16, 17, 18, 0, 0, 19, 0]

 ### Operon type: 91

	 A0A011AHU9	[269, 647, 14, 0, 0, 0, 0, 4, 562]

 ### Operon type: 92

	 A0A010ZX98	[13, 12, 11, 10, 9, 8, 825, 825, 0]

 ### Operon type: 93

	 A0A011AIL7	[9, 10, 11, 12, 13, 0, 0, 0, 0]

 ### Operon type: 94

	 A0A010YF95	[718, 336, 815, 335, 334, 334, 333, 332, 331]

 ### Operon type: 95

	 A0A010ZJQ6	[336, 815, 335, 334, 334, 333, 332, 331, 0]

 ### Operon type: 96

	 A0A009GXL8	[137, 136, 135, 134, 133, 132, 267, 131, 130]

 ### Operon type: 97

	 A0A010JIW7	[137, 136, 135, 134, 133, 0, 0, 267, 131]

 ### Operon type: 98

	 A0A011QNA5	[0, 758, 757, 756, 0, 755, 754, 753, 752]
	 A0A009ZLJ7	[752, 753, 754, 755, 0, 0, 758, 757, 756]

 ### Operon type: 99

	 A0A013T0T6	[755, 754, 753, 752, 525, 524, 523, 522, 521]
	 A0A009HAX1	[755, 754, 753, 752, 525, 524, 523, 522, 521]
	 A0A009QMH5	[755, 754, 753, 752, 525, 524, 523, 522, 521]
	 A0A009PE10	[755, 754, 753, 752, 525, 117, 523, 522, -1]
	 A0A009RMD0	[755, 754, 753, 752, 525, 117, 523, 522, 521]
	 A0A009ISY0	[755, 754, 753, 752, 525, 117, 523, 522, 521]

 ### Operon type: 100

	 A0A010ILW6	[755, 754, 753, 752, 525, 524, 0, 0, 522]

 ### Operon type: 101

	 A0A009Z9X7	[754, 753, 752, 0, 525, 0, 789, 0, 522]

 ### Operon type: 102

	 A0A013S8V2	[128, 127, 0, 0, 0, 126, 0, 0, 0]
	 A0A009R8E1	[0, 415, 0, 128, 127, 0, 0, 126, 0]

 ### Operon type: 103

	 A0A009ZFR5	[586, 585, 584, 583, 582, 581, 580, 579, 785]
	 A0A009ICH6	[586, 585, 584, 583, 582, 581, 580, 579, 785]

 ### Operon type: 104

	 A0A009NQA1	[586, 585, 584, 583, 106, 105, 519, 785, 782]
	 A0A009RR21	[586, 585, 584, 583, 106, 105, 519, 785, 782]

 ### Operon type: 105

	 A0A009HTN9	[586, 585, 584, 583, 106, 105, 76, 722, 75]
	 A0A009T3J5	[586, 585, 584, 583, 106, 105, 76, 722, 75]

 ### Operon type: 106

	 A0A009Q0U9	[586, 585, 584, 583, 106, 105, -1, -1, 0]

 ### Operon type: 107

	 A0A009QEG7	[345, 344, 343, 342, 341, 340, 339, 338, 337]
	 A0A009IPC3	[345, 344, 343, 342, 341, 340, 339, 338, 337]

 ### Operon type: 108

	 A0A009I573	[63, 0, 60, 71, 0, 61, 341, 342, 343]

 ### Operon type: 109

	 A0A009ILP9	[338, 0, 343, 342, 341, 61, 337, 71, 60]

 ### Operon type: 110

	 A0A009I953	[338, 0, 343, 342, 341, 61, 337, 0, -1]

 ### Operon type: 111

	 A0A009SX74	[779, 595, 0, 71, 337, 338, 344, 345, 70]

 ### Operon type: 112

	 A0A009QVK8	[253, 455, 612, 252, 251, 250, 249, 248, 247]
	 A0A010IPH1	[253, 455, 612, 252, 251, 250, 249, 248, 247]
	 A0A009MMG9	[253, 455, 612, 252, 251, 250, 249, 248, 247]
	 A0A009ICP5	[253, 455, 612, 252, 251, 250, 249, 248, 247]

 ### Operon type: 113

	 A0A009QLL2	[246, 245, 244, 243, 251, 250, 249, 248, 247]
	 A0A009HTW0	[246, 245, 244, 243, 251, 250, 249, 248, 247]
	 A0A009SIV4	[246, 245, 244, 243, 251, 250, 249, 248, 247]
	 A0A013TSJ4	[245, 244, 0, 243, 251, 250, 249, 248, 247]

 ### Operon type: 114

	 A0A013TCN9	[438, 437, 436, 435, 434, 433, 432, 831, 825]
	 A0A010ITG1	[438, 437, 436, 435, 434, 433, 432, 831, 825]
	 A0A009QNC9	[438, 437, 436, 435, 434, 433, 432, 831, 825]
	 A0A009NIJ3	[438, 437, 436, 435, 434, 433, 432, 831, 825]
	 A0A013TRC1	[438, 437, 436, 435, 434, 433, 432, 831, 825]

 ### Operon type: 115

	 A0A009H935	[0, 0, 436, 435, 434, 433, 432, 831, 825]

 ### Operon type: 116

	 A0A009QEX0	[376, 375, 374, 373, 372, 371, 371, 793, 370]
	 A0A009IMX3	[376, 375, 374, 373, 372, 371, 371, 793, 370]
	 A0A009SF48	[376, 375, 374, 373, 372, -1, 371, 793, 370]

 ### Operon type: 117

	 A0A010ISX2	[376, 375, 374, 373, 372, 186, 586, 185, 184]
	 A0A009RES7	[376, 375, 374, 373, 372, 186, 586, 185, 184]
	 A0A013S7V1	[376, 375, 374, 373, 372, 186, 586, 185, 184]
	 A0A009MR00	[376, 375, 374, 373, 372, 186, 586, 185, 184]

 ### Operon type: 118

	 A0A009YTT3	[3, 578, 374, 373, 372, 186, 586, 185, 184]

 ### Operon type: 119

	 A0A009GYP9	[0, 0, 0, 373, 372, 186, 586, 185, 184]

 ### Operon type: 120

	 A0A009ZZC8	[-1, 68, 69, 3, 578, 374, 373, 372, 186]

 ### Operon type: 121

	 A0A011WSE5	[635, 634, 633, 632, 631, 630, 396, 395, 394]
	 A0A011UGX8	[636, 635, 634, 633, 632, 631, 630, 396, 395]

 ### Operon type: 122

	 A0A011VZG0	[637, 0, 636, 635, 634, 633, 632, 631, 630]

 ### Operon type: 123

	 A0A009PJF7	[166, 165, 165, 164, 163, 537, 162, 161, 160]
	 A0A009SJZ7	[152, 166, 165, 164, 163, 537, 162, 161, 160]

 ### Operon type: 124

	 A0A009Z5G0	[537, 164, 165, 0, 397, 166, 152, 151]

 ### Operon type: 125

	 A0A010JJC1	[405, 392, 391, 390, 389, 388, 387, 393, 386]
	 A0A010IZ41	[392, 391, 390, 389, 388, 387, 393, 386, 451]

 ### Operon type: 126

	 A0A009QJL6	[405, 392, 391, 390, 0, 386, 451, 67, 0]

 ### Operon type: 127

	 A0A013TB41	[459, -1, 458, 457, 456, 770, 455, 593, 454]
	 A0A010KAV2	[459, 352, 458, 457, 456, 770, 455, 593, 454]
	 A0A009PG53	[459, 352, 458, 457, 456, 770, 455, 593, 454]
	 A0A013SGL3	[459, 352, 458, 457, 456, 770, 455, 593, 454]
	 A0A009SHB3	[459, 352, 458, 457, 456, 770, 455, 593, 454]
	 A0A009RQH3	[459, 352, 458, 457, 456, 770, 455, 593, 454]
	 A0A009NE81	[459, 352, 458, 457, 456, 770, 455, 593, 454]
	 A0A009I5Z6	[459, 352, 458, 457, 456, 770, 455, 593, 454]

 ### Operon type: 128

	 A0A009H3X4	[459, 352, 458, 457, 456, 770, -1, 677, -1]

 ### Operon type: 129

	 A0A009PIB4	[0, 0, 0, 110, 109, 108, 497, 831, 771]
	 A0A009SLR5	[0, 0, 0, 110, 109, 108, 497, 831, 771]

 ### Operon type: 130

	 A0A009HSU4	[0, 0, 853, 831, 0, 770, 593, 771, 497]

 ### Operon type: 131

	 A0A009I463	[411, 65, 64, 486, 486, 324, 176, 175, 104]
	 A0A009PAG1	[411, 65, 64, 486, 486, 324, 176, 175, 104]

 ### Operon type: 132

	 A0A013SKX6	[0, 0, 411, 0, 486, 486, 324, 176, 175]

 ### Operon type: 133

	 A0A011Q5S3	[813, 721, 0, 0, 0, 0, 720, 719, 718]

 ### Operon type: 134

	 A0A011UZZ4	[0, 720, 719, 0, 0, 0, 311, 311, 718]

 ### Operon type: 135

	 A0A011UTJ0	[0, 0, 0, 224, 223, 222, 615, 221, 220]

 ### Operon type: 136

	 A0A011VMV7	[224, 223, 222, 615, 221, 220, 219, 218, 217]

 ### Operon type: 137

	 A0A011NYT4	[702, 591, 590, 589, 0, 528, 528, 527, 526]

 ### Operon type: 138

	 A0A011P8E9	[0, 0, 702, 591, 0, 590, 589, 0, 0]

 ### Operon type: 139

	 A0A010TF34	[0, -1, 0, 0, 31, 30, 29, 28, 27]
	 A0A010SYH9	[31, 30, 29, 28, 27, 0, 0, 0, 0]

 ### Operon type: 140

	 A0A010S7A1	[42, 41, 40, 190, 0, 39, 0, 0, 0]
	 A0A010TFJ4	[0, -1, 0, 42, 41, 40, 190, -1, 39]

 ### Operon type: 141

	 A0A009HJC2	[263, 825, 612, 262, 486, 497, 261, 260, 259]
	 A0A009PAV9	[263, -1, 612, 262, 486, 497, 261, 260, 259]

 ### Operon type: 142

	 A0A009SE02	[0, 259, 0, 0, 0, 260, 261, 497, 486]

 ### Operon type: 143

	 A0A009HS41	[593, 586, 642, 354, 235, 831, 831, 234, 233]
	 A0A009RSB7	[593, 586, 642, 354, 235, 831, 831, 234, 233]
	 A0A009SYU8	[593, 586, 642, 354, 235, 831, 831, 234, 233]

 ### Operon type: 144

	 A0A010IT25	[593, 586, 642, 354, 183, 831, 831, 234, 233]
	 A0A013SHA9	[593, 586, 642, 354, 183, 831, 831, 234, 233]
	 A0A009I466	[593, 586, 642, 354, 183, 831, 831, 234, 233]

 ### Operon type: 145

	 A0A009NMQ9	[593, 586, 642, 354, 183, 0, 831, 831, 234]

 ### Operon type: 146

	 A0A009P8A9	[0, 0, 642, 354, 235, 831, 831, 234, 233]

 ### Operon type: 147

	 A0A009NJ90	[48, 47, 46, 265, 319, 228, 45, 317, 316]
	 A0A009ITT8	[48, 47, 46, 265, 319, 45, 317, 316, 315]

 ### Operon type: 148

	 A0A009IJ01	[317, 316, 315, 264, 314, 313, 312, 81, 66]
	 A0A009NCH6	[318, 317, 316, 315, 314, 313, 312, 81, 66]

 ### Operon type: 149

	 A0A009RQL5	[317, 316, 315, 82, 314, 313, 312, 81, 0]

 ### Operon type: 150

	 A0A009MGQ8	[319, 0, 318, 317, 316, 315, 314, 313, 312]

 ### Operon type: 151

	 A0A009IJ07	[86, 85, 266, 265, 319, 317, 316, 315, 264]
	 A0A009RHH7	[86, 85, 266, 265, 319, 228, 317, 316, 315]
	 A0A009S6G1	[86, 85, 266, 265, 319, 317, 316, 315, 314]

 ### Operon type: 152

	 A0A009HZK2	[266, 265, 319, 317, 316, 315, 264, 314, 313]

 ### Operon type: 153

	 A0A009R4N4	[265, 319, 228, 317, 316, 315, 82, 314, 313]

 ### Operon type: 154

	 A0A009S5A5	[319, 228, 45, 317, 316, 315, 264, 78, 314]

 ### Operon type: 155

	 A0A009RHH9	[0, 0, 0, 0, 129, 86, 85, 266, 265]

 ### Operon type: 156

	 A0A011PGU1	[0, 0, 778, 777, 776, 775, 774, 773, 772]
	 A0A011MDH1	[602, 0, 778, 777, 776, 775, 774, 773, 772]

 ### Operon type: 157

	 A0A011V0P4	[679, 310, 0, 0, 400, 0, 0, 681, 680]

 ### Operon type: 158

	 A0A011WPV7	[681, 680, 0, 0, 0, 0, 0, 0, 0]

 ### Operon type: 159

	 A0A011UDF3	[777, 534, 0, 0, 0, 274, 540, 539, 701]

 ### Operon type: 160

	 A0A011VSC9	[540, 539, 701, 0, 0, 0, 0, 0, 0]

 ### Operon type: 161

	 A0A011SF89	[409, 408, 407, 0, 0, 0, 0, 0, 0]

 ### Operon type: 162

	 A0A011UCX7	[0, 854, 409, 408, 0, 407, 286, 0, 0]

 ### Operon type: 163

	 A0A011RNP9	[0, 0, 0, 0, 0, 622, 742, 0, 0]

 ### Operon type: 164

	 A0A011V0B5	[411, 0, 0, 0, 0, 0, 622, 0, 0]

 ### Operon type: 165

	 A0A011RQC9	[0, 411, 461, 0, 0, 0, 0, 410, 0]

 ### Operon type: 166

	 A0A011QG28	[750, 749, 777, 0, 776, 775, 748, 747, 746]
	 A0A011RIM8	[750, 749, 0, 0, 776, 775, 748, 747, 746]

 ### Operon type: 167

	 A0A011PHI6	[596, 0, 830, 0, 0, 829, 818, 605, 0]

 ### Operon type: 168

	 A0A011QI68	[0, 0, 830, 829, 0, 0, 0, 0, 0]

 ### Operon type: 169

	 A0A011NVJ6	[533, 726, 725, 724, 723, 722, 0, 0, 532]

 ### Operon type: 170

	 A0A011PVP2	[0, 726, 725, 724, 723, 722, 0, 0, 840]

 ### Operon type: 171

	 A0A011NXY7	[0, 0, 725, 0, 723, 0, 0, 0, 0]

 ### Operon type: 172

	 A0A011QR69	[787, 786, 785, 784, 783, 782, 0, 0, 0]
	 A0A011NUB4	[787, 786, 785, 784, 783, 782, 0, 687, 0]

 ### Operon type: 173

	 A0A011NN36	[786, 785, 0, 0, 783, 782, 0, 0, 0]

 ### Operon type: 174

	 A0A011PK69	[785, 640, 0, 0, 783, 782, 0, 0, 0]

 ### Operon type: 175

	 A0A011NYD6	[731, 760, 759, 530, 529, 730, 729, 728, 727]
	 A0A011RMI6	[731, 760, 759, 530, 529, 730, 729, 728, 727]

 ### Operon type: 176

	 A0A011QB28	[732, 731, 760, 0, 0, 730, 729, 728, 727]

 ### Operon type: 177

	 A0A011NF33	[0, 730, 729, 0, 0, 0, 0, 0, 0]

 ### Operon type: 178

	 A0A011NBY4	[639, 0, 0, 608, 0, 0, 607, 0, 0]

 ### Operon type: 179

	 A0A011WRT0	[639, 0, 0, 0, 0, 0, 0, 793, 0]

 ### Operon type: 180

	 A0A011SHV5	[0, 0, 0, 0, 0, 678, 793, 405, 0]

 ### Operon type: 181

	 A0A011NB95	[0, 791, 0, 0, 0, 0, 612, 611, 610]

 ### Operon type: 182

	 A0A011UHT4	[67, 629, 611, 0, 0, 33, 33, 610, 0]

 ### Operon type: 183

	 A0A010Z1W7	[0, 0, 0, 0, 0, 148, 0, 666, 667]

 ### Operon type: 184

	 A0A011VY84	[0, 0, 667, 666, 0, 0, 0, 0, 0]

 ### Operon type: 185

	 A0A010YW85	[0, 0, 0, 0, 0, 173, 0, 666, 667]

 ### Operon type: 186

	 A0A010ZMA0	[666, 706, 0, 0, 0, 0, 0, 0, 0]

 ### Operon type: 187

	 A0A011N5L2	[0, 0, 0, 706, 0, 705, 704, 0, 0]

 ### Operon type: 188

	 A0A009MJ75	[0, 0, 104, 103, 102, 0, 0, 0, 323]

 ### Operon type: 189

	 A0A010IH51	[0, 247, 0, 0, 102, 0, 323, 0, 0]

 ### Operon type: 190

	 A0A011TYT7	[0, 0, 0, 0, 0, 0, 247, 150, 150]

 ### Operon type: 191

	 A0A010RRR9	[0, 0, 0, 0, 836, 0, 0, 191, 323]

 ### Operon type: 192

	 A0A010SIA7	[0, 0, 191, 190, 0, 0, 0, 0, 0]

 ### Operon type: 193

	 A0A010RFQ9	[0, 0, 573, 0, 549, 0, 0, 0, 0]

 ### Operon type: 194

	 A0A010SPR9	[26, 26, 0, 0, 0, 549, 0, 0, 0]

 ### Operon type: 195

	 A0A009LNU8	[491, 493, 494, 495, 0, 44, 0, 497, 0]

 ### Operon type: 196

	 A0A013SRG6	[496, 495, 494, 493, 0, 492, 0, 491, 502]

 ### Operon type: 197

	 A0A009IQU8	[0, 493, 0, 0, 0, 492, 502, 0, 0]

 ### Operon type: 198

	 A0A010K2K8	[494, 495, 496, 0, 0, 0, 0, -1, 497]

 ### Operon type: 199

	 A0A011NPR8	[0, 502, 0, 0, 0, 0, 501, 0, 0]

 ### Operon type: 200

	 A0A010SEA2	[721, 501, 322, 0, 0, 0, 0, 0, 0]

 ### Operon type: 201

	 A0A010IGH8	[0, 0, 0, 0, 0, 0, 0, 120, 234]

 ### Operon type: 202

	 A0A010STD3	[0, 0, 0, 273, 272, 271, 0, 234, 120]

 ### Operon type: 203

	 A0A010SQJ5	[79, 252, 0, 273, 272, 271, 0, 0, 0]

 ### Operon type: 204

	 A0A013RVV2	[438, 0, 122, 121, 0, 0, 234, 120, 0]

 ### Operon type: 205

	 A0A011TD67	[274, 0, 0, 273, 272, 271, 270, 0, 269]

 ### Operon type: 206

	 A0A009ZC12	[0, 0, 0, 273, 0, 271, 270, 254, 699]

 ### Operon type: 207

	 A0A009YSC7	[0, 0, 607, 1, 0, 1, 122, 121, 0]

 ### Operon type: 208

	 A0A009ZJK4	[0, 0, 0, 0, 0, 0, 586, 563, 0]

 ### Operon type: 209

	 A0A010SVN1	[-1, 563, 831, 347, 181, 0, 0, 586, 0]

 ### Operon type: 210

	 A0A009QGN4	[361, 360, 359, 358, 357, 356, 0, 0, 0]
	 A0A009PFK7	[361, 360, 359, 358, 357, 0, 0, 356, 0]

 ### Operon type: 211

	 A0A009YR20	[0, 356, 0, 0, 0, 0, 360, 0, 0]

 ### Operon type: 212

	 A0A009SCM5	[53, 52, 51, 0, 0, 0, 0, 0, 0]

 ### Operon type: 213

	 A0A009TJ77	[70, 83, 0, 0, 0, 0, 53, 52, 51]

 ### Operon type: 214

	 A0A009HZV2	[0, 0, 0, 0, 101, 100, 228, 0, 0]

 ### Operon type: 215

	 A0A009QPE7	[0, 0, 0, 0, 101, 100, 0, 0, 0]

 ### Operon type: 216

	 A0A009MGR3	[0, 0, 300, 0, 514, 78, 94, 299, 298]

 ### Operon type: 217

	 A0A009Q4G0	[0, 301, 300, 0, 514, 0, 299, 298, 299]

 ### Operon type: 218

	 A0A009PB53	[0, 0, 119, 118, 514, 299, 298, 299, 232]

 ### Operon type: 219

	 A0A009PUJ8	[0, 119, 118, 514, 0, 232, 267, 131, 130]

 ### Operon type: 220

	 A0A009QQC0	[99, 0, 98, 831, 349, 349, 348, 475, 347]
	 A0A009H7I0	[99, 0, 0, 831, 349, 349, 348, 475, 347]

 ### Operon type: 221

	 A0A009MVG4	[98, 0, 178, 831, 349, 349, 348, 475, 347]

 ### Operon type: 222

	 A0A009QA91	[351, 350, 593, 831, 349, 349, 348, 475, 347]
	 A0A010J377	[351, 350, 593, 831, 349, 349, 348, 475, 347]

 ### Operon type: 223

	 A0A009S1X4	[351, 350, 593, 831, 349, 349, 831, 0, 168]

 ### Operon type: 224

	 A0A013SHF4	[0, 0, 178, 831, 349, 349, 0, 177, 0]

 ### Operon type: 225

	 A0A011N3C3	[0, 0, 0, 853, 852, 851, 850, 849, 848]
	 A0A011PJK8	[853, 852, 851, 850, 849, 848, 0, 0, 0]

 ### Operon type: 226

	 A0A011WKI4	[0, 0, 0, 0, 0, 686, 685, 684, 683]
	 A0A011UWH1	[686, 685, 684, 683, 0, 0, 0, 0, 0]

 ### Operon type: 227

	 A0A010YKP2	[0, 0, 0, 0, 0, 0, 532, 302, 0]

 ### Operon type: 228

	 A0A011V1A2	[310, 0, 0, 302, 0, 0, 0, 0, 0]

 ### Operon type: 229

	 A0A011NGS0	[0, 0, 0, 0, 802, 801, 0, 0, 0]

 ### Operon type: 230

	 A0A011PW61	[0, 0, 0, 0, 802, 801, 0, 0, 800]

 ### Operon type: 231

	 A0A011UXI1	[0, 587, 0, 0, 802, 801, 189, 0, 0]

 ### Operon type: 232

	 A0A011SWI9	[-1, -1, 0, 596, 802, 801, 189, -1, -1]

 ### Operon type: 233

	 A0A011P952	[801, 0, 643, 0, 0, 643, 0, 0, 0]

 ### Operon type: 234

	 A0A011Q1B3	[606, 605, 604, 603, 604, 840, 602, 0, 0]
	 A0A011QVV5	[0, 0, 606, 605, 604, 603, 604, 840, 602]

 ### Operon type: 235

	 A0A011NSG8	[0, 0, 0, 605, 604, 603, 0, 604, 0]

 ### Operon type: 236

	 A0A011P0X4	[0, 0, 602, 0, 604, 0, 0, 603, 415]

 ### Operon type: 237

	 A0A010YNY9	[0, 0, 35, 22, 0, 0, 0, 0, 320]

 ### Operon type: 238

	 A0A011AC71	[168, 0, 0, 149, 0, 35, 22, 0, 593]

 ### Operon type: 239

	 A0A011QLX0	[0, 762, 0, 0, 761, 0, 760, 759, 0]
	 A0A011PRW6	[762, 0, 0, 0, 761, 760, 759, 0, 0]

 ### Operon type: 240

	 A0A010SML6	[0, 760, 759, -1, 0, 595, 0, 0, 0]

 ### Operon type: 241

	 A0A010RS09	[0, 0, 0, 0, 28, 0, 677, 677, 0]

 ### Operon type: 242

	 A0A010RTE7	[0, 0, 0, 0, 0, 0, 28, 83, 0]

 ### Operon type: 243

	 A0A009P817	[297, 0, 0, 0, 107, 0, 242, 241, 240]

 ### Operon type: 244

	 A0A009TIY0	[0, 0, 0, 0, 107, 0, 242, 241, 0]

 ### Operon type: 245

	 A0A009QKA3	[242, 241, 0, 240, 0, 0, 0, 0, 361]

 ### Operon type: 246

	 A0A009HSR2	[0, 231, 230, 0, 229, 238, 237, 228, 236]

 ### Operon type: 247

	 A0A009SWM1	[0, 231, 230, 0, 229, 0, 0, 237, 0]

 ### Operon type: 248

	 A0A009MYX0	[138, 236, 0, 853, 0, 0, 237, 238, 239]

 ### Operon type: 249

	 A0A009QK79	[0, 0, 239, 238, 0, 237, 0, 0, 236]

 ### Operon type: 250

	 A0A009GXJ1	[141, 140, 238, 237, 139, 228, 236, 138, 0]

 ### Operon type: 251

	 A0A013TKW8	[0, 861, 0, 497, 422, 421, 420, 419, 418]
	 A0A010IT95	[0, 0, 0, 497, 422, 421, 420, 419, 418]
	 A0A009GWD0	[228, 0, 0, 497, 422, 421, 420, 419, 418]
	 A0A009QT77	[0, 0, -1, 497, 422, 421, 420, 419, 418]
	 A0A009PRQ9	[0, 497, 80, 0, 422, 421, 420, 419, 418]
	 A0A009MH36	[0, 0, 0, 497, 422, 421, 420, 419, 418]
	 A0A009S0T6	[0, 0, 497, 80, 422, 421, 420, 419, 418]
	 A0A009I5G9	[0, 0, 497, 80, 422, 421, 420, 419, 418]

 ### Operon type: 252

	 A0A013TMJ7	[825, -1, 0, 497, 422, 419, 418, 0, 0]

 ### Operon type: 253

	 A0A011VXC2	[-1, 676, 0, 675, 674, 673, 672, 671, 670]
	 A0A011V392	[676, 0, 675, 674, 673, 672, 0, 671, 670]

 ### Operon type: 254

	 A0A011V490	[637, 638, 0, 670, 671, 672, 673, 674, 675]

 ### Operon type: 255

	 A0A011VZF5	[0, 0, 674, 673, 672, 854, 638, 854, 0]

 ### Operon type: 256

	 A0A011WLE7	[0, 0, 0, 0, 0, 682, 0, 0, 0]
	 A0A011VU44	[0, 0, 0, 0, 0, 682, 0, 0, 0]

 ### Operon type: 257

	 A0A011VAP2	[0, 0, 216, 0, 0, 0, 0, 0, 403]

 ### Operon type: 258

	 A0A011VRJ8	[0, 0, 0, 0, 0, 0, 216, 0, 0]

 ### Operon type: 259

	 A0A011RNU1	[0, 0, 0, 0, 0, 0, 378, 378, 377]

 ### Operon type: 260

	 A0A011VKJ9	[0, 0, 0, 0, 0, 0, 377, 378, -1]

 ### Operon type: 261

	 A0A011PQZ7	[0, 0, 0, 661, 796, 0, 660, 0, 0]

 ### Operon type: 262

	 A0A011TUX4	[0, 0, 0, 0, 796, 0, 0, 660, 0]

 ### Operon type: 263

	 A0A011STZ9	[0, 0, 0, 660, 0, 0, 0, 0, 0]

 ### Operon type: 264

	 A0A011PUJ9	[0, 0, 0, 0, 0, 0, 0, 0, 841]
	 A0A011PRF5	[841, 0, 0, 0, 0, 0, 0, 0, 0]

 ### Operon type: 265

	 A0A011PFY8	[0, 0, 0, 0, 0, 0, 0, 0, 781]

 ### Operon type: 266

	 A0A011PNS3	[788, 781, 0, 0, 0, 0, 0, 0, 0]

 ### Operon type: 267

	 A0A011T648	[0, 781, 0, 0, 0, 0, 0, 785, 0]

 ### Operon type: 268

	 A0A010YYJ5	[0, 0, 0, 854, 0, 0, 0, 57, 57]

 ### Operon type: 269

	 A0A011NDM5	[854, 0, 0, 0, 0, 0, 0, 0, 0]

 ### Operon type: 270

	 A0A011MSR2	[0, 0, 0, 855, 0, 0, 0, 854, 854]

 ### Operon type: 271

	 A0A011WSU6	[0, 854, 0, 0, 671, 0, 0, 0, 0]

 ### Operon type: 272

	 A0A011AEN3	[0, 0, 0, 0, 0, 0, 748, 0, 0]
	 A0A011U3C2	[0, 0, 748, 0, 0, 0, 0, 0, 0]

 ### Operon type: 273

	 A0A011AAZ2	[0, 414, 0, 0, 0, 748, 748, 748, 0]

 ### Operon type: 274

	 A0A011T698	[0, 0, 0, 0, 0, 593, 748, 0, 0]

 ### Operon type: 275

	 A0A010YRE8	[0, 0, 0, 0, 0, 0, 0, 8, 0]

 ### Operon type: 276

	 A0A011AF05	[0, 0, 168, 8, 0, 0, 0, 0, 0]

 ### Operon type: 277

	 A0A009ZG48	[0, 0, 0, 861, 0, 0, 0, 0, 0]

 ### Operon type: 278

	 A0A011PEJ8	[0, 0, 862, 861, 0, 0, 0, 0, 0]

 ### Operon type: 279

	 A0A011QNJ7	[751, 0, 0, 861, 0, 0, 0, 751, 0]

 ### Operon type: 280

	 A0A011MMJ4	[0, 0, 0, 0, 0, 0, 0, 751, 0]

 ### Operon type: 281

	 A0A011R8M3	[0, 0, 862, 861, 0, 188, 0, 751, 0]

 ### Operon type: 282

	 A0A009ZC82	[0, 0, 594, 0, 0, 0, 0, 0, 0]

 ### Operon type: 283

	 A0A011P3F6	[595, 0, 0, 594, 0, 0, 0, 0, 0]

 ### Operon type: 284

	 A0A009IG48	[0, 0, 0, 62, 59, 0, 0, 0, 595]

 ### Operon type: 285

	 A0A009IMQ0	[0, 0, 0, 62, 59, 0, 0, 0, 0]

 ### Operon type: 286

	 A0A009SWV1	[0, 0, 0, 0, 0, 0, 0, 62, 0]

 ### Operon type: 287

	 A0A009Q512	[0, 0, 0, 0, 296, 0, 0, 0, 0]
	 A0A009PMZ9	[296, 0, 0, 0, 0, 0, 0, 0, 0]

 ### Operon type: 288

	 A0A009IFL2	[0, 321, 0, 38, -1, 0, 0, 0]

 ### Operon type: 289

	 A0A009ZDS1	[-1, -1, 0, 321, 0, 0, 392, 0, 0]

 ### Operon type: 290

	 A0A010SNM6	[37, 36, -1, 0, 0, 0, 825, 0, 0]

 ### Operon type: 291

	 A0A010T5D8	[36, 37, 0, -1, 0, -1, 451, 0, 0]

 ### Operon type: 292

	 A0A011UB51	[665, 0, 0, 0, 0, 0, 0, 0, 0]
	 A0A011UFH1	[0, 0, 0, 0, 0, 665, 0, 0, 0]

 ### Operon type: 293

	 A0A011VHP2	[0, -1, -1, -1, 227, 0, 0, 0, 0]
	 A0A011V965	[0, -1, -1, 0, 227, 0, -1, -1, 0]

 ### Operon type: 294

	 A0A010RVD0	[-1, 0, 0, -1, 0, 804, 804, 0, 21]

 ### Operon type: 295

	 A0A010T7Q5	[0, 21, 0, 0, 0, 0, -1, 0, 0]

 ### Operon type: 296

	 A0A010SJH7	[0, 0, 825, -1, 0, 0, 348, 0, 0]

 ### Operon type: 297

	 A0A010SRR2	[0, 0, -1, 0, 0, 0, 0, 0, 825]

 ### Operon type: 298

	 A0A010RKP8	[0, 0, 0, 0, 0, 0, -1, 0, 0]
	 A0A010RY47	[-1, 0, -1, 0, 0, 0, 0, 0, 0]
	 A0A009HJU6	[0, 0, 0, 0, 0, 0, 0, 0, -1]
	 A0A011UZ32	[0, 0, 0, 0, 0, -1, 0, 0, 0]
	 A0A010TF14	[-1, 0, 0, 0, 0, 0, 0, 0, 0]

 ### Operon type: 299

	 A0A010SJF9	[0, 0, 0, 0, 0, -1, 0, 58, -1]

 ### Operon type: 300

	 A0A011ML54	[0, 0, 0, 561, 0, 0, 0, 0, -1]

 ### Operon type: 301

	 A0A011NHY1	[0, 0, 0, 0, 0, 825, 0, 0, 0]

 ### Operon type: 302

	 A0A010Z171	[0, 0, 0, 0, 0, 0, 825, 0, 853]

 ### Operon type: 303

	 A0A011T697	[825, 0, 0, 0, 0, 0, 0, 0, 242]

 ### Operon type: 304

	 A0A011TDD1	[0, 182, 825, 0, 0, 0, 0, 0, 0]

 ### Operon type: 305

	 A0A011VW24	[0, 0, 790, 0, 0, 0, 0, 0, -1]

 ### Operon type: 306

	 A0A011T8V3	[0, 0, 790, 0, 0, 0, 0, 0, 0]

 ### Operon type: 307

	 A0A010TH98	[800, 0, 0, 790, 0, 0, 0, 0, 0]

 ### Operon type: 308

	 A0A011QVR3	[0, 0, 0, 0, 0, 0, 0, 791, 790]

 ### Operon type: 309

	 A0A011VYF1	[790, 0, 0, 0, 0, 0, 665, 0, 0]

 ### Operon type: 310

	 A0A010S415	[-1, 790, 0, 347, 0, 0, 0, 0, 381]

 ### Operon type: 311

	 A0A011PBM9	[0, 0, 0, 0, 0, 0, 0, 0, 0]
	 A0A011N2Z0	[0, 0, 0, 0, 0, 0, 0, 0, 0]
	 A0A011Q056	[0, 0, 0, 0, 0, 0, 0, 0, 0]
	 A0A011QMJ8	[0, 0, 0, 0, 0, 0, 0, 0, 0]
	 A0A011QSN2	[0, 0, 0, 0, 0, 0, 0, 0, 0]
	 A0A011VYF6	[0, 0, 0, 0, 0, 0, 0, 0, 0]
	 A0A011P9Z5	[0, 0, 0, 0, 0, 0, 0, 0, 0]
	 A0A011PNN2	[0, 0, 0, 0, 0, 0, 0, 0, 0]
	 A0A011NAJ1	[0, 0, 0, 0, 0, 0, 0, 0, 0]
	 A0A011NMI8	[0, 0, 0, 0, 0, 0, 0, 0, 0]
	 A0A011NTU3	[0, 0, 0, 0, 0, 0, 0, 0, 0]
	 A0A013TEV4	[0, 0, 0, 0, 0, 0, 0, 0, 0]
	 A0A010ZTI3	[0, 0, 0, 0, 0, 0, 0, 0, 0]
	 A0A009M4K0	[0, 0, 0, 0, 0, 0, 0, 0, 0]
	 A0A011UBN9	[0, 0, 0, 0, 0, 0, 0, 0, 0]
	 A0A011VNE2	[0, 0, 0, 0, 0, 0, 0, 0, 0]
	 A0A010SHY1	[0, 0, 0, 0, 0, 0, 0, 0, 0]
	 A0A011UHL2	[0, 0, 0, 0, 0, 0, 0, 0, 0]
	 A0A013SBR8	[0, 0, 0, 0, 0, 0, 0, 0, 0]
	 A0A013SL47	[0, 0, 0, 0, 0, 0, 0, 0, 0]
	 A0A011WUT3	[0, 0, 0, 0, 0, 0, 0, 0, 0]
	 A0A009PDV4	[0, 0, 0, 0, 0, 0, 0, 0, 0]
	 A0A009MH90	[0, 0, 0, 0, 0, 0, 0, 0, 0]
	 A0A013S2B9	[0, 0, 0, 0, 0, 0, 0, 0, 0]
	 A0A009HIL8	[0, 0, 0, 0, 0, 0, 0, 0, 0]
	 A0A011UFM5	[0, 0, 0, 0, 0, 0, 0, 0, 0]
	 A0A010SSQ8	[0, 0, 0, 0, 0, 0, 0, 0, 0]
	 A0A010YJA7	[0, 0, 0, 0, 0, 0, 0, 0, 0]
	 A0A010SPJ7	[0, 0, 0, 0, 0, 0, 0, 0, 0]
	 A0A010T025	[0, 0, 0, 0, 0, 0, 0, 0, 0]
	 A0A011A146	[0, 0, 0, 0, 0, 0, 0, 0, 0]
	 A0A010YZS8	[0, 0, 0, 0, 0, 0, 0, 0, 0]
	 A0A010Z120	[0, 0, 0, 0, 0, 0, 0, 0, 0]

 ### Operon type: 312

	 A0A010TG27	[686, 0, 32, 0, 0, 0, 831, 0, 0]

 ### Operon type: 313

	 A0A011PMK1	[0, 0, 0, 0, 0, 0, 0, 686, 0]

 ### Operon type: 314

	 A0A009HM15	[0, 312, 81, 0, 0, 0, -1, 0, 0]

 ### Operon type: 315

	 A0A009HRU1	[0, 238, 0, 0, 0, 0, 0, 0, 0]

 ### Operon type: 316

	 A0A009HSN8	[0, 301, 0, 0, 0, -1, 0, 232, -1]

 ### Operon type: 317

	 A0A009HV82	[267, 0, 0, 0, 0, 0, 0, 0, 0]

 ### Operon type: 318

	 A0A009IG74	[0, 0, 103, 0, 486, -1, 0, 0, 0]

 ### Operon type: 319

	 A0A009IJ90	[0, 70, 0, 0, 0, 0, 0, 0, 0]

 ### Operon type: 320

	 A0A009NM94	[0, 669, 669, 0, 0, 0, 182, 0, 0]

 ### Operon type: 321

	 A0A009Q4N5	[0, 0, 297, 0, 0, 0, 0, 0, 0]

 ### Operon type: 322

	 A0A009SSZ9	[0, 63, 0, 0, 0, 0, 0, 0, 0]

 ### Operon type: 323

	 A0A009YIH1	[0, 0, 0, 0, 314, 0, -1, -1, 2]

 ### Operon type: 324

	 A0A009YR05	[0, 0, 0, 0, 223, 0, 0, 0, 0]

 ### Operon type: 325

	 A0A009Z004	[153, 0, 153, 0, 0, 853, 0, 0, 0]

 ### Operon type: 326

	 A0A010RUQ5	[0, 0, 0, 0, 0, 0, 0, 0, 294]

 ### Operon type: 327

	 A0A010S195	[594, 0, 148, 147, 0, 0, 0, 0, 0]

 ### Operon type: 328

	 A0A010SCZ2	[0, 0, 0, 0, 0, 0, 0, 399, 0]

 ### Operon type: 329

	 A0A010SN41	[0, 0, 0, 0, 498, 0, 0, 0, 0]

 ### Operon type: 330

	 A0A010SSU2	[0, 0, 0, 0, 139, 0, -1, 644, 0]

 ### Operon type: 331

	 A0A010SUP6	[0, 0, 0, 0, 0, 0, 0, 147, 0]

 ### Operon type: 332

	 A0A010SUY9	[0, 0, 0, 0, 0, 188, 862, 0]

 ### Operon type: 333

	 A0A010THK2	[0, 0, -1, 0, 0, 677, 853, 0, 0]

 ### Operon type: 334

	 A0A010SRL4	[32, 0, 0, -1, 0, 0, 0, 853, 285]

 ### Operon type: 335

	 A0A010YX61	[458, 748, 0, 790, 0, 0, 0, 0, 0]

 ### Operon type: 336

	 A0A010S5W8	[0, 0, 855, 840, 0, 0, 0, 0, 0]

 ### Operon type: 337

	 A0A011NE37	[659, 0, 0, 0, 0, 0, 0, 0, 0]

 ### Operon type: 338

	 A0A011NF78	[0, 0, 698, 0, 0, 0, 0, 0, 0]

 ### Operon type: 339

	 A0A011NVE2	[0, 0, 0, 785, 0, 0, 825, 0, 481]

 ### Operon type: 340

	 A0A011NXJ4	[0, 0, 0, 0, 0, 0, 0, 0, 531]

 ### Operon type: 341

	 A0A011P8I1	[0, 0, 746, 748, 0, 0, 0, 0, 647]

 ### Operon type: 342

	 A0A011P9Q7	[642, 0, 0, 0, 0, 0, 0, 0, 0]

 ### Operon type: 343

	 A0A011PJ75	[0, 785, 649, 785, 0, 0, 0, 0, 0]

 ### Operon type: 344

	 A0A011PRB4	[0, 0, 0, 0, 0, 0, 0, 675, 0]

 ### Operon type: 345

	 A0A011QVT2	[789, 0, 0, 0, 0, 0, 0, 788, 0]

 ### Operon type: 346

	 A0A011RP14	[0, 0, 0, 0, 0, 0, 0, 412, 0]

 ### Operon type: 347

	 A0A011SM49	[825, 0, 412, 0, 0, 0, 212, 0, 0]

 ### Operon type: 348

	 A0A011AM27	[660, 0, 0, 0, 470, 0, 0, 0, 404]

 ### Operon type: 349

	 A0A011T607	[0, 0, 840, 0, 0, 0, 0, 0, 182]

 ### Operon type: 350

	 A0A011TAW2	[0, 0, 0, 0, 0, 0, 490, 0, 0]

 ### Operon type: 351

	 A0A011TED9	[0, 0, 0, 0, 0, 280, 0, 0, 0]

 ### Operon type: 352

	 A0A011TXS5	[0, 206, 0, 0, 0, 0, 0, 0, 0]

 ### Operon type: 353

	 A0A011U144	[0, 294, 0, 0, 0, 0, 531, 566, 0]

 ### Operon type: 354

	 A0A011U1C8	[593, 0, 0, 0, 0, 0, 0, 0, 293]

 ### Operon type: 355

	 A0A011U483	[0, 0, 0, 0, 0, 592, 0, 0, 0]

 ### Operon type: 356

	 A0A011UG86	[0, 605, 0, 0, 0, 58, 0, 0, 0]

 ### Operon type: 357

	 A0A011UQB5	[406, 608, 0, 0, 0, 0, 0, 665, 0]

 ### Operon type: 358

	 A0A011UVI5	[0, 0, 0, 0, 0, 320, 785, 785, 0]

 ### Operon type: 359

	 A0A011UWI3	[0, 0, 0, 0, 109, 0, 43, 594, 0]

 ### Operon type: 360

	 A0A011V5E6	[0, 0, 0, 0, 0, 394, 0, 0, 0]

 ### Operon type: 361

	 A0A011M4H6	[403, 0, 402, 0, 0, 0, 0, 0, 0]

 ### Operon type: 362

	 A0A011VSV3	[0, 0, 0, 0, 0, 0, 777, 0, 0]

 ### Operon type: 363

	 A0A011VWI0	[0, 0, 0, 0, 0, 629, 0, 0, 0]

 ### Operon type: 364

	 A0A011VZ91	[683, 0, 0, 0, 0, 0, 0, 0, 0]

 ### Operon type: 365

	 A0A011WP76	[0, 0, 0, 0, 0, 0, 0, 0, 815]

 ### Operon type: 366

	 A0A011WSD4	[0, 0, 0, -1, 0, 854, 0, 0, 638]

 ### Operon type: 367

	 A0A011WT35	[638, 0, 0, 0, 0, 0, 0, 0, 0]

 ### Operon type: 368

	 A0A013S843	[0, 475, 0, 0, 0, 0, -1, 79, 0]

 ### Operon type: 369

	 A0A013T5E6	[0, 0, 0, 514, 0, 0, 0, 0, 0]

 ### Operon type: 370

	 A0A009T185	[786, 0, 649, 649, 187, 785, 649, 287, 722]

 ### Operon type: 371

	 A0A010IN36	[288, 825, 0, 0, 187, 785, 649, 287, 722]

 ### Operon type: 372

	 A0A009PG43	[785, 649, 428, 788, 0, 287, 722, 0, 0]

 ### Operon type: 373

	 A0A009INE0	[288, 0, 0, 0, 0, 0, 0, 649, 287]

 ### Operon type: 374

	 A0A009T9H0	[0, 2, 595, -1, 0, 0, 237, 0, 238]

 ### Operon type: 375

	 A0A010THH5	[0, 322, 321, 320, 0, 0, 405, 0, 392]

 ### Operon type: 376

	 A0A011VZE3	[0, 0, 0, 831, 542, 0, 0, 0, 0]
	 A0A011WSH8	[0, 0, 0, 831, 542, 0, 0, 0, 0]

 ### Operon type: 377

	 A0A011NAF3	[0, 0, 0, 0, 0, 0, 831, 0, 765]

 ### Operon type: 378

	 A0A009IQ93	[286, 0, 831, 0, 0, 285, 0, 0, 0]

 ### Operon type: 379

	 A0A009Q8S9	[0, 0, 595, 482, 0, 295, 0, 0, 0]

 ### Operon type: 380

	 A0A009TLU4	[0, 206, -1, 44, 0, 25, 0, -1, -1]

 ### Operon type: 381

	 A0A009ZB47	[256, 255, 0, 0, 0, 854, 390, 0, 0]

 ### Operon type: 382

	 A0A009ZVR4	[461, 0, 748, 0, 0, 57, 0, 0, 257]

 ### Operon type: 383

	 A0A010JIN9	[390, 0, 0, 83, 337, 0, 0, 0, 0]

 ### Operon type: 384

	 A0A010S003	[773, 0, 0, 0, 0, 605, 605, 252, 0]

 ### Operon type: 385

	 A0A010SMN8	[0, -1, 35, 0, 549, 0, 0, 780, 0]

 ### Operon type: 386

	 A0A010SXS1	[0, 428, 0, 0, 0, 690, 0, 0, 788]

 ### Operon type: 387

	 A0A010T689	[404, -1, 405, 622, 0, 0, 0, 0, 0]

 ### Operon type: 388

	 A0A010TBB4	[0, 571, 0, 58, 0, 0, 0, 0, 593]

 ### Operon type: 389

	 A0A010YFK3	[0, 713, 0, 0, 0, 0, 535, 0, 293]

 ### Operon type: 390

	 A0A010YVY1	[6, 0, 6, 0, 0, 0, 0, 252, 0]

 ### Operon type: 391

	 A0A010ZSZ2	[0, 414, 0, 565, 413, 0, 0, 0, 0]

 ### Operon type: 392

	 A0A010Z0Y7	[0, 0, 0, 0, 413, 347, 0, 0, 0]

 ### Operon type: 393

	 A0A011A0M8	[0, 0, 853, 0, 38, 0, 0, 7, 7]

 ### Operon type: 394

	 A0A011NFL4	[0, 560, 0, 0, 559, 686, 0, 558, 0]

 ### Operon type: 395

	 A0A011P407	[0, 0, 645, 793, 0, 0, 593, 0, 592]

 ### Operon type: 396

	 A0A011QGT2	[831, 0, 0, 850, 849, 0, 0, 0, 0]

 ### Operon type: 397

	 A0A011QSA4	[701, 0, 700, 699, 0, 0, 0, 0, 698]

 ### Operon type: 398

	 A0A011T6J6	[0, 717, 0, 748, 0, 0, 174, 0, 173]

 ### Operon type: 399

	 A0A011TAL2	[0, 840, 0, 0, 0, 149, 0, 532, 0]

 ### Operon type: 400

	 A0A011TZG0	[853, 707, 0, 0, 0, 0, 0, 423, 0]

 ### Operon type: 401

	 A0A011UGY3	[396, 395, 394, 34, 0, 0, 0, 34, 0]

 ### Operon type: 402

	 A0A011UII7	[0, 0, 0, 0, 0, 481, 332, 0, 0]

 ### Operon type: 403

	 A0A011UNT9	[295, 214, 0, 0, 0, 0, 0, 0, 0]

 ### Operon type: 404

	 A0A011SIS0	[0, 735, 215, 215, 0, 0, 0, 214, 0]

 ### Operon type: 405

	 A0A011UT49	[0, 414, 0, 0, 0, 0, 428, 225, 0]

 ### Operon type: 406

	 A0A011VU65	[536, 0, 0, 0, 0, 535, 0, 777, 534]

 ### Operon type: 407

	 A0A011VV03	[0, 401, 0, 0, 400, 403, 0, 0, 0]

 ### Operon type: 408

	 A0A011VVZ9	[0, 0, -1, 0, 0, 399, 398, 398, 397]

 ### Operon type: 409

	 A0A011VWX7	[788, 679, 0, 0, 0, 0, 0, 678, 0]

 ### Operon type: 410

	 A0A011VXK7	[669, 669, 0, 668, 0, 0, 0, 719, 0]

 ### Operon type: 411

	 A0A011W0I6	[541, 0, 0, 0, 0, 842, 0, 561, 0]

 ### Operon type: 412

	 A0A010YEF6	[0, 541, 0, 0, 0, 0, 0, 0, 23]

 ### Operon type: 413

	 A0A013SQH1	[0, 0, 0, 0, 498, 588, 0, 497, 612]

 ### Operon type: 414

	 A0A009QJA8	[131, 130, 0, 0, 0, 0, 0, 0, 557]

 ### Operon type: 415

	 A0A009YL68	[0, 0, 593, 459, 456, 0, 0, 254, 0]

 ### Operon type: 416

	 A0A010JNG7	[497, 0, 0, 393, 0, 0, 0, 0, 0]

 ### Operon type: 417

	 A0A010RM40	[520, 831, 794, 0, 0, 0, 0, -1, 702]

 ### Operon type: 418

	 A0A010RRQ6	[0, 402, 0, 0, 0, 549, 576, 329, 0]

 ### Operon type: 419

	 A0A010S423	[174, 0, 0, 0, 0, 0, 0, 43, 410]

 ### Operon type: 420

	 A0A010T0I7	[0, 0, 23, 0, 0, 746, 700, 831, 0]

 ### Operon type: 421

	 A0A010ZUR7	[401, 20, 0, 20, 0, 19, 252, 0, 0]

 ### Operon type: 422

	 A0A011NA78	[0, 703, 0, 0, 0, 804, 0, 0, 702]

 ### Operon type: 423

	 A0A011P8W7	[646, 645, 788, 0, 644, 0, 0, 0, 0]

 ### Operon type: 424

	 A0A011PG97	[780, 0, 0, 779, 0, 0, 0, 0, 0]

 ### Operon type: 425

	 A0A011PKT4	[0, 588, 0, 0, 0, 0, 587, 0, 0]

 ### Operon type: 426

	 A0A011PLB2	[0, 646, 0, 640, 0, 0, 0, 0, 0]

 ### Operon type: 427

	 A0A011R339	[0, 0, 0, 0, 0, 0, 141, 140, 0]

 ### Operon type: 428

	 A0A011SFE5	[0, 0, 0, 669, 0, 0, 560, 793, 406]

 ### Operon type: 429

	 A0A011SJT5	[0, 0, 0, 397, 213, 213, 213, 213, 213]

 ### Operon type: 430

	 A0A011TDQ5	[0, 0, 0, 0, 181, 844, 0, 0, 0]

 ### Operon type: 431

	 A0A011VT01	[0, 0, 538, 0, 0, 538, 0, 0, 537]

 ### Operon type: 432

	 A0A009Z3V9	[831, 0, 0, 0, 0, 244, 851, 245, 246]

 ### Operon type: 433

	 A0A010SRB2	[25, 24, 0, 0, 0, 24, 37, 0, 0]

 ### Operon type: 434

	 A0A010KA25	[390, 0, 405, 354, 353, 0, 0, 390, 479]

 ### Operon type: 435

	 A0A011TZN1	[219, 218, 217, 0, 129, 0, 0, 0, 0]

 ### Operon type: 436

	 A0A011VJ76	[226, 226, 225, 558, 0, 831, 853, 0, 645]

 ### Operon type: 437

	 A0A011UG17	[160, 0, 543, 0, 634, 536, 0, 0, 0]

 ### Operon type: 438

	 A0A011WUA8	[732, 0, 0, 151, 0, 0, 0, 123, 123]

 ### Operon type: 439

	 A0A010S4X6	[0, 347, 794, 605, 449, 0, 533, 641, 677]

 ### Operon type: 440

	 A0A010YY02	[0, 5, 0, 0, 5, 797, 569, 0, 4]
