
 ### Operon type: 1

	 A0A011PVT3	[629, 486, 485, 484, 571, 483, 482, 481, 480]
	 A0A011R7V7	[629, 486, 485, 484, 571, 483, 482, 481, 480]
	 A0A011MET3	[629, 486, 485, 484, 571, 483, 482, 481, 480]

 ### Operon type: 2

	 A0A011UIA1	[241, 240, 239, 238, 237, 236, 235, 234, 0]
	 A0A011V5V3	[0, 241, 240, 239, 238, 237, 236, 235, 234]

 ### Operon type: 3

	 A0A011PTE7	[500, 499, 498, 497, 496, 0, 495, 494, 493]
	 A0A011NE72	[500, 499, 498, 497, 496, 495, 494, 493, 0]

 ### Operon type: 4

	 A0A011NEY3	[298, 550, 549, 548, 548, 547, 546, 545, 0]

 ### Operon type: 5

	 A0A011PAN4	[550, 549, 0, 548, 548, 547, 546, 545, 544]

 ### Operon type: 6

	 A0A011RCD5	[298, 550, 549, 548, 548, 547, 546, 545, 544]

 ### Operon type: 7

	 A0A010JSI3	[587, 586, 585, 584, 583, 582, 581, 580, 0]
	 A0A013T0M4	[587, 586, 585, 584, 583, 582, 581, 580, 0]
	 A0A009RGL2	[0, 586, 585, 584, 583, 582, 581, 580, 0]
	 A0A009HDS5	[587, 586, 585, 584, 583, 582, 581, 580, 0]

 ### Operon type: 8

	 A0A011NBX7	[616, 615, 614, 613, 612, 611, 0, 0, 0]
	 A0A011PF67	[616, 615, 614, 613, 612, 0, 0, 0, 0]
	 A0A011NW66	[616, 615, 614, 613, 612, 611, 0, 0, 0]

 ### Operon type: 9

	 A0A011NS68	[616, 615, 614, 613, 612, 552, 551, 559, 603]
	 A0A011RHX4	[616, 615, 614, 613, 612, 552, 551, 559, 0]

 ### Operon type: 10

	 A0A010JY00	[341, 623, 576, 445, 252, 659, 442, 662, 462]

 ### Operon type: 11

	 A0A013TH30	[623, 576, 445, 444, 443, 659, 442, 662, 462]

 ### Operon type: 12

	 A0A011QAS2	[0, 643, 642, 641, 640, 639, 638, 637, 636]
	 A0A011NEQ1	[0, 643, 642, 641, 640, 639, 638, 637, 636]

 ### Operon type: 13

	 A0A011QSF0	[0, 686, 685, 684, 683, 682, 681, 680, 0]
	 A0A011QBB5	[540, 686, 685, 684, 683, 682, 681, 680, 523]
	 A0A011Q0X6	[540, 686, 685, 684, 683, 682, 681, 680, 523]
	 A0A011Q1X8	[686, 0, 685, 684, 683, 682, 681, 680, 523]

 ### Operon type: 14

	 A0A011PG87	[540, 686, 685, 684, 683, 682, 681, 0, 0]

 ### Operon type: 15

	 A0A013SP43	[325, 324, 352, 323, 322, 321, 320, 319, 318]
	 A0A010K6G6	[325, 324, 352, 323, 322, 321, 320, 0, 318]
	 A0A009RUN3	[325, 324, 352, 323, 322, 321, 320, 319, 318]

 ### Operon type: 16

	 A0A009SZB5	[0, 0, 67, 66, 65, 0, 0, 0, 64]
	 A0A009HR98	[0, 0, 67, 66, 65, 0, 0, 0, 64]

 ### Operon type: 17

	 A0A009Z8F7	[48, 67, 49, 0, 65, 4, 4, 0, 0]

 ### Operon type: 18

	 A0A011QUG8	[675, 674, 673, 672, 671, 670, 0, 669, 668]
	 A0A011QIT1	[675, 674, 673, 672, 671, 670, 669, 668, 658]

 ### Operon type: 19

	 A0A011QAB0	[649, 648, 647, 0, 646, 645, 706, 644, 0]
	 A0A011PL71	[425, 649, 648, 647, 646, 645, 706, 644, 0]

 ### Operon type: 20

	 A0A011PIY7	[567, 0, 624, 566, 565, 564, 620, 0, 562]

 ### Operon type: 21

	 A0A011Q3J4	[0, 567, 624, 566, 565, 564, 620, 563, 0]

 ### Operon type: 22

	 A0A011MH88	[568, 567, 624, 566, 565, 564, 620, 563, 562]

 ### Operon type: 23

	 A0A009QBR9	[0, 0, 380, 452, 379, 0, 0, 375, 222]
	 A0A009TM70	[0, 381, 380, 452, 379, 0, 0, 375, 222]

 ### Operon type: 24

	 A0A010ILU3	[382, 381, 380, 0, 379, 378, 377, 376, 375]
	 A0A009QS71	[382, 381, 380, 452, 379, 378, 0, 376, 375]
	 A0A009MW50	[0, 381, 380, 452, 379, 378, 0, 376, 375]
	 A0A009H3B0	[0, 381, 380, 0, 379, 378, 377, 376, 375]

 ### Operon type: 25

	 A0A009I8S2	[0, 0, 380, 452, 379, 378, 376, 375, 222]

 ### Operon type: 26

	 A0A009ICH6	[362, 135, 134, 95, 252, 46, 45, 44, 662]
	 A0A009ZFR5	[362, 135, 134, 95, 252, 46, 45, 44, 662]

 ### Operon type: 27

	 A0A009GP96	[0, 89, 621, 569, 251, 88, 436, 87, 86]

 ### Operon type: 28

	 A0A009GSR4	[569, 251, 88, 436, 87, 86, 86, 85, 0]

 ### Operon type: 29

	 A0A009IIT6	[89, 621, 569, 251, 87, 86, 86, 85, 0]

 ### Operon type: 30

	 A0A009IS10	[205, 0, 0, 0, 204, 203, 202, 0, 0]

 ### Operon type: 31

	 A0A009QHW5	[0, 0, 0, 382, 204, 203, 202, 0, 139]

 ### Operon type: 32

	 A0A011UVB4	[0, 0, 0, 122, 0, 0, 205, 0, 184]

 ### Operon type: 33

	 A0A011TLH7	[309, 308, 307, 0, 0, 0, 0, 0, 0]
	 A0A011UG87	[307, 308, 309, 0, 0, 0, 0, 0, 0]

 ### Operon type: 34

	 A0A011QDV3	[530, 529, 528, 555, 527, 526, 525, 0, 524]
	 A0A011QIE8	[530, 529, 528, 555, 527, 526, 524, 0, 0]

 ### Operon type: 35

	 A0A011NYU6	[521, 520, 0, 519, 518, 16, 15, 0, 517]

 ### Operon type: 36

	 A0A011PYI6	[521, 520, 0, 519, 518, 517, 575, 694, 0]

 ### Operon type: 37

	 A0A011P1C0	[0, 0, 16, 15, 517, 0, 0, 0, 0]

 ### Operon type: 38

	 A0A011NVE7	[512, 511, 510, 0, 0, 0, 0, 0, 0]
	 A0A011PP01	[512, 511, 510, 0, 0, 0, 0, 0, 0]

 ### Operon type: 39

	 A0A013TH43	[441, 0, 0, 0, 440, 439, 438, 0, 437]
	 A0A009RAF0	[441, 0, 0, 0, 440, 439, 438, 0, 437]

 ### Operon type: 40

	 A0A013S8V2	[344, 343, 0, 0, 0, 342, 0, 0, 0]
	 A0A009R8E1	[0, 41, 0, 344, 343, 0, 0, 342, 0]

 ### Operon type: 41

	 A0A009QFZ7	[460, 459, 0, 0, 456, 0, 454, 453, 0]
	 A0A009TK03	[460, 459, 0, 0, 456, 0, 454, 453, 0]

 ### Operon type: 42

	 A0A013SPM5	[460, 459, 458, 457, 456, 455, 454, 453, 0]
	 A0A010IX62	[460, 459, 458, 457, 456, 0, 454, 453, 0]
	 A0A009MH71	[460, 459, 0, 457, 456, 455, 454, 453, 0]
	 A0A009HSL1	[460, 459, 458, 457, 456, 0, 454, 453, 0]

 ### Operon type: 43

	 A0A009I6Z0	[460, 459, 0, 457, 456, 0, 454, 453, 131]

 ### Operon type: 44

	 A0A009ZIX8	[0, 5, 458, 457, 456, 14, 0, 131, 0]

 ### Operon type: 45

	 A0A009I573	[118, 0, 175, 176, 0, 177, 219, 178, 179]

 ### Operon type: 46

	 A0A009ILP9	[180, 0, 179, 178, 219, 177, 216, 176, 175]

 ### Operon type: 47

	 A0A009I953	[180, 0, 179, 178, 219, 177, 216, 0, -1]

 ### Operon type: 48

	 A0A009QEG7	[221, 220, 0, 0, 219, 218, 217, 0, 216]
	 A0A009IPC3	[221, 220, 0, 0, 219, 218, 217, 0, 216]

 ### Operon type: 49

	 A0A009SX74	[538, 603, 0, 176, 216, 180, 220, 221, 0]

 ### Operon type: 50

	 A0A010JWJ1	[0, 257, 621, 0, 256, 255, 254, 253, 0]
	 A0A009I4A1	[0, 257, 621, 0, 256, 255, 254, 253, 0]

 ### Operon type: 51

	 A0A009QF22	[143, 142, 141, 0, 256, 255, 254, 253, 140]
	 A0A009TBY8	[143, 142, 141, 79, 256, 255, 254, 253, 140]

 ### Operon type: 52

	 A0A009ITT8	[201, 200, 199, 259, 258, 198, 197, 196, 195]

 ### Operon type: 53

	 A0A009NJ90	[201, 200, 199, 259, 0, 181, 198, 197, 196]

 ### Operon type: 54

	 A0A009HZK2	[260, 259, 258, 0, 0, 0, 0, 0, 0]

 ### Operon type: 55

	 A0A009IJ07	[262, 261, 260, 259, 258, 0, 0, 0, 0]

 ### Operon type: 56

	 A0A009S6G1	[262, 261, 260, 259, 258, 197, 196, 195, 100]

 ### Operon type: 57

	 A0A009S5A5	[258, 181, 198, 197, 196, 195, 102, 101, 100]

 ### Operon type: 58

	 A0A013TCN9	[452, 451, 450, 449, 448, 447, 446, 621, 555]
	 A0A009QNC9	[452, 451, 450, 449, 448, 447, 446, 621, 555]
	 A0A010ITG1	[452, 451, 450, 449, 448, 447, 446, 621, 555]
	 A0A009NIJ3	[452, 451, 450, 449, 448, 447, 446, 621, 555]
	 A0A013TRC1	[452, 451, 450, 449, 448, 447, 446, 621, 555]

 ### Operon type: 59

	 A0A009H935	[0, 0, 450, 449, 448, 447, 446, 621, 555]

 ### Operon type: 60

	 A0A009PJF7	[152, 151, 151, 150, 149, 188, 148, 147, 146]
	 A0A009SJZ7	[122, 152, 151, 150, 149, 188, 148, 147, 146]

 ### Operon type: 61

	 A0A009Z5G0	[188, 150, 151, 0, 417, 152, 122, 316]

 ### Operon type: 62

	 A0A010JJC1	[691, 389, 388, 387, 386, 385, 384, 394, 383]
	 A0A010IZ41	[389, 388, 387, 386, 385, 384, 394, 383, 352]

 ### Operon type: 63

	 A0A009QJL6	[691, 389, 388, 387, 0, 383, 352, 136, 0]

 ### Operon type: 64

	 A0A011N9N8	[645, 625, 624, 0, 0, 0, 0, 0, 0]
	 A0A011P2I4	[645, 625, 624, 0, 0, 0, 0, 0, 0]

 ### Operon type: 65

	 A0A009SLR5	[0, 0, 0, 121, 120, 119, 436, 621, 645]
	 A0A009PIB4	[0, 0, 0, 121, 120, 119, 436, 621, 645]

 ### Operon type: 66

	 A0A009HSU4	[0, 0, 424, 621, 0, 625, 600, 645, 436]

 ### Operon type: 67

	 A0A011SF89	[699, 698, 697, 0, 0, 0, 0, 0, 0]

 ### Operon type: 68

	 A0A011UCX7	[0, 649, 699, 698, 0, 697, 209, 0, 0]

 ### Operon type: 69

	 A0A011NYT4	[622, 598, 597, 596, 0, 491, 491, 490, 489]

 ### Operon type: 70

	 A0A011P8E9	[0, 0, 622, 598, 0, 597, 596, 0, 0]

 ### Operon type: 71

	 A0A010TF34	[0, -1, 0, 0, 33, 32, 31, 30, 29]
	 A0A010SYH9	[33, 32, 31, 30, 29, 0, 0, 0, 0]

 ### Operon type: 72

	 A0A010S7A1	[76, 75, 74, 73, 0, 72, 0, 0, 0]
	 A0A010TFJ4	[0, -1, 0, 76, 75, 74, 73, -1, 72]

 ### Operon type: 73

	 A0A009ICP5	[113, 328, 619, 112, 126, 0, 0, 124, 0]

 ### Operon type: 74

	 A0A009MMG9	[113, 328, 619, 112, 126, 0, 111, 124, 267]

 ### Operon type: 75

	 A0A009HTW0	[0, 129, 128, 0, 126, 0, 0, 124, 0]
	 A0A009QLL2	[0, 129, 128, 0, 126, 0, 0, 124, 0]

 ### Operon type: 76

	 A0A009SIV4	[130, 129, 128, 127, 126, 125, 0, 124, 267]

 ### Operon type: 77

	 A0A013TSJ4	[129, 128, 0, 127, 126, 0, 0, 124, 267]

 ### Operon type: 78

	 A0A009Z3V9	[621, 0, 0, 0, 0, 128, 423, 129, 130]

 ### Operon type: 79

	 A0A009T0Q9	[0, 0, 0, 0, 63, 334, 568, 621, 62]

 ### Operon type: 80

	 A0A009YJF4	[0, 490, 489, 26, 80, 568, 621, 0, 62]

 ### Operon type: 81

	 A0A009PAV9	[169, -1, 619, 168, 403, 436, 167, 166, 165]
	 A0A009HJC2	[169, 555, 619, 168, 403, 436, 167, 166, 165]

 ### Operon type: 82

	 A0A009SE02	[0, 165, 0, 0, 0, 166, 167, 436, 403]

 ### Operon type: 83

	 A0A011QNA5	[0, 477, 476, 475, 0, 474, 473, 472, 471]
	 A0A009ZLJ7	[471, 472, 473, 474, 0, 0, 477, 476, 475]

 ### Operon type: 84

	 A0A013T0T6	[474, 473, 472, 471, 467, 466, 465, 464, 463]
	 A0A009QMH5	[474, 473, 472, 471, 467, 466, 465, 464, 463]
	 A0A009HAX1	[474, 473, 472, 471, 467, 466, 465, 464, 463]

 ### Operon type: 85

	 A0A010ILW6	[474, 473, 472, 471, 467, 466, 0, 0, 464]

 ### Operon type: 86

	 A0A009Z9X7	[473, 472, 471, 0, 467, 0, 666, 0, 464]

 ### Operon type: 87

	 A0A009PE10	[0, 0, 0, 471, 467, 162, 465, 464, -1]

 ### Operon type: 88

	 A0A009RSB7	[600, 362, 588, 359, 153, 621, 621, 357, 356]
	 A0A009SYU8	[600, 362, 588, 359, 153, 621, 621, 357, 356]
	 A0A009HS41	[600, 362, 588, 359, 153, 621, 621, 357, 356]

 ### Operon type: 89

	 A0A010IT25	[600, 362, 588, 359, 358, 621, 621, 357, 356]
	 A0A013SHA9	[600, 362, 588, 359, 358, 621, 621, 357, 356]
	 A0A009I466	[600, 362, 588, 359, 358, 621, 621, 357, 356]

 ### Operon type: 90

	 A0A009NMQ9	[600, 362, 588, 359, 358, 0, 621, 621, 357]

 ### Operon type: 91

	 A0A009P8A9	[0, 0, 588, 359, 153, 621, 621, 357, 356]

 ### Operon type: 92

	 A0A011PGU1	[0, 0, 537, 536, 535, 534, 533, 532, 531]
	 A0A011MDH1	[488, 0, 537, 536, 535, 534, 533, 532, 531]

 ### Operon type: 93

	 A0A011V0P4	[276, 245, 0, 0, 421, 0, 0, 291, 290]

 ### Operon type: 94

	 A0A011WPV7	[291, 290, 0, 0, 0, 0, 0, 0, 0]

 ### Operon type: 95

	 A0A011RNP9	[0, 0, 0, 0, 0, 707, 706, 0, 0]

 ### Operon type: 96

	 A0A011V0B5	[702, 0, 0, 0, 0, 0, 707, 0, 0]

 ### Operon type: 97

	 A0A011RQC9	[0, 702, 701, 0, 0, 0, 0, 700, 0]

 ### Operon type: 98

	 A0A011QG28	[470, 469, 536, 0, 535, 534, 594, 468, 595]
	 A0A011RIM8	[470, 469, 0, 0, 535, 534, 594, 468, 595]

 ### Operon type: 99

	 A0A011PHI6	[607, 0, 606, 0, 0, 605, 672, 604, 0]

 ### Operon type: 100

	 A0A011QI68	[0, 0, 606, 605, 0, 0, 0, 0, 0]

 ### Operon type: 101

	 A0A011P700	[0, 0, 679, 678, 0, 0, 0, 0, 0]

 ### Operon type: 102

	 A0A011QSI4	[0, 0, 679, 678, 677, 0, 0, 0, 0]

 ### Operon type: 103

	 A0A011NVJ6	[509, 634, 633, 632, 631, 630, 0, 0, 508]

 ### Operon type: 104

	 A0A011PVP2	[0, 634, 633, 632, 631, 630, 0, 0, 629]

 ### Operon type: 105

	 A0A011NXY7	[0, 0, 633, 0, 631, 0, 0, 0, 0]

 ### Operon type: 106

	 A0A011QR69	[664, 663, 662, 661, 660, 659, 0, 0, 0]
	 A0A011NUB4	[664, 663, 662, 661, 660, 659, 0, 514, 0]

 ### Operon type: 107

	 A0A011NN36	[663, 662, 0, 0, 660, 659, 0, 0, 0]

 ### Operon type: 108

	 A0A011PK69	[662, 430, 0, 0, 660, 659, 0, 0, 0]

 ### Operon type: 109

	 A0A011RMI6	[716, 715, 714, 713, 712, 711, 710, 709, 708]
	 A0A011NYD6	[716, 715, 714, 713, 712, 711, 710, 709, 708]

 ### Operon type: 110

	 A0A011QB28	[635, 716, 715, 0, 0, 711, 710, 709, 708]

 ### Operon type: 111

	 A0A011NF33	[0, 711, 710, 0, 0, 0, 0, 0, 0]

 ### Operon type: 112

	 A0A011NBY4	[610, 0, 0, 609, 0, 0, 608, 0, 0]

 ### Operon type: 113

	 A0A011WRT0	[610, 0, 0, 0, 0, 0, 0, 694, 0]

 ### Operon type: 114

	 A0A011SHV5	[0, 0, 0, 0, 0, 692, 694, 691, 0]

 ### Operon type: 115

	 A0A011NB95	[0, 667, 0, 0, 0, 0, 619, 618, 617]

 ### Operon type: 116

	 A0A011UHT4	[136, 185, 618, 0, 0, 35, 35, 617, 0]

 ### Operon type: 117

	 A0A010Z1W7	[0, 0, 0, 0, 0, 53, 0, 274, 275]

 ### Operon type: 118

	 A0A011VY84	[0, 0, 275, 274, 0, 0, 0, 0, 0]

 ### Operon type: 119

	 A0A010YW85	[0, 0, 0, 0, 0, 277, 0, 274, 275]

 ### Operon type: 120

	 A0A010ZMA0	[274, 628, 0, 0, 0, 0, 0, 0, 0]

 ### Operon type: 121

	 A0A011N5L2	[0, 0, 0, 628, 0, 627, 626, 0, 0]

 ### Operon type: 122

	 A0A010SQJ5	[350, 112, 0, 305, 304, 303, 0, 0, 0]

 ### Operon type: 123

	 A0A010STD3	[0, 0, 0, 305, 304, 303, 0, 357, 310]

 ### Operon type: 124

	 A0A011TD67	[306, 0, 0, 305, 304, 303, 302, 0, 301]

 ### Operon type: 125

	 A0A009ZC12	[0, 0, 0, 305, 0, 303, 302, 3, 688]

 ### Operon type: 126

	 A0A010RFQ9	[0, 0, 579, 0, 578, 0, 0, 0, 0]

 ### Operon type: 127

	 A0A010SPR9	[24, 24, 0, 0, 0, 578, 0, 0, 0]

 ### Operon type: 128

	 A0A013S288	[0, 0, 0, 404, 403, 402, 401, 0, 399]
	 A0A010J3I1	[0, 0, 0, 404, 403, 402, 401, 0, 399]

 ### Operon type: 129

	 A0A013SXT2	[407, 406, 405, 404, 403, 402, 401, 400, 399]
	 A0A009PWG1	[407, 406, 405, 404, 403, 402, 401, 400, 399]

 ### Operon type: 130

	 A0A009ZJK4	[0, 0, 0, 0, 0, 0, 362, 20, 0]

 ### Operon type: 131

	 A0A010SVN1	[-1, 20, 621, 223, 247, 0, 0, 362, 0]

 ### Operon type: 132

	 A0A009IMX3	[368, 0, 366, 0, 364, 172, 172, 694, 171]
	 A0A009SF48	[368, 0, 366, 0, 364, -1, 172, 694, 171]

 ### Operon type: 133

	 A0A009QEX0	[368, 367, 366, 365, 364, 172, 172, 694, 171]

 ### Operon type: 134

	 A0A010ISX2	[368, 367, 366, 365, 364, 363, 362, 361, 360]
	 A0A013S7V1	[368, 367, 366, 365, 364, 363, 362, 361, 360]
	 A0A009RES7	[368, 367, 366, 365, 364, 363, 362, 361, 360]
	 A0A009MR00	[368, 367, 366, 365, 364, 363, 362, 361, 360]

 ### Operon type: 135

	 A0A009GYP9	[0, 0, 0, 365, 364, 363, 362, 361, 360]

 ### Operon type: 136

	 A0A009YTT3	[0, 0, 0, 0, 0, 0, 362, 361, 360]

 ### Operon type: 137

	 A0A009PFK7	[161, 160, 159, 158, 157, 0, 0, 156, 0]
	 A0A009QGN4	[161, 160, 159, 158, 157, 156, 0, 0, 0]

 ### Operon type: 138

	 A0A009YR20	[0, 156, 0, 0, 0, 0, 160, 0, 0]

 ### Operon type: 139

	 A0A013SB36	[340, 339, 338, 337, 336, 0, 489, 335, 334]
	 A0A009QSI3	[340, 339, 338, 337, 336, 0, 489, 335, -1]

 ### Operon type: 140

	 A0A010ITP2	[340, 339, 338, 337, 336, 0, 489, 0, 0]

 ### Operon type: 141

	 A0A009SII9	[-1, 339, 338, 337, 0, 0, 0, 0, 63]

 ### Operon type: 142

	 A0A009HZV2	[0, 0, 0, 0, 208, 207, 181, 0, 0]

 ### Operon type: 143

	 A0A009QPE7	[0, 0, 0, 0, 208, 207, 0, 0, 0]

 ### Operon type: 144

	 A0A009GXL8	[83, 82, 81, 0, 80, 79, 78, 138, 137]

 ### Operon type: 145

	 A0A010JIW7	[83, 82, 81, 0, 80, 0, 0, 78, 138]

 ### Operon type: 146

	 A0A009MGR3	[0, 0, 231, 0, 461, 101, 51, 230, 229]

 ### Operon type: 147

	 A0A009Q4G0	[0, 232, 231, 0, 461, 0, 230, 229, 230]

 ### Operon type: 148

	 A0A009PUJ8	[0, 164, 0, 0, 0, 163, 78, 138, 137]

 ### Operon type: 149

	 A0A009QJA8	[138, 137, 0, 0, 0, 0, 0, 0, 0]

 ### Operon type: 150

	 A0A009PB53	[0, 0, 164, 0, 0, 230, 229, 230, 163]

 ### Operon type: 151

	 A0A013RZW2	[362, 355, 0, 354, 353, 403, 352, 0, 0]
	 A0A013SNJ8	[362, 0, 0, 354, 353, 403, 352, 0, 0]
	 A0A010J9U3	[362, 0, 0, 354, 353, 403, 352, 0, 0]
	 A0A009SIZ4	[362, 355, 0, 354, 353, 0, 352, 154, 0]
	 A0A009RD69	[362, 355, 0, 354, 353, 403, 352, 154, 0]

 ### Operon type: 152

	 A0A009IV03	[0, 0, 375, 354, 353, 0, 352, 0, 0]
	 A0A009PH20	[0, 0, 375, 354, 353, 403, 352, 0, 0]

 ### Operon type: 153

	 A0A009YIZ0	[362, 355, 375, 354, 353, 403, 352, 154, 123]

 ### Operon type: 154

	 A0A009QA91	[226, 225, 600, 621, 288, 288, 224, 351, 223]
	 A0A010J377	[226, 225, 600, 621, 288, 288, 224, 351, 223]

 ### Operon type: 155

	 A0A009QQC0	[0, 0, 206, 621, 288, 288, 0, 351, 223]
	 A0A009MVG4	[206, 0, 289, 621, 288, 288, 0, 351, 223]

 ### Operon type: 156

	 A0A009H7I0	[0, 0, 0, 621, 288, 288, 224, 351, 223]

 ### Operon type: 157

	 A0A009S1X4	[226, 225, 600, 621, 288, 288, 621, 0, 103]

 ### Operon type: 158

	 A0A013SHF4	[0, 0, 289, 621, 288, 288, 0, 287, 0]

 ### Operon type: 159

	 A0A009H7U0	[398, 594, 0, 396, 395, 374, 373, 0, 0]

 ### Operon type: 160

	 A0A010IMP8	[398, 0, 0, 396, 395, 374, 373, 0, 372]

 ### Operon type: 161

	 A0A013SZ54	[398, 0, 397, 396, 395, 0, 0, 0, 0]

 ### Operon type: 162

	 A0A009ZM43	[-1, 594, 397, 396, 395, 374, 373, 56, 372]

 ### Operon type: 163

	 A0A009YSC7	[0, 0, 608, 1, 0, 1, 312, 311, 0]

 ### Operon type: 164

	 A0A013RVV2	[452, 0, 312, 311, 0, 0, 0, 310, 0]

 ### Operon type: 165

	 A0A011Q5S3	[658, 657, 0, 0, 0, 0, 656, 655, 654]

 ### Operon type: 166

	 A0A011UZZ4	[0, 656, 655, 0, 0, 0, 246, 246, 654]

 ### Operon type: 167

	 A0A010YKP2	[0, 0, 0, 0, 0, 0, 508, 244, 0]

 ### Operon type: 168

	 A0A011V1A2	[245, 0, 0, 244, 0, 0, 0, 0, 0]

 ### Operon type: 169

	 A0A011Q2B1	[0, 0, 0, 0, 0, 722, 721, 720, 719]

 ### Operon type: 170

	 A0A011RLN8	[0, 0, 0, 724, 723, 722, 721, 720, 719]

 ### Operon type: 171

	 A0A011NGS0	[0, 0, 0, 0, 556, 590, 0, 0, 0]

 ### Operon type: 172

	 A0A011PW61	[0, 0, 0, 0, 556, 590, 0, 0, 522]

 ### Operon type: 173

	 A0A011UXI1	[0, 428, 0, 0, 556, 590, 300, 0, 0]

 ### Operon type: 174

	 A0A011SWI9	[-1, -1, 0, 607, 556, 590, 300, -1, -1]

 ### Operon type: 175

	 A0A011P952	[590, 0, 589, 0, 0, 589, 0, 0, 0]

 ### Operon type: 176

	 A0A011NSG8	[0, 0, 0, 604, 516, 515, 0, 516, 0]

 ### Operon type: 177

	 A0A011P0X4	[0, 0, 488, 0, 516, 0, 0, 515, 41]

 ### Operon type: 178

	 A0A009MJ75	[0, 0, 94, 93, 92, 0, 0, 0, 569]

 ### Operon type: 179

	 A0A010IH51	[0, 267, 0, 0, 92, 0, 569, 0, 0]

 ### Operon type: 180

	 A0A010YNY9	[0, 0, 54, 17, 0, 0, 0, 0, 38]

 ### Operon type: 181

	 A0A011AC71	[103, 0, 0, 249, 0, 54, 17, 0, 600]

 ### Operon type: 182

	 A0A011PRW6	[502, 0, 0, 0, 501, 715, 714, 0, 0]
	 A0A011QLX0	[0, 502, 0, 0, 501, 0, 715, 714, 0]

 ### Operon type: 183

	 A0A010SML6	[0, 715, 714, -1, 0, 603, 0, 0, 0]

 ### Operon type: 184

	 A0A009P817	[228, 0, 0, 0, 98, 0, 279, 97, 96]

 ### Operon type: 185

	 A0A009TIY0	[0, 0, 0, 0, 98, 0, 279, 97, 0]

 ### Operon type: 186

	 A0A009QKA3	[279, 97, 0, 96, 0, 0, 0, 0, 161]

 ### Operon type: 187

	 A0A009S854	[-1, 0, 0, 145, 314, 0, 0, 0, 313]

 ### Operon type: 188

	 A0A013RMD0	[-1, 0, 573, 0, 314, 579, 0, 0, 313]

 ### Operon type: 189

	 A0A009HFU9	[0, 91, 0, 0, 90, 436, 0, 0, 0]
	 A0A009R016	[0, 91, 0, 0, 90, -1, 436, 0, 0]

 ### Operon type: 190

	 A0A009HSR2	[0, 117, 116, 0, 115, 108, 114, 181, 109]

 ### Operon type: 191

	 A0A009SWM1	[0, 117, 116, 0, 115, 0, 0, 114, 0]

 ### Operon type: 192

	 A0A009MYX0	[110, 109, 0, 424, 0, 0, 114, 108, 107]

 ### Operon type: 193

	 A0A009QK79	[0, 0, 107, 108, 0, 114, 0, 0, 109]

 ### Operon type: 194

	 A0A009GXJ1	[243, 242, 108, 114, 84, 181, 109, 110, 0]

 ### Operon type: 195

	 A0A013TKW8	[0, 542, 0, 436, 435, 434, 433, 432, 431]
	 A0A010IT95	[0, 0, 0, 436, 435, 434, 433, 432, 431]
	 A0A009QT77	[0, 0, -1, 436, 435, 434, 433, 432, 431]
	 A0A009MH36	[0, 0, 0, 436, 435, 434, 433, 432, 431]
	 A0A009S0T6	[0, 0, 436, 104, 435, 434, 433, 432, 431]
	 A0A009PRQ9	[0, 436, 104, 0, 435, 434, 433, 432, 431]
	 A0A009GWD0	[181, 0, 0, 436, 435, 434, 433, 432, 431]
	 A0A009I5G9	[0, 0, 436, 104, 435, 434, 433, 432, 431]

 ### Operon type: 196

	 A0A013TMJ7	[555, -1, 0, 436, 435, 432, 431, 0, 0]

 ### Operon type: 197

	 A0A009HJJ5	[326, 393, 392, 0, 391, 390, 0, 596, 50]
	 A0A009I8I7	[326, 393, 392, 58, 391, 390, 0, 596, 50]

 ### Operon type: 198

	 A0A010JJN4	[0, 393, 392, 0, 391, 390, 0, 596, 626]
	 A0A013TPR7	[326, 393, 392, 0, 391, 390, 0, 596, 626]
	 A0A009PMT3	[326, 393, 392, 0, 391, 390, 99, 596, 626]
	 A0A009RMI1	[0, 393, 392, 0, 391, 390, 0, 596, 0]
	 A0A009YG45	[0, 326, 393, 392, 391, 0, 390, 99, 596]

 ### Operon type: 199

	 A0A009SEP4	[326, 393, 392, 58, 391, 0, 390, 99, 0]

 ### Operon type: 200

	 A0A009NI48	[326, 393, 392, 0, 391, 0, 0, 0, -1]

 ### Operon type: 201

	 A0A011WLE7	[0, 0, 0, 0, 0, 292, 0, 0, 0]
	 A0A011VU44	[0, 0, 0, 0, 0, 292, 0, 0, 0]

 ### Operon type: 202

	 A0A011VAP2	[0, 0, 190, 0, 0, 0, 0, 0, 420]

 ### Operon type: 203

	 A0A011VRJ8	[0, 0, 0, 0, 0, 0, 190, 0, 0]

 ### Operon type: 204

	 A0A011RNU1	[0, 0, 0, 0, 0, 0, 705, 705, 704]

 ### Operon type: 205

	 A0A011VKJ9	[0, 0, 0, 0, 0, 0, 704, 705, -1]

 ### Operon type: 206

	 A0A011WT35	[317, 0, 0, 0, 0, 0, 0, 0, 0]
	 A0A011V490	[0, 317, 0, 0, 0, 0, 0, 0, 0]

 ### Operon type: 207

	 A0A009T185	[663, 0, 492, 492, 370, 662, 492, 369, 630]

 ### Operon type: 208

	 A0A010IN36	[371, 555, 0, 0, 370, 662, 492, 369, 630]

 ### Operon type: 209

	 A0A009PG43	[662, 492, 155, 665, 0, 369, 630, 0, 0]

 ### Operon type: 210

	 A0A011PQZ7	[0, 0, 0, 506, 518, 0, 505, 0, 0]

 ### Operon type: 211

	 A0A011TUX4	[0, 0, 0, 0, 518, 0, 0, 505, 0]

 ### Operon type: 212

	 A0A011STZ9	[0, 0, 0, 505, 0, 0, 0, 0, 0]

 ### Operon type: 213

	 A0A011PRF5	[503, 0, 0, 0, 0, 0, 0, 0, 0]
	 A0A011PUJ9	[0, 0, 0, 0, 0, 0, 0, 0, 503]

 ### Operon type: 214

	 A0A011PFY8	[0, 0, 0, 0, 0, 0, 0, 0, 541]

 ### Operon type: 215

	 A0A011PNS3	[665, 541, 0, 0, 0, 0, 0, 0, 0]

 ### Operon type: 216

	 A0A011T648	[0, 541, 0, 0, 0, 0, 0, 662, 0]

 ### Operon type: 217

	 A0A011U3C2	[0, 0, 594, 0, 0, 0, 0, 0, 0]
	 A0A011AEN3	[0, 0, 0, 0, 0, 0, 594, 0, 0]

 ### Operon type: 218

	 A0A011AAZ2	[0, 40, 0, 0, 0, 594, 594, 594, 0]

 ### Operon type: 219

	 A0A011T698	[0, 0, 0, 0, 0, 600, 594, 0, 0]

 ### Operon type: 220

	 A0A009SNL0	[60, 59, 0, 0, 0, 0, 0, 0, 0]

 ### Operon type: 221

	 A0A009ZZC8	[-1, 59, 60, 0, 0, 0, 0, 0, 0]

 ### Operon type: 222

	 A0A009ZG48	[0, 0, 0, 542, 0, 0, 0, 0, 0]

 ### Operon type: 223

	 A0A011PEJ8	[0, 0, 543, 542, 0, 0, 0, 0, 0]

 ### Operon type: 224

	 A0A011QNJ7	[560, 0, 0, 542, 0, 0, 0, 560, 0]

 ### Operon type: 225

	 A0A011MMJ4	[0, 0, 0, 0, 0, 0, 0, 560, 0]

 ### Operon type: 226

	 A0A011R8M3	[0, 0, 543, 542, 0, 299, 0, 560, 0]

 ### Operon type: 227

	 A0A009TJ77	[0, 144, 0, 0, 0, 0, 0, 0, 0]

 ### Operon type: 228

	 A0A010RTE7	[0, 0, 0, 0, 0, 0, 30, 144, 0]

 ### Operon type: 229

	 A0A013S8F0	[349, 348, 347, 346, 345, 621, 555, 351, 627]
	 A0A013TPQ9	[349, 348, 347, 346, 345, 621, 555, 351, 627]
	 A0A009PMU2	[349, 348, 347, -1, 345, 621, 555, 351, 627]
	 A0A009SZ84	[349, 348, 347, 346, 345, 621, 555, 351, 627]

 ### Operon type: 230

	 A0A009IG48	[0, 0, 0, 174, 173, 0, 0, 0, 603]

 ### Operon type: 231

	 A0A009IMQ0	[0, 0, 0, 174, 173, 0, 0, 0, 0]

 ### Operon type: 232

	 A0A009SWV1	[0, 0, 0, 0, 0, 0, 0, 174, 0]

 ### Operon type: 233

	 A0A011TAW2	[0, 0, 0, 0, 0, 0, 407, 0, 0]
	 A0A009SFX8	[407, 0, 0, 0, 0, 0, 0, 0, 0]

 ### Operon type: 234

	 A0A011TZN1	[0, 0, 0, 0, 233, 0, 0, 0, 0]
	 A0A009RHH9	[0, 0, 0, 0, 233, 0, 0, 0, 0]

 ### Operon type: 235

	 A0A009Q512	[0, 0, 0, 0, 227, 0, 0, 0, 0]
	 A0A009PMZ9	[227, 0, 0, 0, 0, 0, 0, 0, 0]

 ### Operon type: 236

	 A0A009IFL2	[0, 43, 0, 42, -1, 0, 0, 0]

 ### Operon type: 237

	 A0A009ZDS1	[-1, -1, 0, 43, 0, 0, 389, 0, 0]

 ### Operon type: 238

	 A0A010IZH1	[-1, 348, 347, 346, 345, 621, 0, 0, 0]
	 A0A009NPS1	[0, 348, 347, 346, 345, -1, 0, 0, 0]
	 A0A009HJM0	[0, 348, 347, 346, 345, 621, 0, 0, 0]

 ### Operon type: 239

	 A0A009HUS9	[348, 347, 0, 0, 0, 0, -1, 0, 0]

 ### Operon type: 240

	 A0A009HM15	[0, 106, 105, 0, 0, 0, -1, 0, 0]

 ### Operon type: 241

	 A0A009RQL5	[0, 0, 0, 0, 0, 0, 106, 105, 0]

 ### Operon type: 242

	 A0A009IJ01	[0, 0, 0, 0, 0, 0, 106, 105, 57]

 ### Operon type: 243

	 A0A009NCH6	[0, 0, 0, 0, 0, 0, 0, 105, 57]

 ### Operon type: 244

	 A0A011UB51	[273, 0, 0, 0, 0, 0, 0, 0, 0]
	 A0A011UFH1	[0, 0, 0, 0, 0, 273, 0, 0, 0]

 ### Operon type: 245

	 A0A011VHP2	[0, -1, -1, -1, 193, 0, 0, 0, 0]
	 A0A011V965	[0, -1, -1, 0, 193, 0, -1, -1, 0]

 ### Operon type: 246

	 A0A010RVD0	[-1, 0, 0, -1, 0, 680, 680, 0, 25]

 ### Operon type: 247

	 A0A010T7Q5	[0, 25, 0, 0, 0, 0, -1, 0, 0]

 ### Operon type: 248

	 A0A010SNM6	[0, 0, -1, 0, 0, 0, 555, 0, 0]
	 A0A010SRR2	[0, 0, -1, 0, 0, 0, 0, 0, 555]

 ### Operon type: 249

	 A0A010SJH7	[0, 0, 555, -1, 0, 0, 224, 0, 0]

 ### Operon type: 250

	 A0A010RKP8	[0, 0, 0, 0, 0, 0, -1, 0, 0]
	 A0A009RG92	[-1, 0, 0, 0, 0, 0, 0, 0, 0]
	 A0A011V107	[0, -1, 0, 0, 0, 0, 0, 0, 0]
	 A0A009QDV7	[-1, 0, 0, 0, 0, 0, 0, 0, 0]
	 A0A011U7M7	[0, 0, -1, 0, 0, 0, 0, 0, 0]
	 A0A009PH57	[0, 0, -1, 0, 0, 0, 0, 0, 0]
	 A0A010JDA6	[-1, 0, 0, 0, 0, 0, 0, 0, 0]
	 A0A009N9Z1	[-1, 0, 0, 0, 0, 0, 0, 0, 0]
	 A0A009H6M2	[-1, 0, 0, 0, 0, 0, 0, 0, 0]
	 A0A010TF14	[-1, 0, 0, 0, 0, 0, 0, 0, 0]
	 A0A010RY47	[-1, 0, -1, 0, 0, 0, 0, 0, 0]
	 A0A009HJU6	[0, 0, 0, 0, 0, 0, 0, 0, -1]
	 A0A009IHQ3	[-1, 0, 0, 0, 0, 0, 0, 0, 0]
	 A0A011UZ32	[0, 0, 0, 0, 0, -1, 0, 0, 0]
	 A0A011UZ49	[0, -1, 0, 0, 0, 0, 0, 0, 0]
	 A0A009TG92	[0, 0, -1, 0, 0, 0, 0, 0, 0]

 ### Operon type: 251

	 A0A010SJF9	[0, 0, 0, 0, 0, -1, 0, 55, -1]

 ### Operon type: 252

	 A0A010T5D8	[0, 0, 0, -1, 0, -1, 352, 0, 0]

 ### Operon type: 253

	 A0A011ML54	[0, 0, 0, 561, 0, 0, 0, 0, -1]

 ### Operon type: 254

	 A0A011NHY1	[0, 0, 0, 0, 0, 555, 0, 0, 0]

 ### Operon type: 255

	 A0A010Z171	[0, 0, 0, 0, 0, 0, 555, 0, 424]

 ### Operon type: 256

	 A0A010ZX98	[0, 0, 0, 0, 0, 10, 555, 555, 0]

 ### Operon type: 257

	 A0A010YRE8	[0, 0, 0, 0, 0, 0, 0, 10, 0]

 ### Operon type: 258

	 A0A011AF05	[0, 0, 103, 10, 0, 0, 0, 0, 0]

 ### Operon type: 259

	 A0A011SQL0	[602, 0, -1, 0, 0, 0, 0, 0, 0]

 ### Operon type: 260

	 A0A009ZC82	[0, 0, 602, 0, 0, 0, 0, 0, 0]

 ### Operon type: 261

	 A0A011P3F6	[603, 0, 0, 602, 0, 0, 0, 0, 0]

 ### Operon type: 262

	 A0A011T697	[555, 0, 0, 0, 0, 0, 0, 0, 279]

 ### Operon type: 263

	 A0A011TDD1	[0, 248, 555, 0, 0, 0, 0, 0, 0]

 ### Operon type: 264

	 A0A011VW24	[0, 0, 718, 0, 0, 0, 0, 0, -1]

 ### Operon type: 265

	 A0A011T8V3	[0, 0, 718, 0, 0, 0, 0, 0, 0]

 ### Operon type: 266

	 A0A010TH98	[522, 0, 0, 718, 0, 0, 0, 0, 0]

 ### Operon type: 267

	 A0A011QVR3	[0, 0, 0, 0, 0, 0, 0, 667, 718]

 ### Operon type: 268

	 A0A011RM25	[0, 0, 0, 0, 0, 718, 0, 717, 0]

 ### Operon type: 269

	 A0A011VXC2	[-1, 282, 0, 0, 0, 0, 0, 0, 0]

 ### Operon type: 270

	 A0A011VYF1	[718, 0, 0, 0, 0, 0, 273, 0, 0]

 ### Operon type: 271

	 A0A010S415	[-1, 718, 0, 223, 0, 0, 0, 0, 378]

 ### Operon type: 272

	 A0A011SGD5	[0, 0, 0, 0, 0, 0, 0, 0, 0]
	 A0A011QSN2	[0, 0, 0, 0, 0, 0, 0, 0, 0]
	 A0A011NAJ1	[0, 0, 0, 0, 0, 0, 0, 0, 0]
	 A0A011NAY5	[0, 0, 0, 0, 0, 0, 0, 0, 0]
	 A0A011NDM5	[0, 0, 0, 0, 0, 0, 0, 0, 0]
	 A0A011P4U7	[0, 0, 0, 0, 0, 0, 0, 0, 0]
	 A0A011P9Z5	[0, 0, 0, 0, 0, 0, 0, 0, 0]
	 A0A011NMI8	[0, 0, 0, 0, 0, 0, 0, 0, 0]
	 A0A011PBM9	[0, 0, 0, 0, 0, 0, 0, 0, 0]
	 A0A011Q056	[0, 0, 0, 0, 0, 0, 0, 0, 0]
	 A0A011Q1B3	[0, 0, 0, 0, 0, 0, 0, 0, 0]
	 A0A011NTU3	[0, 0, 0, 0, 0, 0, 0, 0, 0]
	 A0A011QVV5	[0, 0, 0, 0, 0, 0, 0, 0, 0]
	 A0A011N2Z0	[0, 0, 0, 0, 0, 0, 0, 0, 0]
	 A0A011N3C3	[0, 0, 0, 0, 0, 0, 0, 0, 0]
	 A0A011N4G4	[0, 0, 0, 0, 0, 0, 0, 0, 0]
	 A0A011QMJ8	[0, 0, 0, 0, 0, 0, 0, 0, 0]
	 A0A013T8M5	[0, 0, 0, 0, 0, 0, 0, 0, 0]
	 A0A013TEV4	[0, 0, 0, 0, 0, 0, 0, 0, 0]
	 A0A011PKU5	[0, 0, 0, 0, 0, 0, 0, 0, 0]
	 A0A011PJK8	[0, 0, 0, 0, 0, 0, 0, 0, 0]
	 A0A011PNN2	[0, 0, 0, 0, 0, 0, 0, 0, 0]
	 A0A011WSE5	[0, 0, 0, 0, 0, 0, 0, 0, 0]
	 A0A010IPH1	[0, 0, 0, 0, 0, 0, 0, 0, 0]
	 A0A013S2B9	[0, 0, 0, 0, 0, 0, 0, 0, 0]
	 A0A013SBR8	[0, 0, 0, 0, 0, 0, 0, 0, 0]
	 A0A013TPV4	[0, 0, 0, 0, 0, 0, 0, 0, 0]
	 A0A013SL47	[0, 0, 0, 0, 0, 0, 0, 0, 0]
	 A0A011WUT3	[0, 0, 0, 0, 0, 0, 0, 0, 0]
	 A0A011TWN2	[0, 0, 0, 0, 0, 0, 0, 0, 0]
	 A0A011VWR4	[0, 0, 0, 0, 0, 0, 0, 0, 0]
	 A0A011WKI4	[0, 0, 0, 0, 0, 0, 0, 0, 0]
	 A0A011VYF6	[0, 0, 0, 0, 0, 0, 0, 0, 0]
	 A0A011TAF9	[0, 0, 0, 0, 0, 0, 0, 0, 0]
	 A0A011TLH0	[0, 0, 0, 0, 0, 0, 0, 0, 0]
	 A0A011UHL2	[0, 0, 0, 0, 0, 0, 0, 0, 0]
	 A0A011UBN9	[0, 0, 0, 0, 0, 0, 0, 0, 0]
	 A0A009QQ47	[0, 0, 0, 0, 0, 0, 0, 0, 0]
	 A0A009ISY0	[0, 0, 0, 0, 0, 0, 0, 0, 0]
	 A0A009M4K0	[0, 0, 0, 0, 0, 0, 0, 0, 0]
	 A0A009MGJ1	[0, 0, 0, 0, 0, 0, 0, 0, 0]
	 A0A009MGQ8	[0, 0, 0, 0, 0, 0, 0, 0, 0]
	 A0A011VMV7	[0, 0, 0, 0, 0, 0, 0, 0, 0]
	 A0A011VNE2	[0, 0, 0, 0, 0, 0, 0, 0, 0]
	 A0A011VSC9	[0, 0, 0, 0, 0, 0, 0, 0, 0]
	 A0A011VUV0	[0, 0, 0, 0, 0, 0, 0, 0, 0]
	 A0A011VZG0	[0, 0, 0, 0, 0, 0, 0, 0, 0]
	 A0A011VW71	[0, 0, 0, 0, 0, 0, 0, 0, 0]
	 A0A011V8Y9	[0, 0, 0, 0, 0, 0, 0, 0, 0]
	 A0A009I0I9	[0, 0, 0, 0, 0, 0, 0, 0, 0]
	 A0A009IRJ6	[0, 0, 0, 0, 0, 0, 0, 0, 0]
	 A0A009PDV4	[0, 0, 0, 0, 0, 0, 0, 0, 0]
	 A0A009PG53	[0, 0, 0, 0, 0, 0, 0, 0, 0]
	 A0A010IZE4	[0, 0, 0, 0, 0, 0, 0, 0, 0]
	 A0A009SWU0	[0, 0, 0, 0, 0, 0, 0, 0, 0]
	 A0A009MMM3	[0, 0, 0, 0, 0, 0, 0, 0, 0]
	 A0A009N031	[0, 0, 0, 0, 0, 0, 0, 0, 0]
	 A0A009N123	[0, 0, 0, 0, 0, 0, 0, 0, 0]
	 A0A009RR21	[0, 0, 0, 0, 0, 0, 0, 0, 0]
	 A0A009PT82	[0, 0, 0, 0, 0, 0, 0, 0, 0]
	 A0A009NQA1	[0, 0, 0, 0, 0, 0, 0, 0, 0]
	 A0A010SHY1	[0, 0, 0, 0, 0, 0, 0, 0, 0]
	 A0A009HBT3	[0, 0, 0, 0, 0, 0, 0, 0, 0]
	 A0A009T1I8	[0, 0, 0, 0, 0, 0, 0, 0, 0]
	 A0A009SCM5	[0, 0, 0, 0, 0, 0, 0, 0, 0]
	 A0A009RHH7	[0, 0, 0, 0, 0, 0, 0, 0, 0]
	 A0A009RMD0	[0, 0, 0, 0, 0, 0, 0, 0, 0]
	 A0A009MH90	[0, 0, 0, 0, 0, 0, 0, 0, 0]
	 A0A009Q3K7	[0, 0, 0, 0, 0, 0, 0, 0, 0]
	 A0A009HTN9	[0, 0, 0, 0, 0, 0, 0, 0, 0]
	 A0A009HIL8	[0, 0, 0, 0, 0, 0, 0, 0, 0]
	 A0A009HL81	[0, 0, 0, 0, 0, 0, 0, 0, 0]
	 A0A009I463	[0, 0, 0, 0, 0, 0, 0, 0, 0]
	 A0A009R2X0	[0, 0, 0, 0, 0, 0, 0, 0, 0]
	 A0A009R4N4	[0, 0, 0, 0, 0, 0, 0, 0, 0]
	 A0A009RBQ2	[0, 0, 0, 0, 0, 0, 0, 0, 0]
	 A0A009QVK8	[0, 0, 0, 0, 0, 0, 0, 0, 0]
	 A0A011UTJ0	[0, 0, 0, 0, 0, 0, 0, 0, 0]
	 A0A011UWH1	[0, 0, 0, 0, 0, 0, 0, 0, 0]
	 A0A011UFM5	[0, 0, 0, 0, 0, 0, 0, 0, 0]
	 A0A011UG71	[0, 0, 0, 0, 0, 0, 0, 0, 0]
	 A0A011UGX8	[0, 0, 0, 0, 0, 0, 0, 0, 0]
	 A0A009PAG1	[0, 0, 0, 0, 0, 0, 0, 0, 0]
	 A0A009SHB3	[0, 0, 0, 0, 0, 0, 0, 0, 0]
	 A0A009SIF9	[0, 0, 0, 0, 0, 0, 0, 0, 0]
	 A0A010SPJ7	[0, 0, 0, 0, 0, 0, 0, 0, 0]
	 A0A010SSQ8	[0, 0, 0, 0, 0, 0, 0, 0, 0]
	 A0A010T025	[0, 0, 0, 0, 0, 0, 0, 0, 0]
	 A0A010ZJQ6	[0, 0, 0, 0, 0, 0, 0, 0, 0]
	 A0A010YJA7	[0, 0, 0, 0, 0, 0, 0, 0, 0]
	 A0A010ZTI3	[0, 0, 0, 0, 0, 0, 0, 0, 0]
	 A0A011A146	[0, 0, 0, 0, 0, 0, 0, 0, 0]
	 A0A011AIL7	[0, 0, 0, 0, 0, 0, 0, 0, 0]
	 A0A010YZS8	[0, 0, 0, 0, 0, 0, 0, 0, 0]
	 A0A010Z120	[0, 0, 0, 0, 0, 0, 0, 0, 0]
	 A0A009T3J5	[0, 0, 0, 0, 0, 0, 0, 0, 0]

 ### Operon type: 273

	 A0A010TG27	[558, 0, 34, 0, 0, 0, 621, 0, 0]

 ### Operon type: 274

	 A0A011PMK1	[0, 0, 0, 0, 0, 0, 0, 558, 0]

 ### Operon type: 275

	 A0A009HRU1	[0, 108, 0, 0, 0, 0, 0, 0, 0]

 ### Operon type: 276

	 A0A009HSN8	[0, 232, 0, 0, 0, -1, 0, 163, -1]

 ### Operon type: 277

	 A0A009HV82	[78, 0, 0, 0, 0, 0, 0, 0, 0]

 ### Operon type: 278

	 A0A009IG74	[0, 0, 93, 0, 403, -1, 0, 0, 0]

 ### Operon type: 279

	 A0A009IJ90	[0, 47, 0, 0, 0, 0, 0, 0, 0]

 ### Operon type: 280

	 A0A009ISE1	[390, 0, 596, 0, 0, -1, 0, 0, 0]

 ### Operon type: 281

	 A0A009NM94	[0, 696, 696, 0, 0, 0, 248, 0, 0]

 ### Operon type: 282

	 A0A009Q4N5	[0, 0, 228, 0, 0, 0, 0, 0, 0]

 ### Operon type: 283

	 A0A009SSZ9	[0, 118, 0, 0, 0, 0, 0, 0, 0]

 ### Operon type: 284

	 A0A009TBM2	[0, 0, 0, 0, 0, 0, 0, 0, 399]

 ### Operon type: 285

	 A0A009Q8S9	[0, 0, 603, 399, 0, 263, 0, 0, 0]

 ### Operon type: 286

	 A0A009YIH1	[0, 0, 0, 0, 100, 0, -1, -1, 2]

 ### Operon type: 287

	 A0A009YR05	[0, 0, 0, 0, 39, 0, 0, 0, 0]

 ### Operon type: 288

	 A0A009Z004	[61, 0, 61, 0, 0, 424, 0, 0, 0]

 ### Operon type: 289

	 A0A010IGH8	[0, 0, 0, 0, 0, 0, 0, 310, 0]

 ### Operon type: 290

	 A0A010JIN9	[387, 0, 0, 144, 216, 0, 0, 0, 0]

 ### Operon type: 291

	 A0A010RS09	[0, 0, 0, 0, 30, 0, 577, 577, 0]

 ### Operon type: 292

	 A0A010RUQ5	[0, 0, 0, 0, 0, 0, 0, 0, 215]

 ### Operon type: 293

	 A0A010S195	[602, 0, 53, 52, 0, 0, 0, 0, 0]

 ### Operon type: 294

	 A0A010SCZ2	[0, 0, 0, 0, 0, 0, 0, 419, 0]

 ### Operon type: 295

	 A0A010SN41	[0, 0, 0, 0, 414, 0, 0, 0, 0]

 ### Operon type: 296

	 A0A010SSU2	[0, 0, 0, 0, 84, 0, -1, 591, 0]

 ### Operon type: 297

	 A0A010SUP6	[0, 0, 0, 0, 0, 0, 0, 52, 0]

 ### Operon type: 298

	 A0A010SUY9	[0, 0, 0, 0, 0, 299, 543, 0]

 ### Operon type: 299

	 A0A010THK2	[0, 0, -1, 0, 0, 577, 424, 0, 0]

 ### Operon type: 300

	 A0A010SRL4	[34, 0, 0, -1, 0, 0, 0, 424, 170]

 ### Operon type: 301

	 A0A010YF95	[654, 0, 0, 0, 0, 0, 0, 0, 0]

 ### Operon type: 302

	 A0A010YT39	[0, 557, 0, 0, 0, 0, 0, 0, 0]

 ### Operon type: 303

	 A0A010YX61	[331, 594, 0, 718, 0, 0, 0, 0, 0]

 ### Operon type: 304

	 A0A010ZWJ8	[0, 0, 0, 0, 0, 593, 0, 0, 0]

 ### Operon type: 305

	 A0A009ZVR4	[701, 0, 594, 0, 0, 28, 0, 0, 0]

 ### Operon type: 306

	 A0A011AHW1	[0, 0, 0, 0, 0, 0, 0, 11, 0]

 ### Operon type: 307

	 A0A011NE37	[397, 0, 0, 0, 0, 0, 0, 0, 0]

 ### Operon type: 308

	 A0A011NF78	[0, 0, 687, 0, 0, 0, 0, 0, 0]

 ### Operon type: 309

	 A0A011NVE2	[0, 0, 0, 662, 0, 0, 555, 0, 513]

 ### Operon type: 310

	 A0A011NXJ4	[0, 0, 0, 0, 0, 0, 0, 0, 507]

 ### Operon type: 311

	 A0A011P8I1	[0, 0, 595, 594, 0, 0, 0, 0, 593]

 ### Operon type: 312

	 A0A011P9Q7	[588, 0, 0, 0, 0, 0, 0, 0, 0]

 ### Operon type: 313

	 A0A011PCT1	[0, 0, 0, 0, 0, 0, 0, 719, 0]

 ### Operon type: 314

	 A0A011PJ75	[0, 662, 492, 662, 0, 0, 0, 0, 0]

 ### Operon type: 315

	 A0A011PRB4	[0, 0, 0, 0, 0, 0, 0, 504, 0]

 ### Operon type: 316

	 A0A011Q5V7	[653, 0, 0, 0, 0, 0, 0, 0, 0]

 ### Operon type: 317

	 A0A011QU35	[0, 0, 0, 0, 676, 0, 0, 0, 0]

 ### Operon type: 318

	 A0A011QVT2	[666, 0, 0, 0, 0, 0, 0, 665, 0]

 ### Operon type: 319

	 A0A011RP14	[0, 0, 0, 0, 0, 0, 0, 703, 0]

 ### Operon type: 320

	 A0A011SM49	[555, 0, 703, 0, 0, 0, 269, 0, 0]

 ### Operon type: 321

	 A0A011AM27	[505, 0, 0, 0, 391, 0, 0, 0, 18]

 ### Operon type: 322

	 A0A011T607	[0, 0, 629, 0, 0, 0, 0, 0, 248]

 ### Operon type: 323

	 A0A010S5W8	[0, 0, 487, 629, 0, 0, 0, 0, 0]

 ### Operon type: 324

	 A0A011MSR2	[0, 0, 0, 487, 0, 0, 0, 649, 0]

 ### Operon type: 325

	 A0A010YYJ5	[0, 0, 0, 649, 0, 0, 0, 28, 28]

 ### Operon type: 326

	 A0A011TED9	[0, 0, 0, 0, 0, 250, 0, 0, 0]

 ### Operon type: 327

	 A0A011TXS5	[0, 268, 0, 0, 0, 0, 0, 0, 0]

 ### Operon type: 328

	 A0A011U144	[0, 215, 0, 0, 0, 0, 507, 456, 0]

 ### Operon type: 329

	 A0A011U1C8	[600, 0, 0, 0, 0, 0, 0, 0, 214]

 ### Operon type: 330

	 A0A011U483	[0, 0, 0, 0, 0, 599, 0, 0, 0]

 ### Operon type: 331

	 A0A011UDF3	[0, 0, 0, 0, 0, 306, 0, 0, 0]

 ### Operon type: 332

	 A0A011UG86	[0, 604, 0, 0, 0, 55, 0, 0, 0]

 ### Operon type: 333

	 A0A011UGY3	[0, 0, 0, 36, 0, 0, 0, 36, 0]

 ### Operon type: 334

	 A0A011UJN3	[0, 369, 0, 0, 0, 0, 0, 0, 0]

 ### Operon type: 335

	 A0A009INE0	[371, 0, 0, 0, 0, 0, 0, 492, 369]

 ### Operon type: 336

	 A0A011UQB5	[693, 609, 0, 0, 0, 0, 0, 273, 0]

 ### Operon type: 337

	 A0A011UVI5	[0, 0, 0, 0, 0, 38, 662, 662, 0]

 ### Operon type: 338

	 A0A011UWI3	[0, 0, 0, 0, 120, 0, 77, 602, 0]

 ### Operon type: 339

	 A0A011V5E6	[0, 0, 0, 0, 0, 283, 0, 0, 0]

 ### Operon type: 340

	 A0A011M4H6	[420, 0, 574, 0, 0, 0, 0, 0, 0]

 ### Operon type: 341

	 A0A011VSV3	[0, 0, 0, 0, 0, 0, 536, 0, 0]

 ### Operon type: 342

	 A0A011VWI0	[0, 0, 0, 0, 0, 185, 0, 0, 0]

 ### Operon type: 343

	 A0A011VZ91	[296, 0, 0, 0, 0, 0, 0, 0, 0]

 ### Operon type: 344

	 A0A011W213	[0, 0, 0, 0, 0, 514, 0, 0, 0]

 ### Operon type: 345

	 A0A011WP76	[0, 0, 0, 0, 0, 0, 0, 0, 669]

 ### Operon type: 346

	 A0A011WSD4	[0, 0, 0, -1, 0, 649, 0, 0, 317]

 ### Operon type: 347

	 A0A011VZF5	[0, 0, 295, 294, 0, 649, 317, 649, 0]

 ### Operon type: 348

	 A0A011WSU6	[0, 649, 0, 0, 415, 0, 0, 0, 0]

 ### Operon type: 349

	 A0A013S843	[0, 351, 0, 0, 0, 0, -1, 350, 0]

 ### Operon type: 350

	 A0A013S981	[341, 0, 0, 0, 0, 0, 0, 0, 0]

 ### Operon type: 351

	 A0A013T337	[0, 0, 0, 0, 0, 0, 0, 0, 462]

 ### Operon type: 352

	 A0A013T5E6	[0, 0, 0, 461, 0, 0, 0, 0, 0]

 ### Operon type: 353

	 A0A013SGL3	[333, 332, 331, 330, 329, 625, 328, 600, 327]
	 A0A010KAV2	[333, 0, 0, 330, 329, 625, 328, 600, 327]
	 A0A009RQH3	[333, 0, 0, 330, 329, 625, 328, 600, 327]
	 A0A009NE81	[333, 332, 331, 330, 329, 625, 328, 600, 327]
	 A0A009I5Z6	[333, 0, 331, 330, 329, 625, 328, 600, 327]

 ### Operon type: 354

	 A0A013TB41	[333, -1, 0, 0, 329, 625, 328, 600, 327]

 ### Operon type: 355

	 A0A009H3X4	[333, 0, 0, 0, 329, 625, -1, 577, -1]

 ### Operon type: 356

	 A0A009YL68	[0, 0, 600, 333, 329, 0, 0, 3, 0]

 ### Operon type: 357

	 A0A009T9H0	[0, 2, 603, -1, 0, 0, 114, 0, 108]

 ### Operon type: 358

	 A0A010THH5	[0, 71, 43, 38, 0, 0, 691, 0, 389]

 ### Operon type: 359

	 A0A011WSH8	[0, 0, 0, 621, 416, 0, 0, 0, 0]
	 A0A011VZE3	[0, 0, 0, 621, 416, 0, 0, 0, 0]

 ### Operon type: 360

	 A0A011NAF3	[0, 0, 0, 0, 0, 0, 621, 0, 620]

 ### Operon type: 361

	 A0A009IQ93	[209, 0, 621, 0, 0, 170, 0, 0, 0]

 ### Operon type: 362

	 A0A009TLU4	[0, 268, -1, 194, 0, 23, 0, -1, -1]

 ### Operon type: 363

	 A0A010JNG7	[436, 0, 0, 394, 0, 0, 0, 0, 0]

 ### Operon type: 364

	 A0A010S003	[532, 0, 0, 0, 0, 604, 604, 112, 0]

 ### Operon type: 365

	 A0A010SMN8	[0, -1, 54, 0, 578, 0, 0, 539, 0]

 ### Operon type: 366

	 A0A010SXS1	[0, 155, 0, 0, 0, 264, 0, 0, 665]

 ### Operon type: 367

	 A0A010T689	[18, -1, 691, 707, 0, 0, 0, 0, 0]

 ### Operon type: 368

	 A0A010TBB4	[0, 68, 0, 55, 0, 0, 0, 0, 600]

 ### Operon type: 369

	 A0A010YFK3	[0, 652, 0, 0, 0, 0, 186, 0, 214]

 ### Operon type: 370

	 A0A010YVY1	[7, 0, 7, 0, 0, 0, 0, 112, 0]

 ### Operon type: 371

	 A0A010Z7T4	[0, 0, 0, 0, 0, 0, 0, 569, 506]

 ### Operon type: 372

	 A0A010RRR9	[0, 0, 0, 0, 571, 0, 0, 570, 569]

 ### Operon type: 373

	 A0A010SIA7	[0, 0, 570, 73, 0, 0, 0, 0, 0]

 ### Operon type: 374

	 A0A010ZSZ2	[0, 40, 0, 14, 13, 0, 0, 0, 0]

 ### Operon type: 375

	 A0A010Z0Y7	[0, 0, 0, 0, 13, 223, 0, 0, 0]

 ### Operon type: 376

	 A0A010ZUR7	[422, 12, 0, 12, 0, 11, 112, 0, 0]

 ### Operon type: 377

	 A0A011A0M8	[0, 0, 424, 0, 42, 0, 0, 9, 9]

 ### Operon type: 378

	 A0A011NFL4	[0, 695, 0, 0, 559, 558, 0, 557, 0]

 ### Operon type: 379

	 A0A011P407	[0, 0, 601, 694, 0, 0, 600, 0, 599]

 ### Operon type: 380

	 A0A011QGT2	[621, 0, 0, 479, 478, 0, 0, 0, 0]

 ### Operon type: 381

	 A0A011QSA4	[690, 0, 689, 688, 0, 0, 0, 0, 687]

 ### Operon type: 382

	 A0A011T6J6	[0, 653, 0, 594, 0, 0, 278, 0, 277]

 ### Operon type: 383

	 A0A011TAL2	[0, 629, 0, 0, 0, 249, 0, 508, 0]

 ### Operon type: 384

	 A0A011TYT7	[0, 0, 0, 0, 0, 0, 267, 266, 266]

 ### Operon type: 385

	 A0A011TZG0	[424, 650, 0, 0, 0, 0, 0, 437, 0]

 ### Operon type: 386

	 A0A011Q6N5	[0, 0, 0, 0, 0, 0, 651, 650, 651]

 ### Operon type: 387

	 A0A011UII7	[0, 0, 0, 0, 0, 513, 265, 0, 0]

 ### Operon type: 388

	 A0A011UNT9	[263, 271, 0, 0, 0, 0, 0, 0, 0]

 ### Operon type: 389

	 A0A011SIS0	[0, 638, 272, 272, 0, 0, 0, 271, 0]

 ### Operon type: 390

	 A0A011UT49	[0, 40, 0, 0, 0, 0, 155, 191, 0]

 ### Operon type: 391

	 A0A011VU65	[187, 0, 0, 0, 0, 186, 0, 0, 0]

 ### Operon type: 392

	 A0A011VV03	[0, 422, 0, 0, 421, 420, 0, 0, 0]

 ### Operon type: 393

	 A0A011VVZ9	[0, 0, -1, 0, 0, 419, 418, 418, 417]

 ### Operon type: 394

	 A0A011VWX7	[665, 276, 0, 0, 0, 0, 0, 692, 0]

 ### Operon type: 395

	 A0A011VXK7	[696, 696, 0, 374, 0, 0, 0, 655, 0]

 ### Operon type: 396

	 A0A011W0I6	[293, 0, 0, 0, 0, 426, 0, 561, 0]

 ### Operon type: 397

	 A0A010YEF6	[0, 293, 0, 0, 0, 0, 0, 0, 19]

 ### Operon type: 398

	 A0A013SQH1	[0, 0, 0, 0, 414, 429, 0, 436, 619]

 ### Operon type: 399

	 A0A009LNU8	[408, 410, 411, 412, 0, 194, 0, 436, 0]

 ### Operon type: 400

	 A0A013SRG6	[413, 412, 411, 410, 0, 409, 0, 408, 554]

 ### Operon type: 401

	 A0A009IQU8	[0, 410, 0, 0, 0, 409, 554, 0, 0]

 ### Operon type: 402

	 A0A010K2K8	[411, 412, 413, 0, 0, 0, 0, -1, 436]

 ### Operon type: 403

	 A0A011NPR8	[0, 554, 0, 0, 0, 0, 553, 0, 0]

 ### Operon type: 404

	 A0A010SEA2	[657, 553, 71, 0, 0, 0, 0, 0, 0]

 ### Operon type: 405

	 A0A009ZIC0	[90, 70, 573, 145, 314, 579, 69, 68, 313]

 ### Operon type: 406

	 A0A009ZB47	[139, 27, 0, 0, 0, 649, 387, 0, 0]

 ### Operon type: 407

	 A0A010RM40	[576, 621, 575, 0, 0, 0, 0, -1, 622]

 ### Operon type: 408

	 A0A010RRQ6	[0, 574, 0, 0, 0, 578, 573, 572, 0]

 ### Operon type: 409

	 A0A010S423	[278, 0, 0, 0, 0, 0, 0, 77, 700]

 ### Operon type: 410

	 A0A010T0I7	[0, 0, 19, 0, 0, 595, 689, 621, 0]

 ### Operon type: 411

	 A0A011AHU9	[0, 0, 0, 0, 0, 0, 0, 8, 568]

 ### Operon type: 412

	 A0A010YY02	[0, 6, 0, 0, 6, 519, 5, 0, 8]

 ### Operon type: 413

	 A0A011NA78	[0, 623, 0, 0, 0, 680, 0, 0, 622]

 ### Operon type: 414

	 A0A011P8W7	[592, 601, 665, 0, 591, 0, 0, 0, 0]

 ### Operon type: 415

	 A0A011PG97	[539, 0, 0, 538, 0, 0, 0, 0, 0]

 ### Operon type: 416

	 A0A011PKT4	[0, 429, 0, 0, 0, 0, 428, 0, 0]

 ### Operon type: 417

	 A0A011PLB2	[0, 592, 0, 430, 0, 0, 0, 0, 0]

 ### Operon type: 418

	 A0A011R339	[0, 0, 0, 0, 0, 0, 243, 242, 0]

 ### Operon type: 419

	 A0A011SFE5	[0, 0, 0, 696, 0, 0, 695, 694, 693]

 ### Operon type: 420

	 A0A011SJT5	[0, 0, 0, 417, 270, 270, 270, 270, 270]

 ### Operon type: 421

	 A0A011TDQ5	[0, 0, 0, 0, 247, 427, 0, 0, 0]

 ### Operon type: 422

	 A0A011UG17	[146, 0, 297, 0, 37, 187, 0, 0, 0]

 ### Operon type: 423

	 A0A011V8Z7	[0, 0, 0, 0, 0, 183, 182, 0, 0]

 ### Operon type: 424

	 A0A011VT01	[0, 0, 189, 0, 0, 189, 0, 0, 188]

 ### Operon type: 425

	 A0A011VYP6	[0, 0, 0, 0, 0, 0, 297, 484, 0]

 ### Operon type: 426

	 A0A011V392	[282, 0, 504, 295, 294, 281, 0, 415, 280]

 ### Operon type: 427

	 A0A009Q0U9	[362, 135, 134, 0, 133, 132, -1, -1, 0]

 ### Operon type: 428

	 A0A010SRB2	[23, 22, 0, 0, 0, 22, 21, 0, 0]

 ### Operon type: 429

	 A0A011VJ76	[192, 192, 191, 557, 0, 621, 424, 0, 601]

 ### Operon type: 430

	 A0A013SKX6	[0, 0, 702, 0, 403, 403, 286, 285, 284]

 ### Operon type: 431

	 A0A010KA25	[387, 0, 691, 359, 251, 0, 0, 387, 348]

 ### Operon type: 432

	 A0A011WUA8	[635, 0, 0, 316, 0, 0, 0, 315, 315]

 ### Operon type: 433

	 A0A010S4X6	[0, 223, 575, 604, 322, 0, 509, 425, 577]

 ### Operon type: 434

	 A0A011U8C0	[0, 213, 212, 0, 211, 210, 0, 0, 0]
