
 ### Operon type: 1

	 A0A011PVT3	[663, 662, 661, 660, 659, 658, 657, 656, 655]
	 A0A011R7V7	[663, 662, 661, 660, 659, 658, 657, 656, 655]
	 A0A011MET3	[663, 662, 661, 660, 659, 658, 657, 656, 655]

 ### Operon type: 2

	 A0A011V5V3	[0, 140, 139, 138, 137, 136, 135, 134, 133]
	 A0A011UIA1	[140, 139, 138, 137, 136, 135, 134, 133, 0]

 ### Operon type: 3

	 A0A011PTE7	[565, 564, 563, 562, 561, 0, 560, 559, 558]
	 A0A011NE72	[565, 564, 563, 562, 561, 560, 559, 558, 0]

 ### Operon type: 4

	 A0A011NEY3	[404, 705, 704, 703, 703, 702, 701, 700, 0]

 ### Operon type: 5

	 A0A011PAN4	[705, 704, 0, 703, 703, 702, 701, 700, 699]

 ### Operon type: 6

	 A0A011RCD5	[404, 705, 704, 703, 703, 702, 701, 700, 699]

 ### Operon type: 7

	 A0A010JSI3	[508, 507, 506, 505, 504, 503, 502, 501, 0]
	 A0A013T0M4	[508, 507, 506, 505, 504, 503, 502, 501, 0]
	 A0A009HDS5	[508, 507, 506, 505, 504, 503, 502, 501, 0]
	 A0A009RGL2	[0, 507, 506, 505, 504, 503, 502, 501, 0]

 ### Operon type: 8

	 A0A011PF67	[694, 693, 692, 691, 690, 0, 0, 0, 0]
	 A0A011NW66	[694, 693, 692, 691, 690, 549, 0, 0, 0]
	 A0A011NBX7	[694, 693, 692, 691, 690, 549, 0, 0, 0]

 ### Operon type: 9

	 A0A011NS68	[694, 693, 692, 691, 690, 511, 510, 567, 580]
	 A0A011RHX4	[694, 693, 692, 691, 690, 511, 510, 567, 0]

 ### Operon type: 10

	 A0A010JY00	[303, 459, 328, 327, 494, 706, 324, 709, 372]

 ### Operon type: 11

	 A0A013TH30	[459, 328, 327, 326, 325, 706, 324, 709, 372]

 ### Operon type: 12

	 A0A011NEQ1	[0, 530, 529, 528, 527, 526, 525, 524, 523]
	 A0A011QAS2	[0, 530, 529, 528, 527, 526, 525, 524, 523]

 ### Operon type: 13

	 A0A011QSF0	[0, 685, 684, 683, 682, 681, 680, 679, 0]
	 A0A011QBB5	[620, 685, 684, 683, 682, 681, 680, 679, 604]
	 A0A011Q0X6	[620, 685, 684, 683, 682, 681, 680, 679, 604]
	 A0A011Q1X8	[685, 0, 684, 683, 682, 681, 680, 679, 604]

 ### Operon type: 14

	 A0A011PG87	[620, 685, 684, 683, 682, 681, 680, 0, 0]

 ### Operon type: 15

	 A0A013SP43	[388, 387, 386, 385, 384, 383, 382, 381, 380]
	 A0A010K6G6	[388, 387, 386, 385, 384, 383, 382, 0, 380]
	 A0A009RUN3	[388, 387, 386, 385, 384, 383, 382, 381, 380]

 ### Operon type: 16

	 A0A009SZB5	[0, 0, 286, 166, 284, 0, 0, 0, 165]
	 A0A009HR98	[0, 0, 286, 166, 284, 0, 0, 0, 165]

 ### Operon type: 17

	 A0A009Z8F7	[287, 286, 285, 0, 284, 283, 283, 0, 0]

 ### Operon type: 18

	 A0A011QUG8	[723, 722, 721, 720, 719, 718, 0, 717, 716]
	 A0A011QIT1	[723, 722, 721, 720, 719, 718, 717, 716, 642]

 ### Operon type: 19

	 A0A011PL71	[675, 674, 673, 672, 671, 670, 669, 668, 0]
	 A0A011QAB0	[674, 673, 672, 0, 671, 670, 669, 668, 0]

 ### Operon type: 20

	 A0A011PIY7	[571, 0, 612, 586, 587, 588, 589, 0, 591]

 ### Operon type: 21

	 A0A011Q3J4	[0, 571, 612, 586, 587, 588, 589, 590, 0]

 ### Operon type: 22

	 A0A011MH88	[572, 571, 612, 586, 587, 588, 589, 590, 591]

 ### Operon type: 23

	 A0A009QBR9	[0, 0, 350, 335, 349, 0, 0, 345, 144]
	 A0A009TM70	[0, 351, 350, 335, 349, 0, 0, 345, 144]

 ### Operon type: 24

	 A0A010ILU3	[352, 351, 350, 0, 349, 348, 347, 346, 345]
	 A0A009QS71	[352, 351, 350, 335, 349, 348, 0, 346, 345]
	 A0A009MW50	[0, 351, 350, 335, 349, 348, 0, 346, 345]
	 A0A009H3B0	[0, 351, 350, 0, 349, 348, 347, 346, 345]

 ### Operon type: 25

	 A0A009I8S2	[0, 0, 350, 335, 349, 348, 346, 345, 144]

 ### Operon type: 26

	 A0A009ZFR5	[498, 497, 496, 495, 494, 493, 492, 491, 709]
	 A0A009ICH6	[498, 497, 496, 495, 494, 493, 492, 491, 709]

 ### Operon type: 27

	 A0A009GP96	[0, 74, 654, 155, 267, 36, 440, 73, 72]

 ### Operon type: 28

	 A0A009GSR4	[155, 267, 36, 440, 73, 72, 72, 71, 0]

 ### Operon type: 29

	 A0A009IIT6	[74, 654, 155, 267, 73, 72, 72, 71, 0]

 ### Operon type: 30

	 A0A009IS10	[54, 0, 0, 0, 61, 60, 59, 0, 0]

 ### Operon type: 31

	 A0A009QHW5	[0, 0, 0, 352, 61, 60, 59, 0, 282]

 ### Operon type: 32

	 A0A011UVB4	[0, 0, 0, 225, 0, 0, 54, 0, 411]

 ### Operon type: 33

	 A0A011TLH7	[344, 343, 342, 0, 0, 0, 0, 0, 0]
	 A0A011UG87	[342, 343, 344, 0, 0, 0, 0, 0, 0]

 ### Operon type: 34

	 A0A011QIE8	[649, 648, 647, 646, 645, 644, 643, 0, 0]
	 A0A011QDV3	[649, 648, 647, 646, 645, 644, 605, 0, 643]

 ### Operon type: 35

	 A0A011NYU6	[601, 600, 0, 599, 598, 365, 364, 0, 597]

 ### Operon type: 36

	 A0A011PYI6	[601, 600, 0, 599, 598, 597, 596, 595, 0]

 ### Operon type: 37

	 A0A011P1C0	[0, 0, 365, 364, 597, 0, 0, 0, 0]

 ### Operon type: 38

	 A0A011PP01	[594, 593, 592, 0, 0, 0, 0, 0, 0]
	 A0A011NVE7	[594, 593, 592, 0, 0, 0, 0, 0, 0]

 ### Operon type: 39

	 A0A013TH43	[323, 0, 0, 0, 322, 321, 320, 0, 319]
	 A0A009RAF0	[323, 0, 0, 0, 322, 321, 320, 0, 319]

 ### Operon type: 40

	 A0A013S8V2	[306, 305, 0, 0, 0, 304, 0, 0, 0]
	 A0A009R8E1	[0, 363, 0, 306, 305, 0, 0, 304, 0]

 ### Operon type: 41

	 A0A009QFZ7	[370, 369, 0, 0, 479, 0, 367, 366, 0]
	 A0A009TK03	[370, 369, 0, 0, 479, 0, 367, 366, 0]

 ### Operon type: 42

	 A0A013SPM5	[370, 369, 481, 480, 479, 368, 367, 366, 0]
	 A0A010IX62	[370, 369, 481, 480, 479, 0, 367, 366, 0]
	 A0A009HSL1	[370, 369, 481, 480, 479, 0, 367, 366, 0]
	 A0A009MH71	[370, 369, 0, 480, 479, 368, 367, 366, 0]

 ### Operon type: 43

	 A0A009I6Z0	[370, 369, 0, 480, 479, 0, 367, 366, 477]

 ### Operon type: 44

	 A0A009ZIX8	[0, 482, 481, 480, 479, 478, 0, 477, 0]

 ### Operon type: 45

	 A0A009I573	[224, 0, 34, 191, 0, 35, 143, 119, 120]

 ### Operon type: 46

	 A0A009ILP9	[189, 0, 120, 119, 143, 35, 190, 191, 34]

 ### Operon type: 47

	 A0A009I953	[189, 0, 120, 119, 143, 35, 190, 0, -1]

 ### Operon type: 48

	 A0A009QEG7	[187, 188, 0, 0, 143, 142, 141, 0, 190]
	 A0A009IPC3	[187, 188, 0, 0, 143, 142, 141, 0, 190]

 ### Operon type: 49

	 A0A009SX74	[618, 580, 0, 191, 190, 189, 188, 187, 0]

 ### Operon type: 50

	 A0A010JWJ1	[0, 122, 654, 0, 209, 208, 207, 206, 0]
	 A0A009I4A1	[0, 122, 654, 0, 209, 208, 207, 206, 0]

 ### Operon type: 51

	 A0A009QF22	[212, 211, 210, 0, 209, 208, 207, 206, 205]
	 A0A009TBY8	[212, 211, 210, 48, 209, 208, 207, 206, 205]

 ### Operon type: 52

	 A0A009ITT8	[42, 41, 40, 172, 171, 65, 170, 169, 168]

 ### Operon type: 53

	 A0A009NJ90	[42, 41, 40, 172, 0, 66, 65, 170, 169]

 ### Operon type: 54

	 A0A009HZK2	[215, 172, 171, 0, 0, 0, 0, 0, 0]

 ### Operon type: 55

	 A0A009IJ07	[217, 216, 215, 172, 171, 0, 0, 0, 0]

 ### Operon type: 56

	 A0A009S6G1	[217, 216, 215, 172, 171, 170, 169, 168, 167]

 ### Operon type: 57

	 A0A009S5A5	[171, 66, 65, 170, 169, 168, 64, 63, 167]

 ### Operon type: 58

	 A0A013TCN9	[335, 334, 333, 332, 331, 330, 329, 654, 646]
	 A0A009QNC9	[335, 334, 333, 332, 331, 330, 329, 654, 646]
	 A0A010ITG1	[335, 334, 333, 332, 331, 330, 329, 654, 646]
	 A0A009NIJ3	[335, 334, 333, 332, 331, 330, 329, 654, 646]
	 A0A013TRC1	[335, 334, 333, 332, 331, 330, 329, 654, 646]

 ### Operon type: 59

	 A0A009H935	[0, 0, 333, 332, 331, 330, 329, 654, 646]

 ### Operon type: 60

	 A0A009PJF7	[226, 227, 227, 228, 154, 414, 153, 152, 151]
	 A0A009SJZ7	[225, 226, 227, 228, 154, 414, 153, 152, 151]

 ### Operon type: 61

	 A0A009Z5G0	[414, 228, 227, 0, 308, 226, 225, 292]

 ### Operon type: 62

	 A0A010JJC1	[463, 359, 358, 357, 356, 355, 354, 360, 353]
	 A0A010IZ41	[359, 358, 357, 356, 355, 354, 360, 353, 386]

 ### Operon type: 63

	 A0A009QJL6	[463, 359, 358, 357, 0, 353, 386, 28, 0]

 ### Operon type: 64

	 A0A011P2I4	[670, 613, 612, 0, 0, 0, 0, 0, 0]
	 A0A011N9N8	[670, 613, 612, 0, 0, 0, 0, 0, 0]

 ### Operon type: 65

	 A0A009PIB4	[0, 0, 0, 111, 110, 109, 440, 654, 670]
	 A0A009SLR5	[0, 0, 0, 111, 110, 109, 440, 654, 670]

 ### Operon type: 66

	 A0A009HSU4	[0, 0, 451, 654, 0, 613, 578, 670, 440]

 ### Operon type: 67

	 A0A011SF89	[469, 468, 467, 0, 0, 0, 0, 0, 0]

 ### Operon type: 68

	 A0A011UCX7	[0, 674, 469, 468, 0, 467, 118, 0, 0]

 ### Operon type: 69

	 A0A011NYT4	[576, 575, 574, 573, 0, 533, 533, 532, 531]

 ### Operon type: 70

	 A0A011P8E9	[0, 0, 576, 575, 0, 574, 573, 0, 0]

 ### Operon type: 71

	 A0A010TF34	[0, -1, 0, 0, 20, 19, 18, 17, 16]
	 A0A010SYH9	[20, 19, 18, 17, 16, 0, 0, 0, 0]

 ### Operon type: 72

	 A0A010S7A1	[46, 45, 44, 149, 0, 43, 0, 0, 0]
	 A0A010TFJ4	[0, -1, 0, 46, 45, 44, 149, -1, 43]

 ### Operon type: 73

	 A0A009ICP5	[82, 390, 458, 116, 89, 0, 0, 88, 0]

 ### Operon type: 74

	 A0A009MMG9	[82, 390, 458, 116, 89, 0, 81, 88, 162]

 ### Operon type: 75

	 A0A009QLL2	[0, 230, 231, 0, 89, 0, 0, 88, 0]
	 A0A009HTW0	[0, 230, 231, 0, 89, 0, 0, 88, 0]

 ### Operon type: 76

	 A0A009SIV4	[229, 230, 231, 39, 89, 38, 0, 88, 162]

 ### Operon type: 77

	 A0A013TSJ4	[230, 231, 0, 39, 89, 0, 0, 88, 162]

 ### Operon type: 78

	 A0A009Z3V9	[654, 0, 0, 0, 0, 231, 450, 230, 229]

 ### Operon type: 79

	 A0A009T0Q9	[0, 0, 0, 0, 164, 296, 572, 654, 163]

 ### Operon type: 80

	 A0A009YJF4	[0, 532, 531, 15, 49, 572, 654, 0, 163]

 ### Operon type: 81

	 A0A009HJC2	[84, 646, 458, 83, 429, 440, 180, 181, 182]
	 A0A009PAV9	[84, -1, 458, 83, 429, 440, 180, 181, 182]

 ### Operon type: 82

	 A0A009SE02	[0, 182, 0, 0, 0, 181, 180, 440, 429]

 ### Operon type: 83

	 A0A011QNA5	[0, 637, 636, 635, 0, 634, 633, 632, 631]
	 A0A009ZLJ7	[631, 632, 633, 634, 0, 0, 637, 636, 635]

 ### Operon type: 84

	 A0A013T0T6	[634, 633, 632, 631, 377, 376, 375, 374, 373]
	 A0A009HAX1	[634, 633, 632, 631, 377, 376, 375, 374, 373]
	 A0A009QMH5	[634, 633, 632, 631, 377, 376, 375, 374, 373]

 ### Operon type: 85

	 A0A010ILW6	[634, 633, 632, 631, 377, 376, 0, 0, 374]

 ### Operon type: 86

	 A0A009Z9X7	[633, 632, 631, 0, 377, 0, 713, 0, 374]

 ### Operon type: 87

	 A0A009PE10	[0, 0, 0, 631, 377, 70, 375, 374, -1]

 ### Operon type: 88

	 A0A009RSB7	[578, 498, 606, 278, 235, 654, 654, 276, 275]
	 A0A009SYU8	[578, 498, 606, 278, 235, 654, 654, 276, 275]
	 A0A009HS41	[578, 498, 606, 278, 235, 654, 654, 276, 275]

 ### Operon type: 89

	 A0A013SHA9	[578, 498, 606, 278, 277, 654, 654, 276, 275]
	 A0A010IT25	[578, 498, 606, 278, 277, 654, 654, 276, 275]
	 A0A009I466	[578, 498, 606, 278, 277, 654, 654, 276, 275]

 ### Operon type: 90

	 A0A009NMQ9	[578, 498, 606, 278, 277, 0, 654, 654, 276]

 ### Operon type: 91

	 A0A009P8A9	[0, 0, 606, 278, 235, 654, 654, 276, 275]

 ### Operon type: 92

	 A0A011PGU1	[0, 0, 617, 627, 626, 625, 616, 615, 614]
	 A0A011MDH1	[518, 0, 617, 627, 626, 625, 616, 615, 614]

 ### Operon type: 93

	 A0A011V0P4	[410, 260, 0, 0, 312, 0, 0, 446, 445]

 ### Operon type: 94

	 A0A011WPV7	[446, 445, 0, 0, 0, 0, 0, 0, 0]

 ### Operon type: 95

	 A0A011RNP9	[0, 0, 0, 0, 0, 418, 669, 0, 0]

 ### Operon type: 96

	 A0A011V0B5	[472, 0, 0, 0, 0, 0, 418, 0, 0]

 ### Operon type: 97

	 A0A011RQC9	[0, 472, 471, 0, 0, 0, 0, 470, 0]

 ### Operon type: 98

	 A0A011QG28	[629, 628, 627, 0, 626, 625, 624, 623, 622]
	 A0A011RIM8	[629, 628, 0, 0, 626, 625, 624, 623, 622]

 ### Operon type: 99

	 A0A011PHI6	[582, 0, 651, 0, 0, 650, 720, 581, 0]

 ### Operon type: 100

	 A0A011QI68	[0, 0, 651, 650, 0, 0, 0, 0, 0]

 ### Operon type: 101

	 A0A011P700	[0, 0, 678, 677, 0, 0, 0, 0, 0]

 ### Operon type: 102

	 A0A011QSI4	[0, 0, 678, 677, 676, 0, 0, 0, 0]

 ### Operon type: 103

	 A0A011NVJ6	[556, 555, 554, 553, 552, 551, 0, 0, 550]

 ### Operon type: 104

	 A0A011PVP2	[0, 555, 554, 553, 552, 551, 0, 0, 663]

 ### Operon type: 105

	 A0A011NXY7	[0, 0, 554, 0, 552, 0, 0, 0, 0]

 ### Operon type: 106

	 A0A011QR69	[711, 710, 709, 708, 707, 706, 0, 0, 0]
	 A0A011NUB4	[711, 710, 709, 708, 707, 706, 0, 520, 0]

 ### Operon type: 107

	 A0A011NN36	[710, 709, 0, 0, 707, 706, 0, 0, 0]

 ### Operon type: 108

	 A0A011PK69	[709, 666, 0, 0, 707, 706, 0, 0, 0]

 ### Operon type: 109

	 A0A011NYD6	[547, 639, 638, 546, 545, 544, 543, 542, 541]
	 A0A011RMI6	[547, 639, 638, 546, 545, 544, 543, 542, 541]

 ### Operon type: 110

	 A0A011QB28	[509, 547, 639, 0, 0, 544, 543, 542, 541]

 ### Operon type: 111

	 A0A011NF33	[0, 544, 543, 0, 0, 0, 0, 0, 0]

 ### Operon type: 112

	 A0A011NBY4	[455, 0, 0, 454, 0, 0, 453, 0, 0]

 ### Operon type: 113

	 A0A011WRT0	[455, 0, 0, 0, 0, 0, 0, 595, 0]

 ### Operon type: 114

	 A0A011SHV5	[0, 0, 0, 0, 0, 464, 595, 463, 0]

 ### Operon type: 115

	 A0A011NB95	[0, 715, 0, 0, 0, 0, 458, 457, 456]

 ### Operon type: 116

	 A0A011UHT4	[28, 443, 457, 0, 0, 22, 22, 456, 0]

 ### Operon type: 117

	 A0A010Z1W7	[0, 0, 0, 0, 0, 115, 0, 406, 407]

 ### Operon type: 118

	 A0A011VY84	[0, 0, 407, 406, 0, 0, 0, 0, 0]

 ### Operon type: 119

	 A0A010YW85	[0, 0, 0, 0, 0, 238, 0, 406, 407]

 ### Operon type: 120

	 A0A010ZMA0	[406, 462, 0, 0, 0, 0, 0, 0, 0]

 ### Operon type: 121

	 A0A011N5L2	[0, 0, 0, 462, 0, 461, 460, 0, 0]

 ### Operon type: 122

	 A0A010SQJ5	[249, 116, 0, 340, 339, 338, 0, 0, 0]

 ### Operon type: 123

	 A0A010STD3	[0, 0, 0, 340, 339, 338, 0, 276, 288]

 ### Operon type: 124

	 A0A011TD67	[341, 0, 0, 340, 339, 338, 337, 0, 336]

 ### Operon type: 125

	 A0A009ZC12	[0, 0, 0, 340, 0, 338, 337, 280, 687]

 ### Operon type: 126

	 A0A010RFQ9	[0, 0, 500, 0, 499, 0, 0, 0, 0]

 ### Operon type: 127

	 A0A010SPR9	[13, 13, 0, 0, 0, 499, 0, 0, 0]

 ### Operon type: 128

	 A0A013S288	[0, 0, 0, 430, 429, 428, 427, 0, 425]
	 A0A010J3I1	[0, 0, 0, 430, 429, 428, 427, 0, 425]

 ### Operon type: 129

	 A0A013SXT2	[433, 432, 431, 430, 429, 428, 427, 426, 425]
	 A0A009PWG1	[433, 432, 431, 430, 429, 428, 427, 426, 425]

 ### Operon type: 130

	 A0A009ZJK4	[0, 0, 0, 0, 0, 0, 498, 476, 0]

 ### Operon type: 131

	 A0A010SVN1	[-1, 476, 654, 145, 265, 0, 0, 498, 0]

 ### Operon type: 132

	 A0A009SF48	[257, 0, 255, 0, 253, -1, 214, 595, 213]
	 A0A009IMX3	[257, 0, 255, 0, 253, 214, 214, 595, 213]

 ### Operon type: 133

	 A0A009QEX0	[257, 256, 255, 254, 253, 214, 214, 595, 213]

 ### Operon type: 134

	 A0A013S7V1	[257, 256, 255, 254, 253, 252, 498, 251, 250]
	 A0A009RES7	[257, 256, 255, 254, 253, 252, 498, 251, 250]
	 A0A010ISX2	[257, 256, 255, 254, 253, 252, 498, 251, 250]
	 A0A009MR00	[257, 256, 255, 254, 253, 252, 498, 251, 250]

 ### Operon type: 135

	 A0A009GYP9	[0, 0, 0, 254, 253, 252, 498, 251, 250]

 ### Operon type: 136

	 A0A009YTT3	[0, 0, 0, 0, 0, 0, 498, 251, 250]

 ### Operon type: 137

	 A0A009QGN4	[204, 203, 202, 201, 200, 199, 0, 0, 0]
	 A0A009PFK7	[204, 203, 202, 201, 200, 0, 0, 199, 0]

 ### Operon type: 138

	 A0A009YR20	[0, 199, 0, 0, 0, 0, 203, 0, 0]

 ### Operon type: 139

	 A0A013SB36	[302, 301, 300, 299, 298, 0, 531, 297, 296]
	 A0A009QSI3	[302, 301, 300, 299, 298, 0, 531, 297, -1]

 ### Operon type: 140

	 A0A010ITP2	[302, 301, 300, 299, 298, 0, 531, 0, 0]

 ### Operon type: 141

	 A0A009SII9	[-1, 301, 300, 299, 0, 0, 0, 0, 164]

 ### Operon type: 142

	 A0A009HZV2	[0, 0, 0, 0, 100, 99, 66, 0, 0]

 ### Operon type: 143

	 A0A009QPE7	[0, 0, 0, 0, 100, 99, 0, 0, 0]

 ### Operon type: 144

	 A0A009GXL8	[52, 51, 50, 0, 49, 48, 173, 95, 94]

 ### Operon type: 145

	 A0A010JIW7	[52, 51, 50, 0, 49, 0, 0, 173, 95]

 ### Operon type: 146

	 A0A009MGR3	[0, 0, 127, 0, 371, 63, 27, 126, 125]

 ### Operon type: 147

	 A0A009Q4G0	[0, 128, 127, 0, 371, 0, 126, 125, 126]

 ### Operon type: 148

	 A0A009PUJ8	[0, 97, 0, 0, 0, 96, 173, 95, 94]

 ### Operon type: 149

	 A0A009QJA8	[95, 94, 0, 0, 0, 0, 0, 0, 0]

 ### Operon type: 150

	 A0A009PB53	[0, 0, 97, 0, 0, 126, 125, 126, 96]

 ### Operon type: 151

	 A0A013SNJ8	[498, 0, 0, 379, 378, 429, 386, 0, 0]
	 A0A013RZW2	[498, 258, 0, 379, 378, 429, 386, 0, 0]
	 A0A009RD69	[498, 258, 0, 379, 378, 429, 386, 90, 0]
	 A0A010J9U3	[498, 0, 0, 379, 378, 429, 386, 0, 0]
	 A0A009SIZ4	[498, 258, 0, 379, 378, 0, 386, 90, 0]

 ### Operon type: 152

	 A0A009PH20	[0, 0, 345, 379, 378, 429, 386, 0, 0]
	 A0A009IV03	[0, 0, 345, 379, 378, 0, 386, 0, 0]

 ### Operon type: 153

	 A0A009YIZ0	[498, 258, 345, 379, 378, 429, 386, 90, 76]

 ### Operon type: 154

	 A0A009QA91	[148, 147, 578, 654, 273, 273, 146, 398, 145]
	 A0A010J377	[148, 147, 578, 654, 273, 273, 146, 398, 145]

 ### Operon type: 155

	 A0A009QQC0	[0, 0, 98, 654, 273, 273, 0, 398, 145]
	 A0A009MVG4	[98, 0, 274, 654, 273, 273, 0, 398, 145]

 ### Operon type: 156

	 A0A009H7I0	[0, 0, 0, 654, 273, 273, 146, 398, 145]

 ### Operon type: 157

	 A0A009S1X4	[148, 147, 578, 654, 273, 273, 654, 0, 67]

 ### Operon type: 158

	 A0A013SHF4	[0, 0, 274, 654, 273, 273, 0, 272, 0]

 ### Operon type: 159

	 A0A009H7U0	[424, 624, 0, 422, 421, 408, 93, 0, 0]

 ### Operon type: 160

	 A0A010IMP8	[424, 0, 0, 422, 421, 408, 93, 0, 91]

 ### Operon type: 161

	 A0A013SZ54	[424, 0, 423, 422, 421, 0, 0, 0, 0]

 ### Operon type: 162

	 A0A009ZM43	[-1, 624, 423, 422, 421, 408, 93, 92, 91]

 ### Operon type: 163

	 A0A009YSC7	[0, 0, 453, 1, 0, 1, 290, 289, 0]

 ### Operon type: 164

	 A0A013RVV2	[335, 0, 290, 289, 0, 0, 0, 288, 0]

 ### Operon type: 165

	 A0A011Q5S3	[642, 540, 0, 0, 0, 0, 539, 538, 537]

 ### Operon type: 166

	 A0A011UZZ4	[0, 539, 538, 0, 0, 0, 261, 261, 537]

 ### Operon type: 167

	 A0A010YKP2	[0, 0, 0, 0, 0, 0, 550, 259, 0]

 ### Operon type: 168

	 A0A011V1A2	[260, 0, 0, 259, 0, 0, 0, 0, 0]

 ### Operon type: 169

	 A0A011Q2B1	[0, 0, 0, 0, 0, 516, 515, 514, 697]

 ### Operon type: 170

	 A0A011RLN8	[0, 0, 0, 517, 698, 516, 515, 514, 697]

 ### Operon type: 171

	 A0A011NGS0	[0, 0, 0, 0, 603, 608, 0, 0, 0]

 ### Operon type: 172

	 A0A011PW61	[0, 0, 0, 0, 603, 608, 0, 0, 602]

 ### Operon type: 173

	 A0A011UXI1	[0, 474, 0, 0, 603, 608, 263, 0, 0]

 ### Operon type: 174

	 A0A011SWI9	[-1, -1, 0, 582, 603, 608, 263, -1, -1]

 ### Operon type: 175

	 A0A011P952	[608, 0, 607, 0, 0, 607, 0, 0, 0]

 ### Operon type: 176

	 A0A011NSG8	[0, 0, 0, 581, 522, 521, 0, 522, 0]

 ### Operon type: 177

	 A0A011P0X4	[0, 0, 518, 0, 522, 0, 0, 521, 363]

 ### Operon type: 178

	 A0A009MJ75	[0, 0, 103, 102, 101, 0, 0, 0, 155]

 ### Operon type: 179

	 A0A010IH51	[0, 162, 0, 0, 101, 0, 155, 0, 0]

 ### Operon type: 180

	 A0A010YNY9	[0, 0, 26, 24, 0, 0, 0, 0, 79]

 ### Operon type: 181

	 A0A011AC71	[67, 0, 0, 243, 0, 26, 24, 0, 578]

 ### Operon type: 182

	 A0A011QLX0	[0, 641, 0, 0, 640, 0, 639, 638, 0]
	 A0A011PRW6	[641, 0, 0, 0, 640, 639, 638, 0, 0]

 ### Operon type: 183

	 A0A010SML6	[0, 639, 638, -1, 0, 580, 0, 0, 0]

 ### Operon type: 184

	 A0A009P817	[124, 0, 0, 0, 108, 0, 240, 107, 106]

 ### Operon type: 185

	 A0A009TIY0	[0, 0, 0, 0, 108, 0, 240, 107, 0]

 ### Operon type: 186

	 A0A009QKA3	[240, 107, 0, 106, 0, 0, 0, 0, 204]

 ### Operon type: 187

	 A0A009S854	[-1, 0, 0, 487, 486, 0, 0, 0, 483]

 ### Operon type: 188

	 A0A013RMD0	[-1, 0, 488, 0, 486, 500, 0, 0, 483]

 ### Operon type: 189

	 A0A009HFU9	[0, 37, 0, 0, 490, 440, 0, 0, 0]
	 A0A009R016	[0, 37, 0, 0, 490, -1, 440, 0, 0]

 ### Operon type: 190

	 A0A009HSR2	[0, 223, 222, 0, 221, 86, 220, 66, 85]

 ### Operon type: 191

	 A0A009SWM1	[0, 223, 222, 0, 221, 0, 0, 220, 0]

 ### Operon type: 192

	 A0A009MYX0	[80, 85, 0, 451, 0, 0, 220, 86, 87]

 ### Operon type: 193

	 A0A009QK79	[0, 0, 87, 86, 0, 220, 0, 0, 85]

 ### Operon type: 194

	 A0A009GXJ1	[78, 77, 86, 220, 53, 66, 85, 80, 0]

 ### Operon type: 195

	 A0A013TKW8	[0, 695, 0, 440, 318, 317, 316, 315, 314]
	 A0A009QT77	[0, 0, -1, 440, 318, 317, 316, 315, 314]
	 A0A010IT95	[0, 0, 0, 440, 318, 317, 316, 315, 314]
	 A0A009S0T6	[0, 0, 440, 68, 318, 317, 316, 315, 314]
	 A0A009PRQ9	[0, 440, 68, 0, 318, 317, 316, 315, 314]
	 A0A009GWD0	[66, 0, 0, 440, 318, 317, 316, 315, 314]
	 A0A009I5G9	[0, 0, 440, 68, 318, 317, 316, 315, 314]
	 A0A009MH36	[0, 0, 0, 440, 318, 317, 316, 315, 314]

 ### Operon type: 196

	 A0A013TMJ7	[646, -1, 0, 440, 318, 315, 314, 0, 0]

 ### Operon type: 197

	 A0A009I8I7	[397, 396, 395, 184, 394, 393, 0, 573, 31]
	 A0A009HJJ5	[397, 396, 395, 0, 394, 393, 0, 573, 31]

 ### Operon type: 198

	 A0A013TPR7	[397, 396, 395, 0, 394, 393, 0, 573, 460]
	 A0A010JJN4	[0, 396, 395, 0, 394, 393, 0, 573, 460]
	 A0A009RMI1	[0, 396, 395, 0, 394, 393, 0, 573, 0]
	 A0A009PMT3	[397, 396, 395, 0, 394, 393, 183, 573, 460]
	 A0A009YG45	[0, 397, 396, 395, 394, 0, 393, 183, 573]

 ### Operon type: 199

	 A0A009SEP4	[397, 396, 395, 184, 394, 0, 393, 183, 0]

 ### Operon type: 200

	 A0A009NI48	[397, 396, 395, 0, 394, 0, 0, 0, -1]

 ### Operon type: 201

	 A0A011WLE7	[0, 0, 0, 0, 0, 447, 0, 0, 0]
	 A0A011VU44	[0, 0, 0, 0, 0, 447, 0, 0, 0]

 ### Operon type: 202

	 A0A011VAP2	[0, 0, 129, 0, 0, 0, 0, 0, 311]

 ### Operon type: 203

	 A0A011VRJ8	[0, 0, 0, 0, 0, 0, 129, 0, 0]

 ### Operon type: 204

	 A0A011RNU1	[0, 0, 0, 0, 0, 0, 417, 417, 416]

 ### Operon type: 205

	 A0A011VKJ9	[0, 0, 0, 0, 0, 0, 416, 417, -1]

 ### Operon type: 206

	 A0A011WT35	[444, 0, 0, 0, 0, 0, 0, 0, 0]
	 A0A011V490	[0, 444, 0, 0, 0, 0, 0, 0, 0]

 ### Operon type: 207

	 A0A009T185	[710, 0, 557, 557, 234, 709, 557, 233, 551]

 ### Operon type: 208

	 A0A010IN36	[121, 646, 0, 0, 234, 709, 557, 233, 551]

 ### Operon type: 209

	 A0A009PG43	[709, 557, 69, 712, 0, 233, 551, 0, 0]

 ### Operon type: 210

	 A0A011PQZ7	[0, 0, 0, 585, 598, 0, 584, 0, 0]

 ### Operon type: 211

	 A0A011TUX4	[0, 0, 0, 0, 598, 0, 0, 584, 0]

 ### Operon type: 212

	 A0A011STZ9	[0, 0, 0, 584, 0, 0, 0, 0, 0]

 ### Operon type: 213

	 A0A011PUJ9	[0, 0, 0, 0, 0, 0, 0, 0, 664]
	 A0A011PRF5	[664, 0, 0, 0, 0, 0, 0, 0, 0]

 ### Operon type: 214

	 A0A011PFY8	[0, 0, 0, 0, 0, 0, 0, 0, 621]

 ### Operon type: 215

	 A0A011PNS3	[712, 621, 0, 0, 0, 0, 0, 0, 0]

 ### Operon type: 216

	 A0A011T648	[0, 621, 0, 0, 0, 0, 0, 709, 0]

 ### Operon type: 217

	 A0A011AEN3	[0, 0, 0, 0, 0, 0, 624, 0, 0]
	 A0A011U3C2	[0, 0, 624, 0, 0, 0, 0, 0, 0]

 ### Operon type: 218

	 A0A011AAZ2	[0, 362, 0, 0, 0, 624, 624, 624, 0]

 ### Operon type: 219

	 A0A011T698	[0, 0, 0, 0, 0, 578, 624, 0, 0]

 ### Operon type: 220

	 A0A009SNL0	[186, 185, 0, 0, 0, 0, 0, 0, 0]

 ### Operon type: 221

	 A0A009ZZC8	[-1, 185, 186, 0, 0, 0, 0, 0, 0]

 ### Operon type: 222

	 A0A009ZG48	[0, 0, 0, 695, 0, 0, 0, 0, 0]

 ### Operon type: 223

	 A0A011PEJ8	[0, 0, 696, 695, 0, 0, 0, 0, 0]

 ### Operon type: 224

	 A0A011QNJ7	[630, 0, 0, 695, 0, 0, 0, 630, 0]

 ### Operon type: 225

	 A0A011MMJ4	[0, 0, 0, 0, 0, 0, 0, 630, 0]

 ### Operon type: 226

	 A0A011R8M3	[0, 0, 696, 695, 0, 262, 0, 630, 0]

 ### Operon type: 227

	 A0A009TJ77	[0, 56, 0, 0, 0, 0, 0, 0, 0]

 ### Operon type: 228

	 A0A010RTE7	[0, 0, 0, 0, 0, 0, 17, 56, 0]

 ### Operon type: 229

	 A0A013TPQ9	[403, 402, 401, 400, 399, 654, 646, 398, 461]
	 A0A013S8F0	[403, 402, 401, 400, 399, 654, 646, 398, 461]
	 A0A009SZ84	[403, 402, 401, 400, 399, 654, 646, 398, 461]
	 A0A009PMU2	[403, 402, 401, -1, 399, 654, 646, 398, 461]

 ### Operon type: 230

	 A0A009IG48	[0, 0, 0, 219, 75, 0, 0, 0, 580]

 ### Operon type: 231

	 A0A009IMQ0	[0, 0, 0, 219, 75, 0, 0, 0, 0]

 ### Operon type: 232

	 A0A009SWV1	[0, 0, 0, 0, 0, 0, 0, 219, 0]

 ### Operon type: 233

	 A0A011TAW2	[0, 0, 0, 0, 0, 0, 433, 0, 0]
	 A0A009SFX8	[433, 0, 0, 0, 0, 0, 0, 0, 0]

 ### Operon type: 234

	 A0A009RHH9	[0, 0, 0, 0, 218, 0, 0, 0, 0]
	 A0A011TZN1	[0, 0, 0, 0, 218, 0, 0, 0, 0]

 ### Operon type: 235

	 A0A009Q512	[0, 0, 0, 0, 123, 0, 0, 0, 0]
	 A0A009PMZ9	[123, 0, 0, 0, 0, 0, 0, 0, 0]

 ### Operon type: 236

	 A0A009IFL2	[0, 279, 0, 30, -1, 0, 0, 0]

 ### Operon type: 237

	 A0A009ZDS1	[-1, -1, 0, 279, 0, 0, 359, 0, 0]

 ### Operon type: 238

	 A0A009NPS1	[0, 402, 401, 400, 399, -1, 0, 0, 0]
	 A0A010IZH1	[-1, 402, 401, 400, 399, 654, 0, 0, 0]
	 A0A009HJM0	[0, 402, 401, 400, 399, 654, 0, 0, 0]

 ### Operon type: 239

	 A0A009HUS9	[402, 401, 0, 0, 0, 0, -1, 0, 0]

 ### Operon type: 240

	 A0A009HM15	[0, 237, 236, 0, 0, 0, -1, 0, 0]

 ### Operon type: 241

	 A0A009RQL5	[0, 0, 0, 0, 0, 0, 237, 236, 0]

 ### Operon type: 242

	 A0A009IJ01	[0, 0, 0, 0, 0, 0, 237, 236, 57]

 ### Operon type: 243

	 A0A009NCH6	[0, 0, 0, 0, 0, 0, 0, 236, 57]

 ### Operon type: 244

	 A0A011UB51	[405, 0, 0, 0, 0, 0, 0, 0, 0]
	 A0A011UFH1	[0, 0, 0, 0, 0, 405, 0, 0, 0]

 ### Operon type: 245

	 A0A011V965	[0, -1, -1, 0, 130, 0, -1, -1, 0]
	 A0A011VHP2	[0, -1, -1, -1, 130, 0, 0, 0, 0]

 ### Operon type: 246

	 A0A010RVD0	[-1, 0, 0, -1, 0, 679, 679, 0, 14]

 ### Operon type: 247

	 A0A010T7Q5	[0, 14, 0, 0, 0, 0, -1, 0, 0]

 ### Operon type: 248

	 A0A010SNM6	[0, 0, -1, 0, 0, 0, 646, 0, 0]
	 A0A010SRR2	[0, 0, -1, 0, 0, 0, 0, 0, 646]

 ### Operon type: 249

	 A0A010SJH7	[0, 0, 646, -1, 0, 0, 146, 0, 0]

 ### Operon type: 250

	 A0A011V107	[0, -1, 0, 0, 0, 0, 0, 0, 0]
	 A0A011U7M7	[0, 0, -1, 0, 0, 0, 0, 0, 0]
	 A0A010RKP8	[0, 0, 0, 0, 0, 0, -1, 0, 0]
	 A0A009PH57	[0, 0, -1, 0, 0, 0, 0, 0, 0]
	 A0A009QDV7	[-1, 0, 0, 0, 0, 0, 0, 0, 0]
	 A0A009RG92	[-1, 0, 0, 0, 0, 0, 0, 0, 0]
	 A0A010RY47	[-1, 0, -1, 0, 0, 0, 0, 0, 0]
	 A0A009N9Z1	[-1, 0, 0, 0, 0, 0, 0, 0, 0]
	 A0A009IHQ3	[-1, 0, 0, 0, 0, 0, 0, 0, 0]
	 A0A010JDA6	[-1, 0, 0, 0, 0, 0, 0, 0, 0]
	 A0A011UZ32	[0, 0, 0, 0, 0, -1, 0, 0, 0]
	 A0A011UZ49	[0, -1, 0, 0, 0, 0, 0, 0, 0]
	 A0A009HJU6	[0, 0, 0, 0, 0, 0, 0, 0, -1]
	 A0A010TF14	[-1, 0, 0, 0, 0, 0, 0, 0, 0]
	 A0A009H6M2	[-1, 0, 0, 0, 0, 0, 0, 0, 0]
	 A0A009TG92	[0, 0, -1, 0, 0, 0, 0, 0, 0]

 ### Operon type: 251

	 A0A010SJF9	[0, 0, 0, 0, 0, -1, 0, 32, -1]

 ### Operon type: 252

	 A0A010T5D8	[0, 0, 0, -1, 0, -1, 386, 0, 0]

 ### Operon type: 253

	 A0A011ML54	[0, 0, 0, 570, 0, 0, 0, 0, -1]

 ### Operon type: 254

	 A0A011NHY1	[0, 0, 0, 0, 0, 646, 0, 0, 0]

 ### Operon type: 255

	 A0A010Z171	[0, 0, 0, 0, 0, 0, 646, 0, 451]

 ### Operon type: 256

	 A0A010ZX98	[0, 0, 0, 0, 0, 9, 646, 646, 0]

 ### Operon type: 257

	 A0A010YRE8	[0, 0, 0, 0, 0, 0, 0, 9, 0]

 ### Operon type: 258

	 A0A011AF05	[0, 0, 67, 9, 0, 0, 0, 0, 0]

 ### Operon type: 259

	 A0A011SQL0	[579, 0, -1, 0, 0, 0, 0, 0, 0]

 ### Operon type: 260

	 A0A009ZC82	[0, 0, 579, 0, 0, 0, 0, 0, 0]

 ### Operon type: 261

	 A0A011P3F6	[580, 0, 0, 579, 0, 0, 0, 0, 0]

 ### Operon type: 262

	 A0A011T697	[646, 0, 0, 0, 0, 0, 0, 0, 240]

 ### Operon type: 263

	 A0A011TDD1	[0, 266, 646, 0, 0, 0, 0, 0, 0]

 ### Operon type: 264

	 A0A011VW24	[0, 0, 714, 0, 0, 0, 0, 0, -1]

 ### Operon type: 265

	 A0A011T8V3	[0, 0, 714, 0, 0, 0, 0, 0, 0]

 ### Operon type: 266

	 A0A010TH98	[602, 0, 0, 714, 0, 0, 0, 0, 0]

 ### Operon type: 267

	 A0A011QVR3	[0, 0, 0, 0, 0, 0, 0, 715, 714]

 ### Operon type: 268

	 A0A011RM25	[0, 0, 0, 0, 0, 714, 0, 419, 0]

 ### Operon type: 269

	 A0A011VXC2	[-1, 409, 0, 0, 0, 0, 0, 0, 0]

 ### Operon type: 270

	 A0A011VYF1	[714, 0, 0, 0, 0, 0, 405, 0, 0]

 ### Operon type: 271

	 A0A010S415	[-1, 714, 0, 145, 0, 0, 0, 0, 348]

 ### Operon type: 272

	 A0A011PBM9	[0, 0, 0, 0, 0, 0, 0, 0, 0]
	 A0A011QSN2	[0, 0, 0, 0, 0, 0, 0, 0, 0]
	 A0A011PKU5	[0, 0, 0, 0, 0, 0, 0, 0, 0]
	 A0A011PJK8	[0, 0, 0, 0, 0, 0, 0, 0, 0]
	 A0A011PNN2	[0, 0, 0, 0, 0, 0, 0, 0, 0]
	 A0A011QMJ8	[0, 0, 0, 0, 0, 0, 0, 0, 0]
	 A0A011P9Z5	[0, 0, 0, 0, 0, 0, 0, 0, 0]
	 A0A011Q056	[0, 0, 0, 0, 0, 0, 0, 0, 0]
	 A0A011P4U7	[0, 0, 0, 0, 0, 0, 0, 0, 0]
	 A0A011QVV5	[0, 0, 0, 0, 0, 0, 0, 0, 0]
	 A0A011NTU3	[0, 0, 0, 0, 0, 0, 0, 0, 0]
	 A0A011Q1B3	[0, 0, 0, 0, 0, 0, 0, 0, 0]
	 A0A011NMI8	[0, 0, 0, 0, 0, 0, 0, 0, 0]
	 A0A011SGD5	[0, 0, 0, 0, 0, 0, 0, 0, 0]
	 A0A011NAJ1	[0, 0, 0, 0, 0, 0, 0, 0, 0]
	 A0A011NAY5	[0, 0, 0, 0, 0, 0, 0, 0, 0]
	 A0A011NDM5	[0, 0, 0, 0, 0, 0, 0, 0, 0]
	 A0A011N2Z0	[0, 0, 0, 0, 0, 0, 0, 0, 0]
	 A0A011N3C3	[0, 0, 0, 0, 0, 0, 0, 0, 0]
	 A0A011N4G4	[0, 0, 0, 0, 0, 0, 0, 0, 0]
	 A0A011WKI4	[0, 0, 0, 0, 0, 0, 0, 0, 0]
	 A0A011VZG0	[0, 0, 0, 0, 0, 0, 0, 0, 0]
	 A0A011VW71	[0, 0, 0, 0, 0, 0, 0, 0, 0]
	 A0A011VSC9	[0, 0, 0, 0, 0, 0, 0, 0, 0]
	 A0A011VUV0	[0, 0, 0, 0, 0, 0, 0, 0, 0]
	 A0A011VYF6	[0, 0, 0, 0, 0, 0, 0, 0, 0]
	 A0A013TPV4	[0, 0, 0, 0, 0, 0, 0, 0, 0]
	 A0A013T8M5	[0, 0, 0, 0, 0, 0, 0, 0, 0]
	 A0A010ZTI3	[0, 0, 0, 0, 0, 0, 0, 0, 0]
	 A0A011TWN2	[0, 0, 0, 0, 0, 0, 0, 0, 0]
	 A0A013TEV4	[0, 0, 0, 0, 0, 0, 0, 0, 0]
	 A0A011WSE5	[0, 0, 0, 0, 0, 0, 0, 0, 0]
	 A0A013SBR8	[0, 0, 0, 0, 0, 0, 0, 0, 0]
	 A0A013SL47	[0, 0, 0, 0, 0, 0, 0, 0, 0]
	 A0A011WUT3	[0, 0, 0, 0, 0, 0, 0, 0, 0]
	 A0A009M4K0	[0, 0, 0, 0, 0, 0, 0, 0, 0]
	 A0A009MGJ1	[0, 0, 0, 0, 0, 0, 0, 0, 0]
	 A0A009MGQ8	[0, 0, 0, 0, 0, 0, 0, 0, 0]
	 A0A011TLH0	[0, 0, 0, 0, 0, 0, 0, 0, 0]
	 A0A013S2B9	[0, 0, 0, 0, 0, 0, 0, 0, 0]
	 A0A011VWR4	[0, 0, 0, 0, 0, 0, 0, 0, 0]
	 A0A011TAF9	[0, 0, 0, 0, 0, 0, 0, 0, 0]
	 A0A009RR21	[0, 0, 0, 0, 0, 0, 0, 0, 0]
	 A0A009T1I8	[0, 0, 0, 0, 0, 0, 0, 0, 0]
	 A0A009SWU0	[0, 0, 0, 0, 0, 0, 0, 0, 0]
	 A0A009SCM5	[0, 0, 0, 0, 0, 0, 0, 0, 0]
	 A0A009RHH7	[0, 0, 0, 0, 0, 0, 0, 0, 0]
	 A0A009RMD0	[0, 0, 0, 0, 0, 0, 0, 0, 0]
	 A0A009HBT3	[0, 0, 0, 0, 0, 0, 0, 0, 0]
	 A0A009PG53	[0, 0, 0, 0, 0, 0, 0, 0, 0]
	 A0A010SHY1	[0, 0, 0, 0, 0, 0, 0, 0, 0]
	 A0A011V8Y9	[0, 0, 0, 0, 0, 0, 0, 0, 0]
	 A0A009IRJ6	[0, 0, 0, 0, 0, 0, 0, 0, 0]
	 A0A011VMV7	[0, 0, 0, 0, 0, 0, 0, 0, 0]
	 A0A011VNE2	[0, 0, 0, 0, 0, 0, 0, 0, 0]
	 A0A009PT82	[0, 0, 0, 0, 0, 0, 0, 0, 0]
	 A0A009NQA1	[0, 0, 0, 0, 0, 0, 0, 0, 0]
	 A0A009QQ47	[0, 0, 0, 0, 0, 0, 0, 0, 0]
	 A0A009MH90	[0, 0, 0, 0, 0, 0, 0, 0, 0]
	 A0A009Q3K7	[0, 0, 0, 0, 0, 0, 0, 0, 0]
	 A0A009RBQ2	[0, 0, 0, 0, 0, 0, 0, 0, 0]
	 A0A009QVK8	[0, 0, 0, 0, 0, 0, 0, 0, 0]
	 A0A010IPH1	[0, 0, 0, 0, 0, 0, 0, 0, 0]
	 A0A010IZE4	[0, 0, 0, 0, 0, 0, 0, 0, 0]
	 A0A009N031	[0, 0, 0, 0, 0, 0, 0, 0, 0]
	 A0A009N123	[0, 0, 0, 0, 0, 0, 0, 0, 0]
	 A0A010ZJQ6	[0, 0, 0, 0, 0, 0, 0, 0, 0]
	 A0A011UHL2	[0, 0, 0, 0, 0, 0, 0, 0, 0]
	 A0A009MMM3	[0, 0, 0, 0, 0, 0, 0, 0, 0]
	 A0A009PDV4	[0, 0, 0, 0, 0, 0, 0, 0, 0]
	 A0A009SHB3	[0, 0, 0, 0, 0, 0, 0, 0, 0]
	 A0A009SIF9	[0, 0, 0, 0, 0, 0, 0, 0, 0]
	 A0A009I463	[0, 0, 0, 0, 0, 0, 0, 0, 0]
	 A0A011UBN9	[0, 0, 0, 0, 0, 0, 0, 0, 0]
	 A0A011UTJ0	[0, 0, 0, 0, 0, 0, 0, 0, 0]
	 A0A009HTN9	[0, 0, 0, 0, 0, 0, 0, 0, 0]
	 A0A009HIL8	[0, 0, 0, 0, 0, 0, 0, 0, 0]
	 A0A009I0I9	[0, 0, 0, 0, 0, 0, 0, 0, 0]
	 A0A011UFM5	[0, 0, 0, 0, 0, 0, 0, 0, 0]
	 A0A011UG71	[0, 0, 0, 0, 0, 0, 0, 0, 0]
	 A0A011UGX8	[0, 0, 0, 0, 0, 0, 0, 0, 0]
	 A0A011UWH1	[0, 0, 0, 0, 0, 0, 0, 0, 0]
	 A0A009ISY0	[0, 0, 0, 0, 0, 0, 0, 0, 0]
	 A0A009HL81	[0, 0, 0, 0, 0, 0, 0, 0, 0]
	 A0A010YJA7	[0, 0, 0, 0, 0, 0, 0, 0, 0]
	 A0A009R2X0	[0, 0, 0, 0, 0, 0, 0, 0, 0]
	 A0A009R4N4	[0, 0, 0, 0, 0, 0, 0, 0, 0]
	 A0A009PAG1	[0, 0, 0, 0, 0, 0, 0, 0, 0]
	 A0A010SPJ7	[0, 0, 0, 0, 0, 0, 0, 0, 0]
	 A0A010SSQ8	[0, 0, 0, 0, 0, 0, 0, 0, 0]
	 A0A010T025	[0, 0, 0, 0, 0, 0, 0, 0, 0]
	 A0A011AIL7	[0, 0, 0, 0, 0, 0, 0, 0, 0]
	 A0A011A146	[0, 0, 0, 0, 0, 0, 0, 0, 0]
	 A0A010YZS8	[0, 0, 0, 0, 0, 0, 0, 0, 0]
	 A0A010Z120	[0, 0, 0, 0, 0, 0, 0, 0, 0]
	 A0A009T3J5	[0, 0, 0, 0, 0, 0, 0, 0, 0]

 ### Operon type: 273

	 A0A010TG27	[665, 0, 21, 0, 0, 0, 654, 0, 0]

 ### Operon type: 274

	 A0A011PMK1	[0, 0, 0, 0, 0, 0, 0, 665, 0]

 ### Operon type: 275

	 A0A009HRU1	[0, 86, 0, 0, 0, 0, 0, 0, 0]

 ### Operon type: 276

	 A0A009HSN8	[0, 128, 0, 0, 0, -1, 0, 96, -1]

 ### Operon type: 277

	 A0A009HV82	[173, 0, 0, 0, 0, 0, 0, 0, 0]

 ### Operon type: 278

	 A0A009IG74	[0, 0, 102, 0, 429, -1, 0, 0, 0]

 ### Operon type: 279

	 A0A009IJ90	[0, 58, 0, 0, 0, 0, 0, 0, 0]

 ### Operon type: 280

	 A0A009ISE1	[393, 0, 573, 0, 0, -1, 0, 0, 0]

 ### Operon type: 281

	 A0A009NM94	[0, 466, 466, 0, 0, 0, 266, 0, 0]

 ### Operon type: 282

	 A0A009Q4N5	[0, 0, 124, 0, 0, 0, 0, 0, 0]

 ### Operon type: 283

	 A0A009SSZ9	[0, 224, 0, 0, 0, 0, 0, 0, 0]

 ### Operon type: 284

	 A0A009TBM2	[0, 0, 0, 0, 0, 0, 0, 0, 425]

 ### Operon type: 285

	 A0A009Q8S9	[0, 0, 580, 425, 0, 158, 0, 0, 0]

 ### Operon type: 286

	 A0A009YIH1	[0, 0, 0, 0, 167, 0, -1, -1, 2]

 ### Operon type: 287

	 A0A009YR05	[0, 0, 0, 0, 55, 0, 0, 0, 0]

 ### Operon type: 288

	 A0A009Z004	[232, 0, 232, 0, 0, 451, 0, 0, 0]

 ### Operon type: 289

	 A0A010IGH8	[0, 0, 0, 0, 0, 0, 0, 288, 0]

 ### Operon type: 290

	 A0A010JIN9	[357, 0, 0, 56, 190, 0, 0, 0, 0]

 ### Operon type: 291

	 A0A010RS09	[0, 0, 0, 0, 17, 0, 569, 569, 0]

 ### Operon type: 292

	 A0A010RUQ5	[0, 0, 0, 0, 0, 0, 0, 0, 179]

 ### Operon type: 293

	 A0A010S195	[579, 0, 115, 114, 0, 0, 0, 0, 0]

 ### Operon type: 294

	 A0A010SCZ2	[0, 0, 0, 0, 0, 0, 0, 310, 0]

 ### Operon type: 295

	 A0A010SN41	[0, 0, 0, 0, 441, 0, 0, 0, 0]

 ### Operon type: 296

	 A0A010SSU2	[0, 0, 0, 0, 53, 0, -1, 609, 0]

 ### Operon type: 297

	 A0A010SUP6	[0, 0, 0, 0, 0, 0, 0, 114, 0]

 ### Operon type: 298

	 A0A010SUY9	[0, 0, 0, 0, 0, 262, 696, 0]

 ### Operon type: 299

	 A0A010THK2	[0, 0, -1, 0, 0, 569, 451, 0, 0]

 ### Operon type: 300

	 A0A010SRL4	[21, 0, 0, -1, 0, 0, 0, 451, 117]

 ### Operon type: 301

	 A0A010YF95	[537, 0, 0, 0, 0, 0, 0, 0, 0]

 ### Operon type: 302

	 A0A010YT39	[0, 566, 0, 0, 0, 0, 0, 0, 0]

 ### Operon type: 303

	 A0A010YX61	[294, 624, 0, 714, 0, 0, 0, 0, 0]

 ### Operon type: 304

	 A0A010ZWJ8	[0, 0, 0, 0, 0, 611, 0, 0, 0]

 ### Operon type: 305

	 A0A009ZVR4	[471, 0, 624, 0, 0, 62, 0, 0, 0]

 ### Operon type: 306

	 A0A011AHW1	[0, 0, 0, 0, 0, 0, 0, 5, 0]

 ### Operon type: 307

	 A0A011NE37	[423, 0, 0, 0, 0, 0, 0, 0, 0]

 ### Operon type: 308

	 A0A011NF78	[0, 0, 686, 0, 0, 0, 0, 0, 0]

 ### Operon type: 309

	 A0A011NVE2	[0, 0, 0, 709, 0, 0, 646, 0, 519]

 ### Operon type: 310

	 A0A011NXJ4	[0, 0, 0, 0, 0, 0, 0, 0, 548]

 ### Operon type: 311

	 A0A011P8I1	[0, 0, 622, 624, 0, 0, 0, 0, 611]

 ### Operon type: 312

	 A0A011P9Q7	[606, 0, 0, 0, 0, 0, 0, 0, 0]

 ### Operon type: 313

	 A0A011PCT1	[0, 0, 0, 0, 0, 0, 0, 697, 0]

 ### Operon type: 314

	 A0A011PJ75	[0, 709, 557, 709, 0, 0, 0, 0, 0]

 ### Operon type: 315

	 A0A011PRB4	[0, 0, 0, 0, 0, 0, 0, 583, 0]

 ### Operon type: 316

	 A0A011Q5V7	[536, 0, 0, 0, 0, 0, 0, 0, 0]

 ### Operon type: 317

	 A0A011QU35	[0, 0, 0, 0, 724, 0, 0, 0, 0]

 ### Operon type: 318

	 A0A011QVT2	[713, 0, 0, 0, 0, 0, 0, 712, 0]

 ### Operon type: 319

	 A0A011RP14	[0, 0, 0, 0, 0, 0, 0, 473, 0]

 ### Operon type: 320

	 A0A011SM49	[646, 0, 473, 0, 0, 0, 195, 0, 0]

 ### Operon type: 321

	 A0A011AM27	[584, 0, 0, 0, 394, 0, 0, 0, 193]

 ### Operon type: 322

	 A0A011T607	[0, 0, 663, 0, 0, 0, 0, 0, 266]

 ### Operon type: 323

	 A0A010S5W8	[0, 0, 452, 663, 0, 0, 0, 0, 0]

 ### Operon type: 324

	 A0A011MSR2	[0, 0, 0, 452, 0, 0, 0, 674, 0]

 ### Operon type: 325

	 A0A010YYJ5	[0, 0, 0, 674, 0, 0, 0, 62, 62]

 ### Operon type: 326

	 A0A011TED9	[0, 0, 0, 0, 0, 264, 0, 0, 0]

 ### Operon type: 327

	 A0A011TXS5	[0, 194, 0, 0, 0, 0, 0, 0, 0]

 ### Operon type: 328

	 A0A011U144	[0, 179, 0, 0, 0, 0, 548, 479, 0]

 ### Operon type: 329

	 A0A011U1C8	[578, 0, 0, 0, 0, 0, 0, 0, 178]

 ### Operon type: 330

	 A0A011U483	[0, 0, 0, 0, 0, 577, 0, 0, 0]

 ### Operon type: 331

	 A0A011UDF3	[0, 0, 0, 0, 0, 341, 0, 0, 0]

 ### Operon type: 332

	 A0A011UG86	[0, 581, 0, 0, 0, 32, 0, 0, 0]

 ### Operon type: 333

	 A0A011UGY3	[0, 0, 0, 23, 0, 0, 0, 23, 0]

 ### Operon type: 334

	 A0A011UJN3	[0, 233, 0, 0, 0, 0, 0, 0, 0]

 ### Operon type: 335

	 A0A009INE0	[121, 0, 0, 0, 0, 0, 0, 557, 233]

 ### Operon type: 336

	 A0A011UQB5	[465, 454, 0, 0, 0, 0, 0, 405, 0]

 ### Operon type: 337

	 A0A011UVI5	[0, 0, 0, 0, 0, 79, 709, 709, 0]

 ### Operon type: 338

	 A0A011UWI3	[0, 0, 0, 0, 110, 0, 47, 579, 0]

 ### Operon type: 339

	 A0A011V5E6	[0, 0, 0, 0, 0, 268, 0, 0, 0]

 ### Operon type: 340

	 A0A011M4H6	[311, 0, 192, 0, 0, 0, 0, 0, 0]

 ### Operon type: 341

	 A0A011VSV3	[0, 0, 0, 0, 0, 0, 627, 0, 0]

 ### Operon type: 342

	 A0A011VWI0	[0, 0, 0, 0, 0, 443, 0, 0, 0]

 ### Operon type: 343

	 A0A011VZ91	[247, 0, 0, 0, 0, 0, 0, 0, 0]

 ### Operon type: 344

	 A0A011W213	[0, 0, 0, 0, 0, 520, 0, 0, 0]

 ### Operon type: 345

	 A0A011WP76	[0, 0, 0, 0, 0, 0, 0, 0, 717]

 ### Operon type: 346

	 A0A011WSD4	[0, 0, 0, -1, 0, 674, 0, 0, 444]

 ### Operon type: 347

	 A0A011VZF5	[0, 0, 246, 245, 0, 674, 444, 674, 0]

 ### Operon type: 348

	 A0A011WSU6	[0, 674, 0, 0, 442, 0, 0, 0, 0]

 ### Operon type: 349

	 A0A013S843	[0, 398, 0, 0, 0, 0, -1, 249, 0]

 ### Operon type: 350

	 A0A013S981	[303, 0, 0, 0, 0, 0, 0, 0, 0]

 ### Operon type: 351

	 A0A013T337	[0, 0, 0, 0, 0, 0, 0, 0, 372]

 ### Operon type: 352

	 A0A013T5E6	[0, 0, 0, 371, 0, 0, 0, 0, 0]

 ### Operon type: 353

	 A0A013SGL3	[392, 295, 294, 293, 391, 613, 390, 578, 389]
	 A0A010KAV2	[392, 0, 0, 293, 391, 613, 390, 578, 389]
	 A0A009RQH3	[392, 0, 0, 293, 391, 613, 390, 578, 389]
	 A0A009NE81	[392, 295, 294, 293, 391, 613, 390, 578, 389]
	 A0A009I5Z6	[392, 0, 294, 293, 391, 613, 390, 578, 389]

 ### Operon type: 354

	 A0A013TB41	[392, -1, 0, 0, 391, 613, 390, 578, 389]

 ### Operon type: 355

	 A0A009H3X4	[392, 0, 0, 0, 391, 613, -1, 569, -1]

 ### Operon type: 356

	 A0A009YL68	[0, 0, 578, 392, 391, 0, 0, 280, 0]

 ### Operon type: 357

	 A0A009T9H0	[0, 2, 580, -1, 0, 0, 220, 0, 86]

 ### Operon type: 358

	 A0A010THH5	[0, 150, 279, 79, 0, 0, 463, 0, 359]

 ### Operon type: 359

	 A0A011WSH8	[0, 0, 0, 654, 307, 0, 0, 0, 0]
	 A0A011VZE3	[0, 0, 0, 654, 307, 0, 0, 0, 0]

 ### Operon type: 360

	 A0A011NAF3	[0, 0, 0, 0, 0, 0, 654, 0, 589]

 ### Operon type: 361

	 A0A009IQ93	[118, 0, 654, 0, 0, 117, 0, 0, 0]

 ### Operon type: 362

	 A0A009TLU4	[0, 194, -1, 29, 0, 12, 0, -1, -1]

 ### Operon type: 363

	 A0A010JNG7	[440, 0, 0, 360, 0, 0, 0, 0, 0]

 ### Operon type: 364

	 A0A010S003	[615, 0, 0, 0, 0, 581, 581, 116, 0]

 ### Operon type: 365

	 A0A010SMN8	[0, -1, 26, 0, 499, 0, 0, 619, 0]

 ### Operon type: 366

	 A0A010SXS1	[0, 69, 0, 0, 0, 159, 0, 0, 712]

 ### Operon type: 367

	 A0A010T689	[193, -1, 463, 418, 0, 0, 0, 0, 0]

 ### Operon type: 368

	 A0A010TBB4	[0, 484, 0, 32, 0, 0, 0, 0, 578]

 ### Operon type: 369

	 A0A010YFK3	[0, 420, 0, 0, 0, 0, 412, 0, 178]

 ### Operon type: 370

	 A0A010YVY1	[8, 0, 8, 0, 0, 0, 0, 116, 0]

 ### Operon type: 371

	 A0A010Z7T4	[0, 0, 0, 0, 0, 0, 0, 155, 585]

 ### Operon type: 372

	 A0A010RRR9	[0, 0, 0, 0, 659, 0, 0, 156, 155]

 ### Operon type: 373

	 A0A010SIA7	[0, 0, 156, 149, 0, 0, 0, 0, 0]

 ### Operon type: 374

	 A0A010ZSZ2	[0, 362, 0, 478, 361, 0, 0, 0, 0]

 ### Operon type: 375

	 A0A010Z0Y7	[0, 0, 0, 0, 361, 145, 0, 0, 0]

 ### Operon type: 376

	 A0A010ZUR7	[313, 4, 0, 4, 0, 5, 116, 0, 0]

 ### Operon type: 377

	 A0A011A0M8	[0, 0, 451, 0, 30, 0, 0, 3, 3]

 ### Operon type: 378

	 A0A011NFL4	[0, 568, 0, 0, 567, 665, 0, 566, 0]

 ### Operon type: 379

	 A0A011P407	[0, 0, 610, 595, 0, 0, 578, 0, 577]

 ### Operon type: 380

	 A0A011QGT2	[654, 0, 0, 653, 652, 0, 0, 0, 0]

 ### Operon type: 381

	 A0A011QSA4	[689, 0, 688, 687, 0, 0, 0, 0, 686]

 ### Operon type: 382

	 A0A011T6J6	[0, 536, 0, 624, 0, 0, 239, 0, 238]

 ### Operon type: 383

	 A0A011TAL2	[0, 663, 0, 0, 0, 243, 0, 550, 0]

 ### Operon type: 384

	 A0A011TYT7	[0, 0, 0, 0, 0, 0, 162, 161, 161]

 ### Operon type: 385

	 A0A011TZG0	[451, 534, 0, 0, 0, 0, 0, 319, 0]

 ### Operon type: 386

	 A0A011Q6N5	[0, 0, 0, 0, 0, 0, 535, 534, 535]

 ### Operon type: 387

	 A0A011UII7	[0, 0, 0, 0, 0, 519, 160, 0, 0]

 ### Operon type: 388

	 A0A011UNT9	[158, 197, 0, 0, 0, 0, 0, 0, 0]

 ### Operon type: 389

	 A0A011SIS0	[0, 525, 198, 198, 0, 0, 0, 197, 0]

 ### Operon type: 390

	 A0A011UT49	[0, 362, 0, 0, 0, 0, 69, 112, 0]

 ### Operon type: 391

	 A0A011VU65	[413, 0, 0, 0, 0, 412, 0, 0, 0]

 ### Operon type: 392

	 A0A011VV03	[0, 313, 0, 0, 312, 311, 0, 0, 0]

 ### Operon type: 393

	 A0A011VVZ9	[0, 0, -1, 0, 0, 310, 309, 309, 308]

 ### Operon type: 394

	 A0A011VWX7	[712, 410, 0, 0, 0, 0, 0, 464, 0]

 ### Operon type: 395

	 A0A011VXK7	[466, 466, 0, 408, 0, 0, 0, 538, 0]

 ### Operon type: 396

	 A0A011W0I6	[244, 0, 0, 0, 0, 448, 0, 570, 0]

 ### Operon type: 397

	 A0A010YEF6	[0, 244, 0, 0, 0, 0, 0, 0, 25]

 ### Operon type: 398

	 A0A013SQH1	[0, 0, 0, 0, 441, 475, 0, 440, 458]

 ### Operon type: 399

	 A0A009LNU8	[434, 436, 437, 438, 0, 29, 0, 440, 0]

 ### Operon type: 400

	 A0A013SRG6	[439, 438, 437, 436, 0, 435, 0, 434, 513]

 ### Operon type: 401

	 A0A009IQU8	[0, 436, 0, 0, 0, 435, 513, 0, 0]

 ### Operon type: 402

	 A0A010K2K8	[437, 438, 439, 0, 0, 0, 0, -1, 440]

 ### Operon type: 403

	 A0A011NPR8	[0, 513, 0, 0, 0, 0, 512, 0, 0]

 ### Operon type: 404

	 A0A010SEA2	[540, 512, 150, 0, 0, 0, 0, 0, 0]

 ### Operon type: 405

	 A0A009ZIC0	[490, 489, 488, 487, 486, 500, 485, 484, 483]

 ### Operon type: 406

	 A0A009ZB47	[282, 281, 0, 0, 0, 674, 357, 0, 0]

 ### Operon type: 407

	 A0A010RM40	[328, 654, 596, 0, 0, 0, 0, -1, 576]

 ### Operon type: 408

	 A0A010RRQ6	[0, 192, 0, 0, 0, 499, 488, 157, 0]

 ### Operon type: 409

	 A0A010S423	[239, 0, 0, 0, 0, 0, 0, 47, 470]

 ### Operon type: 410

	 A0A010T0I7	[0, 0, 25, 0, 0, 622, 688, 654, 0]

 ### Operon type: 411

	 A0A011AHU9	[0, 0, 0, 0, 0, 0, 0, 6, 572]

 ### Operon type: 412

	 A0A010YY02	[0, 7, 0, 0, 7, 599, 482, 0, 6]

 ### Operon type: 413

	 A0A011NA78	[0, 459, 0, 0, 0, 679, 0, 0, 576]

 ### Operon type: 414

	 A0A011P8W7	[667, 610, 712, 0, 609, 0, 0, 0, 0]

 ### Operon type: 415

	 A0A011PG97	[619, 0, 0, 618, 0, 0, 0, 0, 0]

 ### Operon type: 416

	 A0A011PKT4	[0, 475, 0, 0, 0, 0, 474, 0, 0]

 ### Operon type: 417

	 A0A011PLB2	[0, 667, 0, 666, 0, 0, 0, 0, 0]

 ### Operon type: 418

	 A0A011R339	[0, 0, 0, 0, 0, 0, 78, 77, 0]

 ### Operon type: 419

	 A0A011SFE5	[0, 0, 0, 466, 0, 0, 568, 595, 465]

 ### Operon type: 420

	 A0A011SJT5	[0, 0, 0, 308, 196, 196, 196, 196, 196]

 ### Operon type: 421

	 A0A011TDQ5	[0, 0, 0, 0, 265, 449, 0, 0, 0]

 ### Operon type: 422

	 A0A011UG17	[151, 0, 248, 0, 33, 413, 0, 0, 0]

 ### Operon type: 423

	 A0A011V8Z7	[0, 0, 0, 0, 0, 132, 131, 0, 0]

 ### Operon type: 424

	 A0A011VT01	[0, 0, 415, 0, 0, 415, 0, 0, 414]

 ### Operon type: 425

	 A0A011VYP6	[0, 0, 0, 0, 0, 0, 248, 660, 0]

 ### Operon type: 426

	 A0A011V392	[409, 0, 583, 246, 245, 241, 0, 442, 242]

 ### Operon type: 427

	 A0A009Q0U9	[498, 497, 496, 0, 105, 104, -1, -1, 0]

 ### Operon type: 428

	 A0A010SRB2	[12, 11, 0, 0, 0, 11, 10, 0, 0]

 ### Operon type: 429

	 A0A011VJ76	[113, 113, 112, 566, 0, 654, 451, 0, 610]

 ### Operon type: 430

	 A0A013SKX6	[0, 0, 472, 0, 429, 429, 271, 270, 269]

 ### Operon type: 431

	 A0A010KA25	[357, 0, 463, 278, 267, 0, 0, 357, 402]

 ### Operon type: 432

	 A0A011WUA8	[509, 0, 0, 292, 0, 0, 0, 291, 291]

 ### Operon type: 433

	 A0A010S4X6	[0, 145, 596, 581, 384, 0, 556, 675, 569]

 ### Operon type: 434

	 A0A011U8C0	[0, 177, 176, 0, 175, 174, 0, 0, 0]
