
 ### Operon type: 1

	 A0A009MW50	[270, 269, 268, 267, 266, 390, 265, 264, 489]
	 A0A010ILU3	[270, 269, 268, 267, 266, 390, 265, 264, 489]
	 A0A009QS71	[270, 269, 268, 267, 266, 390, 265, 264, 489]
	 A0A009I8S2	[270, 269, 268, 267, 266, 390, 264, 489, 127]
	 A0A009H3B0	[270, 269, 268, 267, 266, 390, 265, 264, 489]
	 A0A009QBR9	[270, 269, 268, 267, 266, 390, 264, 489, 127]
	 A0A009TM70	[270, 269, 268, 267, 266, 390, 264, 489, 127]

 ### Operon type: 2

	 A0A013TH43	[231, 230, 229, 573, 228, 227, 226, 225, 224]
	 A0A009RAF0	[231, 230, 229, 573, 228, 227, 226, 225, 224]

 ### Operon type: 3

	 A0A011PVT3	[739, 682, 681, 680, 679, 678, 677, 676, 675]
	 A0A011MET3	[739, 682, 681, 680, 679, 678, 677, 676, 675]
	 A0A011R7V7	[739, 682, 681, 680, 679, 678, 677, 676, 675]

 ### Operon type: 4

	 A0A013SNJ8	[574, 490, 489, 488, 487, 486, 497, 485, 484]
	 A0A009SIZ4	[574, 490, 489, 488, 487, 486, 497, 485, 484]
	 A0A013RZW2	[574, 490, 489, 488, 487, 486, 497, 485, 484]
	 A0A010J9U3	[574, 490, 489, 488, 487, 486, 497, 485, 484]
	 A0A009RD69	[574, 490, 489, 488, 487, 486, 497, 485, 484]
	 A0A009HBT3	[574, 490, 489, 488, 487, 486, 497, 485, 484]
	 A0A009MMM3	[574, 490, 489, 488, 487, 486, 497, 485, 484]
	 A0A009PH20	[574, 490, 489, 488, 487, 486, 497, 485, 484]
	 A0A009IV03	[574, 490, 489, 488, 487, 486, 497, 485, 484]
	 A0A009YIZ0	[574, 490, 489, 488, 487, 486, 497, 485, 484]

 ### Operon type: 5

	 A0A009PH57	[19, 18, -1, 17, 16, 735, 287, 15, 14]
	 A0A009TG92	[19, 18, -1, 17, 16, 735, 287, 15, 14]

 ### Operon type: 6

	 A0A013S288	[379, 378, 377, 376, 486, 375, 374, 373, 372]
	 A0A009N031	[379, 378, 377, 376, 486, 375, 374, 373, 372]
	 A0A010J3I1	[379, 378, 377, 376, 486, 375, 374, 373, 372]
	 A0A013SXT2	[379, 378, 377, 376, 486, 375, 374, 373, 372]
	 A0A009SFX8	[379, 378, 377, 376, 108, 486, 375, 374, 373]
	 A0A009R2X0	[379, 378, 377, 376, 486, 375, 374, 373, 372]
	 A0A009PWG1	[379, 378, 377, 376, 486, 375, 374, 373, 372]
	 A0A009I0I9	[379, 378, 377, 376, 486, 375, 374, 373, 372]
	 A0A009TBM2	[378, 377, 376, 108, 486, 375, 374, 373, 372]

 ### Operon type: 7

	 A0A009ZM43	[-1, 774, 621, 620, 619, 618, 617, 616, 615]
	 A0A009SWU0	[513, 774, 621, 620, 619, 618, 617, 616, 615]
	 A0A009N123	[513, 774, 621, 620, 619, 618, 617, 616, 615]
	 A0A013T8M5	[513, 774, 621, 620, 619, 618, 617, 616, 615]
	 A0A009RBQ2	[513, 774, 621, 620, 619, 618, 617, 616, 615]
	 A0A013SZ54	[513, 774, 621, 620, 619, 618, 617, 616, 615]
	 A0A009H7U0	[513, 774, 621, 620, 619, 618, 617, 616, 615]
	 A0A010IMP8	[513, 774, 621, 620, 619, 618, 617, 616, 615]
	 A0A009IRJ6	[513, 774, 621, 620, 619, 618, 617, 616, 615]
	 A0A009Q3K7	[513, 774, 621, 620, 619, 618, 617, 616, 615]

 ### Operon type: 8

	 A0A010JDA6	[-1, 320, 319, 318, 317, 443, 316, 315, 314]
	 A0A009S854	[-1, 320, 319, 318, 317, 443, 316, 315, 314]
	 A0A009ZIC0	[255, 320, 319, 318, 317, 443, 316, 315, 314]
	 A0A013RMD0	[-1, 320, 319, 318, 317, 443, 316, 315, 314]
	 A0A009N9Z1	[-1, 320, 319, 318, 317, 443, 316, 315, 314]
	 A0A009RG92	[-1, 320, 319, 318, 317, 443, 316, 315, 314]
	 A0A009IHQ3	[-1, 320, 319, 318, 317, 443, 316, 315, 314]
	 A0A009QDV7	[-1, 320, 319, 318, 317, 443, 316, 315, 314]
	 A0A009H6M2	[-1, 320, 319, 318, 317, 443, 316, 315, 314]

 ### Operon type: 9

	 A0A011V5V3	[0, 87, 86, 85, 84, 83, 82, 81, 80]
	 A0A011UIA1	[87, 86, 85, 84, 83, 82, 81, 80, 0]

 ### Operon type: 10

	 A0A011PTE7	[825, 824, 823, 822, 821, 0, 820, 819, 818]
	 A0A011NE72	[825, 824, 823, 822, 821, 820, 819, 818, 0]

 ### Operon type: 11

	 A0A010JWJ1	[49, 48, 674, 47, 46, 45, 44, 43, 42]
	 A0A009I4A1	[49, 48, 674, 47, 46, 45, 44, 43, 42]

 ### Operon type: 12

	 A0A009QF22	[33, 32, 49, 0, 46, 45, 44, 43, 42]
	 A0A009TBY8	[33, 32, 49, 47, 46, 45, 44, 43, 42]

 ### Operon type: 13

	 A0A011NEY3	[595, 817, 816, 815, 815, 814, 813, 812, 0]

 ### Operon type: 14

	 A0A011PAN4	[817, 816, 0, 815, 815, 814, 813, 812, 811]

 ### Operon type: 15

	 A0A011RCD5	[595, 817, 816, 815, 815, 814, 813, 812, 811]

 ### Operon type: 16

	 A0A011P4U7	[0, 769, 768, 767, 766, 765, 764, 763, 762]
	 A0A011NAY5	[769, 768, 767, 766, 765, 764, 763, 762, 0]

 ### Operon type: 17

	 A0A011PF67	[791, 790, 789, 788, 787, 0, 0, 0, 0]
	 A0A011NW66	[791, 790, 789, 788, 787, 581, 0, 0, 0]
	 A0A011NBX7	[791, 790, 789, 788, 787, 581, 0, 0, 0]

 ### Operon type: 18

	 A0A011NS68	[791, 790, 789, 788, 787, 588, 587, 586, 781]
	 A0A011RHX4	[791, 790, 789, 788, 787, 588, 587, 586, 0]

 ### Operon type: 19

	 A0A010YT39	[0, 579, 509, 508, 507, 506, 505, 504, 503]

 ### Operon type: 20

	 A0A010Z7T4	[509, 508, 507, 506, 505, 504, 503, 502, 835]

 ### Operon type: 21

	 A0A013SP43	[499, 498, 497, 496, 495, 494, 493, 492, 491]
	 A0A009RUN3	[499, 498, 497, 496, 495, 494, 493, 492, 491]
	 A0A010K6G6	[499, 498, 497, 496, 495, 494, 493, 0, 491]

 ### Operon type: 22

	 A0A011VWR4	[0, 0, 0, 0, 409, 408, 407, 406, 405]

 ### Operon type: 23

	 A0A011VYP6	[409, 408, 407, 406, 405, 0, 404, 680, 0]

 ### Operon type: 24

	 A0A011QAS2	[0, 701, 700, 699, 698, 697, 696, 695, 694]
	 A0A011NEQ1	[0, 701, 700, 699, 698, 697, 696, 695, 694]

 ### Operon type: 25

	 A0A010JSI3	[295, 294, 293, 292, 291, 290, 289, 288, 0]
	 A0A013T0M4	[295, 294, 293, 292, 291, 290, 289, 288, 0]
	 A0A009RGL2	[295, 294, 293, 292, 291, 290, 289, 288, 50]
	 A0A009HDS5	[295, 294, 293, 292, 291, 290, 289, 288, 50]

 ### Operon type: 26

	 A0A009SNL0	[401, 400, 520, 399, 398, 397, 396, 395, 394]

 ### Operon type: 27

	 A0A009T1I8	[520, 399, 398, 397, 396, 395, 394, 0, 0]

 ### Operon type: 28

	 A0A011VUV0	[609, 608, 607, 606, 605, 604, 603, 602, 0]
	 A0A011VW71	[0, 609, 608, 607, 606, 605, 604, 603, 602]

 ### Operon type: 29

	 A0A011UG71	[192, 191, 190, 189, 188, 187, 186, 79, 78]

 ### Operon type: 30

	 A0A011V8Z7	[0, 0, 192, 191, 190, 189, 188, 187, 186]

 ### Operon type: 31

	 A0A011V8Y9	[189, 188, 187, 186, 79, 78, 0, 0, 0]

 ### Operon type: 32

	 A0A011U8C0	[0, 187, 191, 0, 61, 79, 0, 0, 0]

 ### Operon type: 33

	 A0A011Q0X6	[802, 801, 800, 799, 798, 797, 796, 744, 743]
	 A0A011QSF0	[0, 801, 800, 799, 798, 797, 796, 744, 0]
	 A0A011QBB5	[802, 801, 800, 799, 798, 797, 796, 744, 743]
	 A0A011Q1X8	[801, 0, 800, 799, 798, 797, 796, 744, 743]

 ### Operon type: 34

	 A0A011PG87	[802, 801, 800, 799, 798, 797, 796, 0, 0]

 ### Operon type: 35

	 A0A011PCT1	[810, 809, 808, 0, 0, 0, 0, 807, 0]

 ### Operon type: 36

	 A0A011QU35	[0, 0, 0, 0, 757, 0, 810, 809, 808]

 ### Operon type: 37

	 A0A011Q2B1	[759, 758, 757, 756, 808, 624, 623, 622, 807]

 ### Operon type: 38

	 A0A011RLN8	[719, 718, 757, 756, 808, 624, 623, 622, 807]

 ### Operon type: 39

	 A0A011P700	[0, 0, 761, 760, 759, 758, 757, 756, 808]

 ### Operon type: 40

	 A0A011QSI4	[0, 0, 761, 760, 759, 0, 719, 718, 757]

 ### Operon type: 41

	 A0A013T337	[329, 335, 453, 328, 327, 805, 326, 850, 325]
	 A0A013S981	[178, 329, 335, 453, 328, 327, 805, 326, 850]
	 A0A013TH30	[329, 335, 453, 328, 327, 805, 326, 850, 325]

 ### Operon type: 42

	 A0A010JY00	[178, 329, 335, 453, 334, 805, 326, 850, 325]

 ### Operon type: 43

	 A0A010IZE4	[307, 352, 351, 306, 349, 350, 305, 674, 304]
	 A0A009SZB5	[307, 352, 351, 306, 349, 350, 305, 674, 304]
	 A0A013TPV4	[307, 352, 351, 306, 349, 350, 305, 674, 304]
	 A0A009HL81	[307, 352, 351, 306, 349, 350, 305, 674, 304]
	 A0A009QQ47	[307, 352, 351, 306, 349, 350, 305, 674, 304]
	 A0A009MGJ1	[307, 352, 351, 306, 349, 350, 305, 674, 304]
	 A0A009HR98	[307, 352, 351, 306, 349, 350, 305, 674, 304]

 ### Operon type: 44

	 A0A009Z8F7	[352, 351, 350, 0, 349, 348, 348, 0, 347]

 ### Operon type: 45

	 A0A009R016	[100, 99, 98, 97, 255, -1, 480, 96, 95]
	 A0A009HFU9	[100, 99, 98, 97, 255, 480, 96, 95, 0]

 ### Operon type: 46

	 A0A011UJN3	[0, 211, 0, 0, 168, 167, 572, 166, 165]

 ### Operon type: 47

	 A0A011W213	[168, 167, 572, 166, 165, 164, 0, 0, 0]

 ### Operon type: 48

	 A0A011QUG8	[728, 727, 726, 783, 725, 724, 0, 723, 722]
	 A0A011QIT1	[728, 727, 726, 783, 725, 724, 723, 722, 666]

 ### Operon type: 49

	 A0A011PP01	[839, 838, 837, 842, 836, 843, 844, 845, 846]
	 A0A011NVE7	[839, 838, 837, 842, 836, 843, 844, 845, 846]

 ### Operon type: 50

	 A0A011P2I4	[862, 702, 847, 846, 845, 844, 843, 836, 842]
	 A0A011N9N8	[862, 702, 847, 846, 845, 844, 843, 836, 842]

 ### Operon type: 51

	 A0A011PIY7	[848, 0, 847, 846, 845, 844, 843, 0, 842]

 ### Operon type: 52

	 A0A011Q3J4	[0, 848, 847, 846, 845, 844, 843, 836, 0]

 ### Operon type: 53

	 A0A011MH88	[614, 848, 847, 846, 845, 844, 843, 836, 842]

 ### Operon type: 54

	 A0A013SPM5	[217, 216, 254, 253, 252, 215, 214, 213, 251]
	 A0A010IX62	[217, 216, 254, 253, 252, 215, 214, 213, 251]
	 A0A009QFZ7	[217, 216, 254, 253, 252, 215, 214, 213, 251]
	 A0A009MH71	[217, 216, 254, 253, 252, 215, 214, 213, 251]
	 A0A009HSL1	[217, 216, 254, 253, 252, 215, 214, 213, 251]
	 A0A009I6Z0	[217, 216, 254, 253, 252, 215, 214, 213, 251]
	 A0A009TK03	[217, 216, 254, 253, 252, 215, 214, 213, 251]

 ### Operon type: 55

	 A0A009ZIX8	[0, 337, 254, 253, 252, 635, 0, 251, 0]

 ### Operon type: 56

	 A0A009RMI1	[536, 535, 534, 533, 640, 532, 531, 752, 0]
	 A0A009SEP4	[536, 535, 534, 533, 640, 0, 532, 531, 0]
	 A0A010JJN4	[536, 535, 534, 533, 640, 532, 531, 752, 323]
	 A0A013TPR7	[536, 535, 534, 533, 640, 532, 531, 752, 323]
	 A0A009I8I7	[536, 535, 534, 533, 640, 532, 531, 752, 128]
	 A0A009NI48	[536, 535, 534, 533, 640, 532, 531, 752, -1]
	 A0A009PMT3	[536, 535, 534, 533, 640, 532, 531, 752, 323]
	 A0A009HJJ5	[536, 535, 534, 533, 640, 532, 531, 752, 128]
	 A0A009YG45	[0, 536, 535, 534, 640, 0, 532, 531, 752]

 ### Operon type: 57

	 A0A009SZ84	[548, 547, 546, 545, 544, 674, 670, 543, 542]
	 A0A010IZH1	[-1, 547, 546, 545, 544, 674, 670, 543, 542]
	 A0A013S8F0	[548, 547, 546, 545, 544, 674, 670, 543, 542]
	 A0A013TPQ9	[548, 547, 546, 545, 544, 674, 670, 543, 542]
	 A0A009PMU2	[548, 547, 546, -1, 544, 674, 670, 543, 542]
	 A0A009HJM0	[548, 547, 546, 545, 544, 674, 670, 543, 542]

 ### Operon type: 58

	 A0A009HUS9	[547, 546, 0, 545, 544, 22, -1, 23, 24]

 ### Operon type: 59

	 A0A009ISE1	[532, 531, 752, 24, 23, -1, 22, 544, 545]

 ### Operon type: 60

	 A0A009NPS1	[548, 547, 546, 545, 544, -1, 752, 531, 532]

 ### Operon type: 61

	 A0A013SB36	[286, 472, 471, 470, 469, 468, 467, 285, 284]
	 A0A009QSI3	[286, 472, 471, 470, 469, 468, 467, 285, -1]

 ### Operon type: 62

	 A0A010ITP2	[286, 472, 471, 470, 469, 468, 467, 0, 0]

 ### Operon type: 63

	 A0A009SII9	[-1, 472, 471, 470, 469, 468, 467, 466, 465]

 ### Operon type: 64

	 A0A009T0Q9	[469, 468, 467, 466, 465, 284, 614, 674, 276]

 ### Operon type: 65

	 A0A009YJF4	[0, 468, 467, 280, 279, 614, 674, 0, 276]

 ### Operon type: 66

	 A0A009GP96	[0, 54, 674, 502, 114, 37, 480, 53, 52]

 ### Operon type: 67

	 A0A009GSR4	[502, 114, 37, 480, 53, 52, 52, 51, 0]

 ### Operon type: 68

	 A0A009IIT6	[54, 674, 502, 114, 53, 52, 52, 51, 0]

 ### Operon type: 69

	 A0A011SQL0	[780, 9, -1, 8, 61, 7, 120, 6, 5]
	 A0A011UZ49	[9, -1, 8, 61, 7, 120, 6, 5, 0]

 ### Operon type: 70

	 A0A009SIF9	[702, 633, 479, 478, 477, 476, 475, 474, 473]
	 A0A009PT82	[702, 633, 479, 478, 477, 476, 475, 474, 473]

 ### Operon type: 71

	 A0A009IS10	[134, 0, 0, 0, 477, 476, 475, 0, 0]

 ### Operon type: 72

	 A0A009QHW5	[0, 0, 0, 270, 477, 476, 475, 0, 346]

 ### Operon type: 73

	 A0A011UVB4	[0, 0, 0, 429, 0, 0, 134, 0, 602]

 ### Operon type: 74

	 A0A011U7M7	[0, 64, -1, 235, 233, 236, 232, 63, 62]
	 A0A011V107	[64, -1, 235, 233, 236, 232, 63, 62, 0]

 ### Operon type: 75

	 A0A011TLH0	[237, 236, 235, 234, 233, 232, 0, 0, 0]

 ### Operon type: 76

	 A0A011UG87	[154, 155, 156, 237, 236, 235, 234, 233, 232]

 ### Operon type: 77

	 A0A011TLH7	[156, 155, 154, 0, 0, 0, 0, 0, 0]

 ### Operon type: 78

	 A0A011TAF9	[0, 0, 303, 302, 301, 300, 299, 298, 297]
	 A0A011TWN2	[303, 302, 301, 300, 299, 298, 297, 0, 0]

 ### Operon type: 79

	 A0A011Q5V7	[656, 0, 0, 0, 655, 654, 653, 652, 651]

 ### Operon type: 80

	 A0A011RM25	[655, 654, 653, 652, 651, 720, 0, 229, 0]

 ### Operon type: 81

	 A0A011QIE8	[673, 672, 671, 670, 669, 668, 667, 0, 0]
	 A0A011QDV3	[673, 672, 671, 670, 669, 668, 633, 0, 667]

 ### Operon type: 82

	 A0A011PL71	[867, 866, 865, 864, 863, 862, 861, 860, 0]
	 A0A011QAB0	[866, 865, 864, 0, 863, 862, 861, 860, 0]

 ### Operon type: 83

	 A0A011Q6N5	[665, 664, 663, 0, 0, 0, 662, 661, 662]

 ### Operon type: 84

	 A0A011SGD5	[0, 0, 0, 0, 0, 0, 665, 664, 663]

 ### Operon type: 85

	 A0A011NYU6	[737, 736, 0, 735, 834, 598, 597, 0, 734]

 ### Operon type: 86

	 A0A011PYI6	[737, 736, 0, 735, 834, 734, 733, 778, 0]

 ### Operon type: 87

	 A0A011P1C0	[0, 0, 598, 597, 734, 0, 0, 0, 0]

 ### Operon type: 88

	 A0A011PKU5	[872, 873, 871, 870, 871, 869, 868, 0, 0]
	 A0A011N4G4	[0, 0, 872, 873, 871, 870, 871, 869, 868]

 ### Operon type: 89

	 A0A010ZWJ8	[363, 362, 361, 835, 360, 773, 359, 773, 358]

 ### Operon type: 90

	 A0A011AHW1	[360, 835, 361, 362, 363, 0, 0, 364, 0]

 ### Operon type: 91

	 A0A011AHU9	[359, 773, 358, 0, 0, 0, 0, 336, 614]

 ### Operon type: 92

	 A0A010ZX98	[357, 356, 355, 354, 353, 441, 670, 670, 0]

 ### Operon type: 93

	 A0A011AIL7	[353, 354, 355, 356, 357, 0, 0, 0, 0]

 ### Operon type: 94

	 A0A010YF95	[657, 648, 723, 647, 646, 646, 645, 644, 643]

 ### Operon type: 95

	 A0A010ZJQ6	[648, 723, 647, 646, 646, 645, 644, 643, 0]

 ### Operon type: 96

	 A0A009GXL8	[283, 282, 281, 280, 279, 47, 278, 277, 129]

 ### Operon type: 97

	 A0A010JIW7	[283, 282, 281, 280, 279, 0, 0, 278, 277]

 ### Operon type: 98

	 A0A011QNA5	[0, 713, 712, 711, 0, 710, 709, 708, 707]
	 A0A009ZLJ7	[707, 708, 709, 710, 0, 0, 713, 712, 711]

 ### Operon type: 99

	 A0A009RMD0	[710, 709, 708, 707, 541, 540, 539, 538, 537]
	 A0A013T0T6	[710, 709, 708, 707, 541, 330, 539, 538, 537]
	 A0A009QMH5	[710, 709, 708, 707, 541, 330, 539, 538, 537]
	 A0A009HAX1	[710, 709, 708, 707, 541, 330, 539, 538, 537]
	 A0A009ISY0	[710, 709, 708, 707, 541, 540, 539, 538, 537]
	 A0A009PE10	[710, 709, 708, 707, 541, 540, 539, 538, -1]

 ### Operon type: 100

	 A0A010ILW6	[710, 709, 708, 707, 541, 330, 0, 0, 538]

 ### Operon type: 101

	 A0A009Z9X7	[709, 708, 707, 0, 541, 0, 717, 0, 538]

 ### Operon type: 102

	 A0A013S8V2	[181, 180, 0, 0, 0, 179, 0, 0, 0]
	 A0A009R8E1	[0, 596, 0, 181, 180, 0, 0, 179, 0]

 ### Operon type: 103

	 A0A009ZFR5	[574, 458, 457, 456, 334, 333, 332, 331, 850]
	 A0A009ICH6	[574, 458, 457, 456, 334, 333, 332, 331, 850]

 ### Operon type: 104

	 A0A009RR21	[574, 458, 457, 456, 455, 454, 453, 850, 805]
	 A0A009NQA1	[574, 458, 457, 456, 455, 454, 453, 850, 805]

 ### Operon type: 105

	 A0A009HTN9	[574, 458, 457, 456, 455, 454, 13, 683, 12]
	 A0A009T3J5	[574, 458, 457, 456, 455, 454, 13, 683, 12]

 ### Operon type: 106

	 A0A009Q0U9	[574, 458, 457, 456, 455, 454, -1, -1, 0]

 ### Operon type: 107

	 A0A009QEG7	[554, 555, 126, 125, 124, 41, 40, 556, 557]
	 A0A009IPC3	[554, 555, 126, 125, 124, 41, 40, 556, 557]

 ### Operon type: 108

	 A0A009I573	[584, 0, 20, 558, 0, 123, 124, 125, 126]

 ### Operon type: 109

	 A0A009ILP9	[556, 0, 126, 125, 124, 123, 557, 558, 20]

 ### Operon type: 110

	 A0A009I953	[556, 0, 126, 125, 124, 123, 557, 0, -1]

 ### Operon type: 111

	 A0A009SX74	[794, 781, 0, 558, 557, 556, 555, 554, 553]

 ### Operon type: 112

	 A0A009QVK8	[136, 525, 273, 439, 434, 433, 432, 431, 430]
	 A0A010IPH1	[136, 525, 273, 439, 434, 433, 432, 431, 430]
	 A0A009MMG9	[136, 525, 273, 439, 434, 433, 432, 431, 430]
	 A0A009ICP5	[136, 525, 273, 439, 434, 433, 432, 431, 430]

 ### Operon type: 113

	 A0A009SIV4	[438, 437, 436, 435, 434, 433, 432, 431, 430]
	 A0A009QLL2	[438, 437, 436, 435, 434, 433, 432, 431, 430]
	 A0A009HTW0	[438, 437, 436, 435, 434, 433, 432, 431, 430]
	 A0A013TSJ4	[437, 436, 0, 435, 434, 433, 432, 431, 430]

 ### Operon type: 114

	 A0A010ITG1	[267, 177, 176, 175, 174, 173, 172, 674, 670]
	 A0A013TRC1	[267, 177, 176, 175, 174, 173, 172, 674, 670]
	 A0A009NIJ3	[267, 177, 176, 175, 174, 173, 172, 674, 670]
	 A0A013TCN9	[267, 177, 176, 175, 174, 173, 172, 674, 670]
	 A0A009QNC9	[267, 177, 176, 175, 174, 173, 172, 674, 670]

 ### Operon type: 115

	 A0A009H935	[0, 0, 176, 175, 174, 173, 172, 674, 670]

 ### Operon type: 116

	 A0A009SF48	[452, 451, 450, 449, 448, -1, 110, 778, 109]
	 A0A009QEX0	[452, 451, 450, 449, 448, 110, 110, 778, 109]
	 A0A009IMX3	[452, 451, 450, 449, 448, 110, 110, 778, 109]

 ### Operon type: 117

	 A0A013S7V1	[452, 451, 450, 449, 448, 447, 574, 446, 445]
	 A0A009MR00	[452, 451, 450, 449, 448, 447, 574, 446, 445]
	 A0A009RES7	[452, 451, 450, 449, 448, 447, 574, 446, 445]
	 A0A010ISX2	[452, 451, 450, 449, 448, 447, 574, 446, 445]

 ### Operon type: 118

	 A0A009YTT3	[3, 255, 450, 449, 448, 447, 574, 446, 445]

 ### Operon type: 119

	 A0A009GYP9	[0, 0, 0, 449, 448, 447, 574, 446, 445]

 ### Operon type: 120

	 A0A009ZZC8	[-1, 400, 401, 3, 255, 450, 449, 448, 447]

 ### Operon type: 121

	 A0A011WSE5	[143, 142, 141, 140, 139, 138, 116, 115, 256]
	 A0A011UGX8	[144, 143, 142, 141, 140, 139, 138, 116, 115]

 ### Operon type: 122

	 A0A011VZG0	[171, 0, 144, 143, 142, 141, 140, 139, 138]

 ### Operon type: 123

	 A0A009SJZ7	[429, 428, 427, 426, 425, 591, 424, 423, 422]
	 A0A009PJF7	[428, 427, 427, 426, 425, 591, 424, 423, 422]

 ### Operon type: 124

	 A0A009Z5G0	[591, 426, 427, 0, 207, 428, 429, 420]

 ### Operon type: 125

	 A0A010IZ41	[626, 312, 345, 311, 310, 309, 324, 308, 497]
	 A0A010JJC1	[627, 626, 312, 345, 311, 310, 309, 324, 308]

 ### Operon type: 126

	 A0A009QJL6	[627, 626, 312, 345, 0, 308, 497, 76, 0]

 ### Operon type: 127

	 A0A009RQH3	[530, 529, 528, 527, 526, 702, 525, 777, 524]
	 A0A013TB41	[530, -1, 528, 527, 526, 702, 525, 777, 524]
	 A0A009SHB3	[530, 529, 528, 527, 526, 702, 525, 777, 524]
	 A0A013SGL3	[530, 529, 528, 527, 526, 702, 525, 777, 524]
	 A0A010KAV2	[530, 529, 528, 527, 526, 702, 525, 777, 524]
	 A0A009NE81	[530, 529, 528, 527, 526, 702, 525, 777, 524]
	 A0A009PG53	[530, 529, 528, 527, 526, 702, 525, 777, 524]
	 A0A009I5Z6	[530, 529, 528, 527, 526, 702, 525, 777, 524]

 ### Operon type: 128

	 A0A009H3X4	[530, 529, 528, 527, 526, 702, -1, 625, -1]

 ### Operon type: 129

	 A0A009SLR5	[0, 0, 0, 483, 482, 481, 480, 674, 862]
	 A0A009PIB4	[0, 0, 0, 483, 482, 481, 480, 674, 862]

 ### Operon type: 130

	 A0A009HSU4	[0, 0, 856, 674, 0, 702, 777, 862, 480]

 ### Operon type: 131

	 A0A009I463	[259, 56, 55, 486, 486, 503, 258, 257, 103]
	 A0A009PAG1	[259, 56, 55, 486, 486, 503, 258, 257, 103]

 ### Operon type: 132

	 A0A013SKX6	[0, 0, 259, 0, 486, 486, 503, 258, 257]

 ### Operon type: 133

	 A0A011Q5S3	[666, 660, 0, 0, 0, 0, 659, 658, 657]

 ### Operon type: 134

	 A0A011UZZ4	[0, 659, 658, 0, 0, 0, 94, 94, 657]

 ### Operon type: 135

	 A0A011UTJ0	[0, 0, 0, 72, 71, 70, 764, 69, 68]

 ### Operon type: 136

	 A0A011VMV7	[72, 71, 70, 764, 69, 68, 67, 66, 65]

 ### Operon type: 137

	 A0A011NYT4	[755, 754, 753, 752, 0, 274, 274, 468, 467]

 ### Operon type: 138

	 A0A011P8E9	[0, 0, 755, 754, 0, 753, 752, 0, 0]

 ### Operon type: 139

	 A0A010SYH9	[344, 343, 342, 341, 340, 0, 0, 0, 0]
	 A0A010TF34	[0, -1, 0, 0, 344, 343, 342, 341, 340]

 ### Operon type: 140

	 A0A010S7A1	[153, 152, 151, 321, 0, 150, 0, 0, 0]
	 A0A010TFJ4	[0, -1, 0, 153, 152, 151, 321, -1, 150]

 ### Operon type: 141

	 A0A009HJC2	[26, 670, 273, 25, 486, 480, 391, 392, 393]
	 A0A009PAV9	[26, -1, 273, 25, 486, 480, 391, 392, 393]

 ### Operon type: 142

	 A0A009SE02	[0, 393, 0, 0, 0, 392, 391, 480, 486]

 ### Operon type: 143

	 A0A009SYU8	[777, 574, 830, 552, 551, 674, 674, 550, 549]
	 A0A009RSB7	[777, 574, 830, 552, 551, 674, 674, 550, 549]
	 A0A009HS41	[777, 574, 830, 552, 551, 674, 674, 550, 549]

 ### Operon type: 144

	 A0A013SHA9	[777, 574, 830, 552, 523, 674, 674, 550, 549]
	 A0A010IT25	[777, 574, 830, 552, 523, 674, 674, 550, 549]
	 A0A009I466	[777, 574, 830, 552, 523, 674, 674, 550, 549]

 ### Operon type: 145

	 A0A009NMQ9	[777, 574, 830, 552, 523, 0, 674, 674, 550]

 ### Operon type: 146

	 A0A009P8A9	[0, 0, 830, 552, 551, 674, 674, 550, 549]

 ### Operon type: 147

	 A0A009NJ90	[160, 159, 158, 565, 564, 563, 157, 562, 561]
	 A0A009ITT8	[160, 159, 158, 565, 564, 157, 562, 561, 560]

 ### Operon type: 148

	 A0A009NCH6	[39, 562, 561, 560, 462, 461, 460, 459, 38]
	 A0A009IJ01	[562, 561, 560, 170, 462, 461, 460, 459, 38]

 ### Operon type: 149

	 A0A009RQL5	[562, 561, 560, 463, 462, 461, 460, 459, 0]

 ### Operon type: 150

	 A0A009MGQ8	[564, 0, 39, 562, 561, 560, 462, 461, 460]

 ### Operon type: 151

	 A0A009RHH7	[568, 567, 566, 565, 564, 563, 562, 561, 560]
	 A0A009S6G1	[568, 567, 566, 565, 564, 562, 561, 560, 462]
	 A0A009IJ07	[568, 567, 566, 565, 564, 562, 561, 560, 170]

 ### Operon type: 152

	 A0A009HZK2	[566, 565, 564, 562, 561, 560, 170, 462, 461]

 ### Operon type: 153

	 A0A009R4N4	[565, 564, 563, 562, 561, 560, 463, 462, 461]

 ### Operon type: 154

	 A0A009S5A5	[564, 563, 157, 562, 561, 560, 170, 133, 462]

 ### Operon type: 155

	 A0A009RHH9	[0, 0, 0, 0, 559, 568, 567, 566, 565]

 ### Operon type: 156

	 A0A011PGU1	[0, 0, 706, 748, 747, 746, 705, 704, 703]
	 A0A011MDH1	[738, 0, 706, 748, 747, 746, 705, 704, 703]

 ### Operon type: 157

	 A0A011V0P4	[418, 10, 0, 0, 203, 0, 0, 194, 193]

 ### Operon type: 158

	 A0A011WPV7	[194, 193, 0, 0, 0, 0, 0, 0, 0]

 ### Operon type: 159

	 A0A011UDF3	[748, 610, 0, 0, 0, 169, 594, 593, 732]

 ### Operon type: 160

	 A0A011VSC9	[594, 593, 732, 0, 0, 0, 0, 0, 0]

 ### Operon type: 161

	 A0A011SF89	[198, 197, 196, 0, 0, 0, 0, 0, 0]

 ### Operon type: 162

	 A0A011UCX7	[0, 866, 198, 197, 0, 196, 58, 0, 0]

 ### Operon type: 163

	 A0A011RNP9	[0, 0, 0, 0, 0, 603, 861, 0, 0]

 ### Operon type: 164

	 A0A011V0B5	[259, 0, 0, 0, 0, 0, 603, 0, 0]

 ### Operon type: 165

	 A0A011RQC9	[0, 259, 305, 0, 0, 0, 0, 199, 0]

 ### Operon type: 166

	 A0A011QG28	[750, 749, 748, 0, 747, 746, 774, 745, 775]
	 A0A011RIM8	[750, 749, 0, 0, 747, 746, 774, 745, 775]

 ### Operon type: 167

	 A0A011PHI6	[786, 0, 785, 0, 0, 784, 783, 782, 0]

 ### Operon type: 168

	 A0A011QI68	[0, 0, 785, 784, 0, 0, 0, 0, 0]

 ### Operon type: 169

	 A0A011NVJ6	[583, 687, 686, 685, 684, 683, 0, 0, 582]

 ### Operon type: 170

	 A0A011PVP2	[0, 687, 686, 685, 684, 683, 0, 0, 739]

 ### Operon type: 171

	 A0A011NXY7	[0, 0, 686, 0, 684, 0, 0, 0, 0]

 ### Operon type: 172

	 A0A011QR69	[716, 715, 850, 714, 806, 805, 0, 0, 0]
	 A0A011NUB4	[716, 715, 850, 714, 806, 805, 0, 164, 0]

 ### Operon type: 173

	 A0A011NN36	[715, 850, 0, 0, 806, 805, 0, 0, 0]

 ### Operon type: 174

	 A0A011PK69	[850, 858, 0, 0, 806, 805, 0, 0, 0]

 ### Operon type: 175

	 A0A011NYD6	[692, 827, 826, 600, 599, 691, 690, 689, 688]
	 A0A011RMI6	[692, 827, 826, 600, 599, 691, 690, 689, 688]

 ### Operon type: 176

	 A0A011QB28	[693, 692, 827, 0, 0, 691, 690, 689, 688]

 ### Operon type: 177

	 A0A011NF33	[0, 691, 690, 0, 0, 0, 0, 0, 0]

 ### Operon type: 178

	 A0A011NBY4	[147, 0, 0, 146, 0, 0, 145, 0, 0]

 ### Operon type: 179

	 A0A011WRT0	[147, 0, 0, 0, 0, 0, 0, 778, 0]

 ### Operon type: 180

	 A0A011SHV5	[0, 0, 0, 0, 0, 417, 778, 627, 0]

 ### Operon type: 181

	 A0A011NB95	[0, 721, 0, 0, 0, 0, 273, 272, 271]

 ### Operon type: 182

	 A0A011UHT4	[76, 195, 272, 0, 0, 75, 75, 271, 0]

 ### Operon type: 183

	 A0A010Z1W7	[0, 0, 0, 0, 0, 371, 0, 511, 370]

 ### Operon type: 184

	 A0A011VY84	[0, 0, 370, 511, 0, 0, 0, 0, 0]

 ### Operon type: 185

	 A0A010YW85	[0, 0, 0, 0, 0, 339, 0, 511, 370]

 ### Operon type: 186

	 A0A010ZMA0	[511, 510, 0, 0, 0, 0, 0, 0, 0]

 ### Operon type: 187

	 A0A011N5L2	[0, 0, 0, 510, 0, 542, 323, 0, 0]

 ### Operon type: 188

	 A0A009MJ75	[0, 0, 103, 102, 101, 0, 0, 0, 502]

 ### Operon type: 189

	 A0A010IH51	[0, 430, 0, 0, 101, 0, 502, 0, 0]

 ### Operon type: 190

	 A0A011TYT7	[0, 0, 0, 0, 0, 0, 430, 93, 93]

 ### Operon type: 191

	 A0A010RRR9	[0, 0, 0, 0, 679, 0, 0, 322, 502]

 ### Operon type: 192

	 A0A010SIA7	[0, 0, 322, 321, 0, 0, 0, 0, 0]

 ### Operon type: 193

	 A0A010RFQ9	[0, 0, 443, 0, 442, 0, 0, 0, 0]

 ### Operon type: 194

	 A0A010SPR9	[385, 385, 0, 0, 0, 442, 0, 0, 0]

 ### Operon type: 195

	 A0A009LNU8	[117, 119, 120, 121, 0, 21, 0, 480, 0]

 ### Operon type: 196

	 A0A013SRG6	[122, 121, 120, 119, 0, 118, 0, 117, 590]

 ### Operon type: 197

	 A0A009IQU8	[0, 119, 0, 0, 0, 118, 590, 0, 0]

 ### Operon type: 198

	 A0A010K2K8	[120, 121, 122, 0, 0, 0, 0, -1, 480]

 ### Operon type: 199

	 A0A011NPR8	[0, 590, 0, 0, 0, 0, 589, 0, 0]

 ### Operon type: 200

	 A0A010SEA2	[660, 589, 630, 0, 0, 0, 0, 0, 0]

 ### Operon type: 201

	 A0A010IGH8	[0, 0, 0, 0, 0, 0, 0, 242, 550]

 ### Operon type: 202

	 A0A010STD3	[0, 0, 0, 384, 383, 382, 0, 550, 242]

 ### Operon type: 203

	 A0A010SQJ5	[444, 439, 0, 384, 383, 382, 0, 0, 0]

 ### Operon type: 204

	 A0A013RVV2	[267, 0, 244, 243, 0, 0, 550, 242, 0]

 ### Operon type: 205

	 A0A011TD67	[169, 0, 0, 384, 383, 382, 205, 0, 359]

 ### Operon type: 206

	 A0A009ZC12	[0, 0, 0, 384, 0, 382, 205, 204, 730]

 ### Operon type: 207

	 A0A009YSC7	[0, 0, 145, 1, 0, 1, 244, 243, 0]

 ### Operon type: 208

	 A0A009ZJK4	[0, 0, 0, 0, 0, 0, 574, 577, 0]

 ### Operon type: 209

	 A0A010SVN1	[-1, 577, 674, 576, 575, 0, 0, 574, 0]

 ### Operon type: 210

	 A0A009QGN4	[59, 31, 30, 29, 28, 27, 0, 0, 0]
	 A0A009PFK7	[59, 31, 30, 29, 28, 0, 0, 27, 0]

 ### Operon type: 211

	 A0A009YR20	[0, 27, 0, 0, 0, 0, 31, 0, 0]

 ### Operon type: 212

	 A0A009SCM5	[571, 570, 569, 0, 0, 0, 0, 0, 0]

 ### Operon type: 213

	 A0A009TJ77	[553, 313, 0, 0, 0, 0, 571, 570, 569]

 ### Operon type: 214

	 A0A009HZV2	[0, 0, 0, 0, 113, 112, 563, 0, 0]

 ### Operon type: 215

	 A0A009QPE7	[0, 0, 0, 0, 113, 112, 0, 0, 0]

 ### Operon type: 216

	 A0A009MGR3	[0, 0, 91, 0, 218, 133, 97, 90, 89]

 ### Operon type: 217

	 A0A009Q4G0	[0, 92, 91, 0, 218, 0, 90, 89, 90]

 ### Operon type: 218

	 A0A009PB53	[0, 0, 132, 131, 218, 90, 89, 90, 130]

 ### Operon type: 219

	 A0A009PUJ8	[0, 132, 131, 218, 0, 130, 278, 277, 129]

 ### Operon type: 220

	 A0A009QQC0	[57, 0, 238, 674, 521, 521, 239, 543, 576]
	 A0A009H7I0	[57, 0, 0, 674, 521, 521, 239, 543, 576]

 ### Operon type: 221

	 A0A009MVG4	[238, 0, 522, 674, 521, 521, 239, 543, 576]

 ### Operon type: 222

	 A0A010J377	[241, 240, 777, 674, 521, 521, 239, 543, 576]
	 A0A009QA91	[241, 240, 777, 674, 521, 521, 239, 543, 576]

 ### Operon type: 223

	 A0A009S1X4	[241, 240, 777, 674, 521, 521, 674, 0, 287]

 ### Operon type: 224

	 A0A013SHF4	[0, 0, 522, 674, 521, 521, 0, 520, 0]

 ### Operon type: 225

	 A0A011PJK8	[856, 855, 854, 853, 852, 851, 0, 0, 0]
	 A0A011N3C3	[0, 0, 0, 856, 855, 854, 853, 852, 851]

 ### Operon type: 226

	 A0A011WKI4	[0, 0, 0, 0, 0, 857, 163, 162, 403]
	 A0A011UWH1	[857, 163, 162, 403, 0, 0, 0, 0, 0]

 ### Operon type: 227

	 A0A010YKP2	[0, 0, 0, 0, 0, 0, 582, 369, 0]

 ### Operon type: 228

	 A0A011V1A2	[10, 0, 0, 369, 0, 0, 0, 0, 0]

 ### Operon type: 229

	 A0A011NGS0	[0, 0, 0, 0, 632, 771, 0, 0, 0]

 ### Operon type: 230

	 A0A011PW61	[0, 0, 0, 0, 632, 771, 0, 0, 631]

 ### Operon type: 231

	 A0A011UXI1	[0, 803, 0, 0, 632, 771, 11, 0, 0]

 ### Operon type: 232

	 A0A011SWI9	[-1, -1, 0, 786, 632, 771, 11, -1, -1]

 ### Operon type: 233

	 A0A011P952	[771, 0, 770, 0, 0, 770, 0, 0, 0]

 ### Operon type: 234

	 A0A011Q1B3	[742, 782, 741, 740, 741, 739, 738, 0, 0]
	 A0A011QVV5	[0, 0, 742, 782, 741, 740, 741, 739, 738]

 ### Operon type: 235

	 A0A011NSG8	[0, 0, 0, 782, 741, 740, 0, 741, 0]

 ### Operon type: 236

	 A0A011P0X4	[0, 0, 738, 0, 741, 0, 0, 740, 596]

 ### Operon type: 237

	 A0A010YNY9	[0, 0, 368, 367, 0, 0, 0, 0, 628]

 ### Operon type: 238

	 A0A011AC71	[287, 0, 0, 296, 0, 368, 367, 0, 777]

 ### Operon type: 239

	 A0A011PRW6	[829, 0, 0, 0, 828, 827, 826, 0, 0]
	 A0A011QLX0	[0, 829, 0, 0, 828, 0, 827, 826, 0]

 ### Operon type: 240

	 A0A010SML6	[0, 827, 826, -1, 0, 781, 0, 0, 0]

 ### Operon type: 241

	 A0A010RS09	[0, 0, 0, 0, 341, 0, 625, 625, 0]

 ### Operon type: 242

	 A0A010RTE7	[0, 0, 0, 0, 0, 0, 341, 313, 0]

 ### Operon type: 243

	 A0A009P817	[107, 0, 0, 0, 106, 0, 149, 105, 104]

 ### Operon type: 244

	 A0A009TIY0	[0, 0, 0, 0, 106, 0, 149, 105, 0]

 ### Operon type: 245

	 A0A009QKA3	[149, 105, 0, 104, 0, 0, 0, 0, 59]

 ### Operon type: 246

	 A0A009HSR2	[0, 517, 516, 0, 515, 261, 514, 563, 262]

 ### Operon type: 247

	 A0A009SWM1	[0, 517, 516, 0, 515, 0, 0, 514, 0]

 ### Operon type: 248

	 A0A009MYX0	[263, 262, 0, 856, 0, 0, 514, 261, 260]

 ### Operon type: 249

	 A0A009QK79	[0, 0, 260, 261, 0, 514, 0, 0, 262]

 ### Operon type: 250

	 A0A009GXJ1	[36, 35, 261, 514, 209, 563, 262, 263, 0]

 ### Operon type: 251

	 A0A013TKW8	[0, 792, 0, 480, 223, 222, 221, 220, 219]
	 A0A009QT77	[0, 0, -1, 480, 223, 222, 221, 220, 219]
	 A0A009S0T6	[0, 0, 480, 137, 223, 222, 221, 220, 219]
	 A0A010IT95	[0, 0, 0, 480, 223, 222, 221, 220, 219]
	 A0A009PRQ9	[0, 480, 137, 0, 223, 222, 221, 220, 219]
	 A0A009MH36	[0, 0, 0, 480, 223, 222, 221, 220, 219]
	 A0A009GWD0	[563, 0, 0, 480, 223, 222, 221, 220, 219]
	 A0A009I5G9	[0, 0, 480, 137, 223, 222, 221, 220, 219]

 ### Operon type: 252

	 A0A013TMJ7	[670, -1, 0, 480, 223, 220, 219, 0, 0]

 ### Operon type: 253

	 A0A011VXC2	[-1, 416, 0, 832, 415, 414, 413, 412, 411]
	 A0A011V392	[416, 0, 832, 415, 414, 413, 0, 412, 411]

 ### Operon type: 254

	 A0A011V490	[171, 421, 0, 411, 412, 413, 414, 415, 832]

 ### Operon type: 255

	 A0A011VZF5	[0, 0, 415, 414, 413, 866, 421, 866, 0]

 ### Operon type: 256

	 A0A011VU44	[0, 0, 0, 0, 0, 612, 0, 0, 0]
	 A0A011WLE7	[0, 0, 0, 0, 0, 612, 0, 0, 0]

 ### Operon type: 257

	 A0A011VAP2	[0, 0, 185, 0, 0, 0, 0, 0, 638]

 ### Operon type: 258

	 A0A011VRJ8	[0, 0, 0, 0, 0, 0, 185, 0, 0]

 ### Operon type: 259

	 A0A011RNU1	[0, 0, 0, 0, 0, 0, 246, 246, 247]

 ### Operon type: 260

	 A0A011VKJ9	[0, 0, 0, 0, 0, 0, 247, 246, -1]

 ### Operon type: 261

	 A0A011PQZ7	[0, 0, 0, 835, 834, 0, 833, 0, 0]

 ### Operon type: 262

	 A0A011TUX4	[0, 0, 0, 0, 834, 0, 0, 833, 0]

 ### Operon type: 263

	 A0A011STZ9	[0, 0, 0, 833, 0, 0, 0, 0, 0]

 ### Operon type: 264

	 A0A011PRF5	[831, 0, 0, 0, 0, 0, 0, 0, 0]
	 A0A011PUJ9	[0, 0, 0, 0, 0, 0, 0, 0, 831]

 ### Operon type: 265

	 A0A011PFY8	[0, 0, 0, 0, 0, 0, 0, 0, 840]

 ### Operon type: 266

	 A0A011PNS3	[841, 840, 0, 0, 0, 0, 0, 0, 0]

 ### Operon type: 267

	 A0A011T648	[0, 840, 0, 0, 0, 0, 0, 850, 0]

 ### Operon type: 268

	 A0A010YYJ5	[0, 0, 0, 866, 0, 0, 0, 111, 111]

 ### Operon type: 269

	 A0A011NDM5	[866, 0, 0, 0, 0, 0, 0, 0, 0]

 ### Operon type: 270

	 A0A011MSR2	[0, 0, 0, 585, 0, 0, 0, 866, 866]

 ### Operon type: 271

	 A0A011WSU6	[0, 866, 0, 0, 412, 0, 0, 0, 0]

 ### Operon type: 272

	 A0A011AEN3	[0, 0, 0, 0, 0, 0, 774, 0, 0]
	 A0A011U3C2	[0, 0, 774, 0, 0, 0, 0, 0, 0]

 ### Operon type: 273

	 A0A011AAZ2	[0, 636, 0, 0, 0, 774, 774, 774, 0]

 ### Operon type: 274

	 A0A011T698	[0, 0, 0, 0, 0, 777, 774, 0, 0]

 ### Operon type: 275

	 A0A010YRE8	[0, 0, 0, 0, 0, 0, 0, 441, 0]

 ### Operon type: 276

	 A0A011AF05	[0, 0, 287, 441, 0, 0, 0, 0, 0]

 ### Operon type: 277

	 A0A009ZG48	[0, 0, 0, 792, 0, 0, 0, 0, 0]

 ### Operon type: 278

	 A0A011PEJ8	[0, 0, 793, 792, 0, 0, 0, 0, 0]

 ### Operon type: 279

	 A0A011QNJ7	[751, 0, 0, 792, 0, 0, 0, 751, 0]

 ### Operon type: 280

	 A0A011MMJ4	[0, 0, 0, 0, 0, 0, 0, 751, 0]

 ### Operon type: 281

	 A0A011R8M3	[0, 0, 793, 792, 0, 578, 0, 751, 0]

 ### Operon type: 282

	 A0A009ZC82	[0, 0, 780, 0, 0, 0, 0, 0, 0]

 ### Operon type: 283

	 A0A011P3F6	[781, 0, 0, 780, 0, 0, 0, 0, 0]

 ### Operon type: 284

	 A0A009IG48	[0, 0, 0, 512, 34, 0, 0, 0, 781]

 ### Operon type: 285

	 A0A009IMQ0	[0, 0, 0, 512, 34, 0, 0, 0, 0]

 ### Operon type: 286

	 A0A009SWV1	[0, 0, 0, 0, 0, 0, 0, 512, 0]

 ### Operon type: 287

	 A0A009Q512	[0, 0, 0, 0, 88, 0, 0, 0, 0]
	 A0A009PMZ9	[88, 0, 0, 0, 0, 0, 0, 0, 0]

 ### Operon type: 288

	 A0A009IFL2	[0, 629, 0, 387, -1, 0, 0, 0]

 ### Operon type: 289

	 A0A009ZDS1	[-1, -1, 0, 629, 0, 0, 626, 0, 0]

 ### Operon type: 290

	 A0A010SNM6	[388, 389, -1, 0, 0, 0, 670, 0, 0]

 ### Operon type: 291

	 A0A010T5D8	[389, 388, 0, -1, 0, -1, 497, 0, 0]

 ### Operon type: 292

	 A0A011UFH1	[0, 0, 0, 0, 0, 135, 0, 0, 0]
	 A0A011UB51	[135, 0, 0, 0, 0, 0, 0, 0, 0]

 ### Operon type: 293

	 A0A011VHP2	[0, -1, -1, -1, 250, 0, 0, 0, 0]
	 A0A011V965	[0, -1, -1, 0, 250, 0, -1, -1, 0]

 ### Operon type: 294

	 A0A010RVD0	[-1, 0, 0, -1, 0, 744, 744, 0, 518]

 ### Operon type: 295

	 A0A010T7Q5	[0, 518, 0, 0, 0, 0, -1, 0, 0]

 ### Operon type: 296

	 A0A010SJH7	[0, 0, 670, -1, 0, 0, 239, 0, 0]

 ### Operon type: 297

	 A0A010SRR2	[0, 0, -1, 0, 0, 0, 0, 0, 670]

 ### Operon type: 298

	 A0A010RKP8	[0, 0, 0, 0, 0, 0, -1, 0, 0]
	 A0A010TF14	[-1, 0, 0, 0, 0, 0, 0, 0, 0]
	 A0A010RY47	[-1, 0, -1, 0, 0, 0, 0, 0, 0]
	 A0A009HJU6	[0, 0, 0, 0, 0, 0, 0, 0, -1]
	 A0A011UZ32	[0, 0, 0, 0, 0, -1, 0, 0, 0]

 ### Operon type: 299

	 A0A010SJF9	[0, 0, 0, 0, 0, -1, 0, 275, -1]

 ### Operon type: 300

	 A0A011ML54	[0, 0, 0, 613, 0, 0, 0, 0, -1]

 ### Operon type: 301

	 A0A011NHY1	[0, 0, 0, 0, 0, 670, 0, 0, 0]

 ### Operon type: 302

	 A0A010Z171	[0, 0, 0, 0, 0, 0, 670, 0, 856]

 ### Operon type: 303

	 A0A011T697	[670, 0, 0, 0, 0, 0, 0, 0, 149]

 ### Operon type: 304

	 A0A011TDD1	[0, 464, 670, 0, 0, 0, 0, 0, 0]

 ### Operon type: 305

	 A0A011VW24	[0, 0, 720, 0, 0, 0, 0, 0, -1]

 ### Operon type: 306

	 A0A011T8V3	[0, 0, 720, 0, 0, 0, 0, 0, 0]

 ### Operon type: 307

	 A0A010TH98	[631, 0, 0, 720, 0, 0, 0, 0, 0]

 ### Operon type: 308

	 A0A011QVR3	[0, 0, 0, 0, 0, 0, 0, 721, 720]

 ### Operon type: 309

	 A0A011VYF1	[720, 0, 0, 0, 0, 0, 135, 0, 0]

 ### Operon type: 310

	 A0A010S415	[-1, 720, 0, 576, 0, 0, 0, 0, 390]

 ### Operon type: 311

	 A0A011PNN2	[0, 0, 0, 0, 0, 0, 0, 0, 0]
	 A0A011P9Z5	[0, 0, 0, 0, 0, 0, 0, 0, 0]
	 A0A011PBM9	[0, 0, 0, 0, 0, 0, 0, 0, 0]
	 A0A011Q056	[0, 0, 0, 0, 0, 0, 0, 0, 0]
	 A0A011QSN2	[0, 0, 0, 0, 0, 0, 0, 0, 0]
	 A0A011QMJ8	[0, 0, 0, 0, 0, 0, 0, 0, 0]
	 A0A010ZTI3	[0, 0, 0, 0, 0, 0, 0, 0, 0]
	 A0A011N2Z0	[0, 0, 0, 0, 0, 0, 0, 0, 0]
	 A0A011NMI8	[0, 0, 0, 0, 0, 0, 0, 0, 0]
	 A0A010SPJ7	[0, 0, 0, 0, 0, 0, 0, 0, 0]
	 A0A010SSQ8	[0, 0, 0, 0, 0, 0, 0, 0, 0]
	 A0A013SL47	[0, 0, 0, 0, 0, 0, 0, 0, 0]
	 A0A011A146	[0, 0, 0, 0, 0, 0, 0, 0, 0]
	 A0A013S2B9	[0, 0, 0, 0, 0, 0, 0, 0, 0]
	 A0A010Z120	[0, 0, 0, 0, 0, 0, 0, 0, 0]
	 A0A010YJA7	[0, 0, 0, 0, 0, 0, 0, 0, 0]
	 A0A010T025	[0, 0, 0, 0, 0, 0, 0, 0, 0]
	 A0A010SHY1	[0, 0, 0, 0, 0, 0, 0, 0, 0]
	 A0A013SBR8	[0, 0, 0, 0, 0, 0, 0, 0, 0]
	 A0A011NAJ1	[0, 0, 0, 0, 0, 0, 0, 0, 0]
	 A0A011WUT3	[0, 0, 0, 0, 0, 0, 0, 0, 0]
	 A0A011NTU3	[0, 0, 0, 0, 0, 0, 0, 0, 0]
	 A0A013TEV4	[0, 0, 0, 0, 0, 0, 0, 0, 0]
	 A0A011VYF6	[0, 0, 0, 0, 0, 0, 0, 0, 0]
	 A0A010YZS8	[0, 0, 0, 0, 0, 0, 0, 0, 0]
	 A0A009M4K0	[0, 0, 0, 0, 0, 0, 0, 0, 0]
	 A0A011VNE2	[0, 0, 0, 0, 0, 0, 0, 0, 0]
	 A0A011UHL2	[0, 0, 0, 0, 0, 0, 0, 0, 0]
	 A0A009MH90	[0, 0, 0, 0, 0, 0, 0, 0, 0]
	 A0A009PDV4	[0, 0, 0, 0, 0, 0, 0, 0, 0]
	 A0A011UFM5	[0, 0, 0, 0, 0, 0, 0, 0, 0]
	 A0A011UBN9	[0, 0, 0, 0, 0, 0, 0, 0, 0]
	 A0A009HIL8	[0, 0, 0, 0, 0, 0, 0, 0, 0]

 ### Operon type: 312

	 A0A010TG27	[857, 0, 501, 0, 0, 0, 674, 0, 0]

 ### Operon type: 313

	 A0A011PMK1	[0, 0, 0, 0, 0, 0, 0, 857, 0]

 ### Operon type: 314

	 A0A009HM15	[0, 460, 459, 0, 0, 0, -1, 0, 0]

 ### Operon type: 315

	 A0A009HRU1	[0, 261, 0, 0, 0, 0, 0, 0, 0]

 ### Operon type: 316

	 A0A009HSN8	[0, 92, 0, 0, 0, -1, 0, 130, -1]

 ### Operon type: 317

	 A0A009HV82	[278, 0, 0, 0, 0, 0, 0, 0, 0]

 ### Operon type: 318

	 A0A009IG74	[0, 0, 102, 0, 486, -1, 0, 0, 0]

 ### Operon type: 319

	 A0A009IJ90	[0, 553, 0, 0, 0, 0, 0, 0, 0]

 ### Operon type: 320

	 A0A009NM94	[0, 410, 410, 0, 0, 0, 464, 0, 0]

 ### Operon type: 321

	 A0A009Q4N5	[0, 0, 107, 0, 0, 0, 0, 0, 0]

 ### Operon type: 322

	 A0A009SSZ9	[0, 584, 0, 0, 0, 0, 0, 0, 0]

 ### Operon type: 323

	 A0A009YIH1	[0, 0, 0, 0, 462, 0, -1, -1, 2]

 ### Operon type: 324

	 A0A009YR05	[0, 0, 0, 0, 71, 0, 0, 0, 0]

 ### Operon type: 325

	 A0A009Z004	[210, 0, 210, 0, 0, 856, 0, 0, 0]

 ### Operon type: 326

	 A0A010RUQ5	[0, 0, 0, 0, 0, 0, 0, 0, 519]

 ### Operon type: 327

	 A0A010S195	[780, 0, 371, 208, 0, 0, 0, 0, 0]

 ### Operon type: 328

	 A0A010SCZ2	[0, 0, 0, 0, 0, 0, 0, 202, 0]

 ### Operon type: 329

	 A0A010SN41	[0, 0, 0, 0, 161, 0, 0, 0, 0]

 ### Operon type: 330

	 A0A010SSU2	[0, 0, 0, 0, 209, 0, -1, 772, 0]

 ### Operon type: 331

	 A0A010SUP6	[0, 0, 0, 0, 0, 0, 0, 208, 0]

 ### Operon type: 332

	 A0A010SUY9	[0, 0, 0, 0, 0, 578, 793, 0]

 ### Operon type: 333

	 A0A010THK2	[0, 0, -1, 0, 0, 625, 856, 0, 0]

 ### Operon type: 334

	 A0A010SRL4	[501, 0, 0, -1, 0, 0, 0, 856, 500]

 ### Operon type: 335

	 A0A010YX61	[528, 774, 0, 720, 0, 0, 0, 0, 0]

 ### Operon type: 336

	 A0A010S5W8	[0, 0, 585, 739, 0, 0, 0, 0, 0]

 ### Operon type: 337

	 A0A011NE37	[621, 0, 0, 0, 0, 0, 0, 0, 0]

 ### Operon type: 338

	 A0A011NF78	[0, 0, 729, 0, 0, 0, 0, 0, 0]

 ### Operon type: 339

	 A0A011NVE2	[0, 0, 0, 850, 0, 0, 670, 0, 245]

 ### Operon type: 340

	 A0A011NXJ4	[0, 0, 0, 0, 0, 0, 0, 0, 601]

 ### Operon type: 341

	 A0A011P8I1	[0, 0, 775, 774, 0, 0, 0, 0, 773]

 ### Operon type: 342

	 A0A011P9Q7	[830, 0, 0, 0, 0, 0, 0, 0, 0]

 ### Operon type: 343

	 A0A011PJ75	[0, 850, 849, 850, 0, 0, 0, 0, 0]

 ### Operon type: 344

	 A0A011PRB4	[0, 0, 0, 0, 0, 0, 0, 832, 0]

 ### Operon type: 345

	 A0A011QVT2	[717, 0, 0, 0, 0, 0, 0, 841, 0]

 ### Operon type: 346

	 A0A011RP14	[0, 0, 0, 0, 0, 0, 0, 200, 0]

 ### Operon type: 347

	 A0A011SM49	[670, 0, 200, 0, 0, 0, 15, 0, 0]

 ### Operon type: 348

	 A0A011AM27	[833, 0, 0, 0, 640, 0, 0, 0, 639]

 ### Operon type: 349

	 A0A011T607	[0, 0, 739, 0, 0, 0, 0, 0, 464]

 ### Operon type: 350

	 A0A011TAW2	[0, 0, 0, 0, 0, 0, 379, 0, 0]

 ### Operon type: 351

	 A0A011TED9	[0, 0, 0, 0, 0, 302, 0, 0, 0]

 ### Operon type: 352

	 A0A011TXS5	[0, 4, 0, 0, 0, 0, 0, 0, 0]

 ### Operon type: 353

	 A0A011U144	[0, 519, 0, 0, 0, 0, 601, 252, 0]

 ### Operon type: 354

	 A0A011U1C8	[777, 0, 0, 0, 0, 0, 0, 0, 641]

 ### Operon type: 355

	 A0A011U483	[0, 0, 0, 0, 0, 776, 0, 0, 0]

 ### Operon type: 356

	 A0A011UG86	[0, 782, 0, 0, 0, 275, 0, 0, 0]

 ### Operon type: 357

	 A0A011UQB5	[206, 146, 0, 0, 0, 0, 0, 135, 0]

 ### Operon type: 358

	 A0A011UVI5	[0, 0, 0, 0, 0, 628, 850, 850, 0]

 ### Operon type: 359

	 A0A011UWI3	[0, 0, 0, 0, 482, 0, 60, 780, 0]

 ### Operon type: 360

	 A0A011V5E6	[0, 0, 0, 0, 0, 256, 0, 0, 0]

 ### Operon type: 361

	 A0A011M4H6	[638, 0, 637, 0, 0, 0, 0, 0, 0]

 ### Operon type: 362

	 A0A011VSV3	[0, 0, 0, 0, 0, 0, 748, 0, 0]

 ### Operon type: 363

	 A0A011VWI0	[0, 0, 0, 0, 0, 195, 0, 0, 0]

 ### Operon type: 364

	 A0A011VZ91	[403, 0, 0, 0, 0, 0, 0, 0, 0]

 ### Operon type: 365

	 A0A011WP76	[0, 0, 0, 0, 0, 0, 0, 0, 723]

 ### Operon type: 366

	 A0A011WSD4	[0, 0, 0, -1, 0, 866, 0, 0, 421]

 ### Operon type: 367

	 A0A011WT35	[421, 0, 0, 0, 0, 0, 0, 0, 0]

 ### Operon type: 368

	 A0A013S843	[0, 543, 0, 0, 0, 0, -1, 444, 0]

 ### Operon type: 369

	 A0A013T5E6	[0, 0, 0, 218, 0, 0, 0, 0, 0]

 ### Operon type: 370

	 A0A009T185	[715, 0, 849, 849, 212, 850, 849, 211, 683]

 ### Operon type: 371

	 A0A010IN36	[73, 670, 0, 0, 212, 850, 849, 211, 683]

 ### Operon type: 372

	 A0A009PG43	[850, 849, 573, 841, 0, 211, 683, 0, 0]

 ### Operon type: 373

	 A0A009INE0	[73, 0, 0, 0, 0, 0, 0, 849, 211]

 ### Operon type: 374

	 A0A009T9H0	[0, 2, 781, -1, 0, 0, 514, 0, 261]

 ### Operon type: 375

	 A0A010THH5	[0, 630, 629, 628, 0, 0, 627, 0, 626]

 ### Operon type: 376

	 A0A011VZE3	[0, 0, 0, 674, 402, 0, 0, 0, 0]
	 A0A011WSH8	[0, 0, 0, 674, 402, 0, 0, 0, 0]

 ### Operon type: 377

	 A0A011NAF3	[0, 0, 0, 0, 0, 0, 674, 0, 843]

 ### Operon type: 378

	 A0A009IQ93	[58, 0, 674, 0, 0, 500, 0, 0, 0]

 ### Operon type: 379

	 A0A009Q8S9	[0, 0, 781, 372, 0, 74, 0, 0, 0]

 ### Operon type: 380

	 A0A009TLU4	[0, 4, -1, 21, 0, 381, 0, -1, -1]

 ### Operon type: 381

	 A0A009ZB47	[346, 473, 0, 0, 0, 866, 345, 0, 0]

 ### Operon type: 382

	 A0A009ZVR4	[305, 0, 774, 0, 0, 111, 0, 0, 347]

 ### Operon type: 383

	 A0A010JIN9	[345, 0, 0, 313, 557, 0, 0, 0, 0]

 ### Operon type: 384

	 A0A010S003	[704, 0, 0, 0, 0, 782, 782, 439, 0]

 ### Operon type: 385

	 A0A010SMN8	[0, -1, 368, 0, 442, 0, 0, 795, 0]

 ### Operon type: 386

	 A0A010SXS1	[0, 573, 0, 0, 0, 572, 0, 0, 841]

 ### Operon type: 387

	 A0A010T689	[639, -1, 627, 603, 0, 0, 0, 0, 0]

 ### Operon type: 388

	 A0A010TBB4	[0, 315, 0, 275, 0, 0, 0, 0, 777]

 ### Operon type: 389

	 A0A010YFK3	[0, 652, 0, 0, 0, 0, 642, 0, 641]

 ### Operon type: 390

	 A0A010YVY1	[440, 0, 440, 0, 0, 0, 0, 439, 0]

 ### Operon type: 391

	 A0A010ZSZ2	[0, 636, 0, 635, 634, 0, 0, 0, 0]

 ### Operon type: 392

	 A0A010Z0Y7	[0, 0, 0, 0, 634, 576, 0, 0, 0]

 ### Operon type: 393

	 A0A011A0M8	[0, 0, 856, 0, 387, 0, 0, 386, 386]

 ### Operon type: 394

	 A0A011NFL4	[0, 580, 0, 0, 586, 857, 0, 579, 0]

 ### Operon type: 395

	 A0A011P407	[0, 0, 779, 778, 0, 0, 777, 0, 776]

 ### Operon type: 396

	 A0A011QGT2	[674, 0, 0, 853, 852, 0, 0, 0, 0]

 ### Operon type: 397

	 A0A011QSA4	[732, 0, 731, 730, 0, 0, 0, 0, 729]

 ### Operon type: 398

	 A0A011T6J6	[0, 656, 0, 774, 0, 0, 148, 0, 339]

 ### Operon type: 399

	 A0A011TAL2	[0, 739, 0, 0, 0, 296, 0, 582, 0]

 ### Operon type: 400

	 A0A011TZG0	[856, 661, 0, 0, 0, 0, 0, 224, 0]

 ### Operon type: 401

	 A0A011UGY3	[116, 115, 256, 77, 0, 0, 0, 77, 0]

 ### Operon type: 402

	 A0A011UII7	[0, 0, 0, 0, 0, 245, 644, 0, 0]

 ### Operon type: 403

	 A0A011UNT9	[74, 183, 0, 0, 0, 0, 0, 0, 0]

 ### Operon type: 404

	 A0A011SIS0	[0, 696, 184, 184, 0, 0, 0, 183, 0]

 ### Operon type: 405

	 A0A011UT49	[0, 636, 0, 0, 0, 0, 573, 248, 0]

 ### Operon type: 406

	 A0A011VU65	[611, 0, 0, 0, 0, 642, 0, 748, 610]

 ### Operon type: 407

	 A0A011VV03	[0, 366, 0, 0, 203, 638, 0, 0, 0]

 ### Operon type: 408

	 A0A011VVZ9	[0, 0, -1, 0, 0, 202, 201, 201, 207]

 ### Operon type: 409

	 A0A011VWX7	[841, 418, 0, 0, 0, 0, 0, 417, 0]

 ### Operon type: 410

	 A0A011VXK7	[410, 410, 0, 618, 0, 0, 0, 658, 0]

 ### Operon type: 411

	 A0A011W0I6	[650, 0, 0, 0, 0, 868, 0, 613, 0]

 ### Operon type: 412

	 A0A010YEF6	[0, 650, 0, 0, 0, 0, 0, 0, 649]

 ### Operon type: 413

	 A0A013SQH1	[0, 0, 0, 0, 161, 804, 0, 480, 273]

 ### Operon type: 414

	 A0A009QJA8	[277, 129, 0, 0, 0, 0, 0, 0, 295]

 ### Operon type: 415

	 A0A009YL68	[0, 0, 777, 530, 526, 0, 0, 204, 0]

 ### Operon type: 416

	 A0A010JNG7	[480, 0, 0, 324, 0, 0, 0, 0, 0]

 ### Operon type: 417

	 A0A010RM40	[335, 674, 733, 0, 0, 0, 0, -1, 755]

 ### Operon type: 418

	 A0A010RRQ6	[0, 637, 0, 0, 0, 442, 319, 508, 0]

 ### Operon type: 419

	 A0A010S423	[148, 0, 0, 0, 0, 0, 0, 60, 199]

 ### Operon type: 420

	 A0A010T0I7	[0, 0, 649, 0, 0, 775, 731, 674, 0]

 ### Operon type: 421

	 A0A010ZUR7	[366, 365, 0, 365, 0, 364, 439, 0, 0]

 ### Operon type: 422

	 A0A011NA78	[0, 329, 0, 0, 0, 744, 0, 0, 755]

 ### Operon type: 423

	 A0A011P8W7	[859, 779, 841, 0, 772, 0, 0, 0, 0]

 ### Operon type: 424

	 A0A011PG97	[795, 0, 0, 794, 0, 0, 0, 0, 0]

 ### Operon type: 425

	 A0A011PKT4	[0, 804, 0, 0, 0, 0, 803, 0, 0]

 ### Operon type: 426

	 A0A011PLB2	[0, 859, 0, 858, 0, 0, 0, 0, 0]

 ### Operon type: 427

	 A0A011R339	[0, 0, 0, 0, 0, 0, 36, 35, 0]

 ### Operon type: 428

	 A0A011SFE5	[0, 0, 0, 410, 0, 0, 580, 778, 206]

 ### Operon type: 429

	 A0A011SJT5	[0, 0, 0, 207, 182, 182, 182, 182, 182]

 ### Operon type: 430

	 A0A011TDQ5	[0, 0, 0, 0, 575, 870, 0, 0, 0]

 ### Operon type: 431

	 A0A011VT01	[0, 0, 592, 0, 0, 592, 0, 0, 591]

 ### Operon type: 432

	 A0A009Z3V9	[674, 0, 0, 0, 0, 436, 854, 437, 438]

 ### Operon type: 433

	 A0A010SRB2	[381, 380, 0, 0, 0, 380, 388, 0, 0]

 ### Operon type: 434

	 A0A010KA25	[345, 0, 627, 552, 114, 0, 0, 345, 547]

 ### Operon type: 435

	 A0A011TZN1	[67, 66, 65, 0, 559, 0, 0, 0, 0]

 ### Operon type: 436

	 A0A011VJ76	[249, 249, 248, 579, 0, 674, 856, 0, 779]

 ### Operon type: 437

	 A0A011UG17	[422, 0, 404, 0, 142, 611, 0, 0, 0]

 ### Operon type: 438

	 A0A011WUA8	[693, 0, 0, 420, 0, 0, 0, 419, 419]

 ### Operon type: 439

	 A0A010S4X6	[0, 576, 733, 782, 495, 0, 583, 867, 625]

 ### Operon type: 440

	 A0A010YY02	[0, 338, 0, 0, 338, 735, 337, 0, 336]
