
 ### Operon type: 1

	 A0A011PVT3	[682, 681, 680, 679, 678, 677, 676, 675, 674]
	 A0A011R7V7	[682, 681, 680, 679, 678, 677, 676, 675, 674]
	 A0A011MET3	[682, 681, 680, 679, 678, 677, 676, 675, 674]

 ### Operon type: 2

	 A0A011UIA1	[145, 144, 143, 142, 141, 140, 139, 138, 0]
	 A0A011V5V3	[0, 145, 144, 143, 142, 141, 140, 139, 138]

 ### Operon type: 3

	 A0A011PTE7	[652, 651, 650, 649, 648, 0, 647, 646, 645]
	 A0A011NE72	[652, 651, 650, 649, 648, 647, 646, 645, 0]

 ### Operon type: 4

	 A0A011NEY3	[434, 601, 600, 599, 599, 598, 597, 596, 0]

 ### Operon type: 5

	 A0A011PAN4	[601, 600, 0, 599, 599, 598, 597, 596, 595]

 ### Operon type: 6

	 A0A011RCD5	[434, 601, 600, 599, 599, 598, 597, 596, 595]

 ### Operon type: 7

	 A0A010JSI3	[482, 481, 480, 479, 478, 477, 476, 475, 0]
	 A0A009HDS5	[482, 481, 480, 479, 478, 477, 476, 475, 0]
	 A0A013T0M4	[482, 481, 480, 479, 478, 477, 476, 475, 0]
	 A0A009RGL2	[0, 481, 480, 479, 478, 477, 476, 475, 0]

 ### Operon type: 8

	 A0A011PF67	[591, 590, 589, 588, 587, 0, 0, 0, 0]
	 A0A011NW66	[591, 590, 589, 588, 587, 498, 0, 0, 0]
	 A0A011NBX7	[591, 590, 589, 588, 587, 498, 0, 0, 0]

 ### Operon type: 9

	 A0A011NS68	[591, 590, 589, 588, 587, 492, 491, 502, 546]
	 A0A011RHX4	[591, 590, 589, 588, 587, 492, 491, 502, 0]

 ### Operon type: 10

	 A0A010JY00	[345, 298, 297, 296, 526, 612, 295, 644, 294]

 ### Operon type: 11

	 A0A013TH30	[298, 297, 296, 136, 135, 612, 295, 644, 294]

 ### Operon type: 12

	 A0A011QAS2	[0, 567, 566, 565, 564, 563, 562, 561, 560]
	 A0A011NEQ1	[0, 567, 566, 565, 564, 563, 562, 561, 560]

 ### Operon type: 13

	 A0A011QSF0	[0, 634, 633, 632, 631, 630, 629, 605, 0]
	 A0A011QBB5	[635, 634, 633, 632, 631, 630, 629, 605, 579]
	 A0A011Q0X6	[635, 634, 633, 632, 631, 630, 629, 605, 579]
	 A0A011Q1X8	[634, 0, 633, 632, 631, 630, 629, 605, 579]

 ### Operon type: 14

	 A0A011PG87	[635, 634, 633, 632, 631, 630, 629, 0, 0]

 ### Operon type: 15

	 A0A010K6G6	[290, 289, 381, 288, 287, 286, 285, 0, 284]
	 A0A013SP43	[290, 289, 381, 288, 287, 286, 285, 115, 284]
	 A0A009RUN3	[290, 289, 381, 288, 287, 286, 285, 115, 284]

 ### Operon type: 16

	 A0A009HR98	[0, 0, 227, 106, 225, 0, 0, 0, 105]
	 A0A009SZB5	[0, 0, 227, 106, 225, 0, 0, 0, 105]

 ### Operon type: 17

	 A0A009Z8F7	[228, 227, 226, 0, 225, 224, 224, 0, 0]

 ### Operon type: 18

	 A0A011QIT1	[661, 660, 659, 658, 657, 656, 655, 654, 653]
	 A0A011QUG8	[661, 660, 659, 658, 657, 656, 0, 655, 654]

 ### Operon type: 19

	 A0A011PL71	[693, 692, 691, 690, 689, 688, 687, 686, 0]
	 A0A011QAB0	[692, 691, 690, 0, 689, 688, 687, 686, 0]

 ### Operon type: 20

	 A0A011PIY7	[642, 0, 641, 640, 639, 638, 637, 0, 636]

 ### Operon type: 21

	 A0A011Q3J4	[0, 642, 641, 640, 639, 638, 637, 621, 0]

 ### Operon type: 22

	 A0A011MH88	[506, 642, 641, 640, 639, 638, 637, 621, 636]

 ### Operon type: 23

	 A0A009QBR9	[0, 0, 411, 314, 410, 0, 0, 406, 130]
	 A0A009TM70	[0, 412, 411, 314, 410, 0, 0, 406, 130]

 ### Operon type: 24

	 A0A010ILU3	[413, 412, 411, 0, 410, 409, 408, 407, 406]
	 A0A009MW50	[0, 412, 411, 314, 410, 409, 0, 407, 406]
	 A0A009QS71	[413, 412, 411, 314, 410, 409, 0, 407, 406]
	 A0A009H3B0	[0, 412, 411, 0, 410, 409, 408, 407, 406]

 ### Operon type: 25

	 A0A009I8S2	[0, 0, 411, 314, 410, 409, 407, 406, 130]

 ### Operon type: 26

	 A0A009ZFR5	[530, 529, 528, 527, 526, 525, 524, 523, 644]
	 A0A009ICH6	[530, 529, 528, 527, 526, 525, 524, 523, 644]

 ### Operon type: 27

	 A0A009GP96	[0, 58, 673, 168, 283, 49, 427, 57, 56]

 ### Operon type: 28

	 A0A009GSR4	[168, 283, 49, 427, 57, 56, 56, 55, 0]

 ### Operon type: 29

	 A0A009IIT6	[58, 673, 168, 283, 57, 56, 56, 55, 0]

 ### Operon type: 30

	 A0A009IS10	[165, 0, 0, 0, 81, 80, 79, 0, 0]

 ### Operon type: 31

	 A0A009QHW5	[0, 0, 0, 413, 81, 80, 79, 0, 223]

 ### Operon type: 32

	 A0A011UVB4	[0, 0, 0, 166, 0, 0, 165, 0, 164]

 ### Operon type: 33

	 A0A011TLH7	[444, 443, 442, 0, 0, 0, 0, 0, 0]
	 A0A011UG87	[442, 443, 444, 0, 0, 0, 0, 0, 0]

 ### Operon type: 34

	 A0A011QIE8	[668, 667, 666, 665, 664, 663, 662, 0, 0]
	 A0A011QDV3	[668, 667, 666, 665, 664, 663, 580, 0, 662]

 ### Operon type: 35

	 A0A011NYU6	[576, 575, 0, 574, 718, 454, 453, 0, 573]

 ### Operon type: 36

	 A0A011PYI6	[576, 575, 0, 574, 718, 573, 572, 571, 0]

 ### Operon type: 37

	 A0A011P1C0	[0, 0, 454, 453, 573, 0, 0, 0, 0]

 ### Operon type: 38

	 A0A011PP01	[722, 721, 720, 0, 0, 0, 0, 0, 0]
	 A0A011NVE7	[722, 721, 720, 0, 0, 0, 0, 0, 0]

 ### Operon type: 39

	 A0A013TH43	[126, 0, 0, 0, 125, 124, 123, 0, 280]
	 A0A009RAF0	[126, 0, 0, 0, 125, 124, 123, 0, 280]

 ### Operon type: 40

	 A0A013S8V2	[348, 347, 0, 0, 0, 346, 0, 0, 0]
	 A0A009R8E1	[0, 452, 0, 348, 347, 0, 0, 346, 0]

 ### Operon type: 41

	 A0A009QFZ7	[193, 192, 0, 0, 510, 0, 191, 190, 0]
	 A0A009TK03	[193, 192, 0, 0, 510, 0, 191, 190, 0]

 ### Operon type: 42

	 A0A013SPM5	[193, 192, 512, 511, 510, 134, 191, 190, 0]
	 A0A010IX62	[193, 192, 512, 511, 510, 0, 191, 190, 0]
	 A0A009HSL1	[193, 192, 512, 511, 510, 0, 191, 190, 0]
	 A0A009MH71	[193, 192, 0, 511, 510, 134, 191, 190, 0]

 ### Operon type: 43

	 A0A009I6Z0	[193, 192, 0, 511, 510, 0, 191, 190, 508]

 ### Operon type: 44

	 A0A009ZIX8	[0, 513, 512, 511, 510, 509, 0, 508, 0]

 ### Operon type: 45

	 A0A009I573	[52, 0, 61, 62, 0, 63, 157, 128, 129]

 ### Operon type: 46

	 A0A009ILP9	[127, 0, 129, 128, 157, 63, 154, 62, 61]

 ### Operon type: 47

	 A0A009I953	[127, 0, 129, 128, 157, 63, 154, 0, -1]

 ### Operon type: 48

	 A0A009IPC3	[159, 158, 0, 0, 157, 156, 155, 0, 154]
	 A0A009QEG7	[159, 158, 0, 0, 157, 156, 155, 0, 154]

 ### Operon type: 49

	 A0A009SX74	[627, 546, 0, 62, 154, 127, 158, 159, 0]

 ### Operon type: 50

	 A0A010JWJ1	[0, 112, 673, 0, 198, 197, 196, 195, 0]
	 A0A009I4A1	[0, 112, 673, 0, 198, 197, 196, 195, 0]

 ### Operon type: 51

	 A0A009QF22	[201, 200, 199, 0, 198, 197, 196, 195, 194]
	 A0A009TBY8	[201, 200, 199, 68, 198, 197, 196, 195, 194]

 ### Operon type: 52

	 A0A009ITT8	[86, 85, 84, 161, 160, 83, 93, 92, 91]

 ### Operon type: 53

	 A0A009NJ90	[86, 85, 84, 161, 0, 96, 83, 93, 92]

 ### Operon type: 54

	 A0A009HZK2	[162, 161, 160, 0, 0, 0, 0, 0, 0]

 ### Operon type: 55

	 A0A009IJ07	[114, 113, 162, 161, 160, 0, 0, 0, 0]

 ### Operon type: 56

	 A0A009S6G1	[114, 113, 162, 161, 160, 93, 92, 91, 90]

 ### Operon type: 57

	 A0A009S5A5	[160, 96, 83, 93, 92, 91, 64, 45, 90]

 ### Operon type: 58

	 A0A009QNC9	[314, 237, 236, 235, 234, 233, 232, 673, 665]
	 A0A013TCN9	[314, 237, 236, 235, 234, 233, 232, 673, 665]
	 A0A010ITG1	[314, 237, 236, 235, 234, 233, 232, 673, 665]
	 A0A009NIJ3	[314, 237, 236, 235, 234, 233, 232, 673, 665]
	 A0A013TRC1	[314, 237, 236, 235, 234, 233, 232, 673, 665]

 ### Operon type: 59

	 A0A009H935	[0, 0, 236, 235, 234, 233, 232, 673, 665]

 ### Operon type: 60

	 A0A009PJF7	[376, 375, 375, 374, 373, 372, 371, 370, 369]
	 A0A009SJZ7	[166, 376, 375, 374, 373, 372, 371, 370, 369]

 ### Operon type: 61

	 A0A009Z5G0	[372, 374, 375, 0, 256, 376, 166, 316]

 ### Operon type: 62

	 A0A010JJC1	[458, 420, 419, 418, 417, 416, 415, 426, 414]
	 A0A010IZ41	[420, 419, 418, 417, 416, 415, 426, 414, 381]

 ### Operon type: 63

	 A0A009QJL6	[458, 420, 419, 418, 0, 414, 381, 34, 0]

 ### Operon type: 64

	 A0A011P2I4	[688, 622, 641, 0, 0, 0, 0, 0, 0]
	 A0A011N9N8	[688, 622, 641, 0, 0, 0, 0, 0, 0]

 ### Operon type: 65

	 A0A009PIB4	[0, 0, 0, 178, 177, 176, 427, 673, 688]
	 A0A009SLR5	[0, 0, 0, 178, 177, 176, 427, 673, 688]

 ### Operon type: 66

	 A0A009HSU4	[0, 0, 448, 673, 0, 622, 544, 688, 427]

 ### Operon type: 67

	 A0A011SF89	[464, 463, 462, 0, 0, 0, 0, 0, 0]

 ### Operon type: 68

	 A0A011UCX7	[0, 692, 464, 463, 0, 462, 153, 0, 0]

 ### Operon type: 69

	 A0A011NYT4	[541, 540, 539, 538, 0, 490, 490, 489, 488]

 ### Operon type: 70

	 A0A011P8E9	[0, 0, 541, 540, 0, 539, 538, 0, 0]

 ### Operon type: 71

	 A0A010TF34	[0, -1, 0, 0, 22, 21, 20, 19, 18]
	 A0A010SYH9	[22, 21, 20, 19, 18, 0, 0, 0, 0]

 ### Operon type: 72

	 A0A010S7A1	[29, 28, 27, 77, 0, 26, 0, 0, 0]
	 A0A010TFJ4	[0, -1, 0, 29, 28, 27, 77, -1, 26]

 ### Operon type: 73

	 A0A009ICP5	[265, 332, 264, 263, 262, 0, 0, 260, 0]

 ### Operon type: 74

	 A0A009MMG9	[265, 332, 264, 263, 262, 0, 261, 260, 282]

 ### Operon type: 75

	 A0A009QLL2	[0, 121, 120, 0, 262, 0, 0, 260, 0]
	 A0A009HTW0	[0, 121, 120, 0, 262, 0, 0, 260, 0]

 ### Operon type: 76

	 A0A009SIV4	[118, 121, 120, 41, 262, 40, 0, 260, 282]

 ### Operon type: 77

	 A0A013TSJ4	[121, 120, 0, 41, 262, 0, 0, 260, 282]

 ### Operon type: 78

	 A0A009Z3V9	[673, 0, 0, 0, 0, 120, 447, 121, 118]

 ### Operon type: 79

	 A0A009T0Q9	[0, 0, 0, 0, 78, 338, 506, 673, 38]

 ### Operon type: 80

	 A0A009YJF4	[0, 489, 488, 15, 69, 506, 673, 0, 38]

 ### Operon type: 81

	 A0A009PAV9	[219, -1, 264, 218, 382, 427, 217, 216, 215]
	 A0A009HJC2	[219, 665, 264, 218, 382, 427, 217, 216, 215]

 ### Operon type: 82

	 A0A009SE02	[0, 215, 0, 0, 0, 216, 217, 427, 382]

 ### Operon type: 83

	 A0A011QNA5	[0, 710, 709, 708, 0, 707, 706, 705, 704]
	 A0A009ZLJ7	[704, 705, 706, 707, 0, 0, 710, 709, 708]

 ### Operon type: 84

	 A0A009QMH5	[707, 706, 705, 704, 405, 404, 305, 403, 304]
	 A0A009HAX1	[707, 706, 705, 704, 405, 404, 305, 403, 304]
	 A0A013T0T6	[707, 706, 705, 704, 405, 404, 305, 403, 304]

 ### Operon type: 85

	 A0A010ILW6	[707, 706, 705, 704, 405, 404, 0, 0, 403]

 ### Operon type: 86

	 A0A009Z9X7	[706, 705, 704, 0, 405, 0, 617, 0, 403]

 ### Operon type: 87

	 A0A009PE10	[0, 0, 0, 704, 405, 211, 305, 403, -1]

 ### Operon type: 88

	 A0A009HS41	[544, 530, 581, 380, 379, 673, 673, 378, 377]
	 A0A009RSB7	[544, 530, 581, 380, 379, 673, 673, 378, 377]
	 A0A009SYU8	[544, 530, 581, 380, 379, 673, 673, 378, 377]

 ### Operon type: 89

	 A0A013SHA9	[544, 530, 581, 380, 368, 673, 673, 378, 377]
	 A0A010IT25	[544, 530, 581, 380, 368, 673, 673, 378, 377]
	 A0A009I466	[544, 530, 581, 380, 368, 673, 673, 378, 377]

 ### Operon type: 90

	 A0A009NMQ9	[544, 530, 581, 380, 368, 0, 673, 673, 378]

 ### Operon type: 91

	 A0A009P8A9	[0, 0, 581, 380, 379, 673, 673, 378, 377]

 ### Operon type: 92

	 A0A011PGU1	[0, 0, 626, 699, 698, 697, 625, 624, 623]
	 A0A011MDH1	[485, 0, 626, 699, 698, 697, 625, 624, 623]

 ### Operon type: 93

	 A0A011V0P4	[433, 387, 0, 0, 386, 0, 0, 456, 455]

 ### Operon type: 94

	 A0A011WPV7	[456, 455, 0, 0, 0, 0, 0, 0, 0]

 ### Operon type: 95

	 A0A011RNP9	[0, 0, 0, 0, 0, 471, 687, 0, 0]

 ### Operon type: 96

	 A0A011V0B5	[467, 0, 0, 0, 0, 0, 471, 0, 0]

 ### Operon type: 97

	 A0A011RQC9	[0, 467, 466, 0, 0, 0, 0, 465, 0]

 ### Operon type: 98

	 A0A011QG28	[701, 700, 699, 0, 698, 697, 696, 695, 694]
	 A0A011RIM8	[701, 700, 0, 0, 698, 697, 696, 695, 694]

 ### Operon type: 99

	 A0A011PHI6	[548, 0, 670, 0, 0, 669, 658, 547, 0]

 ### Operon type: 100

	 A0A011QI68	[0, 0, 670, 669, 0, 0, 0, 0, 0]

 ### Operon type: 101

	 A0A011P700	[0, 0, 604, 603, 0, 0, 0, 0, 0]

 ### Operon type: 102

	 A0A011QSI4	[0, 0, 604, 603, 602, 0, 0, 0, 0]

 ### Operon type: 103

	 A0A011NVJ6	[500, 553, 552, 551, 550, 549, 0, 0, 499]

 ### Operon type: 104

	 A0A011PVP2	[0, 553, 552, 551, 550, 549, 0, 0, 682]

 ### Operon type: 105

	 A0A011NXY7	[0, 0, 552, 0, 550, 0, 0, 0, 0]

 ### Operon type: 106

	 A0A011QR69	[616, 615, 644, 614, 613, 612, 0, 0, 0]
	 A0A011NUB4	[616, 615, 644, 614, 613, 612, 0, 484, 0]

 ### Operon type: 107

	 A0A011NN36	[615, 644, 0, 0, 613, 612, 0, 0, 0]

 ### Operon type: 108

	 A0A011PK69	[644, 684, 0, 0, 613, 612, 0, 0, 0]

 ### Operon type: 109

	 A0A011NYD6	[558, 712, 711, 496, 495, 557, 556, 555, 554]
	 A0A011RMI6	[558, 712, 711, 496, 495, 557, 556, 555, 554]

 ### Operon type: 110

	 A0A011QB28	[559, 558, 712, 0, 0, 557, 556, 555, 554]

 ### Operon type: 111

	 A0A011NF33	[0, 557, 556, 0, 0, 0, 0, 0, 0]

 ### Operon type: 112

	 A0A011NBY4	[246, 0, 0, 245, 0, 0, 244, 0, 0]

 ### Operon type: 113

	 A0A011WRT0	[246, 0, 0, 0, 0, 0, 0, 571, 0]

 ### Operon type: 114

	 A0A011SHV5	[0, 0, 0, 0, 0, 459, 571, 458, 0]

 ### Operon type: 115

	 A0A011NB95	[0, 619, 0, 0, 0, 0, 264, 248, 247]

 ### Operon type: 116

	 A0A011UHT4	[34, 133, 248, 0, 0, 24, 24, 247, 0]

 ### Operon type: 117

	 A0A010Z1W7	[0, 0, 0, 0, 0, 48, 0, 429, 430]

 ### Operon type: 118

	 A0A011VY84	[0, 0, 430, 429, 0, 0, 0, 0, 0]

 ### Operon type: 119

	 A0A010YW85	[0, 0, 0, 0, 0, 390, 0, 429, 430]

 ### Operon type: 120

	 A0A010ZMA0	[429, 266, 0, 0, 0, 0, 0, 0, 0]

 ### Operon type: 121

	 A0A011N5L2	[0, 0, 0, 266, 0, 349, 421, 0, 0]

 ### Operon type: 122

	 A0A010SQJ5	[317, 263, 0, 440, 439, 438, 0, 0, 0]

 ### Operon type: 123

	 A0A010STD3	[0, 0, 0, 440, 439, 438, 0, 378, 311]

 ### Operon type: 124

	 A0A011TD67	[441, 0, 0, 440, 439, 438, 437, 0, 436]

 ### Operon type: 125

	 A0A009ZC12	[0, 0, 0, 440, 0, 438, 437, 221, 607]

 ### Operon type: 126

	 A0A010RFQ9	[0, 0, 517, 0, 474, 0, 0, 0, 0]

 ### Operon type: 127

	 A0A010SPR9	[12, 12, 0, 0, 0, 474, 0, 0, 0]

 ### Operon type: 128

	 A0A013S288	[0, 0, 0, 329, 382, 328, 327, 0, 326]
	 A0A010J3I1	[0, 0, 0, 329, 382, 328, 327, 0, 326]

 ### Operon type: 129

	 A0A009PWG1	[400, 269, 268, 329, 382, 328, 327, 267, 326]
	 A0A013SXT2	[400, 269, 268, 329, 382, 328, 327, 267, 326]

 ### Operon type: 130

	 A0A009ZJK4	[0, 0, 0, 0, 0, 0, 530, 507, 0]

 ### Operon type: 131

	 A0A010SVN1	[-1, 507, 673, 258, 389, 0, 0, 530, 0]

 ### Operon type: 132

	 A0A009SF48	[325, 0, 323, 0, 321, -1, 203, 571, 202]
	 A0A009IMX3	[325, 0, 323, 0, 321, 203, 203, 571, 202]

 ### Operon type: 133

	 A0A009QEX0	[325, 324, 323, 322, 321, 203, 203, 571, 202]

 ### Operon type: 134

	 A0A013S7V1	[325, 324, 323, 322, 321, 320, 530, 319, 318]
	 A0A009MR00	[325, 324, 323, 322, 321, 320, 530, 319, 318]
	 A0A010ISX2	[325, 324, 323, 322, 321, 320, 530, 319, 318]
	 A0A009RES7	[325, 324, 323, 322, 321, 320, 530, 319, 318]

 ### Operon type: 135

	 A0A009GYP9	[0, 0, 0, 322, 321, 320, 530, 319, 318]

 ### Operon type: 136

	 A0A009YTT3	[0, 0, 0, 0, 0, 0, 530, 319, 318]

 ### Operon type: 137

	 A0A009PFK7	[210, 209, 208, 207, 206, 0, 0, 205, 0]
	 A0A009QGN4	[210, 209, 208, 207, 206, 205, 0, 0, 0]

 ### Operon type: 138

	 A0A009YR20	[0, 205, 0, 0, 0, 0, 209, 0, 0]

 ### Operon type: 139

	 A0A013SB36	[344, 343, 342, 341, 340, 0, 488, 339, 338]
	 A0A009QSI3	[344, 343, 342, 341, 340, 0, 488, 339, -1]

 ### Operon type: 140

	 A0A010ITP2	[344, 343, 342, 341, 340, 0, 488, 0, 0]

 ### Operon type: 141

	 A0A009SII9	[-1, 343, 342, 341, 0, 0, 0, 0, 78]

 ### Operon type: 142

	 A0A009HZV2	[0, 0, 0, 0, 231, 230, 96, 0, 0]

 ### Operon type: 143

	 A0A009QPE7	[0, 0, 0, 0, 231, 230, 0, 0, 0]

 ### Operon type: 144

	 A0A009GXL8	[72, 71, 70, 0, 69, 68, 272, 271, 270]

 ### Operon type: 145

	 A0A010JIW7	[72, 71, 70, 0, 69, 0, 0, 272, 271]

 ### Operon type: 146

	 A0A009MGR3	[0, 0, 107, 0, 214, 45, 39, 213, 212]

 ### Operon type: 147

	 A0A009Q4G0	[0, 108, 107, 0, 214, 0, 213, 212, 213]

 ### Operon type: 148

	 A0A009PUJ8	[0, 274, 0, 0, 0, 273, 272, 271, 270]

 ### Operon type: 149

	 A0A009QJA8	[271, 270, 0, 0, 0, 0, 0, 0, 0]

 ### Operon type: 150

	 A0A009PB53	[0, 0, 274, 0, 0, 213, 212, 213, 273]

 ### Operon type: 151

	 A0A013RZW2	[530, 330, 0, 384, 383, 382, 381, 0, 0]
	 A0A009RD69	[530, 330, 0, 384, 383, 382, 381, 122, 0]
	 A0A013SNJ8	[530, 0, 0, 384, 383, 382, 381, 0, 0]
	 A0A010J9U3	[530, 0, 0, 384, 383, 382, 381, 0, 0]
	 A0A009SIZ4	[530, 330, 0, 384, 383, 0, 381, 122, 0]

 ### Operon type: 152

	 A0A009PH20	[0, 0, 406, 384, 383, 382, 381, 0, 0]
	 A0A009IV03	[0, 0, 406, 384, 383, 0, 381, 0, 0]

 ### Operon type: 153

	 A0A009YIZ0	[530, 330, 406, 384, 383, 382, 381, 122, 163]

 ### Operon type: 154

	 A0A009QA91	[132, 131, 544, 673, 366, 366, 229, 350, 258]
	 A0A010J377	[132, 131, 544, 673, 366, 366, 229, 350, 258]

 ### Operon type: 155

	 A0A009MVG4	[259, 0, 367, 673, 366, 366, 0, 350, 258]
	 A0A009QQC0	[0, 0, 259, 673, 366, 366, 0, 350, 258]

 ### Operon type: 156

	 A0A009H7I0	[0, 0, 0, 673, 366, 366, 229, 350, 258]

 ### Operon type: 157

	 A0A009S1X4	[132, 131, 544, 673, 366, 366, 673, 0, 46]

 ### Operon type: 158

	 A0A013SHF4	[0, 0, 367, 673, 366, 366, 0, 365, 0]

 ### Operon type: 159

	 A0A009H7U0	[185, 696, 0, 184, 183, 431, 182, 0, 0]

 ### Operon type: 160

	 A0A010IMP8	[185, 0, 0, 184, 183, 431, 182, 0, 181]

 ### Operon type: 161

	 A0A013SZ54	[185, 0, 435, 184, 183, 0, 0, 0, 0]

 ### Operon type: 162

	 A0A009ZM43	[-1, 696, 435, 184, 183, 431, 182, 51, 181]

 ### Operon type: 163

	 A0A009YSC7	[0, 0, 244, 1, 0, 1, 313, 312, 0]

 ### Operon type: 164

	 A0A013RVV2	[314, 0, 313, 312, 0, 0, 0, 311, 0]

 ### Operon type: 165

	 A0A011Q5S3	[653, 537, 0, 0, 0, 0, 536, 535, 534]

 ### Operon type: 166

	 A0A011UZZ4	[0, 536, 535, 0, 0, 0, 388, 388, 534]

 ### Operon type: 167

	 A0A010YKP2	[0, 0, 0, 0, 0, 0, 499, 385, 0]

 ### Operon type: 168

	 A0A011V1A2	[387, 0, 0, 385, 0, 0, 0, 0, 0]

 ### Operon type: 169

	 A0A011Q2B1	[0, 0, 0, 0, 0, 570, 569, 568, 593]

 ### Operon type: 170

	 A0A011RLN8	[0, 0, 0, 542, 594, 570, 569, 568, 593]

 ### Operon type: 171

	 A0A011NGS0	[0, 0, 0, 0, 578, 583, 0, 0, 0]

 ### Operon type: 172

	 A0A011PW61	[0, 0, 0, 0, 578, 583, 0, 0, 577]

 ### Operon type: 173

	 A0A011UXI1	[0, 610, 0, 0, 578, 583, 360, 0, 0]

 ### Operon type: 174

	 A0A011SWI9	[-1, -1, 0, 548, 578, 583, 360, -1, -1]

 ### Operon type: 175

	 A0A011P952	[583, 0, 582, 0, 0, 582, 0, 0, 0]

 ### Operon type: 176

	 A0A011NSG8	[0, 0, 0, 547, 487, 486, 0, 487, 0]

 ### Operon type: 177

	 A0A011P0X4	[0, 0, 485, 0, 487, 0, 0, 486, 452]

 ### Operon type: 178

	 A0A009MJ75	[0, 0, 171, 170, 169, 0, 0, 0, 168]

 ### Operon type: 179

	 A0A010IH51	[0, 282, 0, 0, 169, 0, 168, 0, 0]

 ### Operon type: 180

	 A0A010YNY9	[0, 0, 75, 74, 0, 0, 0, 0, 116]

 ### Operon type: 181

	 A0A011AC71	[46, 0, 0, 401, 0, 75, 74, 0, 544]

 ### Operon type: 182

	 A0A011QLX0	[0, 714, 0, 0, 713, 0, 712, 711, 0]
	 A0A011PRW6	[714, 0, 0, 0, 713, 712, 711, 0, 0]

 ### Operon type: 183

	 A0A010SML6	[0, 712, 711, -1, 0, 546, 0, 0, 0]

 ### Operon type: 184

	 A0A009P817	[175, 0, 0, 0, 174, 0, 392, 173, 172]

 ### Operon type: 185

	 A0A009TIY0	[0, 0, 0, 0, 174, 0, 392, 173, 0]

 ### Operon type: 186

	 A0A009QKA3	[392, 173, 0, 172, 0, 0, 0, 0, 210]

 ### Operon type: 187

	 A0A009S854	[-1, 0, 0, 519, 518, 0, 0, 0, 514]

 ### Operon type: 188

	 A0A013RMD0	[-1, 0, 520, 0, 518, 517, 0, 0, 514]

 ### Operon type: 189

	 A0A009HFU9	[0, 50, 0, 0, 522, 427, 0, 0, 0]
	 A0A009R016	[0, 50, 0, 0, 522, -1, 427, 0, 0]

 ### Operon type: 190

	 A0A009HSR2	[0, 99, 98, 0, 97, 307, 308, 96, 309]

 ### Operon type: 191

	 A0A009SWM1	[0, 99, 98, 0, 97, 0, 0, 308, 0]

 ### Operon type: 192

	 A0A009MYX0	[310, 309, 0, 448, 0, 0, 308, 307, 306]

 ### Operon type: 193

	 A0A009QK79	[0, 0, 306, 307, 0, 308, 0, 0, 309]

 ### Operon type: 194

	 A0A009GXJ1	[147, 146, 307, 308, 73, 96, 309, 310, 0]

 ### Operon type: 195

	 A0A009QT77	[0, 0, -1, 427, 303, 302, 301, 300, 299]
	 A0A009PRQ9	[0, 427, 186, 0, 303, 302, 301, 300, 299]
	 A0A010IT95	[0, 0, 0, 427, 303, 302, 301, 300, 299]
	 A0A013TKW8	[0, 702, 0, 427, 303, 302, 301, 300, 299]
	 A0A009GWD0	[96, 0, 0, 427, 303, 302, 301, 300, 299]
	 A0A009S0T6	[0, 0, 427, 186, 303, 302, 301, 300, 299]
	 A0A009I5G9	[0, 0, 427, 186, 303, 302, 301, 300, 299]
	 A0A009MH36	[0, 0, 0, 427, 303, 302, 301, 300, 299]

 ### Operon type: 196

	 A0A013TMJ7	[665, -1, 0, 427, 303, 300, 299, 0, 0]

 ### Operon type: 197

	 A0A009I8I7	[189, 425, 424, 42, 423, 422, 0, 538, 36]
	 A0A009HJJ5	[189, 425, 424, 0, 423, 422, 0, 538, 36]

 ### Operon type: 198

	 A0A010JJN4	[0, 425, 424, 0, 423, 422, 0, 538, 421]
	 A0A009PMT3	[189, 425, 424, 0, 423, 422, 188, 538, 421]
	 A0A013TPR7	[189, 425, 424, 0, 423, 422, 0, 538, 421]
	 A0A009RMI1	[0, 425, 424, 0, 423, 422, 0, 538, 0]
	 A0A009YG45	[0, 189, 425, 424, 423, 0, 422, 188, 538]

 ### Operon type: 199

	 A0A009SEP4	[189, 425, 424, 42, 423, 0, 422, 188, 0]

 ### Operon type: 200

	 A0A009NI48	[189, 425, 424, 0, 423, 0, 0, 0, -1]

 ### Operon type: 201

	 A0A011WLE7	[0, 0, 0, 0, 0, 457, 0, 0, 0]
	 A0A011VU44	[0, 0, 0, 0, 0, 457, 0, 0, 0]

 ### Operon type: 202

	 A0A011VAP2	[0, 0, 30, 0, 0, 0, 0, 0, 103]

 ### Operon type: 203

	 A0A011VRJ8	[0, 0, 0, 0, 0, 0, 30, 0, 0]

 ### Operon type: 204

	 A0A011RNU1	[0, 0, 0, 0, 0, 0, 470, 470, 469]

 ### Operon type: 205

	 A0A011VKJ9	[0, 0, 0, 0, 0, 0, 469, 470, -1]

 ### Operon type: 206

	 A0A011V490	[0, 398, 0, 0, 0, 0, 0, 0, 0]
	 A0A011WT35	[398, 0, 0, 0, 0, 0, 0, 0, 0]

 ### Operon type: 207

	 A0A009T185	[615, 0, 643, 643, 179, 644, 643, 278, 549]

 ### Operon type: 208

	 A0A010IN36	[180, 665, 0, 0, 179, 644, 643, 278, 549]

 ### Operon type: 209

	 A0A009PG43	[644, 643, 204, 723, 0, 278, 549, 0, 0]

 ### Operon type: 210

	 A0A011PQZ7	[0, 0, 0, 719, 718, 0, 717, 0, 0]

 ### Operon type: 211

	 A0A011TUX4	[0, 0, 0, 0, 718, 0, 0, 717, 0]

 ### Operon type: 212

	 A0A011STZ9	[0, 0, 0, 717, 0, 0, 0, 0, 0]

 ### Operon type: 213

	 A0A011PRF5	[715, 0, 0, 0, 0, 0, 0, 0, 0]
	 A0A011PUJ9	[0, 0, 0, 0, 0, 0, 0, 0, 715]

 ### Operon type: 214

	 A0A011PFY8	[0, 0, 0, 0, 0, 0, 0, 0, 724]

 ### Operon type: 215

	 A0A011PNS3	[723, 724, 0, 0, 0, 0, 0, 0, 0]

 ### Operon type: 216

	 A0A011T648	[0, 724, 0, 0, 0, 0, 0, 644, 0]

 ### Operon type: 217

	 A0A011U3C2	[0, 0, 696, 0, 0, 0, 0, 0, 0]
	 A0A011AEN3	[0, 0, 0, 0, 0, 0, 696, 0, 0]

 ### Operon type: 218

	 A0A011AAZ2	[0, 451, 0, 0, 0, 696, 696, 696, 0]

 ### Operon type: 219

	 A0A011T698	[0, 0, 0, 0, 0, 544, 696, 0, 0]

 ### Operon type: 220

	 A0A009SNL0	[44, 43, 0, 0, 0, 0, 0, 0, 0]

 ### Operon type: 221

	 A0A009ZZC8	[-1, 43, 44, 0, 0, 0, 0, 0, 0]

 ### Operon type: 222

	 A0A009ZG48	[0, 0, 0, 702, 0, 0, 0, 0, 0]

 ### Operon type: 223

	 A0A011PEJ8	[0, 0, 592, 702, 0, 0, 0, 0, 0]

 ### Operon type: 224

	 A0A011QNJ7	[703, 0, 0, 702, 0, 0, 0, 703, 0]

 ### Operon type: 225

	 A0A011MMJ4	[0, 0, 0, 0, 0, 0, 0, 703, 0]

 ### Operon type: 226

	 A0A011R8M3	[0, 0, 592, 702, 0, 359, 0, 703, 0]

 ### Operon type: 227

	 A0A009TJ77	[0, 94, 0, 0, 0, 0, 0, 0, 0]

 ### Operon type: 228

	 A0A010RTE7	[0, 0, 0, 0, 0, 0, 19, 94, 0]

 ### Operon type: 229

	 A0A013S8F0	[355, 354, 353, 352, 351, 673, 665, 350, 349]
	 A0A009PMU2	[355, 354, 353, -1, 351, 673, 665, 350, 349]
	 A0A013TPQ9	[355, 354, 353, 352, 351, 673, 665, 350, 349]
	 A0A009SZ84	[355, 354, 353, 352, 351, 673, 665, 350, 349]

 ### Operon type: 230

	 A0A009IG48	[0, 0, 0, 60, 59, 0, 0, 0, 546]

 ### Operon type: 231

	 A0A009IMQ0	[0, 0, 0, 60, 59, 0, 0, 0, 0]

 ### Operon type: 232

	 A0A009SWV1	[0, 0, 0, 0, 0, 0, 0, 60, 0]

 ### Operon type: 233

	 A0A011TAW2	[0, 0, 0, 0, 0, 0, 400, 0, 0]
	 A0A009SFX8	[400, 0, 0, 0, 0, 0, 0, 0, 0]

 ### Operon type: 234

	 A0A011TZN1	[0, 0, 0, 0, 137, 0, 0, 0, 0]
	 A0A009RHH9	[0, 0, 0, 0, 137, 0, 0, 0, 0]

 ### Operon type: 235

	 A0A009PMZ9	[187, 0, 0, 0, 0, 0, 0, 0, 0]
	 A0A009Q512	[0, 0, 0, 0, 187, 0, 0, 0, 0]

 ### Operon type: 236

	 A0A009IFL2	[0, 220, 0, 35, -1, 0, 0, 0]

 ### Operon type: 237

	 A0A009ZDS1	[-1, -1, 0, 220, 0, 0, 420, 0, 0]

 ### Operon type: 238

	 A0A009NPS1	[0, 354, 353, 352, 351, -1, 0, 0, 0]
	 A0A010IZH1	[-1, 354, 353, 352, 351, 673, 0, 0, 0]
	 A0A009HJM0	[0, 354, 353, 352, 351, 673, 0, 0, 0]

 ### Operon type: 239

	 A0A009HUS9	[354, 353, 0, 0, 0, 0, -1, 0, 0]

 ### Operon type: 240

	 A0A009HM15	[0, 89, 88, 0, 0, 0, -1, 0, 0]

 ### Operon type: 241

	 A0A009RQL5	[0, 0, 0, 0, 0, 0, 89, 88, 0]

 ### Operon type: 242

	 A0A009IJ01	[0, 0, 0, 0, 0, 0, 89, 88, 87]

 ### Operon type: 243

	 A0A009NCH6	[0, 0, 0, 0, 0, 0, 0, 88, 87]

 ### Operon type: 244

	 A0A011UB51	[428, 0, 0, 0, 0, 0, 0, 0, 0]
	 A0A011UFH1	[0, 0, 0, 0, 0, 428, 0, 0, 0]

 ### Operon type: 245

	 A0A011V965	[0, -1, -1, 0, 31, 0, -1, -1, 0]
	 A0A011VHP2	[0, -1, -1, -1, 31, 0, 0, 0, 0]

 ### Operon type: 246

	 A0A010RVD0	[-1, 0, 0, -1, 0, 605, 605, 0, 14]

 ### Operon type: 247

	 A0A010T7Q5	[0, 14, 0, 0, 0, 0, -1, 0, 0]

 ### Operon type: 248

	 A0A010SNM6	[0, 0, -1, 0, 0, 0, 665, 0, 0]
	 A0A010SRR2	[0, 0, -1, 0, 0, 0, 0, 0, 665]

 ### Operon type: 249

	 A0A010SJH7	[0, 0, 665, -1, 0, 0, 229, 0, 0]

 ### Operon type: 250

	 A0A011V107	[0, -1, 0, 0, 0, 0, 0, 0, 0]
	 A0A009PH57	[0, 0, -1, 0, 0, 0, 0, 0, 0]
	 A0A009N9Z1	[-1, 0, 0, 0, 0, 0, 0, 0, 0]
	 A0A011U7M7	[0, 0, -1, 0, 0, 0, 0, 0, 0]
	 A0A009QDV7	[-1, 0, 0, 0, 0, 0, 0, 0, 0]
	 A0A009RG92	[-1, 0, 0, 0, 0, 0, 0, 0, 0]
	 A0A010RKP8	[0, 0, 0, 0, 0, 0, -1, 0, 0]
	 A0A011UZ32	[0, 0, 0, 0, 0, -1, 0, 0, 0]
	 A0A011UZ49	[0, -1, 0, 0, 0, 0, 0, 0, 0]
	 A0A010JDA6	[-1, 0, 0, 0, 0, 0, 0, 0, 0]
	 A0A009IHQ3	[-1, 0, 0, 0, 0, 0, 0, 0, 0]
	 A0A010RY47	[-1, 0, -1, 0, 0, 0, 0, 0, 0]
	 A0A009HJU6	[0, 0, 0, 0, 0, 0, 0, 0, -1]
	 A0A009H6M2	[-1, 0, 0, 0, 0, 0, 0, 0, 0]
	 A0A010TF14	[-1, 0, 0, 0, 0, 0, 0, 0, 0]
	 A0A009TG92	[0, 0, -1, 0, 0, 0, 0, 0, 0]

 ### Operon type: 251

	 A0A010SJF9	[0, 0, 0, 0, 0, -1, 0, 66, -1]

 ### Operon type: 252

	 A0A010T5D8	[0, 0, 0, -1, 0, -1, 381, 0, 0]

 ### Operon type: 253

	 A0A011ML54	[0, 0, 0, 505, 0, 0, 0, 0, -1]

 ### Operon type: 254

	 A0A011NHY1	[0, 0, 0, 0, 0, 665, 0, 0, 0]

 ### Operon type: 255

	 A0A010Z171	[0, 0, 0, 0, 0, 0, 665, 0, 448]

 ### Operon type: 256

	 A0A010ZX98	[0, 0, 0, 0, 0, 9, 665, 665, 0]

 ### Operon type: 257

	 A0A010YRE8	[0, 0, 0, 0, 0, 0, 0, 9, 0]

 ### Operon type: 258

	 A0A011AF05	[0, 0, 46, 9, 0, 0, 0, 0, 0]

 ### Operon type: 259

	 A0A011SQL0	[545, 0, -1, 0, 0, 0, 0, 0, 0]

 ### Operon type: 260

	 A0A009ZC82	[0, 0, 545, 0, 0, 0, 0, 0, 0]

 ### Operon type: 261

	 A0A011P3F6	[546, 0, 0, 545, 0, 0, 0, 0, 0]

 ### Operon type: 262

	 A0A011T697	[665, 0, 0, 0, 0, 0, 0, 0, 392]

 ### Operon type: 263

	 A0A011TDD1	[0, 399, 665, 0, 0, 0, 0, 0, 0]

 ### Operon type: 264

	 A0A011VW24	[0, 0, 618, 0, 0, 0, 0, 0, -1]

 ### Operon type: 265

	 A0A011T8V3	[0, 0, 618, 0, 0, 0, 0, 0, 0]

 ### Operon type: 266

	 A0A010TH98	[577, 0, 0, 618, 0, 0, 0, 0, 0]

 ### Operon type: 267

	 A0A011QVR3	[0, 0, 0, 0, 0, 0, 0, 619, 618]

 ### Operon type: 268

	 A0A011RM25	[0, 0, 0, 0, 0, 618, 0, 472, 0]

 ### Operon type: 269

	 A0A011VXC2	[-1, 432, 0, 0, 0, 0, 0, 0, 0]

 ### Operon type: 270

	 A0A011VYF1	[618, 0, 0, 0, 0, 0, 428, 0, 0]

 ### Operon type: 271

	 A0A010S415	[-1, 618, 0, 258, 0, 0, 0, 0, 409]

 ### Operon type: 272

	 A0A011QMJ8	[0, 0, 0, 0, 0, 0, 0, 0, 0]
	 A0A011PKU5	[0, 0, 0, 0, 0, 0, 0, 0, 0]
	 A0A011PJK8	[0, 0, 0, 0, 0, 0, 0, 0, 0]
	 A0A011PNN2	[0, 0, 0, 0, 0, 0, 0, 0, 0]
	 A0A011QSN2	[0, 0, 0, 0, 0, 0, 0, 0, 0]
	 A0A011PBM9	[0, 0, 0, 0, 0, 0, 0, 0, 0]
	 A0A011P9Z5	[0, 0, 0, 0, 0, 0, 0, 0, 0]
	 A0A011Q056	[0, 0, 0, 0, 0, 0, 0, 0, 0]
	 A0A011Q1B3	[0, 0, 0, 0, 0, 0, 0, 0, 0]
	 A0A011P4U7	[0, 0, 0, 0, 0, 0, 0, 0, 0]
	 A0A011NMI8	[0, 0, 0, 0, 0, 0, 0, 0, 0]
	 A0A011QVV5	[0, 0, 0, 0, 0, 0, 0, 0, 0]
	 A0A011NTU3	[0, 0, 0, 0, 0, 0, 0, 0, 0]
	 A0A011SGD5	[0, 0, 0, 0, 0, 0, 0, 0, 0]
	 A0A011WKI4	[0, 0, 0, 0, 0, 0, 0, 0, 0]
	 A0A010ZTI3	[0, 0, 0, 0, 0, 0, 0, 0, 0]
	 A0A011N2Z0	[0, 0, 0, 0, 0, 0, 0, 0, 0]
	 A0A011N3C3	[0, 0, 0, 0, 0, 0, 0, 0, 0]
	 A0A011N4G4	[0, 0, 0, 0, 0, 0, 0, 0, 0]
	 A0A011TWN2	[0, 0, 0, 0, 0, 0, 0, 0, 0]
	 A0A011VYF6	[0, 0, 0, 0, 0, 0, 0, 0, 0]
	 A0A011TAF9	[0, 0, 0, 0, 0, 0, 0, 0, 0]
	 A0A011TLH0	[0, 0, 0, 0, 0, 0, 0, 0, 0]
	 A0A009PG53	[0, 0, 0, 0, 0, 0, 0, 0, 0]
	 A0A011VSC9	[0, 0, 0, 0, 0, 0, 0, 0, 0]
	 A0A011VUV0	[0, 0, 0, 0, 0, 0, 0, 0, 0]
	 A0A013SBR8	[0, 0, 0, 0, 0, 0, 0, 0, 0]
	 A0A013S2B9	[0, 0, 0, 0, 0, 0, 0, 0, 0]
	 A0A013SL47	[0, 0, 0, 0, 0, 0, 0, 0, 0]
	 A0A011WUT3	[0, 0, 0, 0, 0, 0, 0, 0, 0]
	 A0A009N031	[0, 0, 0, 0, 0, 0, 0, 0, 0]
	 A0A009N123	[0, 0, 0, 0, 0, 0, 0, 0, 0]
	 A0A009MH90	[0, 0, 0, 0, 0, 0, 0, 0, 0]
	 A0A009Q3K7	[0, 0, 0, 0, 0, 0, 0, 0, 0]
	 A0A009MMM3	[0, 0, 0, 0, 0, 0, 0, 0, 0]
	 A0A009M4K0	[0, 0, 0, 0, 0, 0, 0, 0, 0]
	 A0A009MGJ1	[0, 0, 0, 0, 0, 0, 0, 0, 0]
	 A0A009MGQ8	[0, 0, 0, 0, 0, 0, 0, 0, 0]
	 A0A011VWR4	[0, 0, 0, 0, 0, 0, 0, 0, 0]
	 A0A011NAJ1	[0, 0, 0, 0, 0, 0, 0, 0, 0]
	 A0A011NAY5	[0, 0, 0, 0, 0, 0, 0, 0, 0]
	 A0A011NDM5	[0, 0, 0, 0, 0, 0, 0, 0, 0]
	 A0A009QQ47	[0, 0, 0, 0, 0, 0, 0, 0, 0]
	 A0A009PDV4	[0, 0, 0, 0, 0, 0, 0, 0, 0]
	 A0A010IPH1	[0, 0, 0, 0, 0, 0, 0, 0, 0]
	 A0A009PT82	[0, 0, 0, 0, 0, 0, 0, 0, 0]
	 A0A009NQA1	[0, 0, 0, 0, 0, 0, 0, 0, 0]
	 A0A011UTJ0	[0, 0, 0, 0, 0, 0, 0, 0, 0]
	 A0A009HBT3	[0, 0, 0, 0, 0, 0, 0, 0, 0]
	 A0A009IRJ6	[0, 0, 0, 0, 0, 0, 0, 0, 0]
	 A0A011UHL2	[0, 0, 0, 0, 0, 0, 0, 0, 0]
	 A0A013T8M5	[0, 0, 0, 0, 0, 0, 0, 0, 0]
	 A0A011VZG0	[0, 0, 0, 0, 0, 0, 0, 0, 0]
	 A0A011VW71	[0, 0, 0, 0, 0, 0, 0, 0, 0]
	 A0A013TEV4	[0, 0, 0, 0, 0, 0, 0, 0, 0]
	 A0A009RBQ2	[0, 0, 0, 0, 0, 0, 0, 0, 0]
	 A0A009QVK8	[0, 0, 0, 0, 0, 0, 0, 0, 0]
	 A0A009T1I8	[0, 0, 0, 0, 0, 0, 0, 0, 0]
	 A0A010ZJQ6	[0, 0, 0, 0, 0, 0, 0, 0, 0]
	 A0A013TPV4	[0, 0, 0, 0, 0, 0, 0, 0, 0]
	 A0A010IZE4	[0, 0, 0, 0, 0, 0, 0, 0, 0]
	 A0A011UBN9	[0, 0, 0, 0, 0, 0, 0, 0, 0]
	 A0A011WSE5	[0, 0, 0, 0, 0, 0, 0, 0, 0]
	 A0A011UWH1	[0, 0, 0, 0, 0, 0, 0, 0, 0]
	 A0A009SHB3	[0, 0, 0, 0, 0, 0, 0, 0, 0]
	 A0A009SIF9	[0, 0, 0, 0, 0, 0, 0, 0, 0]
	 A0A010SHY1	[0, 0, 0, 0, 0, 0, 0, 0, 0]
	 A0A010YJA7	[0, 0, 0, 0, 0, 0, 0, 0, 0]
	 A0A011UFM5	[0, 0, 0, 0, 0, 0, 0, 0, 0]
	 A0A011UG71	[0, 0, 0, 0, 0, 0, 0, 0, 0]
	 A0A011UGX8	[0, 0, 0, 0, 0, 0, 0, 0, 0]
	 A0A009I463	[0, 0, 0, 0, 0, 0, 0, 0, 0]
	 A0A009I0I9	[0, 0, 0, 0, 0, 0, 0, 0, 0]
	 A0A009RR21	[0, 0, 0, 0, 0, 0, 0, 0, 0]
	 A0A009SWU0	[0, 0, 0, 0, 0, 0, 0, 0, 0]
	 A0A009R2X0	[0, 0, 0, 0, 0, 0, 0, 0, 0]
	 A0A009R4N4	[0, 0, 0, 0, 0, 0, 0, 0, 0]
	 A0A009HTN9	[0, 0, 0, 0, 0, 0, 0, 0, 0]
	 A0A009HIL8	[0, 0, 0, 0, 0, 0, 0, 0, 0]
	 A0A009SCM5	[0, 0, 0, 0, 0, 0, 0, 0, 0]
	 A0A009RHH7	[0, 0, 0, 0, 0, 0, 0, 0, 0]
	 A0A009RMD0	[0, 0, 0, 0, 0, 0, 0, 0, 0]
	 A0A009ISY0	[0, 0, 0, 0, 0, 0, 0, 0, 0]
	 A0A009HL81	[0, 0, 0, 0, 0, 0, 0, 0, 0]
	 A0A011V8Y9	[0, 0, 0, 0, 0, 0, 0, 0, 0]
	 A0A009PAG1	[0, 0, 0, 0, 0, 0, 0, 0, 0]
	 A0A011VMV7	[0, 0, 0, 0, 0, 0, 0, 0, 0]
	 A0A011VNE2	[0, 0, 0, 0, 0, 0, 0, 0, 0]
	 A0A010SPJ7	[0, 0, 0, 0, 0, 0, 0, 0, 0]
	 A0A010T025	[0, 0, 0, 0, 0, 0, 0, 0, 0]
	 A0A010SSQ8	[0, 0, 0, 0, 0, 0, 0, 0, 0]
	 A0A011A146	[0, 0, 0, 0, 0, 0, 0, 0, 0]
	 A0A011AIL7	[0, 0, 0, 0, 0, 0, 0, 0, 0]
	 A0A010YZS8	[0, 0, 0, 0, 0, 0, 0, 0, 0]
	 A0A010Z120	[0, 0, 0, 0, 0, 0, 0, 0, 0]
	 A0A009T3J5	[0, 0, 0, 0, 0, 0, 0, 0, 0]

 ### Operon type: 273

	 A0A010TG27	[683, 0, 23, 0, 0, 0, 673, 0, 0]

 ### Operon type: 274

	 A0A011PMK1	[0, 0, 0, 0, 0, 0, 0, 683, 0]

 ### Operon type: 275

	 A0A009HRU1	[0, 307, 0, 0, 0, 0, 0, 0, 0]

 ### Operon type: 276

	 A0A009HSN8	[0, 108, 0, 0, 0, -1, 0, 273, -1]

 ### Operon type: 277

	 A0A009HV82	[272, 0, 0, 0, 0, 0, 0, 0, 0]

 ### Operon type: 278

	 A0A009IG74	[0, 0, 170, 0, 382, -1, 0, 0, 0]

 ### Operon type: 279

	 A0A009IJ90	[0, 65, 0, 0, 0, 0, 0, 0, 0]

 ### Operon type: 280

	 A0A009ISE1	[422, 0, 538, 0, 0, -1, 0, 0, 0]

 ### Operon type: 281

	 A0A009NM94	[0, 461, 461, 0, 0, 0, 399, 0, 0]

 ### Operon type: 282

	 A0A009Q4N5	[0, 0, 175, 0, 0, 0, 0, 0, 0]

 ### Operon type: 283

	 A0A009SSZ9	[0, 52, 0, 0, 0, 0, 0, 0, 0]

 ### Operon type: 284

	 A0A009TBM2	[0, 0, 0, 0, 0, 0, 0, 0, 326]

 ### Operon type: 285

	 A0A009Q8S9	[0, 0, 546, 326, 0, 276, 0, 0, 0]

 ### Operon type: 286

	 A0A009YIH1	[0, 0, 0, 0, 90, 0, -1, -1, 2]

 ### Operon type: 287

	 A0A009YR05	[0, 0, 0, 0, 16, 0, 0, 0, 0]

 ### Operon type: 288

	 A0A009Z004	[119, 0, 119, 0, 0, 448, 0, 0, 0]

 ### Operon type: 289

	 A0A010IGH8	[0, 0, 0, 0, 0, 0, 0, 311, 0]

 ### Operon type: 290

	 A0A010JIN9	[418, 0, 0, 94, 154, 0, 0, 0, 0]

 ### Operon type: 291

	 A0A010RS09	[0, 0, 0, 0, 19, 0, 504, 504, 0]

 ### Operon type: 292

	 A0A010RUQ5	[0, 0, 0, 0, 0, 0, 0, 0, 243]

 ### Operon type: 293

	 A0A010S195	[545, 0, 48, 47, 0, 0, 0, 0, 0]

 ### Operon type: 294

	 A0A010SCZ2	[0, 0, 0, 0, 0, 0, 0, 101, 0]

 ### Operon type: 295

	 A0A010SN41	[0, 0, 0, 0, 149, 0, 0, 0, 0]

 ### Operon type: 296

	 A0A010SSU2	[0, 0, 0, 0, 73, 0, -1, 584, 0]

 ### Operon type: 297

	 A0A010SUP6	[0, 0, 0, 0, 0, 0, 0, 47, 0]

 ### Operon type: 298

	 A0A010SUY9	[0, 0, 0, 0, 0, 359, 592, 0]

 ### Operon type: 299

	 A0A010THK2	[0, 0, -1, 0, 0, 504, 448, 0, 0]

 ### Operon type: 300

	 A0A010SRL4	[23, 0, 0, -1, 0, 0, 0, 448, 152]

 ### Operon type: 301

	 A0A010YF95	[534, 0, 0, 0, 0, 0, 0, 0, 0]

 ### Operon type: 302

	 A0A010YT39	[0, 501, 0, 0, 0, 0, 0, 0, 0]

 ### Operon type: 303

	 A0A010YX61	[335, 696, 0, 618, 0, 0, 0, 0, 0]

 ### Operon type: 304

	 A0A010ZWJ8	[0, 0, 0, 0, 0, 586, 0, 0, 0]

 ### Operon type: 305

	 A0A009ZVR4	[466, 0, 696, 0, 0, 82, 0, 0, 0]

 ### Operon type: 306

	 A0A011AHW1	[0, 0, 0, 0, 0, 0, 0, 4, 0]

 ### Operon type: 307

	 A0A011NE37	[435, 0, 0, 0, 0, 0, 0, 0, 0]

 ### Operon type: 308

	 A0A011NF78	[0, 0, 606, 0, 0, 0, 0, 0, 0]

 ### Operon type: 309

	 A0A011NVE2	[0, 0, 0, 644, 0, 0, 665, 0, 483]

 ### Operon type: 310

	 A0A011NXJ4	[0, 0, 0, 0, 0, 0, 0, 0, 497]

 ### Operon type: 311

	 A0A011P8I1	[0, 0, 694, 696, 0, 0, 0, 0, 586]

 ### Operon type: 312

	 A0A011P9Q7	[581, 0, 0, 0, 0, 0, 0, 0, 0]

 ### Operon type: 313

	 A0A011PCT1	[0, 0, 0, 0, 0, 0, 0, 593, 0]

 ### Operon type: 314

	 A0A011PJ75	[0, 644, 643, 644, 0, 0, 0, 0, 0]

 ### Operon type: 315

	 A0A011PRB4	[0, 0, 0, 0, 0, 0, 0, 716, 0]

 ### Operon type: 316

	 A0A011Q5V7	[533, 0, 0, 0, 0, 0, 0, 0, 0]

 ### Operon type: 317

	 A0A011QU35	[0, 0, 0, 0, 620, 0, 0, 0, 0]

 ### Operon type: 318

	 A0A011QVT2	[617, 0, 0, 0, 0, 0, 0, 723, 0]

 ### Operon type: 319

	 A0A011RP14	[0, 0, 0, 0, 0, 0, 0, 468, 0]

 ### Operon type: 320

	 A0A011SM49	[665, 0, 468, 0, 0, 0, 254, 0, 0]

 ### Operon type: 321

	 A0A011AM27	[717, 0, 0, 0, 423, 0, 0, 0, 104]

 ### Operon type: 322

	 A0A011T607	[0, 0, 682, 0, 0, 0, 0, 0, 399]

 ### Operon type: 323

	 A0A010S5W8	[0, 0, 449, 682, 0, 0, 0, 0, 0]

 ### Operon type: 324

	 A0A011MSR2	[0, 0, 0, 449, 0, 0, 0, 692, 0]

 ### Operon type: 325

	 A0A010YYJ5	[0, 0, 0, 692, 0, 0, 0, 82, 82]

 ### Operon type: 326

	 A0A011TED9	[0, 0, 0, 0, 0, 402, 0, 0, 0]

 ### Operon type: 327

	 A0A011TXS5	[0, 253, 0, 0, 0, 0, 0, 0, 0]

 ### Operon type: 328

	 A0A011U144	[0, 243, 0, 0, 0, 0, 497, 510, 0]

 ### Operon type: 329

	 A0A011U1C8	[544, 0, 0, 0, 0, 0, 0, 0, 242]

 ### Operon type: 330

	 A0A011U483	[0, 0, 0, 0, 0, 543, 0, 0, 0]

 ### Operon type: 331

	 A0A011UDF3	[0, 0, 0, 0, 0, 441, 0, 0, 0]

 ### Operon type: 332

	 A0A011UG86	[0, 547, 0, 0, 0, 66, 0, 0, 0]

 ### Operon type: 333

	 A0A011UGY3	[0, 0, 0, 25, 0, 0, 0, 25, 0]

 ### Operon type: 334

	 A0A011UJN3	[0, 278, 0, 0, 0, 0, 0, 0, 0]

 ### Operon type: 335

	 A0A009INE0	[180, 0, 0, 0, 0, 0, 0, 643, 278]

 ### Operon type: 336

	 A0A011UQB5	[460, 245, 0, 0, 0, 0, 0, 428, 0]

 ### Operon type: 337

	 A0A011UVI5	[0, 0, 0, 0, 0, 116, 644, 644, 0]

 ### Operon type: 338

	 A0A011UWI3	[0, 0, 0, 0, 177, 0, 95, 545, 0]

 ### Operon type: 339

	 A0A011V5E6	[0, 0, 0, 0, 0, 361, 0, 0, 0]

 ### Operon type: 340

	 A0A011M4H6	[103, 0, 111, 0, 0, 0, 0, 0, 0]

 ### Operon type: 341

	 A0A011VSV3	[0, 0, 0, 0, 0, 0, 699, 0, 0]

 ### Operon type: 342

	 A0A011VWI0	[0, 0, 0, 0, 0, 133, 0, 0, 0]

 ### Operon type: 343

	 A0A011VZ91	[251, 0, 0, 0, 0, 0, 0, 0, 0]

 ### Operon type: 344

	 A0A011W213	[0, 0, 0, 0, 0, 484, 0, 0, 0]

 ### Operon type: 345

	 A0A011WP76	[0, 0, 0, 0, 0, 0, 0, 0, 655]

 ### Operon type: 346

	 A0A011WSD4	[0, 0, 0, -1, 0, 692, 0, 0, 398]

 ### Operon type: 347

	 A0A011VZF5	[0, 0, 394, 395, 0, 692, 398, 692, 0]

 ### Operon type: 348

	 A0A011WSU6	[0, 692, 0, 0, 396, 0, 0, 0, 0]

 ### Operon type: 349

	 A0A013S843	[0, 350, 0, 0, 0, 0, -1, 317, 0]

 ### Operon type: 350

	 A0A013S981	[345, 0, 0, 0, 0, 0, 0, 0, 0]

 ### Operon type: 351

	 A0A013T337	[0, 0, 0, 0, 0, 0, 0, 0, 294]

 ### Operon type: 352

	 A0A013T5E6	[0, 0, 0, 214, 0, 0, 0, 0, 0]

 ### Operon type: 353

	 A0A013SGL3	[337, 336, 335, 334, 333, 622, 332, 544, 331]
	 A0A010KAV2	[337, 0, 0, 334, 333, 622, 332, 544, 331]
	 A0A009NE81	[337, 336, 335, 334, 333, 622, 332, 544, 331]
	 A0A009I5Z6	[337, 0, 335, 334, 333, 622, 332, 544, 331]
	 A0A009RQH3	[337, 0, 0, 334, 333, 622, 332, 544, 331]

 ### Operon type: 354

	 A0A013TB41	[337, -1, 0, 0, 333, 622, 332, 544, 331]

 ### Operon type: 355

	 A0A009H3X4	[337, 0, 0, 0, 333, 622, -1, 504, -1]

 ### Operon type: 356

	 A0A009YL68	[0, 0, 544, 337, 333, 0, 0, 221, 0]

 ### Operon type: 357

	 A0A009T9H0	[0, 2, 546, -1, 0, 0, 308, 0, 307]

 ### Operon type: 358

	 A0A010THH5	[0, 117, 220, 116, 0, 0, 458, 0, 420]

 ### Operon type: 359

	 A0A011VZE3	[0, 0, 0, 673, 250, 0, 0, 0, 0]
	 A0A011WSH8	[0, 0, 0, 673, 250, 0, 0, 0, 0]

 ### Operon type: 360

	 A0A011NAF3	[0, 0, 0, 0, 0, 0, 673, 0, 637]

 ### Operon type: 361

	 A0A009IQ93	[153, 0, 673, 0, 0, 152, 0, 0, 0]

 ### Operon type: 362

	 A0A009TLU4	[0, 253, -1, 37, 0, 11, 0, -1, -1]

 ### Operon type: 363

	 A0A010JNG7	[427, 0, 0, 426, 0, 0, 0, 0, 0]

 ### Operon type: 364

	 A0A010S003	[624, 0, 0, 0, 0, 547, 547, 263, 0]

 ### Operon type: 365

	 A0A010SMN8	[0, -1, 75, 0, 474, 0, 0, 628, 0]

 ### Operon type: 366

	 A0A010SXS1	[0, 204, 0, 0, 0, 277, 0, 0, 723]

 ### Operon type: 367

	 A0A010T689	[104, -1, 458, 471, 0, 0, 0, 0, 0]

 ### Operon type: 368

	 A0A010TBB4	[0, 515, 0, 66, 0, 0, 0, 0, 544]

 ### Operon type: 369

	 A0A010YFK3	[0, 473, 0, 0, 0, 0, 356, 0, 242]

 ### Operon type: 370

	 A0A010YVY1	[8, 0, 8, 0, 0, 0, 0, 263, 0]

 ### Operon type: 371

	 A0A010Z7T4	[0, 0, 0, 0, 0, 0, 0, 168, 719]

 ### Operon type: 372

	 A0A010RRR9	[0, 0, 0, 0, 678, 0, 0, 109, 168]

 ### Operon type: 373

	 A0A010SIA7	[0, 0, 109, 77, 0, 0, 0, 0, 0]

 ### Operon type: 374

	 A0A010ZSZ2	[0, 451, 0, 509, 450, 0, 0, 0, 0]

 ### Operon type: 375

	 A0A010Z0Y7	[0, 0, 0, 0, 450, 258, 0, 0, 0]

 ### Operon type: 376

	 A0A010ZUR7	[102, 5, 0, 5, 0, 4, 263, 0, 0]

 ### Operon type: 377

	 A0A011A0M8	[0, 0, 448, 0, 35, 0, 0, 3, 3]

 ### Operon type: 378

	 A0A011NFL4	[0, 503, 0, 0, 502, 683, 0, 501, 0]

 ### Operon type: 379

	 A0A011P407	[0, 0, 585, 571, 0, 0, 544, 0, 543]

 ### Operon type: 380

	 A0A011QGT2	[673, 0, 0, 672, 671, 0, 0, 0, 0]

 ### Operon type: 381

	 A0A011QSA4	[609, 0, 608, 607, 0, 0, 0, 0, 606]

 ### Operon type: 382

	 A0A011T6J6	[0, 533, 0, 696, 0, 0, 391, 0, 390]

 ### Operon type: 383

	 A0A011TAL2	[0, 682, 0, 0, 0, 401, 0, 499, 0]

 ### Operon type: 384

	 A0A011TYT7	[0, 0, 0, 0, 0, 0, 282, 281, 281]

 ### Operon type: 385

	 A0A011TZG0	[448, 531, 0, 0, 0, 0, 0, 280, 0]

 ### Operon type: 386

	 A0A011Q6N5	[0, 0, 0, 0, 0, 0, 532, 531, 532]

 ### Operon type: 387

	 A0A011UII7	[0, 0, 0, 0, 0, 483, 279, 0, 0]

 ### Operon type: 388

	 A0A011UNT9	[276, 275, 0, 0, 0, 0, 0, 0, 0]

 ### Operon type: 389

	 A0A011SIS0	[0, 562, 257, 257, 0, 0, 0, 275, 0]

 ### Operon type: 390

	 A0A011UT49	[0, 451, 0, 0, 0, 0, 204, 167, 0]

 ### Operon type: 391

	 A0A011VU65	[357, 0, 0, 0, 0, 356, 0, 0, 0]

 ### Operon type: 392

	 A0A011VV03	[0, 102, 0, 0, 386, 103, 0, 0, 0]

 ### Operon type: 393

	 A0A011VVZ9	[0, 0, -1, 0, 0, 101, 100, 100, 256]

 ### Operon type: 394

	 A0A011VWX7	[723, 433, 0, 0, 0, 0, 0, 459, 0]

 ### Operon type: 395

	 A0A011VXK7	[461, 461, 0, 431, 0, 0, 0, 535, 0]

 ### Operon type: 396

	 A0A011W0I6	[249, 0, 0, 0, 0, 445, 0, 505, 0]

 ### Operon type: 397

	 A0A010YEF6	[0, 249, 0, 0, 0, 0, 0, 0, 76]

 ### Operon type: 398

	 A0A013SQH1	[0, 0, 0, 0, 149, 611, 0, 427, 264]

 ### Operon type: 399

	 A0A009LNU8	[148, 151, 293, 292, 0, 37, 0, 427, 0]

 ### Operon type: 400

	 A0A013SRG6	[291, 292, 293, 151, 0, 150, 0, 148, 494]

 ### Operon type: 401

	 A0A009IQU8	[0, 151, 0, 0, 0, 150, 494, 0, 0]

 ### Operon type: 402

	 A0A010K2K8	[293, 292, 291, 0, 0, 0, 0, -1, 427]

 ### Operon type: 403

	 A0A011NPR8	[0, 494, 0, 0, 0, 0, 493, 0, 0]

 ### Operon type: 404

	 A0A010SEA2	[537, 493, 117, 0, 0, 0, 0, 0, 0]

 ### Operon type: 405

	 A0A009ZIC0	[522, 521, 520, 519, 518, 517, 516, 515, 514]

 ### Operon type: 406

	 A0A009ZB47	[223, 222, 0, 0, 0, 692, 418, 0, 0]

 ### Operon type: 407

	 A0A010RM40	[297, 673, 572, 0, 0, 0, 0, -1, 541]

 ### Operon type: 408

	 A0A010RRQ6	[0, 111, 0, 0, 0, 474, 520, 110, 0]

 ### Operon type: 409

	 A0A010S423	[391, 0, 0, 0, 0, 0, 0, 95, 465]

 ### Operon type: 410

	 A0A010T0I7	[0, 0, 76, 0, 0, 694, 608, 673, 0]

 ### Operon type: 411

	 A0A011AHU9	[0, 0, 0, 0, 0, 0, 0, 6, 506]

 ### Operon type: 412

	 A0A010YY02	[0, 7, 0, 0, 7, 574, 513, 0, 6]

 ### Operon type: 413

	 A0A011NA78	[0, 298, 0, 0, 0, 605, 0, 0, 541]

 ### Operon type: 414

	 A0A011P8W7	[685, 585, 723, 0, 584, 0, 0, 0, 0]

 ### Operon type: 415

	 A0A011PG97	[628, 0, 0, 627, 0, 0, 0, 0, 0]

 ### Operon type: 416

	 A0A011PKT4	[0, 611, 0, 0, 0, 0, 610, 0, 0]

 ### Operon type: 417

	 A0A011PLB2	[0, 685, 0, 684, 0, 0, 0, 0, 0]

 ### Operon type: 418

	 A0A011R339	[0, 0, 0, 0, 0, 0, 147, 146, 0]

 ### Operon type: 419

	 A0A011SFE5	[0, 0, 0, 461, 0, 0, 503, 571, 460]

 ### Operon type: 420

	 A0A011SJT5	[0, 0, 0, 256, 255, 255, 255, 255, 255]

 ### Operon type: 421

	 A0A011TDQ5	[0, 0, 0, 0, 389, 446, 0, 0, 0]

 ### Operon type: 422

	 A0A011UG17	[369, 0, 252, 0, 67, 357, 0, 0, 0]

 ### Operon type: 423

	 A0A011V8Z7	[0, 0, 0, 0, 0, 33, 32, 0, 0]

 ### Operon type: 424

	 A0A011VT01	[0, 0, 358, 0, 0, 358, 0, 0, 372]

 ### Operon type: 425

	 A0A011VYP6	[0, 0, 0, 0, 0, 0, 252, 679, 0]

 ### Operon type: 426

	 A0A011V392	[432, 0, 716, 394, 395, 393, 0, 396, 397]

 ### Operon type: 427

	 A0A009Q0U9	[530, 529, 528, 0, 54, 53, -1, -1, 0]

 ### Operon type: 428

	 A0A010SRB2	[11, 10, 0, 0, 0, 10, 13, 0, 0]

 ### Operon type: 429

	 A0A011VJ76	[17, 17, 167, 501, 0, 673, 448, 0, 585]

 ### Operon type: 430

	 A0A013SKX6	[0, 0, 467, 0, 382, 382, 364, 363, 362]

 ### Operon type: 431

	 A0A010KA25	[418, 0, 458, 380, 283, 0, 0, 418, 354]

 ### Operon type: 432

	 A0A011WUA8	[559, 0, 0, 316, 0, 0, 0, 315, 315]

 ### Operon type: 433

	 A0A010S4X6	[0, 258, 572, 547, 287, 0, 500, 693, 504]

 ### Operon type: 434

	 A0A011U8C0	[0, 241, 240, 0, 239, 238, 0, 0, 0]
