
 ### Operon type: 1

	 A0A009QS71	[327, 326, 325, 425, 324, 323, 322, 321, 438]
	 A0A010ILU3	[327, 326, 325, 425, 324, 323, 322, 321, 438]
	 A0A009MW50	[327, 326, 325, 425, 324, 323, 322, 321, 438]
	 A0A009QBR9	[327, 326, 325, 425, 324, 323, 321, 438, 74]
	 A0A009I8S2	[327, 326, 325, 425, 324, 323, 321, 438, 74]
	 A0A009H3B0	[327, 326, 325, 425, 324, 323, 322, 321, 438]
	 A0A009TM70	[327, 326, 325, 425, 324, 323, 321, 438, 74]

 ### Operon type: 2

	 A0A013TH43	[418, 417, 416, 415, 414, 413, 412, 411, 410]
	 A0A009RAF0	[418, 417, 416, 415, 414, 413, 412, 411, 410]

 ### Operon type: 3

	 A0A011PVT3	[798, 797, 796, 795, 794, 793, 792, 791, 790]
	 A0A011R7V7	[798, 797, 796, 795, 794, 793, 792, 791, 790]
	 A0A011MET3	[798, 797, 796, 795, 794, 793, 792, 791, 790]

 ### Operon type: 4

	 A0A013SNJ8	[656, 439, 438, 437, 436, 544, 446, 435, 434]
	 A0A009MMM3	[656, 439, 438, 437, 436, 544, 446, 435, 434]
	 A0A013RZW2	[656, 439, 438, 437, 436, 544, 446, 435, 434]
	 A0A009HBT3	[656, 439, 438, 437, 436, 544, 446, 435, 434]
	 A0A009PH20	[656, 439, 438, 437, 436, 544, 446, 435, 434]
	 A0A009SIZ4	[656, 439, 438, 437, 436, 544, 446, 435, 434]
	 A0A010J9U3	[656, 439, 438, 437, 436, 544, 446, 435, 434]
	 A0A009RD69	[656, 439, 438, 437, 436, 544, 446, 435, 434]
	 A0A009IV03	[656, 439, 438, 437, 436, 544, 446, 435, 434]
	 A0A009YIZ0	[656, 439, 438, 437, 436, 544, 446, 435, 434]

 ### Operon type: 5

	 A0A009PH57	[118, 117, -1, 116, 115, 814, 114, 269, 113]
	 A0A009TG92	[118, 117, -1, 116, 115, 814, 114, 269, 113]

 ### Operon type: 6

	 A0A013SXT2	[548, 547, 546, 545, 544, 543, 542, 541, 540]
	 A0A013S288	[548, 547, 546, 545, 544, 543, 542, 541, 540]
	 A0A009PWG1	[548, 547, 546, 545, 544, 543, 542, 541, 540]
	 A0A009N031	[548, 547, 546, 545, 544, 543, 542, 541, 540]
	 A0A009SFX8	[548, 547, 546, 545, 121, 544, 543, 542, 541]
	 A0A010J3I1	[548, 547, 546, 545, 544, 543, 542, 541, 540]
	 A0A009I0I9	[548, 547, 546, 545, 544, 543, 542, 541, 540]
	 A0A009R2X0	[548, 547, 546, 545, 544, 543, 542, 541, 540]
	 A0A009TBM2	[547, 546, 545, 121, 544, 543, 542, 541, 540]

 ### Operon type: 7

	 A0A013SZ54	[539, 855, 589, 538, 537, 675, 536, 535, 534]
	 A0A013T8M5	[539, 855, 589, 538, 537, 675, 536, 535, 534]
	 A0A009SWU0	[539, 855, 589, 538, 537, 675, 536, 535, 534]
	 A0A009Q3K7	[539, 855, 589, 538, 537, 675, 536, 535, 534]
	 A0A009N123	[539, 855, 589, 538, 537, 675, 536, 535, 534]
	 A0A010IMP8	[539, 855, 589, 538, 537, 675, 536, 535, 534]
	 A0A009IRJ6	[539, 855, 589, 538, 537, 675, 536, 535, 534]
	 A0A009RBQ2	[539, 855, 589, 538, 537, 675, 536, 535, 534]
	 A0A009H7U0	[539, 855, 589, 538, 537, 675, 536, 535, 534]
	 A0A009ZM43	[-1, 855, 589, 538, 537, 675, 536, 535, 534]

 ### Operon type: 8

	 A0A009ZIC0	[648, 647, 646, 645, 644, 643, 642, 641, 640]
	 A0A013RMD0	[-1, 647, 646, 645, 644, 643, 642, 641, 640]
	 A0A009RG92	[-1, 647, 646, 645, 644, 643, 642, 641, 640]
	 A0A009N9Z1	[-1, 647, 646, 645, 644, 643, 642, 641, 640]
	 A0A010JDA6	[-1, 647, 646, 645, 644, 643, 642, 641, 640]
	 A0A009QDV7	[-1, 647, 646, 645, 644, 643, 642, 641, 640]
	 A0A009S854	[-1, 647, 646, 645, 644, 643, 642, 641, 640]
	 A0A009IHQ3	[-1, 647, 646, 645, 644, 643, 642, 641, 640]
	 A0A009H6M2	[-1, 647, 646, 645, 644, 643, 642, 641, 640]

 ### Operon type: 9

	 A0A011V5V3	[0, 381, 380, 379, 378, 377, 376, 375, 374]
	 A0A011UIA1	[381, 380, 379, 378, 377, 376, 375, 374, 0]

 ### Operon type: 10

	 A0A011PTE7	[810, 809, 808, 807, 806, 0, 805, 804, 803]
	 A0A011NE72	[810, 809, 808, 807, 806, 805, 804, 803, 0]

 ### Operon type: 11

	 A0A010JWJ1	[184, 183, 789, 182, 181, 180, 179, 178, 177]
	 A0A009I4A1	[184, 183, 789, 182, 181, 180, 179, 178, 177]

 ### Operon type: 12

	 A0A009QF22	[93, 92, 184, 0, 181, 180, 179, 178, 177]
	 A0A009TBY8	[93, 92, 184, 182, 181, 180, 179, 178, 177]

 ### Operon type: 13

	 A0A011NEY3	[588, 754, 753, 752, 752, 751, 750, 749, 0]

 ### Operon type: 14

	 A0A011PAN4	[754, 753, 0, 752, 752, 751, 750, 749, 748]

 ### Operon type: 15

	 A0A011RCD5	[588, 754, 753, 752, 752, 751, 750, 749, 748]

 ### Operon type: 16

	 A0A011P4U7	[0, 733, 732, 731, 730, 729, 728, 727, 726]
	 A0A011NAY5	[733, 732, 731, 730, 729, 728, 727, 726, 0]

 ### Operon type: 17

	 A0A011PF67	[745, 744, 743, 742, 741, 0, 0, 0, 0]
	 A0A011NBX7	[745, 744, 743, 742, 741, 613, 0, 0, 0]
	 A0A011NW66	[745, 744, 743, 742, 741, 613, 0, 0, 0]

 ### Operon type: 18

	 A0A011NS68	[745, 744, 743, 742, 741, 398, 397, 559, 738]
	 A0A011RHX4	[745, 744, 743, 742, 741, 398, 397, 559, 0]

 ### Operon type: 19

	 A0A010YT39	[0, 558, 281, 280, 279, 278, 277, 276, 275]

 ### Operon type: 20

	 A0A010Z7T4	[281, 280, 279, 278, 277, 276, 275, 274, 841]

 ### Operon type: 21

	 A0A013SP43	[448, 447, 446, 445, 444, 443, 442, 441, 440]
	 A0A010K6G6	[448, 447, 446, 445, 444, 443, 442, 0, 440]
	 A0A009RUN3	[448, 447, 446, 445, 444, 443, 442, 441, 440]

 ### Operon type: 22

	 A0A011VWR4	[0, 0, 0, 0, 509, 508, 507, 506, 505]

 ### Operon type: 23

	 A0A011VYP6	[509, 508, 507, 506, 505, 0, 504, 795, 0]

 ### Operon type: 24

	 A0A011QAS2	[0, 608, 607, 606, 605, 604, 603, 602, 601]
	 A0A011NEQ1	[0, 608, 607, 606, 605, 604, 603, 602, 601]

 ### Operon type: 25

	 A0A013T0M4	[533, 532, 531, 530, 529, 528, 527, 526, 0]
	 A0A010JSI3	[533, 532, 531, 530, 529, 528, 527, 526, 0]
	 A0A009RGL2	[533, 532, 531, 530, 529, 528, 527, 526, 185]
	 A0A009HDS5	[533, 532, 531, 530, 529, 528, 527, 526, 185]

 ### Operon type: 26

	 A0A009SNL0	[166, 165, 223, 211, 210, 209, 208, 207, 206]

 ### Operon type: 27

	 A0A009T1I8	[223, 211, 210, 209, 208, 207, 206, 0, 0]

 ### Operon type: 28

	 A0A011VW71	[0, 577, 576, 575, 574, 573, 572, 571, 570]
	 A0A011VUV0	[577, 576, 575, 574, 573, 572, 571, 570, 0]

 ### Operon type: 29

	 A0A011UG71	[367, 366, 365, 373, 372, 371, 370, 369, 368]

 ### Operon type: 30

	 A0A011V8Z7	[0, 0, 367, 366, 365, 373, 372, 371, 370]

 ### Operon type: 31

	 A0A011V8Y9	[373, 372, 371, 370, 369, 368, 0, 0, 0]

 ### Operon type: 32

	 A0A011U8C0	[0, 371, 366, 0, 266, 369, 0, 0, 0]

 ### Operon type: 33

	 A0A011QBB5	[828, 827, 826, 825, 824, 823, 822, 821, 820]
	 A0A011QSF0	[0, 827, 826, 825, 824, 823, 822, 821, 0]
	 A0A011Q0X6	[828, 827, 826, 825, 824, 823, 822, 821, 820]
	 A0A011Q1X8	[827, 0, 826, 825, 824, 823, 822, 821, 820]

 ### Operon type: 34

	 A0A011PG87	[828, 827, 826, 825, 824, 823, 822, 0, 0]

 ### Operon type: 35

	 A0A011PCT1	[774, 773, 772, 0, 0, 0, 0, 747, 0]

 ### Operon type: 36

	 A0A011QU35	[0, 0, 0, 0, 775, 0, 774, 773, 772]

 ### Operon type: 37

	 A0A011Q2B1	[757, 725, 775, 724, 772, 521, 520, 519, 747]

 ### Operon type: 38

	 A0A011RLN8	[756, 755, 775, 724, 772, 521, 520, 519, 747]

 ### Operon type: 39

	 A0A011P700	[0, 0, 759, 758, 757, 725, 775, 724, 772]

 ### Operon type: 40

	 A0A011QSI4	[0, 0, 759, 758, 757, 0, 756, 755, 775]

 ### Operon type: 41

	 A0A013T337	[629, 496, 495, 494, 493, 764, 492, 802, 491]
	 A0A013TH30	[629, 496, 495, 494, 493, 764, 492, 802, 491]
	 A0A013S981	[258, 629, 496, 495, 494, 493, 764, 492, 802]

 ### Operon type: 42

	 A0A010JY00	[258, 629, 496, 495, 652, 764, 492, 802, 491]

 ### Operon type: 43

	 A0A013TPV4	[461, 460, 459, 458, 457, 456, 516, 789, 455]
	 A0A009MGJ1	[461, 460, 459, 458, 457, 456, 516, 789, 455]
	 A0A009QQ47	[461, 460, 459, 458, 457, 456, 516, 789, 455]
	 A0A010IZE4	[461, 460, 459, 458, 457, 456, 516, 789, 455]
	 A0A009SZB5	[461, 460, 459, 458, 457, 456, 516, 789, 455]
	 A0A009HR98	[461, 460, 459, 458, 457, 456, 516, 789, 455]
	 A0A009HL81	[461, 460, 459, 458, 457, 456, 516, 789, 455]

 ### Operon type: 44

	 A0A009Z8F7	[460, 459, 456, 0, 457, 254, 254, 0, 253]

 ### Operon type: 45

	 A0A009HFU9	[32, 31, 30, 29, 648, 556, 28, 27, 0]
	 A0A009R016	[32, 31, 30, 29, 648, -1, 556, 28, 27]

 ### Operon type: 46

	 A0A011UJN3	[0, 289, 0, 0, 628, 627, 626, 625, 624]

 ### Operon type: 47

	 A0A011W213	[628, 627, 626, 625, 624, 623, 0, 0, 0]

 ### Operon type: 48

	 A0A011QIT1	[784, 783, 782, 781, 780, 779, 778, 777, 776]
	 A0A011QUG8	[784, 783, 782, 781, 780, 779, 0, 778, 777]

 ### Operon type: 49

	 A0A011PP01	[850, 849, 848, 847, 846, 845, 844, 843, 842]
	 A0A011NVE7	[850, 849, 848, 847, 846, 845, 844, 843, 842]

 ### Operon type: 50

	 A0A011P2I4	[705, 704, 799, 842, 843, 844, 845, 846, 847]
	 A0A011N9N8	[705, 704, 799, 842, 843, 844, 845, 846, 847]

 ### Operon type: 51

	 A0A011PIY7	[800, 0, 799, 842, 843, 844, 845, 0, 847]

 ### Operon type: 52

	 A0A011Q3J4	[0, 800, 799, 842, 843, 844, 845, 846, 0]

 ### Operon type: 53

	 A0A011MH88	[562, 800, 799, 842, 843, 844, 845, 846, 847]

 ### Operon type: 54

	 A0A013SPM5	[489, 488, 638, 637, 636, 487, 486, 485, 634]
	 A0A010IX62	[489, 488, 638, 637, 636, 487, 486, 485, 634]
	 A0A009QFZ7	[489, 488, 638, 637, 636, 487, 486, 485, 634]
	 A0A009I6Z0	[489, 488, 638, 637, 636, 487, 486, 485, 634]
	 A0A009HSL1	[489, 488, 638, 637, 636, 487, 486, 485, 634]
	 A0A009MH71	[489, 488, 638, 637, 636, 487, 486, 485, 634]
	 A0A009TK03	[489, 488, 638, 637, 636, 487, 486, 485, 634]

 ### Operon type: 55

	 A0A009ZIX8	[0, 639, 638, 637, 636, 635, 0, 634, 0]

 ### Operon type: 56

	 A0A013TPR7	[468, 467, 466, 465, 464, 463, 462, 720, 630]
	 A0A010JJN4	[468, 467, 466, 465, 464, 463, 462, 720, 630]
	 A0A009NI48	[468, 467, 466, 465, 464, 463, 462, 720, -1]
	 A0A009SEP4	[468, 467, 466, 465, 464, 0, 463, 462, 0]
	 A0A009RMI1	[468, 467, 466, 465, 464, 463, 462, 720, 0]
	 A0A009I8I7	[468, 467, 466, 465, 464, 463, 462, 720, 61]
	 A0A009PMT3	[468, 467, 466, 465, 464, 463, 462, 720, 630]
	 A0A009HJJ5	[468, 467, 466, 465, 464, 463, 462, 720, 61]
	 A0A009YG45	[0, 468, 467, 466, 464, 0, 463, 462, 720]

 ### Operon type: 57

	 A0A013TPQ9	[474, 473, 472, 471, 470, 789, 833, 469, 631]
	 A0A013S8F0	[474, 473, 472, 471, 470, 789, 833, 469, 631]
	 A0A009SZ84	[474, 473, 472, 471, 470, 789, 833, 469, 631]
	 A0A010IZH1	[-1, 473, 472, 471, 470, 789, 833, 469, 631]
	 A0A009PMU2	[474, 473, 472, -1, 470, 789, 833, 469, 631]
	 A0A009HJM0	[474, 473, 472, 471, 470, 789, 833, 469, 631]

 ### Operon type: 58

	 A0A009HUS9	[473, 472, 0, 471, 470, 35, -1, 34, 33]

 ### Operon type: 59

	 A0A009ISE1	[463, 462, 720, 33, 34, -1, 35, 470, 471]

 ### Operon type: 60

	 A0A009NPS1	[474, 473, 472, 471, 470, -1, 720, 462, 463]

 ### Operon type: 61

	 A0A009QSI3	[320, 319, 318, 317, 316, 427, 426, 315, -1]
	 A0A013SB36	[320, 319, 318, 317, 316, 427, 426, 315, 257]

 ### Operon type: 62

	 A0A010ITP2	[320, 319, 318, 317, 316, 427, 426, 0, 0]

 ### Operon type: 63

	 A0A009SII9	[-1, 319, 318, 317, 316, 427, 426, 120, 119]

 ### Operon type: 64

	 A0A009T0Q9	[316, 427, 426, 120, 119, 257, 562, 789, 73]

 ### Operon type: 65

	 A0A009YJF4	[0, 427, 426, 51, 50, 562, 789, 0, 73]

 ### Operon type: 66

	 A0A009GP96	[0, 65, 789, 274, 248, 26, 556, 64, 63]

 ### Operon type: 67

	 A0A009GSR4	[274, 248, 26, 556, 64, 63, 63, 62, 0]

 ### Operon type: 68

	 A0A009IIT6	[65, 789, 274, 248, 64, 63, 63, 62, 0]

 ### Operon type: 69

	 A0A011SQL0	[737, 268, -1, 267, 266, 265, 553, 264, 263]
	 A0A011UZ49	[268, -1, 267, 266, 265, 553, 264, 263, 0]

 ### Operon type: 70

	 A0A009PT82	[704, 830, 144, 143, 142, 141, 140, 139, 251]
	 A0A009SIF9	[704, 830, 144, 143, 142, 141, 140, 139, 251]

 ### Operon type: 71

	 A0A009IS10	[363, 0, 0, 0, 142, 141, 140, 0, 0]

 ### Operon type: 72

	 A0A009QHW5	[0, 0, 0, 327, 142, 141, 140, 0, 252]

 ### Operon type: 73

	 A0A011UVB4	[0, 0, 0, 364, 0, 0, 363, 0, 570]

 ### Operon type: 74

	 A0A011V107	[351, -1, 357, 355, 358, 354, 350, 349, 0]
	 A0A011U7M7	[0, 351, -1, 357, 355, 358, 354, 350, 349]

 ### Operon type: 75

	 A0A011TLH0	[359, 358, 357, 356, 355, 354, 0, 0, 0]

 ### Operon type: 76

	 A0A011UG87	[342, 343, 344, 359, 358, 357, 356, 355, 354]

 ### Operon type: 77

	 A0A011TLH7	[344, 343, 342, 0, 0, 0, 0, 0, 0]

 ### Operon type: 78

	 A0A011TWN2	[341, 360, 340, 339, 338, 337, 336, 0, 0]
	 A0A011TAF9	[0, 0, 341, 360, 340, 339, 338, 337, 336]

 ### Operon type: 79

	 A0A011Q5V7	[667, 0, 0, 0, 666, 665, 664, 663, 662]

 ### Operon type: 80

	 A0A011RM25	[666, 665, 664, 663, 662, 770, 0, 416, 0]

 ### Operon type: 81

	 A0A011QDV3	[836, 835, 834, 833, 832, 831, 830, 0, 829]
	 A0A011QIE8	[836, 835, 834, 833, 832, 831, 829, 0, 0]

 ### Operon type: 82

	 A0A011PL71	[697, 696, 695, 694, 693, 705, 692, 691, 0]
	 A0A011QAB0	[696, 695, 694, 0, 693, 705, 692, 691, 0]

 ### Operon type: 83

	 A0A011Q6N5	[661, 660, 659, 0, 0, 0, 658, 657, 658]

 ### Operon type: 84

	 A0A011SGD5	[0, 0, 0, 0, 0, 0, 661, 660, 659]

 ### Operon type: 85

	 A0A011NYU6	[816, 815, 0, 814, 840, 404, 403, 0, 813]

 ### Operon type: 86

	 A0A011PYI6	[816, 815, 0, 814, 840, 813, 812, 811, 0]

 ### Operon type: 87

	 A0A011P1C0	[0, 0, 404, 403, 813, 0, 0, 0, 0]

 ### Operon type: 88

	 A0A011PKU5	[703, 702, 701, 700, 701, 699, 698, 0, 0]
	 A0A011N4G4	[0, 0, 703, 702, 701, 700, 701, 699, 698]

 ### Operon type: 89

	 A0A010ZWJ8	[14, 13, 12, 841, 11, 719, 330, 719, 10]

 ### Operon type: 90

	 A0A011AHW1	[11, 841, 12, 13, 14, 0, 0, 15, 0]

 ### Operon type: 91

	 A0A011AHU9	[330, 719, 10, 0, 0, 0, 0, 22, 562]

 ### Operon type: 92

	 A0A010ZX98	[9, 8, 7, 6, 5, 25, 833, 833, 0]

 ### Operon type: 93

	 A0A011AIL7	[5, 6, 7, 8, 9, 0, 0, 0, 0]

 ### Operon type: 94

	 A0A010YF95	[668, 286, 778, 285, 284, 284, 283, 290, 282]

 ### Operon type: 95

	 A0A010ZJQ6	[286, 778, 285, 284, 284, 283, 290, 282, 0]

 ### Operon type: 96

	 A0A009GXL8	[54, 53, 52, 51, 50, 182, 147, 146, 145]

 ### Operon type: 97

	 A0A010JIW7	[54, 53, 52, 51, 50, 0, 0, 147, 146]

 ### Operon type: 98

	 A0A011QNA5	[0, 869, 868, 867, 0, 866, 865, 864, 863]
	 A0A009ZLJ7	[863, 864, 865, 866, 0, 0, 869, 868, 867]

 ### Operon type: 99

	 A0A013T0T6	[866, 865, 864, 863, 501, 500, 499, 498, 497]
	 A0A009QMH5	[866, 865, 864, 863, 501, 500, 499, 498, 497]
	 A0A009HAX1	[866, 865, 864, 863, 501, 500, 499, 498, 497]
	 A0A009RMD0	[866, 865, 864, 863, 501, 94, 499, 498, 497]
	 A0A009PE10	[866, 865, 864, 863, 501, 94, 499, 498, -1]
	 A0A009ISY0	[866, 865, 864, 863, 501, 94, 499, 498, 497]

 ### Operon type: 100

	 A0A010ILW6	[866, 865, 864, 863, 501, 500, 0, 0, 498]

 ### Operon type: 101

	 A0A009Z9X7	[865, 864, 863, 0, 501, 0, 769, 0, 498]

 ### Operon type: 102

	 A0A013S8V2	[261, 260, 0, 0, 0, 259, 0, 0, 0]
	 A0A009R8E1	[0, 402, 0, 261, 260, 0, 0, 259, 0]

 ### Operon type: 103

	 A0A009ZFR5	[656, 655, 654, 653, 652, 651, 650, 649, 802]
	 A0A009ICH6	[656, 655, 654, 653, 652, 651, 650, 649, 802]

 ### Operon type: 104

	 A0A009RR21	[656, 655, 654, 653, 175, 174, 495, 802, 764]
	 A0A009NQA1	[656, 655, 654, 653, 175, 174, 495, 802, 764]

 ### Operon type: 105

	 A0A009HTN9	[656, 655, 654, 653, 175, 174, 37, 590, 36]
	 A0A009T3J5	[656, 655, 654, 653, 175, 174, 37, 590, 36]

 ### Operon type: 106

	 A0A009Q0U9	[656, 655, 654, 653, 175, 174, -1, -1, 0]

 ### Operon type: 107

	 A0A009IPC3	[168, 169, 103, 102, 101, 100, 99, 170, 171]
	 A0A009QEG7	[168, 169, 103, 102, 101, 100, 99, 170, 171]

 ### Operon type: 108

	 A0A009I573	[159, 0, 49, 172, 0, 60, 101, 102, 103]

 ### Operon type: 109

	 A0A009ILP9	[170, 0, 103, 102, 101, 60, 171, 172, 49]

 ### Operon type: 110

	 A0A009I953	[170, 0, 103, 102, 101, 60, 171, 0, -1]

 ### Operon type: 111

	 A0A009SX74	[710, 738, 0, 172, 171, 170, 169, 168, 167]

 ### Operon type: 112

	 A0A009MMG9	[244, 450, 616, 243, 242, 241, 240, 239, 292]
	 A0A010IPH1	[244, 450, 616, 243, 242, 241, 240, 239, 292]
	 A0A009QVK8	[244, 450, 616, 243, 242, 241, 240, 239, 292]
	 A0A009ICP5	[244, 450, 616, 243, 242, 241, 240, 239, 292]

 ### Operon type: 113

	 A0A009SIV4	[202, 203, 204, 78, 242, 241, 240, 239, 292]
	 A0A009QLL2	[202, 203, 204, 78, 242, 241, 240, 239, 292]
	 A0A009HTW0	[202, 203, 204, 78, 242, 241, 240, 239, 292]
	 A0A013TSJ4	[203, 204, 0, 78, 242, 241, 240, 239, 292]

 ### Operon type: 114

	 A0A013TCN9	[425, 424, 423, 422, 421, 420, 419, 789, 833]
	 A0A009NIJ3	[425, 424, 423, 422, 421, 420, 419, 789, 833]
	 A0A009QNC9	[425, 424, 423, 422, 421, 420, 419, 789, 833]
	 A0A010ITG1	[425, 424, 423, 422, 421, 420, 419, 789, 833]
	 A0A013TRC1	[425, 424, 423, 422, 421, 420, 419, 789, 833]

 ### Operon type: 115

	 A0A009H935	[0, 0, 423, 422, 421, 420, 419, 789, 833]

 ### Operon type: 116

	 A0A009SF48	[238, 237, 236, 235, 234, -1, 123, 811, 122]
	 A0A009QEX0	[238, 237, 236, 235, 234, 123, 123, 811, 122]
	 A0A009IMX3	[238, 237, 236, 235, 234, 123, 123, 811, 122]

 ### Operon type: 117

	 A0A009MR00	[238, 237, 236, 235, 234, 233, 656, 232, 231]
	 A0A013S7V1	[238, 237, 236, 235, 234, 233, 656, 232, 231]
	 A0A009RES7	[238, 237, 236, 235, 234, 233, 656, 232, 231]
	 A0A010ISX2	[238, 237, 236, 235, 234, 233, 656, 232, 231]

 ### Operon type: 118

	 A0A009YTT3	[3, 648, 236, 235, 234, 233, 656, 232, 231]

 ### Operon type: 119

	 A0A009GYP9	[0, 0, 0, 235, 234, 233, 656, 232, 231]

 ### Operon type: 120

	 A0A009ZZC8	[-1, 165, 166, 3, 648, 236, 235, 234, 233]

 ### Operon type: 121

	 A0A011WSE5	[584, 583, 582, 581, 580, 579, 478, 477, 476]
	 A0A011UGX8	[585, 584, 583, 582, 581, 580, 579, 478, 477]

 ### Operon type: 122

	 A0A011VZG0	[586, 0, 585, 584, 583, 582, 581, 580, 579]

 ### Operon type: 123

	 A0A009PJF7	[199, 200, 200, 201, 112, 566, 111, 110, 109]
	 A0A009SJZ7	[364, 199, 200, 201, 112, 566, 111, 110, 109]

 ### Operon type: 124

	 A0A009Z5G0	[566, 201, 200, 0, 479, 199, 364, 298]

 ### Operon type: 125

	 A0A010JJC1	[510, 313, 312, 311, 310, 309, 308, 314, 307]
	 A0A010IZ41	[313, 312, 311, 310, 309, 308, 314, 307, 446]

 ### Operon type: 126

	 A0A009QJL6	[510, 313, 312, 311, 0, 307, 446, 47, 0]

 ### Operon type: 127

	 A0A013TB41	[454, -1, 453, 452, 451, 704, 450, 735, 449]
	 A0A013SGL3	[454, 256, 453, 452, 451, 704, 450, 735, 449]
	 A0A010KAV2	[454, 256, 453, 452, 451, 704, 450, 735, 449]
	 A0A009NE81	[454, 256, 453, 452, 451, 704, 450, 735, 449]
	 A0A009SHB3	[454, 256, 453, 452, 451, 704, 450, 735, 449]
	 A0A009PG53	[454, 256, 453, 452, 451, 704, 450, 735, 449]
	 A0A009RQH3	[454, 256, 453, 452, 451, 704, 450, 735, 449]
	 A0A009I5Z6	[454, 256, 453, 452, 451, 704, 450, 735, 449]

 ### Operon type: 128

	 A0A009H3X4	[454, 256, 453, 452, 451, 704, -1, 683, -1]

 ### Operon type: 129

	 A0A009PIB4	[0, 0, 0, 138, 137, 136, 556, 789, 705]
	 A0A009SLR5	[0, 0, 0, 138, 137, 136, 556, 789, 705]

 ### Operon type: 130

	 A0A009HSU4	[0, 0, 689, 789, 0, 704, 735, 705, 556]

 ### Operon type: 131

	 A0A009I463	[517, 85, 84, 544, 544, 275, 222, 221, 131]
	 A0A009PAG1	[517, 85, 84, 544, 544, 275, 222, 221, 131]

 ### Operon type: 132

	 A0A013SKX6	[0, 0, 517, 0, 544, 544, 275, 222, 221]

 ### Operon type: 133

	 A0A011Q5S3	[776, 670, 0, 0, 0, 0, 669, 674, 668]

 ### Operon type: 134

	 A0A011UZZ4	[0, 669, 674, 0, 0, 0, 353, 353, 668]

 ### Operon type: 135

	 A0A011UTJ0	[0, 0, 0, 390, 389, 388, 728, 387, 386]

 ### Operon type: 136

	 A0A011VMV7	[390, 389, 388, 728, 387, 386, 385, 384, 383]

 ### Operon type: 137

	 A0A011NYT4	[723, 722, 721, 720, 0, 428, 428, 427, 426]

 ### Operon type: 138

	 A0A011P8E9	[0, 0, 723, 722, 0, 721, 720, 0, 0]

 ### Operon type: 139

	 A0A010TF34	[0, -1, 0, 0, 44, 43, 42, 41, 40]
	 A0A010SYH9	[44, 43, 42, 41, 40, 0, 0, 0, 0]

 ### Operon type: 140

	 A0A010S7A1	[82, 81, 80, 345, 0, 79, 0, 0, 0]
	 A0A010TFJ4	[0, -1, 0, 82, 81, 80, 345, -1, 79]

 ### Operon type: 141

	 A0A009PAV9	[70, -1, 616, 69, 544, 556, 162, 163, 164]
	 A0A009HJC2	[70, 833, 616, 69, 544, 556, 162, 163, 164]

 ### Operon type: 142

	 A0A009SE02	[0, 164, 0, 0, 0, 163, 162, 556, 544]

 ### Operon type: 143

	 A0A009RSB7	[735, 656, 715, 249, 173, 789, 789, 294, 224]
	 A0A009SYU8	[735, 656, 715, 249, 173, 789, 789, 294, 224]
	 A0A009HS41	[735, 656, 715, 249, 173, 789, 789, 294, 224]

 ### Operon type: 144

	 A0A013SHA9	[735, 656, 715, 249, 225, 789, 789, 294, 224]
	 A0A010IT25	[735, 656, 715, 249, 225, 789, 789, 294, 224]
	 A0A009I466	[735, 656, 715, 249, 225, 789, 789, 294, 224]

 ### Operon type: 145

	 A0A009NMQ9	[735, 656, 715, 249, 225, 0, 789, 789, 294]

 ### Operon type: 146

	 A0A009P8A9	[0, 0, 715, 249, 173, 789, 789, 294, 224]

 ### Operon type: 147

	 A0A009NJ90	[195, 194, 193, 192, 306, 191, 190, 304, 303]
	 A0A009ITT8	[195, 194, 193, 192, 306, 190, 304, 303, 302]

 ### Operon type: 148

	 A0A009NCH6	[305, 304, 303, 302, 301, 300, 299, 197, 196]
	 A0A009IJ01	[304, 303, 302, 186, 301, 300, 299, 197, 196]

 ### Operon type: 149

	 A0A009RQL5	[304, 303, 302, 176, 301, 300, 299, 197, 0]

 ### Operon type: 150

	 A0A009MGQ8	[306, 0, 305, 304, 303, 302, 301, 300, 299]

 ### Operon type: 151

	 A0A009IJ07	[189, 188, 187, 192, 306, 304, 303, 302, 186]
	 A0A009RHH7	[189, 188, 187, 192, 306, 191, 304, 303, 302]
	 A0A009S6G1	[189, 188, 187, 192, 306, 304, 303, 302, 301]

 ### Operon type: 152

	 A0A009HZK2	[187, 192, 306, 304, 303, 302, 186, 301, 300]

 ### Operon type: 153

	 A0A009R4N4	[192, 306, 191, 304, 303, 302, 176, 301, 300]

 ### Operon type: 154

	 A0A009S5A5	[306, 191, 190, 304, 303, 302, 186, 71, 301]

 ### Operon type: 155

	 A0A009RHH9	[0, 0, 0, 0, 213, 189, 188, 187, 192]

 ### Operon type: 156

	 A0A011PGU1	[0, 0, 709, 858, 857, 856, 708, 707, 706]
	 A0A011MDH1	[522, 0, 709, 858, 857, 856, 708, 707, 706]

 ### Operon type: 157

	 A0A011V0P4	[685, 352, 0, 0, 483, 0, 0, 618, 617]

 ### Operon type: 158

	 A0A011WPV7	[618, 617, 0, 0, 0, 0, 0, 0, 0]

 ### Operon type: 159

	 A0A011UDF3	[858, 563, 0, 0, 0, 335, 569, 568, 763]

 ### Operon type: 160

	 A0A011VSC9	[569, 568, 763, 0, 0, 0, 0, 0, 0]

 ### Operon type: 161

	 A0A011SF89	[514, 513, 512, 0, 0, 0, 0, 0, 0]

 ### Operon type: 162

	 A0A011UCX7	[0, 696, 514, 513, 0, 512, 198, 0, 0]

 ### Operon type: 163

	 A0A011RNP9	[0, 0, 0, 0, 0, 571, 692, 0, 0]

 ### Operon type: 164

	 A0A011V0B5	[517, 0, 0, 0, 0, 0, 571, 0, 0]

 ### Operon type: 165

	 A0A011RQC9	[0, 517, 516, 0, 0, 0, 0, 515, 0]

 ### Operon type: 166

	 A0A011QG28	[860, 859, 858, 0, 857, 856, 855, 854, 853]
	 A0A011RIM8	[860, 859, 0, 0, 857, 856, 855, 854, 853]

 ### Operon type: 167

	 A0A011PHI6	[740, 0, 786, 0, 0, 785, 781, 739, 0]

 ### Operon type: 168

	 A0A011QI68	[0, 0, 786, 785, 0, 0, 0, 0, 0]

 ### Operon type: 169

	 A0A011NVJ6	[433, 594, 593, 592, 591, 590, 0, 0, 432]

 ### Operon type: 170

	 A0A011PVP2	[0, 594, 593, 592, 591, 590, 0, 0, 798]

 ### Operon type: 171

	 A0A011NXY7	[0, 0, 593, 0, 591, 0, 0, 0, 0]

 ### Operon type: 172

	 A0A011QR69	[768, 767, 802, 766, 765, 764, 0, 0, 0]
	 A0A011NUB4	[768, 767, 802, 766, 765, 764, 0, 623, 0]

 ### Operon type: 173

	 A0A011NN36	[767, 802, 0, 0, 765, 764, 0, 0, 0]

 ### Operon type: 174

	 A0A011PK69	[802, 714, 0, 0, 765, 764, 0, 0, 0]

 ### Operon type: 175

	 A0A011NYD6	[599, 871, 870, 430, 429, 598, 597, 596, 595]
	 A0A011RMI6	[599, 871, 870, 430, 429, 598, 597, 596, 595]

 ### Operon type: 176

	 A0A011QB28	[600, 599, 871, 0, 0, 598, 597, 596, 595]

 ### Operon type: 177

	 A0A011NF33	[0, 598, 597, 0, 0, 0, 0, 0, 0]

 ### Operon type: 178

	 A0A011NBY4	[612, 0, 0, 611, 0, 0, 610, 0, 0]

 ### Operon type: 179

	 A0A011WRT0	[612, 0, 0, 0, 0, 0, 0, 811, 0]

 ### Operon type: 180

	 A0A011SHV5	[0, 0, 0, 0, 0, 684, 811, 510, 0]

 ### Operon type: 181

	 A0A011NB95	[0, 771, 0, 0, 0, 0, 616, 615, 614]

 ### Operon type: 182

	 A0A011UHT4	[47, 578, 615, 0, 0, 46, 46, 614, 0]

 ### Operon type: 183

	 A0A010Z1W7	[0, 0, 0, 0, 0, 220, 0, 672, 673]

 ### Operon type: 184

	 A0A011VY84	[0, 0, 673, 672, 0, 0, 0, 0, 0]

 ### Operon type: 185

	 A0A010YW85	[0, 0, 0, 0, 0, 245, 0, 672, 673]

 ### Operon type: 186

	 A0A010ZMA0	[672, 632, 0, 0, 0, 0, 0, 0, 0]

 ### Operon type: 187

	 A0A011N5L2	[0, 0, 0, 632, 0, 631, 630, 0, 0]

 ### Operon type: 188

	 A0A009MJ75	[0, 0, 131, 130, 129, 0, 0, 0, 274]

 ### Operon type: 189

	 A0A010IH51	[0, 292, 0, 0, 129, 0, 274, 0, 0]

 ### Operon type: 190

	 A0A011TYT7	[0, 0, 0, 0, 0, 0, 292, 291, 291]

 ### Operon type: 191

	 A0A010RRR9	[0, 0, 0, 0, 794, 0, 0, 346, 274]

 ### Operon type: 192

	 A0A010SIA7	[0, 0, 346, 345, 0, 0, 0, 0, 0]

 ### Operon type: 193

	 A0A010RFQ9	[0, 0, 643, 0, 396, 0, 0, 0, 0]

 ### Operon type: 194

	 A0A010SPR9	[19, 19, 0, 0, 0, 396, 0, 0, 0]

 ### Operon type: 195

	 A0A009LNU8	[550, 552, 553, 554, 0, 21, 0, 556, 0]

 ### Operon type: 196

	 A0A013SRG6	[555, 554, 553, 552, 0, 551, 0, 550, 549]

 ### Operon type: 197

	 A0A009IQU8	[0, 552, 0, 0, 0, 551, 549, 0, 0]

 ### Operon type: 198

	 A0A010K2K8	[553, 554, 555, 0, 0, 0, 0, -1, 556]

 ### Operon type: 199

	 A0A011NPR8	[0, 549, 0, 0, 0, 0, 399, 0, 0]

 ### Operon type: 200

	 A0A010SEA2	[670, 399, 347, 0, 0, 0, 0, 0, 0]

 ### Operon type: 201

	 A0A010IGH8	[0, 0, 0, 0, 0, 0, 0, 293, 294]

 ### Operon type: 202

	 A0A010STD3	[0, 0, 0, 334, 333, 332, 0, 294, 293]

 ### Operon type: 203

	 A0A010SQJ5	[216, 243, 0, 334, 333, 332, 0, 0, 0]

 ### Operon type: 204

	 A0A013RVV2	[425, 0, 296, 295, 0, 0, 294, 293, 0]

 ### Operon type: 205

	 A0A011TD67	[335, 0, 0, 334, 333, 332, 331, 0, 330]

 ### Operon type: 206

	 A0A009ZC12	[0, 0, 0, 334, 0, 332, 331, 250, 761]

 ### Operon type: 207

	 A0A009YSC7	[0, 0, 610, 1, 0, 1, 296, 295, 0]

 ### Operon type: 208

	 A0A009ZJK4	[0, 0, 0, 0, 0, 0, 656, 633, 0]

 ### Operon type: 209

	 A0A010SVN1	[-1, 633, 789, 226, 361, 0, 0, 656, 0]

 ### Operon type: 210

	 A0A009QGN4	[91, 90, 89, 88, 87, 86, 0, 0, 0]
	 A0A009PFK7	[91, 90, 89, 88, 87, 0, 0, 86, 0]

 ### Operon type: 211

	 A0A009YR20	[0, 86, 0, 0, 0, 0, 90, 0, 0]

 ### Operon type: 212

	 A0A009SCM5	[97, 96, 95, 0, 0, 0, 0, 0, 0]

 ### Operon type: 213

	 A0A009TJ77	[167, 75, 0, 0, 0, 0, 97, 96, 95]

 ### Operon type: 214

	 A0A009HZV2	[0, 0, 0, 0, 153, 152, 191, 0, 0]

 ### Operon type: 215

	 A0A009QPE7	[0, 0, 0, 0, 153, 152, 0, 0, 0]

 ### Operon type: 216

	 A0A009MGR3	[0, 0, 57, 0, 490, 71, 29, 68, 67]

 ### Operon type: 217

	 A0A009Q4G0	[0, 58, 57, 0, 490, 0, 68, 67, 68]

 ### Operon type: 218

	 A0A009PB53	[0, 0, 150, 149, 490, 68, 67, 68, 148]

 ### Operon type: 219

	 A0A009PUJ8	[0, 150, 149, 490, 0, 148, 147, 146, 145]

 ### Operon type: 220

	 A0A009QQC0	[151, 0, 230, 789, 228, 228, 227, 469, 226]
	 A0A009H7I0	[151, 0, 0, 789, 228, 228, 227, 469, 226]

 ### Operon type: 221

	 A0A009MVG4	[230, 0, 229, 789, 228, 228, 227, 469, 226]

 ### Operon type: 222

	 A0A010J377	[77, 76, 735, 789, 228, 228, 227, 469, 226]
	 A0A009QA91	[77, 76, 735, 789, 228, 228, 227, 469, 226]

 ### Operon type: 223

	 A0A009S1X4	[77, 76, 735, 789, 228, 228, 789, 0, 114]

 ### Operon type: 224

	 A0A013SHF4	[0, 0, 229, 789, 228, 228, 0, 223, 0]

 ### Operon type: 225

	 A0A011PJK8	[689, 688, 687, 788, 787, 686, 0, 0, 0]
	 A0A011N3C3	[0, 0, 0, 689, 688, 687, 788, 787, 686]

 ### Operon type: 226

	 A0A011WKI4	[0, 0, 0, 0, 0, 690, 622, 621, 620]
	 A0A011UWH1	[690, 622, 621, 620, 0, 0, 0, 0, 0]

 ### Operon type: 227

	 A0A010YKP2	[0, 0, 0, 0, 0, 0, 432, 348, 0]

 ### Operon type: 228

	 A0A011V1A2	[352, 0, 0, 348, 0, 0, 0, 0, 0]

 ### Operon type: 229

	 A0A011NGS0	[0, 0, 0, 0, 819, 818, 0, 0, 0]

 ### Operon type: 230

	 A0A011PW61	[0, 0, 0, 0, 819, 818, 0, 0, 817]

 ### Operon type: 231

	 A0A011UXI1	[0, 712, 0, 0, 819, 818, 329, 0, 0]

 ### Operon type: 232

	 A0A011SWI9	[-1, -1, 0, 740, 819, 818, 329, -1, -1]

 ### Operon type: 233

	 A0A011P952	[818, 0, 716, 0, 0, 716, 0, 0, 0]

 ### Operon type: 234

	 A0A011Q1B3	[525, 739, 524, 523, 524, 798, 522, 0, 0]
	 A0A011QVV5	[0, 0, 525, 739, 524, 523, 524, 798, 522]

 ### Operon type: 235

	 A0A011NSG8	[0, 0, 0, 739, 524, 523, 0, 524, 0]

 ### Operon type: 236

	 A0A011P0X4	[0, 0, 522, 0, 524, 0, 0, 523, 402]

 ### Operon type: 237

	 A0A010YNY9	[0, 0, 104, 38, 0, 0, 0, 0, 272]

 ### Operon type: 238

	 A0A011AC71	[114, 0, 0, 255, 0, 104, 38, 0, 735]

 ### Operon type: 239

	 A0A011QLX0	[0, 873, 0, 0, 872, 0, 871, 870, 0]
	 A0A011PRW6	[873, 0, 0, 0, 872, 871, 870, 0, 0]

 ### Operon type: 240

	 A0A010SML6	[0, 871, 870, -1, 0, 738, 0, 0, 0]

 ### Operon type: 241

	 A0A010RS09	[0, 0, 0, 0, 41, 0, 683, 683, 0]

 ### Operon type: 242

	 A0A010RTE7	[0, 0, 0, 0, 0, 0, 41, 75, 0]

 ### Operon type: 243

	 A0A009P817	[135, 0, 0, 0, 134, 0, 247, 133, 132]

 ### Operon type: 244

	 A0A009TIY0	[0, 0, 0, 0, 134, 0, 247, 133, 0]

 ### Operon type: 245

	 A0A009QKA3	[247, 133, 0, 132, 0, 0, 0, 0, 91]

 ### Operon type: 246

	 A0A009HSR2	[0, 158, 157, 0, 156, 126, 155, 191, 127]

 ### Operon type: 247

	 A0A009SWM1	[0, 158, 157, 0, 156, 0, 0, 155, 0]

 ### Operon type: 248

	 A0A009MYX0	[128, 127, 0, 689, 0, 0, 155, 126, 125]

 ### Operon type: 249

	 A0A009QK79	[0, 0, 125, 126, 0, 155, 0, 0, 127]

 ### Operon type: 250

	 A0A009GXJ1	[215, 214, 126, 155, 55, 191, 127, 128, 0]

 ### Operon type: 251

	 A0A013TKW8	[0, 861, 0, 556, 409, 408, 407, 406, 405]
	 A0A009QT77	[0, 0, -1, 556, 409, 408, 407, 406, 405]
	 A0A010IT95	[0, 0, 0, 556, 409, 408, 407, 406, 405]
	 A0A009S0T6	[0, 0, 556, 72, 409, 408, 407, 406, 405]
	 A0A009PRQ9	[0, 556, 72, 0, 409, 408, 407, 406, 405]
	 A0A009GWD0	[191, 0, 0, 556, 409, 408, 407, 406, 405]
	 A0A009I5G9	[0, 0, 556, 72, 409, 408, 407, 406, 405]
	 A0A009MH36	[0, 0, 0, 556, 409, 408, 407, 406, 405]

 ### Operon type: 252

	 A0A013TMJ7	[833, -1, 0, 556, 409, 406, 405, 0, 0]

 ### Operon type: 253

	 A0A011VXC2	[-1, 682, 0, 838, 681, 680, 679, 678, 677]
	 A0A011V392	[682, 0, 838, 681, 680, 679, 0, 678, 677]

 ### Operon type: 254

	 A0A011V490	[586, 587, 0, 677, 678, 679, 680, 681, 838]

 ### Operon type: 255

	 A0A011VZF5	[0, 0, 681, 680, 679, 696, 587, 696, 0]

 ### Operon type: 256

	 A0A011WLE7	[0, 0, 0, 0, 0, 619, 0, 0, 0]
	 A0A011VU44	[0, 0, 0, 0, 0, 619, 0, 0, 0]

 ### Operon type: 257

	 A0A011VAP2	[0, 0, 382, 0, 0, 0, 0, 0, 482]

 ### Operon type: 258

	 A0A011VRJ8	[0, 0, 0, 0, 0, 0, 382, 0, 0]

 ### Operon type: 259

	 A0A011RNU1	[0, 0, 0, 0, 0, 0, 391, 391, 392]

 ### Operon type: 260

	 A0A011VKJ9	[0, 0, 0, 0, 0, 0, 392, 391, -1]

 ### Operon type: 261

	 A0A011PQZ7	[0, 0, 0, 841, 840, 0, 839, 0, 0]

 ### Operon type: 262

	 A0A011TUX4	[0, 0, 0, 0, 840, 0, 0, 839, 0]

 ### Operon type: 263

	 A0A011STZ9	[0, 0, 0, 839, 0, 0, 0, 0, 0]

 ### Operon type: 264

	 A0A011PRF5	[837, 0, 0, 0, 0, 0, 0, 0, 0]
	 A0A011PUJ9	[0, 0, 0, 0, 0, 0, 0, 0, 837]

 ### Operon type: 265

	 A0A011PFY8	[0, 0, 0, 0, 0, 0, 0, 0, 851]

 ### Operon type: 266

	 A0A011PNS3	[852, 851, 0, 0, 0, 0, 0, 0, 0]

 ### Operon type: 267

	 A0A011T648	[0, 851, 0, 0, 0, 0, 0, 802, 0]

 ### Operon type: 268

	 A0A010YYJ5	[0, 0, 0, 696, 0, 0, 0, 124, 124]

 ### Operon type: 269

	 A0A011NDM5	[696, 0, 0, 0, 0, 0, 0, 0, 0]

 ### Operon type: 270

	 A0A011MSR2	[0, 0, 0, 609, 0, 0, 0, 696, 696]

 ### Operon type: 271

	 A0A011WSU6	[0, 696, 0, 0, 678, 0, 0, 0, 0]

 ### Operon type: 272

	 A0A011AEN3	[0, 0, 0, 0, 0, 0, 855, 0, 0]
	 A0A011U3C2	[0, 0, 855, 0, 0, 0, 0, 0, 0]

 ### Operon type: 273

	 A0A011AAZ2	[0, 401, 0, 0, 0, 855, 855, 855, 0]

 ### Operon type: 274

	 A0A011T698	[0, 0, 0, 0, 0, 735, 855, 0, 0]

 ### Operon type: 275

	 A0A010YRE8	[0, 0, 0, 0, 0, 0, 0, 25, 0]

 ### Operon type: 276

	 A0A011AF05	[0, 0, 114, 25, 0, 0, 0, 0, 0]

 ### Operon type: 277

	 A0A009ZG48	[0, 0, 0, 861, 0, 0, 0, 0, 0]

 ### Operon type: 278

	 A0A011PEJ8	[0, 0, 746, 861, 0, 0, 0, 0, 0]

 ### Operon type: 279

	 A0A011QNJ7	[862, 0, 0, 861, 0, 0, 0, 862, 0]

 ### Operon type: 280

	 A0A011MMJ4	[0, 0, 0, 0, 0, 0, 0, 862, 0]

 ### Operon type: 281

	 A0A011R8M3	[0, 0, 746, 861, 0, 328, 0, 862, 0]

 ### Operon type: 282

	 A0A009ZC82	[0, 0, 737, 0, 0, 0, 0, 0, 0]

 ### Operon type: 283

	 A0A011P3F6	[738, 0, 0, 737, 0, 0, 0, 0, 0]

 ### Operon type: 284

	 A0A009IG48	[0, 0, 0, 154, 66, 0, 0, 0, 738]

 ### Operon type: 285

	 A0A009IMQ0	[0, 0, 0, 154, 66, 0, 0, 0, 0]

 ### Operon type: 286

	 A0A009SWV1	[0, 0, 0, 0, 0, 0, 0, 154, 0]

 ### Operon type: 287

	 A0A009Q512	[0, 0, 0, 0, 56, 0, 0, 0, 0]
	 A0A009PMZ9	[56, 0, 0, 0, 0, 0, 0, 0, 0]

 ### Operon type: 288

	 A0A009IFL2	[0, 273, 0, 59, -1, 0, 0, 0]

 ### Operon type: 289

	 A0A009ZDS1	[-1, -1, 0, 273, 0, 0, 313, 0, 0]

 ### Operon type: 290

	 A0A010SNM6	[106, 105, -1, 0, 0, 0, 833, 0, 0]

 ### Operon type: 291

	 A0A010T5D8	[105, 106, 0, -1, 0, -1, 446, 0, 0]

 ### Operon type: 292

	 A0A011UB51	[671, 0, 0, 0, 0, 0, 0, 0, 0]
	 A0A011UFH1	[0, 0, 0, 0, 0, 671, 0, 0, 0]

 ### Operon type: 293

	 A0A011VHP2	[0, -1, -1, -1, 395, 0, 0, 0, 0]
	 A0A011V965	[0, -1, -1, 0, 395, 0, -1, -1, 0]

 ### Operon type: 294

	 A0A010RVD0	[-1, 0, 0, -1, 0, 821, 821, 0, 20]

 ### Operon type: 295

	 A0A010T7Q5	[0, 20, 0, 0, 0, 0, -1, 0, 0]

 ### Operon type: 296

	 A0A010SJH7	[0, 0, 833, -1, 0, 0, 227, 0, 0]

 ### Operon type: 297

	 A0A010SRR2	[0, 0, -1, 0, 0, 0, 0, 0, 833]

 ### Operon type: 298

	 A0A010RY47	[-1, 0, -1, 0, 0, 0, 0, 0, 0]
	 A0A010TF14	[-1, 0, 0, 0, 0, 0, 0, 0, 0]
	 A0A010RKP8	[0, 0, 0, 0, 0, 0, -1, 0, 0]
	 A0A011UZ32	[0, 0, 0, 0, 0, -1, 0, 0, 0]
	 A0A009HJU6	[0, 0, 0, 0, 0, 0, 0, 0, -1]

 ### Operon type: 299

	 A0A010SJF9	[0, 0, 0, 0, 0, -1, 0, 107, -1]

 ### Operon type: 300

	 A0A011ML54	[0, 0, 0, 561, 0, 0, 0, 0, -1]

 ### Operon type: 301

	 A0A011NHY1	[0, 0, 0, 0, 0, 833, 0, 0, 0]

 ### Operon type: 302

	 A0A010Z171	[0, 0, 0, 0, 0, 0, 833, 0, 689]

 ### Operon type: 303

	 A0A011T697	[833, 0, 0, 0, 0, 0, 0, 0, 247]

 ### Operon type: 304

	 A0A011TDD1	[0, 362, 833, 0, 0, 0, 0, 0, 0]

 ### Operon type: 305

	 A0A011VW24	[0, 0, 770, 0, 0, 0, 0, 0, -1]

 ### Operon type: 306

	 A0A011T8V3	[0, 0, 770, 0, 0, 0, 0, 0, 0]

 ### Operon type: 307

	 A0A010TH98	[817, 0, 0, 770, 0, 0, 0, 0, 0]

 ### Operon type: 308

	 A0A011QVR3	[0, 0, 0, 0, 0, 0, 0, 771, 770]

 ### Operon type: 309

	 A0A011VYF1	[770, 0, 0, 0, 0, 0, 671, 0, 0]

 ### Operon type: 310

	 A0A010S415	[-1, 770, 0, 226, 0, 0, 0, 0, 323]

 ### Operon type: 311

	 A0A011QMJ8	[0, 0, 0, 0, 0, 0, 0, 0, 0]
	 A0A011Q056	[0, 0, 0, 0, 0, 0, 0, 0, 0]
	 A0A011QSN2	[0, 0, 0, 0, 0, 0, 0, 0, 0]
	 A0A011PBM9	[0, 0, 0, 0, 0, 0, 0, 0, 0]
	 A0A011P9Z5	[0, 0, 0, 0, 0, 0, 0, 0, 0]
	 A0A011PNN2	[0, 0, 0, 0, 0, 0, 0, 0, 0]
	 A0A011VYF6	[0, 0, 0, 0, 0, 0, 0, 0, 0]
	 A0A011NAJ1	[0, 0, 0, 0, 0, 0, 0, 0, 0]
	 A0A011N2Z0	[0, 0, 0, 0, 0, 0, 0, 0, 0]
	 A0A011NTU3	[0, 0, 0, 0, 0, 0, 0, 0, 0]
	 A0A013TEV4	[0, 0, 0, 0, 0, 0, 0, 0, 0]
	 A0A010ZTI3	[0, 0, 0, 0, 0, 0, 0, 0, 0]
	 A0A011NMI8	[0, 0, 0, 0, 0, 0, 0, 0, 0]
	 A0A011VNE2	[0, 0, 0, 0, 0, 0, 0, 0, 0]
	 A0A010SHY1	[0, 0, 0, 0, 0, 0, 0, 0, 0]
	 A0A009M4K0	[0, 0, 0, 0, 0, 0, 0, 0, 0]
	 A0A013SL47	[0, 0, 0, 0, 0, 0, 0, 0, 0]
	 A0A011WUT3	[0, 0, 0, 0, 0, 0, 0, 0, 0]
	 A0A013SBR8	[0, 0, 0, 0, 0, 0, 0, 0, 0]
	 A0A013S2B9	[0, 0, 0, 0, 0, 0, 0, 0, 0]
	 A0A011UHL2	[0, 0, 0, 0, 0, 0, 0, 0, 0]
	 A0A011UBN9	[0, 0, 0, 0, 0, 0, 0, 0, 0]
	 A0A009MH90	[0, 0, 0, 0, 0, 0, 0, 0, 0]
	 A0A009PDV4	[0, 0, 0, 0, 0, 0, 0, 0, 0]
	 A0A011UFM5	[0, 0, 0, 0, 0, 0, 0, 0, 0]
	 A0A010YJA7	[0, 0, 0, 0, 0, 0, 0, 0, 0]
	 A0A009HIL8	[0, 0, 0, 0, 0, 0, 0, 0, 0]
	 A0A010SPJ7	[0, 0, 0, 0, 0, 0, 0, 0, 0]
	 A0A010T025	[0, 0, 0, 0, 0, 0, 0, 0, 0]
	 A0A010SSQ8	[0, 0, 0, 0, 0, 0, 0, 0, 0]
	 A0A011A146	[0, 0, 0, 0, 0, 0, 0, 0, 0]
	 A0A010YZS8	[0, 0, 0, 0, 0, 0, 0, 0, 0]
	 A0A010Z120	[0, 0, 0, 0, 0, 0, 0, 0, 0]

 ### Operon type: 312

	 A0A010TG27	[690, 0, 45, 0, 0, 0, 789, 0, 0]

 ### Operon type: 313

	 A0A011PMK1	[0, 0, 0, 0, 0, 0, 0, 690, 0]

 ### Operon type: 314

	 A0A009HM15	[0, 299, 197, 0, 0, 0, -1, 0, 0]

 ### Operon type: 315

	 A0A009HRU1	[0, 126, 0, 0, 0, 0, 0, 0, 0]

 ### Operon type: 316

	 A0A009HSN8	[0, 58, 0, 0, 0, -1, 0, 148, -1]

 ### Operon type: 317

	 A0A009HV82	[147, 0, 0, 0, 0, 0, 0, 0, 0]

 ### Operon type: 318

	 A0A009IG74	[0, 0, 130, 0, 544, -1, 0, 0, 0]

 ### Operon type: 319

	 A0A009IJ90	[0, 167, 0, 0, 0, 0, 0, 0, 0]

 ### Operon type: 320

	 A0A009NM94	[0, 676, 676, 0, 0, 0, 362, 0, 0]

 ### Operon type: 321

	 A0A009Q4N5	[0, 0, 135, 0, 0, 0, 0, 0, 0]

 ### Operon type: 322

	 A0A009SSZ9	[0, 159, 0, 0, 0, 0, 0, 0, 0]

 ### Operon type: 323

	 A0A009YIH1	[0, 0, 0, 0, 301, 0, -1, -1, 2]

 ### Operon type: 324

	 A0A009YR05	[0, 0, 0, 0, 389, 0, 0, 0, 0]

 ### Operon type: 325

	 A0A009Z004	[205, 0, 205, 0, 0, 689, 0, 0, 0]

 ### Operon type: 326

	 A0A010RUQ5	[0, 0, 0, 0, 0, 0, 0, 0, 161]

 ### Operon type: 327

	 A0A010S195	[737, 0, 220, 219, 0, 0, 0, 0, 0]

 ### Operon type: 328

	 A0A010SCZ2	[0, 0, 0, 0, 0, 0, 0, 481, 0]

 ### Operon type: 329

	 A0A010SN41	[0, 0, 0, 0, 557, 0, 0, 0, 0]

 ### Operon type: 330

	 A0A010SSU2	[0, 0, 0, 0, 55, 0, -1, 717, 0]

 ### Operon type: 331

	 A0A010SUP6	[0, 0, 0, 0, 0, 0, 0, 219, 0]

 ### Operon type: 332

	 A0A010SUY9	[0, 0, 0, 0, 0, 328, 746, 0]

 ### Operon type: 333

	 A0A010THK2	[0, 0, -1, 0, 0, 683, 689, 0, 0]

 ### Operon type: 334

	 A0A010SRL4	[45, 0, 0, -1, 0, 0, 0, 689, 98]

 ### Operon type: 335

	 A0A010YX61	[453, 855, 0, 770, 0, 0, 0, 0, 0]

 ### Operon type: 336

	 A0A010S5W8	[0, 0, 609, 798, 0, 0, 0, 0, 0]

 ### Operon type: 337

	 A0A011NE37	[589, 0, 0, 0, 0, 0, 0, 0, 0]

 ### Operon type: 338

	 A0A011NF78	[0, 0, 760, 0, 0, 0, 0, 0, 0]

 ### Operon type: 339

	 A0A011NVE2	[0, 0, 0, 802, 0, 0, 833, 0, 475]

 ### Operon type: 340

	 A0A011NXJ4	[0, 0, 0, 0, 0, 0, 0, 0, 431]

 ### Operon type: 341

	 A0A011P8I1	[0, 0, 853, 855, 0, 0, 0, 0, 719]

 ### Operon type: 342

	 A0A011P9Q7	[715, 0, 0, 0, 0, 0, 0, 0, 0]

 ### Operon type: 343

	 A0A011PJ75	[0, 802, 801, 802, 0, 0, 0, 0, 0]

 ### Operon type: 344

	 A0A011PRB4	[0, 0, 0, 0, 0, 0, 0, 838, 0]

 ### Operon type: 345

	 A0A011QVT2	[769, 0, 0, 0, 0, 0, 0, 852, 0]

 ### Operon type: 346

	 A0A011RP14	[0, 0, 0, 0, 0, 0, 0, 518, 0]

 ### Operon type: 347

	 A0A011SM49	[833, 0, 518, 0, 0, 0, 269, 0, 0]

 ### Operon type: 348

	 A0A011AM27	[839, 0, 0, 0, 464, 0, 0, 0, 218]

 ### Operon type: 349

	 A0A011T607	[0, 0, 798, 0, 0, 0, 0, 0, 362]

 ### Operon type: 350

	 A0A011TAW2	[0, 0, 0, 0, 0, 0, 548, 0, 0]

 ### Operon type: 351

	 A0A011TED9	[0, 0, 0, 0, 0, 360, 0, 0, 0]

 ### Operon type: 352

	 A0A011TXS5	[0, 262, 0, 0, 0, 0, 0, 0, 0]

 ### Operon type: 353

	 A0A011U144	[0, 161, 0, 0, 0, 0, 431, 636, 0]

 ### Operon type: 354

	 A0A011U1C8	[735, 0, 0, 0, 0, 0, 0, 0, 160]

 ### Operon type: 355

	 A0A011U483	[0, 0, 0, 0, 0, 734, 0, 0, 0]

 ### Operon type: 356

	 A0A011UG86	[0, 739, 0, 0, 0, 107, 0, 0, 0]

 ### Operon type: 357

	 A0A011UQB5	[511, 611, 0, 0, 0, 0, 0, 671, 0]

 ### Operon type: 358

	 A0A011UVI5	[0, 0, 0, 0, 0, 272, 802, 802, 0]

 ### Operon type: 359

	 A0A011UWI3	[0, 0, 0, 0, 137, 0, 83, 737, 0]

 ### Operon type: 360

	 A0A011V5E6	[0, 0, 0, 0, 0, 476, 0, 0, 0]

 ### Operon type: 361

	 A0A011M4H6	[482, 0, 217, 0, 0, 0, 0, 0, 0]

 ### Operon type: 362

	 A0A011VSV3	[0, 0, 0, 0, 0, 0, 858, 0, 0]

 ### Operon type: 363

	 A0A011VWI0	[0, 0, 0, 0, 0, 578, 0, 0, 0]

 ### Operon type: 364

	 A0A011VZ91	[620, 0, 0, 0, 0, 0, 0, 0, 0]

 ### Operon type: 365

	 A0A011WP76	[0, 0, 0, 0, 0, 0, 0, 0, 778]

 ### Operon type: 366

	 A0A011WSD4	[0, 0, 0, -1, 0, 696, 0, 0, 587]

 ### Operon type: 367

	 A0A011WT35	[587, 0, 0, 0, 0, 0, 0, 0, 0]

 ### Operon type: 368

	 A0A013S843	[0, 469, 0, 0, 0, 0, -1, 216, 0]

 ### Operon type: 369

	 A0A013T5E6	[0, 0, 0, 490, 0, 0, 0, 0, 0]

 ### Operon type: 370

	 A0A009T185	[767, 0, 801, 801, 212, 802, 801, 289, 590]

 ### Operon type: 371

	 A0A010IN36	[108, 833, 0, 0, 212, 802, 801, 289, 590]

 ### Operon type: 372

	 A0A009PG43	[802, 801, 415, 852, 0, 289, 590, 0, 0]

 ### Operon type: 373

	 A0A009INE0	[108, 0, 0, 0, 0, 0, 0, 801, 289]

 ### Operon type: 374

	 A0A009T9H0	[0, 2, 738, -1, 0, 0, 155, 0, 126]

 ### Operon type: 375

	 A0A010THH5	[0, 347, 273, 272, 0, 0, 510, 0, 313]

 ### Operon type: 376

	 A0A011VZE3	[0, 0, 0, 789, 503, 0, 0, 0, 0]
	 A0A011WSH8	[0, 0, 0, 789, 503, 0, 0, 0, 0]

 ### Operon type: 377

	 A0A011NAF3	[0, 0, 0, 0, 0, 0, 789, 0, 845]

 ### Operon type: 378

	 A0A009IQ93	[198, 0, 789, 0, 0, 98, 0, 0, 0]

 ### Operon type: 379

	 A0A009Q8S9	[0, 0, 738, 540, 0, 288, 0, 0, 0]

 ### Operon type: 380

	 A0A009TLU4	[0, 262, -1, 21, 0, 18, 0, -1, -1]

 ### Operon type: 381

	 A0A009ZB47	[252, 251, 0, 0, 0, 696, 311, 0, 0]

 ### Operon type: 382

	 A0A009ZVR4	[516, 0, 855, 0, 0, 124, 0, 0, 253]

 ### Operon type: 383

	 A0A010JIN9	[311, 0, 0, 75, 171, 0, 0, 0, 0]

 ### Operon type: 384

	 A0A010S003	[707, 0, 0, 0, 0, 739, 739, 243, 0]

 ### Operon type: 385

	 A0A010SMN8	[0, -1, 104, 0, 396, 0, 0, 711, 0]

 ### Operon type: 386

	 A0A010SXS1	[0, 415, 0, 0, 0, 626, 0, 0, 852]

 ### Operon type: 387

	 A0A010T689	[218, -1, 510, 571, 0, 0, 0, 0, 0]

 ### Operon type: 388

	 A0A010TBB4	[0, 641, 0, 107, 0, 0, 0, 0, 735]

 ### Operon type: 389

	 A0A010YFK3	[0, 663, 0, 0, 0, 0, 564, 0, 160]

 ### Operon type: 390

	 A0A010YVY1	[24, 0, 24, 0, 0, 0, 0, 243, 0]

 ### Operon type: 391

	 A0A010ZSZ2	[0, 401, 0, 635, 400, 0, 0, 0, 0]

 ### Operon type: 392

	 A0A010Z0Y7	[0, 0, 0, 0, 400, 226, 0, 0, 0]

 ### Operon type: 393

	 A0A011A0M8	[0, 0, 689, 0, 59, 0, 0, 4, 4]

 ### Operon type: 394

	 A0A011NFL4	[0, 560, 0, 0, 559, 690, 0, 558, 0]

 ### Operon type: 395

	 A0A011P407	[0, 0, 736, 811, 0, 0, 735, 0, 734]

 ### Operon type: 396

	 A0A011QGT2	[789, 0, 0, 788, 787, 0, 0, 0, 0]

 ### Operon type: 397

	 A0A011QSA4	[763, 0, 762, 761, 0, 0, 0, 0, 760]

 ### Operon type: 398

	 A0A011T6J6	[0, 667, 0, 855, 0, 0, 246, 0, 245]

 ### Operon type: 399

	 A0A011TAL2	[0, 798, 0, 0, 0, 255, 0, 432, 0]

 ### Operon type: 400

	 A0A011TZG0	[689, 657, 0, 0, 0, 0, 0, 410, 0]

 ### Operon type: 401

	 A0A011UGY3	[478, 477, 476, 48, 0, 0, 0, 48, 0]

 ### Operon type: 402

	 A0A011UII7	[0, 0, 0, 0, 0, 475, 290, 0, 0]

 ### Operon type: 403

	 A0A011UNT9	[288, 287, 0, 0, 0, 0, 0, 0, 0]

 ### Operon type: 404

	 A0A011SIS0	[0, 603, 271, 271, 0, 0, 0, 287, 0]

 ### Operon type: 405

	 A0A011UT49	[0, 401, 0, 0, 0, 0, 415, 393, 0]

 ### Operon type: 406

	 A0A011VU65	[565, 0, 0, 0, 0, 564, 0, 858, 563]

 ### Operon type: 407

	 A0A011VV03	[0, 484, 0, 0, 483, 482, 0, 0, 0]

 ### Operon type: 408

	 A0A011VVZ9	[0, 0, -1, 0, 0, 481, 480, 480, 479]

 ### Operon type: 409

	 A0A011VWX7	[852, 685, 0, 0, 0, 0, 0, 684, 0]

 ### Operon type: 410

	 A0A011VXK7	[676, 676, 0, 675, 0, 0, 0, 674, 0]

 ### Operon type: 411

	 A0A011W0I6	[502, 0, 0, 0, 0, 698, 0, 561, 0]

 ### Operon type: 412

	 A0A010YEF6	[0, 502, 0, 0, 0, 0, 0, 0, 39]

 ### Operon type: 413

	 A0A013SQH1	[0, 0, 0, 0, 557, 713, 0, 556, 616]

 ### Operon type: 414

	 A0A009QJA8	[146, 145, 0, 0, 0, 0, 0, 0, 533]

 ### Operon type: 415

	 A0A009YL68	[0, 0, 735, 454, 451, 0, 0, 250, 0]

 ### Operon type: 416

	 A0A010JNG7	[556, 0, 0, 314, 0, 0, 0, 0, 0]

 ### Operon type: 417

	 A0A010RM40	[496, 789, 812, 0, 0, 0, 0, -1, 723]

 ### Operon type: 418

	 A0A010RRQ6	[0, 217, 0, 0, 0, 396, 646, 280, 0]

 ### Operon type: 419

	 A0A010S423	[246, 0, 0, 0, 0, 0, 0, 83, 515]

 ### Operon type: 420

	 A0A010T0I7	[0, 0, 39, 0, 0, 853, 762, 789, 0]

 ### Operon type: 421

	 A0A010ZUR7	[484, 16, 0, 16, 0, 15, 243, 0, 0]

 ### Operon type: 422

	 A0A011NA78	[0, 629, 0, 0, 0, 821, 0, 0, 723]

 ### Operon type: 423

	 A0A011P8W7	[718, 736, 852, 0, 717, 0, 0, 0, 0]

 ### Operon type: 424

	 A0A011PG97	[711, 0, 0, 710, 0, 0, 0, 0, 0]

 ### Operon type: 425

	 A0A011PKT4	[0, 713, 0, 0, 0, 0, 712, 0, 0]

 ### Operon type: 426

	 A0A011PLB2	[0, 718, 0, 714, 0, 0, 0, 0, 0]

 ### Operon type: 427

	 A0A011R339	[0, 0, 0, 0, 0, 0, 215, 214, 0]

 ### Operon type: 428

	 A0A011SFE5	[0, 0, 0, 676, 0, 0, 560, 811, 511]

 ### Operon type: 429

	 A0A011SJT5	[0, 0, 0, 479, 270, 270, 270, 270, 270]

 ### Operon type: 430

	 A0A011TDQ5	[0, 0, 0, 0, 361, 700, 0, 0, 0]

 ### Operon type: 431

	 A0A011VT01	[0, 0, 567, 0, 0, 567, 0, 0, 566]

 ### Operon type: 432

	 A0A009Z3V9	[789, 0, 0, 0, 0, 204, 687, 203, 202]

 ### Operon type: 433

	 A0A010SRB2	[18, 17, 0, 0, 0, 17, 106, 0, 0]

 ### Operon type: 434

	 A0A010KA25	[311, 0, 510, 249, 248, 0, 0, 311, 473]

 ### Operon type: 435

	 A0A011TZN1	[385, 384, 383, 0, 213, 0, 0, 0, 0]

 ### Operon type: 436

	 A0A011VJ76	[394, 394, 393, 558, 0, 789, 689, 0, 736]

 ### Operon type: 437

	 A0A011UG17	[109, 0, 504, 0, 583, 565, 0, 0, 0]

 ### Operon type: 438

	 A0A011WUA8	[600, 0, 0, 298, 0, 0, 0, 297, 297]

 ### Operon type: 439

	 A0A010S4X6	[0, 226, 812, 739, 444, 0, 433, 697, 683]

 ### Operon type: 440

	 A0A010YY02	[0, 23, 0, 0, 23, 814, 639, 0, 22]
