
 ### Operon type: 1

	 A0A011R7V7	[591, 590, 589, 588, 706, 587, 586, 585, 584]
	 A0A011PVT3	[591, 590, 589, 588, 706, 587, 586, 585, 584]
	 A0A011MET3	[591, 590, 589, 588, 706, 587, 586, 585, 584]

 ### Operon type: 2

	 A0A011UIA1	[258, 257, 256, 255, 254, 253, 252, 251, 0]
	 A0A011V5V3	[0, 258, 257, 256, 255, 254, 253, 252, 251]

 ### Operon type: 3

	 A0A011NE72	[608, 607, 606, 605, 604, 603, 602, 601, 0]
	 A0A011PTE7	[608, 607, 606, 605, 604, 0, 603, 602, 601]

 ### Operon type: 4

	 A0A011NEY3	[600, 599, 598, 597, 597, 596, 595, 594, 0]

 ### Operon type: 5

	 A0A011PAN4	[599, 598, 0, 597, 597, 596, 595, 594, 406]

 ### Operon type: 6

	 A0A011RCD5	[600, 599, 598, 597, 597, 596, 595, 594, 406]

 ### Operon type: 7

	 A0A010JSI3	[723, 724, 722, 721, 720, 719, 718, 717, 0]
	 A0A013T0M4	[723, 724, 722, 721, 720, 719, 718, 717, 0]
	 A0A009HDS5	[723, 724, 722, 721, 720, 719, 718, 717, 0]
	 A0A009RGL2	[0, 724, 722, 721, 720, 719, 718, 717, 0]

 ### Operon type: 8

	 A0A011NBX7	[618, 617, 616, 615, 614, 613, 0, 0, 0]
	 A0A011NW66	[618, 617, 616, 615, 614, 613, 0, 0, 0]
	 A0A011PF67	[618, 617, 616, 615, 614, 0, 0, 0, 0]

 ### Operon type: 9

	 A0A011NS68	[618, 617, 616, 615, 614, 523, 522, 521, 520]
	 A0A011RHX4	[618, 617, 616, 615, 614, 523, 522, 521, 0]

 ### Operon type: 10

	 A0A010JY00	[235, 625, 713, 352, 90, 526, 349, 663, 362]

 ### Operon type: 11

	 A0A013TH30	[625, 713, 352, 351, 350, 526, 349, 663, 362]

 ### Operon type: 12

	 A0A011NEQ1	[0, 492, 491, 490, 489, 488, 548, 487, 486]
	 A0A011QAS2	[0, 492, 491, 490, 489, 488, 548, 487, 486]

 ### Operon type: 13

	 A0A011QSF0	[0, 448, 447, 446, 445, 444, 443, 624, 0]
	 A0A011QBB5	[436, 448, 447, 446, 445, 444, 443, 624, 435]
	 A0A011Q0X6	[436, 448, 447, 446, 445, 444, 443, 624, 435]
	 A0A011Q1X8	[448, 0, 447, 446, 445, 444, 443, 624, 435]

 ### Operon type: 14

	 A0A011PG87	[436, 448, 447, 446, 445, 444, 443, 0, 0]

 ### Operon type: 15

	 A0A013SP43	[333, 332, 331, 330, 329, 328, 327, 326, 325]
	 A0A009RUN3	[333, 332, 331, 330, 329, 328, 327, 326, 325]
	 A0A010K6G6	[333, 332, 331, 330, 329, 328, 327, 0, 325]

 ### Operon type: 16

	 A0A009SZB5	[0, 0, 297, 296, 295, 0, 0, 0, 294]
	 A0A009HR98	[0, 0, 297, 296, 295, 0, 0, 0, 294]

 ### Operon type: 17

	 A0A009Z8F7	[280, 297, 279, 0, 295, 278, 278, 0, 0]

 ### Operon type: 18

	 A0A011QIT1	[475, 474, 473, 472, 471, 470, 469, 468, 467]
	 A0A011QUG8	[475, 474, 473, 472, 471, 470, 0, 469, 468]

 ### Operon type: 19

	 A0A011PL71	[427, 631, 426, 425, 424, 628, 562, 423, 0]
	 A0A011QAB0	[631, 426, 425, 0, 424, 628, 562, 423, 0]

 ### Operon type: 20

	 A0A011PIY7	[413, 0, 626, 506, 507, 508, 623, 0, 510]

 ### Operon type: 21

	 A0A011Q3J4	[0, 413, 626, 506, 507, 508, 623, 509, 0]

 ### Operon type: 22

	 A0A011MH88	[291, 413, 626, 506, 507, 508, 623, 509, 510]

 ### Operon type: 23

	 A0A009QBR9	[0, 0, 685, 639, 684, 0, 0, 680, 91]
	 A0A009TM70	[0, 686, 685, 639, 684, 0, 0, 680, 91]

 ### Operon type: 24

	 A0A010ILU3	[687, 686, 685, 0, 684, 683, 682, 681, 680]
	 A0A009MW50	[0, 686, 685, 639, 684, 683, 0, 681, 680]
	 A0A009QS71	[687, 686, 685, 639, 684, 683, 0, 681, 680]
	 A0A009H3B0	[0, 686, 685, 0, 684, 683, 682, 681, 680]

 ### Operon type: 25

	 A0A009I8S2	[0, 0, 685, 639, 684, 683, 681, 680, 91]

 ### Operon type: 26

	 A0A009ICH6	[653, 109, 108, 107, 90, 89, 88, 87, 663]
	 A0A009ZFR5	[653, 109, 108, 107, 90, 89, 88, 87, 663]

 ### Operon type: 27

	 A0A009GP96	[0, 85, 712, 704, 84, 65, 703, 83, 82]

 ### Operon type: 28

	 A0A009GSR4	[704, 84, 65, 703, 83, 82, 82, 81, 0]

 ### Operon type: 29

	 A0A009IIT6	[85, 712, 704, 84, 83, 82, 82, 81, 0]

 ### Operon type: 30

	 A0A009IS10	[273, 0, 0, 0, 155, 154, 153, 0, 0]

 ### Operon type: 31

	 A0A009QHW5	[0, 0, 0, 687, 155, 154, 153, 0, 277]

 ### Operon type: 32

	 A0A011UVB4	[0, 0, 0, 281, 0, 0, 273, 0, 272]

 ### Operon type: 33

	 A0A011TLH7	[375, 374, 373, 0, 0, 0, 0, 0, 0]
	 A0A011UG87	[373, 374, 375, 0, 0, 0, 0, 0, 0]

 ### Operon type: 34

	 A0A011QIE8	[481, 480, 479, 665, 478, 477, 476, 0, 0]
	 A0A011QDV3	[481, 480, 479, 665, 478, 477, 437, 0, 476]

 ### Operon type: 35

	 A0A011NYU6	[398, 397, 0, 396, 417, 385, 384, 0, 395]

 ### Operon type: 36

	 A0A011PYI6	[398, 397, 0, 396, 417, 395, 711, 550, 0]

 ### Operon type: 37

	 A0A011P1C0	[0, 0, 385, 384, 395, 0, 0, 0, 0]

 ### Operon type: 38

	 A0A011NVE7	[513, 512, 511, 0, 0, 0, 0, 0, 0]
	 A0A011PP01	[513, 512, 511, 0, 0, 0, 0, 0, 0]

 ### Operon type: 39

	 A0A013TH43	[348, 0, 0, 0, 347, 346, 345, 0, 536]
	 A0A009RAF0	[348, 0, 0, 0, 347, 346, 345, 0, 536]

 ### Operon type: 40

	 A0A013S8V2	[238, 237, 0, 0, 0, 236, 0, 0, 0]
	 A0A009R8E1	[0, 383, 0, 238, 237, 0, 0, 236, 0]

 ### Operon type: 41

	 A0A009QFZ7	[360, 359, 0, 0, 356, 0, 354, 353, 0]
	 A0A009TK03	[360, 359, 0, 0, 356, 0, 354, 353, 0]

 ### Operon type: 42

	 A0A013SPM5	[360, 359, 358, 357, 356, 355, 354, 353, 0]
	 A0A009MH71	[360, 359, 0, 357, 356, 355, 354, 353, 0]
	 A0A009HSL1	[360, 359, 358, 357, 356, 0, 354, 353, 0]
	 A0A010IX62	[360, 359, 358, 357, 356, 0, 354, 353, 0]

 ### Operon type: 43

	 A0A009I6Z0	[360, 359, 0, 357, 356, 0, 354, 353, 93]

 ### Operon type: 44

	 A0A009ZIX8	[0, 11, 358, 357, 356, 382, 0, 93, 0]

 ### Operon type: 45

	 A0A009I573	[177, 0, 142, 172, 0, 141, 140, 139, 138]

 ### Operon type: 46

	 A0A009ILP9	[170, 0, 138, 139, 140, 141, 171, 172, 142]

 ### Operon type: 47

	 A0A009I953	[170, 0, 138, 139, 140, 141, 171, 0, -1]

 ### Operon type: 48

	 A0A009IPC3	[168, 169, 0, 0, 140, 97, 96, 0, 171]
	 A0A009QEG7	[168, 169, 0, 0, 140, 97, 96, 0, 171]

 ### Operon type: 49

	 A0A009SX74	[403, 520, 0, 172, 171, 170, 169, 168, 0]

 ### Operon type: 50

	 A0A009I4A1	[0, 147, 712, 0, 146, 145, 144, 143, 0]
	 A0A010JWJ1	[0, 147, 712, 0, 146, 145, 144, 143, 0]

 ### Operon type: 51

	 A0A009QF22	[73, 72, 80, 0, 146, 145, 144, 143, 78]
	 A0A009TBY8	[73, 72, 80, 79, 146, 145, 144, 143, 78]

 ### Operon type: 52

	 A0A009ITT8	[204, 203, 202, 299, 311, 309, 308, 307, 306]

 ### Operon type: 53

	 A0A009NJ90	[204, 203, 202, 299, 0, 310, 309, 308, 307]

 ### Operon type: 54

	 A0A009HZK2	[300, 299, 311, 0, 0, 0, 0, 0, 0]

 ### Operon type: 55

	 A0A009IJ07	[302, 301, 300, 299, 311, 0, 0, 0, 0]

 ### Operon type: 56

	 A0A009S6G1	[302, 301, 300, 299, 311, 308, 307, 306, 303]

 ### Operon type: 57

	 A0A009S5A5	[311, 310, 309, 308, 307, 306, 305, 304, 303]

 ### Operon type: 58

	 A0A010ITG1	[639, 638, 637, 636, 635, 634, 633, 712, 665]
	 A0A013TCN9	[639, 638, 637, 636, 635, 634, 633, 712, 665]
	 A0A009NIJ3	[639, 638, 637, 636, 635, 634, 633, 712, 665]
	 A0A009QNC9	[639, 638, 637, 636, 635, 634, 633, 712, 665]
	 A0A013TRC1	[639, 638, 637, 636, 635, 634, 633, 712, 665]

 ### Operon type: 59

	 A0A009H935	[0, 0, 637, 636, 635, 634, 633, 712, 665]

 ### Operon type: 60

	 A0A009PJF7	[282, 283, 283, 284, 114, 285, 113, 112, 111]
	 A0A009SJZ7	[281, 282, 283, 284, 114, 285, 113, 112, 111]

 ### Operon type: 61

	 A0A009Z5G0	[285, 284, 283, 0, 545, 282, 281, 320]

 ### Operon type: 62

	 A0A010JJC1	[695, 694, 693, 692, 691, 690, 689, 702, 688]
	 A0A010IZ41	[694, 693, 692, 691, 690, 689, 702, 688, 331]

 ### Operon type: 63

	 A0A009QJL6	[695, 694, 693, 692, 0, 688, 331, 71, 0]

 ### Operon type: 64

	 A0A011N9N8	[628, 627, 626, 0, 0, 0, 0, 0, 0]
	 A0A011P2I4	[628, 627, 626, 0, 0, 0, 0, 0, 0]

 ### Operon type: 65

	 A0A009SLR5	[0, 0, 0, 179, 270, 178, 703, 712, 628]
	 A0A009PIB4	[0, 0, 0, 179, 270, 178, 703, 712, 628]

 ### Operon type: 66

	 A0A009HSU4	[0, 0, 538, 712, 0, 627, 650, 628, 703]

 ### Operon type: 67

	 A0A011SF89	[555, 554, 553, 0, 0, 0, 0, 0, 0]

 ### Operon type: 68

	 A0A011UCX7	[0, 631, 555, 554, 0, 553, 95, 0, 0]

 ### Operon type: 69

	 A0A011NYT4	[710, 498, 497, 697, 0, 496, 496, 495, 494]

 ### Operon type: 70

	 A0A011P8E9	[0, 0, 710, 498, 0, 497, 697, 0, 0]

 ### Operon type: 71

	 A0A010TF34	[0, -1, 0, 0, 29, 28, 27, 26, 25]
	 A0A010SYH9	[29, 28, 27, 26, 25, 0, 0, 0, 0]

 ### Operon type: 72

	 A0A010S7A1	[44, 43, 42, 41, 0, 40, 0, 0, 0]
	 A0A010TFJ4	[0, -1, 0, 44, 43, 42, 41, -1, 40]

 ### Operon type: 73

	 A0A009ICP5	[134, 335, 621, 133, 132, 0, 0, 130, 0]

 ### Operon type: 74

	 A0A009MMG9	[134, 335, 621, 133, 132, 0, 131, 130, 540]

 ### Operon type: 75

	 A0A009QLL2	[0, 287, 288, 0, 132, 0, 0, 130, 0]
	 A0A009HTW0	[0, 287, 288, 0, 132, 0, 0, 130, 0]

 ### Operon type: 76

	 A0A009SIV4	[286, 287, 288, 67, 132, 66, 0, 130, 540]

 ### Operon type: 77

	 A0A013TSJ4	[287, 288, 0, 67, 132, 0, 0, 130, 540]

 ### Operon type: 78

	 A0A009Z3V9	[712, 0, 0, 0, 0, 288, 420, 287, 286]

 ### Operon type: 79

	 A0A009T0Q9	[0, 0, 0, 0, 293, 292, 291, 712, 290]

 ### Operon type: 80

	 A0A009YJF4	[0, 495, 494, 23, 60, 291, 712, 0, 290]

 ### Operon type: 81

	 A0A009HJC2	[69, 665, 621, 68, 322, 703, 160, 161, 162]
	 A0A009PAV9	[69, -1, 621, 68, 322, 703, 160, 161, 162]

 ### Operon type: 82

	 A0A009SE02	[0, 162, 0, 0, 0, 161, 160, 703, 322]

 ### Operon type: 83

	 A0A011QNA5	[0, 464, 463, 462, 0, 679, 678, 677, 676]
	 A0A009ZLJ7	[676, 677, 678, 679, 0, 0, 464, 463, 462]

 ### Operon type: 84

	 A0A013T0T6	[679, 678, 677, 676, 675, 674, 364, 673, 363]
	 A0A009QMH5	[679, 678, 677, 676, 675, 674, 364, 673, 363]
	 A0A009HAX1	[679, 678, 677, 676, 675, 674, 364, 673, 363]

 ### Operon type: 85

	 A0A010ILW6	[679, 678, 677, 676, 675, 674, 0, 0, 673]

 ### Operon type: 86

	 A0A009Z9X7	[678, 677, 676, 0, 675, 0, 438, 0, 673]

 ### Operon type: 87

	 A0A009PE10	[0, 0, 0, 676, 675, 152, 364, 673, -1]

 ### Operon type: 88

	 A0A009SYU8	[650, 653, 649, 648, 167, 712, 712, 646, 645]
	 A0A009RSB7	[650, 653, 649, 648, 167, 712, 712, 646, 645]
	 A0A009HS41	[650, 653, 649, 648, 167, 712, 712, 646, 645]

 ### Operon type: 89

	 A0A010IT25	[650, 653, 649, 648, 647, 712, 712, 646, 645]
	 A0A013SHA9	[650, 653, 649, 648, 647, 712, 712, 646, 645]
	 A0A009I466	[650, 653, 649, 648, 647, 712, 712, 646, 645]

 ### Operon type: 90

	 A0A009NMQ9	[650, 653, 649, 648, 647, 0, 712, 712, 646]

 ### Operon type: 91

	 A0A009P8A9	[0, 0, 649, 648, 167, 712, 712, 646, 645]

 ### Operon type: 92

	 A0A011PGU1	[0, 0, 402, 457, 456, 455, 401, 400, 399]
	 A0A011MDH1	[394, 0, 402, 457, 456, 455, 401, 400, 399]

 ### Operon type: 93

	 A0A011V0P4	[582, 265, 0, 0, 264, 0, 0, 263, 262]

 ### Operon type: 94

	 A0A011WPV7	[263, 262, 0, 0, 0, 0, 0, 0, 0]

 ### Operon type: 95

	 A0A011RNP9	[0, 0, 0, 0, 0, 563, 562, 0, 0]

 ### Operon type: 96

	 A0A011V0B5	[558, 0, 0, 0, 0, 0, 563, 0, 0]

 ### Operon type: 97

	 A0A011RQC9	[0, 558, 557, 0, 0, 0, 0, 556, 0]

 ### Operon type: 98

	 A0A011QG28	[459, 458, 457, 0, 456, 455, 454, 453, 452]
	 A0A011RIM8	[459, 458, 0, 0, 456, 455, 454, 453, 452]

 ### Operon type: 99

	 A0A011PHI6	[412, 0, 483, 0, 0, 482, 472, 519, 0]

 ### Operon type: 100

	 A0A011QI68	[0, 0, 483, 482, 0, 0, 0, 0, 0]

 ### Operon type: 101

	 A0A011P700	[0, 0, 442, 441, 0, 0, 0, 0, 0]

 ### Operon type: 102

	 A0A011QSI4	[0, 0, 442, 441, 440, 0, 0, 0, 0]

 ### Operon type: 103

	 A0A011NVJ6	[505, 504, 503, 502, 501, 660, 0, 0, 500]

 ### Operon type: 104

	 A0A011PVP2	[0, 504, 503, 502, 501, 660, 0, 0, 591]

 ### Operon type: 105

	 A0A011NXY7	[0, 0, 503, 0, 501, 0, 0, 0, 0]

 ### Operon type: 106

	 A0A011NUB4	[516, 528, 663, 515, 527, 526, 0, 514, 0]
	 A0A011QR69	[516, 528, 663, 515, 527, 526, 0, 0, 0]

 ### Operon type: 107

	 A0A011NN36	[528, 663, 0, 0, 527, 526, 0, 0, 0]

 ### Operon type: 108

	 A0A011PK69	[663, 432, 0, 0, 527, 526, 0, 0, 0]

 ### Operon type: 109

	 A0A011RMI6	[572, 571, 570, 569, 568, 567, 566, 565, 564]
	 A0A011NYD6	[572, 571, 570, 569, 568, 567, 566, 565, 564]

 ### Operon type: 110

	 A0A011QB28	[386, 572, 571, 0, 0, 567, 566, 565, 564]

 ### Operon type: 111

	 A0A011NF33	[0, 567, 566, 0, 0, 0, 0, 0, 0]

 ### Operon type: 112

	 A0A011NBY4	[612, 0, 0, 611, 0, 0, 610, 0, 0]

 ### Operon type: 113

	 A0A011WRT0	[612, 0, 0, 0, 0, 0, 0, 550, 0]

 ### Operon type: 114

	 A0A011SHV5	[0, 0, 0, 0, 0, 581, 550, 695, 0]

 ### Operon type: 115

	 A0A011NB95	[0, 622, 0, 0, 0, 0, 621, 620, 619]

 ### Operon type: 116

	 A0A011UHT4	[71, 180, 620, 0, 0, 31, 31, 619, 0]

 ### Operon type: 117

	 A0A010Z1W7	[0, 0, 0, 0, 0, 12, 0, 188, 189]

 ### Operon type: 118

	 A0A011VY84	[0, 0, 189, 188, 0, 0, 0, 0, 0]

 ### Operon type: 119

	 A0A010YW85	[0, 0, 0, 0, 0, 212, 0, 188, 189]

 ### Operon type: 120

	 A0A010ZMA0	[188, 630, 0, 0, 0, 0, 0, 0, 0]

 ### Operon type: 121

	 A0A011N5L2	[0, 0, 0, 630, 0, 629, 696, 0, 0]

 ### Operon type: 122

	 A0A010SQJ5	[239, 133, 0, 371, 370, 369, 0, 0, 0]

 ### Operon type: 123

	 A0A010STD3	[0, 0, 0, 371, 370, 369, 0, 646, 245]

 ### Operon type: 124

	 A0A011TD67	[372, 0, 0, 371, 370, 369, 368, 0, 367]

 ### Operon type: 125

	 A0A009ZC12	[0, 0, 0, 371, 0, 369, 368, 275, 449]

 ### Operon type: 126

	 A0A010RFQ9	[0, 0, 716, 0, 715, 0, 0, 0, 0]

 ### Operon type: 127

	 A0A010SPR9	[21, 21, 0, 0, 0, 715, 0, 0, 0]

 ### Operon type: 128

	 A0A013S288	[0, 0, 0, 243, 322, 242, 241, 0, 240]
	 A0A010J3I1	[0, 0, 0, 243, 322, 242, 241, 0, 240]

 ### Operon type: 129

	 A0A009PWG1	[379, 196, 195, 243, 322, 242, 241, 194, 240]
	 A0A013SXT2	[379, 196, 195, 243, 322, 242, 241, 194, 240]

 ### Operon type: 130

	 A0A009ZJK4	[0, 0, 0, 0, 0, 0, 653, 16, 0]

 ### Operon type: 131

	 A0A010SVN1	[-1, 16, 712, 190, 377, 0, 0, 653, 0]

 ### Operon type: 132

	 A0A009IMX3	[659, 0, 657, 0, 655, 99, 99, 550, 98]
	 A0A009SF48	[659, 0, 657, 0, 655, -1, 99, 550, 98]

 ### Operon type: 133

	 A0A009QEX0	[659, 658, 657, 656, 655, 99, 99, 550, 98]

 ### Operon type: 134

	 A0A010ISX2	[659, 658, 657, 656, 655, 654, 653, 652, 651]
	 A0A013S7V1	[659, 658, 657, 656, 655, 654, 653, 652, 651]
	 A0A009MR00	[659, 658, 657, 656, 655, 654, 653, 652, 651]
	 A0A009RES7	[659, 658, 657, 656, 655, 654, 653, 652, 651]

 ### Operon type: 135

	 A0A009GYP9	[0, 0, 0, 656, 655, 654, 653, 652, 651]

 ### Operon type: 136

	 A0A009YTT3	[0, 0, 0, 0, 0, 0, 653, 652, 651]

 ### Operon type: 137

	 A0A009PFK7	[127, 119, 118, 117, 116, 0, 0, 115, 0]
	 A0A009QGN4	[127, 119, 118, 117, 116, 115, 0, 0, 0]

 ### Operon type: 138

	 A0A009YR20	[0, 115, 0, 0, 0, 0, 119, 0, 0]

 ### Operon type: 139

	 A0A013SB36	[234, 233, 232, 231, 230, 0, 494, 229, 292]
	 A0A009QSI3	[234, 233, 232, 231, 230, 0, 494, 229, -1]

 ### Operon type: 140

	 A0A010ITP2	[234, 233, 232, 231, 230, 0, 494, 0, 0]

 ### Operon type: 141

	 A0A009SII9	[-1, 233, 232, 231, 0, 0, 0, 0, 293]

 ### Operon type: 142

	 A0A009HZV2	[0, 0, 0, 0, 193, 192, 310, 0, 0]

 ### Operon type: 143

	 A0A009QPE7	[0, 0, 0, 0, 193, 192, 0, 0, 0]

 ### Operon type: 144

	 A0A009GXL8	[63, 62, 61, 0, 60, 79, 199, 198, 197]

 ### Operon type: 145

	 A0A010JIW7	[63, 62, 61, 0, 60, 0, 0, 199, 198]

 ### Operon type: 146

	 A0A009MGR3	[0, 0, 125, 0, 361, 304, 70, 124, 123]

 ### Operon type: 147

	 A0A009Q4G0	[0, 126, 125, 0, 361, 0, 124, 123, 124]

 ### Operon type: 148

	 A0A009PUJ8	[0, 201, 0, 0, 0, 200, 199, 198, 197]

 ### Operon type: 149

	 A0A009QJA8	[198, 197, 0, 0, 0, 0, 0, 0, 0]

 ### Operon type: 150

	 A0A009PB53	[0, 0, 201, 0, 0, 124, 123, 124, 200]

 ### Operon type: 151

	 A0A013SNJ8	[653, 0, 0, 324, 323, 322, 331, 0, 0]
	 A0A013RZW2	[653, 244, 0, 324, 323, 322, 331, 0, 0]
	 A0A009RD69	[653, 244, 0, 324, 323, 322, 331, 135, 0]
	 A0A009SIZ4	[653, 244, 0, 324, 323, 0, 331, 135, 0]
	 A0A010J9U3	[653, 0, 0, 324, 323, 322, 331, 0, 0]

 ### Operon type: 152

	 A0A009IV03	[0, 0, 680, 324, 323, 0, 331, 0, 0]
	 A0A009PH20	[0, 0, 680, 324, 323, 322, 331, 0, 0]

 ### Operon type: 153

	 A0A009YIZ0	[653, 244, 680, 324, 323, 322, 331, 135, 101]

 ### Operon type: 154

	 A0A009QA91	[315, 314, 650, 712, 313, 313, 120, 339, 190]
	 A0A010J377	[315, 314, 650, 712, 313, 313, 120, 339, 190]

 ### Operon type: 155

	 A0A009QQC0	[0, 0, 191, 712, 313, 313, 0, 339, 190]
	 A0A009MVG4	[191, 0, 225, 712, 313, 313, 0, 339, 190]

 ### Operon type: 156

	 A0A009H7I0	[0, 0, 0, 712, 313, 313, 120, 339, 190]

 ### Operon type: 157

	 A0A009S1X4	[315, 314, 650, 712, 313, 313, 712, 0, 312]

 ### Operon type: 158

	 A0A013SHF4	[0, 0, 225, 712, 313, 313, 0, 224, 0]

 ### Operon type: 159

	 A0A009H7U0	[672, 454, 0, 671, 670, 669, 668, 0, 0]

 ### Operon type: 160

	 A0A010IMP8	[672, 0, 0, 671, 670, 669, 668, 0, 667]

 ### Operon type: 161

	 A0A013SZ54	[672, 0, 609, 671, 670, 0, 0, 0, 0]

 ### Operon type: 162

	 A0A009ZM43	[-1, 454, 609, 671, 670, 669, 668, 156, 667]

 ### Operon type: 163

	 A0A009YSC7	[0, 0, 610, 9, 0, 9, 247, 246, 0]

 ### Operon type: 164

	 A0A013RVV2	[639, 0, 247, 246, 0, 0, 0, 245, 0]

 ### Operon type: 165

	 A0A011Q5S3	[467, 393, 0, 0, 0, 0, 392, 391, 390]

 ### Operon type: 166

	 A0A011UZZ4	[0, 392, 391, 0, 0, 0, 266, 266, 390]

 ### Operon type: 167

	 A0A010YKP2	[0, 0, 0, 0, 0, 0, 500, 261, 0]

 ### Operon type: 168

	 A0A011V1A2	[265, 0, 0, 261, 0, 0, 0, 0, 0]

 ### Operon type: 169

	 A0A011Q2B1	[0, 0, 0, 0, 0, 577, 576, 575, 574]

 ### Operon type: 170

	 A0A011RLN8	[0, 0, 0, 579, 578, 577, 576, 575, 574]

 ### Operon type: 171

	 A0A011NGS0	[0, 0, 0, 0, 434, 433, 0, 0, 0]

 ### Operon type: 172

	 A0A011PW61	[0, 0, 0, 0, 434, 433, 0, 0, 593]

 ### Operon type: 173

	 A0A011UXI1	[0, 430, 0, 0, 434, 433, 366, 0, 0]

 ### Operon type: 174

	 A0A011SWI9	[-1, -1, 0, 412, 434, 433, 366, -1, -1]

 ### Operon type: 175

	 A0A011P952	[433, 0, 407, 0, 0, 407, 0, 0, 0]

 ### Operon type: 176

	 A0A011NSG8	[0, 0, 0, 519, 518, 517, 0, 518, 0]

 ### Operon type: 177

	 A0A011P0X4	[0, 0, 394, 0, 518, 0, 0, 517, 383]

 ### Operon type: 178

	 A0A009MJ75	[0, 0, 104, 103, 102, 0, 0, 0, 704]

 ### Operon type: 179

	 A0A010IH51	[0, 540, 0, 0, 102, 0, 704, 0, 0]

 ### Operon type: 180

	 A0A010YNY9	[0, 0, 13, 8, 0, 0, 0, 0, 271]

 ### Operon type: 181

	 A0A011AC71	[312, 0, 0, 380, 0, 13, 8, 0, 650]

 ### Operon type: 182

	 A0A011QLX0	[0, 466, 0, 0, 465, 0, 571, 570, 0]
	 A0A011PRW6	[466, 0, 0, 0, 465, 571, 570, 0, 0]

 ### Operon type: 183

	 A0A010SML6	[0, 571, 570, -1, 0, 520, 0, 0, 0]

 ### Operon type: 184

	 A0A009P817	[122, 0, 0, 0, 110, 0, 214, 129, 128]

 ### Operon type: 185

	 A0A009TIY0	[0, 0, 0, 0, 110, 0, 214, 129, 0]

 ### Operon type: 186

	 A0A009QKA3	[214, 129, 0, 128, 0, 0, 0, 0, 127]

 ### Operon type: 187

	 A0A009S854	[-1, 0, 0, 298, 318, 0, 0, 0, 317]

 ### Operon type: 188

	 A0A013RMD0	[-1, 0, 708, 0, 318, 716, 0, 0, 317]

 ### Operon type: 189

	 A0A009R016	[0, 137, 0, 0, 136, -1, 703, 0, 0]
	 A0A009HFU9	[0, 137, 0, 0, 136, 703, 0, 0, 0]

 ### Operon type: 190

	 A0A009HSR2	[0, 176, 175, 0, 174, 208, 209, 310, 210]

 ### Operon type: 191

	 A0A009SWM1	[0, 176, 175, 0, 174, 0, 0, 209, 0]

 ### Operon type: 192

	 A0A009MYX0	[211, 210, 0, 538, 0, 0, 209, 208, 207]

 ### Operon type: 193

	 A0A009QK79	[0, 0, 207, 208, 0, 209, 0, 0, 210]

 ### Operon type: 194

	 A0A009GXJ1	[260, 259, 208, 209, 64, 310, 210, 211, 0]

 ### Operon type: 195

	 A0A010IT95	[0, 0, 0, 703, 644, 643, 642, 641, 640]
	 A0A013TKW8	[0, 460, 0, 703, 644, 643, 642, 641, 640]
	 A0A009S0T6	[0, 0, 703, 316, 644, 643, 642, 641, 640]
	 A0A009I5G9	[0, 0, 703, 316, 644, 643, 642, 641, 640]
	 A0A009QT77	[0, 0, -1, 703, 644, 643, 642, 641, 640]
	 A0A009PRQ9	[0, 703, 316, 0, 644, 643, 642, 641, 640]
	 A0A009MH36	[0, 0, 0, 703, 644, 643, 642, 641, 640]
	 A0A009GWD0	[310, 0, 0, 703, 644, 643, 642, 641, 640]

 ### Operon type: 196

	 A0A013TMJ7	[665, -1, 0, 703, 644, 641, 640, 0, 0]

 ### Operon type: 197

	 A0A009I8I7	[338, 701, 700, 164, 699, 698, 0, 697, 92]
	 A0A009HJJ5	[338, 701, 700, 0, 699, 698, 0, 697, 92]

 ### Operon type: 198

	 A0A010JJN4	[0, 701, 700, 0, 699, 698, 0, 697, 696]
	 A0A013TPR7	[338, 701, 700, 0, 699, 698, 0, 697, 696]
	 A0A009RMI1	[0, 701, 700, 0, 699, 698, 0, 697, 0]
	 A0A009PMT3	[338, 701, 700, 0, 699, 698, 163, 697, 696]
	 A0A009YG45	[0, 338, 701, 700, 699, 0, 698, 163, 697]

 ### Operon type: 199

	 A0A009SEP4	[338, 701, 700, 164, 699, 0, 698, 163, 0]

 ### Operon type: 200

	 A0A009NI48	[338, 701, 700, 0, 699, 0, 0, 0, -1]

 ### Operon type: 201

	 A0A011WLE7	[0, 0, 0, 0, 0, 181, 0, 0, 0]
	 A0A011VU44	[0, 0, 0, 0, 0, 181, 0, 0, 0]

 ### Operon type: 202

	 A0A011VAP2	[0, 0, 56, 0, 0, 0, 0, 0, 55]

 ### Operon type: 203

	 A0A011VRJ8	[0, 0, 0, 0, 0, 0, 56, 0, 0]

 ### Operon type: 204

	 A0A011RNU1	[0, 0, 0, 0, 0, 0, 561, 561, 560]

 ### Operon type: 205

	 A0A011VKJ9	[0, 0, 0, 0, 0, 0, 560, 561, -1]

 ### Operon type: 206

	 A0A011WT35	[321, 0, 0, 0, 0, 0, 0, 0, 0]
	 A0A011V490	[0, 321, 0, 0, 0, 0, 0, 0, 0]

 ### Operon type: 207

	 A0A009T185	[528, 0, 662, 662, 664, 663, 662, 661, 660]

 ### Operon type: 208

	 A0A010IN36	[666, 665, 0, 0, 664, 663, 662, 661, 660]

 ### Operon type: 209

	 A0A009PG43	[663, 662, 530, 583, 0, 661, 660, 0, 0]

 ### Operon type: 210

	 A0A011PQZ7	[0, 0, 0, 418, 417, 0, 416, 0, 0]

 ### Operon type: 211

	 A0A011TUX4	[0, 0, 0, 0, 417, 0, 0, 416, 0]

 ### Operon type: 212

	 A0A011STZ9	[0, 0, 0, 416, 0, 0, 0, 0, 0]

 ### Operon type: 213

	 A0A011PRF5	[414, 0, 0, 0, 0, 0, 0, 0, 0]
	 A0A011PUJ9	[0, 0, 0, 0, 0, 0, 0, 0, 414]

 ### Operon type: 214

	 A0A011PFY8	[0, 0, 0, 0, 0, 0, 0, 0, 419]

 ### Operon type: 215

	 A0A011PNS3	[583, 419, 0, 0, 0, 0, 0, 0, 0]

 ### Operon type: 216

	 A0A011T648	[0, 419, 0, 0, 0, 0, 0, 663, 0]

 ### Operon type: 217

	 A0A011U3C2	[0, 0, 454, 0, 0, 0, 0, 0, 0]
	 A0A011AEN3	[0, 0, 0, 0, 0, 0, 454, 0, 0]

 ### Operon type: 218

	 A0A011AAZ2	[0, 531, 0, 0, 0, 454, 454, 454, 0]

 ### Operon type: 219

	 A0A011T698	[0, 0, 0, 0, 0, 650, 454, 0, 0]

 ### Operon type: 220

	 A0A009SNL0	[166, 165, 0, 0, 0, 0, 0, 0, 0]

 ### Operon type: 221

	 A0A009ZZC8	[-1, 165, 166, 0, 0, 0, 0, 0, 0]

 ### Operon type: 222

	 A0A009ZG48	[0, 0, 0, 460, 0, 0, 0, 0, 0]

 ### Operon type: 223

	 A0A011PEJ8	[0, 0, 405, 460, 0, 0, 0, 0, 0]

 ### Operon type: 224

	 A0A011QNJ7	[461, 0, 0, 460, 0, 0, 0, 461, 0]

 ### Operon type: 225

	 A0A011MMJ4	[0, 0, 0, 0, 0, 0, 0, 461, 0]

 ### Operon type: 226

	 A0A011R8M3	[0, 0, 405, 460, 0, 365, 0, 461, 0]

 ### Operon type: 227

	 A0A009TJ77	[0, 24, 0, 0, 0, 0, 0, 0, 0]

 ### Operon type: 228

	 A0A010RTE7	[0, 0, 0, 0, 0, 0, 26, 24, 0]

 ### Operon type: 229

	 A0A013TPQ9	[344, 343, 342, 341, 340, 712, 665, 339, 629]
	 A0A013S8F0	[344, 343, 342, 341, 340, 712, 665, 339, 629]
	 A0A009SZ84	[344, 343, 342, 341, 340, 712, 665, 339, 629]
	 A0A009PMU2	[344, 343, 342, -1, 340, 712, 665, 339, 629]

 ### Operon type: 230

	 A0A009IG48	[0, 0, 0, 173, 100, 0, 0, 0, 520]

 ### Operon type: 231

	 A0A009IMQ0	[0, 0, 0, 173, 100, 0, 0, 0, 0]

 ### Operon type: 232

	 A0A009SWV1	[0, 0, 0, 0, 0, 0, 0, 173, 0]

 ### Operon type: 233

	 A0A011TAW2	[0, 0, 0, 0, 0, 0, 379, 0, 0]
	 A0A009SFX8	[379, 0, 0, 0, 0, 0, 0, 0, 0]

 ### Operon type: 234

	 A0A011TZN1	[0, 0, 0, 0, 250, 0, 0, 0, 0]
	 A0A009RHH9	[0, 0, 0, 0, 250, 0, 0, 0, 0]

 ### Operon type: 235

	 A0A009Q512	[0, 0, 0, 0, 121, 0, 0, 0, 0]
	 A0A009PMZ9	[121, 0, 0, 0, 0, 0, 0, 0, 0]

 ### Operon type: 236

	 A0A009IFL2	[0, 274, 0, 86, -1, 0, 0, 0]

 ### Operon type: 237

	 A0A009ZDS1	[-1, -1, 0, 274, 0, 0, 694, 0, 0]

 ### Operon type: 238

	 A0A009NPS1	[0, 343, 342, 341, 340, -1, 0, 0, 0]
	 A0A009HJM0	[0, 343, 342, 341, 340, 712, 0, 0, 0]
	 A0A010IZH1	[-1, 343, 342, 341, 340, 712, 0, 0, 0]

 ### Operon type: 239

	 A0A009HUS9	[343, 342, 0, 0, 0, 0, -1, 0, 0]

 ### Operon type: 240

	 A0A009HM15	[0, 159, 206, 0, 0, 0, -1, 0, 0]

 ### Operon type: 241

	 A0A009RQL5	[0, 0, 0, 0, 0, 0, 159, 206, 0]

 ### Operon type: 242

	 A0A009IJ01	[0, 0, 0, 0, 0, 0, 159, 206, 205]

 ### Operon type: 243

	 A0A009NCH6	[0, 0, 0, 0, 0, 0, 0, 206, 205]

 ### Operon type: 244

	 A0A011UB51	[532, 0, 0, 0, 0, 0, 0, 0, 0]
	 A0A011UFH1	[0, 0, 0, 0, 0, 532, 0, 0, 0]

 ### Operon type: 245

	 A0A011V965	[0, -1, -1, 0, 57, 0, -1, -1, 0]
	 A0A011VHP2	[0, -1, -1, -1, 57, 0, 0, 0, 0]

 ### Operon type: 246

	 A0A010RVD0	[-1, 0, 0, -1, 0, 624, 624, 0, 22]

 ### Operon type: 247

	 A0A010T7Q5	[0, 22, 0, 0, 0, 0, -1, 0, 0]

 ### Operon type: 248

	 A0A010SRR2	[0, 0, -1, 0, 0, 0, 0, 0, 665]
	 A0A010SNM6	[0, 0, -1, 0, 0, 0, 665, 0, 0]

 ### Operon type: 249

	 A0A010SJH7	[0, 0, 665, -1, 0, 0, 120, 0, 0]

 ### Operon type: 250

	 A0A010RKP8	[0, 0, 0, 0, 0, 0, -1, 0, 0]
	 A0A011UZ32	[0, 0, 0, 0, 0, -1, 0, 0, 0]
	 A0A011UZ49	[0, -1, 0, 0, 0, 0, 0, 0, 0]
	 A0A011V107	[0, -1, 0, 0, 0, 0, 0, 0, 0]
	 A0A009N9Z1	[-1, 0, 0, 0, 0, 0, 0, 0, 0]
	 A0A009PH57	[0, 0, -1, 0, 0, 0, 0, 0, 0]
	 A0A009H6M2	[-1, 0, 0, 0, 0, 0, 0, 0, 0]
	 A0A009IHQ3	[-1, 0, 0, 0, 0, 0, 0, 0, 0]
	 A0A009RG92	[-1, 0, 0, 0, 0, 0, 0, 0, 0]
	 A0A009QDV7	[-1, 0, 0, 0, 0, 0, 0, 0, 0]
	 A0A009HJU6	[0, 0, 0, 0, 0, 0, 0, 0, -1]
	 A0A011U7M7	[0, 0, -1, 0, 0, 0, 0, 0, 0]
	 A0A010JDA6	[-1, 0, 0, 0, 0, 0, 0, 0, 0]
	 A0A010TF14	[-1, 0, 0, 0, 0, 0, 0, 0, 0]
	 A0A010RY47	[-1, 0, -1, 0, 0, 0, 0, 0, 0]
	 A0A009TG92	[0, 0, -1, 0, 0, 0, 0, 0, 0]

 ### Operon type: 251

	 A0A010SJF9	[0, 0, 0, 0, 0, -1, 0, 38, -1]

 ### Operon type: 252

	 A0A010T5D8	[0, 0, 0, -1, 0, -1, 331, 0, 0]

 ### Operon type: 253

	 A0A011ML54	[0, 0, 0, 183, 0, 0, 0, 0, -1]

 ### Operon type: 254

	 A0A011NHY1	[0, 0, 0, 0, 0, 665, 0, 0, 0]

 ### Operon type: 255

	 A0A010Z171	[0, 0, 0, 0, 0, 0, 665, 0, 538]

 ### Operon type: 256

	 A0A010ZX98	[0, 0, 0, 0, 0, 7, 665, 665, 0]

 ### Operon type: 257

	 A0A010YRE8	[0, 0, 0, 0, 0, 0, 0, 7, 0]

 ### Operon type: 258

	 A0A011AF05	[0, 0, 312, 7, 0, 0, 0, 0, 0]

 ### Operon type: 259

	 A0A011SQL0	[542, 0, -1, 0, 0, 0, 0, 0, 0]

 ### Operon type: 260

	 A0A009ZC82	[0, 0, 542, 0, 0, 0, 0, 0, 0]

 ### Operon type: 261

	 A0A011P3F6	[520, 0, 0, 542, 0, 0, 0, 0, 0]

 ### Operon type: 262

	 A0A011T697	[665, 0, 0, 0, 0, 0, 0, 0, 214]

 ### Operon type: 263

	 A0A011TDD1	[0, 378, 665, 0, 0, 0, 0, 0, 0]

 ### Operon type: 264

	 A0A011VW24	[0, 0, 592, 0, 0, 0, 0, 0, -1]

 ### Operon type: 265

	 A0A011T8V3	[0, 0, 592, 0, 0, 0, 0, 0, 0]

 ### Operon type: 266

	 A0A010TH98	[593, 0, 0, 592, 0, 0, 0, 0, 0]

 ### Operon type: 267

	 A0A011QVR3	[0, 0, 0, 0, 0, 0, 0, 622, 592]

 ### Operon type: 268

	 A0A011RM25	[0, 0, 0, 0, 0, 592, 0, 573, 0]

 ### Operon type: 269

	 A0A011VXC2	[-1, 580, 0, 0, 0, 0, 0, 0, 0]

 ### Operon type: 270

	 A0A011VYF1	[592, 0, 0, 0, 0, 0, 532, 0, 0]

 ### Operon type: 271

	 A0A010S415	[-1, 592, 0, 190, 0, 0, 0, 0, 683]

 ### Operon type: 272

	 A0A010IPH1	[0, 0, 0, 0, 0, 0, 0, 0, 0]
	 A0A011N2Z0	[0, 0, 0, 0, 0, 0, 0, 0, 0]
	 A0A011N3C3	[0, 0, 0, 0, 0, 0, 0, 0, 0]
	 A0A011N4G4	[0, 0, 0, 0, 0, 0, 0, 0, 0]
	 A0A011NAJ1	[0, 0, 0, 0, 0, 0, 0, 0, 0]
	 A0A011NAY5	[0, 0, 0, 0, 0, 0, 0, 0, 0]
	 A0A011NDM5	[0, 0, 0, 0, 0, 0, 0, 0, 0]
	 A0A011SGD5	[0, 0, 0, 0, 0, 0, 0, 0, 0]
	 A0A011NMI8	[0, 0, 0, 0, 0, 0, 0, 0, 0]
	 A0A011NTU3	[0, 0, 0, 0, 0, 0, 0, 0, 0]
	 A0A011QVV5	[0, 0, 0, 0, 0, 0, 0, 0, 0]
	 A0A011QMJ8	[0, 0, 0, 0, 0, 0, 0, 0, 0]
	 A0A011QSN2	[0, 0, 0, 0, 0, 0, 0, 0, 0]
	 A0A011PKU5	[0, 0, 0, 0, 0, 0, 0, 0, 0]
	 A0A011PJK8	[0, 0, 0, 0, 0, 0, 0, 0, 0]
	 A0A011PNN2	[0, 0, 0, 0, 0, 0, 0, 0, 0]
	 A0A011P4U7	[0, 0, 0, 0, 0, 0, 0, 0, 0]
	 A0A011P9Z5	[0, 0, 0, 0, 0, 0, 0, 0, 0]
	 A0A011PBM9	[0, 0, 0, 0, 0, 0, 0, 0, 0]
	 A0A011Q056	[0, 0, 0, 0, 0, 0, 0, 0, 0]
	 A0A011Q1B3	[0, 0, 0, 0, 0, 0, 0, 0, 0]
	 A0A011TAF9	[0, 0, 0, 0, 0, 0, 0, 0, 0]
	 A0A011TLH0	[0, 0, 0, 0, 0, 0, 0, 0, 0]
	 A0A011TWN2	[0, 0, 0, 0, 0, 0, 0, 0, 0]
	 A0A013T8M5	[0, 0, 0, 0, 0, 0, 0, 0, 0]
	 A0A013TEV4	[0, 0, 0, 0, 0, 0, 0, 0, 0]
	 A0A013TPV4	[0, 0, 0, 0, 0, 0, 0, 0, 0]
	 A0A013SL47	[0, 0, 0, 0, 0, 0, 0, 0, 0]
	 A0A011WUT3	[0, 0, 0, 0, 0, 0, 0, 0, 0]
	 A0A009T1I8	[0, 0, 0, 0, 0, 0, 0, 0, 0]
	 A0A011UTJ0	[0, 0, 0, 0, 0, 0, 0, 0, 0]
	 A0A011UWH1	[0, 0, 0, 0, 0, 0, 0, 0, 0]
	 A0A011UHL2	[0, 0, 0, 0, 0, 0, 0, 0, 0]
	 A0A013S2B9	[0, 0, 0, 0, 0, 0, 0, 0, 0]
	 A0A013SBR8	[0, 0, 0, 0, 0, 0, 0, 0, 0]
	 A0A009N031	[0, 0, 0, 0, 0, 0, 0, 0, 0]
	 A0A009N123	[0, 0, 0, 0, 0, 0, 0, 0, 0]
	 A0A009MH90	[0, 0, 0, 0, 0, 0, 0, 0, 0]
	 A0A009Q3K7	[0, 0, 0, 0, 0, 0, 0, 0, 0]
	 A0A009QQ47	[0, 0, 0, 0, 0, 0, 0, 0, 0]
	 A0A011VYF6	[0, 0, 0, 0, 0, 0, 0, 0, 0]
	 A0A011VWR4	[0, 0, 0, 0, 0, 0, 0, 0, 0]
	 A0A011WKI4	[0, 0, 0, 0, 0, 0, 0, 0, 0]
	 A0A011VZG0	[0, 0, 0, 0, 0, 0, 0, 0, 0]
	 A0A011VW71	[0, 0, 0, 0, 0, 0, 0, 0, 0]
	 A0A011V8Y9	[0, 0, 0, 0, 0, 0, 0, 0, 0]
	 A0A009SWU0	[0, 0, 0, 0, 0, 0, 0, 0, 0]
	 A0A009SCM5	[0, 0, 0, 0, 0, 0, 0, 0, 0]
	 A0A009RHH7	[0, 0, 0, 0, 0, 0, 0, 0, 0]
	 A0A009RMD0	[0, 0, 0, 0, 0, 0, 0, 0, 0]
	 A0A009RR21	[0, 0, 0, 0, 0, 0, 0, 0, 0]
	 A0A009IRJ6	[0, 0, 0, 0, 0, 0, 0, 0, 0]
	 A0A009ISY0	[0, 0, 0, 0, 0, 0, 0, 0, 0]
	 A0A009M4K0	[0, 0, 0, 0, 0, 0, 0, 0, 0]
	 A0A009MGJ1	[0, 0, 0, 0, 0, 0, 0, 0, 0]
	 A0A009MGQ8	[0, 0, 0, 0, 0, 0, 0, 0, 0]
	 A0A009I463	[0, 0, 0, 0, 0, 0, 0, 0, 0]
	 A0A009R2X0	[0, 0, 0, 0, 0, 0, 0, 0, 0]
	 A0A009R4N4	[0, 0, 0, 0, 0, 0, 0, 0, 0]
	 A0A009RBQ2	[0, 0, 0, 0, 0, 0, 0, 0, 0]
	 A0A009QVK8	[0, 0, 0, 0, 0, 0, 0, 0, 0]
	 A0A009PG53	[0, 0, 0, 0, 0, 0, 0, 0, 0]
	 A0A009PT82	[0, 0, 0, 0, 0, 0, 0, 0, 0]
	 A0A009NQA1	[0, 0, 0, 0, 0, 0, 0, 0, 0]
	 A0A009MMM3	[0, 0, 0, 0, 0, 0, 0, 0, 0]
	 A0A009HBT3	[0, 0, 0, 0, 0, 0, 0, 0, 0]
	 A0A009I0I9	[0, 0, 0, 0, 0, 0, 0, 0, 0]
	 A0A009HL81	[0, 0, 0, 0, 0, 0, 0, 0, 0]
	 A0A009HTN9	[0, 0, 0, 0, 0, 0, 0, 0, 0]
	 A0A009HIL8	[0, 0, 0, 0, 0, 0, 0, 0, 0]
	 A0A011VMV7	[0, 0, 0, 0, 0, 0, 0, 0, 0]
	 A0A011VNE2	[0, 0, 0, 0, 0, 0, 0, 0, 0]
	 A0A011VSC9	[0, 0, 0, 0, 0, 0, 0, 0, 0]
	 A0A011VUV0	[0, 0, 0, 0, 0, 0, 0, 0, 0]
	 A0A011WSE5	[0, 0, 0, 0, 0, 0, 0, 0, 0]
	 A0A010SHY1	[0, 0, 0, 0, 0, 0, 0, 0, 0]
	 A0A009SHB3	[0, 0, 0, 0, 0, 0, 0, 0, 0]
	 A0A009SIF9	[0, 0, 0, 0, 0, 0, 0, 0, 0]
	 A0A011UBN9	[0, 0, 0, 0, 0, 0, 0, 0, 0]
	 A0A011UFM5	[0, 0, 0, 0, 0, 0, 0, 0, 0]
	 A0A011UG71	[0, 0, 0, 0, 0, 0, 0, 0, 0]
	 A0A011UGX8	[0, 0, 0, 0, 0, 0, 0, 0, 0]
	 A0A009PAG1	[0, 0, 0, 0, 0, 0, 0, 0, 0]
	 A0A009PDV4	[0, 0, 0, 0, 0, 0, 0, 0, 0]
	 A0A010IZE4	[0, 0, 0, 0, 0, 0, 0, 0, 0]
	 A0A010SPJ7	[0, 0, 0, 0, 0, 0, 0, 0, 0]
	 A0A010SSQ8	[0, 0, 0, 0, 0, 0, 0, 0, 0]
	 A0A010T025	[0, 0, 0, 0, 0, 0, 0, 0, 0]
	 A0A009T3J5	[0, 0, 0, 0, 0, 0, 0, 0, 0]
	 A0A010YJA7	[0, 0, 0, 0, 0, 0, 0, 0, 0]
	 A0A010YZS8	[0, 0, 0, 0, 0, 0, 0, 0, 0]
	 A0A010Z120	[0, 0, 0, 0, 0, 0, 0, 0, 0]
	 A0A010ZTI3	[0, 0, 0, 0, 0, 0, 0, 0, 0]
	 A0A011A146	[0, 0, 0, 0, 0, 0, 0, 0, 0]
	 A0A011AIL7	[0, 0, 0, 0, 0, 0, 0, 0, 0]
	 A0A010ZJQ6	[0, 0, 0, 0, 0, 0, 0, 0, 0]

 ### Operon type: 273

	 A0A010TG27	[421, 0, 30, 0, 0, 0, 712, 0, 0]

 ### Operon type: 274

	 A0A011PMK1	[0, 0, 0, 0, 0, 0, 0, 421, 0]

 ### Operon type: 275

	 A0A009HRU1	[0, 208, 0, 0, 0, 0, 0, 0, 0]

 ### Operon type: 276

	 A0A009HSN8	[0, 126, 0, 0, 0, -1, 0, 200, -1]

 ### Operon type: 277

	 A0A009HV82	[199, 0, 0, 0, 0, 0, 0, 0, 0]

 ### Operon type: 278

	 A0A009IG74	[0, 0, 103, 0, 322, -1, 0, 0, 0]

 ### Operon type: 279

	 A0A009IJ90	[0, 148, 0, 0, 0, 0, 0, 0, 0]

 ### Operon type: 280

	 A0A009ISE1	[698, 0, 697, 0, 0, -1, 0, 0, 0]

 ### Operon type: 281

	 A0A009NM94	[0, 552, 552, 0, 0, 0, 378, 0, 0]

 ### Operon type: 282

	 A0A009Q4N5	[0, 0, 122, 0, 0, 0, 0, 0, 0]

 ### Operon type: 283

	 A0A009SSZ9	[0, 177, 0, 0, 0, 0, 0, 0, 0]

 ### Operon type: 284

	 A0A009TBM2	[0, 0, 0, 0, 0, 0, 0, 0, 240]

 ### Operon type: 285

	 A0A009Q8S9	[0, 0, 520, 240, 0, 533, 0, 0, 0]

 ### Operon type: 286

	 A0A009YIH1	[0, 0, 0, 0, 303, 0, -1, -1, 10]

 ### Operon type: 287

	 A0A009YR05	[0, 0, 0, 0, 52, 0, 0, 0, 0]

 ### Operon type: 288

	 A0A009Z004	[289, 0, 289, 0, 0, 538, 0, 0, 0]

 ### Operon type: 289

	 A0A010IGH8	[0, 0, 0, 0, 0, 0, 0, 245, 0]

 ### Operon type: 290

	 A0A010JIN9	[692, 0, 0, 24, 171, 0, 0, 0, 0]

 ### Operon type: 291

	 A0A010RS09	[0, 0, 0, 0, 26, 0, 714, 714, 0]

 ### Operon type: 292

	 A0A010RUQ5	[0, 0, 0, 0, 0, 0, 0, 0, 249]

 ### Operon type: 293

	 A0A010S195	[542, 0, 12, 17, 0, 0, 0, 0, 0]

 ### Operon type: 294

	 A0A010SCZ2	[0, 0, 0, 0, 0, 0, 0, 47, 0]

 ### Operon type: 295

	 A0A010SN41	[0, 0, 0, 0, 45, 0, 0, 0, 0]

 ### Operon type: 296

	 A0A010SSU2	[0, 0, 0, 0, 64, 0, -1, 408, 0]

 ### Operon type: 297

	 A0A010SUP6	[0, 0, 0, 0, 0, 0, 0, 17, 0]

 ### Operon type: 298

	 A0A010SUY9	[0, 0, 0, 0, 0, 365, 405, 0]

 ### Operon type: 299

	 A0A010THK2	[0, 0, -1, 0, 0, 714, 538, 0, 0]

 ### Operon type: 300

	 A0A010SRL4	[30, 0, 0, -1, 0, 0, 0, 538, 94]

 ### Operon type: 301

	 A0A010YF95	[390, 0, 0, 0, 0, 0, 0, 0, 0]

 ### Operon type: 302

	 A0A010YT39	[0, 53, 0, 0, 0, 0, 0, 0, 0]

 ### Operon type: 303

	 A0A010YX61	[227, 454, 0, 592, 0, 0, 0, 0, 0]

 ### Operon type: 304

	 A0A010ZWJ8	[0, 0, 0, 0, 0, 409, 0, 0, 0]

 ### Operon type: 305

	 A0A009ZVR4	[557, 0, 454, 0, 0, 37, 0, 0, 0]

 ### Operon type: 306

	 A0A011AHW1	[0, 0, 0, 0, 0, 0, 0, 2, 0]

 ### Operon type: 307

	 A0A011NE37	[609, 0, 0, 0, 0, 0, 0, 0, 0]

 ### Operon type: 308

	 A0A011NF78	[0, 0, 493, 0, 0, 0, 0, 0, 0]

 ### Operon type: 309

	 A0A011NVE2	[0, 0, 0, 663, 0, 0, 665, 0, 535]

 ### Operon type: 310

	 A0A011NXJ4	[0, 0, 0, 0, 0, 0, 0, 0, 499]

 ### Operon type: 311

	 A0A011P8I1	[0, 0, 452, 454, 0, 0, 0, 0, 409]

 ### Operon type: 312

	 A0A011P9Q7	[649, 0, 0, 0, 0, 0, 0, 0, 0]

 ### Operon type: 313

	 A0A011PCT1	[0, 0, 0, 0, 0, 0, 0, 574, 0]

 ### Operon type: 314

	 A0A011PJ75	[0, 663, 662, 663, 0, 0, 0, 0, 0]

 ### Operon type: 315

	 A0A011PRB4	[0, 0, 0, 0, 0, 0, 0, 415, 0]

 ### Operon type: 316

	 A0A011Q5V7	[389, 0, 0, 0, 0, 0, 0, 0, 0]

 ### Operon type: 317

	 A0A011QU35	[0, 0, 0, 0, 439, 0, 0, 0, 0]

 ### Operon type: 318

	 A0A011QVT2	[438, 0, 0, 0, 0, 0, 0, 583, 0]

 ### Operon type: 319

	 A0A011RP14	[0, 0, 0, 0, 0, 0, 0, 559, 0]

 ### Operon type: 320

	 A0A011SM49	[665, 0, 559, 0, 0, 0, 543, 0, 0]

 ### Operon type: 321

	 A0A011AM27	[416, 0, 0, 0, 699, 0, 0, 0, 14]

 ### Operon type: 322

	 A0A011T607	[0, 0, 591, 0, 0, 0, 0, 0, 378]

 ### Operon type: 323

	 A0A010S5W8	[0, 0, 632, 591, 0, 0, 0, 0, 0]

 ### Operon type: 324

	 A0A011MSR2	[0, 0, 0, 632, 0, 0, 0, 631, 0]

 ### Operon type: 325

	 A0A010YYJ5	[0, 0, 0, 631, 0, 0, 0, 37, 37]

 ### Operon type: 326

	 A0A011TED9	[0, 0, 0, 0, 0, 376, 0, 0, 0]

 ### Operon type: 327

	 A0A011TXS5	[0, 541, 0, 0, 0, 0, 0, 0, 0]

 ### Operon type: 328

	 A0A011U144	[0, 249, 0, 0, 0, 0, 499, 356, 0]

 ### Operon type: 329

	 A0A011U1C8	[650, 0, 0, 0, 0, 0, 0, 0, 248]

 ### Operon type: 330

	 A0A011U483	[0, 0, 0, 0, 0, 410, 0, 0, 0]

 ### Operon type: 331

	 A0A011UDF3	[0, 0, 0, 0, 0, 372, 0, 0, 0]

 ### Operon type: 332

	 A0A011UG86	[0, 519, 0, 0, 0, 38, 0, 0, 0]

 ### Operon type: 333

	 A0A011UGY3	[0, 0, 0, 32, 0, 0, 0, 32, 0]

 ### Operon type: 334

	 A0A011UJN3	[0, 661, 0, 0, 0, 0, 0, 0, 0]

 ### Operon type: 335

	 A0A009INE0	[666, 0, 0, 0, 0, 0, 0, 662, 661]

 ### Operon type: 336

	 A0A011UQB5	[549, 611, 0, 0, 0, 0, 0, 532, 0]

 ### Operon type: 337

	 A0A011UVI5	[0, 0, 0, 0, 0, 271, 663, 663, 0]

 ### Operon type: 338

	 A0A011UWI3	[0, 0, 0, 0, 270, 0, 269, 542, 0]

 ### Operon type: 339

	 A0A011V5E6	[0, 0, 0, 0, 0, 220, 0, 0, 0]

 ### Operon type: 340

	 A0A011M4H6	[55, 0, 709, 0, 0, 0, 0, 0, 0]

 ### Operon type: 341

	 A0A011VSV3	[0, 0, 0, 0, 0, 0, 457, 0, 0]

 ### Operon type: 342

	 A0A011VWI0	[0, 0, 0, 0, 0, 180, 0, 0, 0]

 ### Operon type: 343

	 A0A011VZ91	[186, 0, 0, 0, 0, 0, 0, 0, 0]

 ### Operon type: 344

	 A0A011W213	[0, 0, 0, 0, 0, 514, 0, 0, 0]

 ### Operon type: 345

	 A0A011WP76	[0, 0, 0, 0, 0, 0, 0, 0, 469]

 ### Operon type: 346

	 A0A011WSD4	[0, 0, 0, -1, 0, 631, 0, 0, 321]

 ### Operon type: 347

	 A0A011VZF5	[0, 0, 216, 217, 0, 631, 321, 631, 0]

 ### Operon type: 348

	 A0A011WSU6	[0, 631, 0, 0, 218, 0, 0, 0, 0]

 ### Operon type: 349

	 A0A013S843	[0, 339, 0, 0, 0, 0, -1, 239, 0]

 ### Operon type: 350

	 A0A013S981	[235, 0, 0, 0, 0, 0, 0, 0, 0]

 ### Operon type: 351

	 A0A013T337	[0, 0, 0, 0, 0, 0, 0, 0, 362]

 ### Operon type: 352

	 A0A013T5E6	[0, 0, 0, 361, 0, 0, 0, 0, 0]

 ### Operon type: 353

	 A0A013SGL3	[337, 228, 227, 226, 336, 627, 335, 650, 334]
	 A0A009NE81	[337, 228, 227, 226, 336, 627, 335, 650, 334]
	 A0A009RQH3	[337, 0, 0, 226, 336, 627, 335, 650, 334]
	 A0A009I5Z6	[337, 0, 227, 226, 336, 627, 335, 650, 334]
	 A0A010KAV2	[337, 0, 0, 226, 336, 627, 335, 650, 334]

 ### Operon type: 354

	 A0A013TB41	[337, -1, 0, 0, 336, 627, 335, 650, 334]

 ### Operon type: 355

	 A0A009H3X4	[337, 0, 0, 0, 336, 627, -1, 714, -1]

 ### Operon type: 356

	 A0A009YL68	[0, 0, 650, 337, 336, 0, 0, 275, 0]

 ### Operon type: 357

	 A0A009T9H0	[0, 10, 520, -1, 0, 0, 209, 0, 208]

 ### Operon type: 358

	 A0A010THH5	[0, 39, 274, 271, 0, 0, 695, 0, 694]

 ### Operon type: 359

	 A0A011VZE3	[0, 0, 0, 712, 185, 0, 0, 0, 0]
	 A0A011WSH8	[0, 0, 0, 712, 185, 0, 0, 0, 0]

 ### Operon type: 360

	 A0A011NAF3	[0, 0, 0, 0, 0, 0, 712, 0, 623]

 ### Operon type: 361

	 A0A009IQ93	[95, 0, 712, 0, 0, 94, 0, 0, 0]

 ### Operon type: 362

	 A0A009TLU4	[0, 541, -1, 149, 0, 20, 0, -1, -1]

 ### Operon type: 363

	 A0A010JNG7	[703, 0, 0, 702, 0, 0, 0, 0, 0]

 ### Operon type: 364

	 A0A010S003	[400, 0, 0, 0, 0, 519, 519, 133, 0]

 ### Operon type: 365

	 A0A010SMN8	[0, -1, 13, 0, 715, 0, 0, 404, 0]

 ### Operon type: 366

	 A0A010SXS1	[0, 530, 0, 0, 0, 182, 0, 0, 583]

 ### Operon type: 367

	 A0A010T689	[14, -1, 695, 563, 0, 0, 0, 0, 0]

 ### Operon type: 368

	 A0A010TBB4	[0, 74, 0, 38, 0, 0, 0, 0, 650]

 ### Operon type: 369

	 A0A010YFK3	[0, 388, 0, 0, 0, 0, 49, 0, 248]

 ### Operon type: 370

	 A0A010YVY1	[6, 0, 6, 0, 0, 0, 0, 133, 0]

 ### Operon type: 371

	 A0A010Z7T4	[0, 0, 0, 0, 0, 0, 0, 704, 418]

 ### Operon type: 372

	 A0A010RRR9	[0, 0, 0, 0, 706, 0, 0, 705, 704]

 ### Operon type: 373

	 A0A010SIA7	[0, 0, 705, 41, 0, 0, 0, 0, 0]

 ### Operon type: 374

	 A0A010ZSZ2	[0, 531, 0, 382, 381, 0, 0, 0, 0]

 ### Operon type: 375

	 A0A010Z0Y7	[0, 0, 0, 0, 381, 190, 0, 0, 0]

 ### Operon type: 376

	 A0A010ZUR7	[48, 3, 0, 3, 0, 2, 133, 0, 0]

 ### Operon type: 377

	 A0A011A0M8	[0, 0, 538, 0, 86, 0, 0, 1, 1]

 ### Operon type: 378

	 A0A011NFL4	[0, 551, 0, 0, 521, 421, 0, 53, 0]

 ### Operon type: 379

	 A0A011P407	[0, 0, 411, 550, 0, 0, 650, 0, 410]

 ### Operon type: 380

	 A0A011QGT2	[712, 0, 0, 485, 484, 0, 0, 0, 0]

 ### Operon type: 381

	 A0A011QSA4	[451, 0, 450, 449, 0, 0, 0, 0, 493]

 ### Operon type: 382

	 A0A011T6J6	[0, 389, 0, 454, 0, 0, 213, 0, 212]

 ### Operon type: 383

	 A0A011TAL2	[0, 591, 0, 0, 0, 380, 0, 500, 0]

 ### Operon type: 384

	 A0A011TYT7	[0, 0, 0, 0, 0, 0, 540, 539, 539]

 ### Operon type: 385

	 A0A011TZG0	[538, 537, 0, 0, 0, 0, 0, 536, 0]

 ### Operon type: 386

	 A0A011Q6N5	[0, 0, 0, 0, 0, 0, 387, 537, 387]

 ### Operon type: 387

	 A0A011UII7	[0, 0, 0, 0, 0, 535, 534, 0, 0]

 ### Operon type: 388

	 A0A011UNT9	[533, 546, 0, 0, 0, 0, 0, 0, 0]

 ### Operon type: 389

	 A0A011SIS0	[0, 548, 547, 547, 0, 0, 0, 546, 0]

 ### Operon type: 390

	 A0A011UT49	[0, 531, 0, 0, 0, 0, 530, 529, 0]

 ### Operon type: 391

	 A0A011VU65	[50, 0, 0, 0, 0, 49, 0, 0, 0]

 ### Operon type: 392

	 A0A011VV03	[0, 48, 0, 0, 264, 55, 0, 0, 0]

 ### Operon type: 393

	 A0A011VVZ9	[0, 0, -1, 0, 0, 47, 46, 46, 545]

 ### Operon type: 394

	 A0A011VWX7	[583, 582, 0, 0, 0, 0, 0, 581, 0]

 ### Operon type: 395

	 A0A011VXK7	[552, 552, 0, 669, 0, 0, 0, 391, 0]

 ### Operon type: 396

	 A0A011W0I6	[184, 0, 0, 0, 0, 428, 0, 183, 0]

 ### Operon type: 397

	 A0A010YEF6	[0, 184, 0, 0, 0, 0, 0, 0, 15]

 ### Operon type: 398

	 A0A013SQH1	[0, 0, 0, 0, 45, 431, 0, 703, 621]

 ### Operon type: 399

	 A0A009LNU8	[151, 158, 267, 150, 0, 149, 0, 703, 0]

 ### Operon type: 400

	 A0A013SRG6	[77, 150, 267, 158, 0, 157, 0, 151, 525]

 ### Operon type: 401

	 A0A009IQU8	[0, 158, 0, 0, 0, 157, 525, 0, 0]

 ### Operon type: 402

	 A0A010K2K8	[267, 150, 77, 0, 0, 0, 0, -1, 703]

 ### Operon type: 403

	 A0A011NPR8	[0, 525, 0, 0, 0, 0, 524, 0, 0]

 ### Operon type: 404

	 A0A010SEA2	[393, 524, 39, 0, 0, 0, 0, 0, 0]

 ### Operon type: 405

	 A0A009ZIC0	[136, 76, 708, 298, 318, 716, 75, 74, 317]

 ### Operon type: 406

	 A0A009ZB47	[277, 276, 0, 0, 0, 631, 692, 0, 0]

 ### Operon type: 407

	 A0A010RM40	[713, 712, 711, 0, 0, 0, 0, -1, 710]

 ### Operon type: 408

	 A0A010RRQ6	[0, 709, 0, 0, 0, 715, 708, 707, 0]

 ### Operon type: 409

	 A0A010S423	[213, 0, 0, 0, 0, 0, 0, 269, 556]

 ### Operon type: 410

	 A0A010T0I7	[0, 0, 15, 0, 0, 452, 450, 712, 0]

 ### Operon type: 411

	 A0A011AHU9	[0, 0, 0, 0, 0, 0, 0, 4, 291]

 ### Operon type: 412

	 A0A010YY02	[0, 5, 0, 0, 5, 396, 11, 0, 4]

 ### Operon type: 413

	 A0A011NA78	[0, 625, 0, 0, 0, 624, 0, 0, 710]

 ### Operon type: 414

	 A0A011P8W7	[422, 411, 583, 0, 408, 0, 0, 0, 0]

 ### Operon type: 415

	 A0A011PG97	[404, 0, 0, 403, 0, 0, 0, 0, 0]

 ### Operon type: 416

	 A0A011PKT4	[0, 431, 0, 0, 0, 0, 430, 0, 0]

 ### Operon type: 417

	 A0A011PLB2	[0, 422, 0, 432, 0, 0, 0, 0, 0]

 ### Operon type: 418

	 A0A011R339	[0, 0, 0, 0, 0, 0, 260, 259, 0]

 ### Operon type: 419

	 A0A011SFE5	[0, 0, 0, 552, 0, 0, 551, 550, 549]

 ### Operon type: 420

	 A0A011SJT5	[0, 0, 0, 545, 544, 544, 544, 544, 544]

 ### Operon type: 421

	 A0A011TDQ5	[0, 0, 0, 0, 377, 429, 0, 0, 0]

 ### Operon type: 422

	 A0A011UG17	[111, 0, 187, 0, 33, 50, 0, 0, 0]

 ### Operon type: 423

	 A0A011V8Z7	[0, 0, 0, 0, 0, 59, 58, 0, 0]

 ### Operon type: 424

	 A0A011VT01	[0, 0, 51, 0, 0, 51, 0, 0, 285]

 ### Operon type: 425

	 A0A011VYP6	[0, 0, 0, 0, 0, 0, 187, 588, 0]

 ### Operon type: 426

	 A0A011V392	[580, 0, 415, 216, 217, 215, 0, 218, 219]

 ### Operon type: 427

	 A0A009Q0U9	[653, 109, 108, 0, 106, 105, -1, -1, 0]

 ### Operon type: 428

	 A0A010SRB2	[20, 19, 0, 0, 0, 19, 18, 0, 0]

 ### Operon type: 429

	 A0A011VJ76	[54, 54, 529, 53, 0, 712, 538, 0, 411]

 ### Operon type: 430

	 A0A013SKX6	[0, 0, 558, 0, 322, 322, 223, 222, 221]

 ### Operon type: 431

	 A0A010KA25	[692, 0, 695, 648, 84, 0, 0, 692, 343]

 ### Operon type: 432

	 A0A011WUA8	[386, 0, 0, 320, 0, 0, 0, 319, 319]

 ### Operon type: 433

	 A0A010S4X6	[0, 190, 711, 519, 329, 0, 505, 427, 714]

 ### Operon type: 434

	 A0A011U8C0	[0, 36, 35, 0, 268, 34, 0, 0, 0]
