
 ### Operon type: 1

	 A0A010ILU3	[374, 373, 372, 570, 371, 370, 369, 368, 452]
	 A0A009QBR9	[374, 373, 372, 570, 371, 370, 368, 452, 232]
	 A0A009QS71	[374, 373, 372, 570, 371, 370, 369, 368, 452]
	 A0A009MW50	[374, 373, 372, 570, 371, 370, 369, 368, 452]
	 A0A009H3B0	[374, 373, 372, 570, 371, 370, 369, 368, 452]
	 A0A009I8S2	[374, 373, 372, 570, 371, 370, 368, 452, 232]
	 A0A009TM70	[374, 373, 372, 570, 371, 370, 368, 452, 232]

 ### Operon type: 2

	 A0A013TH43	[563, 562, 825, 561, 560, 559, 558, 557, 556]
	 A0A009RAF0	[563, 562, 825, 561, 560, 559, 558, 557, 556]

 ### Operon type: 3

	 A0A011PVT3	[767, 515, 514, 513, 690, 512, 511, 510, 509]
	 A0A011R7V7	[767, 515, 514, 513, 690, 512, 511, 510, 509]
	 A0A011MET3	[767, 515, 514, 513, 690, 512, 511, 510, 509]

 ### Operon type: 4

	 A0A013SNJ8	[454, 453, 452, 451, 450, 520, 461, 449, 448]
	 A0A013RZW2	[454, 453, 452, 451, 450, 520, 461, 449, 448]
	 A0A009IV03	[454, 453, 452, 451, 450, 520, 461, 449, 448]
	 A0A009PH20	[454, 453, 452, 451, 450, 520, 461, 449, 448]
	 A0A010J9U3	[454, 453, 452, 451, 450, 520, 461, 449, 448]
	 A0A009MMM3	[454, 453, 452, 451, 450, 520, 461, 449, 448]
	 A0A009SIZ4	[454, 453, 452, 451, 450, 520, 461, 449, 448]
	 A0A009HBT3	[454, 453, 452, 451, 450, 520, 461, 449, 448]
	 A0A009RD69	[454, 453, 452, 451, 450, 520, 461, 449, 448]
	 A0A009YIZ0	[454, 453, 452, 451, 450, 520, 461, 449, 448]

 ### Operon type: 5

	 A0A009PH57	[174, 173, -1, 172, 171, 639, 170, 336, 169]
	 A0A009TG92	[174, 173, -1, 172, 171, 639, 170, 336, 169]

 ### Operon type: 6

	 A0A013SXT2	[524, 523, 522, 521, 520, 519, 518, 517, 516]
	 A0A013S288	[524, 523, 522, 521, 520, 519, 518, 517, 516]
	 A0A009I0I9	[524, 523, 522, 521, 520, 519, 518, 517, 516]
	 A0A010J3I1	[524, 523, 522, 521, 520, 519, 518, 517, 516]
	 A0A009N031	[524, 523, 522, 521, 520, 519, 518, 517, 516]
	 A0A009PWG1	[524, 523, 522, 521, 520, 519, 518, 517, 516]
	 A0A009R2X0	[524, 523, 522, 521, 520, 519, 518, 517, 516]
	 A0A009SFX8	[524, 523, 522, 521, 46, 520, 519, 518, 517]
	 A0A009TBM2	[523, 522, 521, 46, 520, 519, 518, 517, 516]

 ### Operon type: 7

	 A0A013T8M5	[578, 675, 577, 576, 575, 574, 573, 572, 571]
	 A0A013SZ54	[578, 675, 577, 576, 575, 574, 573, 572, 571]
	 A0A010IMP8	[578, 675, 577, 576, 575, 574, 573, 572, 571]
	 A0A009IRJ6	[578, 675, 577, 576, 575, 574, 573, 572, 571]
	 A0A009N123	[578, 675, 577, 576, 575, 574, 573, 572, 571]
	 A0A009Q3K7	[578, 675, 577, 576, 575, 574, 573, 572, 571]
	 A0A009SWU0	[578, 675, 577, 576, 575, 574, 573, 572, 571]
	 A0A009H7U0	[578, 675, 577, 576, 575, 574, 573, 572, 571]
	 A0A009RBQ2	[578, 675, 577, 576, 575, 574, 573, 572, 571]
	 A0A009ZM43	[-1, 675, 577, 576, 575, 574, 573, 572, 571]

 ### Operon type: 8

	 A0A013RMD0	[-1, 444, 692, 443, 442, 697, 441, 440, 439]
	 A0A009RG92	[-1, 444, 692, 443, 442, 697, 441, 440, 439]
	 A0A009QDV7	[-1, 444, 692, 443, 442, 697, 441, 440, 439]
	 A0A009S854	[-1, 444, 692, 443, 442, 697, 441, 440, 439]
	 A0A010JDA6	[-1, 444, 692, 443, 442, 697, 441, 440, 439]
	 A0A009N9Z1	[-1, 444, 692, 443, 442, 697, 441, 440, 439]
	 A0A009H6M2	[-1, 444, 692, 443, 442, 697, 441, 440, 439]
	 A0A009IHQ3	[-1, 444, 692, 443, 442, 697, 441, 440, 439]
	 A0A009ZIC0	[83, 444, 692, 443, 442, 697, 441, 440, 439]

 ### Operon type: 9

	 A0A011V5V3	[0, 316, 315, 314, 313, 312, 311, 310, 309]
	 A0A011UIA1	[316, 315, 314, 313, 312, 311, 310, 309, 0]

 ### Operon type: 10

	 A0A011PTE7	[611, 610, 609, 608, 607, 0, 606, 605, 604]
	 A0A011NE72	[611, 610, 609, 608, 607, 606, 605, 604, 0]

 ### Operon type: 11

	 A0A010JWJ1	[257, 256, 753, 255, 254, 253, 252, 251, 250]
	 A0A009I4A1	[257, 256, 753, 255, 254, 253, 252, 251, 250]

 ### Operon type: 12

	 A0A009QF22	[128, 127, 257, 0, 254, 253, 252, 251, 250]
	 A0A009TBY8	[128, 127, 257, 255, 254, 253, 252, 251, 250]

 ### Operon type: 13

	 A0A011NEY3	[499, 636, 635, 634, 634, 633, 632, 631, 0]

 ### Operon type: 14

	 A0A011PAN4	[636, 635, 0, 634, 634, 633, 632, 631, 630]

 ### Operon type: 15

	 A0A011RCD5	[499, 636, 635, 634, 634, 633, 632, 631, 630]

 ### Operon type: 16

	 A0A011NAY5	[752, 751, 750, 749, 748, 747, 746, 745, 0]
	 A0A011P4U7	[0, 752, 751, 750, 749, 748, 747, 746, 745]

 ### Operon type: 17

	 A0A011NBX7	[741, 740, 739, 738, 737, 736, 0, 0, 0]
	 A0A011NW66	[741, 740, 739, 738, 737, 736, 0, 0, 0]
	 A0A011PF67	[741, 740, 739, 738, 737, 0, 0, 0, 0]

 ### Operon type: 18

	 A0A011NS68	[741, 740, 739, 738, 737, 719, 718, 727, 717]
	 A0A011RHX4	[741, 740, 739, 738, 737, 719, 718, 727, 0]

 ### Operon type: 19

	 A0A010YT39	[0, 725, 33, 691, 32, 31, 30, 29, 389]

 ### Operon type: 20

	 A0A010Z7T4	[33, 691, 32, 31, 30, 29, 389, 688, 617]

 ### Operon type: 21

	 A0A013SP43	[463, 462, 461, 460, 459, 458, 457, 456, 455]
	 A0A010K6G6	[463, 462, 461, 460, 459, 458, 457, 0, 455]
	 A0A009RUN3	[463, 462, 461, 460, 459, 458, 457, 456, 455]

 ### Operon type: 22

	 A0A011VWR4	[0, 0, 0, 0, 434, 433, 432, 431, 430]

 ### Operon type: 23

	 A0A011VYP6	[434, 433, 432, 431, 430, 0, 429, 513, 0]

 ### Operon type: 24

	 A0A011QAS2	[0, 781, 780, 779, 778, 777, 776, 775, 774]
	 A0A011NEQ1	[0, 781, 780, 779, 778, 777, 776, 775, 774]

 ### Operon type: 25

	 A0A010JSI3	[705, 704, 703, 702, 701, 700, 699, 698, 0]
	 A0A013T0M4	[705, 704, 703, 702, 701, 700, 699, 698, 0]
	 A0A009RGL2	[705, 704, 703, 702, 701, 700, 699, 698, 258]
	 A0A009HDS5	[705, 704, 703, 702, 701, 700, 699, 698, 258]

 ### Operon type: 26

	 A0A009SNL0	[98, 97, 390, 139, 138, 137, 136, 135, 134]

 ### Operon type: 27

	 A0A009T1I8	[390, 139, 138, 137, 136, 135, 134, 0, 0]

 ### Operon type: 28

	 A0A011VW71	[0, 323, 322, 321, 320, 319, 318, 815, 317]
	 A0A011VUV0	[323, 322, 321, 320, 319, 318, 815, 317, 0]

 ### Operon type: 29

	 A0A011UG71	[302, 301, 300, 308, 307, 306, 305, 304, 303]

 ### Operon type: 30

	 A0A011V8Z7	[0, 0, 302, 301, 300, 308, 307, 306, 305]

 ### Operon type: 31

	 A0A011V8Y9	[308, 307, 306, 305, 304, 303, 0, 0, 0]

 ### Operon type: 32

	 A0A011U8C0	[0, 306, 301, 0, 333, 304, 0, 0, 0]

 ### Operon type: 33

	 A0A011QSF0	[0, 869, 868, 867, 866, 865, 864, 863, 0]
	 A0A011QBB5	[644, 869, 868, 867, 866, 865, 864, 863, 643]
	 A0A011Q0X6	[644, 869, 868, 867, 866, 865, 864, 863, 643]
	 A0A011Q1X8	[869, 0, 868, 867, 866, 865, 864, 863, 643]

 ### Operon type: 34

	 A0A011PG87	[644, 869, 868, 867, 866, 865, 864, 0, 0]

 ### Operon type: 35

	 A0A011PCT1	[856, 855, 854, 0, 0, 0, 0, 831, 0]

 ### Operon type: 36

	 A0A011QU35	[0, 0, 0, 0, 857, 0, 856, 855, 854]

 ### Operon type: 37

	 A0A011Q2B1	[860, 680, 857, 835, 854, 834, 833, 832, 831]

 ### Operon type: 38

	 A0A011RLN8	[859, 858, 857, 835, 854, 834, 833, 832, 831]

 ### Operon type: 39

	 A0A011P700	[0, 0, 862, 861, 860, 680, 857, 835, 854]

 ### Operon type: 40

	 A0A011QSI4	[0, 0, 862, 861, 860, 0, 859, 858, 857]

 ### Operon type: 41

	 A0A013T337	[755, 695, 593, 592, 591, 836, 590, 839, 589]
	 A0A013TH30	[755, 695, 593, 592, 591, 836, 590, 839, 589]
	 A0A013S981	[404, 755, 695, 593, 592, 591, 836, 590, 839]

 ### Operon type: 42

	 A0A010JY00	[404, 755, 695, 593, 249, 836, 590, 839, 589]

 ### Operon type: 43

	 A0A013TPV4	[476, 475, 474, 473, 472, 471, 809, 753, 470]
	 A0A009QQ47	[476, 475, 474, 473, 472, 471, 809, 753, 470]
	 A0A009MGJ1	[476, 475, 474, 473, 472, 471, 809, 753, 470]
	 A0A009SZB5	[476, 475, 474, 473, 472, 471, 809, 753, 470]
	 A0A010IZE4	[476, 475, 474, 473, 472, 471, 809, 753, 470]
	 A0A009HL81	[476, 475, 474, 473, 472, 471, 809, 753, 470]
	 A0A009HR98	[476, 475, 474, 473, 472, 471, 809, 753, 470]

 ### Operon type: 44

	 A0A009Z8F7	[475, 474, 471, 0, 472, 5, 5, 0, 47]

 ### Operon type: 45

	 A0A009HFU9	[87, 86, 85, 84, 83, 555, 82, 81, 0]
	 A0A009R016	[87, 86, 85, 84, 83, -1, 555, 82, 81]

 ### Operon type: 46

	 A0A011UJN3	[0, 365, 0, 0, 426, 425, 424, 423, 422]

 ### Operon type: 47

	 A0A011W213	[426, 425, 424, 423, 422, 713, 0, 0, 0]

 ### Operon type: 48

	 A0A011QUG8	[853, 852, 851, 850, 849, 848, 0, 847, 846]
	 A0A011QIT1	[853, 852, 851, 850, 849, 848, 847, 846, 795]

 ### Operon type: 49

	 A0A011NVE7	[711, 710, 709, 756, 757, 758, 759, 760, 761]
	 A0A011PP01	[711, 710, 709, 756, 757, 758, 759, 760, 761]

 ### Operon type: 50

	 A0A011N9N8	[783, 763, 762, 761, 760, 759, 758, 757, 756]
	 A0A011P2I4	[783, 763, 762, 761, 760, 759, 758, 757, 756]

 ### Operon type: 51

	 A0A011PIY7	[731, 0, 762, 761, 760, 759, 758, 0, 756]

 ### Operon type: 52

	 A0A011Q3J4	[0, 731, 762, 761, 760, 759, 758, 757, 0]

 ### Operon type: 53

	 A0A011MH88	[732, 731, 762, 761, 760, 759, 758, 757, 756]

 ### Operon type: 54

	 A0A013SPM5	[587, 586, 585, 584, 583, 582, 581, 580, 579]
	 A0A009QFZ7	[587, 586, 585, 584, 583, 582, 581, 580, 579]
	 A0A009MH71	[587, 586, 585, 584, 583, 582, 581, 580, 579]
	 A0A010IX62	[587, 586, 585, 584, 583, 582, 581, 580, 579]
	 A0A009HSL1	[587, 586, 585, 584, 583, 582, 581, 580, 579]
	 A0A009I6Z0	[587, 586, 585, 584, 583, 582, 581, 580, 579]
	 A0A009TK03	[587, 586, 585, 584, 583, 582, 581, 580, 579]

 ### Operon type: 55

	 A0A009ZIX8	[0, 6, 585, 584, 583, 25, 0, 579, 0]

 ### Operon type: 56

	 A0A013TPR7	[483, 482, 481, 480, 479, 478, 477, 677, 764]
	 A0A010JJN4	[483, 482, 481, 480, 479, 478, 477, 677, 764]
	 A0A009PMT3	[483, 482, 481, 480, 479, 478, 477, 677, 764]
	 A0A009NI48	[483, 482, 481, 480, 479, 478, 477, 677, -1]
	 A0A009SEP4	[483, 482, 481, 480, 479, 0, 478, 477, 0]
	 A0A009RMI1	[483, 482, 481, 480, 479, 478, 477, 677, 0]
	 A0A009HJJ5	[483, 482, 481, 480, 479, 478, 477, 677, 65]
	 A0A009I8I7	[483, 482, 481, 480, 479, 478, 477, 677, 65]
	 A0A009YG45	[0, 483, 482, 481, 479, 0, 478, 477, 677]

 ### Operon type: 57

	 A0A013TPQ9	[489, 488, 487, 486, 485, 753, 722, 484, 765]
	 A0A013S8F0	[489, 488, 487, 486, 485, 753, 722, 484, 765]
	 A0A009PMU2	[489, 488, 487, -1, 485, 753, 722, 484, 765]
	 A0A010IZH1	[-1, 488, 487, 486, 485, 753, 722, 484, 765]
	 A0A009SZ84	[489, 488, 487, 486, 485, 753, 722, 484, 765]
	 A0A009HJM0	[489, 488, 487, 486, 485, 753, 722, 484, 765]

 ### Operon type: 58

	 A0A009HUS9	[488, 487, 0, 486, 485, 209, -1, 210, 211]

 ### Operon type: 59

	 A0A009ISE1	[478, 477, 677, 211, 210, -1, 209, 485, 486]

 ### Operon type: 60

	 A0A009NPS1	[489, 488, 487, 486, 485, -1, 677, 477, 478]

 ### Operon type: 61

	 A0A013SB36	[403, 402, 401, 400, 399, 668, 667, 398, 397]
	 A0A009QSI3	[403, 402, 401, 400, 399, 668, 667, 398, -1]

 ### Operon type: 62

	 A0A010ITP2	[403, 402, 401, 400, 399, 668, 667, 0, 0]

 ### Operon type: 63

	 A0A009SII9	[-1, 402, 401, 400, 399, 668, 667, 142, 141]

 ### Operon type: 64

	 A0A009T0Q9	[399, 668, 667, 142, 141, 397, 732, 753, 140]

 ### Operon type: 65

	 A0A009YJF4	[0, 668, 667, 71, 70, 732, 753, 0, 140]

 ### Operon type: 66

	 A0A009GP96	[0, 80, 753, 688, 248, 79, 555, 78, 77]

 ### Operon type: 67

	 A0A009GSR4	[688, 248, 79, 555, 78, 77, 77, 76, 0]

 ### Operon type: 68

	 A0A009IIT6	[80, 753, 688, 248, 78, 77, 77, 76, 0]

 ### Operon type: 69

	 A0A011SQL0	[684, 335, -1, 334, 333, 332, 528, 331, 330]
	 A0A011UZ49	[335, -1, 334, 333, 332, 528, 331, 330, 0]

 ### Operon type: 70

	 A0A009PT82	[763, 646, 160, 159, 214, 213, 212, 158, 157]
	 A0A009SIF9	[763, 646, 160, 159, 214, 213, 212, 158, 157]

 ### Operon type: 71

	 A0A009IS10	[215, 0, 0, 0, 214, 213, 212, 0, 0]

 ### Operon type: 72

	 A0A009QHW5	[0, 0, 0, 374, 214, 213, 212, 0, 126]

 ### Operon type: 73

	 A0A011UVB4	[0, 0, 0, 129, 0, 0, 215, 0, 317]

 ### Operon type: 74

	 A0A011V107	[278, -1, 277, 276, 275, 274, 273, 272, 0]
	 A0A011U7M7	[0, 278, -1, 277, 276, 275, 274, 273, 272]

 ### Operon type: 75

	 A0A011TLH0	[244, 275, 277, 243, 276, 274, 0, 0, 0]

 ### Operon type: 76

	 A0A011UG87	[355, 356, 357, 244, 275, 277, 243, 276, 274]

 ### Operon type: 77

	 A0A011TLH7	[357, 356, 355, 0, 0, 0, 0, 0, 0]

 ### Operon type: 78

	 A0A011TWN2	[354, 353, 352, 351, 350, 349, 348, 0, 0]
	 A0A011TAF9	[0, 0, 354, 353, 352, 351, 350, 349, 348]

 ### Operon type: 79

	 A0A011Q5V7	[790, 0, 0, 0, 830, 829, 828, 827, 826]

 ### Operon type: 80

	 A0A011RM25	[830, 829, 828, 827, 826, 844, 0, 825, 0]

 ### Operon type: 81

	 A0A011QDV3	[651, 650, 649, 722, 648, 647, 646, 0, 645]
	 A0A011QIE8	[651, 650, 649, 722, 648, 647, 645, 0, 0]

 ### Operon type: 82

	 A0A011QAB0	[787, 786, 785, 0, 784, 783, 814, 782, 0]
	 A0A011PL71	[500, 787, 786, 785, 784, 783, 814, 782, 0]

 ### Operon type: 83

	 A0A011Q6N5	[800, 799, 798, 0, 0, 0, 789, 788, 789]

 ### Operon type: 84

	 A0A011SGD5	[0, 0, 0, 0, 0, 0, 800, 799, 798]

 ### Operon type: 85

	 A0A011NYU6	[641, 640, 0, 639, 638, 27, 26, 0, 637]

 ### Operon type: 86

	 A0A011PYI6	[641, 640, 0, 639, 638, 637, 694, 802, 0]

 ### Operon type: 87

	 A0A011P1C0	[0, 0, 27, 26, 637, 0, 0, 0, 0]

 ### Operon type: 88

	 A0A011N4G4	[0, 0, 657, 656, 655, 654, 655, 653, 652]
	 A0A011PKU5	[657, 656, 655, 654, 655, 653, 652, 0, 0]

 ### Operon type: 89

	 A0A010ZWJ8	[21, 20, 19, 617, 18, 674, 342, 674, 17]

 ### Operon type: 90

	 A0A011AHW1	[18, 617, 19, 20, 21, 0, 0, 22, 0]

 ### Operon type: 91

	 A0A011AHU9	[342, 674, 17, 0, 0, 0, 0, 9, 732]

 ### Operon type: 92

	 A0A010ZX98	[16, 15, 14, 13, 12, 11, 722, 722, 0]

 ### Operon type: 93

	 A0A011AIL7	[12, 13, 14, 15, 16, 0, 0, 0, 0]

 ### Operon type: 94

	 A0A010YF95	[791, 38, 847, 37, 36, 36, 35, 327, 34]

 ### Operon type: 95

	 A0A010ZJQ6	[38, 847, 37, 36, 36, 35, 327, 34, 0]

 ### Operon type: 96

	 A0A009GXL8	[74, 73, 72, 71, 70, 255, 107, 125, 124]

 ### Operon type: 97

	 A0A010JIW7	[74, 73, 72, 71, 70, 0, 0, 107, 125]

 ### Operon type: 98

	 A0A011QNA5	[0, 508, 507, 506, 0, 602, 601, 600, 599]
	 A0A009ZLJ7	[599, 600, 601, 602, 0, 0, 508, 507, 506]

 ### Operon type: 99

	 A0A013T0T6	[602, 601, 600, 599, 598, 597, 596, 595, 594]
	 A0A009QMH5	[602, 601, 600, 599, 598, 597, 596, 595, 594]
	 A0A009ISY0	[602, 601, 600, 599, 598, 208, 596, 595, 594]
	 A0A009PE10	[602, 601, 600, 599, 598, 208, 596, 595, -1]
	 A0A009RMD0	[602, 601, 600, 599, 598, 208, 596, 595, 594]
	 A0A009HAX1	[602, 601, 600, 599, 598, 597, 596, 595, 594]

 ### Operon type: 100

	 A0A010ILW6	[602, 601, 600, 599, 598, 597, 0, 0, 595]

 ### Operon type: 101

	 A0A009Z9X7	[601, 600, 599, 0, 598, 0, 843, 0, 595]

 ### Operon type: 102

	 A0A013S8V2	[407, 406, 0, 0, 0, 405, 0, 0, 0]
	 A0A009R8E1	[0, 64, 0, 407, 406, 0, 0, 405, 0]

 ### Operon type: 103

	 A0A009ICH6	[454, 150, 149, 148, 249, 63, 62, 61, 839]
	 A0A009ZFR5	[454, 150, 149, 148, 249, 63, 62, 61, 839]

 ### Operon type: 104

	 A0A009NQA1	[454, 150, 149, 148, 147, 146, 593, 839, 836]
	 A0A009RR21	[454, 150, 149, 148, 147, 146, 593, 839, 836]

 ### Operon type: 105

	 A0A009HTN9	[454, 150, 149, 148, 147, 146, 69, 768, 68]
	 A0A009T3J5	[454, 150, 149, 148, 147, 146, 69, 768, 68]

 ### Operon type: 106

	 A0A009Q0U9	[454, 150, 149, 148, 147, 146, -1, -1, 0]

 ### Operon type: 107

	 A0A009QEG7	[231, 230, 229, 228, 227, 226, 225, 224, 223]
	 A0A009IPC3	[231, 230, 229, 228, 227, 226, 225, 224, 223]

 ### Operon type: 108

	 A0A009I573	[105, 0, 195, 196, 0, 197, 227, 228, 229]

 ### Operon type: 109

	 A0A009ILP9	[224, 0, 229, 228, 227, 197, 223, 196, 195]

 ### Operon type: 110

	 A0A009I953	[224, 0, 229, 228, 227, 197, 223, 0, -1]

 ### Operon type: 111

	 A0A009SX74	[625, 717, 0, 196, 223, 224, 230, 231, 99]

 ### Operon type: 112

	 A0A010IPH1	[364, 465, 744, 363, 362, 361, 360, 359, 358]
	 A0A009MMG9	[364, 465, 744, 363, 362, 361, 360, 359, 358]
	 A0A009QVK8	[364, 465, 744, 363, 362, 361, 360, 359, 358]
	 A0A009ICP5	[364, 465, 744, 363, 362, 361, 360, 359, 358]

 ### Operon type: 113

	 A0A009SIV4	[130, 131, 132, 106, 362, 361, 360, 359, 358]
	 A0A009HTW0	[130, 131, 132, 106, 362, 361, 360, 359, 358]
	 A0A009QLL2	[130, 131, 132, 106, 362, 361, 360, 359, 358]
	 A0A013TSJ4	[131, 132, 0, 106, 362, 361, 360, 359, 358]

 ### Operon type: 114

	 A0A013TCN9	[570, 569, 568, 567, 566, 565, 564, 753, 722]
	 A0A009QNC9	[570, 569, 568, 567, 566, 565, 564, 753, 722]
	 A0A010ITG1	[570, 569, 568, 567, 566, 565, 564, 753, 722]
	 A0A009NIJ3	[570, 569, 568, 567, 566, 565, 564, 753, 722]
	 A0A013TRC1	[570, 569, 568, 567, 566, 565, 564, 753, 722]

 ### Operon type: 115

	 A0A009H935	[0, 0, 568, 567, 566, 565, 564, 753, 722]

 ### Operon type: 116

	 A0A009IMX3	[416, 415, 414, 413, 412, 192, 192, 802, 191]
	 A0A009QEX0	[416, 415, 414, 413, 412, 192, 192, 802, 191]
	 A0A009SF48	[416, 415, 414, 413, 412, -1, 192, 802, 191]

 ### Operon type: 117

	 A0A013S7V1	[416, 415, 414, 413, 412, 411, 454, 410, 409]
	 A0A010ISX2	[416, 415, 414, 413, 412, 411, 454, 410, 409]
	 A0A009RES7	[416, 415, 414, 413, 412, 411, 454, 410, 409]
	 A0A009MR00	[416, 415, 414, 413, 412, 411, 454, 410, 409]

 ### Operon type: 118

	 A0A009YTT3	[3, 83, 414, 413, 412, 411, 454, 410, 409]

 ### Operon type: 119

	 A0A009GYP9	[0, 0, 0, 413, 412, 411, 454, 410, 409]

 ### Operon type: 120

	 A0A009ZZC8	[-1, 97, 98, 3, 83, 414, 413, 412, 411]

 ### Operon type: 121

	 A0A011WSE5	[543, 542, 541, 540, 539, 538, 537, 536, 535]
	 A0A011UGX8	[325, 543, 542, 541, 540, 539, 538, 537, 536]

 ### Operon type: 122

	 A0A011VZG0	[386, 0, 325, 543, 542, 541, 540, 539, 538]

 ### Operon type: 123

	 A0A009PJF7	[168, 167, 167, 166, 165, 284, 164, 163, 162]
	 A0A009SJZ7	[129, 168, 167, 166, 165, 284, 164, 163, 162]

 ### Operon type: 124

	 A0A009Z5G0	[284, 166, 167, 0, 544, 168, 129, 446]

 ### Operon type: 125

	 A0A010JJC1	[796, 381, 380, 379, 378, 377, 376, 382, 375]
	 A0A010IZ41	[381, 380, 379, 378, 377, 376, 382, 375, 461]

 ### Operon type: 126

	 A0A009QJL6	[796, 381, 380, 379, 0, 375, 461, 123, 0]

 ### Operon type: 127

	 A0A013TB41	[469, -1, 468, 467, 466, 763, 465, 682, 464]
	 A0A013SGL3	[469, 396, 468, 467, 466, 763, 465, 682, 464]
	 A0A010KAV2	[469, 396, 468, 467, 466, 763, 465, 682, 464]
	 A0A009PG53	[469, 396, 468, 467, 466, 763, 465, 682, 464]
	 A0A009NE81	[469, 396, 468, 467, 466, 763, 465, 682, 464]
	 A0A009RQH3	[469, 396, 468, 467, 466, 763, 465, 682, 464]
	 A0A009I5Z6	[469, 396, 468, 467, 466, 763, 465, 682, 464]
	 A0A009SHB3	[469, 396, 468, 467, 466, 763, 465, 682, 464]

 ### Operon type: 128

	 A0A009H3X4	[469, 396, 468, 467, 466, 763, -1, 729, -1]

 ### Operon type: 129

	 A0A009PIB4	[0, 0, 0, 156, 155, 154, 555, 753, 783]
	 A0A009SLR5	[0, 0, 0, 156, 155, 154, 555, 753, 783]

 ### Operon type: 130

	 A0A009HSU4	[0, 0, 663, 753, 0, 763, 682, 783, 555]

 ### Operon type: 131

	 A0A009I463	[810, 67, 66, 520, 520, 389, 388, 387, 145]
	 A0A009PAG1	[810, 67, 66, 520, 520, 389, 388, 387, 145]

 ### Operon type: 132

	 A0A013SKX6	[0, 0, 810, 0, 520, 520, 389, 388, 387]

 ### Operon type: 133

	 A0A011Q5S3	[795, 794, 0, 0, 0, 0, 793, 792, 791]

 ### Operon type: 134

	 A0A011UZZ4	[0, 793, 792, 0, 0, 0, 280, 280, 791]

 ### Operon type: 135

	 A0A011UTJ0	[0, 0, 0, 295, 294, 293, 747, 292, 291]

 ### Operon type: 136

	 A0A011VMV7	[295, 294, 293, 747, 292, 291, 290, 289, 288]

 ### Operon type: 137

	 A0A011NYT4	[754, 679, 678, 677, 0, 669, 669, 668, 667]

 ### Operon type: 138

	 A0A011P8E9	[0, 0, 754, 679, 0, 678, 677, 0, 0]

 ### Operon type: 139

	 A0A010TF34	[0, -1, 0, 0, 53, 52, 51, 50, 49]
	 A0A010SYH9	[53, 52, 51, 50, 49, 0, 0, 0, 0]

 ### Operon type: 140

	 A0A010S7A1	[120, 119, 118, 117, 0, 116, 0, 0, 0]
	 A0A010TFJ4	[0, -1, 0, 120, 119, 118, 117, -1, 116]

 ### Operon type: 141

	 A0A009PAV9	[189, -1, 744, 188, 520, 555, 187, 186, 185]
	 A0A009HJC2	[189, 722, 744, 188, 520, 555, 187, 186, 185]

 ### Operon type: 142

	 A0A009SE02	[0, 185, 0, 0, 0, 186, 187, 555, 520]

 ### Operon type: 143

	 A0A009RSB7	[682, 454, 670, 395, 175, 753, 753, 436, 393]
	 A0A009SYU8	[682, 454, 670, 395, 175, 753, 753, 436, 393]
	 A0A009HS41	[682, 454, 670, 395, 175, 753, 753, 436, 393]

 ### Operon type: 144

	 A0A013SHA9	[682, 454, 670, 395, 394, 753, 753, 436, 393]
	 A0A010IT25	[682, 454, 670, 395, 394, 753, 753, 436, 393]
	 A0A009I466	[682, 454, 670, 395, 394, 753, 753, 436, 393]

 ### Operon type: 145

	 A0A009NMQ9	[682, 454, 670, 395, 394, 0, 753, 753, 436]

 ### Operon type: 146

	 A0A009P8A9	[0, 0, 670, 395, 175, 753, 753, 436, 393]

 ### Operon type: 147

	 A0A009ITT8	[207, 206, 205, 264, 263, 204, 262, 261, 260]
	 A0A009NJ90	[207, 206, 205, 264, 263, 198, 204, 262, 261]

 ### Operon type: 148

	 A0A009NCH6	[202, 262, 261, 260, 201, 200, 199, 109, 108]
	 A0A009IJ01	[262, 261, 260, 259, 201, 200, 199, 109, 108]

 ### Operon type: 149

	 A0A009RQL5	[262, 261, 260, 101, 201, 200, 199, 109, 0]

 ### Operon type: 150

	 A0A009MGQ8	[263, 0, 202, 262, 261, 260, 201, 200, 199]

 ### Operon type: 151

	 A0A009IJ07	[267, 266, 265, 264, 263, 262, 261, 260, 259]
	 A0A009S6G1	[267, 266, 265, 264, 263, 262, 261, 260, 201]
	 A0A009RHH7	[267, 266, 265, 264, 263, 198, 262, 261, 260]

 ### Operon type: 152

	 A0A009HZK2	[265, 264, 263, 262, 261, 260, 259, 201, 200]

 ### Operon type: 153

	 A0A009R4N4	[264, 263, 198, 262, 261, 260, 101, 201, 200]

 ### Operon type: 154

	 A0A009S5A5	[263, 198, 204, 262, 261, 260, 259, 100, 201]

 ### Operon type: 155

	 A0A009RHH9	[0, 0, 0, 0, 268, 267, 266, 265, 264]

 ### Operon type: 156

	 A0A011PGU1	[0, 0, 624, 623, 622, 621, 620, 619, 618]
	 A0A011MDH1	[665, 0, 624, 623, 622, 621, 620, 619, 618]

 ### Operon type: 157

	 A0A011V0P4	[498, 279, 0, 0, 548, 0, 0, 418, 417]

 ### Operon type: 158

	 A0A011WPV7	[418, 417, 0, 0, 0, 0, 0, 0, 0]

 ### Operon type: 159

	 A0A011UDF3	[623, 281, 0, 0, 0, 347, 287, 286, 873]

 ### Operon type: 160

	 A0A011VSC9	[287, 286, 873, 0, 0, 0, 0, 0, 0]

 ### Operon type: 161

	 A0A011SF89	[807, 806, 805, 0, 0, 0, 0, 0, 0]

 ### Operon type: 162

	 A0A011UCX7	[0, 787, 807, 806, 0, 805, 220, 0, 0]

 ### Operon type: 163

	 A0A011RNP9	[0, 0, 0, 0, 0, 815, 814, 0, 0]

 ### Operon type: 164

	 A0A011V0B5	[810, 0, 0, 0, 0, 0, 815, 0, 0]

 ### Operon type: 165

	 A0A011RQC9	[0, 810, 809, 0, 0, 0, 0, 808, 0]

 ### Operon type: 166

	 A0A011QG28	[505, 504, 623, 0, 622, 621, 675, 503, 676]
	 A0A011RIM8	[505, 504, 0, 0, 622, 621, 675, 503, 676]

 ### Operon type: 167

	 A0A011PHI6	[687, 0, 686, 0, 0, 685, 850, 716, 0]

 ### Operon type: 168

	 A0A011QI68	[0, 0, 686, 685, 0, 0, 0, 0, 0]

 ### Operon type: 169

	 A0A011NVJ6	[708, 772, 771, 770, 769, 768, 0, 0, 707]

 ### Operon type: 170

	 A0A011PVP2	[0, 772, 771, 770, 769, 768, 0, 0, 767]

 ### Operon type: 171

	 A0A011NXY7	[0, 0, 771, 0, 769, 0, 0, 0, 0]

 ### Operon type: 172

	 A0A011QR69	[841, 840, 839, 838, 837, 836, 0, 0, 0]
	 A0A011NUB4	[841, 840, 839, 838, 837, 836, 0, 713, 0]

 ### Operon type: 173

	 A0A011NN36	[840, 839, 0, 0, 837, 836, 0, 0, 0]

 ### Operon type: 174

	 A0A011PK69	[839, 502, 0, 0, 837, 836, 0, 0, 0]

 ### Operon type: 175

	 A0A011RMI6	[824, 823, 822, 821, 820, 819, 818, 817, 816]
	 A0A011NYD6	[824, 823, 822, 821, 820, 819, 818, 817, 816]

 ### Operon type: 176

	 A0A011QB28	[773, 824, 823, 0, 0, 819, 818, 817, 816]

 ### Operon type: 177

	 A0A011NF33	[0, 819, 818, 0, 0, 0, 0, 0, 0]

 ### Operon type: 178

	 A0A011NBY4	[735, 0, 0, 734, 0, 0, 733, 0, 0]

 ### Operon type: 179

	 A0A011WRT0	[735, 0, 0, 0, 0, 0, 0, 802, 0]

 ### Operon type: 180

	 A0A011SHV5	[0, 0, 0, 0, 0, 797, 802, 796, 0]

 ### Operon type: 181

	 A0A011NB95	[0, 845, 0, 0, 0, 0, 744, 743, 742]

 ### Operon type: 182

	 A0A011UHT4	[123, 324, 743, 0, 0, 55, 55, 742, 0]

 ### Operon type: 183

	 A0A010Z1W7	[0, 0, 0, 0, 0, 89, 0, 491, 492]

 ### Operon type: 184

	 A0A011VY84	[0, 0, 492, 491, 0, 0, 0, 0, 0]

 ### Operon type: 185

	 A0A010YW85	[0, 0, 0, 0, 0, 383, 0, 491, 492]

 ### Operon type: 186

	 A0A010ZMA0	[491, 766, 0, 0, 0, 0, 0, 0, 0]

 ### Operon type: 187

	 A0A011N5L2	[0, 0, 0, 766, 0, 765, 764, 0, 0]

 ### Operon type: 188

	 A0A009MJ75	[0, 0, 145, 144, 143, 0, 0, 0, 688]

 ### Operon type: 189

	 A0A010IH51	[0, 358, 0, 0, 143, 0, 688, 0, 0]

 ### Operon type: 190

	 A0A011TYT7	[0, 0, 0, 0, 0, 0, 358, 328, 328]

 ### Operon type: 191

	 A0A010RRR9	[0, 0, 0, 0, 690, 0, 0, 689, 688]

 ### Operon type: 192

	 A0A010SIA7	[0, 0, 689, 117, 0, 0, 0, 0, 0]

 ### Operon type: 193

	 A0A010RFQ9	[0, 0, 697, 0, 696, 0, 0, 0, 0]

 ### Operon type: 194

	 A0A010SPR9	[44, 44, 0, 0, 0, 696, 0, 0, 0]

 ### Operon type: 195

	 A0A009LNU8	[525, 527, 528, 529, 0, 203, 0, 555, 0]

 ### Operon type: 196

	 A0A013SRG6	[530, 529, 528, 527, 0, 526, 0, 525, 721]

 ### Operon type: 197

	 A0A009IQU8	[0, 527, 0, 0, 0, 526, 721, 0, 0]

 ### Operon type: 198

	 A0A010K2K8	[528, 529, 530, 0, 0, 0, 0, -1, 555]

 ### Operon type: 199

	 A0A011NPR8	[0, 721, 0, 0, 0, 0, 720, 0, 0]

 ### Operon type: 200

	 A0A010SEA2	[794, 720, 115, 0, 0, 0, 0, 0, 0]

 ### Operon type: 201

	 A0A010IGH8	[0, 0, 0, 0, 0, 0, 0, 435, 436]

 ### Operon type: 202

	 A0A010STD3	[0, 0, 0, 346, 345, 344, 0, 436, 435]

 ### Operon type: 203

	 A0A010SQJ5	[408, 363, 0, 346, 345, 344, 0, 0, 0]

 ### Operon type: 204

	 A0A013RVV2	[570, 0, 438, 437, 0, 0, 436, 435, 0]

 ### Operon type: 205

	 A0A011TD67	[347, 0, 0, 346, 345, 344, 343, 0, 342]

 ### Operon type: 206

	 A0A009ZC12	[0, 0, 0, 346, 0, 344, 343, 4, 871]

 ### Operon type: 207

	 A0A009YSC7	[0, 0, 733, 1, 0, 1, 438, 437, 0]

 ### Operon type: 208

	 A0A009ZJK4	[0, 0, 0, 0, 0, 0, 454, 41, 0]

 ### Operon type: 209

	 A0A010SVN1	[-1, 41, 753, 233, 245, 0, 0, 454, 0]

 ### Operon type: 210

	 A0A009PFK7	[181, 180, 179, 178, 177, 0, 0, 176, 0]
	 A0A009QGN4	[181, 180, 179, 178, 177, 176, 0, 0, 0]

 ### Operon type: 211

	 A0A009YR20	[0, 176, 0, 0, 0, 0, 180, 0, 0]

 ### Operon type: 212

	 A0A009SCM5	[96, 95, 94, 0, 0, 0, 0, 0, 0]

 ### Operon type: 213

	 A0A009TJ77	[99, 122, 0, 0, 0, 0, 96, 95, 94]

 ### Operon type: 214

	 A0A009HZV2	[0, 0, 0, 0, 219, 218, 198, 0, 0]

 ### Operon type: 215

	 A0A009QPE7	[0, 0, 0, 0, 219, 218, 0, 0, 0]

 ### Operon type: 216

	 A0A009MGR3	[0, 0, 241, 0, 588, 100, 84, 240, 239]

 ### Operon type: 217

	 A0A009Q4G0	[0, 242, 241, 0, 588, 0, 240, 239, 240]

 ### Operon type: 218

	 A0A009PB53	[0, 0, 184, 183, 588, 240, 239, 240, 182]

 ### Operon type: 219

	 A0A009PUJ8	[0, 184, 183, 588, 0, 182, 107, 125, 124]

 ### Operon type: 220

	 A0A009QQC0	[217, 0, 216, 753, 391, 391, 234, 484, 233]
	 A0A009H7I0	[217, 0, 0, 753, 391, 391, 234, 484, 233]

 ### Operon type: 221

	 A0A009MVG4	[216, 0, 392, 753, 391, 391, 234, 484, 233]

 ### Operon type: 222

	 A0A009QA91	[236, 235, 682, 753, 391, 391, 234, 484, 233]
	 A0A010J377	[236, 235, 682, 753, 391, 391, 234, 484, 233]

 ### Operon type: 223

	 A0A009S1X4	[236, 235, 682, 753, 391, 391, 753, 0, 170]

 ### Operon type: 224

	 A0A013SHF4	[0, 0, 392, 753, 391, 391, 0, 390, 0]

 ### Operon type: 225

	 A0A011N3C3	[0, 0, 0, 663, 662, 661, 660, 659, 658]
	 A0A011PJK8	[663, 662, 661, 660, 659, 658, 0, 0, 0]

 ### Operon type: 226

	 A0A011WKI4	[0, 0, 0, 0, 0, 726, 421, 420, 428]
	 A0A011UWH1	[726, 421, 420, 428, 0, 0, 0, 0, 0]

 ### Operon type: 227

	 A0A010YKP2	[0, 0, 0, 0, 0, 0, 707, 271, 0]

 ### Operon type: 228

	 A0A011V1A2	[279, 0, 0, 271, 0, 0, 0, 0, 0]

 ### Operon type: 229

	 A0A011NGS0	[0, 0, 0, 0, 724, 723, 0, 0, 0]

 ### Operon type: 230

	 A0A011PW61	[0, 0, 0, 0, 724, 723, 0, 0, 642]

 ### Operon type: 231

	 A0A011UXI1	[0, 501, 0, 0, 724, 723, 341, 0, 0]

 ### Operon type: 232

	 A0A011SWI9	[-1, -1, 0, 687, 724, 723, 341, -1, -1]

 ### Operon type: 233

	 A0A011P952	[723, 0, 671, 0, 0, 671, 0, 0, 0]

 ### Operon type: 234

	 A0A011QVV5	[0, 0, 666, 716, 715, 714, 715, 767, 665]
	 A0A011Q1B3	[666, 716, 715, 714, 715, 767, 665, 0, 0]

 ### Operon type: 235

	 A0A011NSG8	[0, 0, 0, 716, 715, 714, 0, 715, 0]

 ### Operon type: 236

	 A0A011P0X4	[0, 0, 665, 0, 715, 0, 0, 714, 64]

 ### Operon type: 237

	 A0A010YNY9	[0, 0, 90, 28, 0, 0, 0, 0, 57]

 ### Operon type: 238

	 A0A011AC71	[170, 0, 0, 247, 0, 90, 28, 0, 682]

 ### Operon type: 239

	 A0A011PRW6	[613, 0, 0, 0, 612, 823, 822, 0, 0]
	 A0A011QLX0	[0, 613, 0, 0, 612, 0, 823, 822, 0]

 ### Operon type: 240

	 A0A010SML6	[0, 823, 822, -1, 0, 717, 0, 0, 0]

 ### Operon type: 241

	 A0A010RS09	[0, 0, 0, 0, 50, 0, 729, 729, 0]

 ### Operon type: 242

	 A0A010RTE7	[0, 0, 0, 0, 0, 0, 50, 122, 0]

 ### Operon type: 243

	 A0A009P817	[238, 0, 0, 0, 153, 0, 385, 152, 151]

 ### Operon type: 244

	 A0A009TIY0	[0, 0, 0, 0, 153, 0, 385, 152, 0]

 ### Operon type: 245

	 A0A009QKA3	[385, 152, 0, 151, 0, 0, 0, 0, 181]

 ### Operon type: 246

	 A0A009HSR2	[0, 104, 103, 0, 102, 111, 112, 198, 113]

 ### Operon type: 247

	 A0A009SWM1	[0, 104, 103, 0, 102, 0, 0, 112, 0]

 ### Operon type: 248

	 A0A009MYX0	[114, 113, 0, 663, 0, 0, 112, 111, 110]

 ### Operon type: 249

	 A0A009QK79	[0, 0, 110, 111, 0, 112, 0, 0, 113]

 ### Operon type: 250

	 A0A009GXJ1	[270, 269, 111, 112, 75, 198, 113, 114, 0]

 ### Operon type: 251

	 A0A013TKW8	[0, 628, 0, 555, 554, 553, 552, 551, 550]
	 A0A010IT95	[0, 0, 0, 555, 554, 553, 552, 551, 550]
	 A0A009QT77	[0, 0, -1, 555, 554, 553, 552, 551, 550]
	 A0A009PRQ9	[0, 555, 161, 0, 554, 553, 552, 551, 550]
	 A0A009MH36	[0, 0, 0, 555, 554, 553, 552, 551, 550]
	 A0A009S0T6	[0, 0, 555, 161, 554, 553, 552, 551, 550]
	 A0A009GWD0	[198, 0, 0, 555, 554, 553, 552, 551, 550]
	 A0A009I5G9	[0, 0, 555, 161, 554, 553, 552, 551, 550]

 ### Operon type: 252

	 A0A013TMJ7	[722, -1, 0, 555, 554, 551, 550, 0, 0]

 ### Operon type: 253

	 A0A011VXC2	[-1, 497, 0, 615, 496, 495, 494, 533, 493]
	 A0A011V392	[497, 0, 615, 496, 495, 494, 0, 533, 493]

 ### Operon type: 254

	 A0A011V490	[386, 447, 0, 493, 533, 494, 495, 496, 615]

 ### Operon type: 255

	 A0A011VZF5	[0, 0, 496, 495, 494, 787, 447, 787, 0]

 ### Operon type: 256

	 A0A011WLE7	[0, 0, 0, 0, 0, 419, 0, 0, 0]
	 A0A011VU44	[0, 0, 0, 0, 0, 419, 0, 0, 0]

 ### Operon type: 257

	 A0A011VAP2	[0, 0, 298, 0, 0, 0, 0, 0, 547]

 ### Operon type: 258

	 A0A011VRJ8	[0, 0, 0, 0, 0, 0, 298, 0, 0]

 ### Operon type: 259

	 A0A011RNU1	[0, 0, 0, 0, 0, 0, 813, 813, 812]

 ### Operon type: 260

	 A0A011VKJ9	[0, 0, 0, 0, 0, 0, 812, 813, -1]

 ### Operon type: 261

	 A0A011PQZ7	[0, 0, 0, 617, 638, 0, 616, 0, 0]

 ### Operon type: 262

	 A0A011TUX4	[0, 0, 0, 0, 638, 0, 0, 616, 0]

 ### Operon type: 263

	 A0A011STZ9	[0, 0, 0, 616, 0, 0, 0, 0, 0]

 ### Operon type: 264

	 A0A011PRF5	[614, 0, 0, 0, 0, 0, 0, 0, 0]
	 A0A011PUJ9	[0, 0, 0, 0, 0, 0, 0, 0, 614]

 ### Operon type: 265

	 A0A011PFY8	[0, 0, 0, 0, 0, 0, 0, 0, 627]

 ### Operon type: 266

	 A0A011PNS3	[842, 627, 0, 0, 0, 0, 0, 0, 0]

 ### Operon type: 267

	 A0A011T648	[0, 627, 0, 0, 0, 0, 0, 839, 0]

 ### Operon type: 268

	 A0A010YYJ5	[0, 0, 0, 787, 0, 0, 0, 48, 48]

 ### Operon type: 269

	 A0A011NDM5	[787, 0, 0, 0, 0, 0, 0, 0, 0]

 ### Operon type: 270

	 A0A011MSR2	[0, 0, 0, 664, 0, 0, 0, 787, 787]

 ### Operon type: 271

	 A0A011WSU6	[0, 787, 0, 0, 533, 0, 0, 0, 0]

 ### Operon type: 272

	 A0A011U3C2	[0, 0, 675, 0, 0, 0, 0, 0, 0]
	 A0A011AEN3	[0, 0, 0, 0, 0, 0, 675, 0, 0]

 ### Operon type: 273

	 A0A011AAZ2	[0, 58, 0, 0, 0, 675, 675, 675, 0]

 ### Operon type: 274

	 A0A011T698	[0, 0, 0, 0, 0, 682, 675, 0, 0]

 ### Operon type: 275

	 A0A010YRE8	[0, 0, 0, 0, 0, 0, 0, 11, 0]

 ### Operon type: 276

	 A0A011AF05	[0, 0, 170, 11, 0, 0, 0, 0, 0]

 ### Operon type: 277

	 A0A009ZG48	[0, 0, 0, 628, 0, 0, 0, 0, 0]

 ### Operon type: 278

	 A0A011PEJ8	[0, 0, 629, 628, 0, 0, 0, 0, 0]

 ### Operon type: 279

	 A0A011QNJ7	[728, 0, 0, 628, 0, 0, 0, 728, 0]

 ### Operon type: 280

	 A0A011MMJ4	[0, 0, 0, 0, 0, 0, 0, 728, 0]

 ### Operon type: 281

	 A0A011R8M3	[0, 0, 629, 628, 0, 340, 0, 728, 0]

 ### Operon type: 282

	 A0A009ZC82	[0, 0, 684, 0, 0, 0, 0, 0, 0]

 ### Operon type: 283

	 A0A011P3F6	[717, 0, 0, 684, 0, 0, 0, 0, 0]

 ### Operon type: 284

	 A0A009IG48	[0, 0, 0, 194, 193, 0, 0, 0, 717]

 ### Operon type: 285

	 A0A009IMQ0	[0, 0, 0, 194, 193, 0, 0, 0, 0]

 ### Operon type: 286

	 A0A009SWV1	[0, 0, 0, 0, 0, 0, 0, 194, 0]

 ### Operon type: 287

	 A0A009Q512	[0, 0, 0, 0, 237, 0, 0, 0, 0]
	 A0A009PMZ9	[237, 0, 0, 0, 0, 0, 0, 0, 0]

 ### Operon type: 288

	 A0A009IFL2	[0, 60, 0, 59, -1, 0, 0, 0]

 ### Operon type: 289

	 A0A009ZDS1	[-1, -1, 0, 60, 0, 0, 381, 0, 0]

 ### Operon type: 290

	 A0A010SNM6	[92, 91, -1, 0, 0, 0, 722, 0, 0]

 ### Operon type: 291

	 A0A010T5D8	[91, 92, 0, -1, 0, -1, 461, 0, 0]

 ### Operon type: 292

	 A0A011UB51	[490, 0, 0, 0, 0, 0, 0, 0, 0]
	 A0A011UFH1	[0, 0, 0, 0, 0, 490, 0, 0, 0]

 ### Operon type: 293

	 A0A011V965	[0, -1, -1, 0, 299, 0, -1, -1, 0]
	 A0A011VHP2	[0, -1, -1, -1, 299, 0, 0, 0, 0]

 ### Operon type: 294

	 A0A010RVD0	[-1, 0, 0, -1, 0, 863, 863, 0, 45]

 ### Operon type: 295

	 A0A010T7Q5	[0, 45, 0, 0, 0, 0, -1, 0, 0]

 ### Operon type: 296

	 A0A010SJH7	[0, 0, 722, -1, 0, 0, 234, 0, 0]

 ### Operon type: 297

	 A0A010SRR2	[0, 0, -1, 0, 0, 0, 0, 0, 722]

 ### Operon type: 298

	 A0A010RKP8	[0, 0, 0, 0, 0, 0, -1, 0, 0]
	 A0A010TF14	[-1, 0, 0, 0, 0, 0, 0, 0, 0]
	 A0A010RY47	[-1, 0, -1, 0, 0, 0, 0, 0, 0]
	 A0A009HJU6	[0, 0, 0, 0, 0, 0, 0, 0, -1]
	 A0A011UZ32	[0, 0, 0, 0, 0, -1, 0, 0, 0]

 ### Operon type: 299

	 A0A010SJF9	[0, 0, 0, 0, 0, -1, 0, 93, -1]

 ### Operon type: 300

	 A0A011ML54	[0, 0, 0, 730, 0, 0, 0, 0, -1]

 ### Operon type: 301

	 A0A011NHY1	[0, 0, 0, 0, 0, 722, 0, 0, 0]

 ### Operon type: 302

	 A0A010Z171	[0, 0, 0, 0, 0, 0, 722, 0, 663]

 ### Operon type: 303

	 A0A011T697	[722, 0, 0, 0, 0, 0, 0, 0, 385]

 ### Operon type: 304

	 A0A011TDD1	[0, 246, 722, 0, 0, 0, 0, 0, 0]

 ### Operon type: 305

	 A0A011VW24	[0, 0, 844, 0, 0, 0, 0, 0, -1]

 ### Operon type: 306

	 A0A011T8V3	[0, 0, 844, 0, 0, 0, 0, 0, 0]

 ### Operon type: 307

	 A0A010TH98	[642, 0, 0, 844, 0, 0, 0, 0, 0]

 ### Operon type: 308

	 A0A011QVR3	[0, 0, 0, 0, 0, 0, 0, 845, 844]

 ### Operon type: 309

	 A0A011VYF1	[844, 0, 0, 0, 0, 0, 490, 0, 0]

 ### Operon type: 310

	 A0A010S415	[-1, 844, 0, 233, 0, 0, 0, 0, 370]

 ### Operon type: 311

	 A0A011QSN2	[0, 0, 0, 0, 0, 0, 0, 0, 0]
	 A0A011NAJ1	[0, 0, 0, 0, 0, 0, 0, 0, 0]
	 A0A011NMI8	[0, 0, 0, 0, 0, 0, 0, 0, 0]
	 A0A011NTU3	[0, 0, 0, 0, 0, 0, 0, 0, 0]
	 A0A011P9Z5	[0, 0, 0, 0, 0, 0, 0, 0, 0]
	 A0A011N2Z0	[0, 0, 0, 0, 0, 0, 0, 0, 0]
	 A0A011Q056	[0, 0, 0, 0, 0, 0, 0, 0, 0]
	 A0A011PBM9	[0, 0, 0, 0, 0, 0, 0, 0, 0]
	 A0A013TEV4	[0, 0, 0, 0, 0, 0, 0, 0, 0]
	 A0A011QMJ8	[0, 0, 0, 0, 0, 0, 0, 0, 0]
	 A0A011PNN2	[0, 0, 0, 0, 0, 0, 0, 0, 0]
	 A0A011VYF6	[0, 0, 0, 0, 0, 0, 0, 0, 0]
	 A0A013SL47	[0, 0, 0, 0, 0, 0, 0, 0, 0]
	 A0A011WUT3	[0, 0, 0, 0, 0, 0, 0, 0, 0]
	 A0A013S2B9	[0, 0, 0, 0, 0, 0, 0, 0, 0]
	 A0A013SBR8	[0, 0, 0, 0, 0, 0, 0, 0, 0]
	 A0A011VNE2	[0, 0, 0, 0, 0, 0, 0, 0, 0]
	 A0A011UHL2	[0, 0, 0, 0, 0, 0, 0, 0, 0]
	 A0A011UBN9	[0, 0, 0, 0, 0, 0, 0, 0, 0]
	 A0A009M4K0	[0, 0, 0, 0, 0, 0, 0, 0, 0]
	 A0A009PDV4	[0, 0, 0, 0, 0, 0, 0, 0, 0]
	 A0A010SHY1	[0, 0, 0, 0, 0, 0, 0, 0, 0]
	 A0A009MH90	[0, 0, 0, 0, 0, 0, 0, 0, 0]
	 A0A009HIL8	[0, 0, 0, 0, 0, 0, 0, 0, 0]
	 A0A011UFM5	[0, 0, 0, 0, 0, 0, 0, 0, 0]
	 A0A010SPJ7	[0, 0, 0, 0, 0, 0, 0, 0, 0]
	 A0A010SSQ8	[0, 0, 0, 0, 0, 0, 0, 0, 0]
	 A0A010T025	[0, 0, 0, 0, 0, 0, 0, 0, 0]
	 A0A010YJA7	[0, 0, 0, 0, 0, 0, 0, 0, 0]
	 A0A010ZTI3	[0, 0, 0, 0, 0, 0, 0, 0, 0]
	 A0A011A146	[0, 0, 0, 0, 0, 0, 0, 0, 0]
	 A0A010YZS8	[0, 0, 0, 0, 0, 0, 0, 0, 0]
	 A0A010Z120	[0, 0, 0, 0, 0, 0, 0, 0, 0]

 ### Operon type: 312

	 A0A010TG27	[726, 0, 54, 0, 0, 0, 753, 0, 0]

 ### Operon type: 313

	 A0A011PMK1	[0, 0, 0, 0, 0, 0, 0, 726, 0]

 ### Operon type: 314

	 A0A009HM15	[0, 199, 109, 0, 0, 0, -1, 0, 0]

 ### Operon type: 315

	 A0A009HRU1	[0, 111, 0, 0, 0, 0, 0, 0, 0]

 ### Operon type: 316

	 A0A009HSN8	[0, 242, 0, 0, 0, -1, 0, 182, -1]

 ### Operon type: 317

	 A0A009HV82	[107, 0, 0, 0, 0, 0, 0, 0, 0]

 ### Operon type: 318

	 A0A009IG74	[0, 0, 144, 0, 520, -1, 0, 0, 0]

 ### Operon type: 319

	 A0A009IJ90	[0, 99, 0, 0, 0, 0, 0, 0, 0]

 ### Operon type: 320

	 A0A009NM94	[0, 804, 804, 0, 0, 0, 246, 0, 0]

 ### Operon type: 321

	 A0A009Q4N5	[0, 0, 238, 0, 0, 0, 0, 0, 0]

 ### Operon type: 322

	 A0A009SSZ9	[0, 105, 0, 0, 0, 0, 0, 0, 0]

 ### Operon type: 323

	 A0A009YIH1	[0, 0, 0, 0, 201, 0, -1, -1, 2]

 ### Operon type: 324

	 A0A009YR05	[0, 0, 0, 0, 294, 0, 0, 0, 0]

 ### Operon type: 325

	 A0A009Z004	[133, 0, 133, 0, 0, 663, 0, 0, 0]

 ### Operon type: 326

	 A0A010RUQ5	[0, 0, 0, 0, 0, 0, 0, 0, 222]

 ### Operon type: 327

	 A0A010S195	[684, 0, 89, 88, 0, 0, 0, 0, 0]

 ### Operon type: 328

	 A0A010SCZ2	[0, 0, 0, 0, 0, 0, 0, 546, 0]

 ### Operon type: 329

	 A0A010SN41	[0, 0, 0, 0, 532, 0, 0, 0, 0]

 ### Operon type: 330

	 A0A010SSU2	[0, 0, 0, 0, 75, 0, -1, 672, 0]

 ### Operon type: 331

	 A0A010SUP6	[0, 0, 0, 0, 0, 0, 0, 88, 0]

 ### Operon type: 332

	 A0A010SUY9	[0, 0, 0, 0, 0, 340, 629, 0]

 ### Operon type: 333

	 A0A010THK2	[0, 0, -1, 0, 0, 729, 663, 0, 0]

 ### Operon type: 334

	 A0A010SRL4	[54, 0, 0, -1, 0, 0, 0, 663, 190]

 ### Operon type: 335

	 A0A010YX61	[468, 675, 0, 844, 0, 0, 0, 0, 0]

 ### Operon type: 336

	 A0A010S5W8	[0, 0, 664, 767, 0, 0, 0, 0, 0]

 ### Operon type: 337

	 A0A011NE37	[577, 0, 0, 0, 0, 0, 0, 0, 0]

 ### Operon type: 338

	 A0A011NF78	[0, 0, 870, 0, 0, 0, 0, 0, 0]

 ### Operon type: 339

	 A0A011NVE2	[0, 0, 0, 839, 0, 0, 722, 0, 712]

 ### Operon type: 340

	 A0A011NXJ4	[0, 0, 0, 0, 0, 0, 0, 0, 706]

 ### Operon type: 341

	 A0A011P8I1	[0, 0, 676, 675, 0, 0, 0, 0, 674]

 ### Operon type: 342

	 A0A011P9Q7	[670, 0, 0, 0, 0, 0, 0, 0, 0]

 ### Operon type: 343

	 A0A011PJ75	[0, 839, 603, 839, 0, 0, 0, 0, 0]

 ### Operon type: 344

	 A0A011PRB4	[0, 0, 0, 0, 0, 0, 0, 615, 0]

 ### Operon type: 345

	 A0A011QVT2	[843, 0, 0, 0, 0, 0, 0, 842, 0]

 ### Operon type: 346

	 A0A011RP14	[0, 0, 0, 0, 0, 0, 0, 811, 0]

 ### Operon type: 347

	 A0A011SM49	[722, 0, 811, 0, 0, 0, 336, 0, 0]

 ### Operon type: 348

	 A0A011AM27	[616, 0, 0, 0, 479, 0, 0, 0, 39]

 ### Operon type: 349

	 A0A011T607	[0, 0, 767, 0, 0, 0, 0, 0, 246]

 ### Operon type: 350

	 A0A011TAW2	[0, 0, 0, 0, 0, 0, 524, 0, 0]

 ### Operon type: 351

	 A0A011TED9	[0, 0, 0, 0, 0, 353, 0, 0, 0]

 ### Operon type: 352

	 A0A011TXS5	[0, 329, 0, 0, 0, 0, 0, 0, 0]

 ### Operon type: 353

	 A0A011U144	[0, 222, 0, 0, 0, 0, 706, 583, 0]

 ### Operon type: 354

	 A0A011U1C8	[682, 0, 0, 0, 0, 0, 0, 0, 221]

 ### Operon type: 355

	 A0A011U483	[0, 0, 0, 0, 0, 681, 0, 0, 0]

 ### Operon type: 356

	 A0A011UG86	[0, 716, 0, 0, 0, 93, 0, 0, 0]

 ### Operon type: 357

	 A0A011UQB5	[801, 734, 0, 0, 0, 0, 0, 490, 0]

 ### Operon type: 358

	 A0A011UVI5	[0, 0, 0, 0, 0, 57, 839, 839, 0]

 ### Operon type: 359

	 A0A011UWI3	[0, 0, 0, 0, 155, 0, 121, 684, 0]

 ### Operon type: 360

	 A0A011V5E6	[0, 0, 0, 0, 0, 535, 0, 0, 0]

 ### Operon type: 361

	 A0A011M4H6	[547, 0, 693, 0, 0, 0, 0, 0, 0]

 ### Operon type: 362

	 A0A011VSV3	[0, 0, 0, 0, 0, 0, 623, 0, 0]

 ### Operon type: 363

	 A0A011VWI0	[0, 0, 0, 0, 0, 324, 0, 0, 0]

 ### Operon type: 364

	 A0A011VZ91	[428, 0, 0, 0, 0, 0, 0, 0, 0]

 ### Operon type: 365

	 A0A011WP76	[0, 0, 0, 0, 0, 0, 0, 0, 847]

 ### Operon type: 366

	 A0A011WSD4	[0, 0, 0, -1, 0, 787, 0, 0, 447]

 ### Operon type: 367

	 A0A011WT35	[447, 0, 0, 0, 0, 0, 0, 0, 0]

 ### Operon type: 368

	 A0A013S843	[0, 484, 0, 0, 0, 0, -1, 408, 0]

 ### Operon type: 369

	 A0A013T5E6	[0, 0, 0, 588, 0, 0, 0, 0, 0]

 ### Operon type: 370

	 A0A009T185	[840, 0, 603, 603, 366, 839, 603, 365, 768]

 ### Operon type: 371

	 A0A010IN36	[367, 722, 0, 0, 366, 839, 603, 365, 768]

 ### Operon type: 372

	 A0A009PG43	[839, 603, 561, 842, 0, 365, 768, 0, 0]

 ### Operon type: 373

	 A0A009INE0	[367, 0, 0, 0, 0, 0, 0, 603, 365]

 ### Operon type: 374

	 A0A009T9H0	[0, 2, 717, -1, 0, 0, 112, 0, 111]

 ### Operon type: 375

	 A0A010THH5	[0, 115, 60, 57, 0, 0, 796, 0, 381]

 ### Operon type: 376

	 A0A011WSH8	[0, 0, 0, 753, 534, 0, 0, 0, 0]
	 A0A011VZE3	[0, 0, 0, 753, 534, 0, 0, 0, 0]

 ### Operon type: 377

	 A0A011NAF3	[0, 0, 0, 0, 0, 0, 753, 0, 758]

 ### Operon type: 378

	 A0A009IQ93	[220, 0, 753, 0, 0, 190, 0, 0, 0]

 ### Operon type: 379

	 A0A009Q8S9	[0, 0, 717, 516, 0, 326, 0, 0, 0]

 ### Operon type: 380

	 A0A009TLU4	[0, 329, -1, 203, 0, 43, 0, -1, -1]

 ### Operon type: 381

	 A0A009ZB47	[126, 157, 0, 0, 0, 787, 379, 0, 0]

 ### Operon type: 382

	 A0A009ZVR4	[809, 0, 675, 0, 0, 48, 0, 0, 47]

 ### Operon type: 383

	 A0A010JIN9	[379, 0, 0, 122, 223, 0, 0, 0, 0]

 ### Operon type: 384

	 A0A010S003	[619, 0, 0, 0, 0, 716, 716, 363, 0]

 ### Operon type: 385

	 A0A010SMN8	[0, -1, 90, 0, 696, 0, 0, 626, 0]

 ### Operon type: 386

	 A0A010SXS1	[0, 561, 0, 0, 0, 424, 0, 0, 842]

 ### Operon type: 387

	 A0A010T689	[39, -1, 796, 815, 0, 0, 0, 0, 0]

 ### Operon type: 388

	 A0A010TBB4	[0, 440, 0, 93, 0, 0, 0, 0, 682]

 ### Operon type: 389

	 A0A010YFK3	[0, 827, 0, 0, 0, 0, 282, 0, 221]

 ### Operon type: 390

	 A0A010YVY1	[8, 0, 8, 0, 0, 0, 0, 363, 0]

 ### Operon type: 391

	 A0A010ZSZ2	[0, 58, 0, 25, 24, 0, 0, 0, 0]

 ### Operon type: 392

	 A0A010Z0Y7	[0, 0, 0, 0, 24, 233, 0, 0, 0]

 ### Operon type: 393

	 A0A011A0M8	[0, 0, 663, 0, 59, 0, 0, 10, 10]

 ### Operon type: 394

	 A0A011NFL4	[0, 803, 0, 0, 727, 726, 0, 725, 0]

 ### Operon type: 395

	 A0A011P407	[0, 0, 683, 802, 0, 0, 682, 0, 681]

 ### Operon type: 396

	 A0A011QGT2	[753, 0, 0, 660, 659, 0, 0, 0, 0]

 ### Operon type: 397

	 A0A011QSA4	[873, 0, 872, 871, 0, 0, 0, 0, 870]

 ### Operon type: 398

	 A0A011T6J6	[0, 790, 0, 675, 0, 0, 384, 0, 383]

 ### Operon type: 399

	 A0A011TAL2	[0, 767, 0, 0, 0, 247, 0, 707, 0]

 ### Operon type: 400

	 A0A011TZG0	[663, 788, 0, 0, 0, 0, 0, 556, 0]

 ### Operon type: 401

	 A0A011UGY3	[537, 536, 535, 56, 0, 0, 0, 56, 0]

 ### Operon type: 402

	 A0A011UII7	[0, 0, 0, 0, 0, 712, 327, 0, 0]

 ### Operon type: 403

	 A0A011UNT9	[326, 338, 0, 0, 0, 0, 0, 0, 0]

 ### Operon type: 404

	 A0A011SIS0	[0, 776, 339, 339, 0, 0, 0, 338, 0]

 ### Operon type: 405

	 A0A011UT49	[0, 58, 0, 0, 0, 0, 561, 296, 0]

 ### Operon type: 406

	 A0A011VU65	[283, 0, 0, 0, 0, 282, 0, 623, 281]

 ### Operon type: 407

	 A0A011VV03	[0, 549, 0, 0, 548, 547, 0, 0, 0]

 ### Operon type: 408

	 A0A011VVZ9	[0, 0, -1, 0, 0, 546, 545, 545, 544]

 ### Operon type: 409

	 A0A011VWX7	[842, 498, 0, 0, 0, 0, 0, 797, 0]

 ### Operon type: 410

	 A0A011VXK7	[804, 804, 0, 574, 0, 0, 0, 792, 0]

 ### Operon type: 411

	 A0A011W0I6	[427, 0, 0, 0, 0, 652, 0, 730, 0]

 ### Operon type: 412

	 A0A010YEF6	[0, 427, 0, 0, 0, 0, 0, 0, 40]

 ### Operon type: 413

	 A0A013SQH1	[0, 0, 0, 0, 532, 531, 0, 555, 744]

 ### Operon type: 414

	 A0A009QJA8	[125, 124, 0, 0, 0, 0, 0, 0, 705]

 ### Operon type: 415

	 A0A009YL68	[0, 0, 682, 469, 466, 0, 0, 4, 0]

 ### Operon type: 416

	 A0A010JNG7	[555, 0, 0, 382, 0, 0, 0, 0, 0]

 ### Operon type: 417

	 A0A010RM40	[695, 753, 694, 0, 0, 0, 0, -1, 754]

 ### Operon type: 418

	 A0A010RRQ6	[0, 693, 0, 0, 0, 696, 692, 691, 0]

 ### Operon type: 419

	 A0A010S423	[384, 0, 0, 0, 0, 0, 0, 121, 808]

 ### Operon type: 420

	 A0A010T0I7	[0, 0, 40, 0, 0, 676, 872, 753, 0]

 ### Operon type: 421

	 A0A010ZUR7	[549, 23, 0, 23, 0, 22, 363, 0, 0]

 ### Operon type: 422

	 A0A011NA78	[0, 755, 0, 0, 0, 863, 0, 0, 754]

 ### Operon type: 423

	 A0A011P8W7	[673, 683, 842, 0, 672, 0, 0, 0, 0]

 ### Operon type: 424

	 A0A011PG97	[626, 0, 0, 625, 0, 0, 0, 0, 0]

 ### Operon type: 425

	 A0A011PKT4	[0, 531, 0, 0, 0, 0, 501, 0, 0]

 ### Operon type: 426

	 A0A011PLB2	[0, 673, 0, 502, 0, 0, 0, 0, 0]

 ### Operon type: 427

	 A0A011R339	[0, 0, 0, 0, 0, 0, 270, 269, 0]

 ### Operon type: 428

	 A0A011SFE5	[0, 0, 0, 804, 0, 0, 803, 802, 801]

 ### Operon type: 429

	 A0A011SJT5	[0, 0, 0, 544, 337, 337, 337, 337, 337]

 ### Operon type: 430

	 A0A011TDQ5	[0, 0, 0, 0, 245, 654, 0, 0, 0]

 ### Operon type: 431

	 A0A011VT01	[0, 0, 285, 0, 0, 285, 0, 0, 284]

 ### Operon type: 432

	 A0A009Z3V9	[753, 0, 0, 0, 0, 132, 661, 131, 130]

 ### Operon type: 433

	 A0A010SRB2	[43, 42, 0, 0, 0, 42, 92, 0, 0]

 ### Operon type: 434

	 A0A010KA25	[379, 0, 796, 395, 248, 0, 0, 379, 488]

 ### Operon type: 435

	 A0A011TZN1	[290, 289, 288, 0, 268, 0, 0, 0, 0]

 ### Operon type: 436

	 A0A011VJ76	[297, 297, 296, 725, 0, 753, 663, 0, 683]

 ### Operon type: 437

	 A0A011UG17	[162, 0, 429, 0, 542, 283, 0, 0, 0]

 ### Operon type: 438

	 A0A011WUA8	[773, 0, 0, 446, 0, 0, 0, 445, 445]

 ### Operon type: 439

	 A0A010S4X6	[0, 233, 694, 716, 459, 0, 708, 500, 729]

 ### Operon type: 440

	 A0A010YY02	[0, 7, 0, 0, 7, 639, 6, 0, 9]
