
 ### Operon type: 1

	 A0A011PVT3	[567, 566, 565, 564, 563, 562, 561, 560, 559]
	 A0A011R7V7	[567, 566, 565, 564, 563, 562, 561, 560, 559]
	 A0A011MET3	[567, 566, 565, 564, 563, 562, 561, 560, 559]

 ### Operon type: 2

	 A0A011V5V3	[0, 105, 104, 103, 102, 101, 100, 99, 98]
	 A0A011UIA1	[105, 104, 103, 102, 101, 100, 99, 98, 0]

 ### Operon type: 3

	 A0A011PTE7	[687, 686, 685, 684, 683, 0, 682, 681, 680]
	 A0A011NE72	[687, 686, 685, 684, 683, 682, 681, 680, 0]

 ### Operon type: 4

	 A0A011NEY3	[453, 625, 624, 623, 623, 622, 621, 620, 0]

 ### Operon type: 5

	 A0A011PAN4	[625, 624, 0, 623, 623, 622, 621, 620, 619]

 ### Operon type: 6

	 A0A011RCD5	[453, 625, 624, 623, 623, 622, 621, 620, 619]

 ### Operon type: 7

	 A0A010JSI3	[475, 474, 473, 472, 471, 470, 469, 468, 0]
	 A0A013T0M4	[475, 474, 473, 472, 471, 470, 469, 468, 0]
	 A0A009HDS5	[475, 474, 473, 472, 471, 470, 469, 468, 0]
	 A0A009RGL2	[0, 474, 473, 472, 471, 470, 469, 468, 0]

 ### Operon type: 8

	 A0A011PF67	[615, 614, 613, 612, 611, 0, 0, 0, 0]
	 A0A011NBX7	[615, 614, 613, 612, 611, 463, 0, 0, 0]
	 A0A011NW66	[615, 614, 613, 612, 611, 463, 0, 0, 0]

 ### Operon type: 9

	 A0A011NS68	[615, 614, 613, 612, 611, 505, 504, 592, 606]
	 A0A011RHX4	[615, 614, 613, 612, 611, 505, 504, 592, 0]

 ### Operon type: 10

	 A0A010JY00	[253, 437, 353, 352, 527, 706, 349, 709, 374]

 ### Operon type: 11

	 A0A013TH30	[437, 353, 352, 351, 350, 706, 349, 709, 374]

 ### Operon type: 12

	 A0A011QAS2	[0, 550, 549, 548, 547, 546, 545, 544, 543]
	 A0A011NEQ1	[0, 550, 549, 548, 547, 546, 545, 544, 543]

 ### Operon type: 13

	 A0A011QSF0	[0, 701, 700, 699, 698, 697, 696, 695, 0]
	 A0A011QBB5	[646, 701, 700, 699, 698, 697, 696, 695, 645]
	 A0A011Q0X6	[646, 701, 700, 699, 698, 697, 696, 695, 645]
	 A0A011Q1X8	[701, 0, 700, 699, 698, 697, 696, 695, 645]

 ### Operon type: 14

	 A0A011PG87	[646, 701, 700, 699, 698, 697, 696, 0, 0]

 ### Operon type: 15

	 A0A013SP43	[324, 323, 322, 321, 320, 319, 318, 317, 316]
	 A0A010K6G6	[324, 323, 322, 321, 320, 319, 318, 0, 316]
	 A0A009RUN3	[324, 323, 322, 321, 320, 319, 318, 317, 316]

 ### Operon type: 16

	 A0A009HR98	[0, 0, 231, 107, 229, 0, 0, 0, 106]
	 A0A009SZB5	[0, 0, 231, 107, 229, 0, 0, 0, 106]

 ### Operon type: 17

	 A0A009Z8F7	[232, 231, 230, 0, 229, 228, 228, 0, 0]

 ### Operon type: 18

	 A0A011QUG8	[723, 722, 721, 720, 719, 718, 0, 717, 716]
	 A0A011QIT1	[723, 722, 721, 720, 719, 718, 717, 716, 555]

 ### Operon type: 19

	 A0A011PL71	[584, 583, 582, 581, 580, 627, 579, 578, 0]
	 A0A011QAB0	[583, 582, 581, 0, 580, 627, 579, 578, 0]

 ### Operon type: 20

	 A0A011PIY7	[678, 0, 677, 676, 675, 674, 673, 0, 672]

 ### Operon type: 21

	 A0A011Q3J4	[0, 678, 677, 676, 675, 674, 673, 596, 0]

 ### Operon type: 22

	 A0A011MH88	[597, 678, 677, 676, 675, 674, 673, 596, 672]

 ### Operon type: 23

	 A0A009QBR9	[0, 0, 276, 360, 275, 0, 0, 271, 207]
	 A0A009TM70	[0, 277, 276, 360, 275, 0, 0, 271, 207]

 ### Operon type: 24

	 A0A010ILU3	[278, 277, 276, 0, 275, 274, 273, 272, 271]
	 A0A009MW50	[0, 277, 276, 360, 275, 274, 0, 272, 271]
	 A0A009QS71	[278, 277, 276, 360, 275, 274, 0, 272, 271]
	 A0A009H3B0	[0, 277, 276, 0, 275, 274, 273, 272, 271]

 ### Operon type: 25

	 A0A009I8S2	[0, 0, 276, 360, 275, 274, 272, 271, 207]

 ### Operon type: 26

	 A0A009ZFR5	[531, 530, 529, 528, 527, 526, 525, 524, 709]
	 A0A009ICH6	[531, 530, 529, 528, 527, 526, 525, 524, 709]

 ### Operon type: 27

	 A0A009GP96	[0, 43, 558, 200, 211, 42, 407, 41, 40]

 ### Operon type: 28

	 A0A009GSR4	[200, 211, 42, 407, 41, 40, 40, 39, 0]

 ### Operon type: 29

	 A0A009IIT6	[43, 558, 200, 211, 41, 40, 40, 39, 0]

 ### Operon type: 30

	 A0A009IS10	[88, 0, 0, 0, 60, 59, 58, 0, 0]

 ### Operon type: 31

	 A0A009QHW5	[0, 0, 0, 278, 60, 59, 58, 0, 227]

 ### Operon type: 32

	 A0A011UVB4	[0, 0, 0, 89, 0, 0, 88, 0, 366]

 ### Operon type: 33

	 A0A011TLH7	[388, 387, 386, 0, 0, 0, 0, 0, 0]
	 A0A011UG87	[386, 387, 388, 0, 0, 0, 0, 0, 0]

 ### Operon type: 34

	 A0A011QDV3	[654, 653, 652, 651, 650, 649, 648, 0, 647]
	 A0A011QIE8	[654, 653, 652, 651, 650, 649, 647, 0, 0]

 ### Operon type: 35

	 A0A011NYU6	[641, 640, 0, 639, 638, 480, 479, 0, 637]

 ### Operon type: 36

	 A0A011PYI6	[641, 640, 0, 639, 638, 637, 636, 635, 0]

 ### Operon type: 37

	 A0A011P1C0	[0, 0, 480, 479, 637, 0, 0, 0, 0]

 ### Operon type: 38

	 A0A011PP01	[574, 573, 572, 0, 0, 0, 0, 0, 0]
	 A0A011NVE7	[574, 573, 572, 0, 0, 0, 0, 0, 0]

 ### Operon type: 39

	 A0A013TH43	[348, 0, 0, 0, 347, 346, 345, 0, 344]
	 A0A009RAF0	[348, 0, 0, 0, 347, 346, 345, 0, 344]

 ### Operon type: 40

	 A0A013S8V2	[256, 255, 0, 0, 0, 254, 0, 0, 0]
	 A0A009R8E1	[0, 478, 0, 256, 255, 0, 0, 254, 0]

 ### Operon type: 41

	 A0A009QFZ7	[372, 371, 0, 0, 511, 0, 369, 368, 0]
	 A0A009TK03	[372, 371, 0, 0, 511, 0, 369, 368, 0]

 ### Operon type: 42

	 A0A013SPM5	[372, 371, 513, 512, 511, 370, 369, 368, 0]
	 A0A009HSL1	[372, 371, 513, 512, 511, 0, 369, 368, 0]
	 A0A010IX62	[372, 371, 513, 512, 511, 0, 369, 368, 0]
	 A0A009MH71	[372, 371, 0, 512, 511, 370, 369, 368, 0]

 ### Operon type: 43

	 A0A009I6Z0	[372, 371, 0, 512, 511, 0, 369, 368, 509]

 ### Operon type: 44

	 A0A009ZIX8	[0, 514, 513, 512, 511, 510, 0, 509, 0]

 ### Operon type: 45

	 A0A009I573	[75, 0, 74, 73, 0, 72, 204, 180, 181]

 ### Operon type: 46

	 A0A009ILP9	[179, 0, 181, 180, 204, 72, 201, 73, 74]

 ### Operon type: 47

	 A0A009I953	[179, 0, 181, 180, 204, 72, 201, 0, -1]

 ### Operon type: 48

	 A0A009QEG7	[206, 205, 0, 0, 204, 203, 202, 0, 201]
	 A0A009IPC3	[206, 205, 0, 0, 204, 203, 202, 0, 201]

 ### Operon type: 49

	 A0A009SX74	[632, 606, 0, 73, 201, 179, 205, 206, 0]

 ### Operon type: 50

	 A0A009I4A1	[0, 76, 558, 0, 300, 299, 298, 297, 0]
	 A0A010JWJ1	[0, 76, 558, 0, 300, 299, 298, 297, 0]

 ### Operon type: 51

	 A0A009QF22	[303, 302, 301, 0, 300, 299, 298, 297, 296]
	 A0A009TBY8	[303, 302, 301, 65, 300, 299, 298, 297, 296]

 ### Operon type: 52

	 A0A009ITT8	[126, 125, 124, 190, 189, 122, 133, 132, 131]

 ### Operon type: 53

	 A0A009NJ90	[126, 125, 124, 190, 0, 123, 122, 133, 132]

 ### Operon type: 54

	 A0A009HZK2	[191, 190, 189, 0, 0, 0, 0, 0, 0]

 ### Operon type: 55

	 A0A009IJ07	[50, 49, 191, 190, 189, 0, 0, 0, 0]

 ### Operon type: 56

	 A0A009S6G1	[50, 49, 191, 190, 189, 133, 132, 131, 130]

 ### Operon type: 57

	 A0A009S5A5	[189, 123, 122, 133, 132, 131, 48, 32, 130]

 ### Operon type: 58

	 A0A013TCN9	[360, 359, 358, 357, 356, 355, 354, 558, 651]
	 A0A009QNC9	[360, 359, 358, 357, 356, 355, 354, 558, 651]
	 A0A009NIJ3	[360, 359, 358, 357, 356, 355, 354, 558, 651]
	 A0A010ITG1	[360, 359, 358, 357, 356, 355, 354, 558, 651]
	 A0A013TRC1	[360, 359, 358, 357, 356, 355, 354, 558, 651]

 ### Operon type: 59

	 A0A009H935	[0, 0, 358, 357, 356, 355, 354, 558, 651]

 ### Operon type: 60

	 A0A009PJF7	[146, 145, 145, 144, 143, 426, 142, 141, 140]
	 A0A009SJZ7	[89, 146, 145, 144, 143, 426, 142, 141, 140]

 ### Operon type: 61

	 A0A009Z5G0	[426, 144, 145, 0, 361, 146, 89, 270]

 ### Operon type: 62

	 A0A010JJC1	[428, 285, 284, 283, 282, 281, 280, 286, 279]
	 A0A010IZ41	[285, 284, 283, 282, 281, 280, 286, 279, 322]

 ### Operon type: 63

	 A0A009QJL6	[428, 285, 284, 283, 0, 279, 322, 33, 0]

 ### Operon type: 64

	 A0A011P2I4	[627, 626, 677, 0, 0, 0, 0, 0, 0]
	 A0A011N9N8	[627, 626, 677, 0, 0, 0, 0, 0, 0]

 ### Operon type: 65

	 A0A009PIB4	[0, 0, 0, 176, 175, 174, 407, 558, 627]
	 A0A009SLR5	[0, 0, 0, 176, 175, 174, 407, 558, 627]

 ### Operon type: 66

	 A0A009HSU4	[0, 0, 484, 558, 0, 626, 603, 627, 407]

 ### Operon type: 67

	 A0A011SF89	[432, 431, 430, 0, 0, 0, 0, 0, 0]

 ### Operon type: 68

	 A0A011UCX7	[0, 583, 432, 431, 0, 430, 178, 0, 0]

 ### Operon type: 69

	 A0A011NYT4	[601, 600, 599, 598, 0, 499, 499, 498, 497]

 ### Operon type: 70

	 A0A011P8E9	[0, 0, 601, 600, 0, 599, 598, 0, 0]

 ### Operon type: 71

	 A0A010TF34	[0, -1, 0, 0, 21, 20, 19, 18, 17]
	 A0A010SYH9	[21, 20, 19, 18, 17, 0, 0, 0, 0]

 ### Operon type: 72

	 A0A010TFJ4	[0, -1, 0, 25, 24, 23, 55, -1, 22]
	 A0A010S7A1	[25, 24, 23, 55, 0, 22, 0, 0, 0]

 ### Operon type: 73

	 A0A009ICP5	[188, 326, 466, 260, 187, 0, 0, 185, 0]

 ### Operon type: 74

	 A0A009MMG9	[188, 326, 466, 260, 187, 0, 186, 185, 218]

 ### Operon type: 75

	 A0A009QLL2	[0, 109, 108, 0, 187, 0, 0, 185, 0]
	 A0A009HTW0	[0, 109, 108, 0, 187, 0, 0, 185, 0]

 ### Operon type: 76

	 A0A009SIV4	[79, 109, 108, 78, 187, 77, 0, 185, 218]

 ### Operon type: 77

	 A0A013TSJ4	[109, 108, 0, 78, 187, 0, 0, 185, 218]

 ### Operon type: 78

	 A0A009Z3V9	[558, 0, 0, 0, 0, 108, 483, 109, 79]

 ### Operon type: 79

	 A0A009T0Q9	[0, 0, 0, 0, 57, 246, 597, 558, 30]

 ### Operon type: 80

	 A0A009YJF4	[0, 498, 497, 6, 66, 597, 558, 0, 30]

 ### Operon type: 81

	 A0A009PAV9	[160, -1, 466, 159, 396, 407, 158, 157, 156]
	 A0A009HJC2	[160, 651, 466, 159, 396, 407, 158, 157, 156]

 ### Operon type: 82

	 A0A009SE02	[0, 156, 0, 0, 0, 157, 158, 407, 396]

 ### Operon type: 83

	 A0A011QNA5	[0, 671, 670, 669, 0, 668, 667, 666, 665]
	 A0A009ZLJ7	[665, 666, 667, 668, 0, 0, 671, 670, 669]

 ### Operon type: 84

	 A0A013T0T6	[668, 667, 666, 665, 379, 378, 377, 376, 375]
	 A0A009HAX1	[668, 667, 666, 665, 379, 378, 377, 376, 375]
	 A0A009QMH5	[668, 667, 666, 665, 379, 378, 377, 376, 375]

 ### Operon type: 85

	 A0A010ILW6	[668, 667, 666, 665, 379, 378, 0, 0, 376]

 ### Operon type: 86

	 A0A009Z9X7	[667, 666, 665, 0, 379, 0, 713, 0, 376]

 ### Operon type: 87

	 A0A009PE10	[0, 0, 0, 665, 379, 151, 377, 376, -1]

 ### Operon type: 88

	 A0A009HS41	[603, 531, 585, 212, 149, 558, 558, 148, 147]
	 A0A009RSB7	[603, 531, 585, 212, 149, 558, 558, 148, 147]
	 A0A009SYU8	[603, 531, 585, 212, 149, 558, 558, 148, 147]

 ### Operon type: 89

	 A0A013SHA9	[603, 531, 585, 212, 139, 558, 558, 148, 147]
	 A0A010IT25	[603, 531, 585, 212, 139, 558, 558, 148, 147]
	 A0A009I466	[603, 531, 585, 212, 139, 558, 558, 148, 147]

 ### Operon type: 90

	 A0A009NMQ9	[603, 531, 585, 212, 139, 0, 558, 558, 148]

 ### Operon type: 91

	 A0A009P8A9	[0, 0, 585, 212, 149, 558, 558, 148, 147]

 ### Operon type: 92

	 A0A011PGU1	[0, 0, 631, 660, 659, 658, 630, 629, 628]
	 A0A011MDH1	[496, 0, 631, 660, 659, 658, 630, 629, 628]

 ### Operon type: 93

	 A0A011V0P4	[452, 312, 0, 0, 364, 0, 0, 494, 493]

 ### Operon type: 94

	 A0A011WPV7	[494, 493, 0, 0, 0, 0, 0, 0, 0]

 ### Operon type: 95

	 A0A011RNP9	[0, 0, 0, 0, 0, 414, 579, 0, 0]

 ### Operon type: 96

	 A0A011V0B5	[435, 0, 0, 0, 0, 0, 414, 0, 0]

 ### Operon type: 97

	 A0A011RQC9	[0, 435, 434, 0, 0, 0, 0, 433, 0]

 ### Operon type: 98

	 A0A011QG28	[662, 661, 660, 0, 659, 658, 657, 656, 655]
	 A0A011RIM8	[662, 661, 0, 0, 659, 658, 657, 656, 655]

 ### Operon type: 99

	 A0A011PHI6	[610, 0, 609, 0, 0, 608, 720, 607, 0]

 ### Operon type: 100

	 A0A011QI68	[0, 0, 609, 608, 0, 0, 0, 0, 0]

 ### Operon type: 101

	 A0A011P700	[0, 0, 694, 693, 0, 0, 0, 0, 0]

 ### Operon type: 102

	 A0A011QSI4	[0, 0, 694, 693, 692, 0, 0, 0, 0]

 ### Operon type: 103

	 A0A011NVJ6	[459, 536, 535, 534, 533, 532, 0, 0, 458]

 ### Operon type: 104

	 A0A011PVP2	[0, 536, 535, 534, 533, 532, 0, 0, 567]

 ### Operon type: 105

	 A0A011NXY7	[0, 0, 535, 0, 533, 0, 0, 0, 0]

 ### Operon type: 106

	 A0A011QR69	[711, 710, 709, 708, 707, 706, 0, 0, 0]
	 A0A011NUB4	[711, 710, 709, 708, 707, 706, 0, 552, 0]

 ### Operon type: 107

	 A0A011NN36	[710, 709, 0, 0, 707, 706, 0, 0, 0]

 ### Operon type: 108

	 A0A011PK69	[709, 577, 0, 0, 707, 706, 0, 0, 0]

 ### Operon type: 109

	 A0A011NYD6	[541, 689, 688, 456, 455, 540, 539, 538, 537]
	 A0A011RMI6	[541, 689, 688, 456, 455, 540, 539, 538, 537]

 ### Operon type: 110

	 A0A011QB28	[542, 541, 689, 0, 0, 540, 539, 538, 537]

 ### Operon type: 111

	 A0A011NF33	[0, 540, 539, 0, 0, 0, 0, 0, 0]

 ### Operon type: 112

	 A0A011NBY4	[462, 0, 0, 461, 0, 0, 460, 0, 0]

 ### Operon type: 113

	 A0A011WRT0	[462, 0, 0, 0, 0, 0, 0, 635, 0]

 ### Operon type: 114

	 A0A011SHV5	[0, 0, 0, 0, 0, 451, 635, 428, 0]

 ### Operon type: 115

	 A0A011NB95	[0, 715, 0, 0, 0, 0, 466, 465, 464]

 ### Operon type: 116

	 A0A011UHT4	[33, 367, 465, 0, 0, 27, 27, 464, 0]

 ### Operon type: 117

	 A0A010Z1W7	[0, 0, 0, 0, 0, 259, 0, 446, 447]

 ### Operon type: 118

	 A0A011VY84	[0, 0, 447, 446, 0, 0, 0, 0, 0]

 ### Operon type: 119

	 A0A010YW85	[0, 0, 0, 0, 0, 193, 0, 446, 447]

 ### Operon type: 120

	 A0A010ZMA0	[446, 440, 0, 0, 0, 0, 0, 0, 0]

 ### Operon type: 121

	 A0A011N5L2	[0, 0, 0, 440, 0, 439, 438, 0, 0]

 ### Operon type: 122

	 A0A010SQJ5	[261, 260, 0, 384, 383, 382, 0, 0, 0]

 ### Operon type: 123

	 A0A010STD3	[0, 0, 0, 384, 383, 382, 0, 148, 266]

 ### Operon type: 124

	 A0A011TD67	[385, 0, 0, 384, 383, 382, 381, 0, 380]

 ### Operon type: 125

	 A0A009ZC12	[0, 0, 0, 384, 0, 382, 381, 225, 703]

 ### Operon type: 126

	 A0A010RFQ9	[0, 0, 518, 0, 467, 0, 0, 0, 0]

 ### Operon type: 127

	 A0A010SPR9	[15, 15, 0, 0, 0, 467, 0, 0, 0]

 ### Operon type: 128

	 A0A013S288	[0, 0, 0, 397, 396, 395, 394, 0, 392]
	 A0A010J3I1	[0, 0, 0, 397, 396, 395, 394, 0, 392]

 ### Operon type: 129

	 A0A013SXT2	[400, 399, 398, 397, 396, 395, 394, 393, 392]
	 A0A009PWG1	[400, 399, 398, 397, 396, 395, 394, 393, 392]

 ### Operon type: 130

	 A0A009ZJK4	[0, 0, 0, 0, 0, 0, 531, 508, 0]

 ### Operon type: 131

	 A0A010SVN1	[-1, 508, 558, 257, 242, 0, 0, 531, 0]

 ### Operon type: 132

	 A0A009SF48	[310, 0, 308, 0, 306, -1, 305, 635, 304]
	 A0A009IMX3	[310, 0, 308, 0, 306, 305, 305, 635, 304]

 ### Operon type: 133

	 A0A009QEX0	[310, 309, 308, 307, 306, 305, 305, 635, 304]

 ### Operon type: 134

	 A0A013S7V1	[310, 309, 308, 307, 306, 264, 531, 263, 262]
	 A0A009MR00	[310, 309, 308, 307, 306, 264, 531, 263, 262]
	 A0A010ISX2	[310, 309, 308, 307, 306, 264, 531, 263, 262]
	 A0A009RES7	[310, 309, 308, 307, 306, 264, 531, 263, 262]

 ### Operon type: 135

	 A0A009GYP9	[0, 0, 0, 307, 306, 264, 531, 263, 262]

 ### Operon type: 136

	 A0A009YTT3	[0, 0, 0, 0, 0, 0, 531, 263, 262]

 ### Operon type: 137

	 A0A009QGN4	[295, 294, 293, 292, 291, 290, 0, 0, 0]
	 A0A009PFK7	[295, 294, 293, 292, 291, 0, 0, 290, 0]

 ### Operon type: 138

	 A0A009YR20	[0, 290, 0, 0, 0, 0, 294, 0, 0]

 ### Operon type: 139

	 A0A013SB36	[252, 251, 250, 249, 248, 0, 497, 247, 246]
	 A0A009QSI3	[252, 251, 250, 249, 248, 0, 497, 247, -1]

 ### Operon type: 140

	 A0A010ITP2	[252, 251, 250, 249, 248, 0, 497, 0, 0]

 ### Operon type: 141

	 A0A009SII9	[-1, 251, 250, 249, 0, 0, 0, 0, 57]

 ### Operon type: 142

	 A0A009HZV2	[0, 0, 0, 0, 241, 240, 123, 0, 0]

 ### Operon type: 143

	 A0A009QPE7	[0, 0, 0, 0, 241, 240, 0, 0, 0]

 ### Operon type: 144

	 A0A009GXL8	[69, 68, 67, 0, 66, 65, 192, 121, 120]

 ### Operon type: 145

	 A0A010JIW7	[69, 68, 67, 0, 66, 0, 0, 192, 121]

 ### Operon type: 146

	 A0A009MGR3	[0, 0, 115, 0, 373, 32, 38, 154, 153]

 ### Operon type: 147

	 A0A009Q4G0	[0, 119, 115, 0, 373, 0, 154, 153, 154]

 ### Operon type: 148

	 A0A009PUJ8	[0, 155, 0, 0, 0, 152, 192, 121, 120]

 ### Operon type: 149

	 A0A009QJA8	[121, 120, 0, 0, 0, 0, 0, 0, 0]

 ### Operon type: 150

	 A0A009PB53	[0, 0, 155, 0, 0, 154, 153, 154, 152]

 ### Operon type: 151

	 A0A013SNJ8	[531, 0, 0, 315, 314, 396, 322, 0, 0]
	 A0A013RZW2	[531, 265, 0, 315, 314, 396, 322, 0, 0]
	 A0A009RD69	[531, 265, 0, 315, 314, 396, 322, 110, 0]
	 A0A010J9U3	[531, 0, 0, 315, 314, 396, 322, 0, 0]
	 A0A009SIZ4	[531, 265, 0, 315, 314, 0, 322, 110, 0]

 ### Operon type: 152

	 A0A009PH20	[0, 0, 271, 315, 314, 396, 322, 0, 0]
	 A0A009IV03	[0, 0, 271, 315, 314, 0, 322, 0, 0]

 ### Operon type: 153

	 A0A009YIZ0	[531, 265, 271, 315, 314, 396, 322, 110, 184]

 ### Operon type: 154

	 A0A009QA91	[210, 209, 603, 558, 238, 238, 208, 333, 257]
	 A0A010J377	[210, 209, 603, 558, 238, 238, 208, 333, 257]

 ### Operon type: 155

	 A0A009QQC0	[0, 0, 239, 558, 238, 238, 0, 333, 257]
	 A0A009MVG4	[239, 0, 183, 558, 238, 238, 0, 333, 257]

 ### Operon type: 156

	 A0A009H7I0	[0, 0, 0, 558, 238, 238, 208, 333, 257]

 ### Operon type: 157

	 A0A009S1X4	[210, 209, 603, 558, 238, 238, 558, 0, 29]

 ### Operon type: 158

	 A0A013SHF4	[0, 0, 183, 558, 238, 238, 0, 138, 0]

 ### Operon type: 159

	 A0A009H7U0	[391, 657, 0, 390, 389, 448, 113, 0, 0]

 ### Operon type: 160

	 A0A010IMP8	[391, 0, 0, 390, 389, 448, 113, 0, 112]

 ### Operon type: 161

	 A0A013SZ54	[391, 0, 454, 390, 389, 0, 0, 0, 0]

 ### Operon type: 162

	 A0A009ZM43	[-1, 657, 454, 390, 389, 448, 113, 52, 112]

 ### Operon type: 163

	 A0A009YSC7	[0, 0, 460, 1, 0, 1, 268, 267, 0]

 ### Operon type: 164

	 A0A013RVV2	[360, 0, 268, 267, 0, 0, 0, 266, 0]

 ### Operon type: 165

	 A0A011Q5S3	[555, 492, 0, 0, 0, 0, 491, 490, 489]

 ### Operon type: 166

	 A0A011UZZ4	[0, 491, 490, 0, 0, 0, 313, 313, 489]

 ### Operon type: 167

	 A0A010YKP2	[0, 0, 0, 0, 0, 0, 458, 311, 0]

 ### Operon type: 168

	 A0A011V1A2	[312, 0, 0, 311, 0, 0, 0, 0, 0]

 ### Operon type: 169

	 A0A011Q2B1	[0, 0, 0, 0, 0, 502, 501, 500, 617]

 ### Operon type: 170

	 A0A011RLN8	[0, 0, 0, 503, 618, 502, 501, 500, 617]

 ### Operon type: 171

	 A0A011NGS0	[0, 0, 0, 0, 644, 643, 0, 0, 0]

 ### Operon type: 172

	 A0A011PW61	[0, 0, 0, 0, 644, 643, 0, 0, 642]

 ### Operon type: 173

	 A0A011UXI1	[0, 575, 0, 0, 644, 643, 411, 0, 0]

 ### Operon type: 174

	 A0A011SWI9	[-1, -1, 0, 610, 644, 643, 411, -1, -1]

 ### Operon type: 175

	 A0A011P952	[643, 0, 586, 0, 0, 586, 0, 0, 0]

 ### Operon type: 176

	 A0A011NSG8	[0, 0, 0, 607, 554, 553, 0, 554, 0]

 ### Operon type: 177

	 A0A011P0X4	[0, 0, 496, 0, 554, 0, 0, 553, 478]

 ### Operon type: 178

	 A0A009MJ75	[0, 0, 169, 168, 167, 0, 0, 0, 200]

 ### Operon type: 179

	 A0A010IH51	[0, 218, 0, 0, 167, 0, 200, 0, 0]

 ### Operon type: 180

	 A0A010YNY9	[0, 0, 82, 81, 0, 0, 0, 0, 198]

 ### Operon type: 181

	 A0A011AC71	[29, 0, 0, 288, 0, 82, 81, 0, 603]

 ### Operon type: 182

	 A0A011PRW6	[691, 0, 0, 0, 690, 689, 688, 0, 0]
	 A0A011QLX0	[0, 691, 0, 0, 690, 0, 689, 688, 0]

 ### Operon type: 183

	 A0A010SML6	[0, 689, 688, -1, 0, 606, 0, 0, 0]

 ### Operon type: 184

	 A0A009P817	[173, 0, 0, 0, 172, 0, 195, 171, 170]

 ### Operon type: 185

	 A0A009TIY0	[0, 0, 0, 0, 172, 0, 195, 171, 0]

 ### Operon type: 186

	 A0A009QKA3	[195, 171, 0, 170, 0, 0, 0, 0, 295]

 ### Operon type: 187

	 A0A009S854	[-1, 0, 0, 520, 519, 0, 0, 0, 515]

 ### Operon type: 188

	 A0A013RMD0	[-1, 0, 521, 0, 519, 518, 0, 0, 515]

 ### Operon type: 189

	 A0A009HFU9	[0, 44, 0, 0, 523, 407, 0, 0, 0]
	 A0A009R016	[0, 44, 0, 0, 523, -1, 407, 0, 0]

 ### Operon type: 190

	 A0A009HSR2	[0, 118, 117, 0, 116, 220, 221, 123, 222]

 ### Operon type: 191

	 A0A009SWM1	[0, 118, 117, 0, 116, 0, 0, 221, 0]

 ### Operon type: 192

	 A0A009MYX0	[223, 222, 0, 484, 0, 0, 221, 220, 219]

 ### Operon type: 193

	 A0A009QK79	[0, 0, 219, 220, 0, 221, 0, 0, 222]

 ### Operon type: 194

	 A0A009GXJ1	[93, 92, 220, 221, 70, 123, 222, 223, 0]

 ### Operon type: 195

	 A0A013TKW8	[0, 663, 0, 407, 343, 342, 341, 340, 339]
	 A0A009QT77	[0, 0, -1, 407, 343, 342, 341, 340, 339]
	 A0A010IT95	[0, 0, 0, 407, 343, 342, 341, 340, 339]
	 A0A009PRQ9	[0, 407, 84, 0, 343, 342, 341, 340, 339]
	 A0A009I5G9	[0, 0, 407, 84, 343, 342, 341, 340, 339]
	 A0A009GWD0	[123, 0, 0, 407, 343, 342, 341, 340, 339]
	 A0A009MH36	[0, 0, 0, 407, 343, 342, 341, 340, 339]
	 A0A009S0T6	[0, 0, 407, 84, 343, 342, 341, 340, 339]

 ### Operon type: 196

	 A0A013TMJ7	[651, -1, 0, 407, 343, 340, 339, 0, 0]

 ### Operon type: 197

	 A0A009HJJ5	[332, 331, 330, 0, 444, 329, 0, 598, 31]
	 A0A009I8I7	[332, 331, 330, 34, 444, 329, 0, 598, 31]

 ### Operon type: 198

	 A0A013TPR7	[332, 331, 330, 0, 444, 329, 0, 598, 438]
	 A0A010JJN4	[0, 331, 330, 0, 444, 329, 0, 598, 438]
	 A0A009PMT3	[332, 331, 330, 0, 444, 329, 85, 598, 438]
	 A0A009RMI1	[0, 331, 330, 0, 444, 329, 0, 598, 0]
	 A0A009YG45	[0, 332, 331, 330, 444, 0, 329, 85, 598]

 ### Operon type: 199

	 A0A009SEP4	[332, 331, 330, 34, 444, 0, 329, 85, 0]

 ### Operon type: 200

	 A0A009NI48	[332, 331, 330, 0, 444, 0, 0, 0, -1]

 ### Operon type: 201

	 A0A011WLE7	[0, 0, 0, 0, 0, 495, 0, 0, 0]
	 A0A011VU44	[0, 0, 0, 0, 0, 495, 0, 0, 0]

 ### Operon type: 202

	 A0A011VAP2	[0, 0, 94, 0, 0, 0, 0, 0, 442]

 ### Operon type: 203

	 A0A011VRJ8	[0, 0, 0, 0, 0, 0, 94, 0, 0]

 ### Operon type: 204

	 A0A011RNU1	[0, 0, 0, 0, 0, 0, 413, 413, 412]

 ### Operon type: 205

	 A0A011VKJ9	[0, 0, 0, 0, 0, 0, 412, 413, -1]

 ### Operon type: 206

	 A0A011WT35	[418, 0, 0, 0, 0, 0, 0, 0, 0]
	 A0A011V490	[0, 418, 0, 0, 0, 0, 0, 0, 0]

 ### Operon type: 207

	 A0A009T185	[710, 0, 679, 679, 111, 709, 679, 215, 532]

 ### Operon type: 208

	 A0A010IN36	[182, 651, 0, 0, 111, 709, 679, 215, 532]

 ### Operon type: 209

	 A0A009PG43	[709, 679, 150, 712, 0, 215, 532, 0, 0]

 ### Operon type: 210

	 A0A011PQZ7	[0, 0, 0, 571, 638, 0, 570, 0, 0]

 ### Operon type: 211

	 A0A011TUX4	[0, 0, 0, 0, 638, 0, 0, 570, 0]

 ### Operon type: 212

	 A0A011STZ9	[0, 0, 0, 570, 0, 0, 0, 0, 0]

 ### Operon type: 213

	 A0A011PRF5	[568, 0, 0, 0, 0, 0, 0, 0, 0]
	 A0A011PUJ9	[0, 0, 0, 0, 0, 0, 0, 0, 568]

 ### Operon type: 214

	 A0A011PFY8	[0, 0, 0, 0, 0, 0, 0, 0, 634]

 ### Operon type: 215

	 A0A011PNS3	[712, 634, 0, 0, 0, 0, 0, 0, 0]

 ### Operon type: 216

	 A0A011T648	[0, 634, 0, 0, 0, 0, 0, 709, 0]

 ### Operon type: 217

	 A0A011AEN3	[0, 0, 0, 0, 0, 0, 657, 0, 0]
	 A0A011U3C2	[0, 0, 657, 0, 0, 0, 0, 0, 0]

 ### Operon type: 218

	 A0A011AAZ2	[0, 477, 0, 0, 0, 657, 657, 657, 0]

 ### Operon type: 219

	 A0A011T698	[0, 0, 0, 0, 0, 603, 657, 0, 0]

 ### Operon type: 220

	 A0A009SNL0	[36, 35, 0, 0, 0, 0, 0, 0, 0]

 ### Operon type: 221

	 A0A009ZZC8	[-1, 35, 36, 0, 0, 0, 0, 0, 0]

 ### Operon type: 222

	 A0A009ZG48	[0, 0, 0, 663, 0, 0, 0, 0, 0]

 ### Operon type: 223

	 A0A011PEJ8	[0, 0, 616, 663, 0, 0, 0, 0, 0]

 ### Operon type: 224

	 A0A011QNJ7	[664, 0, 0, 663, 0, 0, 0, 664, 0]

 ### Operon type: 225

	 A0A011MMJ4	[0, 0, 0, 0, 0, 0, 0, 664, 0]

 ### Operon type: 226

	 A0A011R8M3	[0, 0, 616, 663, 0, 410, 0, 664, 0]

 ### Operon type: 227

	 A0A009TJ77	[0, 80, 0, 0, 0, 0, 0, 0, 0]

 ### Operon type: 228

	 A0A010RTE7	[0, 0, 0, 0, 0, 0, 18, 80, 0]

 ### Operon type: 229

	 A0A013TPQ9	[338, 337, 336, 335, 334, 558, 651, 333, 439]
	 A0A013S8F0	[338, 337, 336, 335, 334, 558, 651, 333, 439]
	 A0A009PMU2	[338, 337, 336, -1, 334, 558, 651, 333, 439]
	 A0A009SZ84	[338, 337, 336, 335, 334, 558, 651, 333, 439]

 ### Operon type: 230

	 A0A009IG48	[0, 0, 0, 54, 53, 0, 0, 0, 606]

 ### Operon type: 231

	 A0A009IMQ0	[0, 0, 0, 54, 53, 0, 0, 0, 0]

 ### Operon type: 232

	 A0A009SWV1	[0, 0, 0, 0, 0, 0, 0, 54, 0]

 ### Operon type: 233

	 A0A011TAW2	[0, 0, 0, 0, 0, 0, 400, 0, 0]
	 A0A009SFX8	[400, 0, 0, 0, 0, 0, 0, 0, 0]

 ### Operon type: 234

	 A0A011TZN1	[0, 0, 0, 0, 91, 0, 0, 0, 0]
	 A0A009RHH9	[0, 0, 0, 0, 91, 0, 0, 0, 0]

 ### Operon type: 235

	 A0A009Q512	[0, 0, 0, 0, 114, 0, 0, 0, 0]
	 A0A009PMZ9	[114, 0, 0, 0, 0, 0, 0, 0, 0]

 ### Operon type: 236

	 A0A009IFL2	[0, 224, 0, 16, -1, 0, 0, 0]

 ### Operon type: 237

	 A0A009ZDS1	[-1, -1, 0, 224, 0, 0, 285, 0, 0]

 ### Operon type: 238

	 A0A009NPS1	[0, 337, 336, 335, 334, -1, 0, 0, 0]
	 A0A010IZH1	[-1, 337, 336, 335, 334, 558, 0, 0, 0]
	 A0A009HJM0	[0, 337, 336, 335, 334, 558, 0, 0, 0]

 ### Operon type: 239

	 A0A009HUS9	[337, 336, 0, 0, 0, 0, -1, 0, 0]

 ### Operon type: 240

	 A0A009HM15	[0, 129, 128, 0, 0, 0, -1, 0, 0]

 ### Operon type: 241

	 A0A009RQL5	[0, 0, 0, 0, 0, 0, 129, 128, 0]

 ### Operon type: 242

	 A0A009IJ01	[0, 0, 0, 0, 0, 0, 129, 128, 127]

 ### Operon type: 243

	 A0A009NCH6	[0, 0, 0, 0, 0, 0, 0, 128, 127]

 ### Operon type: 244

	 A0A011UB51	[445, 0, 0, 0, 0, 0, 0, 0, 0]
	 A0A011UFH1	[0, 0, 0, 0, 0, 445, 0, 0, 0]

 ### Operon type: 245

	 A0A011V965	[0, -1, -1, 0, 95, 0, -1, -1, 0]
	 A0A011VHP2	[0, -1, -1, -1, 95, 0, 0, 0, 0]

 ### Operon type: 246

	 A0A010RVD0	[-1, 0, 0, -1, 0, 695, 695, 0, 7]

 ### Operon type: 247

	 A0A010T7Q5	[0, 7, 0, 0, 0, 0, -1, 0, 0]

 ### Operon type: 248

	 A0A010SNM6	[0, 0, -1, 0, 0, 0, 651, 0, 0]
	 A0A010SRR2	[0, 0, -1, 0, 0, 0, 0, 0, 651]

 ### Operon type: 249

	 A0A010SJH7	[0, 0, 651, -1, 0, 0, 208, 0, 0]

 ### Operon type: 250

	 A0A011V107	[0, -1, 0, 0, 0, 0, 0, 0, 0]
	 A0A010RY47	[-1, 0, -1, 0, 0, 0, 0, 0, 0]
	 A0A009N9Z1	[-1, 0, 0, 0, 0, 0, 0, 0, 0]
	 A0A009QDV7	[-1, 0, 0, 0, 0, 0, 0, 0, 0]
	 A0A011U7M7	[0, 0, -1, 0, 0, 0, 0, 0, 0]
	 A0A009PH57	[0, 0, -1, 0, 0, 0, 0, 0, 0]
	 A0A010JDA6	[-1, 0, 0, 0, 0, 0, 0, 0, 0]
	 A0A009RG92	[-1, 0, 0, 0, 0, 0, 0, 0, 0]
	 A0A011UZ32	[0, 0, 0, 0, 0, -1, 0, 0, 0]
	 A0A011UZ49	[0, -1, 0, 0, 0, 0, 0, 0, 0]
	 A0A009IHQ3	[-1, 0, 0, 0, 0, 0, 0, 0, 0]
	 A0A010RKP8	[0, 0, 0, 0, 0, 0, -1, 0, 0]
	 A0A009HJU6	[0, 0, 0, 0, 0, 0, 0, 0, -1]
	 A0A009H6M2	[-1, 0, 0, 0, 0, 0, 0, 0, 0]
	 A0A010TF14	[-1, 0, 0, 0, 0, 0, 0, 0, 0]
	 A0A009TG92	[0, 0, -1, 0, 0, 0, 0, 0, 0]

 ### Operon type: 251

	 A0A010SJF9	[0, 0, 0, 0, 0, -1, 0, 86, -1]

 ### Operon type: 252

	 A0A010T5D8	[0, 0, 0, -1, 0, -1, 322, 0, 0]

 ### Operon type: 253

	 A0A011ML54	[0, 0, 0, 595, 0, 0, 0, 0, -1]

 ### Operon type: 254

	 A0A011NHY1	[0, 0, 0, 0, 0, 651, 0, 0, 0]

 ### Operon type: 255

	 A0A010Z171	[0, 0, 0, 0, 0, 0, 651, 0, 484]

 ### Operon type: 256

	 A0A010ZX98	[0, 0, 0, 0, 0, 11, 651, 651, 0]

 ### Operon type: 257

	 A0A010YRE8	[0, 0, 0, 0, 0, 0, 0, 11, 0]

 ### Operon type: 258

	 A0A011AF05	[0, 0, 29, 11, 0, 0, 0, 0, 0]

 ### Operon type: 259

	 A0A011SQL0	[605, 0, -1, 0, 0, 0, 0, 0, 0]

 ### Operon type: 260

	 A0A009ZC82	[0, 0, 605, 0, 0, 0, 0, 0, 0]

 ### Operon type: 261

	 A0A011P3F6	[606, 0, 0, 605, 0, 0, 0, 0, 0]

 ### Operon type: 262

	 A0A011T697	[651, 0, 0, 0, 0, 0, 0, 0, 195]

 ### Operon type: 263

	 A0A011TDD1	[0, 287, 651, 0, 0, 0, 0, 0, 0]

 ### Operon type: 264

	 A0A011VW24	[0, 0, 714, 0, 0, 0, 0, 0, -1]

 ### Operon type: 265

	 A0A011T8V3	[0, 0, 714, 0, 0, 0, 0, 0, 0]

 ### Operon type: 266

	 A0A010TH98	[642, 0, 0, 714, 0, 0, 0, 0, 0]

 ### Operon type: 267

	 A0A011QVR3	[0, 0, 0, 0, 0, 0, 0, 715, 714]

 ### Operon type: 268

	 A0A011RM25	[0, 0, 0, 0, 0, 714, 0, 415, 0]

 ### Operon type: 269

	 A0A011VXC2	[-1, 450, 0, 0, 0, 0, 0, 0, 0]

 ### Operon type: 270

	 A0A011VYF1	[714, 0, 0, 0, 0, 0, 445, 0, 0]

 ### Operon type: 271

	 A0A010S415	[-1, 714, 0, 257, 0, 0, 0, 0, 274]

 ### Operon type: 272

	 A0A011QSN2	[0, 0, 0, 0, 0, 0, 0, 0, 0]
	 A0A011QMJ8	[0, 0, 0, 0, 0, 0, 0, 0, 0]
	 A0A011Q056	[0, 0, 0, 0, 0, 0, 0, 0, 0]
	 A0A011PBM9	[0, 0, 0, 0, 0, 0, 0, 0, 0]
	 A0A011P4U7	[0, 0, 0, 0, 0, 0, 0, 0, 0]
	 A0A011P9Z5	[0, 0, 0, 0, 0, 0, 0, 0, 0]
	 A0A011PKU5	[0, 0, 0, 0, 0, 0, 0, 0, 0]
	 A0A011PJK8	[0, 0, 0, 0, 0, 0, 0, 0, 0]
	 A0A011PNN2	[0, 0, 0, 0, 0, 0, 0, 0, 0]
	 A0A011NTU3	[0, 0, 0, 0, 0, 0, 0, 0, 0]
	 A0A011NMI8	[0, 0, 0, 0, 0, 0, 0, 0, 0]
	 A0A011Q1B3	[0, 0, 0, 0, 0, 0, 0, 0, 0]
	 A0A011QVV5	[0, 0, 0, 0, 0, 0, 0, 0, 0]
	 A0A011WKI4	[0, 0, 0, 0, 0, 0, 0, 0, 0]
	 A0A011N2Z0	[0, 0, 0, 0, 0, 0, 0, 0, 0]
	 A0A011N3C3	[0, 0, 0, 0, 0, 0, 0, 0, 0]
	 A0A011N4G4	[0, 0, 0, 0, 0, 0, 0, 0, 0]
	 A0A010ZTI3	[0, 0, 0, 0, 0, 0, 0, 0, 0]
	 A0A011NAJ1	[0, 0, 0, 0, 0, 0, 0, 0, 0]
	 A0A011NAY5	[0, 0, 0, 0, 0, 0, 0, 0, 0]
	 A0A011NDM5	[0, 0, 0, 0, 0, 0, 0, 0, 0]
	 A0A011VYF6	[0, 0, 0, 0, 0, 0, 0, 0, 0]
	 A0A011SGD5	[0, 0, 0, 0, 0, 0, 0, 0, 0]
	 A0A011VSC9	[0, 0, 0, 0, 0, 0, 0, 0, 0]
	 A0A011VUV0	[0, 0, 0, 0, 0, 0, 0, 0, 0]
	 A0A011VWR4	[0, 0, 0, 0, 0, 0, 0, 0, 0]
	 A0A011TWN2	[0, 0, 0, 0, 0, 0, 0, 0, 0]
	 A0A009M4K0	[0, 0, 0, 0, 0, 0, 0, 0, 0]
	 A0A009MGJ1	[0, 0, 0, 0, 0, 0, 0, 0, 0]
	 A0A009MGQ8	[0, 0, 0, 0, 0, 0, 0, 0, 0]
	 A0A013T8M5	[0, 0, 0, 0, 0, 0, 0, 0, 0]
	 A0A011VZG0	[0, 0, 0, 0, 0, 0, 0, 0, 0]
	 A0A011VW71	[0, 0, 0, 0, 0, 0, 0, 0, 0]
	 A0A011WSE5	[0, 0, 0, 0, 0, 0, 0, 0, 0]
	 A0A013TEV4	[0, 0, 0, 0, 0, 0, 0, 0, 0]
	 A0A013TPV4	[0, 0, 0, 0, 0, 0, 0, 0, 0]
	 A0A011TAF9	[0, 0, 0, 0, 0, 0, 0, 0, 0]
	 A0A013SL47	[0, 0, 0, 0, 0, 0, 0, 0, 0]
	 A0A011WUT3	[0, 0, 0, 0, 0, 0, 0, 0, 0]
	 A0A013S2B9	[0, 0, 0, 0, 0, 0, 0, 0, 0]
	 A0A013SBR8	[0, 0, 0, 0, 0, 0, 0, 0, 0]
	 A0A011TLH0	[0, 0, 0, 0, 0, 0, 0, 0, 0]
	 A0A009QQ47	[0, 0, 0, 0, 0, 0, 0, 0, 0]
	 A0A009N031	[0, 0, 0, 0, 0, 0, 0, 0, 0]
	 A0A009N123	[0, 0, 0, 0, 0, 0, 0, 0, 0]
	 A0A010ZJQ6	[0, 0, 0, 0, 0, 0, 0, 0, 0]
	 A0A009HBT3	[0, 0, 0, 0, 0, 0, 0, 0, 0]
	 A0A009MMM3	[0, 0, 0, 0, 0, 0, 0, 0, 0]
	 A0A009IRJ6	[0, 0, 0, 0, 0, 0, 0, 0, 0]
	 A0A009PT82	[0, 0, 0, 0, 0, 0, 0, 0, 0]
	 A0A009NQA1	[0, 0, 0, 0, 0, 0, 0, 0, 0]
	 A0A009PDV4	[0, 0, 0, 0, 0, 0, 0, 0, 0]
	 A0A009PG53	[0, 0, 0, 0, 0, 0, 0, 0, 0]
	 A0A009MH90	[0, 0, 0, 0, 0, 0, 0, 0, 0]
	 A0A009Q3K7	[0, 0, 0, 0, 0, 0, 0, 0, 0]
	 A0A010IPH1	[0, 0, 0, 0, 0, 0, 0, 0, 0]
	 A0A009RBQ2	[0, 0, 0, 0, 0, 0, 0, 0, 0]
	 A0A009QVK8	[0, 0, 0, 0, 0, 0, 0, 0, 0]
	 A0A011V8Y9	[0, 0, 0, 0, 0, 0, 0, 0, 0]
	 A0A011UHL2	[0, 0, 0, 0, 0, 0, 0, 0, 0]
	 A0A011UTJ0	[0, 0, 0, 0, 0, 0, 0, 0, 0]
	 A0A011UFM5	[0, 0, 0, 0, 0, 0, 0, 0, 0]
	 A0A011UG71	[0, 0, 0, 0, 0, 0, 0, 0, 0]
	 A0A011UGX8	[0, 0, 0, 0, 0, 0, 0, 0, 0]
	 A0A010YJA7	[0, 0, 0, 0, 0, 0, 0, 0, 0]
	 A0A009HTN9	[0, 0, 0, 0, 0, 0, 0, 0, 0]
	 A0A009HIL8	[0, 0, 0, 0, 0, 0, 0, 0, 0]
	 A0A011UBN9	[0, 0, 0, 0, 0, 0, 0, 0, 0]
	 A0A009I463	[0, 0, 0, 0, 0, 0, 0, 0, 0]
	 A0A009T1I8	[0, 0, 0, 0, 0, 0, 0, 0, 0]
	 A0A011VMV7	[0, 0, 0, 0, 0, 0, 0, 0, 0]
	 A0A011VNE2	[0, 0, 0, 0, 0, 0, 0, 0, 0]
	 A0A009SHB3	[0, 0, 0, 0, 0, 0, 0, 0, 0]
	 A0A009SIF9	[0, 0, 0, 0, 0, 0, 0, 0, 0]
	 A0A010SHY1	[0, 0, 0, 0, 0, 0, 0, 0, 0]
	 A0A009I0I9	[0, 0, 0, 0, 0, 0, 0, 0, 0]
	 A0A010IZE4	[0, 0, 0, 0, 0, 0, 0, 0, 0]
	 A0A009SWU0	[0, 0, 0, 0, 0, 0, 0, 0, 0]
	 A0A009ISY0	[0, 0, 0, 0, 0, 0, 0, 0, 0]
	 A0A009RR21	[0, 0, 0, 0, 0, 0, 0, 0, 0]
	 A0A011UWH1	[0, 0, 0, 0, 0, 0, 0, 0, 0]
	 A0A009SCM5	[0, 0, 0, 0, 0, 0, 0, 0, 0]
	 A0A009RHH7	[0, 0, 0, 0, 0, 0, 0, 0, 0]
	 A0A009RMD0	[0, 0, 0, 0, 0, 0, 0, 0, 0]
	 A0A009R2X0	[0, 0, 0, 0, 0, 0, 0, 0, 0]
	 A0A009R4N4	[0, 0, 0, 0, 0, 0, 0, 0, 0]
	 A0A009HL81	[0, 0, 0, 0, 0, 0, 0, 0, 0]
	 A0A009PAG1	[0, 0, 0, 0, 0, 0, 0, 0, 0]
	 A0A010SSQ8	[0, 0, 0, 0, 0, 0, 0, 0, 0]
	 A0A010T025	[0, 0, 0, 0, 0, 0, 0, 0, 0]
	 A0A010SPJ7	[0, 0, 0, 0, 0, 0, 0, 0, 0]
	 A0A011A146	[0, 0, 0, 0, 0, 0, 0, 0, 0]
	 A0A010YZS8	[0, 0, 0, 0, 0, 0, 0, 0, 0]
	 A0A010Z120	[0, 0, 0, 0, 0, 0, 0, 0, 0]
	 A0A011AIL7	[0, 0, 0, 0, 0, 0, 0, 0, 0]
	 A0A009T3J5	[0, 0, 0, 0, 0, 0, 0, 0, 0]

 ### Operon type: 273

	 A0A010TG27	[591, 0, 26, 0, 0, 0, 558, 0, 0]

 ### Operon type: 274

	 A0A011PMK1	[0, 0, 0, 0, 0, 0, 0, 591, 0]

 ### Operon type: 275

	 A0A009HRU1	[0, 220, 0, 0, 0, 0, 0, 0, 0]

 ### Operon type: 276

	 A0A009HSN8	[0, 119, 0, 0, 0, -1, 0, 152, -1]

 ### Operon type: 277

	 A0A009HV82	[192, 0, 0, 0, 0, 0, 0, 0, 0]

 ### Operon type: 278

	 A0A009IG74	[0, 0, 168, 0, 396, -1, 0, 0, 0]

 ### Operon type: 279

	 A0A009IJ90	[0, 71, 0, 0, 0, 0, 0, 0, 0]

 ### Operon type: 280

	 A0A009ISE1	[329, 0, 598, 0, 0, -1, 0, 0, 0]

 ### Operon type: 281

	 A0A009NM94	[0, 449, 449, 0, 0, 0, 287, 0, 0]

 ### Operon type: 282

	 A0A009Q4N5	[0, 0, 173, 0, 0, 0, 0, 0, 0]

 ### Operon type: 283

	 A0A009SSZ9	[0, 75, 0, 0, 0, 0, 0, 0, 0]

 ### Operon type: 284

	 A0A009TBM2	[0, 0, 0, 0, 0, 0, 0, 0, 392]

 ### Operon type: 285

	 A0A009Q8S9	[0, 0, 606, 392, 0, 213, 0, 0, 0]

 ### Operon type: 286

	 A0A009YIH1	[0, 0, 0, 0, 130, 0, -1, -1, 2]

 ### Operon type: 287

	 A0A009YR05	[0, 0, 0, 0, 62, 0, 0, 0, 0]

 ### Operon type: 288

	 A0A009Z004	[64, 0, 64, 0, 0, 484, 0, 0, 0]

 ### Operon type: 289

	 A0A010IGH8	[0, 0, 0, 0, 0, 0, 0, 266, 0]

 ### Operon type: 290

	 A0A010JIN9	[283, 0, 0, 80, 201, 0, 0, 0, 0]

 ### Operon type: 291

	 A0A010RS09	[0, 0, 0, 0, 18, 0, 594, 594, 0]

 ### Operon type: 292

	 A0A010RUQ5	[0, 0, 0, 0, 0, 0, 0, 0, 166]

 ### Operon type: 293

	 A0A010S195	[605, 0, 259, 258, 0, 0, 0, 0, 0]

 ### Operon type: 294

	 A0A010SCZ2	[0, 0, 0, 0, 0, 0, 0, 363, 0]

 ### Operon type: 295

	 A0A010SN41	[0, 0, 0, 0, 408, 0, 0, 0, 0]

 ### Operon type: 296

	 A0A010SSU2	[0, 0, 0, 0, 70, 0, -1, 587, 0]

 ### Operon type: 297

	 A0A010SUP6	[0, 0, 0, 0, 0, 0, 0, 258, 0]

 ### Operon type: 298

	 A0A010SUY9	[0, 0, 0, 0, 0, 410, 616, 0]

 ### Operon type: 299

	 A0A010THK2	[0, 0, -1, 0, 0, 594, 484, 0, 0]

 ### Operon type: 300

	 A0A010SRL4	[26, 0, 0, -1, 0, 0, 0, 484, 177]

 ### Operon type: 301

	 A0A010YF95	[489, 0, 0, 0, 0, 0, 0, 0, 0]

 ### Operon type: 302

	 A0A010YT39	[0, 590, 0, 0, 0, 0, 0, 0, 0]

 ### Operon type: 303

	 A0A010YX61	[244, 657, 0, 714, 0, 0, 0, 0, 0]

 ### Operon type: 304

	 A0A010ZWJ8	[0, 0, 0, 0, 0, 589, 0, 0, 0]

 ### Operon type: 305

	 A0A009ZVR4	[434, 0, 657, 0, 0, 61, 0, 0, 0]

 ### Operon type: 306

	 A0A011AHW1	[0, 0, 0, 0, 0, 0, 0, 4, 0]

 ### Operon type: 307

	 A0A011NE37	[454, 0, 0, 0, 0, 0, 0, 0, 0]

 ### Operon type: 308

	 A0A011NF78	[0, 0, 702, 0, 0, 0, 0, 0, 0]

 ### Operon type: 309

	 A0A011NVE2	[0, 0, 0, 709, 0, 0, 651, 0, 551]

 ### Operon type: 310

	 A0A011NXJ4	[0, 0, 0, 0, 0, 0, 0, 0, 457]

 ### Operon type: 311

	 A0A011P8I1	[0, 0, 655, 657, 0, 0, 0, 0, 589]

 ### Operon type: 312

	 A0A011P9Q7	[585, 0, 0, 0, 0, 0, 0, 0, 0]

 ### Operon type: 313

	 A0A011PCT1	[0, 0, 0, 0, 0, 0, 0, 617, 0]

 ### Operon type: 314

	 A0A011PJ75	[0, 709, 679, 709, 0, 0, 0, 0, 0]

 ### Operon type: 315

	 A0A011PRB4	[0, 0, 0, 0, 0, 0, 0, 569, 0]

 ### Operon type: 316

	 A0A011Q5V7	[488, 0, 0, 0, 0, 0, 0, 0, 0]

 ### Operon type: 317

	 A0A011QU35	[0, 0, 0, 0, 724, 0, 0, 0, 0]

 ### Operon type: 318

	 A0A011QVT2	[713, 0, 0, 0, 0, 0, 0, 712, 0]

 ### Operon type: 319

	 A0A011RP14	[0, 0, 0, 0, 0, 0, 0, 436, 0]

 ### Operon type: 320

	 A0A011SM49	[651, 0, 436, 0, 0, 0, 234, 0, 0]

 ### Operon type: 321

	 A0A011AM27	[570, 0, 0, 0, 444, 0, 0, 0, 443]

 ### Operon type: 322

	 A0A011T607	[0, 0, 567, 0, 0, 0, 0, 0, 287]

 ### Operon type: 323

	 A0A010S5W8	[0, 0, 485, 567, 0, 0, 0, 0, 0]

 ### Operon type: 324

	 A0A011MSR2	[0, 0, 0, 485, 0, 0, 0, 583, 0]

 ### Operon type: 325

	 A0A010YYJ5	[0, 0, 0, 583, 0, 0, 0, 61, 61]

 ### Operon type: 326

	 A0A011TED9	[0, 0, 0, 0, 0, 289, 0, 0, 0]

 ### Operon type: 327

	 A0A011TXS5	[0, 233, 0, 0, 0, 0, 0, 0, 0]

 ### Operon type: 328

	 A0A011U144	[0, 166, 0, 0, 0, 0, 457, 511, 0]

 ### Operon type: 329

	 A0A011U1C8	[603, 0, 0, 0, 0, 0, 0, 0, 165]

 ### Operon type: 330

	 A0A011U483	[0, 0, 0, 0, 0, 602, 0, 0, 0]

 ### Operon type: 331

	 A0A011UDF3	[0, 0, 0, 0, 0, 385, 0, 0, 0]

 ### Operon type: 332

	 A0A011UG86	[0, 607, 0, 0, 0, 86, 0, 0, 0]

 ### Operon type: 333

	 A0A011UGY3	[0, 0, 0, 28, 0, 0, 0, 28, 0]

 ### Operon type: 334

	 A0A011UJN3	[0, 215, 0, 0, 0, 0, 0, 0, 0]

 ### Operon type: 335

	 A0A009INE0	[182, 0, 0, 0, 0, 0, 0, 679, 215]

 ### Operon type: 336

	 A0A011UQB5	[429, 461, 0, 0, 0, 0, 0, 445, 0]

 ### Operon type: 337

	 A0A011UVI5	[0, 0, 0, 0, 0, 198, 709, 709, 0]

 ### Operon type: 338

	 A0A011UWI3	[0, 0, 0, 0, 175, 0, 45, 605, 0]

 ### Operon type: 339

	 A0A011V5E6	[0, 0, 0, 0, 0, 134, 0, 0, 0]

 ### Operon type: 340

	 A0A011M4H6	[442, 0, 441, 0, 0, 0, 0, 0, 0]

 ### Operon type: 341

	 A0A011VSV3	[0, 0, 0, 0, 0, 0, 660, 0, 0]

 ### Operon type: 342

	 A0A011VWI0	[0, 0, 0, 0, 0, 367, 0, 0, 0]

 ### Operon type: 343

	 A0A011VZ91	[422, 0, 0, 0, 0, 0, 0, 0, 0]

 ### Operon type: 344

	 A0A011W213	[0, 0, 0, 0, 0, 552, 0, 0, 0]

 ### Operon type: 345

	 A0A011WP76	[0, 0, 0, 0, 0, 0, 0, 0, 717]

 ### Operon type: 346

	 A0A011WSD4	[0, 0, 0, -1, 0, 583, 0, 0, 418]

 ### Operon type: 347

	 A0A011VZF5	[0, 0, 420, 419, 0, 583, 418, 583, 0]

 ### Operon type: 348

	 A0A011WSU6	[0, 583, 0, 0, 409, 0, 0, 0, 0]

 ### Operon type: 349

	 A0A013S843	[0, 333, 0, 0, 0, 0, -1, 261, 0]

 ### Operon type: 350

	 A0A013S981	[253, 0, 0, 0, 0, 0, 0, 0, 0]

 ### Operon type: 351

	 A0A013T337	[0, 0, 0, 0, 0, 0, 0, 0, 374]

 ### Operon type: 352

	 A0A013T5E6	[0, 0, 0, 373, 0, 0, 0, 0, 0]

 ### Operon type: 353

	 A0A013SGL3	[328, 245, 244, 243, 327, 626, 326, 603, 325]
	 A0A010KAV2	[328, 0, 0, 243, 327, 626, 326, 603, 325]
	 A0A009NE81	[328, 245, 244, 243, 327, 626, 326, 603, 325]
	 A0A009I5Z6	[328, 0, 244, 243, 327, 626, 326, 603, 325]
	 A0A009RQH3	[328, 0, 0, 243, 327, 626, 326, 603, 325]

 ### Operon type: 354

	 A0A013TB41	[328, -1, 0, 0, 327, 626, 326, 603, 325]

 ### Operon type: 355

	 A0A009H3X4	[328, 0, 0, 0, 327, 626, -1, 594, -1]

 ### Operon type: 356

	 A0A009YL68	[0, 0, 603, 328, 327, 0, 0, 225, 0]

 ### Operon type: 357

	 A0A009T9H0	[0, 2, 606, -1, 0, 0, 221, 0, 220]

 ### Operon type: 358

	 A0A010THH5	[0, 199, 224, 198, 0, 0, 428, 0, 285]

 ### Operon type: 359

	 A0A011VZE3	[0, 0, 0, 558, 421, 0, 0, 0, 0]
	 A0A011WSH8	[0, 0, 0, 558, 421, 0, 0, 0, 0]

 ### Operon type: 360

	 A0A011NAF3	[0, 0, 0, 0, 0, 0, 558, 0, 673]

 ### Operon type: 361

	 A0A009IQ93	[178, 0, 558, 0, 0, 177, 0, 0, 0]

 ### Operon type: 362

	 A0A009TLU4	[0, 233, -1, 51, 0, 14, 0, -1, -1]

 ### Operon type: 363

	 A0A010JNG7	[407, 0, 0, 286, 0, 0, 0, 0, 0]

 ### Operon type: 364

	 A0A010S003	[629, 0, 0, 0, 0, 607, 607, 260, 0]

 ### Operon type: 365

	 A0A010SMN8	[0, -1, 82, 0, 467, 0, 0, 633, 0]

 ### Operon type: 366

	 A0A010SXS1	[0, 150, 0, 0, 0, 214, 0, 0, 712]

 ### Operon type: 367

	 A0A010T689	[443, -1, 428, 414, 0, 0, 0, 0, 0]

 ### Operon type: 368

	 A0A010TBB4	[0, 516, 0, 86, 0, 0, 0, 0, 603]

 ### Operon type: 369

	 A0A010YFK3	[0, 416, 0, 0, 0, 0, 424, 0, 165]

 ### Operon type: 370

	 A0A010YVY1	[10, 0, 10, 0, 0, 0, 0, 260, 0]

 ### Operon type: 371

	 A0A010Z7T4	[0, 0, 0, 0, 0, 0, 0, 200, 571]

 ### Operon type: 372

	 A0A010RRR9	[0, 0, 0, 0, 563, 0, 0, 56, 200]

 ### Operon type: 373

	 A0A010SIA7	[0, 0, 56, 55, 0, 0, 0, 0, 0]

 ### Operon type: 374

	 A0A010ZSZ2	[0, 477, 0, 510, 476, 0, 0, 0, 0]

 ### Operon type: 375

	 A0A010Z0Y7	[0, 0, 0, 0, 476, 257, 0, 0, 0]

 ### Operon type: 376

	 A0A010ZUR7	[365, 5, 0, 5, 0, 4, 260, 0, 0]

 ### Operon type: 377

	 A0A011A0M8	[0, 0, 484, 0, 16, 0, 0, 3, 3]

 ### Operon type: 378

	 A0A011NFL4	[0, 593, 0, 0, 592, 591, 0, 590, 0]

 ### Operon type: 379

	 A0A011P407	[0, 0, 604, 635, 0, 0, 603, 0, 602]

 ### Operon type: 380

	 A0A011QGT2	[558, 0, 0, 557, 556, 0, 0, 0, 0]

 ### Operon type: 381

	 A0A011QSA4	[705, 0, 704, 703, 0, 0, 0, 0, 702]

 ### Operon type: 382

	 A0A011T6J6	[0, 488, 0, 657, 0, 0, 194, 0, 193]

 ### Operon type: 383

	 A0A011TAL2	[0, 567, 0, 0, 0, 288, 0, 458, 0]

 ### Operon type: 384

	 A0A011TYT7	[0, 0, 0, 0, 0, 0, 218, 217, 217]

 ### Operon type: 385

	 A0A011TZG0	[484, 486, 0, 0, 0, 0, 0, 344, 0]

 ### Operon type: 386

	 A0A011Q6N5	[0, 0, 0, 0, 0, 0, 487, 486, 487]

 ### Operon type: 387

	 A0A011UII7	[0, 0, 0, 0, 0, 551, 216, 0, 0]

 ### Operon type: 388

	 A0A011UNT9	[213, 236, 0, 0, 0, 0, 0, 0, 0]

 ### Operon type: 389

	 A0A011SIS0	[0, 545, 237, 237, 0, 0, 0, 236, 0]

 ### Operon type: 390

	 A0A011UT49	[0, 477, 0, 0, 0, 0, 150, 90, 0]

 ### Operon type: 391

	 A0A011VU65	[425, 0, 0, 0, 0, 424, 0, 0, 0]

 ### Operon type: 392

	 A0A011VV03	[0, 365, 0, 0, 364, 442, 0, 0, 0]

 ### Operon type: 393

	 A0A011VVZ9	[0, 0, -1, 0, 0, 363, 362, 362, 361]

 ### Operon type: 394

	 A0A011VWX7	[712, 452, 0, 0, 0, 0, 0, 451, 0]

 ### Operon type: 395

	 A0A011VXK7	[449, 449, 0, 448, 0, 0, 0, 490, 0]

 ### Operon type: 396

	 A0A011W0I6	[417, 0, 0, 0, 0, 481, 0, 595, 0]

 ### Operon type: 397

	 A0A010YEF6	[0, 417, 0, 0, 0, 0, 0, 0, 83]

 ### Operon type: 398

	 A0A013SQH1	[0, 0, 0, 0, 408, 576, 0, 407, 466]

 ### Operon type: 399

	 A0A009LNU8	[401, 403, 404, 405, 0, 51, 0, 407, 0]

 ### Operon type: 400

	 A0A013SRG6	[406, 405, 404, 403, 0, 402, 0, 401, 507]

 ### Operon type: 401

	 A0A009IQU8	[0, 403, 0, 0, 0, 402, 507, 0, 0]

 ### Operon type: 402

	 A0A010K2K8	[404, 405, 406, 0, 0, 0, 0, -1, 407]

 ### Operon type: 403

	 A0A011NPR8	[0, 507, 0, 0, 0, 0, 506, 0, 0]

 ### Operon type: 404

	 A0A010SEA2	[492, 506, 199, 0, 0, 0, 0, 0, 0]

 ### Operon type: 405

	 A0A009ZIC0	[523, 522, 521, 520, 519, 518, 517, 516, 515]

 ### Operon type: 406

	 A0A009ZB47	[227, 226, 0, 0, 0, 583, 283, 0, 0]

 ### Operon type: 407

	 A0A010RM40	[353, 558, 636, 0, 0, 0, 0, -1, 601]

 ### Operon type: 408

	 A0A010RRQ6	[0, 441, 0, 0, 0, 467, 521, 37, 0]

 ### Operon type: 409

	 A0A010S423	[194, 0, 0, 0, 0, 0, 0, 45, 433]

 ### Operon type: 410

	 A0A010T0I7	[0, 0, 83, 0, 0, 655, 704, 558, 0]

 ### Operon type: 411

	 A0A011AHU9	[0, 0, 0, 0, 0, 0, 0, 8, 597]

 ### Operon type: 412

	 A0A010YY02	[0, 9, 0, 0, 9, 639, 514, 0, 8]

 ### Operon type: 413

	 A0A011NA78	[0, 437, 0, 0, 0, 695, 0, 0, 601]

 ### Operon type: 414

	 A0A011P8W7	[588, 604, 712, 0, 587, 0, 0, 0, 0]

 ### Operon type: 415

	 A0A011PG97	[633, 0, 0, 632, 0, 0, 0, 0, 0]

 ### Operon type: 416

	 A0A011PKT4	[0, 576, 0, 0, 0, 0, 575, 0, 0]

 ### Operon type: 417

	 A0A011PLB2	[0, 588, 0, 577, 0, 0, 0, 0, 0]

 ### Operon type: 418

	 A0A011R339	[0, 0, 0, 0, 0, 0, 93, 92, 0]

 ### Operon type: 419

	 A0A011SFE5	[0, 0, 0, 449, 0, 0, 593, 635, 429]

 ### Operon type: 420

	 A0A011SJT5	[0, 0, 0, 361, 235, 235, 235, 235, 235]

 ### Operon type: 421

	 A0A011TDQ5	[0, 0, 0, 0, 242, 482, 0, 0, 0]

 ### Operon type: 422

	 A0A011UG17	[140, 0, 423, 0, 87, 425, 0, 0, 0]

 ### Operon type: 423

	 A0A011V8Z7	[0, 0, 0, 0, 0, 97, 96, 0, 0]

 ### Operon type: 424

	 A0A011VT01	[0, 0, 427, 0, 0, 427, 0, 0, 426]

 ### Operon type: 425

	 A0A011VYP6	[0, 0, 0, 0, 0, 0, 423, 564, 0]

 ### Operon type: 426

	 A0A011V392	[450, 0, 569, 420, 419, 196, 0, 409, 197]

 ### Operon type: 427

	 A0A009Q0U9	[531, 530, 529, 0, 47, 46, -1, -1, 0]

 ### Operon type: 428

	 A0A010SRB2	[14, 13, 0, 0, 0, 13, 12, 0, 0]

 ### Operon type: 429

	 A0A011VJ76	[63, 63, 90, 590, 0, 558, 484, 0, 604]

 ### Operon type: 430

	 A0A013SKX6	[0, 0, 435, 0, 396, 396, 137, 136, 135]

 ### Operon type: 431

	 A0A010KA25	[283, 0, 428, 212, 211, 0, 0, 283, 337]

 ### Operon type: 432

	 A0A011WUA8	[542, 0, 0, 270, 0, 0, 0, 269, 269]

 ### Operon type: 433

	 A0A010S4X6	[0, 257, 636, 607, 320, 0, 459, 584, 594]

 ### Operon type: 434

	 A0A011U8C0	[0, 164, 163, 0, 162, 161, 0, 0, 0]
