
 ### Operon type: 1

	 A0A010ILU3	[352, 351, 350, 656, 349, 348, 347, 346, 549]
	 A0A009QBR9	[352, 351, 350, 656, 349, 348, 346, 549, 147]
	 A0A009QS71	[352, 351, 350, 656, 349, 348, 347, 346, 549]
	 A0A009MW50	[352, 351, 350, 656, 349, 348, 347, 346, 549]
	 A0A009H3B0	[352, 351, 350, 656, 349, 348, 347, 346, 549]
	 A0A009I8S2	[352, 351, 350, 656, 349, 348, 346, 549, 147]
	 A0A009TM70	[352, 351, 350, 656, 349, 348, 346, 549, 147]

 ### Operon type: 2

	 A0A013TH43	[642, 641, 640, 639, 638, 637, 636, 635, 634]
	 A0A009RAF0	[642, 641, 640, 639, 638, 637, 636, 635, 634]

 ### Operon type: 3

	 A0A011PVT3	[798, 695, 694, 693, 692, 691, 690, 689, 688]
	 A0A011MET3	[798, 695, 694, 693, 692, 691, 690, 689, 688]
	 A0A011R7V7	[798, 695, 694, 693, 692, 691, 690, 689, 688]

 ### Operon type: 4

	 A0A013SNJ8	[551, 550, 549, 548, 547, 546, 558, 545, 544]
	 A0A013RZW2	[551, 550, 549, 548, 547, 546, 558, 545, 544]
	 A0A009SIZ4	[551, 550, 549, 548, 547, 546, 558, 545, 544]
	 A0A009PH20	[551, 550, 549, 548, 547, 546, 558, 545, 544]
	 A0A009HBT3	[551, 550, 549, 548, 547, 546, 558, 545, 544]
	 A0A009MMM3	[551, 550, 549, 548, 547, 546, 558, 545, 544]
	 A0A009RD69	[551, 550, 549, 548, 547, 546, 558, 545, 544]
	 A0A010J9U3	[551, 550, 549, 548, 547, 546, 558, 545, 544]
	 A0A009IV03	[551, 550, 549, 548, 547, 546, 558, 545, 544]
	 A0A009YIZ0	[551, 550, 549, 548, 547, 546, 558, 545, 544]

 ### Operon type: 5

	 A0A009PH57	[141, 140, -1, 139, 138, 703, 137, 261, 136]
	 A0A009TG92	[141, 140, -1, 139, 138, 703, 137, 261, 136]

 ### Operon type: 6

	 A0A013S288	[543, 542, 541, 540, 546, 539, 538, 537, 536]
	 A0A013SXT2	[543, 542, 541, 540, 546, 539, 538, 537, 536]
	 A0A009SFX8	[543, 542, 541, 540, 238, 546, 539, 538, 537]
	 A0A009N031	[543, 542, 541, 540, 546, 539, 538, 537, 536]
	 A0A010J3I1	[543, 542, 541, 540, 546, 539, 538, 537, 536]
	 A0A009PWG1	[543, 542, 541, 540, 546, 539, 538, 537, 536]
	 A0A009I0I9	[543, 542, 541, 540, 546, 539, 538, 537, 536]
	 A0A009R2X0	[543, 542, 541, 540, 546, 539, 538, 537, 536]
	 A0A009TBM2	[542, 541, 540, 238, 546, 539, 538, 537, 536]

 ### Operon type: 7

	 A0A013T8M5	[611, 757, 610, 609, 608, 607, 606, 605, 604]
	 A0A013SZ54	[611, 757, 610, 609, 608, 607, 606, 605, 604]
	 A0A009SWU0	[611, 757, 610, 609, 608, 607, 606, 605, 604]
	 A0A010IMP8	[611, 757, 610, 609, 608, 607, 606, 605, 604]
	 A0A009N123	[611, 757, 610, 609, 608, 607, 606, 605, 604]
	 A0A009RBQ2	[611, 757, 610, 609, 608, 607, 606, 605, 604]
	 A0A009Q3K7	[611, 757, 610, 609, 608, 607, 606, 605, 604]
	 A0A009IRJ6	[611, 757, 610, 609, 608, 607, 606, 605, 604]
	 A0A009H7U0	[611, 757, 610, 609, 608, 607, 606, 605, 604]
	 A0A009ZM43	[-1, 757, 610, 609, 608, 607, 606, 605, 604]

 ### Operon type: 8

	 A0A013RMD0	[-1, 501, 500, 499, 498, 506, 497, 496, 495]
	 A0A009ZIC0	[411, 501, 500, 499, 498, 506, 497, 496, 495]
	 A0A009QDV7	[-1, 501, 500, 499, 498, 506, 497, 496, 495]
	 A0A009N9Z1	[-1, 501, 500, 499, 498, 506, 497, 496, 495]
	 A0A010JDA6	[-1, 501, 500, 499, 498, 506, 497, 496, 495]
	 A0A009RG92	[-1, 501, 500, 499, 498, 506, 497, 496, 495]
	 A0A009S854	[-1, 501, 500, 499, 498, 506, 497, 496, 495]
	 A0A009IHQ3	[-1, 501, 500, 499, 498, 506, 497, 496, 495]
	 A0A009H6M2	[-1, 501, 500, 499, 498, 506, 497, 496, 495]

 ### Operon type: 9

	 A0A011V5V3	[0, 291, 290, 289, 288, 287, 286, 285, 284]
	 A0A011UIA1	[291, 290, 289, 288, 287, 286, 285, 284, 0]

 ### Operon type: 10

	 A0A011PTE7	[725, 724, 723, 722, 721, 0, 720, 719, 718]
	 A0A011NE72	[725, 724, 723, 722, 721, 720, 719, 718, 0]

 ### Operon type: 11

	 A0A010JWJ1	[100, 99, 687, 98, 97, 96, 95, 94, 93]
	 A0A009I4A1	[100, 99, 687, 98, 97, 96, 95, 94, 93]

 ### Operon type: 12

	 A0A009QF22	[31, 30, 100, 0, 97, 96, 95, 94, 93]
	 A0A009TBY8	[31, 30, 100, 98, 97, 96, 95, 94, 93]

 ### Operon type: 13

	 A0A011NEY3	[251, 835, 834, 833, 833, 832, 831, 830, 0]

 ### Operon type: 14

	 A0A011PAN4	[835, 834, 0, 833, 833, 832, 831, 830, 829]

 ### Operon type: 15

	 A0A011RCD5	[251, 835, 834, 833, 833, 832, 831, 830, 829]

 ### Operon type: 16

	 A0A011P4U7	[0, 737, 736, 735, 734, 733, 732, 731, 730]
	 A0A011NAY5	[737, 736, 735, 734, 733, 732, 731, 730, 0]

 ### Operon type: 17

	 A0A011PF67	[825, 824, 823, 822, 821, 0, 0, 0, 0]
	 A0A011NW66	[825, 824, 823, 822, 821, 342, 0, 0, 0]
	 A0A011NBX7	[825, 824, 823, 822, 821, 342, 0, 0, 0]

 ### Operon type: 18

	 A0A011NS68	[825, 824, 823, 822, 821, 316, 315, 373, 743]
	 A0A011RHX4	[825, 824, 823, 822, 821, 316, 315, 373, 0]

 ### Operon type: 19

	 A0A010YT39	[0, 372, 333, 332, 331, 330, 329, 328, 518]

 ### Operon type: 20

	 A0A010Z7T4	[333, 332, 331, 330, 329, 328, 518, 327, 779]

 ### Operon type: 21

	 A0A013SP43	[560, 559, 558, 557, 556, 555, 554, 553, 552]
	 A0A010K6G6	[560, 559, 558, 557, 556, 555, 554, 0, 552]
	 A0A009RUN3	[560, 559, 558, 557, 556, 555, 554, 553, 552]

 ### Operon type: 22

	 A0A011VWR4	[0, 0, 0, 0, 371, 370, 369, 368, 367]

 ### Operon type: 23

	 A0A011VYP6	[371, 370, 369, 368, 367, 0, 366, 693, 0]

 ### Operon type: 24

	 A0A011QAS2	[0, 675, 674, 673, 672, 671, 670, 669, 668]
	 A0A011NEQ1	[0, 675, 674, 673, 672, 671, 670, 669, 668]

 ### Operon type: 25

	 A0A010JSI3	[514, 513, 512, 511, 510, 509, 508, 507, 0]
	 A0A013T0M4	[514, 513, 512, 511, 510, 509, 508, 507, 0]
	 A0A009HDS5	[514, 513, 512, 511, 510, 509, 508, 507, 121]
	 A0A009RGL2	[514, 513, 512, 511, 510, 509, 508, 507, 121]

 ### Operon type: 26

	 A0A009SNL0	[217, 216, 520, 215, 214, 213, 212, 211, 210]

 ### Operon type: 27

	 A0A009T1I8	[520, 215, 214, 213, 212, 211, 210, 0, 0]

 ### Operon type: 28

	 A0A011VUV0	[473, 472, 471, 470, 469, 468, 467, 466, 0]
	 A0A011VW71	[0, 473, 472, 471, 470, 469, 468, 467, 466]

 ### Operon type: 29

	 A0A011UG71	[277, 276, 275, 283, 282, 281, 280, 279, 278]

 ### Operon type: 30

	 A0A011V8Z7	[0, 0, 277, 276, 275, 283, 282, 281, 280]

 ### Operon type: 31

	 A0A011V8Y9	[283, 282, 281, 280, 279, 278, 0, 0, 0]

 ### Operon type: 32

	 A0A011U8C0	[0, 281, 276, 0, 258, 279, 0, 0, 0]

 ### Operon type: 33

	 A0A011QSF0	[0, 816, 815, 814, 813, 812, 811, 810, 0]
	 A0A011Q0X6	[804, 816, 815, 814, 813, 812, 811, 810, 803]
	 A0A011Q1X8	[816, 0, 815, 814, 813, 812, 811, 810, 803]
	 A0A011QBB5	[804, 816, 815, 814, 813, 812, 811, 810, 803]

 ### Operon type: 34

	 A0A011PG87	[804, 816, 815, 814, 813, 812, 811, 0, 0]

 ### Operon type: 35

	 A0A011PCT1	[872, 871, 870, 0, 0, 0, 0, 828, 0]

 ### Operon type: 36

	 A0A011QU35	[0, 0, 0, 0, 873, 0, 872, 871, 870]

 ### Operon type: 37

	 A0A011Q2B1	[807, 796, 873, 795, 870, 794, 793, 792, 828]

 ### Operon type: 38

	 A0A011RLN8	[806, 805, 873, 795, 870, 794, 793, 792, 828]

 ### Operon type: 39

	 A0A011P700	[0, 0, 809, 808, 807, 796, 873, 795, 870]

 ### Operon type: 40

	 A0A011QSI4	[0, 0, 809, 808, 807, 0, 806, 805, 873]

 ### Operon type: 41

	 A0A013TH30	[649, 648, 647, 646, 645, 852, 644, 855, 643]
	 A0A013T337	[649, 648, 647, 646, 645, 852, 644, 855, 643]
	 A0A013S981	[593, 649, 648, 647, 646, 645, 852, 644, 855]

 ### Operon type: 42

	 A0A010JY00	[593, 649, 648, 647, 415, 852, 644, 855, 643]

 ### Operon type: 43

	 A0A013TPV4	[568, 567, 566, 565, 564, 563, 562, 687, 561]
	 A0A009MGJ1	[568, 567, 566, 565, 564, 563, 562, 687, 561]
	 A0A010IZE4	[568, 567, 566, 565, 564, 563, 562, 687, 561]
	 A0A009QQ47	[568, 567, 566, 565, 564, 563, 562, 687, 561]
	 A0A009HR98	[568, 567, 566, 565, 564, 563, 562, 687, 561]
	 A0A009SZB5	[568, 567, 566, 565, 564, 563, 562, 687, 561]
	 A0A009HL81	[568, 567, 566, 565, 564, 563, 562, 687, 561]

 ### Operon type: 44

	 A0A009Z8F7	[567, 566, 563, 0, 564, 269, 269, 0, 268]

 ### Operon type: 45

	 A0A009HFU9	[68, 67, 66, 65, 411, 633, 64, 63, 0]
	 A0A009R016	[68, 67, 66, 65, 411, -1, 633, 64, 63]

 ### Operon type: 46

	 A0A011UJN3	[0, 198, 0, 0, 408, 407, 406, 405, 404]

 ### Operon type: 47

	 A0A011W213	[408, 407, 406, 405, 404, 403, 0, 0, 0]

 ### Operon type: 48

	 A0A011QUG8	[869, 868, 867, 866, 865, 864, 0, 863, 862]
	 A0A011QIT1	[869, 868, 867, 866, 865, 864, 863, 862, 851]

 ### Operon type: 49

	 A0A011PP01	[783, 782, 781, 780, 785, 786, 787, 788, 789]
	 A0A011NVE7	[783, 782, 781, 780, 785, 786, 787, 788, 789]

 ### Operon type: 50

	 A0A011P2I4	[748, 747, 790, 789, 788, 787, 786, 785, 780]
	 A0A011N9N8	[748, 747, 790, 789, 788, 787, 786, 785, 780]

 ### Operon type: 51

	 A0A011PIY7	[791, 0, 790, 789, 788, 787, 786, 0, 780]

 ### Operon type: 52

	 A0A011Q3J4	[0, 791, 790, 789, 788, 787, 786, 785, 0]

 ### Operon type: 53

	 A0A011MH88	[375, 791, 790, 789, 788, 787, 786, 785, 780]

 ### Operon type: 54

	 A0A013SPM5	[620, 619, 618, 617, 616, 615, 614, 613, 612]
	 A0A010IX62	[620, 619, 618, 617, 616, 615, 614, 613, 612]
	 A0A009HSL1	[620, 619, 618, 617, 616, 615, 614, 613, 612]
	 A0A009QFZ7	[620, 619, 618, 617, 616, 615, 614, 613, 612]
	 A0A009I6Z0	[620, 619, 618, 617, 616, 615, 614, 613, 612]
	 A0A009MH71	[620, 619, 618, 617, 616, 615, 614, 613, 612]
	 A0A009TK03	[620, 619, 618, 617, 616, 615, 614, 613, 612]

 ### Operon type: 55

	 A0A009ZIX8	[0, 410, 618, 617, 616, 439, 0, 612, 0]

 ### Operon type: 56

	 A0A013TPR7	[576, 575, 574, 573, 572, 571, 570, 726, 569]
	 A0A010JJN4	[576, 575, 574, 573, 572, 571, 570, 726, 569]
	 A0A009SEP4	[576, 575, 574, 573, 572, 0, 571, 570, 0]
	 A0A009RMI1	[576, 575, 574, 573, 572, 571, 570, 726, 0]
	 A0A009PMT3	[576, 575, 574, 573, 572, 571, 570, 726, 569]
	 A0A009NI48	[576, 575, 574, 573, 572, 571, 570, 726, -1]
	 A0A009HJJ5	[576, 575, 574, 573, 572, 571, 570, 726, 38]
	 A0A009I8I7	[576, 575, 574, 573, 572, 571, 570, 726, 38]
	 A0A009YG45	[0, 576, 575, 574, 572, 0, 571, 570, 726]

 ### Operon type: 57

	 A0A013S8F0	[603, 602, 601, 600, 599, 687, 713, 598, 597]
	 A0A013TPQ9	[603, 602, 601, 600, 599, 687, 713, 598, 597]
	 A0A009SZ84	[603, 602, 601, 600, 599, 687, 713, 598, 597]
	 A0A010IZH1	[-1, 602, 601, 600, 599, 687, 713, 598, 597]
	 A0A009PMU2	[603, 602, 601, -1, 599, 687, 713, 598, 597]
	 A0A009HJM0	[603, 602, 601, 600, 599, 687, 713, 598, 597]

 ### Operon type: 58

	 A0A009HUS9	[602, 601, 0, 600, 599, 82, -1, 81, 80]

 ### Operon type: 59

	 A0A009ISE1	[571, 570, 726, 80, 81, -1, 82, 599, 600]

 ### Operon type: 60

	 A0A009NPS1	[603, 602, 601, 600, 599, -1, 726, 570, 571]

 ### Operon type: 61

	 A0A013SB36	[592, 591, 590, 589, 588, 587, 586, 585, 584]
	 A0A009QSI3	[592, 591, 590, 589, 588, 587, 586, 585, -1]

 ### Operon type: 62

	 A0A010ITP2	[592, 591, 590, 589, 588, 587, 586, 0, 0]

 ### Operon type: 63

	 A0A009SII9	[-1, 591, 590, 589, 588, 587, 586, 231, 230]

 ### Operon type: 64

	 A0A009T0Q9	[588, 587, 586, 231, 230, 584, 375, 687, 74]

 ### Operon type: 65

	 A0A009YJF4	[0, 587, 586, 41, 40, 375, 687, 0, 74]

 ### Operon type: 66

	 A0A009GP96	[0, 72, 687, 327, 313, 62, 633, 71, 70]

 ### Operon type: 67

	 A0A009GSR4	[327, 313, 62, 633, 71, 70, 70, 69, 0]

 ### Operon type: 68

	 A0A009IIT6	[72, 687, 327, 313, 71, 70, 70, 69, 0]

 ### Operon type: 69

	 A0A011SQL0	[742, 260, -1, 259, 258, 257, 380, 256, 255]
	 A0A011UZ49	[260, -1, 259, 258, 257, 380, 256, 255, 0]

 ### Operon type: 70

	 A0A009SIF9	[747, 710, 237, 236, 235, 234, 233, 232, 266]
	 A0A009PT82	[747, 710, 237, 236, 235, 234, 233, 232, 266]

 ### Operon type: 71

	 A0A009IS10	[87, 0, 0, 0, 235, 234, 233, 0, 0]

 ### Operon type: 72

	 A0A009QHW5	[0, 0, 0, 352, 235, 234, 233, 0, 267]

 ### Operon type: 73

	 A0A011UVB4	[0, 0, 0, 165, 0, 0, 87, 0, 466]

 ### Operon type: 74

	 A0A011V107	[248, -1, 247, 246, 245, 244, 243, 242, 0]
	 A0A011U7M7	[0, 248, -1, 247, 246, 245, 244, 243, 242]

 ### Operon type: 75

	 A0A011TLH0	[226, 245, 247, 225, 246, 244, 0, 0, 0]

 ### Operon type: 76

	 A0A011UG87	[310, 311, 312, 226, 245, 247, 225, 246, 244]

 ### Operon type: 77

	 A0A011TLH7	[312, 311, 310, 0, 0, 0, 0, 0, 0]

 ### Operon type: 78

	 A0A011TAF9	[0, 0, 465, 464, 463, 462, 461, 460, 459]
	 A0A011TWN2	[465, 464, 463, 462, 461, 460, 459, 0, 0]

 ### Operon type: 79

	 A0A011Q5V7	[846, 0, 0, 0, 845, 844, 843, 842, 841]

 ### Operon type: 80

	 A0A011RM25	[845, 844, 843, 842, 841, 860, 0, 640, 0]

 ### Operon type: 81

	 A0A011QDV3	[716, 715, 714, 713, 712, 711, 710, 0, 709]
	 A0A011QIE8	[716, 715, 714, 713, 712, 711, 709, 0, 0]

 ### Operon type: 82

	 A0A011QAB0	[681, 680, 679, 0, 678, 748, 677, 676, 0]
	 A0A011PL71	[449, 681, 680, 679, 678, 748, 677, 676, 0]

 ### Operon type: 83

	 A0A011Q6N5	[840, 839, 838, 0, 0, 0, 837, 836, 837]

 ### Operon type: 84

	 A0A011SGD5	[0, 0, 0, 0, 0, 0, 840, 839, 838]

 ### Operon type: 85

	 A0A011NYU6	[705, 704, 0, 703, 778, 443, 442, 0, 702]

 ### Operon type: 86

	 A0A011PYI6	[705, 704, 0, 703, 778, 702, 701, 740, 0]

 ### Operon type: 87

	 A0A011P1C0	[0, 0, 443, 442, 702, 0, 0, 0, 0]

 ### Operon type: 88

	 A0A011PKU5	[455, 454, 453, 452, 453, 451, 450, 0, 0]
	 A0A011N4G4	[0, 0, 455, 454, 453, 452, 453, 451, 450]

 ### Operon type: 89

	 A0A010ZWJ8	[14, 13, 12, 779, 11, 700, 304, 700, 10]

 ### Operon type: 90

	 A0A011AHW1	[11, 779, 12, 13, 14, 0, 0, 15, 0]

 ### Operon type: 91

	 A0A011AHU9	[304, 700, 10, 0, 0, 0, 0, 32, 375]

 ### Operon type: 92

	 A0A010ZX98	[9, 8, 7, 6, 5, 35, 713, 713, 0]

 ### Operon type: 93

	 A0A011AIL7	[5, 6, 7, 8, 9, 0, 0, 0, 0]

 ### Operon type: 94

	 A0A010YF95	[847, 339, 863, 338, 337, 337, 336, 335, 334]

 ### Operon type: 95

	 A0A010ZJQ6	[339, 863, 338, 337, 337, 336, 335, 334, 0]

 ### Operon type: 96

	 A0A009GXL8	[44, 43, 42, 41, 40, 98, 120, 111, 110]

 ### Operon type: 97

	 A0A010JIW7	[44, 43, 42, 41, 40, 0, 0, 120, 111]

 ### Operon type: 98

	 A0A011QNA5	[0, 770, 769, 768, 0, 767, 766, 765, 764]
	 A0A009ZLJ7	[764, 765, 766, 767, 0, 0, 770, 769, 768]

 ### Operon type: 99

	 A0A013T0T6	[767, 766, 765, 764, 626, 625, 624, 623, 622]
	 A0A009RMD0	[767, 766, 765, 764, 626, 174, 624, 623, 622]
	 A0A009QMH5	[767, 766, 765, 764, 626, 625, 624, 623, 622]
	 A0A009HAX1	[767, 766, 765, 764, 626, 625, 624, 623, 622]
	 A0A009PE10	[767, 766, 765, 764, 626, 174, 624, 623, -1]
	 A0A009ISY0	[767, 766, 765, 764, 626, 174, 624, 623, 622]

 ### Operon type: 100

	 A0A010ILW6	[767, 766, 765, 764, 626, 625, 0, 0, 623]

 ### Operon type: 101

	 A0A009Z9X7	[766, 765, 764, 0, 626, 0, 859, 0, 623]

 ### Operon type: 102

	 A0A013S8V2	[596, 595, 0, 0, 0, 594, 0, 0, 0]
	 A0A009R8E1	[0, 441, 0, 596, 595, 0, 0, 594, 0]

 ### Operon type: 103

	 A0A009ZFR5	[551, 418, 417, 416, 415, 414, 413, 412, 855]
	 A0A009ICH6	[551, 418, 417, 416, 415, 414, 413, 412, 855]

 ### Operon type: 104

	 A0A009RR21	[551, 418, 417, 416, 133, 132, 647, 855, 852]
	 A0A009NQA1	[551, 418, 417, 416, 133, 132, 647, 855, 852]

 ### Operon type: 105

	 A0A009HTN9	[551, 418, 417, 416, 133, 132, 84, 657, 83]
	 A0A009T3J5	[551, 418, 417, 416, 133, 132, 84, 657, 83]

 ### Operon type: 106

	 A0A009Q0U9	[551, 418, 417, 416, 133, 132, -1, -1, 0]

 ### Operon type: 107

	 A0A009QEG7	[220, 221, 146, 145, 144, 143, 142, 222, 223]
	 A0A009IPC3	[220, 221, 146, 145, 144, 143, 142, 222, 223]

 ### Operon type: 108

	 A0A009I573	[206, 0, 46, 224, 0, 47, 144, 145, 146]

 ### Operon type: 109

	 A0A009ILP9	[222, 0, 146, 145, 144, 47, 223, 224, 46]

 ### Operon type: 110

	 A0A009I953	[222, 0, 146, 145, 144, 47, 223, 0, -1]

 ### Operon type: 111

	 A0A009SX74	[753, 743, 0, 224, 223, 222, 221, 220, 219]

 ### Operon type: 112

	 A0A010IPH1	[152, 578, 383, 188, 169, 168, 167, 166, 200]
	 A0A009MMG9	[152, 578, 383, 188, 169, 168, 167, 166, 200]
	 A0A009QVK8	[152, 578, 383, 188, 169, 168, 167, 166, 200]
	 A0A009ICP5	[152, 578, 383, 188, 169, 168, 167, 166, 200]

 ### Operon type: 113

	 A0A009SIV4	[173, 172, 171, 170, 169, 168, 167, 166, 200]
	 A0A009QLL2	[173, 172, 171, 170, 169, 168, 167, 166, 200]
	 A0A009HTW0	[173, 172, 171, 170, 169, 168, 167, 166, 200]
	 A0A013TSJ4	[172, 171, 0, 170, 169, 168, 167, 166, 200]

 ### Operon type: 114

	 A0A013TCN9	[656, 655, 654, 653, 652, 651, 650, 687, 713]
	 A0A010ITG1	[656, 655, 654, 653, 652, 651, 650, 687, 713]
	 A0A009QNC9	[656, 655, 654, 653, 652, 651, 650, 687, 713]
	 A0A009NIJ3	[656, 655, 654, 653, 652, 651, 650, 687, 713]
	 A0A013TRC1	[656, 655, 654, 653, 652, 651, 650, 687, 713]

 ### Operon type: 115

	 A0A009H935	[0, 0, 654, 653, 652, 651, 650, 687, 713]

 ### Operon type: 116

	 A0A009SF48	[535, 534, 533, 532, 531, -1, 240, 740, 239]
	 A0A009IMX3	[535, 534, 533, 532, 531, 240, 240, 740, 239]
	 A0A009QEX0	[535, 534, 533, 532, 531, 240, 240, 740, 239]

 ### Operon type: 117

	 A0A013S7V1	[535, 534, 533, 532, 531, 530, 551, 529, 528]
	 A0A010ISX2	[535, 534, 533, 532, 531, 530, 551, 529, 528]
	 A0A009MR00	[535, 534, 533, 532, 531, 530, 551, 529, 528]
	 A0A009RES7	[535, 534, 533, 532, 531, 530, 551, 529, 528]

 ### Operon type: 118

	 A0A009YTT3	[3, 411, 533, 532, 531, 530, 551, 529, 528]

 ### Operon type: 119

	 A0A009GYP9	[0, 0, 0, 532, 531, 530, 551, 529, 528]

 ### Operon type: 120

	 A0A009ZZC8	[-1, 216, 217, 3, 411, 533, 532, 531, 530]

 ### Operon type: 121

	 A0A011WSE5	[434, 433, 432, 431, 430, 429, 387, 386, 515]
	 A0A011UGX8	[435, 434, 433, 432, 431, 430, 429, 387, 386]

 ### Operon type: 122

	 A0A011VZG0	[436, 0, 435, 434, 433, 432, 431, 430, 429]

 ### Operon type: 123

	 A0A009SJZ7	[165, 164, 163, 162, 161, 478, 160, 159, 158]
	 A0A009PJF7	[164, 163, 163, 162, 161, 478, 160, 159, 158]

 ### Operon type: 124

	 A0A009Z5G0	[478, 162, 163, 0, 388, 164, 165, 503]

 ### Operon type: 125

	 A0A010JJC1	[482, 359, 358, 357, 356, 355, 354, 360, 353]
	 A0A010IZ41	[359, 358, 357, 356, 355, 354, 360, 353, 558]

 ### Operon type: 126

	 A0A009QJL6	[482, 359, 358, 357, 0, 353, 558, 28, 0]

 ### Operon type: 127

	 A0A013SGL3	[583, 582, 581, 580, 579, 747, 578, 739, 577]
	 A0A013TB41	[583, -1, 581, 580, 579, 747, 578, 739, 577]
	 A0A010KAV2	[583, 582, 581, 580, 579, 747, 578, 739, 577]
	 A0A009SHB3	[583, 582, 581, 580, 579, 747, 578, 739, 577]
	 A0A009RQH3	[583, 582, 581, 580, 579, 747, 578, 739, 577]
	 A0A009PG53	[583, 582, 581, 580, 579, 747, 578, 739, 577]
	 A0A009NE81	[583, 582, 581, 580, 579, 747, 578, 739, 577]
	 A0A009I5Z6	[583, 582, 581, 580, 579, 747, 578, 739, 577]

 ### Operon type: 128

	 A0A009H3X4	[583, 582, 581, 580, 579, 747, -1, 627, -1]

 ### Operon type: 129

	 A0A009SLR5	[0, 0, 0, 157, 156, 155, 633, 687, 748]
	 A0A009PIB4	[0, 0, 0, 157, 156, 155, 633, 687, 748]

 ### Operon type: 130

	 A0A009HSU4	[0, 0, 447, 687, 0, 747, 739, 748, 633]

 ### Operon type: 131

	 A0A009I463	[519, 52, 51, 546, 546, 518, 517, 516, 90]
	 A0A009PAG1	[519, 52, 51, 546, 546, 518, 517, 516, 90]

 ### Operon type: 132

	 A0A013SKX6	[0, 0, 519, 0, 546, 546, 518, 517, 516]

 ### Operon type: 133

	 A0A011Q5S3	[851, 850, 0, 0, 0, 0, 849, 848, 847]

 ### Operon type: 134

	 A0A011UZZ4	[0, 849, 848, 0, 0, 0, 250, 250, 847]

 ### Operon type: 135

	 A0A011UTJ0	[0, 0, 0, 300, 299, 298, 732, 297, 296]

 ### Operon type: 136

	 A0A011VMV7	[300, 299, 298, 732, 297, 296, 295, 294, 293]

 ### Operon type: 137

	 A0A011NYT4	[729, 728, 727, 726, 0, 323, 323, 587, 586]

 ### Operon type: 138

	 A0A011P8E9	[0, 0, 729, 728, 0, 727, 726, 0, 0]

 ### Operon type: 139

	 A0A010TF34	[0, -1, 0, 0, 25, 24, 23, 22, 21]
	 A0A010SYH9	[25, 24, 23, 22, 21, 0, 0, 0, 0]

 ### Operon type: 140

	 A0A010S7A1	[56, 55, 54, 228, 0, 53, 0, 0, 0]
	 A0A010TFJ4	[0, -1, 0, 56, 55, 54, 228, -1, 53]

 ### Operon type: 141

	 A0A009PAV9	[109, -1, 383, 108, 546, 633, 207, 208, 209]
	 A0A009HJC2	[109, 713, 383, 108, 546, 633, 207, 208, 209]

 ### Operon type: 142

	 A0A009SE02	[0, 209, 0, 0, 0, 208, 207, 633, 546]

 ### Operon type: 143

	 A0A009SYU8	[739, 551, 696, 526, 218, 687, 687, 524, 523]
	 A0A009RSB7	[739, 551, 696, 526, 218, 687, 687, 524, 523]
	 A0A009HS41	[739, 551, 696, 526, 218, 687, 687, 524, 523]

 ### Operon type: 144

	 A0A013SHA9	[739, 551, 696, 526, 525, 687, 687, 524, 523]
	 A0A010IT25	[739, 551, 696, 526, 525, 687, 687, 524, 523]
	 A0A009I466	[739, 551, 696, 526, 525, 687, 687, 524, 523]

 ### Operon type: 145

	 A0A009NMQ9	[739, 551, 696, 526, 525, 0, 687, 687, 524]

 ### Operon type: 146

	 A0A009P8A9	[0, 0, 696, 526, 218, 687, 687, 524, 523]

 ### Operon type: 147

	 A0A009NJ90	[60, 59, 58, 177, 196, 176, 78, 194, 193]
	 A0A009ITT8	[60, 59, 58, 177, 196, 78, 194, 193, 192]

 ### Operon type: 148

	 A0A009NCH6	[195, 194, 193, 192, 191, 190, 189, 134, 61]
	 A0A009IJ01	[194, 193, 192, 119, 191, 190, 189, 134, 61]

 ### Operon type: 149

	 A0A009RQL5	[194, 193, 192, 135, 191, 190, 189, 134, 0]

 ### Operon type: 150

	 A0A009MGQ8	[196, 0, 195, 194, 193, 192, 191, 190, 189]

 ### Operon type: 151

	 A0A009RHH7	[180, 179, 178, 177, 196, 176, 194, 193, 192]
	 A0A009IJ07	[180, 179, 178, 177, 196, 194, 193, 192, 119]
	 A0A009S6G1	[180, 179, 178, 177, 196, 194, 193, 192, 191]

 ### Operon type: 152

	 A0A009HZK2	[178, 177, 196, 194, 193, 192, 119, 191, 190]

 ### Operon type: 153

	 A0A009R4N4	[177, 196, 176, 194, 193, 192, 135, 191, 190]

 ### Operon type: 154

	 A0A009S5A5	[196, 176, 78, 194, 193, 192, 119, 77, 191]

 ### Operon type: 155

	 A0A009RHH9	[0, 0, 0, 0, 175, 180, 179, 178, 177]

 ### Operon type: 156

	 A0A011PGU1	[0, 0, 752, 760, 759, 758, 751, 750, 749]
	 A0A011MDH1	[797, 0, 752, 760, 759, 758, 751, 750, 749]

 ### Operon type: 157

	 A0A011V0P4	[397, 249, 0, 0, 392, 0, 0, 399, 398]

 ### Operon type: 158

	 A0A011WPV7	[399, 398, 0, 0, 0, 0, 0, 0, 0]

 ### Operon type: 159

	 A0A011UDF3	[760, 474, 0, 0, 0, 309, 481, 480, 820]

 ### Operon type: 160

	 A0A011VSC9	[481, 480, 820, 0, 0, 0, 0, 0, 0]

 ### Operon type: 161

	 A0A011SF89	[489, 488, 487, 0, 0, 0, 0, 0, 0]

 ### Operon type: 162

	 A0A011UCX7	[0, 681, 489, 488, 0, 487, 86, 0, 0]

 ### Operon type: 163

	 A0A011RNP9	[0, 0, 0, 0, 0, 467, 677, 0, 0]

 ### Operon type: 164

	 A0A011V0B5	[519, 0, 0, 0, 0, 0, 467, 0, 0]

 ### Operon type: 165

	 A0A011RQC9	[0, 519, 562, 0, 0, 0, 0, 490, 0]

 ### Operon type: 166

	 A0A011QG28	[762, 761, 760, 0, 759, 758, 757, 756, 755]
	 A0A011RIM8	[762, 761, 0, 0, 759, 758, 757, 756, 755]

 ### Operon type: 167

	 A0A011PHI6	[746, 0, 745, 0, 0, 744, 866, 801, 0]

 ### Operon type: 168

	 A0A011QI68	[0, 0, 745, 744, 0, 0, 0, 0, 0]

 ### Operon type: 169

	 A0A011NVJ6	[343, 661, 660, 659, 658, 657, 0, 0, 457]

 ### Operon type: 170

	 A0A011PVP2	[0, 661, 660, 659, 658, 657, 0, 0, 798]

 ### Operon type: 171

	 A0A011NXY7	[0, 0, 660, 0, 658, 0, 0, 0, 0]

 ### Operon type: 172

	 A0A011QR69	[857, 856, 855, 854, 853, 852, 0, 0, 0]
	 A0A011NUB4	[857, 856, 855, 854, 853, 852, 0, 403, 0]

 ### Operon type: 173

	 A0A011NN36	[856, 855, 0, 0, 853, 852, 0, 0, 0]

 ### Operon type: 174

	 A0A011PK69	[855, 684, 0, 0, 853, 852, 0, 0, 0]

 ### Operon type: 175

	 A0A011RMI6	[666, 772, 771, 364, 363, 665, 664, 663, 662]
	 A0A011NYD6	[666, 772, 771, 364, 363, 665, 664, 663, 662]

 ### Operon type: 176

	 A0A011QB28	[667, 666, 772, 0, 0, 665, 664, 663, 662]

 ### Operon type: 177

	 A0A011NF33	[0, 665, 664, 0, 0, 0, 0, 0, 0]

 ### Operon type: 178

	 A0A011NBY4	[437, 0, 0, 319, 0, 0, 318, 0, 0]

 ### Operon type: 179

	 A0A011WRT0	[437, 0, 0, 0, 0, 0, 0, 740, 0]

 ### Operon type: 180

	 A0A011SHV5	[0, 0, 0, 0, 0, 483, 740, 482, 0]

 ### Operon type: 181

	 A0A011NB95	[0, 861, 0, 0, 0, 0, 383, 321, 320]

 ### Operon type: 182

	 A0A011UHT4	[28, 428, 321, 0, 0, 27, 27, 320, 0]

 ### Operon type: 183

	 A0A010Z1W7	[0, 0, 0, 0, 0, 187, 0, 395, 396]

 ### Operon type: 184

	 A0A011VY84	[0, 0, 396, 395, 0, 0, 0, 0, 0]

 ### Operon type: 185

	 A0A010YW85	[0, 0, 0, 0, 0, 419, 0, 395, 396]

 ### Operon type: 186

	 A0A010ZMA0	[395, 340, 0, 0, 0, 0, 0, 0, 0]

 ### Operon type: 187

	 A0A011N5L2	[0, 0, 0, 340, 0, 597, 569, 0, 0]

 ### Operon type: 188

	 A0A009MJ75	[0, 0, 90, 89, 88, 0, 0, 0, 327]

 ### Operon type: 189

	 A0A010IH51	[0, 200, 0, 0, 88, 0, 327, 0, 0]

 ### Operon type: 190

	 A0A011TYT7	[0, 0, 0, 0, 0, 0, 200, 199, 199]

 ### Operon type: 191

	 A0A010RRR9	[0, 0, 0, 0, 692, 0, 0, 229, 327]

 ### Operon type: 192

	 A0A010SIA7	[0, 0, 229, 228, 0, 0, 0, 0, 0]

 ### Operon type: 193

	 A0A010RFQ9	[0, 0, 506, 0, 505, 0, 0, 0, 0]

 ### Operon type: 194

	 A0A010SPR9	[19, 19, 0, 0, 0, 505, 0, 0, 0]

 ### Operon type: 195

	 A0A009LNU8	[377, 379, 380, 381, 0, 36, 0, 633, 0]

 ### Operon type: 196

	 A0A013SRG6	[382, 381, 380, 379, 0, 378, 0, 377, 376]

 ### Operon type: 197

	 A0A009IQU8	[0, 379, 0, 0, 0, 378, 376, 0, 0]

 ### Operon type: 198

	 A0A010K2K8	[380, 381, 382, 0, 0, 0, 0, -1, 633]

 ### Operon type: 199

	 A0A011NPR8	[0, 376, 0, 0, 0, 0, 317, 0, 0]

 ### Operon type: 200

	 A0A010SEA2	[850, 317, 326, 0, 0, 0, 0, 0, 0]

 ### Operon type: 201

	 A0A010IGH8	[0, 0, 0, 0, 0, 0, 0, 492, 524]

 ### Operon type: 202

	 A0A010STD3	[0, 0, 0, 308, 307, 306, 0, 524, 492]

 ### Operon type: 203

	 A0A010SQJ5	[527, 188, 0, 308, 307, 306, 0, 0, 0]

 ### Operon type: 204

	 A0A013RVV2	[656, 0, 494, 493, 0, 0, 524, 492, 0]

 ### Operon type: 205

	 A0A011TD67	[309, 0, 0, 308, 307, 306, 305, 0, 304]

 ### Operon type: 206

	 A0A009ZC12	[0, 0, 0, 308, 0, 306, 305, 265, 818]

 ### Operon type: 207

	 A0A009YSC7	[0, 0, 318, 1, 0, 1, 494, 493, 0]

 ### Operon type: 208

	 A0A009ZJK4	[0, 0, 0, 0, 0, 0, 551, 409, 0]

 ### Operon type: 209

	 A0A010SVN1	[-1, 409, 687, 185, 227, 0, 0, 551, 0]

 ### Operon type: 210

	 A0A009PFK7	[116, 105, 104, 103, 102, 0, 0, 101, 0]
	 A0A009QGN4	[116, 105, 104, 103, 102, 101, 0, 0, 0]

 ### Operon type: 211

	 A0A009YR20	[0, 101, 0, 0, 0, 0, 105, 0, 0]

 ### Operon type: 212

	 A0A009SCM5	[183, 182, 181, 0, 0, 0, 0, 0, 0]

 ### Operon type: 213

	 A0A009TJ77	[219, 115, 0, 0, 0, 0, 183, 182, 181]

 ### Operon type: 214

	 A0A009HZV2	[0, 0, 0, 0, 127, 126, 176, 0, 0]

 ### Operon type: 215

	 A0A009QPE7	[0, 0, 0, 0, 127, 126, 0, 0, 0]

 ### Operon type: 216

	 A0A009MGR3	[0, 0, 39, 0, 621, 77, 65, 107, 106]

 ### Operon type: 217

	 A0A009Q4G0	[0, 76, 39, 0, 621, 0, 107, 106, 107]

 ### Operon type: 218

	 A0A009PB53	[0, 0, 114, 113, 621, 107, 106, 107, 112]

 ### Operon type: 219

	 A0A009PUJ8	[0, 114, 113, 621, 0, 112, 120, 111, 110]

 ### Operon type: 220

	 A0A009QQC0	[125, 0, 124, 687, 521, 521, 148, 598, 185]
	 A0A009H7I0	[125, 0, 0, 687, 521, 521, 148, 598, 185]

 ### Operon type: 221

	 A0A009MVG4	[124, 0, 522, 687, 521, 521, 148, 598, 185]

 ### Operon type: 222

	 A0A009QA91	[150, 149, 739, 687, 521, 521, 148, 598, 185]
	 A0A010J377	[150, 149, 739, 687, 521, 521, 148, 598, 185]

 ### Operon type: 223

	 A0A009S1X4	[150, 149, 739, 687, 521, 521, 687, 0, 137]

 ### Operon type: 224

	 A0A013SHF4	[0, 0, 522, 687, 521, 521, 0, 520, 0]

 ### Operon type: 225

	 A0A011PJK8	[447, 446, 445, 686, 685, 444, 0, 0, 0]
	 A0A011N3C3	[0, 0, 0, 447, 446, 445, 686, 685, 444]

 ### Operon type: 226

	 A0A011WKI4	[0, 0, 0, 0, 0, 448, 402, 401, 400]
	 A0A011UWH1	[448, 402, 401, 400, 0, 0, 0, 0, 0]

 ### Operon type: 227

	 A0A010YKP2	[0, 0, 0, 0, 0, 0, 457, 272, 0]

 ### Operon type: 228

	 A0A011V1A2	[249, 0, 0, 272, 0, 0, 0, 0, 0]

 ### Operon type: 229

	 A0A011NGS0	[0, 0, 0, 0, 708, 707, 0, 0, 0]

 ### Operon type: 230

	 A0A011PW61	[0, 0, 0, 0, 708, 707, 0, 0, 706]

 ### Operon type: 231

	 A0A011UXI1	[0, 682, 0, 0, 708, 707, 253, 0, 0]

 ### Operon type: 232

	 A0A011SWI9	[-1, -1, 0, 746, 708, 707, 253, -1, -1]

 ### Operon type: 233

	 A0A011P952	[707, 0, 697, 0, 0, 697, 0, 0, 0]

 ### Operon type: 234

	 A0A011Q1B3	[802, 801, 800, 799, 800, 798, 797, 0, 0]
	 A0A011QVV5	[0, 0, 802, 801, 800, 799, 800, 798, 797]

 ### Operon type: 235

	 A0A011NSG8	[0, 0, 0, 801, 800, 799, 0, 800, 0]

 ### Operon type: 236

	 A0A011P0X4	[0, 0, 797, 0, 800, 0, 0, 799, 441]

 ### Operon type: 237

	 A0A010YNY9	[0, 0, 271, 270, 0, 0, 0, 0, 324]

 ### Operon type: 238

	 A0A011AC71	[137, 0, 0, 458, 0, 271, 270, 0, 739]

 ### Operon type: 239

	 A0A011QLX0	[0, 774, 0, 0, 773, 0, 772, 771, 0]
	 A0A011PRW6	[774, 0, 0, 0, 773, 772, 771, 0, 0]

 ### Operon type: 240

	 A0A010SML6	[0, 772, 771, -1, 0, 743, 0, 0, 0]

 ### Operon type: 241

	 A0A010RS09	[0, 0, 0, 0, 22, 0, 627, 627, 0]

 ### Operon type: 242

	 A0A010RTE7	[0, 0, 0, 0, 0, 0, 22, 115, 0]

 ### Operon type: 243

	 A0A009P817	[92, 0, 0, 0, 91, 0, 421, 118, 117]

 ### Operon type: 244

	 A0A009TIY0	[0, 0, 0, 0, 91, 0, 421, 118, 0]

 ### Operon type: 245

	 A0A009QKA3	[421, 118, 0, 117, 0, 0, 0, 0, 116]

 ### Operon type: 246

	 A0A009HSR2	[0, 205, 204, 0, 203, 129, 202, 176, 130]

 ### Operon type: 247

	 A0A009SWM1	[0, 205, 204, 0, 203, 0, 0, 202, 0]

 ### Operon type: 248

	 A0A009MYX0	[131, 130, 0, 447, 0, 0, 202, 129, 128]

 ### Operon type: 249

	 A0A009QK79	[0, 0, 128, 129, 0, 202, 0, 0, 130]

 ### Operon type: 250

	 A0A009GXJ1	[123, 122, 129, 202, 45, 176, 130, 131, 0]

 ### Operon type: 251

	 A0A013TKW8	[0, 826, 0, 633, 632, 631, 630, 629, 628]
	 A0A010IT95	[0, 0, 0, 633, 632, 631, 630, 629, 628]
	 A0A009QT77	[0, 0, -1, 633, 632, 631, 630, 629, 628]
	 A0A009S0T6	[0, 0, 633, 79, 632, 631, 630, 629, 628]
	 A0A009PRQ9	[0, 633, 79, 0, 632, 631, 630, 629, 628]
	 A0A009GWD0	[176, 0, 0, 633, 632, 631, 630, 629, 628]
	 A0A009I5G9	[0, 0, 633, 79, 632, 631, 630, 629, 628]
	 A0A009MH36	[0, 0, 0, 633, 632, 631, 630, 629, 628]

 ### Operon type: 252

	 A0A013TMJ7	[713, -1, 0, 633, 632, 629, 628, 0, 0]

 ### Operon type: 253

	 A0A011V392	[422, 0, 776, 423, 424, 425, 0, 426, 427]
	 A0A011VXC2	[-1, 422, 0, 776, 423, 424, 425, 426, 427]

 ### Operon type: 254

	 A0A011V490	[436, 504, 0, 427, 426, 425, 424, 423, 776]

 ### Operon type: 255

	 A0A011VZF5	[0, 0, 423, 424, 425, 681, 504, 681, 0]

 ### Operon type: 256

	 A0A011VU44	[0, 0, 0, 0, 0, 477, 0, 0, 0]
	 A0A011WLE7	[0, 0, 0, 0, 0, 477, 0, 0, 0]

 ### Operon type: 257

	 A0A011VAP2	[0, 0, 292, 0, 0, 0, 0, 0, 391]

 ### Operon type: 258

	 A0A011VRJ8	[0, 0, 0, 0, 0, 0, 292, 0, 0]

 ### Operon type: 259

	 A0A011RNU1	[0, 0, 0, 0, 0, 0, 362, 362, 361]

 ### Operon type: 260

	 A0A011VKJ9	[0, 0, 0, 0, 0, 0, 361, 362, -1]

 ### Operon type: 261

	 A0A011PQZ7	[0, 0, 0, 779, 778, 0, 777, 0, 0]

 ### Operon type: 262

	 A0A011TUX4	[0, 0, 0, 0, 778, 0, 0, 777, 0]

 ### Operon type: 263

	 A0A011STZ9	[0, 0, 0, 777, 0, 0, 0, 0, 0]

 ### Operon type: 264

	 A0A011PRF5	[775, 0, 0, 0, 0, 0, 0, 0, 0]
	 A0A011PUJ9	[0, 0, 0, 0, 0, 0, 0, 0, 775]

 ### Operon type: 265

	 A0A011PFY8	[0, 0, 0, 0, 0, 0, 0, 0, 784]

 ### Operon type: 266

	 A0A011PNS3	[858, 784, 0, 0, 0, 0, 0, 0, 0]

 ### Operon type: 267

	 A0A011T648	[0, 784, 0, 0, 0, 0, 0, 855, 0]

 ### Operon type: 268

	 A0A010YYJ5	[0, 0, 0, 681, 0, 0, 0, 241, 241]

 ### Operon type: 269

	 A0A011NDM5	[681, 0, 0, 0, 0, 0, 0, 0, 0]

 ### Operon type: 270

	 A0A011MSR2	[0, 0, 0, 322, 0, 0, 0, 681, 681]

 ### Operon type: 271

	 A0A011WSU6	[0, 681, 0, 0, 426, 0, 0, 0, 0]

 ### Operon type: 272

	 A0A011AEN3	[0, 0, 0, 0, 0, 0, 757, 0, 0]
	 A0A011U3C2	[0, 0, 757, 0, 0, 0, 0, 0, 0]

 ### Operon type: 273

	 A0A011AAZ2	[0, 440, 0, 0, 0, 757, 757, 757, 0]

 ### Operon type: 274

	 A0A011T698	[0, 0, 0, 0, 0, 739, 757, 0, 0]

 ### Operon type: 275

	 A0A010YRE8	[0, 0, 0, 0, 0, 0, 0, 35, 0]

 ### Operon type: 276

	 A0A011AF05	[0, 0, 137, 35, 0, 0, 0, 0, 0]

 ### Operon type: 277

	 A0A009ZG48	[0, 0, 0, 826, 0, 0, 0, 0, 0]

 ### Operon type: 278

	 A0A011PEJ8	[0, 0, 827, 826, 0, 0, 0, 0, 0]

 ### Operon type: 279

	 A0A011QNJ7	[763, 0, 0, 826, 0, 0, 0, 763, 0]

 ### Operon type: 280

	 A0A011MMJ4	[0, 0, 0, 0, 0, 0, 0, 763, 0]

 ### Operon type: 281

	 A0A011R8M3	[0, 0, 827, 826, 0, 252, 0, 763, 0]

 ### Operon type: 282

	 A0A009ZC82	[0, 0, 742, 0, 0, 0, 0, 0, 0]

 ### Operon type: 283

	 A0A011P3F6	[743, 0, 0, 742, 0, 0, 0, 0, 0]

 ### Operon type: 284

	 A0A009IG48	[0, 0, 0, 201, 73, 0, 0, 0, 743]

 ### Operon type: 285

	 A0A009IMQ0	[0, 0, 0, 201, 73, 0, 0, 0, 0]

 ### Operon type: 286

	 A0A009SWV1	[0, 0, 0, 0, 0, 0, 0, 201, 0]

 ### Operon type: 287

	 A0A009PMZ9	[75, 0, 0, 0, 0, 0, 0, 0, 0]
	 A0A009Q512	[0, 0, 0, 0, 75, 0, 0, 0, 0]

 ### Operon type: 288

	 A0A009IFL2	[0, 325, 0, 37, -1, 0, 0, 0]

 ### Operon type: 289

	 A0A009ZDS1	[-1, -1, 0, 325, 0, 0, 359, 0, 0]

 ### Operon type: 290

	 A0A010SNM6	[49, 48, -1, 0, 0, 0, 713, 0, 0]

 ### Operon type: 291

	 A0A010T5D8	[48, 49, 0, -1, 0, -1, 558, 0, 0]

 ### Operon type: 292

	 A0A011UB51	[394, 0, 0, 0, 0, 0, 0, 0, 0]
	 A0A011UFH1	[0, 0, 0, 0, 0, 394, 0, 0, 0]

 ### Operon type: 293

	 A0A011VHP2	[0, -1, -1, -1, 303, 0, 0, 0, 0]
	 A0A011V965	[0, -1, -1, 0, 303, 0, -1, -1, 0]

 ### Operon type: 294

	 A0A010RVD0	[-1, 0, 0, -1, 0, 810, 810, 0, 20]

 ### Operon type: 295

	 A0A010T7Q5	[0, 20, 0, 0, 0, 0, -1, 0, 0]

 ### Operon type: 296

	 A0A010SJH7	[0, 0, 713, -1, 0, 0, 148, 0, 0]

 ### Operon type: 297

	 A0A010SRR2	[0, 0, -1, 0, 0, 0, 0, 0, 713]

 ### Operon type: 298

	 A0A010RY47	[-1, 0, -1, 0, 0, 0, 0, 0, 0]
	 A0A010RKP8	[0, 0, 0, 0, 0, 0, -1, 0, 0]
	 A0A010TF14	[-1, 0, 0, 0, 0, 0, 0, 0, 0]
	 A0A011UZ32	[0, 0, 0, 0, 0, -1, 0, 0, 0]
	 A0A009HJU6	[0, 0, 0, 0, 0, 0, 0, 0, -1]

 ### Operon type: 299

	 A0A010SJF9	[0, 0, 0, 0, 0, -1, 0, 50, -1]

 ### Operon type: 300

	 A0A011ML54	[0, 0, 0, 374, 0, 0, 0, 0, -1]

 ### Operon type: 301

	 A0A011NHY1	[0, 0, 0, 0, 0, 713, 0, 0, 0]

 ### Operon type: 302

	 A0A010Z171	[0, 0, 0, 0, 0, 0, 713, 0, 447]

 ### Operon type: 303

	 A0A011T697	[713, 0, 0, 0, 0, 0, 0, 0, 421]

 ### Operon type: 304

	 A0A011TDD1	[0, 456, 713, 0, 0, 0, 0, 0, 0]

 ### Operon type: 305

	 A0A011VW24	[0, 0, 860, 0, 0, 0, 0, 0, -1]

 ### Operon type: 306

	 A0A011T8V3	[0, 0, 860, 0, 0, 0, 0, 0, 0]

 ### Operon type: 307

	 A0A010TH98	[706, 0, 0, 860, 0, 0, 0, 0, 0]

 ### Operon type: 308

	 A0A011QVR3	[0, 0, 0, 0, 0, 0, 0, 861, 860]

 ### Operon type: 309

	 A0A011VYF1	[860, 0, 0, 0, 0, 0, 394, 0, 0]

 ### Operon type: 310

	 A0A010S415	[-1, 860, 0, 185, 0, 0, 0, 0, 348]

 ### Operon type: 311

	 A0A011PBM9	[0, 0, 0, 0, 0, 0, 0, 0, 0]
	 A0A011QSN2	[0, 0, 0, 0, 0, 0, 0, 0, 0]
	 A0A011QMJ8	[0, 0, 0, 0, 0, 0, 0, 0, 0]
	 A0A011Q056	[0, 0, 0, 0, 0, 0, 0, 0, 0]
	 A0A011P9Z5	[0, 0, 0, 0, 0, 0, 0, 0, 0]
	 A0A013TEV4	[0, 0, 0, 0, 0, 0, 0, 0, 0]
	 A0A013SBR8	[0, 0, 0, 0, 0, 0, 0, 0, 0]
	 A0A013S2B9	[0, 0, 0, 0, 0, 0, 0, 0, 0]
	 A0A013SL47	[0, 0, 0, 0, 0, 0, 0, 0, 0]
	 A0A011WUT3	[0, 0, 0, 0, 0, 0, 0, 0, 0]
	 A0A011PNN2	[0, 0, 0, 0, 0, 0, 0, 0, 0]
	 A0A010ZTI3	[0, 0, 0, 0, 0, 0, 0, 0, 0]
	 A0A011VYF6	[0, 0, 0, 0, 0, 0, 0, 0, 0]
	 A0A011N2Z0	[0, 0, 0, 0, 0, 0, 0, 0, 0]
	 A0A011NAJ1	[0, 0, 0, 0, 0, 0, 0, 0, 0]
	 A0A011NMI8	[0, 0, 0, 0, 0, 0, 0, 0, 0]
	 A0A011NTU3	[0, 0, 0, 0, 0, 0, 0, 0, 0]
	 A0A011VNE2	[0, 0, 0, 0, 0, 0, 0, 0, 0]
	 A0A010YJA7	[0, 0, 0, 0, 0, 0, 0, 0, 0]
	 A0A010SHY1	[0, 0, 0, 0, 0, 0, 0, 0, 0]
	 A0A009M4K0	[0, 0, 0, 0, 0, 0, 0, 0, 0]
	 A0A011UHL2	[0, 0, 0, 0, 0, 0, 0, 0, 0]
	 A0A009MH90	[0, 0, 0, 0, 0, 0, 0, 0, 0]
	 A0A009PDV4	[0, 0, 0, 0, 0, 0, 0, 0, 0]
	 A0A011UBN9	[0, 0, 0, 0, 0, 0, 0, 0, 0]
	 A0A009HIL8	[0, 0, 0, 0, 0, 0, 0, 0, 0]
	 A0A011UFM5	[0, 0, 0, 0, 0, 0, 0, 0, 0]
	 A0A010SPJ7	[0, 0, 0, 0, 0, 0, 0, 0, 0]
	 A0A010SSQ8	[0, 0, 0, 0, 0, 0, 0, 0, 0]
	 A0A010T025	[0, 0, 0, 0, 0, 0, 0, 0, 0]
	 A0A011A146	[0, 0, 0, 0, 0, 0, 0, 0, 0]
	 A0A010YZS8	[0, 0, 0, 0, 0, 0, 0, 0, 0]
	 A0A010Z120	[0, 0, 0, 0, 0, 0, 0, 0, 0]

 ### Operon type: 312

	 A0A010TG27	[448, 0, 26, 0, 0, 0, 687, 0, 0]

 ### Operon type: 313

	 A0A011PMK1	[0, 0, 0, 0, 0, 0, 0, 448, 0]

 ### Operon type: 314

	 A0A009HM15	[0, 189, 134, 0, 0, 0, -1, 0, 0]

 ### Operon type: 315

	 A0A009HRU1	[0, 129, 0, 0, 0, 0, 0, 0, 0]

 ### Operon type: 316

	 A0A009HSN8	[0, 76, 0, 0, 0, -1, 0, 112, -1]

 ### Operon type: 317

	 A0A009HV82	[120, 0, 0, 0, 0, 0, 0, 0, 0]

 ### Operon type: 318

	 A0A009IG74	[0, 0, 89, 0, 546, -1, 0, 0, 0]

 ### Operon type: 319

	 A0A009IJ90	[0, 219, 0, 0, 0, 0, 0, 0, 0]

 ### Operon type: 320

	 A0A009NM94	[0, 486, 486, 0, 0, 0, 456, 0, 0]

 ### Operon type: 321

	 A0A009Q4N5	[0, 0, 92, 0, 0, 0, 0, 0, 0]

 ### Operon type: 322

	 A0A009SSZ9	[0, 206, 0, 0, 0, 0, 0, 0, 0]

 ### Operon type: 323

	 A0A009YIH1	[0, 0, 0, 0, 191, 0, -1, -1, 2]

 ### Operon type: 324

	 A0A009YR05	[0, 0, 0, 0, 299, 0, 0, 0, 0]

 ### Operon type: 325

	 A0A009Z004	[151, 0, 151, 0, 0, 447, 0, 0, 0]

 ### Operon type: 326

	 A0A010RUQ5	[0, 0, 0, 0, 0, 0, 0, 0, 184]

 ### Operon type: 327

	 A0A010S195	[742, 0, 187, 186, 0, 0, 0, 0, 0]

 ### Operon type: 328

	 A0A010SCZ2	[0, 0, 0, 0, 0, 0, 0, 390, 0]

 ### Operon type: 329

	 A0A010SN41	[0, 0, 0, 0, 384, 0, 0, 0, 0]

 ### Operon type: 330

	 A0A010SSU2	[0, 0, 0, 0, 45, 0, -1, 698, 0]

 ### Operon type: 331

	 A0A010SUP6	[0, 0, 0, 0, 0, 0, 0, 186, 0]

 ### Operon type: 332

	 A0A010SUY9	[0, 0, 0, 0, 0, 252, 827, 0]

 ### Operon type: 333

	 A0A010THK2	[0, 0, -1, 0, 0, 627, 447, 0, 0]

 ### Operon type: 334

	 A0A010SRL4	[26, 0, 0, -1, 0, 0, 0, 447, 85]

 ### Operon type: 335

	 A0A010YX61	[581, 757, 0, 860, 0, 0, 0, 0, 0]

 ### Operon type: 336

	 A0A010S5W8	[0, 0, 322, 798, 0, 0, 0, 0, 0]

 ### Operon type: 337

	 A0A011NE37	[610, 0, 0, 0, 0, 0, 0, 0, 0]

 ### Operon type: 338

	 A0A011NF78	[0, 0, 817, 0, 0, 0, 0, 0, 0]

 ### Operon type: 339

	 A0A011NVE2	[0, 0, 0, 855, 0, 0, 713, 0, 314]

 ### Operon type: 340

	 A0A011NXJ4	[0, 0, 0, 0, 0, 0, 0, 0, 341]

 ### Operon type: 341

	 A0A011P8I1	[0, 0, 755, 757, 0, 0, 0, 0, 700]

 ### Operon type: 342

	 A0A011P9Q7	[696, 0, 0, 0, 0, 0, 0, 0, 0]

 ### Operon type: 343

	 A0A011PJ75	[0, 855, 717, 855, 0, 0, 0, 0, 0]

 ### Operon type: 344

	 A0A011PRB4	[0, 0, 0, 0, 0, 0, 0, 776, 0]

 ### Operon type: 345

	 A0A011QVT2	[859, 0, 0, 0, 0, 0, 0, 858, 0]

 ### Operon type: 346

	 A0A011RP14	[0, 0, 0, 0, 0, 0, 0, 491, 0]

 ### Operon type: 347

	 A0A011SM49	[713, 0, 491, 0, 0, 0, 261, 0, 0]

 ### Operon type: 348

	 A0A011AM27	[777, 0, 0, 0, 572, 0, 0, 0, 345]

 ### Operon type: 349

	 A0A011T607	[0, 0, 798, 0, 0, 0, 0, 0, 456]

 ### Operon type: 350

	 A0A011TAW2	[0, 0, 0, 0, 0, 0, 543, 0, 0]

 ### Operon type: 351

	 A0A011TED9	[0, 0, 0, 0, 0, 464, 0, 0, 0]

 ### Operon type: 352

	 A0A011TXS5	[0, 254, 0, 0, 0, 0, 0, 0, 0]

 ### Operon type: 353

	 A0A011U144	[0, 184, 0, 0, 0, 0, 341, 616, 0]

 ### Operon type: 354

	 A0A011U1C8	[739, 0, 0, 0, 0, 0, 0, 0, 273]

 ### Operon type: 355

	 A0A011U483	[0, 0, 0, 0, 0, 738, 0, 0, 0]

 ### Operon type: 356

	 A0A011UG86	[0, 801, 0, 0, 0, 50, 0, 0, 0]

 ### Operon type: 357

	 A0A011UQB5	[484, 319, 0, 0, 0, 0, 0, 394, 0]

 ### Operon type: 358

	 A0A011UVI5	[0, 0, 0, 0, 0, 324, 855, 855, 0]

 ### Operon type: 359

	 A0A011UWI3	[0, 0, 0, 0, 156, 0, 57, 742, 0]

 ### Operon type: 360

	 A0A011V5E6	[0, 0, 0, 0, 0, 515, 0, 0, 0]

 ### Operon type: 361

	 A0A011M4H6	[391, 0, 344, 0, 0, 0, 0, 0, 0]

 ### Operon type: 362

	 A0A011VSV3	[0, 0, 0, 0, 0, 0, 760, 0, 0]

 ### Operon type: 363

	 A0A011VWI0	[0, 0, 0, 0, 0, 428, 0, 0, 0]

 ### Operon type: 364

	 A0A011VZ91	[400, 0, 0, 0, 0, 0, 0, 0, 0]

 ### Operon type: 365

	 A0A011WP76	[0, 0, 0, 0, 0, 0, 0, 0, 863]

 ### Operon type: 366

	 A0A011WSD4	[0, 0, 0, -1, 0, 681, 0, 0, 504]

 ### Operon type: 367

	 A0A011WT35	[504, 0, 0, 0, 0, 0, 0, 0, 0]

 ### Operon type: 368

	 A0A013S843	[0, 598, 0, 0, 0, 0, -1, 527, 0]

 ### Operon type: 369

	 A0A013T5E6	[0, 0, 0, 621, 0, 0, 0, 0, 0]

 ### Operon type: 370

	 A0A009T185	[856, 0, 717, 717, 153, 855, 717, 198, 657]

 ### Operon type: 371

	 A0A010IN36	[154, 713, 0, 0, 153, 855, 717, 198, 657]

 ### Operon type: 372

	 A0A009PG43	[855, 717, 639, 858, 0, 198, 657, 0, 0]

 ### Operon type: 373

	 A0A009INE0	[154, 0, 0, 0, 0, 0, 0, 717, 198]

 ### Operon type: 374

	 A0A009T9H0	[0, 2, 743, -1, 0, 0, 202, 0, 129]

 ### Operon type: 375

	 A0A010THH5	[0, 326, 325, 324, 0, 0, 482, 0, 359]

 ### Operon type: 376

	 A0A011WSH8	[0, 0, 0, 687, 385, 0, 0, 0, 0]
	 A0A011VZE3	[0, 0, 0, 687, 385, 0, 0, 0, 0]

 ### Operon type: 377

	 A0A011NAF3	[0, 0, 0, 0, 0, 0, 687, 0, 786]

 ### Operon type: 378

	 A0A009IQ93	[86, 0, 687, 0, 0, 85, 0, 0, 0]

 ### Operon type: 379

	 A0A009Q8S9	[0, 0, 743, 536, 0, 197, 0, 0, 0]

 ### Operon type: 380

	 A0A009TLU4	[0, 254, -1, 36, 0, 18, 0, -1, -1]

 ### Operon type: 381

	 A0A009ZB47	[267, 266, 0, 0, 0, 681, 357, 0, 0]

 ### Operon type: 382

	 A0A009ZVR4	[562, 0, 757, 0, 0, 241, 0, 0, 268]

 ### Operon type: 383

	 A0A010JIN9	[357, 0, 0, 115, 223, 0, 0, 0, 0]

 ### Operon type: 384

	 A0A010S003	[750, 0, 0, 0, 0, 801, 801, 188, 0]

 ### Operon type: 385

	 A0A010SMN8	[0, -1, 271, 0, 505, 0, 0, 754, 0]

 ### Operon type: 386

	 A0A010SXS1	[0, 639, 0, 0, 0, 406, 0, 0, 858]

 ### Operon type: 387

	 A0A010T689	[345, -1, 482, 467, 0, 0, 0, 0, 0]

 ### Operon type: 388

	 A0A010TBB4	[0, 496, 0, 50, 0, 0, 0, 0, 739]

 ### Operon type: 389

	 A0A010YFK3	[0, 842, 0, 0, 0, 0, 475, 0, 273]

 ### Operon type: 390

	 A0A010YVY1	[34, 0, 34, 0, 0, 0, 0, 188, 0]

 ### Operon type: 391

	 A0A010ZSZ2	[0, 440, 0, 439, 438, 0, 0, 0, 0]

 ### Operon type: 392

	 A0A010Z0Y7	[0, 0, 0, 0, 438, 185, 0, 0, 0]

 ### Operon type: 393

	 A0A011A0M8	[0, 0, 447, 0, 37, 0, 0, 4, 4]

 ### Operon type: 394

	 A0A011NFL4	[0, 485, 0, 0, 373, 448, 0, 372, 0]

 ### Operon type: 395

	 A0A011P407	[0, 0, 741, 740, 0, 0, 739, 0, 738]

 ### Operon type: 396

	 A0A011QGT2	[687, 0, 0, 686, 685, 0, 0, 0, 0]

 ### Operon type: 397

	 A0A011QSA4	[820, 0, 819, 818, 0, 0, 0, 0, 817]

 ### Operon type: 398

	 A0A011T6J6	[0, 846, 0, 757, 0, 0, 420, 0, 419]

 ### Operon type: 399

	 A0A011TAL2	[0, 798, 0, 0, 0, 458, 0, 457, 0]

 ### Operon type: 400

	 A0A011TZG0	[447, 836, 0, 0, 0, 0, 0, 634, 0]

 ### Operon type: 401

	 A0A011UGY3	[387, 386, 515, 29, 0, 0, 0, 29, 0]

 ### Operon type: 402

	 A0A011UII7	[0, 0, 0, 0, 0, 314, 335, 0, 0]

 ### Operon type: 403

	 A0A011UNT9	[197, 263, 0, 0, 0, 0, 0, 0, 0]

 ### Operon type: 404

	 A0A011SIS0	[0, 670, 264, 264, 0, 0, 0, 263, 0]

 ### Operon type: 405

	 A0A011UT49	[0, 440, 0, 0, 0, 0, 639, 301, 0]

 ### Operon type: 406

	 A0A011VU65	[476, 0, 0, 0, 0, 475, 0, 760, 474]

 ### Operon type: 407

	 A0A011VV03	[0, 393, 0, 0, 392, 391, 0, 0, 0]

 ### Operon type: 408

	 A0A011VVZ9	[0, 0, -1, 0, 0, 390, 389, 389, 388]

 ### Operon type: 409

	 A0A011VWX7	[858, 397, 0, 0, 0, 0, 0, 483, 0]

 ### Operon type: 410

	 A0A011VXK7	[486, 486, 0, 607, 0, 0, 0, 848, 0]

 ### Operon type: 411

	 A0A011W0I6	[365, 0, 0, 0, 0, 450, 0, 374, 0]

 ### Operon type: 412

	 A0A010YEF6	[0, 365, 0, 0, 0, 0, 0, 0, 274]

 ### Operon type: 413

	 A0A013SQH1	[0, 0, 0, 0, 384, 683, 0, 633, 383]

 ### Operon type: 414

	 A0A009QJA8	[111, 110, 0, 0, 0, 0, 0, 0, 514]

 ### Operon type: 415

	 A0A009YL68	[0, 0, 739, 583, 579, 0, 0, 265, 0]

 ### Operon type: 416

	 A0A010JNG7	[633, 0, 0, 360, 0, 0, 0, 0, 0]

 ### Operon type: 417

	 A0A010RM40	[648, 687, 701, 0, 0, 0, 0, -1, 729]

 ### Operon type: 418

	 A0A010RRQ6	[0, 344, 0, 0, 0, 505, 500, 332, 0]

 ### Operon type: 419

	 A0A010S423	[420, 0, 0, 0, 0, 0, 0, 57, 490]

 ### Operon type: 420

	 A0A010T0I7	[0, 0, 274, 0, 0, 755, 819, 687, 0]

 ### Operon type: 421

	 A0A010ZUR7	[393, 16, 0, 16, 0, 15, 188, 0, 0]

 ### Operon type: 422

	 A0A011NA78	[0, 649, 0, 0, 0, 810, 0, 0, 729]

 ### Operon type: 423

	 A0A011P8W7	[699, 741, 858, 0, 698, 0, 0, 0, 0]

 ### Operon type: 424

	 A0A011PG97	[754, 0, 0, 753, 0, 0, 0, 0, 0]

 ### Operon type: 425

	 A0A011PKT4	[0, 683, 0, 0, 0, 0, 682, 0, 0]

 ### Operon type: 426

	 A0A011PLB2	[0, 699, 0, 684, 0, 0, 0, 0, 0]

 ### Operon type: 427

	 A0A011R339	[0, 0, 0, 0, 0, 0, 123, 122, 0]

 ### Operon type: 428

	 A0A011SFE5	[0, 0, 0, 486, 0, 0, 485, 740, 484]

 ### Operon type: 429

	 A0A011SJT5	[0, 0, 0, 388, 262, 262, 262, 262, 262]

 ### Operon type: 430

	 A0A011TDQ5	[0, 0, 0, 0, 227, 452, 0, 0, 0]

 ### Operon type: 431

	 A0A011VT01	[0, 0, 479, 0, 0, 479, 0, 0, 478]

 ### Operon type: 432

	 A0A009Z3V9	[687, 0, 0, 0, 0, 171, 445, 172, 173]

 ### Operon type: 433

	 A0A010SRB2	[18, 17, 0, 0, 0, 17, 49, 0, 0]

 ### Operon type: 434

	 A0A010KA25	[357, 0, 482, 526, 313, 0, 0, 357, 602]

 ### Operon type: 435

	 A0A011TZN1	[295, 294, 293, 0, 175, 0, 0, 0, 0]

 ### Operon type: 436

	 A0A011VJ76	[302, 302, 301, 372, 0, 687, 447, 0, 741]

 ### Operon type: 437

	 A0A011UG17	[158, 0, 366, 0, 433, 476, 0, 0, 0]

 ### Operon type: 438

	 A0A011WUA8	[667, 0, 0, 503, 0, 0, 0, 502, 502]

 ### Operon type: 439

	 A0A010S4X6	[0, 185, 701, 801, 556, 0, 343, 449, 627]

 ### Operon type: 440

	 A0A010YY02	[0, 33, 0, 0, 33, 703, 410, 0, 32]
