
 ### Operon type: 1

	 A0A011PVT3	[627, 603, 602, 601, 600, 599, 598, 597, 596]
	 A0A011R7V7	[627, 603, 602, 601, 600, 599, 598, 597, 596]
	 A0A011MET3	[627, 603, 602, 601, 600, 599, 598, 597, 596]

 ### Operon type: 2

	 A0A011V5V3	[0, 282, 281, 280, 279, 278, 277, 276, 275]
	 A0A011UIA1	[282, 281, 280, 279, 278, 277, 276, 275, 0]

 ### Operon type: 3

	 A0A011PTE7	[535, 534, 533, 532, 531, 0, 530, 529, 528]
	 A0A011NE72	[535, 534, 533, 532, 531, 530, 529, 528, 0]

 ### Operon type: 4

	 A0A011NEY3	[394, 691, 690, 689, 689, 688, 687, 686, 0]

 ### Operon type: 5

	 A0A011PAN4	[691, 690, 0, 689, 689, 688, 687, 686, 685]

 ### Operon type: 6

	 A0A011RCD5	[394, 691, 690, 689, 689, 688, 687, 686, 685]

 ### Operon type: 7

	 A0A010JSI3	[503, 502, 501, 500, 499, 498, 497, 496, 0]
	 A0A013T0M4	[503, 502, 501, 500, 499, 498, 497, 496, 0]
	 A0A009RGL2	[0, 502, 501, 500, 499, 498, 497, 496, 0]
	 A0A009HDS5	[503, 502, 501, 500, 499, 498, 497, 496, 0]

 ### Operon type: 8

	 A0A011PF67	[680, 679, 678, 677, 676, 0, 0, 0, 0]
	 A0A011NBX7	[680, 679, 678, 677, 676, 518, 0, 0, 0]
	 A0A011NW66	[680, 679, 678, 677, 676, 518, 0, 0, 0]

 ### Operon type: 9

	 A0A011NS68	[680, 679, 678, 677, 676, 505, 504, 511, 622]
	 A0A011RHX4	[680, 679, 678, 677, 676, 505, 504, 511, 0]

 ### Operon type: 10

	 A0A010JY00	[294, 522, 493, 408, 243, 692, 405, 695, 425]

 ### Operon type: 11

	 A0A013TH30	[522, 493, 408, 407, 406, 692, 405, 695, 425]

 ### Operon type: 12

	 A0A011QAS2	[0, 647, 646, 645, 644, 643, 642, 641, 640]
	 A0A011NEQ1	[0, 647, 646, 645, 644, 643, 642, 641, 640]

 ### Operon type: 13

	 A0A011QSF0	[0, 720, 719, 718, 717, 716, 715, 714, 0]
	 A0A011QBB5	[674, 720, 719, 718, 717, 716, 715, 714, 478]
	 A0A011Q0X6	[674, 720, 719, 718, 717, 716, 715, 714, 478]
	 A0A011Q1X8	[720, 0, 719, 718, 717, 716, 715, 714, 478]

 ### Operon type: 14

	 A0A011PG87	[674, 720, 719, 718, 717, 716, 715, 0, 0]

 ### Operon type: 15

	 A0A013SP43	[329, 328, 327, 326, 325, 324, 323, 322, 321]
	 A0A010K6G6	[329, 328, 327, 326, 325, 324, 323, 0, 321]
	 A0A009RUN3	[329, 328, 327, 326, 325, 324, 323, 322, 321]

 ### Operon type: 16

	 A0A009SZB5	[0, 0, 155, 154, 153, 0, 0, 0, 152]
	 A0A009HR98	[0, 0, 155, 154, 153, 0, 0, 0, 152]

 ### Operon type: 17

	 A0A009Z8F7	[50, 155, 51, 0, 153, 4, 4, 0, 0]

 ### Operon type: 18

	 A0A011QUG8	[709, 708, 707, 706, 705, 704, 0, 703, 702]
	 A0A011QIT1	[709, 708, 707, 706, 705, 704, 703, 702, 661]

 ### Operon type: 19

	 A0A011QAB0	[653, 652, 651, 0, 650, 664, 649, 648, 0]
	 A0A011PL71	[433, 653, 652, 651, 650, 664, 649, 648, 0]

 ### Operon type: 20

	 A0A011PIY7	[526, 0, 662, 540, 541, 542, 543, 0, 545]

 ### Operon type: 21

	 A0A011Q3J4	[0, 526, 662, 540, 541, 542, 543, 544, 0]

 ### Operon type: 22

	 A0A011MH88	[514, 526, 662, 540, 541, 542, 543, 544, 545]

 ### Operon type: 23

	 A0A009QBR9	[0, 0, 373, 415, 372, 0, 0, 368, 214]
	 A0A009TM70	[0, 374, 373, 415, 372, 0, 0, 368, 214]

 ### Operon type: 24

	 A0A010ILU3	[375, 374, 373, 0, 372, 371, 370, 369, 368]
	 A0A009QS71	[375, 374, 373, 415, 372, 371, 0, 369, 368]
	 A0A009MW50	[0, 374, 373, 415, 372, 371, 0, 369, 368]
	 A0A009H3B0	[0, 374, 373, 0, 372, 371, 370, 369, 368]

 ### Operon type: 25

	 A0A009I8S2	[0, 0, 373, 415, 372, 371, 369, 368, 214]

 ### Operon type: 26

	 A0A009ICH6	[356, 123, 122, 95, 243, 49, 48, 47, 695]
	 A0A009ZFR5	[356, 123, 122, 95, 243, 49, 48, 47, 695]

 ### Operon type: 27

	 A0A009GP96	[0, 75, 595, 487, 242, 74, 457, 73, 72]

 ### Operon type: 28

	 A0A009GSR4	[487, 242, 74, 457, 73, 72, 72, 71, 0]

 ### Operon type: 29

	 A0A009IIT6	[75, 595, 487, 242, 73, 72, 72, 71, 0]

 ### Operon type: 30

	 A0A009IS10	[170, 0, 0, 0, 169, 168, 167, 0, 0]

 ### Operon type: 31

	 A0A009QHW5	[0, 0, 0, 375, 169, 168, 167, 0, 127]

 ### Operon type: 32

	 A0A011UVB4	[0, 0, 0, 145, 0, 0, 170, 0, 254]

 ### Operon type: 33

	 A0A011TLH7	[235, 234, 233, 0, 0, 0, 0, 0, 0]
	 A0A011UG87	[233, 234, 235, 0, 0, 0, 0, 0, 0]

 ### Operon type: 34

	 A0A011QIE8	[592, 591, 590, 589, 588, 587, 586, 0, 0]
	 A0A011QDV3	[592, 591, 590, 589, 588, 587, 479, 0, 586]

 ### Operon type: 35

	 A0A011NYU6	[476, 475, 0, 474, 538, 16, 15, 0, 473]

 ### Operon type: 36

	 A0A011PYI6	[476, 475, 0, 474, 538, 473, 492, 619, 0]

 ### Operon type: 37

	 A0A011P1C0	[0, 0, 16, 15, 473, 0, 0, 0, 0]

 ### Operon type: 38

	 A0A011PP01	[548, 547, 546, 0, 0, 0, 0, 0, 0]
	 A0A011NVE7	[548, 547, 546, 0, 0, 0, 0, 0, 0]

 ### Operon type: 39

	 A0A013TH43	[404, 0, 0, 0, 403, 402, 401, 0, 400]
	 A0A009RAF0	[404, 0, 0, 0, 403, 402, 401, 0, 400]

 ### Operon type: 40

	 A0A013S8V2	[297, 296, 0, 0, 0, 295, 0, 0, 0]
	 A0A009R8E1	[0, 54, 0, 297, 296, 0, 0, 295, 0]

 ### Operon type: 41

	 A0A009QFZ7	[423, 422, 0, 0, 419, 0, 417, 416, 0]
	 A0A009TK03	[423, 422, 0, 0, 419, 0, 417, 416, 0]

 ### Operon type: 42

	 A0A013SPM5	[423, 422, 421, 420, 419, 418, 417, 416, 0]
	 A0A010IX62	[423, 422, 421, 420, 419, 0, 417, 416, 0]
	 A0A009MH71	[423, 422, 0, 420, 419, 418, 417, 416, 0]
	 A0A009HSL1	[423, 422, 421, 420, 419, 0, 417, 416, 0]

 ### Operon type: 43

	 A0A009I6Z0	[423, 422, 0, 420, 419, 0, 417, 416, 119]

 ### Operon type: 44

	 A0A009ZIX8	[0, 5, 421, 420, 419, 14, 0, 119, 0]

 ### Operon type: 45

	 A0A009I573	[88, 0, 137, 138, 0, 139, 211, 140, 141]

 ### Operon type: 46

	 A0A009ILP9	[142, 0, 141, 140, 211, 139, 208, 138, 137]

 ### Operon type: 47

	 A0A009I953	[142, 0, 141, 140, 211, 139, 208, 0, -1]

 ### Operon type: 48

	 A0A009QEG7	[213, 212, 0, 0, 211, 210, 209, 0, 208]
	 A0A009IPC3	[213, 212, 0, 0, 211, 210, 209, 0, 208]

 ### Operon type: 49

	 A0A009SX74	[672, 622, 0, 138, 208, 142, 212, 213, 0]

 ### Operon type: 50

	 A0A010JWJ1	[0, 248, 595, 0, 247, 246, 245, 244, 0]
	 A0A009I4A1	[0, 248, 595, 0, 247, 246, 245, 244, 0]

 ### Operon type: 51

	 A0A009QF22	[131, 130, 129, 0, 247, 246, 245, 244, 128]
	 A0A009TBY8	[131, 130, 129, 65, 247, 246, 245, 244, 128]

 ### Operon type: 52

	 A0A009ITT8	[166, 165, 164, 250, 249, 163, 162, 161, 160]

 ### Operon type: 53

	 A0A009NJ90	[166, 165, 164, 250, 0, 143, 163, 162, 161]

 ### Operon type: 54

	 A0A009HZK2	[251, 250, 249, 0, 0, 0, 0, 0, 0]

 ### Operon type: 55

	 A0A009IJ07	[253, 252, 251, 250, 249, 0, 0, 0, 0]

 ### Operon type: 56

	 A0A009S6G1	[253, 252, 251, 250, 249, 162, 161, 160, 157]

 ### Operon type: 57

	 A0A009S5A5	[249, 143, 163, 162, 161, 160, 93, 92, 157]

 ### Operon type: 58

	 A0A013TCN9	[415, 414, 413, 412, 411, 410, 409, 595, 589]
	 A0A009QNC9	[415, 414, 413, 412, 411, 410, 409, 595, 589]
	 A0A010ITG1	[415, 414, 413, 412, 411, 410, 409, 595, 589]
	 A0A009NIJ3	[415, 414, 413, 412, 411, 410, 409, 595, 589]
	 A0A013TRC1	[415, 414, 413, 412, 411, 410, 409, 595, 589]

 ### Operon type: 59

	 A0A009H935	[0, 0, 413, 412, 411, 410, 409, 595, 589]

 ### Operon type: 60

	 A0A009PJF7	[177, 176, 176, 175, 174, 257, 173, 172, 171]
	 A0A009SJZ7	[145, 177, 176, 175, 174, 257, 173, 172, 171]

 ### Operon type: 61

	 A0A009Z5G0	[257, 175, 176, 0, 462, 177, 145, 318]

 ### Operon type: 62

	 A0A010JJC1	[549, 382, 381, 380, 379, 378, 377, 387, 376]
	 A0A010IZ41	[382, 381, 380, 379, 378, 377, 387, 376, 327]

 ### Operon type: 63

	 A0A009QJL6	[549, 382, 381, 380, 0, 376, 327, 124, 0]

 ### Operon type: 64

	 A0A011P2I4	[664, 663, 662, 0, 0, 0, 0, 0, 0]
	 A0A011N9N8	[664, 663, 662, 0, 0, 0, 0, 0, 0]

 ### Operon type: 65

	 A0A009PIB4	[0, 0, 0, 116, 115, 114, 457, 595, 664]
	 A0A009SLR5	[0, 0, 0, 116, 115, 114, 457, 595, 664]

 ### Operon type: 66

	 A0A009HSU4	[0, 0, 432, 595, 0, 663, 618, 664, 457]

 ### Operon type: 67

	 A0A011SF89	[556, 555, 554, 0, 0, 0, 0, 0, 0]

 ### Operon type: 68

	 A0A011UCX7	[0, 653, 556, 555, 0, 554, 194, 0, 0]

 ### Operon type: 69

	 A0A011NYT4	[616, 615, 614, 613, 0, 472, 472, 471, 470]

 ### Operon type: 70

	 A0A011P8E9	[0, 0, 616, 615, 0, 614, 613, 0, 0]

 ### Operon type: 71

	 A0A010TF34	[0, -1, 0, 0, 33, 32, 31, 30, 29]
	 A0A010SYH9	[33, 32, 31, 30, 29, 0, 0, 0, 0]

 ### Operon type: 72

	 A0A010S7A1	[61, 60, 59, 58, 0, 57, 0, 0, 0]
	 A0A010TFJ4	[0, -1, 0, 61, 60, 59, 58, -1, 57]

 ### Operon type: 73

	 A0A009ICP5	[107, 331, 521, 106, 105, 0, 0, 103, 0]

 ### Operon type: 74

	 A0A009MMG9	[107, 331, 521, 106, 105, 0, 104, 103, 265]

 ### Operon type: 75

	 A0A009QLL2	[0, 147, 148, 0, 105, 0, 0, 103, 0]
	 A0A009HTW0	[0, 147, 148, 0, 105, 0, 0, 103, 0]

 ### Operon type: 76

	 A0A009SIV4	[146, 147, 148, 91, 105, 90, 0, 103, 265]

 ### Operon type: 77

	 A0A013TSJ4	[147, 148, 0, 91, 105, 0, 0, 103, 265]

 ### Operon type: 78

	 A0A009Z3V9	[595, 0, 0, 0, 0, 148, 431, 147, 146]

 ### Operon type: 79

	 A0A009T0Q9	[0, 0, 0, 0, 151, 287, 514, 595, 150]

 ### Operon type: 80

	 A0A009YJF4	[0, 471, 470, 24, 66, 514, 595, 0, 150]

 ### Operon type: 81

	 A0A009PAV9	[193, -1, 521, 192, 446, 457, 191, 190, 189]
	 A0A009HJC2	[193, 589, 521, 192, 446, 457, 191, 190, 189]

 ### Operon type: 82

	 A0A009SE02	[0, 189, 0, 0, 0, 190, 191, 457, 446]

 ### Operon type: 83

	 A0A011QNA5	[0, 582, 581, 580, 0, 579, 578, 577, 576]
	 A0A009ZLJ7	[576, 577, 578, 579, 0, 0, 582, 581, 580]

 ### Operon type: 84

	 A0A013T0T6	[579, 578, 577, 576, 430, 429, 428, 427, 426]
	 A0A009QMH5	[579, 578, 577, 576, 430, 429, 428, 427, 426]
	 A0A009HAX1	[579, 578, 577, 576, 430, 429, 428, 427, 426]

 ### Operon type: 85

	 A0A010ILW6	[579, 578, 577, 576, 430, 429, 0, 0, 427]

 ### Operon type: 86

	 A0A009Z9X7	[578, 577, 576, 0, 430, 0, 699, 0, 427]

 ### Operon type: 87

	 A0A009PE10	[0, 0, 0, 576, 430, 186, 428, 427, -1]

 ### Operon type: 88

	 A0A009RSB7	[618, 356, 605, 353, 178, 595, 595, 351, 350]
	 A0A009SYU8	[618, 356, 605, 353, 178, 595, 595, 351, 350]
	 A0A009HS41	[618, 356, 605, 353, 178, 595, 595, 351, 350]

 ### Operon type: 89

	 A0A010IT25	[618, 356, 605, 353, 352, 595, 595, 351, 350]
	 A0A013SHA9	[618, 356, 605, 353, 352, 595, 595, 351, 350]
	 A0A009I466	[618, 356, 605, 353, 352, 595, 595, 351, 350]

 ### Operon type: 90

	 A0A009NMQ9	[618, 356, 605, 353, 352, 0, 595, 595, 351]

 ### Operon type: 91

	 A0A009P8A9	[0, 0, 605, 353, 178, 595, 595, 351, 350]

 ### Operon type: 92

	 A0A011PGU1	[0, 0, 671, 670, 669, 668, 667, 666, 665]
	 A0A011MDH1	[469, 0, 671, 670, 669, 668, 667, 666, 665]

 ### Operon type: 93

	 A0A011V0P4	[393, 240, 0, 0, 466, 0, 0, 342, 341]

 ### Operon type: 94

	 A0A011WPV7	[342, 341, 0, 0, 0, 0, 0, 0, 0]

 ### Operon type: 95

	 A0A011RNP9	[0, 0, 0, 0, 0, 563, 649, 0, 0]

 ### Operon type: 96

	 A0A011V0B5	[559, 0, 0, 0, 0, 0, 563, 0, 0]

 ### Operon type: 97

	 A0A011RQC9	[0, 559, 558, 0, 0, 0, 0, 557, 0]

 ### Operon type: 98

	 A0A011QG28	[574, 573, 670, 0, 669, 668, 611, 572, 612]
	 A0A011RIM8	[574, 573, 0, 0, 669, 668, 611, 572, 612]

 ### Operon type: 99

	 A0A011PHI6	[626, 0, 625, 0, 0, 624, 706, 623, 0]

 ### Operon type: 100

	 A0A011QI68	[0, 0, 625, 624, 0, 0, 0, 0, 0]

 ### Operon type: 101

	 A0A011P700	[0, 0, 713, 712, 0, 0, 0, 0, 0]

 ### Operon type: 102

	 A0A011QSI4	[0, 0, 713, 712, 711, 0, 0, 0, 0]

 ### Operon type: 103

	 A0A011NVJ6	[482, 632, 631, 630, 629, 628, 0, 0, 481]

 ### Operon type: 104

	 A0A011PVP2	[0, 632, 631, 630, 629, 628, 0, 0, 627]

 ### Operon type: 105

	 A0A011NXY7	[0, 0, 631, 0, 629, 0, 0, 0, 0]

 ### Operon type: 106

	 A0A011QR69	[697, 696, 695, 694, 693, 692, 0, 0, 0]
	 A0A011NUB4	[697, 696, 695, 694, 693, 692, 0, 484, 0]

 ### Operon type: 107

	 A0A011NN36	[696, 695, 0, 0, 693, 692, 0, 0, 0]

 ### Operon type: 108

	 A0A011PK69	[695, 437, 0, 0, 693, 692, 0, 0, 0]

 ### Operon type: 109

	 A0A011RMI6	[638, 637, 583, 565, 564, 636, 635, 634, 633]
	 A0A011NYD6	[638, 637, 583, 565, 564, 636, 635, 634, 633]

 ### Operon type: 110

	 A0A011QB28	[639, 638, 637, 0, 0, 636, 635, 634, 633]

 ### Operon type: 111

	 A0A011NF33	[0, 636, 635, 0, 0, 0, 0, 0, 0]

 ### Operon type: 112

	 A0A011NBY4	[517, 0, 0, 516, 0, 0, 515, 0, 0]

 ### Operon type: 113

	 A0A011WRT0	[517, 0, 0, 0, 0, 0, 0, 619, 0]

 ### Operon type: 114

	 A0A011SHV5	[0, 0, 0, 0, 0, 550, 619, 549, 0]

 ### Operon type: 115

	 A0A011NB95	[0, 701, 0, 0, 0, 0, 521, 520, 519]

 ### Operon type: 116

	 A0A011UHT4	[124, 283, 520, 0, 0, 35, 35, 519, 0]

 ### Operon type: 117

	 A0A010Z1W7	[0, 0, 0, 0, 0, 39, 0, 389, 390]

 ### Operon type: 118

	 A0A011VY84	[0, 0, 390, 389, 0, 0, 0, 0, 0]

 ### Operon type: 119

	 A0A010YW85	[0, 0, 0, 0, 0, 300, 0, 389, 390]

 ### Operon type: 120

	 A0A010ZMA0	[389, 525, 0, 0, 0, 0, 0, 0, 0]

 ### Operon type: 121

	 A0A011N5L2	[0, 0, 0, 525, 0, 524, 523, 0, 0]

 ### Operon type: 122

	 A0A010SQJ5	[298, 106, 0, 231, 230, 229, 0, 0, 0]

 ### Operon type: 123

	 A0A010STD3	[0, 0, 0, 231, 230, 229, 0, 351, 312]

 ### Operon type: 124

	 A0A011TD67	[232, 0, 0, 231, 230, 229, 228, 0, 227]

 ### Operon type: 125

	 A0A009ZC12	[0, 0, 0, 231, 0, 229, 228, 3, 722]

 ### Operon type: 126

	 A0A010RFQ9	[0, 0, 495, 0, 494, 0, 0, 0, 0]

 ### Operon type: 127

	 A0A010SPR9	[22, 22, 0, 0, 0, 494, 0, 0, 0]

 ### Operon type: 128

	 A0A013S288	[0, 0, 0, 447, 446, 445, 444, 0, 442]
	 A0A010J3I1	[0, 0, 0, 447, 446, 445, 444, 0, 442]

 ### Operon type: 129

	 A0A013SXT2	[450, 449, 448, 447, 446, 445, 444, 443, 442]
	 A0A009PWG1	[450, 449, 448, 447, 446, 445, 444, 443, 442]

 ### Operon type: 130

	 A0A009ZJK4	[0, 0, 0, 0, 0, 0, 356, 18, 0]

 ### Operon type: 131

	 A0A010SVN1	[-1, 18, 595, 215, 201, 0, 0, 356, 0]

 ### Operon type: 132

	 A0A009IMX3	[362, 0, 360, 0, 358, 134, 134, 619, 133]
	 A0A009SF48	[362, 0, 360, 0, 358, -1, 134, 619, 133]

 ### Operon type: 133

	 A0A009QEX0	[362, 361, 360, 359, 358, 134, 134, 619, 133]

 ### Operon type: 134

	 A0A010ISX2	[362, 361, 360, 359, 358, 357, 356, 355, 354]
	 A0A013S7V1	[362, 361, 360, 359, 358, 357, 356, 355, 354]
	 A0A009RES7	[362, 361, 360, 359, 358, 357, 356, 355, 354]
	 A0A009MR00	[362, 361, 360, 359, 358, 357, 356, 355, 354]

 ### Operon type: 135

	 A0A009GYP9	[0, 0, 0, 359, 358, 357, 356, 355, 354]

 ### Operon type: 136

	 A0A009YTT3	[0, 0, 0, 0, 0, 0, 356, 355, 354]

 ### Operon type: 137

	 A0A009PFK7	[185, 184, 183, 182, 181, 0, 0, 180, 0]
	 A0A009QGN4	[185, 184, 183, 182, 181, 180, 0, 0, 0]

 ### Operon type: 138

	 A0A009YR20	[0, 180, 0, 0, 0, 0, 184, 0, 0]

 ### Operon type: 139

	 A0A013SB36	[293, 292, 291, 290, 289, 0, 470, 288, 287]
	 A0A009QSI3	[293, 292, 291, 290, 289, 0, 470, 288, -1]

 ### Operon type: 140

	 A0A010ITP2	[293, 292, 291, 290, 289, 0, 470, 0, 0]

 ### Operon type: 141

	 A0A009SII9	[-1, 292, 291, 290, 0, 0, 0, 0, 151]

 ### Operon type: 142

	 A0A009HZV2	[0, 0, 0, 0, 207, 206, 143, 0, 0]

 ### Operon type: 143

	 A0A009QPE7	[0, 0, 0, 0, 207, 206, 0, 0, 0]

 ### Operon type: 144

	 A0A009GXL8	[69, 68, 67, 0, 66, 65, 78, 126, 125]

 ### Operon type: 145

	 A0A010JIW7	[69, 68, 67, 0, 66, 0, 0, 78, 126]

 ### Operon type: 146

	 A0A009MGR3	[0, 0, 223, 0, 424, 92, 55, 222, 221]

 ### Operon type: 147

	 A0A009Q4G0	[0, 224, 223, 0, 424, 0, 222, 221, 222]

 ### Operon type: 148

	 A0A009PUJ8	[0, 188, 0, 0, 0, 187, 78, 126, 125]

 ### Operon type: 149

	 A0A009QJA8	[126, 125, 0, 0, 0, 0, 0, 0, 0]

 ### Operon type: 150

	 A0A009PB53	[0, 0, 188, 0, 0, 222, 221, 222, 187]

 ### Operon type: 151

	 A0A013SNJ8	[356, 0, 0, 320, 319, 446, 327, 0, 0]
	 A0A013RZW2	[356, 299, 0, 320, 319, 446, 327, 0, 0]
	 A0A010J9U3	[356, 0, 0, 320, 319, 446, 327, 0, 0]
	 A0A009SIZ4	[356, 299, 0, 320, 319, 0, 327, 159, 0]
	 A0A009RD69	[356, 299, 0, 320, 319, 446, 327, 159, 0]

 ### Operon type: 152

	 A0A009PH20	[0, 0, 368, 320, 319, 446, 327, 0, 0]
	 A0A009IV03	[0, 0, 368, 320, 319, 0, 327, 0, 0]

 ### Operon type: 153

	 A0A009YIZ0	[356, 299, 368, 320, 319, 446, 327, 159, 89]

 ### Operon type: 154

	 A0A009QA91	[218, 217, 618, 595, 310, 310, 216, 335, 215]
	 A0A010J377	[218, 217, 618, 595, 310, 310, 216, 335, 215]

 ### Operon type: 155

	 A0A009QQC0	[0, 0, 205, 595, 310, 310, 0, 335, 215]
	 A0A009MVG4	[205, 0, 311, 595, 310, 310, 0, 335, 215]

 ### Operon type: 156

	 A0A009H7I0	[0, 0, 0, 595, 310, 310, 216, 335, 215]

 ### Operon type: 157

	 A0A009S1X4	[218, 217, 618, 595, 310, 310, 595, 0, 94]

 ### Operon type: 158

	 A0A013SHF4	[0, 0, 311, 595, 310, 310, 0, 309, 0]

 ### Operon type: 159

	 A0A009H7U0	[441, 611, 0, 439, 438, 391, 367, 0, 0]

 ### Operon type: 160

	 A0A010IMP8	[441, 0, 0, 439, 438, 391, 367, 0, 366]

 ### Operon type: 161

	 A0A013SZ54	[441, 0, 440, 439, 438, 0, 0, 0, 0]

 ### Operon type: 162

	 A0A009ZM43	[-1, 611, 440, 439, 438, 391, 367, 63, 366]

 ### Operon type: 163

	 A0A009YSC7	[0, 0, 515, 1, 0, 1, 314, 313, 0]

 ### Operon type: 164

	 A0A013RVV2	[415, 0, 314, 313, 0, 0, 0, 312, 0]

 ### Operon type: 165

	 A0A011Q5S3	[661, 660, 0, 0, 0, 0, 659, 658, 657]

 ### Operon type: 166

	 A0A011UZZ4	[0, 659, 658, 0, 0, 0, 241, 241, 657]

 ### Operon type: 167

	 A0A010YKP2	[0, 0, 0, 0, 0, 0, 481, 239, 0]

 ### Operon type: 168

	 A0A011V1A2	[240, 0, 0, 239, 0, 0, 0, 0, 0]

 ### Operon type: 169

	 A0A011Q2B1	[0, 0, 0, 0, 0, 570, 569, 568, 683]

 ### Operon type: 170

	 A0A011RLN8	[0, 0, 0, 571, 684, 570, 569, 568, 683]

 ### Operon type: 171

	 A0A011NGS0	[0, 0, 0, 0, 508, 607, 0, 0, 0]

 ### Operon type: 172

	 A0A011PW61	[0, 0, 0, 0, 508, 607, 0, 0, 477]

 ### Operon type: 173

	 A0A011UXI1	[0, 436, 0, 0, 508, 607, 226, 0, 0]

 ### Operon type: 174

	 A0A011SWI9	[-1, -1, 0, 626, 508, 607, 226, -1, -1]

 ### Operon type: 175

	 A0A011P952	[607, 0, 606, 0, 0, 606, 0, 0, 0]

 ### Operon type: 176

	 A0A011NSG8	[0, 0, 0, 623, 486, 485, 0, 486, 0]

 ### Operon type: 177

	 A0A011P0X4	[0, 0, 469, 0, 486, 0, 0, 485, 54]

 ### Operon type: 178

	 A0A009MJ75	[0, 0, 110, 109, 108, 0, 0, 0, 487]

 ### Operon type: 179

	 A0A010IH51	[0, 265, 0, 0, 108, 0, 487, 0, 0]

 ### Operon type: 180

	 A0A010YNY9	[0, 0, 40, 25, 0, 0, 0, 0, 42]

 ### Operon type: 181

	 A0A011AC71	[94, 0, 0, 203, 0, 40, 25, 0, 618]

 ### Operon type: 182

	 A0A011QLX0	[0, 585, 0, 0, 584, 0, 637, 583, 0]
	 A0A011PRW6	[585, 0, 0, 0, 584, 637, 583, 0, 0]

 ### Operon type: 183

	 A0A010SML6	[0, 637, 583, -1, 0, 622, 0, 0, 0]

 ### Operon type: 184

	 A0A009P817	[220, 0, 0, 0, 113, 0, 302, 112, 111]

 ### Operon type: 185

	 A0A009TIY0	[0, 0, 0, 0, 113, 0, 302, 112, 0]

 ### Operon type: 186

	 A0A009QKA3	[302, 112, 0, 111, 0, 0, 0, 0, 185]

 ### Operon type: 187

	 A0A009S854	[-1, 0, 0, 156, 316, 0, 0, 0, 315]

 ### Operon type: 188

	 A0A013RMD0	[-1, 0, 490, 0, 316, 495, 0, 0, 315]

 ### Operon type: 189

	 A0A009HFU9	[0, 77, 0, 0, 76, 457, 0, 0, 0]
	 A0A009R016	[0, 77, 0, 0, 76, -1, 457, 0, 0]

 ### Operon type: 190

	 A0A009HSR2	[0, 87, 86, 0, 85, 99, 100, 143, 101]

 ### Operon type: 191

	 A0A009SWM1	[0, 87, 86, 0, 85, 0, 0, 100, 0]

 ### Operon type: 192

	 A0A009MYX0	[102, 101, 0, 432, 0, 0, 100, 99, 98]

 ### Operon type: 193

	 A0A009QK79	[0, 0, 98, 99, 0, 100, 0, 0, 101]

 ### Operon type: 194

	 A0A009GXJ1	[238, 237, 99, 100, 70, 143, 101, 102, 0]

 ### Operon type: 195

	 A0A013TKW8	[0, 681, 0, 457, 399, 398, 397, 396, 395]
	 A0A010IT95	[0, 0, 0, 457, 399, 398, 397, 396, 395]
	 A0A009QT77	[0, 0, -1, 457, 399, 398, 397, 396, 395]
	 A0A009MH36	[0, 0, 0, 457, 399, 398, 397, 396, 395]
	 A0A009PRQ9	[0, 457, 117, 0, 399, 398, 397, 396, 395]
	 A0A009S0T6	[0, 0, 457, 117, 399, 398, 397, 396, 395]
	 A0A009GWD0	[143, 0, 0, 457, 399, 398, 397, 396, 395]
	 A0A009I5G9	[0, 0, 457, 117, 399, 398, 397, 396, 395]

 ### Operon type: 196

	 A0A013TMJ7	[589, -1, 0, 457, 399, 396, 395, 0, 0]

 ### Operon type: 197

	 A0A009HJJ5	[334, 386, 385, 0, 384, 383, 0, 613, 52]
	 A0A009I8I7	[334, 386, 385, 82, 384, 383, 0, 613, 52]

 ### Operon type: 198

	 A0A010JJN4	[0, 386, 385, 0, 384, 383, 0, 613, 523]
	 A0A013TPR7	[334, 386, 385, 0, 384, 383, 0, 613, 523]
	 A0A009PMT3	[334, 386, 385, 0, 384, 383, 118, 613, 523]
	 A0A009RMI1	[0, 386, 385, 0, 384, 383, 0, 613, 0]
	 A0A009YG45	[0, 334, 386, 385, 384, 0, 383, 118, 613]

 ### Operon type: 199

	 A0A009SEP4	[334, 386, 385, 82, 384, 0, 383, 118, 0]

 ### Operon type: 200

	 A0A009NI48	[334, 386, 385, 0, 384, 0, 0, 0, -1]

 ### Operon type: 201

	 A0A011WLE7	[0, 0, 0, 0, 0, 343, 0, 0, 0]
	 A0A011VU44	[0, 0, 0, 0, 0, 343, 0, 0, 0]

 ### Operon type: 202

	 A0A011VAP2	[0, 0, 271, 0, 0, 0, 0, 0, 465]

 ### Operon type: 203

	 A0A011VRJ8	[0, 0, 0, 0, 0, 0, 271, 0, 0]

 ### Operon type: 204

	 A0A011RNU1	[0, 0, 0, 0, 0, 0, 562, 562, 561]

 ### Operon type: 205

	 A0A011VKJ9	[0, 0, 0, 0, 0, 0, 561, 562, -1]

 ### Operon type: 206

	 A0A011WT35	[345, 0, 0, 0, 0, 0, 0, 0, 0]
	 A0A011V490	[0, 345, 0, 0, 0, 0, 0, 0, 0]

 ### Operon type: 207

	 A0A009T185	[696, 0, 527, 527, 364, 695, 527, 363, 628]

 ### Operon type: 208

	 A0A010IN36	[365, 589, 0, 0, 364, 695, 527, 363, 628]

 ### Operon type: 209

	 A0A009PG43	[695, 527, 179, 698, 0, 363, 628, 0, 0]

 ### Operon type: 210

	 A0A011PQZ7	[0, 0, 0, 539, 538, 0, 537, 0, 0]

 ### Operon type: 211

	 A0A011TUX4	[0, 0, 0, 0, 538, 0, 0, 537, 0]

 ### Operon type: 212

	 A0A011STZ9	[0, 0, 0, 537, 0, 0, 0, 0, 0]

 ### Operon type: 213

	 A0A011PUJ9	[0, 0, 0, 0, 0, 0, 0, 0, 604]
	 A0A011PRF5	[604, 0, 0, 0, 0, 0, 0, 0, 0]

 ### Operon type: 214

	 A0A011PFY8	[0, 0, 0, 0, 0, 0, 0, 0, 675]

 ### Operon type: 215

	 A0A011PNS3	[698, 675, 0, 0, 0, 0, 0, 0, 0]

 ### Operon type: 216

	 A0A011T648	[0, 675, 0, 0, 0, 0, 0, 695, 0]

 ### Operon type: 217

	 A0A011U3C2	[0, 0, 611, 0, 0, 0, 0, 0, 0]
	 A0A011AEN3	[0, 0, 0, 0, 0, 0, 611, 0, 0]

 ### Operon type: 218

	 A0A011AAZ2	[0, 44, 0, 0, 0, 611, 611, 611, 0]

 ### Operon type: 219

	 A0A011T698	[0, 0, 0, 0, 0, 618, 611, 0, 0]

 ### Operon type: 220

	 A0A009SNL0	[84, 83, 0, 0, 0, 0, 0, 0, 0]

 ### Operon type: 221

	 A0A009ZZC8	[-1, 83, 84, 0, 0, 0, 0, 0, 0]

 ### Operon type: 222

	 A0A009ZG48	[0, 0, 0, 681, 0, 0, 0, 0, 0]

 ### Operon type: 223

	 A0A011PEJ8	[0, 0, 682, 681, 0, 0, 0, 0, 0]

 ### Operon type: 224

	 A0A011QNJ7	[575, 0, 0, 681, 0, 0, 0, 575, 0]

 ### Operon type: 225

	 A0A011MMJ4	[0, 0, 0, 0, 0, 0, 0, 575, 0]

 ### Operon type: 226

	 A0A011R8M3	[0, 0, 682, 681, 0, 225, 0, 575, 0]

 ### Operon type: 227

	 A0A009TJ77	[0, 144, 0, 0, 0, 0, 0, 0, 0]

 ### Operon type: 228

	 A0A010RTE7	[0, 0, 0, 0, 0, 0, 30, 144, 0]

 ### Operon type: 229

	 A0A013TPQ9	[340, 339, 338, 337, 336, 595, 589, 335, 524]
	 A0A013S8F0	[340, 339, 338, 337, 336, 595, 589, 335, 524]
	 A0A009PMU2	[340, 339, 338, -1, 336, 595, 589, 335, 524]
	 A0A009SZ84	[340, 339, 338, 337, 336, 595, 589, 335, 524]

 ### Operon type: 230

	 A0A009IG48	[0, 0, 0, 136, 135, 0, 0, 0, 622]

 ### Operon type: 231

	 A0A009IMQ0	[0, 0, 0, 136, 135, 0, 0, 0, 0]

 ### Operon type: 232

	 A0A009SWV1	[0, 0, 0, 0, 0, 0, 0, 136, 0]

 ### Operon type: 233

	 A0A011TAW2	[0, 0, 0, 0, 0, 0, 450, 0, 0]
	 A0A009SFX8	[450, 0, 0, 0, 0, 0, 0, 0, 0]

 ### Operon type: 234

	 A0A011TZN1	[0, 0, 0, 0, 236, 0, 0, 0, 0]
	 A0A009RHH9	[0, 0, 0, 0, 236, 0, 0, 0, 0]

 ### Operon type: 235

	 A0A009Q512	[0, 0, 0, 0, 219, 0, 0, 0, 0]
	 A0A009PMZ9	[219, 0, 0, 0, 0, 0, 0, 0, 0]

 ### Operon type: 236

	 A0A009IFL2	[0, 46, 0, 45, -1, 0, 0, 0]

 ### Operon type: 237

	 A0A009ZDS1	[-1, -1, 0, 46, 0, 0, 382, 0, 0]

 ### Operon type: 238

	 A0A010IZH1	[-1, 339, 338, 337, 336, 595, 0, 0, 0]
	 A0A009NPS1	[0, 339, 338, 337, 336, -1, 0, 0, 0]
	 A0A009HJM0	[0, 339, 338, 337, 336, 595, 0, 0, 0]

 ### Operon type: 239

	 A0A009HUS9	[339, 338, 0, 0, 0, 0, -1, 0, 0]

 ### Operon type: 240

	 A0A009HM15	[0, 97, 96, 0, 0, 0, -1, 0, 0]

 ### Operon type: 241

	 A0A009RQL5	[0, 0, 0, 0, 0, 0, 97, 96, 0]

 ### Operon type: 242

	 A0A009IJ01	[0, 0, 0, 0, 0, 0, 97, 96, 64]

 ### Operon type: 243

	 A0A009NCH6	[0, 0, 0, 0, 0, 0, 0, 96, 64]

 ### Operon type: 244

	 A0A011UB51	[388, 0, 0, 0, 0, 0, 0, 0, 0]
	 A0A011UFH1	[0, 0, 0, 0, 0, 388, 0, 0, 0]

 ### Operon type: 245

	 A0A011V965	[0, -1, -1, 0, 272, 0, -1, -1, 0]
	 A0A011VHP2	[0, -1, -1, -1, 272, 0, 0, 0, 0]

 ### Operon type: 246

	 A0A010RVD0	[-1, 0, 0, -1, 0, 714, 714, 0, 23]

 ### Operon type: 247

	 A0A010T7Q5	[0, 23, 0, 0, 0, 0, -1, 0, 0]

 ### Operon type: 248

	 A0A010SNM6	[0, 0, -1, 0, 0, 0, 589, 0, 0]
	 A0A010SRR2	[0, 0, -1, 0, 0, 0, 0, 0, 589]

 ### Operon type: 249

	 A0A010SJH7	[0, 0, 589, -1, 0, 0, 216, 0, 0]

 ### Operon type: 250

	 A0A010RKP8	[0, 0, 0, 0, 0, 0, -1, 0, 0]
	 A0A009RG92	[-1, 0, 0, 0, 0, 0, 0, 0, 0]
	 A0A011V107	[0, -1, 0, 0, 0, 0, 0, 0, 0]
	 A0A009QDV7	[-1, 0, 0, 0, 0, 0, 0, 0, 0]
	 A0A011U7M7	[0, 0, -1, 0, 0, 0, 0, 0, 0]
	 A0A009PH57	[0, 0, -1, 0, 0, 0, 0, 0, 0]
	 A0A010JDA6	[-1, 0, 0, 0, 0, 0, 0, 0, 0]
	 A0A009N9Z1	[-1, 0, 0, 0, 0, 0, 0, 0, 0]
	 A0A009H6M2	[-1, 0, 0, 0, 0, 0, 0, 0, 0]
	 A0A009HJU6	[0, 0, 0, 0, 0, 0, 0, 0, -1]
	 A0A009IHQ3	[-1, 0, 0, 0, 0, 0, 0, 0, 0]
	 A0A011UZ32	[0, 0, 0, 0, 0, -1, 0, 0, 0]
	 A0A011UZ49	[0, -1, 0, 0, 0, 0, 0, 0, 0]
	 A0A010TF14	[-1, 0, 0, 0, 0, 0, 0, 0, 0]
	 A0A010RY47	[-1, 0, -1, 0, 0, 0, 0, 0, 0]
	 A0A009TG92	[0, 0, -1, 0, 0, 0, 0, 0, 0]

 ### Operon type: 251

	 A0A010SJF9	[0, 0, 0, 0, 0, -1, 0, 41, -1]

 ### Operon type: 252

	 A0A010T5D8	[0, 0, 0, -1, 0, -1, 327, 0, 0]

 ### Operon type: 253

	 A0A011ML54	[0, 0, 0, 513, 0, 0, 0, 0, -1]

 ### Operon type: 254

	 A0A011NHY1	[0, 0, 0, 0, 0, 589, 0, 0, 0]

 ### Operon type: 255

	 A0A010Z171	[0, 0, 0, 0, 0, 0, 589, 0, 432]

 ### Operon type: 256

	 A0A010ZX98	[0, 0, 0, 0, 0, 10, 589, 589, 0]

 ### Operon type: 257

	 A0A010YRE8	[0, 0, 0, 0, 0, 0, 0, 10, 0]

 ### Operon type: 258

	 A0A011AF05	[0, 0, 94, 10, 0, 0, 0, 0, 0]

 ### Operon type: 259

	 A0A011SQL0	[621, 0, -1, 0, 0, 0, 0, 0, 0]

 ### Operon type: 260

	 A0A009ZC82	[0, 0, 621, 0, 0, 0, 0, 0, 0]

 ### Operon type: 261

	 A0A011P3F6	[622, 0, 0, 621, 0, 0, 0, 0, 0]

 ### Operon type: 262

	 A0A011T697	[589, 0, 0, 0, 0, 0, 0, 0, 302]

 ### Operon type: 263

	 A0A011TDD1	[0, 202, 589, 0, 0, 0, 0, 0, 0]

 ### Operon type: 264

	 A0A011VW24	[0, 0, 700, 0, 0, 0, 0, 0, -1]

 ### Operon type: 265

	 A0A011T8V3	[0, 0, 700, 0, 0, 0, 0, 0, 0]

 ### Operon type: 266

	 A0A010TH98	[477, 0, 0, 700, 0, 0, 0, 0, 0]

 ### Operon type: 267

	 A0A011QVR3	[0, 0, 0, 0, 0, 0, 0, 701, 700]

 ### Operon type: 268

	 A0A011RM25	[0, 0, 0, 0, 0, 700, 0, 566, 0]

 ### Operon type: 269

	 A0A011VXC2	[-1, 392, 0, 0, 0, 0, 0, 0, 0]

 ### Operon type: 270

	 A0A011VYF1	[700, 0, 0, 0, 0, 0, 388, 0, 0]

 ### Operon type: 271

	 A0A010S415	[-1, 700, 0, 215, 0, 0, 0, 0, 371]

 ### Operon type: 272

	 A0A011QSN2	[0, 0, 0, 0, 0, 0, 0, 0, 0]
	 A0A011PBM9	[0, 0, 0, 0, 0, 0, 0, 0, 0]
	 A0A011P4U7	[0, 0, 0, 0, 0, 0, 0, 0, 0]
	 A0A011P9Z5	[0, 0, 0, 0, 0, 0, 0, 0, 0]
	 A0A011QMJ8	[0, 0, 0, 0, 0, 0, 0, 0, 0]
	 A0A011SGD5	[0, 0, 0, 0, 0, 0, 0, 0, 0]
	 A0A011NAJ1	[0, 0, 0, 0, 0, 0, 0, 0, 0]
	 A0A011NAY5	[0, 0, 0, 0, 0, 0, 0, 0, 0]
	 A0A011NDM5	[0, 0, 0, 0, 0, 0, 0, 0, 0]
	 A0A011NMI8	[0, 0, 0, 0, 0, 0, 0, 0, 0]
	 A0A011NTU3	[0, 0, 0, 0, 0, 0, 0, 0, 0]
	 A0A011Q056	[0, 0, 0, 0, 0, 0, 0, 0, 0]
	 A0A011Q1B3	[0, 0, 0, 0, 0, 0, 0, 0, 0]
	 A0A011QVV5	[0, 0, 0, 0, 0, 0, 0, 0, 0]
	 A0A011N2Z0	[0, 0, 0, 0, 0, 0, 0, 0, 0]
	 A0A011N3C3	[0, 0, 0, 0, 0, 0, 0, 0, 0]
	 A0A011N4G4	[0, 0, 0, 0, 0, 0, 0, 0, 0]
	 A0A011WSE5	[0, 0, 0, 0, 0, 0, 0, 0, 0]
	 A0A011PKU5	[0, 0, 0, 0, 0, 0, 0, 0, 0]
	 A0A011PJK8	[0, 0, 0, 0, 0, 0, 0, 0, 0]
	 A0A011PNN2	[0, 0, 0, 0, 0, 0, 0, 0, 0]
	 A0A013T8M5	[0, 0, 0, 0, 0, 0, 0, 0, 0]
	 A0A013TEV4	[0, 0, 0, 0, 0, 0, 0, 0, 0]
	 A0A011VYF6	[0, 0, 0, 0, 0, 0, 0, 0, 0]
	 A0A010IPH1	[0, 0, 0, 0, 0, 0, 0, 0, 0]
	 A0A011VWR4	[0, 0, 0, 0, 0, 0, 0, 0, 0]
	 A0A011WKI4	[0, 0, 0, 0, 0, 0, 0, 0, 0]
	 A0A013TPV4	[0, 0, 0, 0, 0, 0, 0, 0, 0]
	 A0A013SL47	[0, 0, 0, 0, 0, 0, 0, 0, 0]
	 A0A011WUT3	[0, 0, 0, 0, 0, 0, 0, 0, 0]
	 A0A013S2B9	[0, 0, 0, 0, 0, 0, 0, 0, 0]
	 A0A013SBR8	[0, 0, 0, 0, 0, 0, 0, 0, 0]
	 A0A011VZG0	[0, 0, 0, 0, 0, 0, 0, 0, 0]
	 A0A011VW71	[0, 0, 0, 0, 0, 0, 0, 0, 0]
	 A0A011V8Y9	[0, 0, 0, 0, 0, 0, 0, 0, 0]
	 A0A011VMV7	[0, 0, 0, 0, 0, 0, 0, 0, 0]
	 A0A011VNE2	[0, 0, 0, 0, 0, 0, 0, 0, 0]
	 A0A011VSC9	[0, 0, 0, 0, 0, 0, 0, 0, 0]
	 A0A011VUV0	[0, 0, 0, 0, 0, 0, 0, 0, 0]
	 A0A011UHL2	[0, 0, 0, 0, 0, 0, 0, 0, 0]
	 A0A011TWN2	[0, 0, 0, 0, 0, 0, 0, 0, 0]
	 A0A009QQ47	[0, 0, 0, 0, 0, 0, 0, 0, 0]
	 A0A011TAF9	[0, 0, 0, 0, 0, 0, 0, 0, 0]
	 A0A011TLH0	[0, 0, 0, 0, 0, 0, 0, 0, 0]
	 A0A011UBN9	[0, 0, 0, 0, 0, 0, 0, 0, 0]
	 A0A009PDV4	[0, 0, 0, 0, 0, 0, 0, 0, 0]
	 A0A009PG53	[0, 0, 0, 0, 0, 0, 0, 0, 0]
	 A0A009ISY0	[0, 0, 0, 0, 0, 0, 0, 0, 0]
	 A0A009M4K0	[0, 0, 0, 0, 0, 0, 0, 0, 0]
	 A0A009MGJ1	[0, 0, 0, 0, 0, 0, 0, 0, 0]
	 A0A009MGQ8	[0, 0, 0, 0, 0, 0, 0, 0, 0]
	 A0A009T1I8	[0, 0, 0, 0, 0, 0, 0, 0, 0]
	 A0A010IZE4	[0, 0, 0, 0, 0, 0, 0, 0, 0]
	 A0A009I0I9	[0, 0, 0, 0, 0, 0, 0, 0, 0]
	 A0A009IRJ6	[0, 0, 0, 0, 0, 0, 0, 0, 0]
	 A0A009PT82	[0, 0, 0, 0, 0, 0, 0, 0, 0]
	 A0A009NQA1	[0, 0, 0, 0, 0, 0, 0, 0, 0]
	 A0A009MMM3	[0, 0, 0, 0, 0, 0, 0, 0, 0]
	 A0A009N031	[0, 0, 0, 0, 0, 0, 0, 0, 0]
	 A0A009N123	[0, 0, 0, 0, 0, 0, 0, 0, 0]
	 A0A009RR21	[0, 0, 0, 0, 0, 0, 0, 0, 0]
	 A0A009SWU0	[0, 0, 0, 0, 0, 0, 0, 0, 0]
	 A0A009SCM5	[0, 0, 0, 0, 0, 0, 0, 0, 0]
	 A0A009RHH7	[0, 0, 0, 0, 0, 0, 0, 0, 0]
	 A0A009RMD0	[0, 0, 0, 0, 0, 0, 0, 0, 0]
	 A0A009HBT3	[0, 0, 0, 0, 0, 0, 0, 0, 0]
	 A0A009MH90	[0, 0, 0, 0, 0, 0, 0, 0, 0]
	 A0A009Q3K7	[0, 0, 0, 0, 0, 0, 0, 0, 0]
	 A0A010SHY1	[0, 0, 0, 0, 0, 0, 0, 0, 0]
	 A0A009R2X0	[0, 0, 0, 0, 0, 0, 0, 0, 0]
	 A0A009R4N4	[0, 0, 0, 0, 0, 0, 0, 0, 0]
	 A0A009RBQ2	[0, 0, 0, 0, 0, 0, 0, 0, 0]
	 A0A009QVK8	[0, 0, 0, 0, 0, 0, 0, 0, 0]
	 A0A009HTN9	[0, 0, 0, 0, 0, 0, 0, 0, 0]
	 A0A009HIL8	[0, 0, 0, 0, 0, 0, 0, 0, 0]
	 A0A009I463	[0, 0, 0, 0, 0, 0, 0, 0, 0]
	 A0A009HL81	[0, 0, 0, 0, 0, 0, 0, 0, 0]
	 A0A011UTJ0	[0, 0, 0, 0, 0, 0, 0, 0, 0]
	 A0A011UWH1	[0, 0, 0, 0, 0, 0, 0, 0, 0]
	 A0A011UFM5	[0, 0, 0, 0, 0, 0, 0, 0, 0]
	 A0A011UG71	[0, 0, 0, 0, 0, 0, 0, 0, 0]
	 A0A011UGX8	[0, 0, 0, 0, 0, 0, 0, 0, 0]
	 A0A009PAG1	[0, 0, 0, 0, 0, 0, 0, 0, 0]
	 A0A009SHB3	[0, 0, 0, 0, 0, 0, 0, 0, 0]
	 A0A009SIF9	[0, 0, 0, 0, 0, 0, 0, 0, 0]
	 A0A010ZJQ6	[0, 0, 0, 0, 0, 0, 0, 0, 0]
	 A0A010YJA7	[0, 0, 0, 0, 0, 0, 0, 0, 0]
	 A0A010SPJ7	[0, 0, 0, 0, 0, 0, 0, 0, 0]
	 A0A010SSQ8	[0, 0, 0, 0, 0, 0, 0, 0, 0]
	 A0A010T025	[0, 0, 0, 0, 0, 0, 0, 0, 0]
	 A0A010ZTI3	[0, 0, 0, 0, 0, 0, 0, 0, 0]
	 A0A011A146	[0, 0, 0, 0, 0, 0, 0, 0, 0]
	 A0A011AIL7	[0, 0, 0, 0, 0, 0, 0, 0, 0]
	 A0A010YZS8	[0, 0, 0, 0, 0, 0, 0, 0, 0]
	 A0A010Z120	[0, 0, 0, 0, 0, 0, 0, 0, 0]
	 A0A009T3J5	[0, 0, 0, 0, 0, 0, 0, 0, 0]

 ### Operon type: 273

	 A0A010TG27	[510, 0, 34, 0, 0, 0, 595, 0, 0]

 ### Operon type: 274

	 A0A011PMK1	[0, 0, 0, 0, 0, 0, 0, 510, 0]

 ### Operon type: 275

	 A0A009HRU1	[0, 99, 0, 0, 0, 0, 0, 0, 0]

 ### Operon type: 276

	 A0A009HSN8	[0, 224, 0, 0, 0, -1, 0, 187, -1]

 ### Operon type: 277

	 A0A009HV82	[78, 0, 0, 0, 0, 0, 0, 0, 0]

 ### Operon type: 278

	 A0A009IG74	[0, 0, 109, 0, 446, -1, 0, 0, 0]

 ### Operon type: 279

	 A0A009IJ90	[0, 53, 0, 0, 0, 0, 0, 0, 0]

 ### Operon type: 280

	 A0A009ISE1	[383, 0, 613, 0, 0, -1, 0, 0, 0]

 ### Operon type: 281

	 A0A009NM94	[0, 553, 553, 0, 0, 0, 202, 0, 0]

 ### Operon type: 282

	 A0A009Q4N5	[0, 0, 220, 0, 0, 0, 0, 0, 0]

 ### Operon type: 283

	 A0A009SSZ9	[0, 88, 0, 0, 0, 0, 0, 0, 0]

 ### Operon type: 284

	 A0A009TBM2	[0, 0, 0, 0, 0, 0, 0, 0, 442]

 ### Operon type: 285

	 A0A009Q8S9	[0, 0, 622, 442, 0, 261, 0, 0, 0]

 ### Operon type: 286

	 A0A009YIH1	[0, 0, 0, 0, 157, 0, -1, -1, 2]

 ### Operon type: 287

	 A0A009YR05	[0, 0, 0, 0, 43, 0, 0, 0, 0]

 ### Operon type: 288

	 A0A009Z004	[149, 0, 149, 0, 0, 432, 0, 0, 0]

 ### Operon type: 289

	 A0A010IGH8	[0, 0, 0, 0, 0, 0, 0, 312, 0]

 ### Operon type: 290

	 A0A010JIN9	[380, 0, 0, 144, 208, 0, 0, 0, 0]

 ### Operon type: 291

	 A0A010RS09	[0, 0, 0, 0, 30, 0, 512, 512, 0]

 ### Operon type: 292

	 A0A010RUQ5	[0, 0, 0, 0, 0, 0, 0, 0, 200]

 ### Operon type: 293

	 A0A010S195	[621, 0, 39, 38, 0, 0, 0, 0, 0]

 ### Operon type: 294

	 A0A010SCZ2	[0, 0, 0, 0, 0, 0, 0, 464, 0]

 ### Operon type: 295

	 A0A010SN41	[0, 0, 0, 0, 459, 0, 0, 0, 0]

 ### Operon type: 296

	 A0A010SSU2	[0, 0, 0, 0, 70, 0, -1, 608, 0]

 ### Operon type: 297

	 A0A010SUP6	[0, 0, 0, 0, 0, 0, 0, 38, 0]

 ### Operon type: 298

	 A0A010SUY9	[0, 0, 0, 0, 0, 225, 682, 0]

 ### Operon type: 299

	 A0A010THK2	[0, 0, -1, 0, 0, 512, 432, 0, 0]

 ### Operon type: 300

	 A0A010SRL4	[34, 0, 0, -1, 0, 0, 0, 432, 132]

 ### Operon type: 301

	 A0A010YF95	[657, 0, 0, 0, 0, 0, 0, 0, 0]

 ### Operon type: 302

	 A0A010YT39	[0, 509, 0, 0, 0, 0, 0, 0, 0]

 ### Operon type: 303

	 A0A010YX61	[285, 611, 0, 700, 0, 0, 0, 0, 0]

 ### Operon type: 304

	 A0A010ZWJ8	[0, 0, 0, 0, 0, 610, 0, 0, 0]

 ### Operon type: 305

	 A0A009ZVR4	[558, 0, 611, 0, 0, 28, 0, 0, 0]

 ### Operon type: 306

	 A0A011AHW1	[0, 0, 0, 0, 0, 0, 0, 11, 0]

 ### Operon type: 307

	 A0A011NE37	[440, 0, 0, 0, 0, 0, 0, 0, 0]

 ### Operon type: 308

	 A0A011NF78	[0, 0, 721, 0, 0, 0, 0, 0, 0]

 ### Operon type: 309

	 A0A011NVE2	[0, 0, 0, 695, 0, 0, 589, 0, 483]

 ### Operon type: 310

	 A0A011NXJ4	[0, 0, 0, 0, 0, 0, 0, 0, 480]

 ### Operon type: 311

	 A0A011P8I1	[0, 0, 612, 611, 0, 0, 0, 0, 610]

 ### Operon type: 312

	 A0A011P9Q7	[605, 0, 0, 0, 0, 0, 0, 0, 0]

 ### Operon type: 313

	 A0A011PCT1	[0, 0, 0, 0, 0, 0, 0, 683, 0]

 ### Operon type: 314

	 A0A011PJ75	[0, 695, 527, 695, 0, 0, 0, 0, 0]

 ### Operon type: 315

	 A0A011PRB4	[0, 0, 0, 0, 0, 0, 0, 536, 0]

 ### Operon type: 316

	 A0A011Q5V7	[656, 0, 0, 0, 0, 0, 0, 0, 0]

 ### Operon type: 317

	 A0A011QU35	[0, 0, 0, 0, 710, 0, 0, 0, 0]

 ### Operon type: 318

	 A0A011QVT2	[699, 0, 0, 0, 0, 0, 0, 698, 0]

 ### Operon type: 319

	 A0A011RP14	[0, 0, 0, 0, 0, 0, 0, 560, 0]

 ### Operon type: 320

	 A0A011SM49	[589, 0, 560, 0, 0, 0, 267, 0, 0]

 ### Operon type: 321

	 A0A011AM27	[537, 0, 0, 0, 384, 0, 0, 0, 17]

 ### Operon type: 322

	 A0A011T607	[0, 0, 627, 0, 0, 0, 0, 0, 202]

 ### Operon type: 323

	 A0A010S5W8	[0, 0, 468, 627, 0, 0, 0, 0, 0]

 ### Operon type: 324

	 A0A011MSR2	[0, 0, 0, 468, 0, 0, 0, 653, 0]

 ### Operon type: 325

	 A0A010YYJ5	[0, 0, 0, 653, 0, 0, 0, 28, 28]

 ### Operon type: 326

	 A0A011TED9	[0, 0, 0, 0, 0, 204, 0, 0, 0]

 ### Operon type: 327

	 A0A011TXS5	[0, 266, 0, 0, 0, 0, 0, 0, 0]

 ### Operon type: 328

	 A0A011U144	[0, 200, 0, 0, 0, 0, 480, 419, 0]

 ### Operon type: 329

	 A0A011U1C8	[618, 0, 0, 0, 0, 0, 0, 0, 199]

 ### Operon type: 330

	 A0A011U483	[0, 0, 0, 0, 0, 617, 0, 0, 0]

 ### Operon type: 331

	 A0A011UDF3	[0, 0, 0, 0, 0, 232, 0, 0, 0]

 ### Operon type: 332

	 A0A011UG86	[0, 623, 0, 0, 0, 41, 0, 0, 0]

 ### Operon type: 333

	 A0A011UGY3	[0, 0, 0, 36, 0, 0, 0, 36, 0]

 ### Operon type: 334

	 A0A011UJN3	[0, 363, 0, 0, 0, 0, 0, 0, 0]

 ### Operon type: 335

	 A0A009INE0	[365, 0, 0, 0, 0, 0, 0, 527, 363]

 ### Operon type: 336

	 A0A011UQB5	[551, 516, 0, 0, 0, 0, 0, 388, 0]

 ### Operon type: 337

	 A0A011UVI5	[0, 0, 0, 0, 0, 42, 695, 695, 0]

 ### Operon type: 338

	 A0A011UWI3	[0, 0, 0, 0, 115, 0, 62, 621, 0]

 ### Operon type: 339

	 A0A011V5E6	[0, 0, 0, 0, 0, 305, 0, 0, 0]

 ### Operon type: 340

	 A0A011M4H6	[465, 0, 491, 0, 0, 0, 0, 0, 0]

 ### Operon type: 341

	 A0A011VSV3	[0, 0, 0, 0, 0, 0, 670, 0, 0]

 ### Operon type: 342

	 A0A011VWI0	[0, 0, 0, 0, 0, 283, 0, 0, 0]

 ### Operon type: 343

	 A0A011VZ91	[348, 0, 0, 0, 0, 0, 0, 0, 0]

 ### Operon type: 344

	 A0A011W213	[0, 0, 0, 0, 0, 484, 0, 0, 0]

 ### Operon type: 345

	 A0A011WP76	[0, 0, 0, 0, 0, 0, 0, 0, 703]

 ### Operon type: 346

	 A0A011WSD4	[0, 0, 0, -1, 0, 653, 0, 0, 345]

 ### Operon type: 347

	 A0A011VZF5	[0, 0, 347, 346, 0, 653, 345, 653, 0]

 ### Operon type: 348

	 A0A011WSU6	[0, 653, 0, 0, 460, 0, 0, 0, 0]

 ### Operon type: 349

	 A0A013S843	[0, 335, 0, 0, 0, 0, -1, 298, 0]

 ### Operon type: 350

	 A0A013S981	[294, 0, 0, 0, 0, 0, 0, 0, 0]

 ### Operon type: 351

	 A0A013T337	[0, 0, 0, 0, 0, 0, 0, 0, 425]

 ### Operon type: 352

	 A0A013T5E6	[0, 0, 0, 424, 0, 0, 0, 0, 0]

 ### Operon type: 353

	 A0A013SGL3	[333, 286, 285, 284, 332, 663, 331, 618, 330]
	 A0A010KAV2	[333, 0, 0, 284, 332, 663, 331, 618, 330]
	 A0A009RQH3	[333, 0, 0, 284, 332, 663, 331, 618, 330]
	 A0A009NE81	[333, 286, 285, 284, 332, 663, 331, 618, 330]
	 A0A009I5Z6	[333, 0, 285, 284, 332, 663, 331, 618, 330]

 ### Operon type: 354

	 A0A013TB41	[333, -1, 0, 0, 332, 663, 331, 618, 330]

 ### Operon type: 355

	 A0A009H3X4	[333, 0, 0, 0, 332, 663, -1, 512, -1]

 ### Operon type: 356

	 A0A009YL68	[0, 0, 618, 333, 332, 0, 0, 3, 0]

 ### Operon type: 357

	 A0A009T9H0	[0, 2, 622, -1, 0, 0, 100, 0, 99]

 ### Operon type: 358

	 A0A010THH5	[0, 56, 46, 42, 0, 0, 549, 0, 382]

 ### Operon type: 359

	 A0A011WSH8	[0, 0, 0, 595, 461, 0, 0, 0, 0]
	 A0A011VZE3	[0, 0, 0, 595, 461, 0, 0, 0, 0]

 ### Operon type: 360

	 A0A011NAF3	[0, 0, 0, 0, 0, 0, 595, 0, 543]

 ### Operon type: 361

	 A0A009IQ93	[194, 0, 595, 0, 0, 132, 0, 0, 0]

 ### Operon type: 362

	 A0A009TLU4	[0, 266, -1, 158, 0, 21, 0, -1, -1]

 ### Operon type: 363

	 A0A010JNG7	[457, 0, 0, 387, 0, 0, 0, 0, 0]

 ### Operon type: 364

	 A0A010S003	[666, 0, 0, 0, 0, 623, 623, 106, 0]

 ### Operon type: 365

	 A0A010SMN8	[0, -1, 40, 0, 494, 0, 0, 673, 0]

 ### Operon type: 366

	 A0A010SXS1	[0, 179, 0, 0, 0, 262, 0, 0, 698]

 ### Operon type: 367

	 A0A010T689	[17, -1, 549, 563, 0, 0, 0, 0, 0]

 ### Operon type: 368

	 A0A010TBB4	[0, 79, 0, 41, 0, 0, 0, 0, 618]

 ### Operon type: 369

	 A0A010YFK3	[0, 567, 0, 0, 0, 0, 255, 0, 199]

 ### Operon type: 370

	 A0A010YVY1	[7, 0, 7, 0, 0, 0, 0, 106, 0]

 ### Operon type: 371

	 A0A010Z7T4	[0, 0, 0, 0, 0, 0, 0, 487, 539]

 ### Operon type: 372

	 A0A010RRR9	[0, 0, 0, 0, 600, 0, 0, 488, 487]

 ### Operon type: 373

	 A0A010SIA7	[0, 0, 488, 58, 0, 0, 0, 0, 0]

 ### Operon type: 374

	 A0A010ZSZ2	[0, 44, 0, 14, 13, 0, 0, 0, 0]

 ### Operon type: 375

	 A0A010Z0Y7	[0, 0, 0, 0, 13, 215, 0, 0, 0]

 ### Operon type: 376

	 A0A010ZUR7	[467, 12, 0, 12, 0, 11, 106, 0, 0]

 ### Operon type: 377

	 A0A011A0M8	[0, 0, 432, 0, 45, 0, 0, 9, 9]

 ### Operon type: 378

	 A0A011NFL4	[0, 552, 0, 0, 511, 510, 0, 509, 0]

 ### Operon type: 379

	 A0A011P407	[0, 0, 620, 619, 0, 0, 618, 0, 617]

 ### Operon type: 380

	 A0A011QGT2	[595, 0, 0, 594, 593, 0, 0, 0, 0]

 ### Operon type: 381

	 A0A011QSA4	[724, 0, 723, 722, 0, 0, 0, 0, 721]

 ### Operon type: 382

	 A0A011T6J6	[0, 656, 0, 611, 0, 0, 301, 0, 300]

 ### Operon type: 383

	 A0A011TAL2	[0, 627, 0, 0, 0, 203, 0, 481, 0]

 ### Operon type: 384

	 A0A011TYT7	[0, 0, 0, 0, 0, 0, 265, 264, 264]

 ### Operon type: 385

	 A0A011TZG0	[432, 654, 0, 0, 0, 0, 0, 400, 0]

 ### Operon type: 386

	 A0A011Q6N5	[0, 0, 0, 0, 0, 0, 655, 654, 655]

 ### Operon type: 387

	 A0A011UII7	[0, 0, 0, 0, 0, 483, 263, 0, 0]

 ### Operon type: 388

	 A0A011UNT9	[261, 269, 0, 0, 0, 0, 0, 0, 0]

 ### Operon type: 389

	 A0A011SIS0	[0, 642, 270, 270, 0, 0, 0, 269, 0]

 ### Operon type: 390

	 A0A011UT49	[0, 44, 0, 0, 0, 0, 179, 259, 0]

 ### Operon type: 391

	 A0A011VU65	[256, 0, 0, 0, 0, 255, 0, 0, 0]

 ### Operon type: 392

	 A0A011VV03	[0, 467, 0, 0, 466, 465, 0, 0, 0]

 ### Operon type: 393

	 A0A011VVZ9	[0, 0, -1, 0, 0, 464, 463, 463, 462]

 ### Operon type: 394

	 A0A011VWX7	[698, 393, 0, 0, 0, 0, 0, 550, 0]

 ### Operon type: 395

	 A0A011VXK7	[553, 553, 0, 391, 0, 0, 0, 658, 0]

 ### Operon type: 396

	 A0A011W0I6	[344, 0, 0, 0, 0, 434, 0, 513, 0]

 ### Operon type: 397

	 A0A010YEF6	[0, 344, 0, 0, 0, 0, 0, 0, 26]

 ### Operon type: 398

	 A0A013SQH1	[0, 0, 0, 0, 459, 458, 0, 457, 521]

 ### Operon type: 399

	 A0A009LNU8	[451, 453, 454, 455, 0, 158, 0, 457, 0]

 ### Operon type: 400

	 A0A013SRG6	[456, 455, 454, 453, 0, 452, 0, 451, 507]

 ### Operon type: 401

	 A0A009IQU8	[0, 453, 0, 0, 0, 452, 507, 0, 0]

 ### Operon type: 402

	 A0A010K2K8	[454, 455, 456, 0, 0, 0, 0, -1, 457]

 ### Operon type: 403

	 A0A011NPR8	[0, 507, 0, 0, 0, 0, 506, 0, 0]

 ### Operon type: 404

	 A0A010SEA2	[660, 506, 56, 0, 0, 0, 0, 0, 0]

 ### Operon type: 405

	 A0A009ZIC0	[76, 81, 490, 156, 316, 495, 80, 79, 315]

 ### Operon type: 406

	 A0A009ZB47	[127, 27, 0, 0, 0, 653, 380, 0, 0]

 ### Operon type: 407

	 A0A010RM40	[493, 595, 492, 0, 0, 0, 0, -1, 616]

 ### Operon type: 408

	 A0A010RRQ6	[0, 491, 0, 0, 0, 494, 490, 489, 0]

 ### Operon type: 409

	 A0A010S423	[301, 0, 0, 0, 0, 0, 0, 62, 557]

 ### Operon type: 410

	 A0A010T0I7	[0, 0, 26, 0, 0, 612, 723, 595, 0]

 ### Operon type: 411

	 A0A011AHU9	[0, 0, 0, 0, 0, 0, 0, 8, 514]

 ### Operon type: 412

	 A0A010YY02	[0, 6, 0, 0, 6, 474, 5, 0, 8]

 ### Operon type: 413

	 A0A011NA78	[0, 522, 0, 0, 0, 714, 0, 0, 616]

 ### Operon type: 414

	 A0A011P8W7	[609, 620, 698, 0, 608, 0, 0, 0, 0]

 ### Operon type: 415

	 A0A011PG97	[673, 0, 0, 672, 0, 0, 0, 0, 0]

 ### Operon type: 416

	 A0A011PKT4	[0, 458, 0, 0, 0, 0, 436, 0, 0]

 ### Operon type: 417

	 A0A011PLB2	[0, 609, 0, 437, 0, 0, 0, 0, 0]

 ### Operon type: 418

	 A0A011R339	[0, 0, 0, 0, 0, 0, 238, 237, 0]

 ### Operon type: 419

	 A0A011SFE5	[0, 0, 0, 553, 0, 0, 552, 619, 551]

 ### Operon type: 420

	 A0A011SJT5	[0, 0, 0, 462, 268, 268, 268, 268, 268]

 ### Operon type: 421

	 A0A011TDQ5	[0, 0, 0, 0, 201, 435, 0, 0, 0]

 ### Operon type: 422

	 A0A011UG17	[171, 0, 349, 0, 37, 256, 0, 0, 0]

 ### Operon type: 423

	 A0A011V8Z7	[0, 0, 0, 0, 0, 274, 273, 0, 0]

 ### Operon type: 424

	 A0A011VT01	[0, 0, 258, 0, 0, 258, 0, 0, 257]

 ### Operon type: 425

	 A0A011VYP6	[0, 0, 0, 0, 0, 0, 349, 601, 0]

 ### Operon type: 426

	 A0A011V392	[392, 0, 536, 347, 346, 303, 0, 460, 304]

 ### Operon type: 427

	 A0A009Q0U9	[356, 123, 122, 0, 121, 120, -1, -1, 0]

 ### Operon type: 428

	 A0A010SRB2	[21, 20, 0, 0, 0, 20, 19, 0, 0]

 ### Operon type: 429

	 A0A011VJ76	[260, 260, 259, 509, 0, 595, 432, 0, 620]

 ### Operon type: 430

	 A0A013SKX6	[0, 0, 559, 0, 446, 446, 308, 307, 306]

 ### Operon type: 431

	 A0A010KA25	[380, 0, 549, 353, 242, 0, 0, 380, 339]

 ### Operon type: 432

	 A0A011WUA8	[639, 0, 0, 318, 0, 0, 0, 317, 317]

 ### Operon type: 433

	 A0A010S4X6	[0, 215, 492, 623, 325, 0, 482, 433, 512]

 ### Operon type: 434

	 A0A011U8C0	[0, 198, 197, 0, 196, 195, 0, 0, 0]
