
 ### Operon type: 1

	 A0A011PVT3	[673, 672, 671, 670, 669, 668, 667, 666, 665]
	 A0A011R7V7	[673, 672, 671, 670, 669, 668, 667, 666, 665]
	 A0A011MET3	[673, 672, 671, 670, 669, 668, 667, 666, 665]

 ### Operon type: 2

	 A0A011UIA1	[163, 162, 161, 160, 159, 158, 157, 156, 0]
	 A0A011V5V3	[0, 163, 162, 161, 160, 159, 158, 157, 156]

 ### Operon type: 3

	 A0A011PTE7	[705, 704, 703, 702, 701, 0, 700, 699, 698]
	 A0A011NE72	[705, 704, 703, 702, 701, 700, 699, 698, 0]

 ### Operon type: 4

	 A0A011NEY3	[374, 723, 724, 722, 722, 721, 720, 719, 0]

 ### Operon type: 5

	 A0A011PAN4	[723, 724, 0, 722, 722, 721, 720, 719, 718]

 ### Operon type: 6

	 A0A011RCD5	[374, 723, 724, 722, 722, 721, 720, 719, 718]

 ### Operon type: 7

	 A0A010JSI3	[454, 453, 452, 451, 450, 449, 448, 447, 0]
	 A0A013T0M4	[454, 453, 452, 451, 450, 449, 448, 447, 0]
	 A0A009HDS5	[454, 453, 452, 451, 450, 449, 448, 447, 0]
	 A0A009RGL2	[0, 453, 452, 451, 450, 449, 448, 447, 0]

 ### Operon type: 8

	 A0A011PF67	[714, 713, 712, 711, 710, 0, 0, 0, 0]
	 A0A011NW66	[714, 713, 712, 711, 710, 490, 0, 0, 0]
	 A0A011NBX7	[714, 713, 712, 711, 710, 490, 0, 0, 0]

 ### Operon type: 9

	 A0A011NS68	[714, 713, 712, 711, 710, 476, 475, 498, 605]
	 A0A011RHX4	[714, 713, 712, 711, 710, 476, 475, 498, 0]

 ### Operon type: 10

	 A0A010JY00	[413, 507, 336, 335, 549, 619, 332, 697, 331]

 ### Operon type: 11

	 A0A013TH30	[507, 336, 335, 334, 333, 619, 332, 697, 331]

 ### Operon type: 12

	 A0A011QAS2	[0, 529, 528, 527, 526, 525, 524, 523, 522]
	 A0A011NEQ1	[0, 529, 528, 527, 526, 525, 524, 523, 522]

 ### Operon type: 13

	 A0A011QSF0	[0, 684, 683, 682, 681, 680, 679, 678, 0]
	 A0A011QBB5	[631, 684, 683, 682, 681, 680, 679, 678, 576]
	 A0A011Q0X6	[631, 684, 683, 682, 681, 680, 679, 678, 576]
	 A0A011Q1X8	[684, 0, 683, 682, 681, 680, 679, 678, 576]

 ### Operon type: 14

	 A0A011PG87	[631, 684, 683, 682, 681, 680, 679, 0, 0]

 ### Operon type: 15

	 A0A013SP43	[301, 300, 394, 299, 298, 297, 296, 295, 294]
	 A0A010K6G6	[301, 300, 394, 299, 298, 297, 296, 0, 294]
	 A0A009RUN3	[301, 300, 394, 299, 298, 297, 296, 295, 294]

 ### Operon type: 16

	 A0A009HR98	[0, 0, 127, 87, 125, 0, 0, 0, 86]
	 A0A009SZB5	[0, 0, 127, 87, 125, 0, 0, 0, 86]

 ### Operon type: 17

	 A0A009Z8F7	[128, 127, 126, 0, 125, 124, 124, 0, 0]

 ### Operon type: 18

	 A0A011QIT1	[652, 651, 650, 649, 648, 647, 646, 645, 644]
	 A0A011QUG8	[652, 651, 650, 649, 648, 647, 0, 646, 645]

 ### Operon type: 19

	 A0A011PL71	[643, 642, 641, 640, 639, 638, 637, 636, 0]
	 A0A011QAB0	[642, 641, 640, 0, 639, 638, 637, 636, 0]

 ### Operon type: 20

	 A0A011PIY7	[695, 0, 694, 693, 692, 691, 690, 0, 689]

 ### Operon type: 21

	 A0A011Q3J4	[0, 695, 694, 693, 692, 691, 690, 557, 0]

 ### Operon type: 22

	 A0A011MH88	[502, 695, 694, 693, 692, 691, 690, 557, 689]

 ### Operon type: 23

	 A0A009QBR9	[0, 0, 353, 352, 351, 0, 0, 348, 145]
	 A0A009TM70	[0, 354, 353, 352, 351, 0, 0, 348, 145]

 ### Operon type: 24

	 A0A009QS71	[355, 354, 353, 352, 351, 350, 0, 349, 348]
	 A0A010ILU3	[355, 354, 353, 0, 351, 350, 243, 349, 348]
	 A0A009MW50	[0, 354, 353, 352, 351, 350, 0, 349, 348]
	 A0A009H3B0	[0, 354, 353, 0, 351, 350, 243, 349, 348]

 ### Operon type: 25

	 A0A009I8S2	[0, 0, 353, 352, 351, 350, 349, 348, 145]

 ### Operon type: 26

	 A0A009ZFR5	[553, 552, 551, 550, 549, 548, 547, 546, 697]
	 A0A009ICH6	[553, 552, 551, 550, 549, 548, 547, 546, 697]

 ### Operon type: 27

	 A0A009GP96	[0, 82, 664, 186, 242, 81, 342, 80, 79]

 ### Operon type: 28

	 A0A009GSR4	[186, 242, 81, 342, 80, 79, 79, 78, 0]

 ### Operon type: 29

	 A0A009IIT6	[82, 664, 186, 242, 80, 79, 79, 78, 0]

 ### Operon type: 30

	 A0A009IS10	[172, 0, 0, 0, 40, 39, 38, 0, 0]

 ### Operon type: 31

	 A0A009QHW5	[0, 0, 0, 355, 40, 39, 38, 0, 123]

 ### Operon type: 32

	 A0A011UVB4	[0, 0, 0, 173, 0, 0, 172, 0, 323]

 ### Operon type: 33

	 A0A011TLH7	[364, 363, 362, 0, 0, 0, 0, 0, 0]
	 A0A011UG87	[362, 363, 364, 0, 0, 0, 0, 0, 0]

 ### Operon type: 34

	 A0A011QIE8	[659, 658, 657, 656, 655, 654, 653, 0, 0]
	 A0A011QDV3	[659, 658, 657, 656, 655, 654, 577, 0, 653]

 ### Operon type: 35

	 A0A011NYU6	[573, 572, 0, 571, 570, 486, 485, 0, 569]

 ### Operon type: 36

	 A0A011PYI6	[573, 572, 0, 571, 570, 569, 568, 602, 0]

 ### Operon type: 37

	 A0A011P1C0	[0, 0, 486, 485, 569, 0, 0, 0, 0]

 ### Operon type: 38

	 A0A011PP01	[560, 559, 558, 0, 0, 0, 0, 0, 0]
	 A0A011NVE7	[560, 559, 558, 0, 0, 0, 0, 0, 0]

 ### Operon type: 39

	 A0A013TH43	[311, 0, 0, 0, 310, 309, 308, 0, 307]
	 A0A009RAF0	[311, 0, 0, 0, 310, 309, 308, 0, 307]

 ### Operon type: 40

	 A0A013S8V2	[416, 415, 0, 0, 0, 414, 0, 0, 0]
	 A0A009R8E1	[0, 481, 0, 416, 415, 0, 0, 414, 0]

 ### Operon type: 41

	 A0A009QFZ7	[329, 328, 0, 0, 533, 0, 326, 325, 0]
	 A0A009TK03	[329, 328, 0, 0, 533, 0, 326, 325, 0]

 ### Operon type: 42

	 A0A013SPM5	[329, 328, 535, 534, 533, 327, 326, 325, 0]
	 A0A010IX62	[329, 328, 535, 534, 533, 0, 326, 325, 0]
	 A0A009HSL1	[329, 328, 535, 534, 533, 0, 326, 325, 0]
	 A0A009MH71	[329, 328, 0, 534, 533, 327, 326, 325, 0]

 ### Operon type: 43

	 A0A009I6Z0	[329, 328, 0, 534, 533, 0, 326, 325, 531]

 ### Operon type: 44

	 A0A009ZIX8	[0, 536, 535, 534, 533, 532, 0, 531, 0]

 ### Operon type: 45

	 A0A009I573	[36, 0, 60, 61, 0, 62, 142, 117, 118]

 ### Operon type: 46

	 A0A009ILP9	[116, 0, 118, 117, 142, 62, 139, 61, 60]

 ### Operon type: 47

	 A0A009I953	[116, 0, 118, 117, 142, 62, 139, 0, -1]

 ### Operon type: 48

	 A0A009QEG7	[144, 143, 0, 0, 142, 141, 140, 0, 139]
	 A0A009IPC3	[144, 143, 0, 0, 142, 141, 140, 0, 139]

 ### Operon type: 49

	 A0A009SX74	[629, 605, 0, 61, 139, 116, 143, 144, 0]

 ### Operon type: 50

	 A0A010JWJ1	[0, 75, 664, 0, 207, 206, 205, 204, 0]
	 A0A009I4A1	[0, 75, 664, 0, 207, 206, 205, 204, 0]

 ### Operon type: 51

	 A0A009QF22	[210, 209, 208, 0, 207, 206, 205, 204, 203]
	 A0A009TBY8	[210, 209, 208, 47, 207, 206, 205, 204, 203]

 ### Operon type: 52

	 A0A009ITT8	[92, 91, 90, 170, 169, 88, 99, 98, 97]

 ### Operon type: 53

	 A0A009NJ90	[92, 91, 90, 170, 0, 89, 88, 99, 98]

 ### Operon type: 54

	 A0A009HZK2	[171, 170, 169, 0, 0, 0, 0, 0, 0]

 ### Operon type: 55

	 A0A009IJ07	[77, 76, 171, 170, 169, 0, 0, 0, 0]

 ### Operon type: 56

	 A0A009S6G1	[77, 76, 171, 170, 169, 99, 98, 97, 96]

 ### Operon type: 57

	 A0A009S5A5	[169, 89, 88, 99, 98, 97, 56, 55, 96]

 ### Operon type: 58

	 A0A013TCN9	[352, 317, 316, 315, 314, 313, 312, 664, 656]
	 A0A009QNC9	[352, 317, 316, 315, 314, 313, 312, 664, 656]
	 A0A010ITG1	[352, 317, 316, 315, 314, 313, 312, 664, 656]
	 A0A009NIJ3	[352, 317, 316, 315, 314, 313, 312, 664, 656]
	 A0A013TRC1	[352, 317, 316, 315, 314, 313, 312, 664, 656]

 ### Operon type: 59

	 A0A009H935	[0, 0, 316, 315, 314, 313, 312, 664, 656]

 ### Operon type: 60

	 A0A009PJF7	[219, 218, 218, 217, 216, 444, 215, 214, 213]
	 A0A009SJZ7	[173, 219, 218, 217, 216, 444, 215, 214, 213]

 ### Operon type: 61

	 A0A009Z5G0	[444, 217, 218, 0, 424, 219, 173, 322]

 ### Operon type: 62

	 A0A010JJC1	[458, 250, 249, 248, 247, 246, 245, 251, 244]
	 A0A010IZ41	[250, 249, 248, 247, 246, 245, 251, 244, 394]

 ### Operon type: 63

	 A0A009QJL6	[458, 250, 249, 248, 0, 244, 394, 30, 0]

 ### Operon type: 64

	 A0A011P2I4	[638, 621, 694, 0, 0, 0, 0, 0, 0]
	 A0A011N9N8	[638, 621, 694, 0, 0, 0, 0, 0, 0]

 ### Operon type: 65

	 A0A009PIB4	[0, 0, 0, 196, 195, 194, 342, 664, 638]
	 A0A009SLR5	[0, 0, 0, 196, 195, 194, 342, 664, 638]

 ### Operon type: 66

	 A0A009HSU4	[0, 0, 379, 664, 0, 621, 601, 638, 342]

 ### Operon type: 67

	 A0A011SF89	[462, 461, 460, 0, 0, 0, 0, 0, 0]

 ### Operon type: 68

	 A0A011UCX7	[0, 642, 462, 461, 0, 460, 154, 0, 0]

 ### Operon type: 69

	 A0A011NYT4	[599, 598, 597, 596, 0, 457, 457, 456, 455]

 ### Operon type: 70

	 A0A011P8E9	[0, 0, 599, 598, 0, 597, 596, 0, 0]

 ### Operon type: 71

	 A0A010TF34	[0, -1, 0, 0, 26, 25, 24, 23, 22]
	 A0A010SYH9	[26, 25, 24, 23, 22, 0, 0, 0, 0]

 ### Operon type: 72

	 A0A010S7A1	[71, 70, 69, 181, 0, 68, 0, 0, 0]
	 A0A010TFJ4	[0, -1, 0, 71, 70, 69, 181, -1, 68]

 ### Operon type: 73

	 A0A009ICP5	[153, 400, 440, 168, 152, 0, 0, 150, 0]

 ### Operon type: 74

	 A0A009MMG9	[153, 400, 440, 168, 152, 0, 151, 150, 235]

 ### Operon type: 75

	 A0A009QLL2	[0, 101, 100, 0, 152, 0, 0, 150, 0]
	 A0A009HTW0	[0, 101, 100, 0, 152, 0, 0, 150, 0]

 ### Operon type: 76

	 A0A009SIV4	[74, 101, 100, 73, 152, 72, 0, 150, 235]

 ### Operon type: 77

	 A0A013TSJ4	[101, 100, 0, 73, 152, 0, 0, 150, 235]

 ### Operon type: 78

	 A0A009Z3V9	[664, 0, 0, 0, 0, 100, 378, 101, 74]

 ### Operon type: 79

	 A0A009T0Q9	[0, 0, 0, 0, 37, 406, 502, 664, 21]

 ### Operon type: 80

	 A0A009YJF4	[0, 456, 455, 15, 48, 502, 664, 0, 21]

 ### Operon type: 81

	 A0A009PAV9	[138, -1, 440, 137, 395, 342, 136, 135, 134]
	 A0A009HJC2	[138, 656, 440, 137, 395, 342, 136, 135, 134]

 ### Operon type: 82

	 A0A009SE02	[0, 134, 0, 0, 0, 135, 136, 342, 395]

 ### Operon type: 83

	 A0A011QNA5	[0, 588, 587, 586, 0, 585, 584, 583, 582]
	 A0A009ZLJ7	[582, 583, 584, 585, 0, 0, 588, 587, 586]

 ### Operon type: 84

	 A0A009QMH5	[585, 584, 583, 582, 347, 346, 345, 344, 343]
	 A0A013T0T6	[585, 584, 583, 582, 347, 346, 345, 344, 343]
	 A0A009HAX1	[585, 584, 583, 582, 347, 346, 345, 344, 343]

 ### Operon type: 85

	 A0A010ILW6	[585, 584, 583, 582, 347, 346, 0, 0, 344]

 ### Operon type: 86

	 A0A009Z9X7	[584, 583, 582, 0, 347, 0, 612, 0, 344]

 ### Operon type: 87

	 A0A009PE10	[0, 0, 0, 582, 347, 131, 345, 344, -1]

 ### Operon type: 88

	 A0A009HS41	[601, 553, 589, 293, 220, 664, 664, 291, 290]
	 A0A009RSB7	[601, 553, 589, 293, 220, 664, 664, 291, 290]
	 A0A009SYU8	[601, 553, 589, 293, 220, 664, 664, 291, 290]

 ### Operon type: 89

	 A0A013SHA9	[601, 553, 589, 293, 292, 664, 664, 291, 290]
	 A0A010IT25	[601, 553, 589, 293, 292, 664, 664, 291, 290]
	 A0A009I466	[601, 553, 589, 293, 292, 664, 664, 291, 290]

 ### Operon type: 90

	 A0A009NMQ9	[601, 553, 589, 293, 292, 0, 664, 664, 291]

 ### Operon type: 91

	 A0A009P8A9	[0, 0, 589, 293, 220, 664, 664, 291, 290]

 ### Operon type: 92

	 A0A011PGU1	[0, 0, 628, 627, 626, 625, 624, 623, 622]
	 A0A011MDH1	[484, 0, 628, 627, 626, 625, 624, 623, 622]

 ### Operon type: 93

	 A0A011V0P4	[474, 366, 0, 0, 428, 0, 0, 504, 503]

 ### Operon type: 94

	 A0A011WPV7	[504, 503, 0, 0, 0, 0, 0, 0, 0]

 ### Operon type: 95

	 A0A011RNP9	[0, 0, 0, 0, 0, 432, 637, 0, 0]

 ### Operon type: 96

	 A0A011V0B5	[465, 0, 0, 0, 0, 0, 432, 0, 0]

 ### Operon type: 97

	 A0A011RQC9	[0, 465, 464, 0, 0, 0, 0, 463, 0]

 ### Operon type: 98

	 A0A011QG28	[580, 579, 627, 0, 626, 625, 594, 578, 595]
	 A0A011RIM8	[580, 579, 0, 0, 626, 625, 594, 578, 595]

 ### Operon type: 99

	 A0A011PHI6	[607, 0, 661, 0, 0, 660, 649, 606, 0]

 ### Operon type: 100

	 A0A011QI68	[0, 0, 661, 660, 0, 0, 0, 0, 0]

 ### Operon type: 101

	 A0A011P700	[0, 0, 677, 676, 0, 0, 0, 0, 0]

 ### Operon type: 102

	 A0A011QSI4	[0, 0, 677, 676, 675, 0, 0, 0, 0]

 ### Operon type: 103

	 A0A011NVJ6	[492, 515, 514, 513, 512, 511, 0, 0, 491]

 ### Operon type: 104

	 A0A011PVP2	[0, 515, 514, 513, 512, 511, 0, 0, 673]

 ### Operon type: 105

	 A0A011NXY7	[0, 0, 514, 0, 512, 0, 0, 0, 0]

 ### Operon type: 106

	 A0A011QR69	[610, 609, 697, 608, 620, 619, 0, 0, 0]
	 A0A011NUB4	[610, 609, 697, 608, 620, 619, 0, 506, 0]

 ### Operon type: 107

	 A0A011NN36	[609, 697, 0, 0, 620, 619, 0, 0, 0]

 ### Operon type: 108

	 A0A011PK69	[697, 634, 0, 0, 620, 619, 0, 0, 0]

 ### Operon type: 109

	 A0A011NYD6	[520, 707, 706, 488, 487, 519, 518, 517, 516]
	 A0A011RMI6	[520, 707, 706, 488, 487, 519, 518, 517, 516]

 ### Operon type: 110

	 A0A011QB28	[521, 520, 707, 0, 0, 519, 518, 517, 516]

 ### Operon type: 111

	 A0A011NF33	[0, 519, 518, 0, 0, 0, 0, 0, 0]

 ### Operon type: 112

	 A0A011NBY4	[437, 0, 0, 436, 0, 0, 435, 0, 0]

 ### Operon type: 113

	 A0A011WRT0	[437, 0, 0, 0, 0, 0, 0, 602, 0]

 ### Operon type: 114

	 A0A011SHV5	[0, 0, 0, 0, 0, 473, 602, 458, 0]

 ### Operon type: 115

	 A0A011NB95	[0, 614, 0, 0, 0, 0, 440, 439, 438]

 ### Operon type: 116

	 A0A011UHT4	[30, 324, 439, 0, 0, 28, 28, 438, 0]

 ### Operon type: 117

	 A0A010Z1W7	[0, 0, 0, 0, 0, 167, 0, 468, 469]

 ### Operon type: 118

	 A0A011VY84	[0, 0, 469, 468, 0, 0, 0, 0, 0]

 ### Operon type: 119

	 A0A010YW85	[0, 0, 0, 0, 0, 263, 0, 468, 469]

 ### Operon type: 120

	 A0A010ZMA0	[468, 510, 0, 0, 0, 0, 0, 0, 0]

 ### Operon type: 121

	 A0A011N5L2	[0, 0, 0, 510, 0, 509, 508, 0, 0]

 ### Operon type: 122

	 A0A010SQJ5	[381, 168, 0, 360, 359, 358, 0, 0, 0]

 ### Operon type: 123

	 A0A010STD3	[0, 0, 0, 360, 359, 358, 0, 291, 318]

 ### Operon type: 124

	 A0A011TD67	[361, 0, 0, 360, 359, 358, 357, 0, 356]

 ### Operon type: 125

	 A0A009ZC12	[0, 0, 0, 360, 0, 358, 357, 121, 686]

 ### Operon type: 126

	 A0A010RFQ9	[0, 0, 540, 0, 446, 0, 0, 0, 0]

 ### Operon type: 127

	 A0A010SPR9	[13, 13, 0, 0, 0, 446, 0, 0, 0]

 ### Operon type: 128

	 A0A013S288	[0, 0, 0, 393, 395, 392, 391, 0, 390]
	 A0A010J3I1	[0, 0, 0, 393, 395, 392, 391, 0, 390]

 ### Operon type: 129

	 A0A013SXT2	[274, 273, 272, 393, 395, 392, 391, 271, 390]
	 A0A009PWG1	[274, 273, 272, 393, 395, 392, 391, 271, 390]

 ### Operon type: 130

	 A0A009ZJK4	[0, 0, 0, 0, 0, 0, 553, 530, 0]

 ### Operon type: 131

	 A0A010SVN1	[-1, 530, 664, 221, 259, 0, 0, 553, 0]

 ### Operon type: 132

	 A0A009IMX3	[389, 0, 387, 0, 385, 212, 212, 602, 211]
	 A0A009SF48	[389, 0, 387, 0, 385, -1, 212, 602, 211]

 ### Operon type: 133

	 A0A009QEX0	[389, 388, 387, 386, 385, 212, 212, 602, 211]

 ### Operon type: 134

	 A0A013S7V1	[389, 388, 387, 386, 385, 384, 553, 383, 382]
	 A0A009MR00	[389, 388, 387, 386, 385, 384, 553, 383, 382]
	 A0A009RES7	[389, 388, 387, 386, 385, 384, 553, 383, 382]
	 A0A010ISX2	[389, 388, 387, 386, 385, 384, 553, 383, 382]

 ### Operon type: 135

	 A0A009GYP9	[0, 0, 0, 386, 385, 384, 553, 383, 382]

 ### Operon type: 136

	 A0A009YTT3	[0, 0, 0, 0, 0, 0, 553, 383, 382]

 ### Operon type: 137

	 A0A009QGN4	[202, 201, 200, 199, 198, 197, 0, 0, 0]
	 A0A009PFK7	[202, 201, 200, 199, 198, 0, 0, 197, 0]

 ### Operon type: 138

	 A0A009YR20	[0, 197, 0, 0, 0, 0, 201, 0, 0]

 ### Operon type: 139

	 A0A013SB36	[412, 411, 410, 409, 408, 0, 455, 407, 406]
	 A0A009QSI3	[412, 411, 410, 409, 408, 0, 455, 407, -1]

 ### Operon type: 140

	 A0A010ITP2	[412, 411, 410, 409, 408, 0, 455, 0, 0]

 ### Operon type: 141

	 A0A009SII9	[-1, 411, 410, 409, 0, 0, 0, 0, 37]

 ### Operon type: 142

	 A0A009HZV2	[0, 0, 0, 0, 224, 223, 89, 0, 0]

 ### Operon type: 143

	 A0A009QPE7	[0, 0, 0, 0, 224, 223, 0, 0, 0]

 ### Operon type: 144

	 A0A009GXL8	[51, 50, 49, 0, 48, 47, 227, 226, 225]

 ### Operon type: 145

	 A0A010JIW7	[51, 50, 49, 0, 48, 0, 0, 227, 226]

 ### Operon type: 146

	 A0A009MGR3	[0, 0, 105, 0, 330, 55, 32, 133, 132]

 ### Operon type: 147

	 A0A009Q4G0	[0, 106, 105, 0, 330, 0, 133, 132, 133]

 ### Operon type: 148

	 A0A009PUJ8	[0, 229, 0, 0, 0, 228, 227, 226, 225]

 ### Operon type: 149

	 A0A009QJA8	[226, 225, 0, 0, 0, 0, 0, 0, 0]

 ### Operon type: 150

	 A0A009PB53	[0, 0, 229, 0, 0, 133, 132, 133, 228]

 ### Operon type: 151

	 A0A013RZW2	[553, 398, 0, 397, 396, 395, 394, 0, 0]
	 A0A013SNJ8	[553, 0, 0, 397, 396, 395, 394, 0, 0]
	 A0A009RD69	[553, 398, 0, 397, 396, 395, 394, 102, 0]
	 A0A009SIZ4	[553, 398, 0, 397, 396, 0, 394, 102, 0]
	 A0A010J9U3	[553, 0, 0, 397, 396, 395, 394, 0, 0]

 ### Operon type: 152

	 A0A009PH20	[0, 0, 348, 397, 396, 395, 394, 0, 0]
	 A0A009IV03	[0, 0, 348, 397, 396, 0, 394, 0, 0]

 ### Operon type: 153

	 A0A009YIZ0	[553, 398, 348, 397, 396, 395, 394, 102, 149]

 ### Operon type: 154

	 A0A009QA91	[147, 146, 601, 664, 288, 288, 148, 417, 221]
	 A0A010J377	[147, 146, 601, 664, 288, 288, 148, 417, 221]

 ### Operon type: 155

	 A0A009QQC0	[0, 0, 222, 664, 288, 288, 0, 417, 221]
	 A0A009MVG4	[222, 0, 289, 664, 288, 288, 0, 417, 221]

 ### Operon type: 156

	 A0A009H7I0	[0, 0, 0, 664, 288, 288, 148, 417, 221]

 ### Operon type: 157

	 A0A009S1X4	[147, 146, 601, 664, 288, 288, 664, 0, 57]

 ### Operon type: 158

	 A0A013SHF4	[0, 0, 289, 664, 288, 288, 0, 287, 0]

 ### Operon type: 159

	 A0A009H7U0	[270, 594, 0, 269, 268, 470, 103, 0, 0]

 ### Operon type: 160

	 A0A010IMP8	[270, 0, 0, 269, 268, 470, 103, 0, 53]

 ### Operon type: 161

	 A0A013SZ54	[270, 0, 375, 269, 268, 0, 0, 0, 0]

 ### Operon type: 162

	 A0A009ZM43	[-1, 594, 375, 269, 268, 470, 103, 46, 53]

 ### Operon type: 163

	 A0A009YSC7	[0, 0, 435, 1, 0, 1, 320, 319, 0]

 ### Operon type: 164

	 A0A013RVV2	[352, 0, 320, 319, 0, 0, 0, 318, 0]

 ### Operon type: 165

	 A0A011Q5S3	[644, 567, 0, 0, 0, 0, 566, 565, 564]

 ### Operon type: 166

	 A0A011UZZ4	[0, 566, 565, 0, 0, 0, 367, 367, 564]

 ### Operon type: 167

	 A0A010YKP2	[0, 0, 0, 0, 0, 0, 491, 365, 0]

 ### Operon type: 168

	 A0A011V1A2	[366, 0, 0, 365, 0, 0, 0, 0, 0]

 ### Operon type: 169

	 A0A011Q2B1	[0, 0, 0, 0, 0, 495, 494, 493, 717]

 ### Operon type: 170

	 A0A011RLN8	[0, 0, 0, 496, 615, 495, 494, 493, 717]

 ### Operon type: 171

	 A0A011NGS0	[0, 0, 0, 0, 575, 591, 0, 0, 0]

 ### Operon type: 172

	 A0A011PW61	[0, 0, 0, 0, 575, 591, 0, 0, 574]

 ### Operon type: 173

	 A0A011UXI1	[0, 617, 0, 0, 575, 591, 253, 0, 0]

 ### Operon type: 174

	 A0A011SWI9	[-1, -1, 0, 607, 575, 591, 253, -1, -1]

 ### Operon type: 175

	 A0A011P952	[591, 0, 590, 0, 0, 590, 0, 0, 0]

 ### Operon type: 176

	 A0A011NSG8	[0, 0, 0, 606, 483, 482, 0, 483, 0]

 ### Operon type: 177

	 A0A011P0X4	[0, 0, 484, 0, 483, 0, 0, 482, 481]

 ### Operon type: 178

	 A0A009MJ75	[0, 0, 189, 188, 187, 0, 0, 0, 186]

 ### Operon type: 179

	 A0A010IH51	[0, 235, 0, 0, 187, 0, 186, 0, 0]

 ### Operon type: 180

	 A0A010YNY9	[0, 0, 18, 17, 0, 0, 0, 0, 107]

 ### Operon type: 181

	 A0A011AC71	[57, 0, 0, 261, 0, 18, 17, 0, 601]

 ### Operon type: 182

	 A0A011PRW6	[709, 0, 0, 0, 708, 707, 706, 0, 0]
	 A0A011QLX0	[0, 709, 0, 0, 708, 0, 707, 706, 0]

 ### Operon type: 183

	 A0A010SML6	[0, 707, 706, -1, 0, 605, 0, 0, 0]

 ### Operon type: 184

	 A0A009P817	[193, 0, 0, 0, 192, 0, 265, 191, 190]

 ### Operon type: 185

	 A0A009TIY0	[0, 0, 0, 0, 192, 0, 265, 191, 0]

 ### Operon type: 186

	 A0A009QKA3	[265, 191, 0, 190, 0, 0, 0, 0, 202]

 ### Operon type: 187

	 A0A009S854	[-1, 0, 0, 542, 541, 0, 0, 0, 537]

 ### Operon type: 188

	 A0A013RMD0	[-1, 0, 543, 0, 541, 540, 0, 0, 537]

 ### Operon type: 189

	 A0A009HFU9	[0, 83, 0, 0, 545, 342, 0, 0, 0]
	 A0A009R016	[0, 83, 0, 0, 545, -1, 342, 0, 0]

 ### Operon type: 190

	 A0A009HSR2	[0, 67, 66, 0, 65, 177, 178, 89, 179]

 ### Operon type: 191

	 A0A009SWM1	[0, 67, 66, 0, 65, 0, 0, 178, 0]

 ### Operon type: 192

	 A0A009MYX0	[180, 179, 0, 379, 0, 0, 178, 177, 176]

 ### Operon type: 193

	 A0A009QK79	[0, 0, 176, 177, 0, 178, 0, 0, 179]

 ### Operon type: 194

	 A0A009GXJ1	[165, 164, 177, 178, 52, 89, 179, 180, 0]

 ### Operon type: 195

	 A0A009QT77	[0, 0, -1, 342, 341, 340, 339, 338, 337]
	 A0A013TKW8	[0, 715, 0, 342, 341, 340, 339, 338, 337]
	 A0A009PRQ9	[0, 342, 108, 0, 341, 340, 339, 338, 337]
	 A0A009S0T6	[0, 0, 342, 108, 341, 340, 339, 338, 337]
	 A0A010IT95	[0, 0, 0, 342, 341, 340, 339, 338, 337]
	 A0A009GWD0	[89, 0, 0, 342, 341, 340, 339, 338, 337]
	 A0A009MH36	[0, 0, 0, 342, 341, 340, 339, 338, 337]
	 A0A009I5G9	[0, 0, 342, 108, 341, 340, 339, 338, 337]

 ### Operon type: 196

	 A0A013TMJ7	[656, -1, 0, 342, 341, 338, 337, 0, 0]

 ### Operon type: 197

	 A0A009HJJ5	[306, 305, 304, 0, 303, 302, 0, 596, 31]
	 A0A009I8I7	[306, 305, 304, 33, 303, 302, 0, 596, 31]

 ### Operon type: 198

	 A0A013TPR7	[306, 305, 304, 0, 303, 302, 0, 596, 508]
	 A0A010JJN4	[0, 305, 304, 0, 303, 302, 0, 596, 508]
	 A0A009PMT3	[306, 305, 304, 0, 303, 302, 110, 596, 508]
	 A0A009RMI1	[0, 305, 304, 0, 303, 302, 0, 596, 0]
	 A0A009YG45	[0, 306, 305, 304, 303, 0, 302, 110, 596]

 ### Operon type: 199

	 A0A009SEP4	[306, 305, 304, 33, 303, 0, 302, 110, 0]

 ### Operon type: 200

	 A0A009NI48	[306, 305, 304, 0, 303, 0, 0, 0, -1]

 ### Operon type: 201

	 A0A011WLE7	[0, 0, 0, 0, 0, 505, 0, 0, 0]
	 A0A011VU44	[0, 0, 0, 0, 0, 505, 0, 0, 0]

 ### Operon type: 202

	 A0A011VAP2	[0, 0, 111, 0, 0, 0, 0, 0, 427]

 ### Operon type: 203

	 A0A011VRJ8	[0, 0, 0, 0, 0, 0, 111, 0, 0]

 ### Operon type: 204

	 A0A011RNU1	[0, 0, 0, 0, 0, 0, 431, 431, 430]

 ### Operon type: 205

	 A0A011VKJ9	[0, 0, 0, 0, 0, 0, 430, 431, -1]

 ### Operon type: 206

	 A0A011WT35	[369, 0, 0, 0, 0, 0, 0, 0, 0]
	 A0A011V490	[0, 369, 0, 0, 0, 0, 0, 0, 0]

 ### Operon type: 207

	 A0A009T185	[609, 0, 696, 696, 64, 697, 696, 232, 511]

 ### Operon type: 208

	 A0A010IN36	[119, 656, 0, 0, 64, 697, 696, 232, 511]

 ### Operon type: 209

	 A0A009PG43	[697, 696, 175, 611, 0, 232, 511, 0, 0]

 ### Operon type: 210

	 A0A011PQZ7	[0, 0, 0, 556, 570, 0, 555, 0, 0]

 ### Operon type: 211

	 A0A011TUX4	[0, 0, 0, 0, 570, 0, 0, 555, 0]

 ### Operon type: 212

	 A0A011STZ9	[0, 0, 0, 555, 0, 0, 0, 0, 0]

 ### Operon type: 213

	 A0A011PUJ9	[0, 0, 0, 0, 0, 0, 0, 0, 674]
	 A0A011PRF5	[674, 0, 0, 0, 0, 0, 0, 0, 0]

 ### Operon type: 214

	 A0A011PFY8	[0, 0, 0, 0, 0, 0, 0, 0, 632]

 ### Operon type: 215

	 A0A011PNS3	[611, 632, 0, 0, 0, 0, 0, 0, 0]

 ### Operon type: 216

	 A0A011T648	[0, 632, 0, 0, 0, 0, 0, 697, 0]

 ### Operon type: 217

	 A0A011U3C2	[0, 0, 594, 0, 0, 0, 0, 0, 0]
	 A0A011AEN3	[0, 0, 0, 0, 0, 0, 594, 0, 0]

 ### Operon type: 218

	 A0A011AAZ2	[0, 480, 0, 0, 0, 594, 594, 594, 0]

 ### Operon type: 219

	 A0A011T698	[0, 0, 0, 0, 0, 601, 594, 0, 0]

 ### Operon type: 220

	 A0A009SNL0	[35, 34, 0, 0, 0, 0, 0, 0, 0]

 ### Operon type: 221

	 A0A009ZZC8	[-1, 34, 35, 0, 0, 0, 0, 0, 0]

 ### Operon type: 222

	 A0A009ZG48	[0, 0, 0, 715, 0, 0, 0, 0, 0]

 ### Operon type: 223

	 A0A011PEJ8	[0, 0, 716, 715, 0, 0, 0, 0, 0]

 ### Operon type: 224

	 A0A011QNJ7	[581, 0, 0, 715, 0, 0, 0, 581, 0]

 ### Operon type: 225

	 A0A011MMJ4	[0, 0, 0, 0, 0, 0, 0, 581, 0]

 ### Operon type: 226

	 A0A011R8M3	[0, 0, 716, 715, 0, 252, 0, 581, 0]

 ### Operon type: 227

	 A0A009TJ77	[0, 42, 0, 0, 0, 0, 0, 0, 0]

 ### Operon type: 228

	 A0A010RTE7	[0, 0, 0, 0, 0, 0, 23, 42, 0]

 ### Operon type: 229

	 A0A013S8F0	[422, 421, 420, 419, 418, 664, 656, 417, 509]
	 A0A013TPQ9	[422, 421, 420, 419, 418, 664, 656, 417, 509]
	 A0A009PMU2	[422, 421, 420, -1, 418, 664, 656, 417, 509]
	 A0A009SZ84	[422, 421, 420, 419, 418, 664, 656, 417, 509]

 ### Operon type: 230

	 A0A009IG48	[0, 0, 0, 59, 58, 0, 0, 0, 605]

 ### Operon type: 231

	 A0A009IMQ0	[0, 0, 0, 59, 58, 0, 0, 0, 0]

 ### Operon type: 232

	 A0A009SWV1	[0, 0, 0, 0, 0, 0, 0, 59, 0]

 ### Operon type: 233

	 A0A011TAW2	[0, 0, 0, 0, 0, 0, 274, 0, 0]
	 A0A009SFX8	[274, 0, 0, 0, 0, 0, 0, 0, 0]

 ### Operon type: 234

	 A0A011TZN1	[0, 0, 0, 0, 155, 0, 0, 0, 0]
	 A0A009RHH9	[0, 0, 0, 0, 155, 0, 0, 0, 0]

 ### Operon type: 235

	 A0A009PMZ9	[109, 0, 0, 0, 0, 0, 0, 0, 0]
	 A0A009Q512	[0, 0, 0, 0, 109, 0, 0, 0, 0]

 ### Operon type: 236

	 A0A009IFL2	[0, 120, 0, 16, -1, 0, 0, 0]

 ### Operon type: 237

	 A0A009ZDS1	[-1, -1, 0, 120, 0, 0, 250, 0, 0]

 ### Operon type: 238

	 A0A009NPS1	[0, 421, 420, 419, 418, -1, 0, 0, 0]
	 A0A010IZH1	[-1, 421, 420, 419, 418, 664, 0, 0, 0]
	 A0A009HJM0	[0, 421, 420, 419, 418, 664, 0, 0, 0]

 ### Operon type: 239

	 A0A009HUS9	[421, 420, 0, 0, 0, 0, -1, 0, 0]

 ### Operon type: 240

	 A0A009HM15	[0, 95, 94, 0, 0, 0, -1, 0, 0]

 ### Operon type: 241

	 A0A009RQL5	[0, 0, 0, 0, 0, 0, 95, 94, 0]

 ### Operon type: 242

	 A0A009IJ01	[0, 0, 0, 0, 0, 0, 95, 94, 93]

 ### Operon type: 243

	 A0A009NCH6	[0, 0, 0, 0, 0, 0, 0, 94, 93]

 ### Operon type: 244

	 A0A011UB51	[467, 0, 0, 0, 0, 0, 0, 0, 0]
	 A0A011UFH1	[0, 0, 0, 0, 0, 467, 0, 0, 0]

 ### Operon type: 245

	 A0A011V965	[0, -1, -1, 0, 112, 0, -1, -1, 0]
	 A0A011VHP2	[0, -1, -1, -1, 112, 0, 0, 0, 0]

 ### Operon type: 246

	 A0A010RVD0	[-1, 0, 0, -1, 0, 678, 678, 0, 14]

 ### Operon type: 247

	 A0A010T7Q5	[0, 14, 0, 0, 0, 0, -1, 0, 0]

 ### Operon type: 248

	 A0A010SNM6	[0, 0, -1, 0, 0, 0, 656, 0, 0]
	 A0A010SRR2	[0, 0, -1, 0, 0, 0, 0, 0, 656]

 ### Operon type: 249

	 A0A010SJH7	[0, 0, 656, -1, 0, 0, 148, 0, 0]

 ### Operon type: 250

	 A0A011V107	[0, -1, 0, 0, 0, 0, 0, 0, 0]
	 A0A011U7M7	[0, 0, -1, 0, 0, 0, 0, 0, 0]
	 A0A009PH57	[0, 0, -1, 0, 0, 0, 0, 0, 0]
	 A0A009N9Z1	[-1, 0, 0, 0, 0, 0, 0, 0, 0]
	 A0A010RY47	[-1, 0, -1, 0, 0, 0, 0, 0, 0]
	 A0A009QDV7	[-1, 0, 0, 0, 0, 0, 0, 0, 0]
	 A0A011UZ32	[0, 0, 0, 0, 0, -1, 0, 0, 0]
	 A0A011UZ49	[0, -1, 0, 0, 0, 0, 0, 0, 0]
	 A0A009RG92	[-1, 0, 0, 0, 0, 0, 0, 0, 0]
	 A0A009H6M2	[-1, 0, 0, 0, 0, 0, 0, 0, 0]
	 A0A010RKP8	[0, 0, 0, 0, 0, 0, -1, 0, 0]
	 A0A010JDA6	[-1, 0, 0, 0, 0, 0, 0, 0, 0]
	 A0A009IHQ3	[-1, 0, 0, 0, 0, 0, 0, 0, 0]
	 A0A009HJU6	[0, 0, 0, 0, 0, 0, 0, 0, -1]
	 A0A010TF14	[-1, 0, 0, 0, 0, 0, 0, 0, 0]
	 A0A009TG92	[0, 0, -1, 0, 0, 0, 0, 0, 0]

 ### Operon type: 251

	 A0A010SJF9	[0, 0, 0, 0, 0, -1, 0, 129, -1]

 ### Operon type: 252

	 A0A010T5D8	[0, 0, 0, -1, 0, -1, 394, 0, 0]

 ### Operon type: 253

	 A0A011ML54	[0, 0, 0, 501, 0, 0, 0, 0, -1]

 ### Operon type: 254

	 A0A011NHY1	[0, 0, 0, 0, 0, 656, 0, 0, 0]

 ### Operon type: 255

	 A0A010Z171	[0, 0, 0, 0, 0, 0, 656, 0, 379]

 ### Operon type: 256

	 A0A010ZX98	[0, 0, 0, 0, 0, 9, 656, 656, 0]

 ### Operon type: 257

	 A0A010YRE8	[0, 0, 0, 0, 0, 0, 0, 9, 0]

 ### Operon type: 258

	 A0A011AF05	[0, 0, 57, 9, 0, 0, 0, 0, 0]

 ### Operon type: 259

	 A0A011SQL0	[604, 0, -1, 0, 0, 0, 0, 0, 0]

 ### Operon type: 260

	 A0A009ZC82	[0, 0, 604, 0, 0, 0, 0, 0, 0]

 ### Operon type: 261

	 A0A011P3F6	[605, 0, 0, 604, 0, 0, 0, 0, 0]

 ### Operon type: 262

	 A0A011T697	[656, 0, 0, 0, 0, 0, 0, 0, 265]

 ### Operon type: 263

	 A0A011TDD1	[0, 260, 656, 0, 0, 0, 0, 0, 0]

 ### Operon type: 264

	 A0A011VW24	[0, 0, 613, 0, 0, 0, 0, 0, -1]

 ### Operon type: 265

	 A0A011T8V3	[0, 0, 613, 0, 0, 0, 0, 0, 0]

 ### Operon type: 266

	 A0A010TH98	[574, 0, 0, 613, 0, 0, 0, 0, 0]

 ### Operon type: 267

	 A0A011QVR3	[0, 0, 0, 0, 0, 0, 0, 614, 613]

 ### Operon type: 268

	 A0A011RM25	[0, 0, 0, 0, 0, 613, 0, 433, 0]

 ### Operon type: 269

	 A0A011VXC2	[-1, 472, 0, 0, 0, 0, 0, 0, 0]

 ### Operon type: 270

	 A0A011VYF1	[613, 0, 0, 0, 0, 0, 467, 0, 0]

 ### Operon type: 271

	 A0A010S415	[-1, 613, 0, 221, 0, 0, 0, 0, 350]

 ### Operon type: 272

	 A0A011PBM9	[0, 0, 0, 0, 0, 0, 0, 0, 0]
	 A0A011QSN2	[0, 0, 0, 0, 0, 0, 0, 0, 0]
	 A0A011PKU5	[0, 0, 0, 0, 0, 0, 0, 0, 0]
	 A0A011PJK8	[0, 0, 0, 0, 0, 0, 0, 0, 0]
	 A0A011PNN2	[0, 0, 0, 0, 0, 0, 0, 0, 0]
	 A0A011P4U7	[0, 0, 0, 0, 0, 0, 0, 0, 0]
	 A0A011P9Z5	[0, 0, 0, 0, 0, 0, 0, 0, 0]
	 A0A011QMJ8	[0, 0, 0, 0, 0, 0, 0, 0, 0]
	 A0A011Q056	[0, 0, 0, 0, 0, 0, 0, 0, 0]
	 A0A011WKI4	[0, 0, 0, 0, 0, 0, 0, 0, 0]
	 A0A011Q1B3	[0, 0, 0, 0, 0, 0, 0, 0, 0]
	 A0A010ZTI3	[0, 0, 0, 0, 0, 0, 0, 0, 0]
	 A0A011NMI8	[0, 0, 0, 0, 0, 0, 0, 0, 0]
	 A0A011VYF6	[0, 0, 0, 0, 0, 0, 0, 0, 0]
	 A0A011SGD5	[0, 0, 0, 0, 0, 0, 0, 0, 0]
	 A0A011QVV5	[0, 0, 0, 0, 0, 0, 0, 0, 0]
	 A0A011VSC9	[0, 0, 0, 0, 0, 0, 0, 0, 0]
	 A0A011VUV0	[0, 0, 0, 0, 0, 0, 0, 0, 0]
	 A0A011NTU3	[0, 0, 0, 0, 0, 0, 0, 0, 0]
	 A0A011NAJ1	[0, 0, 0, 0, 0, 0, 0, 0, 0]
	 A0A011NAY5	[0, 0, 0, 0, 0, 0, 0, 0, 0]
	 A0A011NDM5	[0, 0, 0, 0, 0, 0, 0, 0, 0]
	 A0A011WSE5	[0, 0, 0, 0, 0, 0, 0, 0, 0]
	 A0A013SBR8	[0, 0, 0, 0, 0, 0, 0, 0, 0]
	 A0A013S2B9	[0, 0, 0, 0, 0, 0, 0, 0, 0]
	 A0A011N2Z0	[0, 0, 0, 0, 0, 0, 0, 0, 0]
	 A0A011N3C3	[0, 0, 0, 0, 0, 0, 0, 0, 0]
	 A0A011N4G4	[0, 0, 0, 0, 0, 0, 0, 0, 0]
	 A0A011VWR4	[0, 0, 0, 0, 0, 0, 0, 0, 0]
	 A0A011TWN2	[0, 0, 0, 0, 0, 0, 0, 0, 0]
	 A0A013T8M5	[0, 0, 0, 0, 0, 0, 0, 0, 0]
	 A0A011VZG0	[0, 0, 0, 0, 0, 0, 0, 0, 0]
	 A0A011VW71	[0, 0, 0, 0, 0, 0, 0, 0, 0]
	 A0A013SL47	[0, 0, 0, 0, 0, 0, 0, 0, 0]
	 A0A011WUT3	[0, 0, 0, 0, 0, 0, 0, 0, 0]
	 A0A013TEV4	[0, 0, 0, 0, 0, 0, 0, 0, 0]
	 A0A013TPV4	[0, 0, 0, 0, 0, 0, 0, 0, 0]
	 A0A011TAF9	[0, 0, 0, 0, 0, 0, 0, 0, 0]
	 A0A011TLH0	[0, 0, 0, 0, 0, 0, 0, 0, 0]
	 A0A009MH90	[0, 0, 0, 0, 0, 0, 0, 0, 0]
	 A0A009Q3K7	[0, 0, 0, 0, 0, 0, 0, 0, 0]
	 A0A009QQ47	[0, 0, 0, 0, 0, 0, 0, 0, 0]
	 A0A009PG53	[0, 0, 0, 0, 0, 0, 0, 0, 0]
	 A0A009PT82	[0, 0, 0, 0, 0, 0, 0, 0, 0]
	 A0A009NQA1	[0, 0, 0, 0, 0, 0, 0, 0, 0]
	 A0A010SHY1	[0, 0, 0, 0, 0, 0, 0, 0, 0]
	 A0A009N031	[0, 0, 0, 0, 0, 0, 0, 0, 0]
	 A0A009N123	[0, 0, 0, 0, 0, 0, 0, 0, 0]
	 A0A011UTJ0	[0, 0, 0, 0, 0, 0, 0, 0, 0]
	 A0A009M4K0	[0, 0, 0, 0, 0, 0, 0, 0, 0]
	 A0A009MGJ1	[0, 0, 0, 0, 0, 0, 0, 0, 0]
	 A0A009MGQ8	[0, 0, 0, 0, 0, 0, 0, 0, 0]
	 A0A009HBT3	[0, 0, 0, 0, 0, 0, 0, 0, 0]
	 A0A011UHL2	[0, 0, 0, 0, 0, 0, 0, 0, 0]
	 A0A011UBN9	[0, 0, 0, 0, 0, 0, 0, 0, 0]
	 A0A009MMM3	[0, 0, 0, 0, 0, 0, 0, 0, 0]
	 A0A009PDV4	[0, 0, 0, 0, 0, 0, 0, 0, 0]
	 A0A011UFM5	[0, 0, 0, 0, 0, 0, 0, 0, 0]
	 A0A011UG71	[0, 0, 0, 0, 0, 0, 0, 0, 0]
	 A0A011UGX8	[0, 0, 0, 0, 0, 0, 0, 0, 0]
	 A0A009IRJ6	[0, 0, 0, 0, 0, 0, 0, 0, 0]
	 A0A011V8Y9	[0, 0, 0, 0, 0, 0, 0, 0, 0]
	 A0A010ZJQ6	[0, 0, 0, 0, 0, 0, 0, 0, 0]
	 A0A011UWH1	[0, 0, 0, 0, 0, 0, 0, 0, 0]
	 A0A009RBQ2	[0, 0, 0, 0, 0, 0, 0, 0, 0]
	 A0A009QVK8	[0, 0, 0, 0, 0, 0, 0, 0, 0]
	 A0A010IZE4	[0, 0, 0, 0, 0, 0, 0, 0, 0]
	 A0A011VMV7	[0, 0, 0, 0, 0, 0, 0, 0, 0]
	 A0A011VNE2	[0, 0, 0, 0, 0, 0, 0, 0, 0]
	 A0A009T1I8	[0, 0, 0, 0, 0, 0, 0, 0, 0]
	 A0A009I0I9	[0, 0, 0, 0, 0, 0, 0, 0, 0]
	 A0A009I463	[0, 0, 0, 0, 0, 0, 0, 0, 0]
	 A0A010IPH1	[0, 0, 0, 0, 0, 0, 0, 0, 0]
	 A0A009RR21	[0, 0, 0, 0, 0, 0, 0, 0, 0]
	 A0A009SHB3	[0, 0, 0, 0, 0, 0, 0, 0, 0]
	 A0A009SIF9	[0, 0, 0, 0, 0, 0, 0, 0, 0]
	 A0A009SWU0	[0, 0, 0, 0, 0, 0, 0, 0, 0]
	 A0A009HTN9	[0, 0, 0, 0, 0, 0, 0, 0, 0]
	 A0A009HIL8	[0, 0, 0, 0, 0, 0, 0, 0, 0]
	 A0A009R2X0	[0, 0, 0, 0, 0, 0, 0, 0, 0]
	 A0A009R4N4	[0, 0, 0, 0, 0, 0, 0, 0, 0]
	 A0A009HL81	[0, 0, 0, 0, 0, 0, 0, 0, 0]
	 A0A009SCM5	[0, 0, 0, 0, 0, 0, 0, 0, 0]
	 A0A009RHH7	[0, 0, 0, 0, 0, 0, 0, 0, 0]
	 A0A009RMD0	[0, 0, 0, 0, 0, 0, 0, 0, 0]
	 A0A009PAG1	[0, 0, 0, 0, 0, 0, 0, 0, 0]
	 A0A009ISY0	[0, 0, 0, 0, 0, 0, 0, 0, 0]
	 A0A010YJA7	[0, 0, 0, 0, 0, 0, 0, 0, 0]
	 A0A010SPJ7	[0, 0, 0, 0, 0, 0, 0, 0, 0]
	 A0A010SSQ8	[0, 0, 0, 0, 0, 0, 0, 0, 0]
	 A0A010T025	[0, 0, 0, 0, 0, 0, 0, 0, 0]
	 A0A011A146	[0, 0, 0, 0, 0, 0, 0, 0, 0]
	 A0A010YZS8	[0, 0, 0, 0, 0, 0, 0, 0, 0]
	 A0A010Z120	[0, 0, 0, 0, 0, 0, 0, 0, 0]
	 A0A011AIL7	[0, 0, 0, 0, 0, 0, 0, 0, 0]
	 A0A009T3J5	[0, 0, 0, 0, 0, 0, 0, 0, 0]

 ### Operon type: 273

	 A0A010TG27	[633, 0, 27, 0, 0, 0, 664, 0, 0]

 ### Operon type: 274

	 A0A011PMK1	[0, 0, 0, 0, 0, 0, 0, 633, 0]

 ### Operon type: 275

	 A0A009HRU1	[0, 177, 0, 0, 0, 0, 0, 0, 0]

 ### Operon type: 276

	 A0A009HSN8	[0, 106, 0, 0, 0, -1, 0, 228, -1]

 ### Operon type: 277

	 A0A009HV82	[227, 0, 0, 0, 0, 0, 0, 0, 0]

 ### Operon type: 278

	 A0A009IG74	[0, 0, 188, 0, 395, -1, 0, 0, 0]

 ### Operon type: 279

	 A0A009IJ90	[0, 54, 0, 0, 0, 0, 0, 0, 0]

 ### Operon type: 280

	 A0A009ISE1	[302, 0, 596, 0, 0, -1, 0, 0, 0]

 ### Operon type: 281

	 A0A009NM94	[0, 471, 471, 0, 0, 0, 260, 0, 0]

 ### Operon type: 282

	 A0A009Q4N5	[0, 0, 193, 0, 0, 0, 0, 0, 0]

 ### Operon type: 283

	 A0A009SSZ9	[0, 36, 0, 0, 0, 0, 0, 0, 0]

 ### Operon type: 284

	 A0A009TBM2	[0, 0, 0, 0, 0, 0, 0, 0, 390]

 ### Operon type: 285

	 A0A009Q8S9	[0, 0, 605, 390, 0, 230, 0, 0, 0]

 ### Operon type: 286

	 A0A009YIH1	[0, 0, 0, 0, 96, 0, -1, -1, 2]

 ### Operon type: 287

	 A0A009YR05	[0, 0, 0, 0, 84, 0, 0, 0, 0]

 ### Operon type: 288

	 A0A009Z004	[63, 0, 63, 0, 0, 379, 0, 0, 0]

 ### Operon type: 289

	 A0A010IGH8	[0, 0, 0, 0, 0, 0, 0, 318, 0]

 ### Operon type: 290

	 A0A010JIN9	[248, 0, 0, 42, 139, 0, 0, 0, 0]

 ### Operon type: 291

	 A0A010RS09	[0, 0, 0, 0, 23, 0, 500, 500, 0]

 ### Operon type: 292

	 A0A010RUQ5	[0, 0, 0, 0, 0, 0, 0, 0, 241]

 ### Operon type: 293

	 A0A010S195	[604, 0, 167, 166, 0, 0, 0, 0, 0]

 ### Operon type: 294

	 A0A010SCZ2	[0, 0, 0, 0, 0, 0, 0, 426, 0]

 ### Operon type: 295

	 A0A010SN41	[0, 0, 0, 0, 281, 0, 0, 0, 0]

 ### Operon type: 296

	 A0A010SSU2	[0, 0, 0, 0, 52, 0, -1, 592, 0]

 ### Operon type: 297

	 A0A010SUP6	[0, 0, 0, 0, 0, 0, 0, 166, 0]

 ### Operon type: 298

	 A0A010SUY9	[0, 0, 0, 0, 0, 252, 716, 0]

 ### Operon type: 299

	 A0A010THK2	[0, 0, -1, 0, 0, 500, 379, 0, 0]

 ### Operon type: 300

	 A0A010SRL4	[27, 0, 0, -1, 0, 0, 0, 379, 115]

 ### Operon type: 301

	 A0A010YF95	[564, 0, 0, 0, 0, 0, 0, 0, 0]

 ### Operon type: 302

	 A0A010YT39	[0, 497, 0, 0, 0, 0, 0, 0, 0]

 ### Operon type: 303

	 A0A010YX61	[403, 594, 0, 613, 0, 0, 0, 0, 0]

 ### Operon type: 304

	 A0A010ZWJ8	[0, 0, 0, 0, 0, 593, 0, 0, 0]

 ### Operon type: 305

	 A0A009ZVR4	[464, 0, 594, 0, 0, 41, 0, 0, 0]

 ### Operon type: 306

	 A0A011AHW1	[0, 0, 0, 0, 0, 0, 0, 4, 0]

 ### Operon type: 307

	 A0A011NE37	[375, 0, 0, 0, 0, 0, 0, 0, 0]

 ### Operon type: 308

	 A0A011NF78	[0, 0, 685, 0, 0, 0, 0, 0, 0]

 ### Operon type: 309

	 A0A011NVE2	[0, 0, 0, 697, 0, 0, 656, 0, 441]

 ### Operon type: 310

	 A0A011NXJ4	[0, 0, 0, 0, 0, 0, 0, 0, 489]

 ### Operon type: 311

	 A0A011P8I1	[0, 0, 595, 594, 0, 0, 0, 0, 593]

 ### Operon type: 312

	 A0A011P9Q7	[589, 0, 0, 0, 0, 0, 0, 0, 0]

 ### Operon type: 313

	 A0A011PCT1	[0, 0, 0, 0, 0, 0, 0, 717, 0]

 ### Operon type: 314

	 A0A011PJ75	[0, 697, 696, 697, 0, 0, 0, 0, 0]

 ### Operon type: 315

	 A0A011PRB4	[0, 0, 0, 0, 0, 0, 0, 554, 0]

 ### Operon type: 316

	 A0A011Q5V7	[563, 0, 0, 0, 0, 0, 0, 0, 0]

 ### Operon type: 317

	 A0A011QU35	[0, 0, 0, 0, 616, 0, 0, 0, 0]

 ### Operon type: 318

	 A0A011QVT2	[612, 0, 0, 0, 0, 0, 0, 611, 0]

 ### Operon type: 319

	 A0A011RP14	[0, 0, 0, 0, 0, 0, 0, 466, 0]

 ### Operon type: 320

	 A0A011SM49	[656, 0, 466, 0, 0, 0, 255, 0, 0]

 ### Operon type: 321

	 A0A011AM27	[555, 0, 0, 0, 303, 0, 0, 0, 185]

 ### Operon type: 322

	 A0A011T607	[0, 0, 673, 0, 0, 0, 0, 0, 260]

 ### Operon type: 323

	 A0A010S5W8	[0, 0, 380, 673, 0, 0, 0, 0, 0]

 ### Operon type: 324

	 A0A011MSR2	[0, 0, 0, 380, 0, 0, 0, 642, 0]

 ### Operon type: 325

	 A0A010YYJ5	[0, 0, 0, 642, 0, 0, 0, 41, 41]

 ### Operon type: 326

	 A0A011TED9	[0, 0, 0, 0, 0, 262, 0, 0, 0]

 ### Operon type: 327

	 A0A011TXS5	[0, 254, 0, 0, 0, 0, 0, 0, 0]

 ### Operon type: 328

	 A0A011U144	[0, 241, 0, 0, 0, 0, 489, 533, 0]

 ### Operon type: 329

	 A0A011U1C8	[601, 0, 0, 0, 0, 0, 0, 0, 240]

 ### Operon type: 330

	 A0A011U483	[0, 0, 0, 0, 0, 600, 0, 0, 0]

 ### Operon type: 331

	 A0A011UDF3	[0, 0, 0, 0, 0, 361, 0, 0, 0]

 ### Operon type: 332

	 A0A011UG86	[0, 606, 0, 0, 0, 129, 0, 0, 0]

 ### Operon type: 333

	 A0A011UGY3	[0, 0, 0, 29, 0, 0, 0, 29, 0]

 ### Operon type: 334

	 A0A011UJN3	[0, 232, 0, 0, 0, 0, 0, 0, 0]

 ### Operon type: 335

	 A0A009INE0	[119, 0, 0, 0, 0, 0, 0, 696, 232]

 ### Operon type: 336

	 A0A011UQB5	[459, 436, 0, 0, 0, 0, 0, 467, 0]

 ### Operon type: 337

	 A0A011UVI5	[0, 0, 0, 0, 0, 107, 697, 697, 0]

 ### Operon type: 338

	 A0A011UWI3	[0, 0, 0, 0, 195, 0, 104, 604, 0]

 ### Operon type: 339

	 A0A011V5E6	[0, 0, 0, 0, 0, 283, 0, 0, 0]

 ### Operon type: 340

	 A0A011M4H6	[427, 0, 184, 0, 0, 0, 0, 0, 0]

 ### Operon type: 341

	 A0A011VSV3	[0, 0, 0, 0, 0, 0, 627, 0, 0]

 ### Operon type: 342

	 A0A011VWI0	[0, 0, 0, 0, 0, 324, 0, 0, 0]

 ### Operon type: 343

	 A0A011VZ91	[372, 0, 0, 0, 0, 0, 0, 0, 0]

 ### Operon type: 344

	 A0A011W213	[0, 0, 0, 0, 0, 506, 0, 0, 0]

 ### Operon type: 345

	 A0A011WP76	[0, 0, 0, 0, 0, 0, 0, 0, 646]

 ### Operon type: 346

	 A0A011WSD4	[0, 0, 0, -1, 0, 642, 0, 0, 369]

 ### Operon type: 347

	 A0A011VZF5	[0, 0, 371, 370, 0, 642, 369, 642, 0]

 ### Operon type: 348

	 A0A011WSU6	[0, 642, 0, 0, 282, 0, 0, 0, 0]

 ### Operon type: 349

	 A0A013S843	[0, 417, 0, 0, 0, 0, -1, 381, 0]

 ### Operon type: 350

	 A0A013S981	[413, 0, 0, 0, 0, 0, 0, 0, 0]

 ### Operon type: 351

	 A0A013T337	[0, 0, 0, 0, 0, 0, 0, 0, 331]

 ### Operon type: 352

	 A0A013T5E6	[0, 0, 0, 330, 0, 0, 0, 0, 0]

 ### Operon type: 353

	 A0A013SGL3	[405, 404, 403, 402, 401, 621, 400, 601, 399]
	 A0A010KAV2	[405, 0, 0, 402, 401, 621, 400, 601, 399]
	 A0A009NE81	[405, 404, 403, 402, 401, 621, 400, 601, 399]
	 A0A009RQH3	[405, 0, 0, 402, 401, 621, 400, 601, 399]
	 A0A009I5Z6	[405, 0, 403, 402, 401, 621, 400, 601, 399]

 ### Operon type: 354

	 A0A013TB41	[405, -1, 0, 0, 401, 621, 400, 601, 399]

 ### Operon type: 355

	 A0A009H3X4	[405, 0, 0, 0, 401, 621, -1, 500, -1]

 ### Operon type: 356

	 A0A009YL68	[0, 0, 601, 405, 401, 0, 0, 121, 0]

 ### Operon type: 357

	 A0A009T9H0	[0, 2, 605, -1, 0, 0, 178, 0, 177]

 ### Operon type: 358

	 A0A010THH5	[0, 183, 120, 107, 0, 0, 458, 0, 250]

 ### Operon type: 359

	 A0A011WSH8	[0, 0, 0, 664, 423, 0, 0, 0, 0]
	 A0A011VZE3	[0, 0, 0, 664, 423, 0, 0, 0, 0]

 ### Operon type: 360

	 A0A011NAF3	[0, 0, 0, 0, 0, 0, 664, 0, 690]

 ### Operon type: 361

	 A0A009IQ93	[154, 0, 664, 0, 0, 115, 0, 0, 0]

 ### Operon type: 362

	 A0A009TLU4	[0, 254, -1, 20, 0, 12, 0, -1, -1]

 ### Operon type: 363

	 A0A010JNG7	[342, 0, 0, 251, 0, 0, 0, 0, 0]

 ### Operon type: 364

	 A0A010S003	[623, 0, 0, 0, 0, 606, 606, 168, 0]

 ### Operon type: 365

	 A0A010SMN8	[0, -1, 18, 0, 446, 0, 0, 630, 0]

 ### Operon type: 366

	 A0A010SXS1	[0, 175, 0, 0, 0, 231, 0, 0, 611]

 ### Operon type: 367

	 A0A010T689	[185, -1, 458, 432, 0, 0, 0, 0, 0]

 ### Operon type: 368

	 A0A010TBB4	[0, 538, 0, 129, 0, 0, 0, 0, 601]

 ### Operon type: 369

	 A0A010YFK3	[0, 434, 0, 0, 0, 0, 442, 0, 240]

 ### Operon type: 370

	 A0A010YVY1	[8, 0, 8, 0, 0, 0, 0, 168, 0]

 ### Operon type: 371

	 A0A010Z7T4	[0, 0, 0, 0, 0, 0, 0, 186, 556]

 ### Operon type: 372

	 A0A010RRR9	[0, 0, 0, 0, 669, 0, 0, 182, 186]

 ### Operon type: 373

	 A0A010SIA7	[0, 0, 182, 181, 0, 0, 0, 0, 0]

 ### Operon type: 374

	 A0A010ZSZ2	[0, 480, 0, 532, 479, 0, 0, 0, 0]

 ### Operon type: 375

	 A0A010Z0Y7	[0, 0, 0, 0, 479, 221, 0, 0, 0]

 ### Operon type: 376

	 A0A010ZUR7	[429, 5, 0, 5, 0, 4, 168, 0, 0]

 ### Operon type: 377

	 A0A011A0M8	[0, 0, 379, 0, 16, 0, 0, 3, 3]

 ### Operon type: 378

	 A0A011NFL4	[0, 499, 0, 0, 498, 633, 0, 497, 0]

 ### Operon type: 379

	 A0A011P407	[0, 0, 603, 602, 0, 0, 601, 0, 600]

 ### Operon type: 380

	 A0A011QGT2	[664, 0, 0, 663, 662, 0, 0, 0, 0]

 ### Operon type: 381

	 A0A011QSA4	[688, 0, 687, 686, 0, 0, 0, 0, 685]

 ### Operon type: 382

	 A0A011T6J6	[0, 563, 0, 594, 0, 0, 264, 0, 263]

 ### Operon type: 383

	 A0A011TAL2	[0, 673, 0, 0, 0, 261, 0, 491, 0]

 ### Operon type: 384

	 A0A011TYT7	[0, 0, 0, 0, 0, 0, 235, 234, 234]

 ### Operon type: 385

	 A0A011TZG0	[379, 561, 0, 0, 0, 0, 0, 307, 0]

 ### Operon type: 386

	 A0A011Q6N5	[0, 0, 0, 0, 0, 0, 562, 561, 562]

 ### Operon type: 387

	 A0A011UII7	[0, 0, 0, 0, 0, 441, 233, 0, 0]

 ### Operon type: 388

	 A0A011UNT9	[230, 257, 0, 0, 0, 0, 0, 0, 0]

 ### Operon type: 389

	 A0A011SIS0	[0, 524, 258, 258, 0, 0, 0, 257, 0]

 ### Operon type: 390

	 A0A011UT49	[0, 480, 0, 0, 0, 0, 175, 174, 0]

 ### Operon type: 391

	 A0A011VU65	[443, 0, 0, 0, 0, 442, 0, 0, 0]

 ### Operon type: 392

	 A0A011VV03	[0, 429, 0, 0, 428, 427, 0, 0, 0]

 ### Operon type: 393

	 A0A011VVZ9	[0, 0, -1, 0, 0, 426, 425, 425, 424]

 ### Operon type: 394

	 A0A011VWX7	[611, 474, 0, 0, 0, 0, 0, 473, 0]

 ### Operon type: 395

	 A0A011VXK7	[471, 471, 0, 470, 0, 0, 0, 565, 0]

 ### Operon type: 396

	 A0A011W0I6	[368, 0, 0, 0, 0, 376, 0, 501, 0]

 ### Operon type: 397

	 A0A010YEF6	[0, 368, 0, 0, 0, 0, 0, 0, 19]

 ### Operon type: 398

	 A0A013SQH1	[0, 0, 0, 0, 281, 618, 0, 342, 440]

 ### Operon type: 399

	 A0A009LNU8	[275, 277, 278, 279, 0, 20, 0, 342, 0]

 ### Operon type: 400

	 A0A013SRG6	[280, 279, 278, 277, 0, 276, 0, 275, 478]

 ### Operon type: 401

	 A0A009IQU8	[0, 277, 0, 0, 0, 276, 478, 0, 0]

 ### Operon type: 402

	 A0A010K2K8	[278, 279, 280, 0, 0, 0, 0, -1, 342]

 ### Operon type: 403

	 A0A011NPR8	[0, 478, 0, 0, 0, 0, 477, 0, 0]

 ### Operon type: 404

	 A0A010SEA2	[567, 477, 183, 0, 0, 0, 0, 0, 0]

 ### Operon type: 405

	 A0A009ZIC0	[545, 544, 543, 542, 541, 540, 539, 538, 537]

 ### Operon type: 406

	 A0A009ZB47	[123, 122, 0, 0, 0, 642, 248, 0, 0]

 ### Operon type: 407

	 A0A010RM40	[336, 664, 568, 0, 0, 0, 0, -1, 599]

 ### Operon type: 408

	 A0A010RRQ6	[0, 184, 0, 0, 0, 446, 543, 43, 0]

 ### Operon type: 409

	 A0A010S423	[264, 0, 0, 0, 0, 0, 0, 104, 463]

 ### Operon type: 410

	 A0A010T0I7	[0, 0, 19, 0, 0, 595, 687, 664, 0]

 ### Operon type: 411

	 A0A011AHU9	[0, 0, 0, 0, 0, 0, 0, 6, 502]

 ### Operon type: 412

	 A0A010YY02	[0, 7, 0, 0, 7, 571, 536, 0, 6]

 ### Operon type: 413

	 A0A011NA78	[0, 507, 0, 0, 0, 678, 0, 0, 599]

 ### Operon type: 414

	 A0A011P8W7	[635, 603, 611, 0, 592, 0, 0, 0, 0]

 ### Operon type: 415

	 A0A011PG97	[630, 0, 0, 629, 0, 0, 0, 0, 0]

 ### Operon type: 416

	 A0A011PKT4	[0, 618, 0, 0, 0, 0, 617, 0, 0]

 ### Operon type: 417

	 A0A011PLB2	[0, 635, 0, 634, 0, 0, 0, 0, 0]

 ### Operon type: 418

	 A0A011R339	[0, 0, 0, 0, 0, 0, 165, 164, 0]

 ### Operon type: 419

	 A0A011SFE5	[0, 0, 0, 471, 0, 0, 499, 602, 459]

 ### Operon type: 420

	 A0A011SJT5	[0, 0, 0, 424, 256, 256, 256, 256, 256]

 ### Operon type: 421

	 A0A011TDQ5	[0, 0, 0, 0, 259, 377, 0, 0, 0]

 ### Operon type: 422

	 A0A011UG17	[213, 0, 373, 0, 130, 443, 0, 0, 0]

 ### Operon type: 423

	 A0A011V8Z7	[0, 0, 0, 0, 0, 114, 113, 0, 0]

 ### Operon type: 424

	 A0A011VT01	[0, 0, 445, 0, 0, 445, 0, 0, 444]

 ### Operon type: 425

	 A0A011VYP6	[0, 0, 0, 0, 0, 0, 373, 670, 0]

 ### Operon type: 426

	 A0A011V392	[472, 0, 554, 371, 370, 266, 0, 282, 267]

 ### Operon type: 427

	 A0A009Q0U9	[553, 552, 551, 0, 45, 44, -1, -1, 0]

 ### Operon type: 428

	 A0A010SRB2	[12, 11, 0, 0, 0, 11, 10, 0, 0]

 ### Operon type: 429

	 A0A011VJ76	[85, 85, 174, 497, 0, 664, 379, 0, 603]

 ### Operon type: 430

	 A0A013SKX6	[0, 0, 465, 0, 395, 395, 286, 285, 284]

 ### Operon type: 431

	 A0A010KA25	[248, 0, 458, 293, 242, 0, 0, 248, 421]

 ### Operon type: 432

	 A0A011WUA8	[521, 0, 0, 322, 0, 0, 0, 321, 321]

 ### Operon type: 433

	 A0A010S4X6	[0, 221, 568, 606, 298, 0, 492, 643, 500]

 ### Operon type: 434

	 A0A011U8C0	[0, 239, 238, 0, 237, 236, 0, 0, 0]
