
 ### Operon type: 1

	 A0A009QS71	[561, 560, 559, 558, 557, 556, 555, 554, 553]
	 A0A010ILU3	[561, 560, 559, 558, 557, 556, 555, 554, 553]
	 A0A009MW50	[561, 560, 559, 558, 557, 556, 555, 554, 553]
	 A0A009QBR9	[561, 560, 559, 558, 557, 556, 554, 553, 279]
	 A0A009H3B0	[561, 560, 559, 558, 557, 556, 555, 554, 553]
	 A0A009I8S2	[561, 560, 559, 558, 557, 556, 554, 553, 279]
	 A0A009TM70	[561, 560, 559, 558, 557, 556, 554, 553, 279]

 ### Operon type: 2

	 A0A013TH43	[249, 248, 484, 247, 246, 245, 244, 243, 242]
	 A0A009RAF0	[249, 248, 484, 247, 246, 245, 244, 243, 242]

 ### Operon type: 3

	 A0A011PVT3	[819, 818, 817, 816, 815, 814, 813, 812, 811]
	 A0A011R7V7	[819, 818, 817, 816, 815, 814, 813, 812, 811]
	 A0A011MET3	[819, 818, 817, 816, 815, 814, 813, 812, 811]

 ### Operon type: 4

	 A0A009MMM3	[625, 437, 553, 436, 435, 434, 433, 432, 431]
	 A0A009RD69	[625, 437, 553, 436, 435, 434, 433, 432, 431]
	 A0A013SNJ8	[625, 437, 553, 436, 435, 434, 433, 432, 431]
	 A0A013RZW2	[625, 437, 553, 436, 435, 434, 433, 432, 431]
	 A0A009PH20	[625, 437, 553, 436, 435, 434, 433, 432, 431]
	 A0A009HBT3	[625, 437, 553, 436, 435, 434, 433, 432, 431]
	 A0A010J9U3	[625, 437, 553, 436, 435, 434, 433, 432, 431]
	 A0A009SIZ4	[625, 437, 553, 436, 435, 434, 433, 432, 431]
	 A0A009IV03	[625, 437, 553, 436, 435, 434, 433, 432, 431]
	 A0A009YIZ0	[625, 437, 553, 436, 435, 434, 433, 432, 431]

 ### Operon type: 5

	 A0A009PH57	[140, 139, -1, 138, 137, 668, 136, 166, 135]
	 A0A009TG92	[140, 139, -1, 138, 137, 668, 136, 166, 135]

 ### Operon type: 6

	 A0A009N031	[387, 386, 385, 384, 434, 383, 382, 381, 380]
	 A0A013SXT2	[387, 386, 385, 384, 434, 383, 382, 381, 380]
	 A0A009PWG1	[387, 386, 385, 384, 434, 383, 382, 381, 380]
	 A0A013S288	[387, 386, 385, 384, 434, 383, 382, 381, 380]
	 A0A010J3I1	[387, 386, 385, 384, 434, 383, 382, 381, 380]
	 A0A009R2X0	[387, 386, 385, 384, 434, 383, 382, 381, 380]
	 A0A009SFX8	[387, 386, 385, 384, 85, 434, 383, 382, 381]
	 A0A009I0I9	[387, 386, 385, 384, 434, 383, 382, 381, 380]
	 A0A009TBM2	[386, 385, 384, 85, 434, 383, 382, 381, 380]

 ### Operon type: 7

	 A0A009N123	[379, 781, 579, 378, 377, 414, 376, 375, 374]
	 A0A009RBQ2	[379, 781, 579, 378, 377, 414, 376, 375, 374]
	 A0A013SZ54	[379, 781, 579, 378, 377, 414, 376, 375, 374]
	 A0A009Q3K7	[379, 781, 579, 378, 377, 414, 376, 375, 374]
	 A0A013T8M5	[379, 781, 579, 378, 377, 414, 376, 375, 374]
	 A0A010IMP8	[379, 781, 579, 378, 377, 414, 376, 375, 374]
	 A0A009IRJ6	[379, 781, 579, 378, 377, 414, 376, 375, 374]
	 A0A009SWU0	[379, 781, 579, 378, 377, 414, 376, 375, 374]
	 A0A009H7U0	[379, 781, 579, 378, 377, 414, 376, 375, 374]
	 A0A009ZM43	[-1, 781, 579, 378, 377, 414, 376, 375, 374]

 ### Operon type: 8

	 A0A009ZIC0	[617, 616, 615, 614, 613, 612, 611, 610, 609]
	 A0A009N9Z1	[-1, 616, 615, 614, 613, 612, 611, 610, 609]
	 A0A009QDV7	[-1, 616, 615, 614, 613, 612, 611, 610, 609]
	 A0A013RMD0	[-1, 616, 615, 614, 613, 612, 611, 610, 609]
	 A0A010JDA6	[-1, 616, 615, 614, 613, 612, 611, 610, 609]
	 A0A009S854	[-1, 616, 615, 614, 613, 612, 611, 610, 609]
	 A0A009RG92	[-1, 616, 615, 614, 613, 612, 611, 610, 609]
	 A0A009IHQ3	[-1, 616, 615, 614, 613, 612, 611, 610, 609]
	 A0A009H6M2	[-1, 616, 615, 614, 613, 612, 611, 610, 609]

 ### Operon type: 9

	 A0A011UIA1	[120, 119, 118, 117, 116, 115, 114, 113, 0]
	 A0A011V5V3	[0, 120, 119, 118, 117, 116, 115, 114, 113]

 ### Operon type: 10

	 A0A011PTE7	[705, 704, 703, 702, 701, 0, 700, 699, 698]
	 A0A011NE72	[705, 704, 703, 702, 701, 700, 699, 698, 0]

 ### Operon type: 11

	 A0A010JWJ1	[369, 68, 810, 67, 368, 367, 366, 365, 364]
	 A0A009I4A1	[369, 68, 810, 67, 368, 367, 366, 365, 364]

 ### Operon type: 12

	 A0A009QF22	[371, 370, 369, 0, 368, 367, 366, 365, 364]
	 A0A009TBY8	[371, 370, 369, 67, 368, 367, 366, 365, 364]

 ### Operon type: 13

	 A0A011NEY3	[578, 872, 873, 871, 871, 870, 869, 868, 0]

 ### Operon type: 14

	 A0A011PAN4	[872, 873, 0, 871, 871, 870, 869, 868, 867]

 ### Operon type: 15

	 A0A011RCD5	[578, 872, 873, 871, 871, 870, 869, 868, 867]

 ### Operon type: 16

	 A0A011P4U7	[0, 733, 732, 731, 730, 729, 728, 727, 726]
	 A0A011NAY5	[733, 732, 731, 730, 729, 728, 727, 726, 0]

 ### Operon type: 17

	 A0A011PF67	[860, 859, 858, 857, 856, 0, 0, 0, 0]
	 A0A011NW66	[860, 859, 858, 857, 856, 632, 0, 0, 0]
	 A0A011NBX7	[860, 859, 858, 857, 856, 632, 0, 0, 0]

 ### Operon type: 18

	 A0A011NS68	[860, 859, 858, 857, 856, 591, 590, 661, 739]
	 A0A011RHX4	[860, 859, 858, 857, 856, 591, 590, 661, 0]

 ### Operon type: 19

	 A0A010YT39	[0, 660, 474, 473, 472, 471, 470, 469, 468]

 ### Operon type: 20

	 A0A010Z7T4	[474, 473, 472, 471, 470, 469, 468, 467, 709]

 ### Operon type: 21

	 A0A010K6G6	[265, 264, 433, 263, 262, 261, 260, 0, 259]
	 A0A013SP43	[265, 264, 433, 263, 262, 261, 260, 201, 259]
	 A0A009RUN3	[265, 264, 433, 263, 262, 261, 260, 201, 259]

 ### Operon type: 22

	 A0A011VWR4	[0, 0, 0, 0, 305, 304, 303, 302, 301]

 ### Operon type: 23

	 A0A011VYP6	[305, 304, 303, 302, 301, 0, 300, 816, 0]

 ### Operon type: 24

	 A0A011QAS2	[0, 659, 658, 657, 656, 655, 654, 653, 652]
	 A0A011NEQ1	[0, 659, 658, 657, 656, 655, 654, 653, 652]

 ### Operon type: 25

	 A0A010JSI3	[589, 588, 587, 586, 585, 584, 583, 582, 0]
	 A0A013T0M4	[589, 588, 587, 586, 585, 584, 583, 582, 0]
	 A0A009HDS5	[589, 588, 587, 586, 585, 584, 583, 582, 126]
	 A0A009RGL2	[589, 588, 587, 586, 585, 584, 583, 582, 126]

 ### Operon type: 26

	 A0A009SNL0	[100, 99, 217, 180, 179, 178, 177, 176, 175]

 ### Operon type: 27

	 A0A009T1I8	[217, 180, 179, 178, 177, 176, 175, 0, 0]

 ### Operon type: 28

	 A0A011VUV0	[505, 504, 503, 502, 501, 500, 499, 498, 0]
	 A0A011VW71	[0, 505, 504, 503, 502, 501, 500, 499, 498]

 ### Operon type: 29

	 A0A011UG71	[43, 221, 42, 41, 40, 222, 39, 219, 38]

 ### Operon type: 30

	 A0A011V8Z7	[0, 0, 43, 221, 42, 41, 40, 222, 39]

 ### Operon type: 31

	 A0A011V8Y9	[41, 40, 222, 39, 219, 38, 0, 0, 0]

 ### Operon type: 32

	 A0A011U8C0	[0, 222, 221, 0, 220, 219, 0, 0, 0]

 ### Operon type: 33

	 A0A011QSF0	[0, 753, 752, 751, 750, 749, 748, 747, 0]
	 A0A011Q0X6	[689, 753, 752, 751, 750, 749, 748, 747, 688]
	 A0A011Q1X8	[753, 0, 752, 751, 750, 749, 748, 747, 688]
	 A0A011QBB5	[689, 753, 752, 751, 750, 749, 748, 747, 688]

 ### Operon type: 34

	 A0A011PG87	[689, 753, 752, 751, 750, 749, 748, 0, 0]

 ### Operon type: 35

	 A0A011PCT1	[866, 865, 864, 0, 0, 0, 0, 863, 0]

 ### Operon type: 36

	 A0A011QU35	[0, 0, 0, 0, 855, 0, 866, 865, 864]

 ### Operon type: 37

	 A0A011Q2B1	[744, 725, 855, 724, 864, 683, 682, 681, 863]

 ### Operon type: 38

	 A0A011RLN8	[743, 742, 855, 724, 864, 683, 682, 681, 863]

 ### Operon type: 39

	 A0A011P700	[0, 0, 746, 745, 744, 725, 855, 724, 864]

 ### Operon type: 40

	 A0A011QSI4	[0, 0, 746, 745, 744, 0, 743, 742, 855]

 ### Operon type: 41

	 A0A013TH30	[637, 268, 309, 251, 250, 837, 267, 840, 266]
	 A0A013T337	[637, 268, 309, 251, 250, 837, 267, 840, 266]
	 A0A013S981	[269, 637, 268, 309, 251, 250, 837, 267, 840]

 ### Operon type: 42

	 A0A010JY00	[269, 637, 268, 309, 621, 837, 267, 840, 266]

 ### Operon type: 43

	 A0A009QQ47	[456, 455, 454, 453, 452, 451, 570, 810, 450]
	 A0A009MGJ1	[456, 455, 454, 453, 452, 451, 570, 810, 450]
	 A0A013TPV4	[456, 455, 454, 453, 452, 451, 570, 810, 450]
	 A0A009HR98	[456, 455, 454, 453, 452, 451, 570, 810, 450]
	 A0A010IZE4	[456, 455, 454, 453, 452, 451, 570, 810, 450]
	 A0A009SZB5	[456, 455, 454, 453, 452, 451, 570, 810, 450]
	 A0A009HL81	[456, 455, 454, 453, 452, 451, 570, 810, 450]

 ### Operon type: 44

	 A0A009Z8F7	[455, 454, 451, 0, 452, 288, 288, 0, 287]

 ### Operon type: 45

	 A0A009R016	[93, 92, 91, 90, 617, -1, 541, 89, 88]
	 A0A009HFU9	[93, 92, 91, 90, 617, 541, 89, 88, 0]

 ### Operon type: 46

	 A0A011UJN3	[0, 181, 0, 0, 494, 493, 492, 491, 490]

 ### Operon type: 47

	 A0A011W213	[494, 493, 492, 491, 490, 601, 0, 0, 0]

 ### Operon type: 48

	 A0A011QUG8	[854, 853, 852, 851, 850, 849, 0, 848, 847]
	 A0A011QIT1	[854, 853, 852, 851, 850, 849, 848, 847, 836]

 ### Operon type: 49

	 A0A011PP01	[718, 717, 716, 715, 714, 713, 712, 711, 710]
	 A0A011NVE7	[718, 717, 716, 715, 714, 713, 712, 711, 710]

 ### Operon type: 50

	 A0A011P2I4	[767, 674, 695, 710, 711, 712, 713, 714, 715]
	 A0A011N9N8	[767, 674, 695, 710, 711, 712, 713, 714, 715]

 ### Operon type: 51

	 A0A011PIY7	[696, 0, 695, 710, 711, 712, 713, 0, 715]

 ### Operon type: 52

	 A0A011Q3J4	[0, 696, 695, 710, 711, 712, 713, 714, 0]

 ### Operon type: 53

	 A0A011MH88	[665, 696, 695, 710, 711, 712, 713, 714, 715]

 ### Operon type: 54

	 A0A009QFZ7	[363, 362, 607, 606, 605, 361, 360, 359, 603]
	 A0A013SPM5	[363, 362, 607, 606, 605, 361, 360, 359, 603]
	 A0A009HSL1	[363, 362, 607, 606, 605, 361, 360, 359, 603]
	 A0A010IX62	[363, 362, 607, 606, 605, 361, 360, 359, 603]
	 A0A009MH71	[363, 362, 607, 606, 605, 361, 360, 359, 603]
	 A0A009I6Z0	[363, 362, 607, 606, 605, 361, 360, 359, 603]
	 A0A009TK03	[363, 362, 607, 606, 605, 361, 360, 359, 603]

 ### Operon type: 55

	 A0A009ZIX8	[0, 608, 607, 606, 605, 604, 0, 603, 0]

 ### Operon type: 56

	 A0A010JJN4	[527, 526, 525, 524, 523, 522, 521, 720, 638]
	 A0A009NI48	[527, 526, 525, 524, 523, 522, 521, 720, -1]
	 A0A013TPR7	[527, 526, 525, 524, 523, 522, 521, 720, 638]
	 A0A009SEP4	[527, 526, 525, 524, 523, 0, 522, 521, 0]
	 A0A009PMT3	[527, 526, 525, 524, 523, 522, 521, 720, 638]
	 A0A009RMI1	[527, 526, 525, 524, 523, 522, 521, 720, 0]
	 A0A009HJJ5	[527, 526, 525, 524, 523, 522, 521, 720, 37]
	 A0A009I8I7	[527, 526, 525, 524, 523, 522, 521, 720, 37]
	 A0A009YG45	[0, 527, 526, 525, 523, 0, 522, 521, 720]

 ### Operon type: 57

	 A0A013TPQ9	[335, 334, 333, 332, 331, 810, 802, 445, 639]
	 A0A013S8F0	[335, 334, 333, 332, 331, 810, 802, 445, 639]
	 A0A009SZ84	[335, 334, 333, 332, 331, 810, 802, 445, 639]
	 A0A010IZH1	[-1, 334, 333, 332, 331, 810, 802, 445, 639]
	 A0A009PMU2	[335, 334, 333, -1, 331, 810, 802, 445, 639]
	 A0A009HJM0	[335, 334, 333, 332, 331, 810, 802, 445, 639]

 ### Operon type: 58

	 A0A009HUS9	[334, 333, 0, 332, 331, 80, -1, 79, 78]

 ### Operon type: 59

	 A0A009ISE1	[522, 521, 720, 78, 79, -1, 80, 331, 332]

 ### Operon type: 60

	 A0A009NPS1	[335, 334, 333, 332, 331, -1, 720, 521, 522]

 ### Operon type: 61

	 A0A009QSI3	[552, 551, 550, 549, 548, 627, 626, 547, -1]
	 A0A013SB36	[552, 551, 550, 549, 548, 627, 626, 547, 188]

 ### Operon type: 62

	 A0A010ITP2	[552, 551, 550, 549, 548, 627, 626, 0, 0]

 ### Operon type: 63

	 A0A009SII9	[-1, 551, 550, 549, 548, 627, 626, 84, 83]

 ### Operon type: 64

	 A0A009T0Q9	[548, 627, 626, 84, 83, 188, 665, 810, 70]

 ### Operon type: 65

	 A0A009YJF4	[0, 627, 626, 48, 47, 665, 810, 0, 70]

 ### Operon type: 66

	 A0A009GP96	[0, 77, 810, 467, 258, 76, 541, 75, 74]

 ### Operon type: 67

	 A0A009GSR4	[467, 258, 76, 541, 75, 74, 74, 73, 0]

 ### Operon type: 68

	 A0A009IIT6	[77, 810, 467, 258, 75, 74, 74, 73, 0]

 ### Operon type: 69

	 A0A011SQL0	[738, 165, -1, 164, 220, 163, 342, 162, 161]
	 A0A011UZ49	[165, -1, 164, 220, 163, 342, 162, 161, 0]

 ### Operon type: 70

	 A0A009PT82	[674, 673, 323, 322, 321, 320, 319, 318, 317]
	 A0A009SIF9	[674, 673, 323, 322, 321, 320, 319, 318, 317]

 ### Operon type: 71

	 A0A009IS10	[60, 0, 0, 0, 321, 320, 319, 0, 0]

 ### Operon type: 72

	 A0A009QHW5	[0, 0, 0, 561, 321, 320, 319, 0, 286]

 ### Operon type: 73

	 A0A011UVB4	[0, 0, 0, 170, 0, 0, 60, 0, 498]

 ### Operon type: 74

	 A0A011V107	[296, -1, 295, 294, 293, 292, 291, 290, 0]
	 A0A011U7M7	[0, 296, -1, 295, 294, 293, 292, 291, 290]

 ### Operon type: 75

	 A0A011TLH0	[128, 293, 295, 127, 294, 292, 0, 0, 0]

 ### Operon type: 76

	 A0A011UG87	[212, 213, 214, 128, 293, 295, 127, 294, 292]

 ### Operon type: 77

	 A0A011TLH7	[214, 213, 212, 0, 0, 0, 0, 0, 0]

 ### Operon type: 78

	 A0A011TWN2	[211, 210, 209, 208, 207, 206, 205, 0, 0]
	 A0A011TAF9	[0, 0, 211, 210, 209, 208, 207, 206, 205]

 ### Operon type: 79

	 A0A011Q5V7	[831, 0, 0, 0, 830, 829, 828, 827, 826]

 ### Operon type: 80

	 A0A011RM25	[830, 829, 828, 827, 826, 845, 0, 484, 0]

 ### Operon type: 81

	 A0A011QIE8	[805, 804, 803, 802, 801, 800, 799, 0, 0]
	 A0A011QDV3	[805, 804, 803, 802, 801, 800, 673, 0, 799]

 ### Operon type: 82

	 A0A011PL71	[772, 771, 770, 769, 768, 767, 766, 765, 0]
	 A0A011QAB0	[771, 770, 769, 0, 768, 767, 766, 765, 0]

 ### Operon type: 83

	 A0A011Q6N5	[825, 824, 823, 0, 0, 0, 822, 821, 822]

 ### Operon type: 84

	 A0A011SGD5	[0, 0, 0, 0, 0, 0, 825, 824, 823]

 ### Operon type: 85

	 A0A011NYU6	[670, 669, 0, 668, 708, 577, 576, 0, 667]

 ### Operon type: 86

	 A0A011PYI6	[670, 669, 0, 668, 708, 667, 666, 736, 0]

 ### Operon type: 87

	 A0A011P1C0	[0, 0, 577, 576, 667, 0, 0, 0, 0]

 ### Operon type: 88

	 A0A011PKU5	[778, 777, 776, 775, 776, 774, 773, 0, 0]
	 A0A011N4G4	[0, 0, 778, 777, 776, 775, 776, 774, 773]

 ### Operon type: 89

	 A0A010ZWJ8	[14, 13, 12, 709, 11, 694, 202, 694, 10]

 ### Operon type: 90

	 A0A011AHW1	[11, 709, 12, 13, 14, 0, 0, 15, 0]

 ### Operon type: 91

	 A0A011AHU9	[202, 694, 10, 0, 0, 0, 0, 21, 665]

 ### Operon type: 92

	 A0A010ZX98	[9, 8, 7, 6, 5, 24, 802, 802, 0]

 ### Operon type: 93

	 A0A011AIL7	[5, 6, 7, 8, 9, 0, 0, 0, 0]

 ### Operon type: 94

	 A0A010YF95	[832, 480, 848, 479, 478, 478, 477, 476, 475]

 ### Operon type: 95

	 A0A010ZJQ6	[480, 848, 479, 478, 478, 477, 476, 475, 0]

 ### Operon type: 96

	 A0A009GXL8	[51, 50, 49, 48, 47, 67, 326, 325, 324]

 ### Operon type: 97

	 A0A010JIW7	[51, 50, 49, 48, 47, 0, 0, 326, 325]

 ### Operon type: 98

	 A0A011QNA5	[0, 794, 793, 792, 0, 791, 790, 789, 788]
	 A0A009ZLJ7	[788, 789, 790, 791, 0, 0, 794, 793, 792]

 ### Operon type: 99

	 A0A009QMH5	[791, 790, 789, 788, 546, 545, 544, 543, 542]
	 A0A013T0T6	[791, 790, 789, 788, 546, 545, 544, 543, 542]
	 A0A009HAX1	[791, 790, 789, 788, 546, 545, 544, 543, 542]
	 A0A009PE10	[791, 790, 789, 788, 546, 103, 544, 543, -1]
	 A0A009RMD0	[791, 790, 789, 788, 546, 103, 544, 543, 542]
	 A0A009ISY0	[791, 790, 789, 788, 546, 103, 544, 543, 542]

 ### Operon type: 100

	 A0A010ILW6	[791, 790, 789, 788, 546, 545, 0, 0, 543]

 ### Operon type: 101

	 A0A009Z9X7	[790, 789, 788, 0, 546, 0, 844, 0, 543]

 ### Operon type: 102

	 A0A013S8V2	[191, 190, 0, 0, 0, 189, 0, 0, 0]
	 A0A009R8E1	[0, 575, 0, 191, 190, 0, 0, 189, 0]

 ### Operon type: 103

	 A0A009ZFR5	[625, 624, 623, 622, 621, 620, 619, 618, 840]
	 A0A009ICH6	[625, 624, 623, 622, 621, 620, 619, 618, 840]

 ### Operon type: 104

	 A0A009NQA1	[625, 624, 623, 622, 311, 310, 309, 840, 837]
	 A0A009RR21	[625, 624, 623, 622, 311, 310, 309, 840, 837]

 ### Operon type: 105

	 A0A009HTN9	[625, 624, 623, 622, 311, 310, 82, 641, 81]
	 A0A009T3J5	[625, 624, 623, 622, 311, 310, 82, 641, 81]

 ### Operon type: 106

	 A0A009Q0U9	[625, 624, 623, 622, 311, 310, -1, -1, 0]

 ### Operon type: 107

	 A0A009QEG7	[278, 277, 276, 275, 274, 273, 272, 271, 270]
	 A0A009IPC3	[278, 277, 276, 275, 274, 273, 272, 271, 270]

 ### Operon type: 108

	 A0A009I573	[95, 0, 35, 102, 0, 36, 274, 275, 276]

 ### Operon type: 109

	 A0A009ILP9	[271, 0, 276, 275, 274, 36, 270, 102, 35]

 ### Operon type: 110

	 A0A009I953	[271, 0, 276, 275, 274, 36, 270, 0, -1]

 ### Operon type: 111

	 A0A009SX74	[679, 739, 0, 102, 270, 271, 277, 278, 101]

 ### Operon type: 112

	 A0A009MMG9	[444, 443, 599, 535, 442, 441, 440, 439, 438]
	 A0A009QVK8	[444, 443, 599, 535, 442, 441, 440, 439, 438]
	 A0A010IPH1	[444, 443, 599, 535, 442, 441, 440, 439, 438]
	 A0A009ICP5	[444, 443, 599, 535, 442, 441, 440, 439, 438]

 ### Operon type: 113

	 A0A009QLL2	[352, 351, 350, 349, 442, 441, 440, 439, 438]
	 A0A009HTW0	[352, 351, 350, 349, 442, 441, 440, 439, 438]
	 A0A009SIV4	[352, 351, 350, 349, 442, 441, 440, 439, 438]
	 A0A013TSJ4	[351, 350, 0, 349, 442, 441, 440, 439, 438]

 ### Operon type: 114

	 A0A009QNC9	[558, 464, 463, 462, 461, 460, 459, 810, 802]
	 A0A013TCN9	[558, 464, 463, 462, 461, 460, 459, 810, 802]
	 A0A009NIJ3	[558, 464, 463, 462, 461, 460, 459, 810, 802]
	 A0A010ITG1	[558, 464, 463, 462, 461, 460, 459, 810, 802]
	 A0A013TRC1	[558, 464, 463, 462, 461, 460, 459, 810, 802]

 ### Operon type: 115

	 A0A009H935	[0, 0, 463, 462, 461, 460, 459, 810, 802]

 ### Operon type: 116

	 A0A009QEX0	[430, 429, 428, 427, 426, 373, 373, 736, 372]
	 A0A009SF48	[430, 429, 428, 427, 426, -1, 373, 736, 372]
	 A0A009IMX3	[430, 429, 428, 427, 426, 373, 373, 736, 372]

 ### Operon type: 117

	 A0A009MR00	[430, 429, 428, 427, 426, 425, 625, 424, 423]
	 A0A013S7V1	[430, 429, 428, 427, 426, 425, 625, 424, 423]
	 A0A010ISX2	[430, 429, 428, 427, 426, 425, 625, 424, 423]
	 A0A009RES7	[430, 429, 428, 427, 426, 425, 625, 424, 423]

 ### Operon type: 118

	 A0A009YTT3	[3, 617, 428, 427, 426, 425, 625, 424, 423]

 ### Operon type: 119

	 A0A009GYP9	[0, 0, 0, 427, 426, 425, 625, 424, 423]

 ### Operon type: 120

	 A0A009ZZC8	[-1, 99, 100, 3, 617, 428, 427, 426, 425]

 ### Operon type: 121

	 A0A011WSE5	[408, 407, 406, 405, 404, 403, 396, 395, 394]
	 A0A011UGX8	[409, 408, 407, 406, 405, 404, 403, 396, 395]

 ### Operon type: 122

	 A0A011VZG0	[410, 0, 409, 408, 407, 406, 405, 404, 403]

 ### Operon type: 123

	 A0A009PJF7	[171, 172, 172, 173, 134, 510, 133, 132, 131]
	 A0A009SJZ7	[170, 171, 172, 173, 134, 510, 133, 132, 131]

 ### Operon type: 124

	 A0A009Z5G0	[510, 173, 172, 0, 397, 171, 170, 187]

 ### Operon type: 125

	 A0A010JJC1	[562, 520, 519, 518, 517, 516, 515, 528, 514]
	 A0A010IZ41	[520, 519, 518, 517, 516, 515, 528, 514, 433]

 ### Operon type: 126

	 A0A009QJL6	[562, 520, 519, 518, 0, 514, 433, 56, 0]

 ### Operon type: 127

	 A0A010KAV2	[257, 256, 255, 254, 253, 674, 443, 735, 252]
	 A0A009NE81	[257, 256, 255, 254, 253, 674, 443, 735, 252]
	 A0A013TB41	[257, -1, 255, 254, 253, 674, 443, 735, 252]
	 A0A013SGL3	[257, 256, 255, 254, 253, 674, 443, 735, 252]
	 A0A009PG53	[257, 256, 255, 254, 253, 674, 443, 735, 252]
	 A0A009SHB3	[257, 256, 255, 254, 253, 674, 443, 735, 252]
	 A0A009RQH3	[257, 256, 255, 254, 253, 674, 443, 735, 252]
	 A0A009I5Z6	[257, 256, 255, 254, 253, 674, 443, 735, 252]

 ### Operon type: 128

	 A0A009H3X4	[257, 256, 255, 254, 253, 674, -1, 663, -1]

 ### Operon type: 129

	 A0A009PIB4	[0, 0, 0, 316, 315, 314, 541, 810, 767]
	 A0A009SLR5	[0, 0, 0, 316, 315, 314, 541, 810, 767]

 ### Operon type: 130

	 A0A009HSU4	[0, 0, 761, 810, 0, 674, 735, 767, 541]

 ### Operon type: 131

	 A0A009I463	[571, 45, 44, 434, 434, 468, 216, 215, 308]
	 A0A009PAG1	[571, 45, 44, 434, 434, 468, 216, 215, 308]

 ### Operon type: 132

	 A0A013SKX6	[0, 0, 571, 0, 434, 434, 468, 216, 215]

 ### Operon type: 133

	 A0A011Q5S3	[836, 835, 0, 0, 0, 0, 834, 833, 832]

 ### Operon type: 134

	 A0A011UZZ4	[0, 834, 833, 0, 0, 0, 298, 298, 832]

 ### Operon type: 135

	 A0A011UTJ0	[0, 0, 0, 65, 64, 63, 728, 62, 61]

 ### Operon type: 136

	 A0A011VMV7	[65, 64, 63, 728, 62, 61, 112, 111, 110]

 ### Operon type: 137

	 A0A011NYT4	[723, 722, 721, 720, 0, 628, 628, 627, 626]

 ### Operon type: 138

	 A0A011P8E9	[0, 0, 723, 722, 0, 721, 720, 0, 0]

 ### Operon type: 139

	 A0A010TF34	[0, -1, 0, 0, 29, 28, 27, 26, 25]
	 A0A010SYH9	[29, 28, 27, 26, 25, 0, 0, 0, 0]

 ### Operon type: 140

	 A0A010S7A1	[157, 156, 155, 529, 0, 154, 0, 0, 0]
	 A0A010TFJ4	[0, -1, 0, 157, 156, 155, 529, -1, 154]

 ### Operon type: 141

	 A0A009HJC2	[153, 802, 599, 152, 434, 541, 151, 150, 149]
	 A0A009PAV9	[153, -1, 599, 152, 434, 541, 151, 150, 149]

 ### Operon type: 142

	 A0A009SE02	[0, 149, 0, 0, 0, 150, 151, 541, 434]

 ### Operon type: 143

	 A0A009HS41	[735, 625, 690, 338, 144, 810, 810, 336, 218]
	 A0A009RSB7	[735, 625, 690, 338, 144, 810, 810, 336, 218]
	 A0A009SYU8	[735, 625, 690, 338, 144, 810, 810, 336, 218]

 ### Operon type: 144

	 A0A013SHA9	[735, 625, 690, 338, 337, 810, 810, 336, 218]
	 A0A010IT25	[735, 625, 690, 338, 337, 810, 810, 336, 218]
	 A0A009I466	[735, 625, 690, 338, 337, 810, 810, 336, 218]

 ### Operon type: 145

	 A0A009NMQ9	[735, 625, 690, 338, 337, 0, 810, 810, 336]

 ### Operon type: 146

	 A0A009P8A9	[0, 0, 690, 338, 144, 810, 810, 336, 218]

 ### Operon type: 147

	 A0A009NJ90	[232, 231, 230, 229, 228, 227, 226, 240, 239]
	 A0A009ITT8	[232, 231, 230, 229, 228, 226, 240, 239, 238]

 ### Operon type: 148

	 A0A009NCH6	[241, 240, 239, 238, 237, 236, 235, 234, 233]
	 A0A009IJ01	[240, 239, 238, 124, 237, 236, 235, 234, 233]

 ### Operon type: 149

	 A0A009RQL5	[240, 239, 238, 108, 237, 236, 235, 234, 0]

 ### Operon type: 150

	 A0A009MGQ8	[228, 0, 241, 240, 239, 238, 237, 236, 235]

 ### Operon type: 151

	 A0A009S6G1	[72, 71, 125, 229, 228, 240, 239, 238, 237]
	 A0A009IJ07	[72, 71, 125, 229, 228, 240, 239, 238, 124]
	 A0A009RHH7	[72, 71, 125, 229, 228, 227, 240, 239, 238]

 ### Operon type: 152

	 A0A009HZK2	[125, 229, 228, 240, 239, 238, 124, 237, 236]

 ### Operon type: 153

	 A0A009R4N4	[229, 228, 227, 240, 239, 238, 108, 237, 236]

 ### Operon type: 154

	 A0A009S5A5	[228, 227, 226, 240, 239, 238, 124, 69, 237]

 ### Operon type: 155

	 A0A009RHH9	[0, 0, 0, 0, 109, 72, 71, 125, 229]

 ### Operon type: 156

	 A0A011PGU1	[0, 0, 678, 784, 783, 782, 677, 676, 675]
	 A0A011MDH1	[684, 0, 678, 784, 783, 782, 677, 676, 675]

 ### Operon type: 157

	 A0A011V0P4	[421, 297, 0, 0, 400, 0, 0, 486, 485]

 ### Operon type: 158

	 A0A011WPV7	[486, 485, 0, 0, 0, 0, 0, 0, 0]

 ### Operon type: 159

	 A0A011UDF3	[784, 506, 0, 0, 0, 204, 513, 512, 757]

 ### Operon type: 160

	 A0A011VSC9	[513, 512, 757, 0, 0, 0, 0, 0, 0]

 ### Operon type: 161

	 A0A011SF89	[568, 567, 566, 0, 0, 0, 0, 0, 0]

 ### Operon type: 162

	 A0A011UCX7	[0, 771, 568, 567, 0, 566, 106, 0, 0]

 ### Operon type: 163

	 A0A011RNP9	[0, 0, 0, 0, 0, 499, 766, 0, 0]

 ### Operon type: 164

	 A0A011V0B5	[571, 0, 0, 0, 0, 0, 499, 0, 0]

 ### Operon type: 165

	 A0A011RQC9	[0, 571, 570, 0, 0, 0, 0, 569, 0]

 ### Operon type: 166

	 A0A011QG28	[786, 785, 784, 0, 783, 782, 781, 780, 779]
	 A0A011RIM8	[786, 785, 0, 0, 783, 782, 781, 780, 779]

 ### Operon type: 167

	 A0A011PHI6	[741, 0, 807, 0, 0, 806, 851, 740, 0]

 ### Operon type: 168

	 A0A011QI68	[0, 0, 807, 806, 0, 0, 0, 0, 0]

 ### Operon type: 169

	 A0A011NVJ6	[634, 645, 644, 643, 642, 641, 0, 0, 633]

 ### Operon type: 170

	 A0A011PVP2	[0, 645, 644, 643, 642, 641, 0, 0, 819]

 ### Operon type: 171

	 A0A011NXY7	[0, 0, 644, 0, 642, 0, 0, 0, 0]

 ### Operon type: 172

	 A0A011QR69	[842, 841, 840, 839, 838, 837, 0, 0, 0]
	 A0A011NUB4	[842, 841, 840, 839, 838, 837, 0, 601, 0]

 ### Operon type: 173

	 A0A011NN36	[841, 840, 0, 0, 838, 837, 0, 0, 0]

 ### Operon type: 174

	 A0A011PK69	[840, 763, 0, 0, 838, 837, 0, 0, 0]

 ### Operon type: 175

	 A0A011NYD6	[650, 796, 795, 630, 629, 649, 648, 647, 646]
	 A0A011RMI6	[650, 796, 795, 630, 629, 649, 648, 647, 646]

 ### Operon type: 176

	 A0A011QB28	[651, 650, 796, 0, 0, 649, 648, 647, 646]

 ### Operon type: 177

	 A0A011NF33	[0, 649, 648, 0, 0, 0, 0, 0, 0]

 ### Operon type: 178

	 A0A011NBY4	[596, 0, 0, 595, 0, 0, 594, 0, 0]

 ### Operon type: 179

	 A0A011WRT0	[596, 0, 0, 0, 0, 0, 0, 736, 0]

 ### Operon type: 180

	 A0A011SHV5	[0, 0, 0, 0, 0, 563, 736, 562, 0]

 ### Operon type: 181

	 A0A011NB95	[0, 846, 0, 0, 0, 0, 599, 598, 597]

 ### Operon type: 182

	 A0A011UHT4	[56, 402, 598, 0, 0, 31, 31, 597, 0]

 ### Operon type: 183

	 A0A010Z1W7	[0, 0, 0, 0, 0, 534, 0, 481, 413]

 ### Operon type: 184

	 A0A011VY84	[0, 0, 413, 481, 0, 0, 0, 0, 0]

 ### Operon type: 185

	 A0A010YW85	[0, 0, 0, 0, 0, 130, 0, 481, 413]

 ### Operon type: 186

	 A0A010ZMA0	[481, 640, 0, 0, 0, 0, 0, 0, 0]

 ### Operon type: 187

	 A0A011N5L2	[0, 0, 0, 640, 0, 639, 638, 0, 0]

 ### Operon type: 188

	 A0A009MJ75	[0, 0, 308, 307, 306, 0, 0, 0, 467]

 ### Operon type: 189

	 A0A010IH51	[0, 438, 0, 0, 306, 0, 467, 0, 0]

 ### Operon type: 190

	 A0A011TYT7	[0, 0, 0, 0, 0, 0, 438, 104, 104]

 ### Operon type: 191

	 A0A010RRR9	[0, 0, 0, 0, 815, 0, 0, 530, 467]

 ### Operon type: 192

	 A0A010SIA7	[0, 0, 530, 529, 0, 0, 0, 0, 0]

 ### Operon type: 193

	 A0A010RFQ9	[0, 0, 612, 0, 581, 0, 0, 0, 0]

 ### Operon type: 194

	 A0A010SPR9	[19, 19, 0, 0, 0, 581, 0, 0, 0]

 ### Operon type: 195

	 A0A009LNU8	[339, 341, 342, 343, 0, 33, 0, 541, 0]

 ### Operon type: 196

	 A0A013SRG6	[344, 343, 342, 341, 0, 340, 0, 339, 593]

 ### Operon type: 197

	 A0A009IQU8	[0, 341, 0, 0, 0, 340, 593, 0, 0]

 ### Operon type: 198

	 A0A010K2K8	[342, 343, 344, 0, 0, 0, 0, -1, 541]

 ### Operon type: 199

	 A0A011NPR8	[0, 593, 0, 0, 0, 0, 592, 0, 0]

 ### Operon type: 200

	 A0A010SEA2	[835, 592, 531, 0, 0, 0, 0, 0, 0]

 ### Operon type: 201

	 A0A010IGH8	[0, 0, 0, 0, 0, 0, 0, 183, 336]

 ### Operon type: 202

	 A0A010STD3	[0, 0, 0, 285, 203, 284, 0, 336, 183]

 ### Operon type: 203

	 A0A010SQJ5	[148, 535, 0, 285, 203, 284, 0, 0, 0]

 ### Operon type: 204

	 A0A013RVV2	[558, 0, 185, 184, 0, 0, 336, 183, 0]

 ### Operon type: 205

	 A0A011TD67	[204, 0, 0, 285, 203, 284, 283, 0, 202]

 ### Operon type: 206

	 A0A009ZC12	[0, 0, 0, 285, 0, 284, 283, 282, 755]

 ### Operon type: 207

	 A0A009YSC7	[0, 0, 594, 1, 0, 1, 185, 184, 0]

 ### Operon type: 208

	 A0A009ZJK4	[0, 0, 0, 0, 0, 0, 625, 602, 0]

 ### Operon type: 209

	 A0A010SVN1	[-1, 602, 810, 532, 129, 0, 0, 625, 0]

 ### Operon type: 210

	 A0A009QGN4	[358, 357, 356, 355, 354, 353, 0, 0, 0]
	 A0A009PFK7	[358, 357, 356, 355, 354, 0, 0, 353, 0]

 ### Operon type: 211

	 A0A009YR20	[0, 353, 0, 0, 0, 0, 357, 0, 0]

 ### Operon type: 212

	 A0A009SCM5	[59, 58, 57, 0, 0, 0, 0, 0, 0]

 ### Operon type: 213

	 A0A009TJ77	[101, 96, 0, 0, 0, 0, 59, 58, 57]

 ### Operon type: 214

	 A0A009HZV2	[0, 0, 0, 0, 458, 457, 227, 0, 0]

 ### Operon type: 215

	 A0A009QPE7	[0, 0, 0, 0, 458, 457, 0, 0, 0]

 ### Operon type: 216

	 A0A009MGR3	[0, 0, 199, 0, 328, 69, 90, 198, 197]

 ### Operon type: 217

	 A0A009Q4G0	[0, 200, 199, 0, 328, 0, 198, 197, 198]

 ### Operon type: 218

	 A0A009PB53	[0, 0, 330, 329, 328, 198, 197, 198, 327]

 ### Operon type: 219

	 A0A009PUJ8	[0, 330, 329, 328, 0, 327, 326, 325, 324]

 ### Operon type: 220

	 A0A009QQC0	[449, 0, 448, 810, 447, 447, 446, 445, 532]
	 A0A009H7I0	[449, 0, 0, 810, 447, 447, 446, 445, 532]

 ### Operon type: 221

	 A0A009MVG4	[448, 0, 422, 810, 447, 447, 446, 445, 532]

 ### Operon type: 222

	 A0A009QA91	[281, 280, 735, 810, 447, 447, 446, 445, 532]
	 A0A010J377	[281, 280, 735, 810, 447, 447, 446, 445, 532]

 ### Operon type: 223

	 A0A009S1X4	[281, 280, 735, 810, 447, 447, 810, 0, 136]

 ### Operon type: 224

	 A0A013SHF4	[0, 0, 422, 810, 447, 447, 0, 217, 0]

 ### Operon type: 225

	 A0A011PJK8	[761, 760, 759, 809, 808, 758, 0, 0, 0]
	 A0A011N3C3	[0, 0, 0, 761, 760, 759, 809, 808, 758]

 ### Operon type: 226

	 A0A011WKI4	[0, 0, 0, 0, 0, 762, 489, 488, 487]
	 A0A011UWH1	[762, 489, 488, 487, 0, 0, 0, 0, 0]

 ### Operon type: 227

	 A0A010YKP2	[0, 0, 0, 0, 0, 0, 633, 289, 0]

 ### Operon type: 228

	 A0A011V1A2	[297, 0, 0, 289, 0, 0, 0, 0, 0]

 ### Operon type: 229

	 A0A011NGS0	[0, 0, 0, 0, 672, 692, 0, 0, 0]

 ### Operon type: 230

	 A0A011PW61	[0, 0, 0, 0, 672, 692, 0, 0, 671]

 ### Operon type: 231

	 A0A011UXI1	[0, 635, 0, 0, 672, 692, 98, 0, 0]

 ### Operon type: 232

	 A0A011SWI9	[-1, -1, 0, 741, 672, 692, 98, -1, -1]

 ### Operon type: 233

	 A0A011P952	[692, 0, 691, 0, 0, 691, 0, 0, 0]

 ### Operon type: 234

	 A0A011Q1B3	[687, 740, 686, 685, 686, 819, 684, 0, 0]
	 A0A011QVV5	[0, 0, 687, 740, 686, 685, 686, 819, 684]

 ### Operon type: 235

	 A0A011NSG8	[0, 0, 0, 740, 686, 685, 0, 686, 0]

 ### Operon type: 236

	 A0A011P0X4	[0, 0, 684, 0, 686, 0, 0, 685, 575]

 ### Operon type: 237

	 A0A010YNY9	[0, 0, 193, 192, 0, 0, 0, 0, 465]

 ### Operon type: 238

	 A0A011AC71	[136, 0, 0, 123, 0, 193, 192, 0, 735]

 ### Operon type: 239

	 A0A011QLX0	[0, 798, 0, 0, 797, 0, 796, 795, 0]
	 A0A011PRW6	[798, 0, 0, 0, 797, 796, 795, 0, 0]

 ### Operon type: 240

	 A0A010SML6	[0, 796, 795, -1, 0, 739, 0, 0, 0]

 ### Operon type: 241

	 A0A010RS09	[0, 0, 0, 0, 26, 0, 663, 663, 0]

 ### Operon type: 242

	 A0A010RTE7	[0, 0, 0, 0, 0, 0, 26, 96, 0]

 ### Operon type: 243

	 A0A009P817	[313, 0, 0, 0, 312, 0, 348, 347, 346]

 ### Operon type: 244

	 A0A009TIY0	[0, 0, 0, 0, 312, 0, 348, 347, 0]

 ### Operon type: 245

	 A0A009QKA3	[348, 347, 0, 346, 0, 0, 0, 0, 358]

 ### Operon type: 246

	 A0A009HSR2	[0, 143, 142, 0, 141, 389, 390, 227, 391]

 ### Operon type: 247

	 A0A009SWM1	[0, 143, 142, 0, 141, 0, 0, 390, 0]

 ### Operon type: 248

	 A0A009MYX0	[392, 391, 0, 761, 0, 0, 390, 389, 388]

 ### Operon type: 249

	 A0A009QK79	[0, 0, 388, 389, 0, 390, 0, 0, 391]

 ### Operon type: 250

	 A0A009GXJ1	[122, 121, 389, 390, 52, 227, 391, 392, 0]

 ### Operon type: 251

	 A0A009QT77	[0, 0, -1, 541, 540, 539, 538, 537, 536]
	 A0A013TKW8	[0, 861, 0, 541, 540, 539, 538, 537, 536]
	 A0A010IT95	[0, 0, 0, 541, 540, 539, 538, 537, 536]
	 A0A009PRQ9	[0, 541, 87, 0, 540, 539, 538, 537, 536]
	 A0A009S0T6	[0, 0, 541, 87, 540, 539, 538, 537, 536]
	 A0A009MH36	[0, 0, 0, 541, 540, 539, 538, 537, 536]
	 A0A009GWD0	[227, 0, 0, 541, 540, 539, 538, 537, 536]
	 A0A009I5G9	[0, 0, 541, 87, 540, 539, 538, 537, 536]

 ### Operon type: 252

	 A0A013TMJ7	[802, -1, 0, 541, 540, 537, 536, 0, 0]

 ### Operon type: 253

	 A0A011VXC2	[-1, 420, 0, 706, 419, 418, 417, 416, 415]
	 A0A011V392	[420, 0, 706, 419, 418, 417, 0, 416, 415]

 ### Operon type: 254

	 A0A011V490	[410, 411, 0, 415, 416, 417, 418, 419, 706]

 ### Operon type: 255

	 A0A011VZF5	[0, 0, 419, 418, 417, 771, 411, 771, 0]

 ### Operon type: 256

	 A0A011VU44	[0, 0, 0, 0, 0, 509, 0, 0, 0]
	 A0A011WLE7	[0, 0, 0, 0, 0, 509, 0, 0, 0]

 ### Operon type: 257

	 A0A011VAP2	[0, 0, 53, 0, 0, 0, 0, 0, 496]

 ### Operon type: 258

	 A0A011VRJ8	[0, 0, 0, 0, 0, 0, 53, 0, 0]

 ### Operon type: 259

	 A0A011RNU1	[0, 0, 0, 0, 0, 0, 483, 483, 482]

 ### Operon type: 260

	 A0A011VKJ9	[0, 0, 0, 0, 0, 0, 482, 483, -1]

 ### Operon type: 261

	 A0A011PQZ7	[0, 0, 0, 709, 708, 0, 707, 0, 0]

 ### Operon type: 262

	 A0A011TUX4	[0, 0, 0, 0, 708, 0, 0, 707, 0]

 ### Operon type: 263

	 A0A011STZ9	[0, 0, 0, 707, 0, 0, 0, 0, 0]

 ### Operon type: 264

	 A0A011PUJ9	[0, 0, 0, 0, 0, 0, 0, 0, 820]
	 A0A011PRF5	[820, 0, 0, 0, 0, 0, 0, 0, 0]

 ### Operon type: 265

	 A0A011PFY8	[0, 0, 0, 0, 0, 0, 0, 0, 719]

 ### Operon type: 266

	 A0A011PNS3	[843, 719, 0, 0, 0, 0, 0, 0, 0]

 ### Operon type: 267

	 A0A011T648	[0, 719, 0, 0, 0, 0, 0, 840, 0]

 ### Operon type: 268

	 A0A010YYJ5	[0, 0, 0, 771, 0, 0, 0, 86, 86]

 ### Operon type: 269

	 A0A011NDM5	[771, 0, 0, 0, 0, 0, 0, 0, 0]

 ### Operon type: 270

	 A0A011MSR2	[0, 0, 0, 580, 0, 0, 0, 771, 771]

 ### Operon type: 271

	 A0A011WSU6	[0, 771, 0, 0, 416, 0, 0, 0, 0]

 ### Operon type: 272

	 A0A011AEN3	[0, 0, 0, 0, 0, 0, 781, 0, 0]
	 A0A011U3C2	[0, 0, 781, 0, 0, 0, 0, 0, 0]

 ### Operon type: 273

	 A0A011AAZ2	[0, 574, 0, 0, 0, 781, 781, 781, 0]

 ### Operon type: 274

	 A0A011T698	[0, 0, 0, 0, 0, 735, 781, 0, 0]

 ### Operon type: 275

	 A0A010YRE8	[0, 0, 0, 0, 0, 0, 0, 24, 0]

 ### Operon type: 276

	 A0A011AF05	[0, 0, 136, 24, 0, 0, 0, 0, 0]

 ### Operon type: 277

	 A0A009ZG48	[0, 0, 0, 861, 0, 0, 0, 0, 0]

 ### Operon type: 278

	 A0A011PEJ8	[0, 0, 862, 861, 0, 0, 0, 0, 0]

 ### Operon type: 279

	 A0A011QNJ7	[787, 0, 0, 861, 0, 0, 0, 787, 0]

 ### Operon type: 280

	 A0A011MMJ4	[0, 0, 0, 0, 0, 0, 0, 787, 0]

 ### Operon type: 281

	 A0A011R8M3	[0, 0, 862, 861, 0, 97, 0, 787, 0]

 ### Operon type: 282

	 A0A009ZC82	[0, 0, 738, 0, 0, 0, 0, 0, 0]

 ### Operon type: 283

	 A0A011P3F6	[739, 0, 0, 738, 0, 0, 0, 0, 0]

 ### Operon type: 284

	 A0A009IG48	[0, 0, 0, 94, 46, 0, 0, 0, 739]

 ### Operon type: 285

	 A0A009IMQ0	[0, 0, 0, 94, 46, 0, 0, 0, 0]

 ### Operon type: 286

	 A0A009SWV1	[0, 0, 0, 0, 0, 0, 0, 94, 0]

 ### Operon type: 287

	 A0A009Q512	[0, 0, 0, 0, 196, 0, 0, 0, 0]
	 A0A009PMZ9	[196, 0, 0, 0, 0, 0, 0, 0, 0]

 ### Operon type: 288

	 A0A009IFL2	[0, 466, 0, 34, -1, 0, 0, 0]

 ### Operon type: 289

	 A0A009ZDS1	[-1, -1, 0, 466, 0, 0, 520, 0, 0]

 ### Operon type: 290

	 A0A010SNM6	[146, 145, -1, 0, 0, 0, 802, 0, 0]

 ### Operon type: 291

	 A0A010T5D8	[145, 146, 0, -1, 0, -1, 433, 0, 0]

 ### Operon type: 292

	 A0A011UB51	[412, 0, 0, 0, 0, 0, 0, 0, 0]
	 A0A011UFH1	[0, 0, 0, 0, 0, 412, 0, 0, 0]

 ### Operon type: 293

	 A0A011VHP2	[0, -1, -1, -1, 55, 0, 0, 0, 0]
	 A0A011V965	[0, -1, -1, 0, 55, 0, -1, -1, 0]

 ### Operon type: 294

	 A0A010RVD0	[-1, 0, 0, -1, 0, 747, 747, 0, 20]

 ### Operon type: 295

	 A0A010T7Q5	[0, 20, 0, 0, 0, 0, -1, 0, 0]

 ### Operon type: 296

	 A0A010SJH7	[0, 0, 802, -1, 0, 0, 446, 0, 0]

 ### Operon type: 297

	 A0A010SRR2	[0, 0, -1, 0, 0, 0, 0, 0, 802]

 ### Operon type: 298

	 A0A010RY47	[-1, 0, -1, 0, 0, 0, 0, 0, 0]
	 A0A010TF14	[-1, 0, 0, 0, 0, 0, 0, 0, 0]
	 A0A010RKP8	[0, 0, 0, 0, 0, 0, -1, 0, 0]
	 A0A009HJU6	[0, 0, 0, 0, 0, 0, 0, 0, -1]
	 A0A011UZ32	[0, 0, 0, 0, 0, -1, 0, 0, 0]

 ### Operon type: 299

	 A0A010SJF9	[0, 0, 0, 0, 0, -1, 0, 147, -1]

 ### Operon type: 300

	 A0A011ML54	[0, 0, 0, 664, 0, 0, 0, 0, -1]

 ### Operon type: 301

	 A0A011NHY1	[0, 0, 0, 0, 0, 802, 0, 0, 0]

 ### Operon type: 302

	 A0A010Z171	[0, 0, 0, 0, 0, 0, 802, 0, 761]

 ### Operon type: 303

	 A0A011T697	[802, 0, 0, 0, 0, 0, 0, 0, 348]

 ### Operon type: 304

	 A0A011TDD1	[0, 225, 802, 0, 0, 0, 0, 0, 0]

 ### Operon type: 305

	 A0A011VW24	[0, 0, 845, 0, 0, 0, 0, 0, -1]

 ### Operon type: 306

	 A0A011T8V3	[0, 0, 845, 0, 0, 0, 0, 0, 0]

 ### Operon type: 307

	 A0A010TH98	[671, 0, 0, 845, 0, 0, 0, 0, 0]

 ### Operon type: 308

	 A0A011QVR3	[0, 0, 0, 0, 0, 0, 0, 846, 845]

 ### Operon type: 309

	 A0A011VYF1	[845, 0, 0, 0, 0, 0, 412, 0, 0]

 ### Operon type: 310

	 A0A010S415	[-1, 845, 0, 532, 0, 0, 0, 0, 556]

 ### Operon type: 311

	 A0A011PBM9	[0, 0, 0, 0, 0, 0, 0, 0, 0]
	 A0A011QMJ8	[0, 0, 0, 0, 0, 0, 0, 0, 0]
	 A0A011PNN2	[0, 0, 0, 0, 0, 0, 0, 0, 0]
	 A0A011QSN2	[0, 0, 0, 0, 0, 0, 0, 0, 0]
	 A0A011P9Z5	[0, 0, 0, 0, 0, 0, 0, 0, 0]
	 A0A011Q056	[0, 0, 0, 0, 0, 0, 0, 0, 0]
	 A0A011NTU3	[0, 0, 0, 0, 0, 0, 0, 0, 0]
	 A0A011NAJ1	[0, 0, 0, 0, 0, 0, 0, 0, 0]
	 A0A011NMI8	[0, 0, 0, 0, 0, 0, 0, 0, 0]
	 A0A011N2Z0	[0, 0, 0, 0, 0, 0, 0, 0, 0]
	 A0A010ZTI3	[0, 0, 0, 0, 0, 0, 0, 0, 0]
	 A0A010SHY1	[0, 0, 0, 0, 0, 0, 0, 0, 0]
	 A0A011VYF6	[0, 0, 0, 0, 0, 0, 0, 0, 0]
	 A0A009MH90	[0, 0, 0, 0, 0, 0, 0, 0, 0]
	 A0A013TEV4	[0, 0, 0, 0, 0, 0, 0, 0, 0]
	 A0A009M4K0	[0, 0, 0, 0, 0, 0, 0, 0, 0]
	 A0A010YJA7	[0, 0, 0, 0, 0, 0, 0, 0, 0]
	 A0A013SBR8	[0, 0, 0, 0, 0, 0, 0, 0, 0]
	 A0A013SL47	[0, 0, 0, 0, 0, 0, 0, 0, 0]
	 A0A011WUT3	[0, 0, 0, 0, 0, 0, 0, 0, 0]
	 A0A013S2B9	[0, 0, 0, 0, 0, 0, 0, 0, 0]
	 A0A011UHL2	[0, 0, 0, 0, 0, 0, 0, 0, 0]
	 A0A011UBN9	[0, 0, 0, 0, 0, 0, 0, 0, 0]
	 A0A009PDV4	[0, 0, 0, 0, 0, 0, 0, 0, 0]
	 A0A009HIL8	[0, 0, 0, 0, 0, 0, 0, 0, 0]
	 A0A011VNE2	[0, 0, 0, 0, 0, 0, 0, 0, 0]
	 A0A011UFM5	[0, 0, 0, 0, 0, 0, 0, 0, 0]
	 A0A010SPJ7	[0, 0, 0, 0, 0, 0, 0, 0, 0]
	 A0A010SSQ8	[0, 0, 0, 0, 0, 0, 0, 0, 0]
	 A0A010T025	[0, 0, 0, 0, 0, 0, 0, 0, 0]
	 A0A011A146	[0, 0, 0, 0, 0, 0, 0, 0, 0]
	 A0A010YZS8	[0, 0, 0, 0, 0, 0, 0, 0, 0]
	 A0A010Z120	[0, 0, 0, 0, 0, 0, 0, 0, 0]

 ### Operon type: 312

	 A0A010TG27	[762, 0, 30, 0, 0, 0, 810, 0, 0]

 ### Operon type: 313

	 A0A011PMK1	[0, 0, 0, 0, 0, 0, 0, 762, 0]

 ### Operon type: 314

	 A0A009HM15	[0, 235, 234, 0, 0, 0, -1, 0, 0]

 ### Operon type: 315

	 A0A009HRU1	[0, 389, 0, 0, 0, 0, 0, 0, 0]

 ### Operon type: 316

	 A0A009HSN8	[0, 200, 0, 0, 0, -1, 0, 327, -1]

 ### Operon type: 317

	 A0A009HV82	[326, 0, 0, 0, 0, 0, 0, 0, 0]

 ### Operon type: 318

	 A0A009IG74	[0, 0, 307, 0, 434, -1, 0, 0, 0]

 ### Operon type: 319

	 A0A009IJ90	[0, 101, 0, 0, 0, 0, 0, 0, 0]

 ### Operon type: 320

	 A0A009NM94	[0, 565, 565, 0, 0, 0, 225, 0, 0]

 ### Operon type: 321

	 A0A009Q4N5	[0, 0, 313, 0, 0, 0, 0, 0, 0]

 ### Operon type: 322

	 A0A009SSZ9	[0, 95, 0, 0, 0, 0, 0, 0, 0]

 ### Operon type: 323

	 A0A009YIH1	[0, 0, 0, 0, 237, 0, -1, -1, 2]

 ### Operon type: 324

	 A0A009YR05	[0, 0, 0, 0, 64, 0, 0, 0, 0]

 ### Operon type: 325

	 A0A009Z004	[174, 0, 174, 0, 0, 761, 0, 0, 0]

 ### Operon type: 326

	 A0A010RUQ5	[0, 0, 0, 0, 0, 0, 0, 0, 224]

 ### Operon type: 327

	 A0A010S195	[738, 0, 534, 533, 0, 0, 0, 0, 0]

 ### Operon type: 328

	 A0A010SCZ2	[0, 0, 0, 0, 0, 0, 0, 399, 0]

 ### Operon type: 329

	 A0A010SN41	[0, 0, 0, 0, 345, 0, 0, 0, 0]

 ### Operon type: 330

	 A0A010SSU2	[0, 0, 0, 0, 52, 0, -1, 693, 0]

 ### Operon type: 331

	 A0A010SUP6	[0, 0, 0, 0, 0, 0, 0, 533, 0]

 ### Operon type: 332

	 A0A010SUY9	[0, 0, 0, 0, 0, 97, 862, 0]

 ### Operon type: 333

	 A0A010THK2	[0, 0, -1, 0, 0, 663, 761, 0, 0]

 ### Operon type: 334

	 A0A010SRL4	[30, 0, 0, -1, 0, 0, 0, 761, 105]

 ### Operon type: 335

	 A0A010YX61	[255, 781, 0, 845, 0, 0, 0, 0, 0]

 ### Operon type: 336

	 A0A010S5W8	[0, 0, 580, 819, 0, 0, 0, 0, 0]

 ### Operon type: 337

	 A0A011NE37	[579, 0, 0, 0, 0, 0, 0, 0, 0]

 ### Operon type: 338

	 A0A011NF78	[0, 0, 754, 0, 0, 0, 0, 0, 0]

 ### Operon type: 339

	 A0A011NVE2	[0, 0, 0, 840, 0, 0, 802, 0, 600]

 ### Operon type: 340

	 A0A011NXJ4	[0, 0, 0, 0, 0, 0, 0, 0, 631]

 ### Operon type: 341

	 A0A011P8I1	[0, 0, 779, 781, 0, 0, 0, 0, 694]

 ### Operon type: 342

	 A0A011P9Q7	[690, 0, 0, 0, 0, 0, 0, 0, 0]

 ### Operon type: 343

	 A0A011PJ75	[0, 840, 697, 840, 0, 0, 0, 0, 0]

 ### Operon type: 344

	 A0A011PRB4	[0, 0, 0, 0, 0, 0, 0, 706, 0]

 ### Operon type: 345

	 A0A011QVT2	[844, 0, 0, 0, 0, 0, 0, 843, 0]

 ### Operon type: 346

	 A0A011RP14	[0, 0, 0, 0, 0, 0, 0, 572, 0]

 ### Operon type: 347

	 A0A011SM49	[802, 0, 572, 0, 0, 0, 166, 0, 0]

 ### Operon type: 348

	 A0A011AM27	[707, 0, 0, 0, 523, 0, 0, 0, 497]

 ### Operon type: 349

	 A0A011T607	[0, 0, 819, 0, 0, 0, 0, 0, 225]

 ### Operon type: 350

	 A0A011TAW2	[0, 0, 0, 0, 0, 0, 387, 0, 0]

 ### Operon type: 351

	 A0A011TED9	[0, 0, 0, 0, 0, 210, 0, 0, 0]

 ### Operon type: 352

	 A0A011TXS5	[0, 160, 0, 0, 0, 0, 0, 0, 0]

 ### Operon type: 353

	 A0A011U144	[0, 224, 0, 0, 0, 0, 631, 605, 0]

 ### Operon type: 354

	 A0A011U1C8	[735, 0, 0, 0, 0, 0, 0, 0, 223]

 ### Operon type: 355

	 A0A011U483	[0, 0, 0, 0, 0, 734, 0, 0, 0]

 ### Operon type: 356

	 A0A011UG86	[0, 740, 0, 0, 0, 147, 0, 0, 0]

 ### Operon type: 357

	 A0A011UQB5	[564, 595, 0, 0, 0, 0, 0, 412, 0]

 ### Operon type: 358

	 A0A011UVI5	[0, 0, 0, 0, 0, 465, 840, 840, 0]

 ### Operon type: 359

	 A0A011UWI3	[0, 0, 0, 0, 315, 0, 158, 738, 0]

 ### Operon type: 360

	 A0A011V5E6	[0, 0, 0, 0, 0, 394, 0, 0, 0]

 ### Operon type: 361

	 A0A011M4H6	[496, 0, 495, 0, 0, 0, 0, 0, 0]

 ### Operon type: 362

	 A0A011VSV3	[0, 0, 0, 0, 0, 0, 784, 0, 0]

 ### Operon type: 363

	 A0A011VWI0	[0, 0, 0, 0, 0, 402, 0, 0, 0]

 ### Operon type: 364

	 A0A011VZ91	[487, 0, 0, 0, 0, 0, 0, 0, 0]

 ### Operon type: 365

	 A0A011WP76	[0, 0, 0, 0, 0, 0, 0, 0, 848]

 ### Operon type: 366

	 A0A011WSD4	[0, 0, 0, -1, 0, 771, 0, 0, 411]

 ### Operon type: 367

	 A0A011WT35	[411, 0, 0, 0, 0, 0, 0, 0, 0]

 ### Operon type: 368

	 A0A013S843	[0, 445, 0, 0, 0, 0, -1, 148, 0]

 ### Operon type: 369

	 A0A013T5E6	[0, 0, 0, 328, 0, 0, 0, 0, 0]

 ### Operon type: 370

	 A0A009T185	[841, 0, 697, 697, 182, 840, 697, 181, 641]

 ### Operon type: 371

	 A0A010IN36	[107, 802, 0, 0, 182, 840, 697, 181, 641]

 ### Operon type: 372

	 A0A009PG43	[840, 697, 247, 843, 0, 181, 641, 0, 0]

 ### Operon type: 373

	 A0A009INE0	[107, 0, 0, 0, 0, 0, 0, 697, 181]

 ### Operon type: 374

	 A0A009T9H0	[0, 2, 739, -1, 0, 0, 390, 0, 389]

 ### Operon type: 375

	 A0A010THH5	[0, 531, 466, 465, 0, 0, 562, 0, 520]

 ### Operon type: 376

	 A0A011WSH8	[0, 0, 0, 810, 393, 0, 0, 0, 0]
	 A0A011VZE3	[0, 0, 0, 810, 393, 0, 0, 0, 0]

 ### Operon type: 377

	 A0A011NAF3	[0, 0, 0, 0, 0, 0, 810, 0, 713]

 ### Operon type: 378

	 A0A009IQ93	[106, 0, 810, 0, 0, 105, 0, 0, 0]

 ### Operon type: 379

	 A0A009Q8S9	[0, 0, 739, 380, 0, 195, 0, 0, 0]

 ### Operon type: 380

	 A0A009TLU4	[0, 160, -1, 33, 0, 18, 0, -1, -1]

 ### Operon type: 381

	 A0A009ZB47	[286, 317, 0, 0, 0, 771, 518, 0, 0]

 ### Operon type: 382

	 A0A009ZVR4	[570, 0, 781, 0, 0, 86, 0, 0, 287]

 ### Operon type: 383

	 A0A010JIN9	[518, 0, 0, 96, 270, 0, 0, 0, 0]

 ### Operon type: 384

	 A0A010S003	[676, 0, 0, 0, 0, 740, 740, 535, 0]

 ### Operon type: 385

	 A0A010SMN8	[0, -1, 193, 0, 581, 0, 0, 680, 0]

 ### Operon type: 386

	 A0A010SXS1	[0, 247, 0, 0, 0, 492, 0, 0, 843]

 ### Operon type: 387

	 A0A010T689	[497, -1, 562, 499, 0, 0, 0, 0, 0]

 ### Operon type: 388

	 A0A010TBB4	[0, 610, 0, 147, 0, 0, 0, 0, 735]

 ### Operon type: 389

	 A0A010YFK3	[0, 827, 0, 0, 0, 0, 507, 0, 223]

 ### Operon type: 390

	 A0A010YVY1	[23, 0, 23, 0, 0, 0, 0, 535, 0]

 ### Operon type: 391

	 A0A010ZSZ2	[0, 574, 0, 604, 573, 0, 0, 0, 0]

 ### Operon type: 392

	 A0A010Z0Y7	[0, 0, 0, 0, 573, 532, 0, 0, 0]

 ### Operon type: 393

	 A0A011A0M8	[0, 0, 761, 0, 34, 0, 0, 4, 4]

 ### Operon type: 394

	 A0A011NFL4	[0, 662, 0, 0, 661, 762, 0, 660, 0]

 ### Operon type: 395

	 A0A011P407	[0, 0, 737, 736, 0, 0, 735, 0, 734]

 ### Operon type: 396

	 A0A011QGT2	[810, 0, 0, 809, 808, 0, 0, 0, 0]

 ### Operon type: 397

	 A0A011QSA4	[757, 0, 756, 755, 0, 0, 0, 0, 754]

 ### Operon type: 398

	 A0A011T6J6	[0, 831, 0, 781, 0, 0, 159, 0, 130]

 ### Operon type: 399

	 A0A011TAL2	[0, 819, 0, 0, 0, 123, 0, 633, 0]

 ### Operon type: 400

	 A0A011TZG0	[761, 821, 0, 0, 0, 0, 0, 242, 0]

 ### Operon type: 401

	 A0A011UGY3	[396, 395, 394, 32, 0, 0, 0, 32, 0]

 ### Operon type: 402

	 A0A011UII7	[0, 0, 0, 0, 0, 600, 476, 0, 0]

 ### Operon type: 403

	 A0A011UNT9	[195, 168, 0, 0, 0, 0, 0, 0, 0]

 ### Operon type: 404

	 A0A011SIS0	[0, 654, 169, 169, 0, 0, 0, 168, 0]

 ### Operon type: 405

	 A0A011UT49	[0, 574, 0, 0, 0, 0, 247, 66, 0]

 ### Operon type: 406

	 A0A011VU65	[508, 0, 0, 0, 0, 507, 0, 784, 506]

 ### Operon type: 407

	 A0A011VV03	[0, 401, 0, 0, 400, 496, 0, 0, 0]

 ### Operon type: 408

	 A0A011VVZ9	[0, 0, -1, 0, 0, 399, 398, 398, 397]

 ### Operon type: 409

	 A0A011VWX7	[843, 421, 0, 0, 0, 0, 0, 563, 0]

 ### Operon type: 410

	 A0A011VXK7	[565, 565, 0, 414, 0, 0, 0, 833, 0]

 ### Operon type: 411

	 A0A011W0I6	[299, 0, 0, 0, 0, 773, 0, 664, 0]

 ### Operon type: 412

	 A0A010YEF6	[0, 299, 0, 0, 0, 0, 0, 0, 194]

 ### Operon type: 413

	 A0A013SQH1	[0, 0, 0, 0, 345, 636, 0, 541, 599]

 ### Operon type: 414

	 A0A009QJA8	[325, 324, 0, 0, 0, 0, 0, 0, 589]

 ### Operon type: 415

	 A0A009YL68	[0, 0, 735, 257, 253, 0, 0, 282, 0]

 ### Operon type: 416

	 A0A010JNG7	[541, 0, 0, 528, 0, 0, 0, 0, 0]

 ### Operon type: 417

	 A0A010RM40	[268, 810, 666, 0, 0, 0, 0, -1, 723]

 ### Operon type: 418

	 A0A010RRQ6	[0, 495, 0, 0, 0, 581, 615, 473, 0]

 ### Operon type: 419

	 A0A010S423	[159, 0, 0, 0, 0, 0, 0, 158, 569]

 ### Operon type: 420

	 A0A010T0I7	[0, 0, 194, 0, 0, 779, 756, 810, 0]

 ### Operon type: 421

	 A0A010ZUR7	[401, 16, 0, 16, 0, 15, 535, 0, 0]

 ### Operon type: 422

	 A0A011NA78	[0, 637, 0, 0, 0, 747, 0, 0, 723]

 ### Operon type: 423

	 A0A011P8W7	[764, 737, 843, 0, 693, 0, 0, 0, 0]

 ### Operon type: 424

	 A0A011PG97	[680, 0, 0, 679, 0, 0, 0, 0, 0]

 ### Operon type: 425

	 A0A011PKT4	[0, 636, 0, 0, 0, 0, 635, 0, 0]

 ### Operon type: 426

	 A0A011PLB2	[0, 764, 0, 763, 0, 0, 0, 0, 0]

 ### Operon type: 427

	 A0A011R339	[0, 0, 0, 0, 0, 0, 122, 121, 0]

 ### Operon type: 428

	 A0A011SFE5	[0, 0, 0, 565, 0, 0, 662, 736, 564]

 ### Operon type: 429

	 A0A011SJT5	[0, 0, 0, 397, 167, 167, 167, 167, 167]

 ### Operon type: 430

	 A0A011TDQ5	[0, 0, 0, 0, 129, 775, 0, 0, 0]

 ### Operon type: 431

	 A0A011VT01	[0, 0, 511, 0, 0, 511, 0, 0, 510]

 ### Operon type: 432

	 A0A009Z3V9	[810, 0, 0, 0, 0, 350, 759, 351, 352]

 ### Operon type: 433

	 A0A010SRB2	[18, 17, 0, 0, 0, 17, 146, 0, 0]

 ### Operon type: 434

	 A0A010KA25	[518, 0, 562, 338, 258, 0, 0, 518, 334]

 ### Operon type: 435

	 A0A011TZN1	[112, 111, 110, 0, 109, 0, 0, 0, 0]

 ### Operon type: 436

	 A0A011VJ76	[54, 54, 66, 660, 0, 810, 761, 0, 737]

 ### Operon type: 437

	 A0A011UG17	[131, 0, 300, 0, 407, 508, 0, 0, 0]

 ### Operon type: 438

	 A0A011WUA8	[651, 0, 0, 187, 0, 0, 0, 186, 186]

 ### Operon type: 439

	 A0A010S4X6	[0, 532, 666, 740, 262, 0, 634, 772, 663]

 ### Operon type: 440

	 A0A010YY02	[0, 22, 0, 0, 22, 668, 608, 0, 21]
