
 ### Operon type: 1

	 A0A010ILU3	[565, 564, 563, 562, 561, 560, 559, 558, 557]
	 A0A009QBR9	[565, 564, 563, 562, 561, 560, 558, 557, 280]
	 A0A009QS71	[565, 564, 563, 562, 561, 560, 559, 558, 557]
	 A0A009MW50	[565, 564, 563, 562, 561, 560, 559, 558, 557]
	 A0A009H3B0	[565, 564, 563, 562, 561, 560, 559, 558, 557]
	 A0A009I8S2	[565, 564, 563, 562, 561, 560, 558, 557, 280]
	 A0A009TM70	[565, 564, 563, 562, 561, 560, 558, 557, 280]

 ### Operon type: 2

	 A0A013TH43	[385, 384, 755, 383, 382, 381, 380, 379, 455]
	 A0A009RAF0	[385, 384, 755, 383, 382, 381, 380, 379, 455]

 ### Operon type: 3

	 A0A011PVT3	[792, 671, 670, 669, 668, 667, 666, 665, 664]
	 A0A011R7V7	[792, 671, 670, 669, 668, 667, 666, 665, 664]
	 A0A011MET3	[792, 671, 670, 669, 668, 667, 666, 665, 664]

 ### Operon type: 4

	 A0A013RZW2	[528, 447, 557, 446, 445, 444, 443, 442, 441]
	 A0A013SNJ8	[528, 447, 557, 446, 445, 444, 443, 442, 441]
	 A0A009PH20	[528, 447, 557, 446, 445, 444, 443, 442, 441]
	 A0A009MMM3	[528, 447, 557, 446, 445, 444, 443, 442, 441]
	 A0A009HBT3	[528, 447, 557, 446, 445, 444, 443, 442, 441]
	 A0A009IV03	[528, 447, 557, 446, 445, 444, 443, 442, 441]
	 A0A010J9U3	[528, 447, 557, 446, 445, 444, 443, 442, 441]
	 A0A009SIZ4	[528, 447, 557, 446, 445, 444, 443, 442, 441]
	 A0A009RD69	[528, 447, 557, 446, 445, 444, 443, 442, 441]
	 A0A009YIZ0	[528, 447, 557, 446, 445, 444, 443, 442, 441]

 ### Operon type: 5

	 A0A009PH57	[197, 196, -1, 195, 194, 678, 193, 465, 192]
	 A0A009TG92	[197, 196, -1, 195, 194, 678, 193, 465, 192]

 ### Operon type: 6

	 A0A013S288	[440, 439, 438, 437, 444, 436, 435, 434, 433]
	 A0A013SXT2	[440, 439, 438, 437, 444, 436, 435, 434, 433]
	 A0A009N031	[440, 439, 438, 437, 444, 436, 435, 434, 433]
	 A0A009PWG1	[440, 439, 438, 437, 444, 436, 435, 434, 433]
	 A0A009I0I9	[440, 439, 438, 437, 444, 436, 435, 434, 433]
	 A0A010J3I1	[440, 439, 438, 437, 444, 436, 435, 434, 433]
	 A0A009R2X0	[440, 439, 438, 437, 444, 436, 435, 434, 433]
	 A0A009SFX8	[440, 439, 438, 437, 46, 444, 436, 435, 434]
	 A0A009TBM2	[439, 438, 437, 46, 444, 436, 435, 434, 433]

 ### Operon type: 7

	 A0A010IMP8	[553, 766, 552, 551, 550, 549, 548, 547, 546]
	 A0A013T8M5	[553, 766, 552, 551, 550, 549, 548, 547, 546]
	 A0A013SZ54	[553, 766, 552, 551, 550, 549, 548, 547, 546]
	 A0A009N123	[553, 766, 552, 551, 550, 549, 548, 547, 546]
	 A0A009H7U0	[553, 766, 552, 551, 550, 549, 548, 547, 546]
	 A0A009Q3K7	[553, 766, 552, 551, 550, 549, 548, 547, 546]
	 A0A009IRJ6	[553, 766, 552, 551, 550, 549, 548, 547, 546]
	 A0A009SWU0	[553, 766, 552, 551, 550, 549, 548, 547, 546]
	 A0A009RBQ2	[553, 766, 552, 551, 550, 549, 548, 547, 546]
	 A0A009ZM43	[-1, 766, 552, 551, 550, 549, 548, 547, 546]

 ### Operon type: 8

	 A0A013RMD0	[-1, 351, 594, 350, 349, 598, 348, 347, 346]
	 A0A009S854	[-1, 351, 594, 350, 349, 598, 348, 347, 346]
	 A0A009QDV7	[-1, 351, 594, 350, 349, 598, 348, 347, 346]
	 A0A009RG92	[-1, 351, 594, 350, 349, 598, 348, 347, 346]
	 A0A009N9Z1	[-1, 351, 594, 350, 349, 598, 348, 347, 346]
	 A0A009H6M2	[-1, 351, 594, 350, 349, 598, 348, 347, 346]
	 A0A010JDA6	[-1, 351, 594, 350, 349, 598, 348, 347, 346]
	 A0A009IHQ3	[-1, 351, 594, 350, 349, 598, 348, 347, 346]
	 A0A009ZIC0	[143, 351, 594, 350, 349, 598, 348, 347, 346]

 ### Operon type: 9

	 A0A011UIA1	[500, 499, 498, 497, 496, 495, 494, 493, 0]
	 A0A011V5V3	[0, 500, 499, 498, 497, 496, 495, 494, 493]

 ### Operon type: 10

	 A0A011PTE7	[699, 698, 697, 696, 695, 0, 694, 693, 692]
	 A0A011NE72	[699, 698, 697, 696, 695, 694, 693, 692, 0]

 ### Operon type: 11

	 A0A010JWJ1	[264, 263, 663, 262, 261, 260, 259, 258, 257]
	 A0A009I4A1	[264, 263, 663, 262, 261, 260, 259, 258, 257]

 ### Operon type: 12

	 A0A009QF22	[156, 155, 264, 0, 261, 260, 259, 258, 257]
	 A0A009TBY8	[156, 155, 264, 262, 261, 260, 259, 258, 257]

 ### Operon type: 13

	 A0A011NEY3	[470, 632, 631, 630, 630, 629, 628, 627, 0]

 ### Operon type: 14

	 A0A011PAN4	[632, 631, 0, 630, 630, 629, 628, 627, 626]

 ### Operon type: 15

	 A0A011RCD5	[470, 632, 631, 630, 630, 629, 628, 627, 626]

 ### Operon type: 16

	 A0A011P4U7	[0, 781, 780, 779, 778, 777, 776, 775, 774]
	 A0A011NAY5	[781, 780, 779, 778, 777, 776, 775, 774, 0]

 ### Operon type: 17

	 A0A011PF67	[717, 716, 715, 714, 713, 0, 0, 0, 0]
	 A0A011NBX7	[717, 716, 715, 714, 713, 610, 0, 0, 0]
	 A0A011NW66	[717, 716, 715, 714, 713, 610, 0, 0, 0]

 ### Operon type: 18

	 A0A011NS68	[717, 716, 715, 714, 713, 712, 711, 724, 787]
	 A0A011RHX4	[717, 716, 715, 714, 713, 712, 711, 724, 0]

 ### Operon type: 19

	 A0A010YT39	[0, 722, 40, 593, 39, 38, 37, 36, 303]

 ### Operon type: 20

	 A0A010Z7T4	[40, 593, 39, 38, 37, 36, 303, 591, 706]

 ### Operon type: 21

	 A0A013SP43	[362, 361, 443, 360, 359, 358, 357, 356, 355]
	 A0A010K6G6	[362, 361, 443, 360, 359, 358, 357, 0, 355]
	 A0A009RUN3	[362, 361, 443, 360, 359, 358, 357, 356, 355]

 ### Operon type: 22

	 A0A011VWR4	[0, 0, 0, 0, 182, 181, 180, 179, 178]

 ### Operon type: 23

	 A0A011VYP6	[182, 181, 180, 179, 178, 0, 177, 669, 0]

 ### Operon type: 24

	 A0A011QAS2	[0, 812, 811, 810, 809, 808, 807, 806, 805]
	 A0A011NEQ1	[0, 812, 811, 810, 809, 808, 807, 806, 805]

 ### Operon type: 25

	 A0A010JSI3	[606, 605, 604, 603, 602, 601, 600, 599, 0]
	 A0A009RGL2	[606, 605, 604, 603, 602, 601, 600, 599, 265]
	 A0A013T0M4	[606, 605, 604, 603, 602, 601, 600, 599, 0]
	 A0A009HDS5	[606, 605, 604, 603, 602, 601, 600, 599, 265]

 ### Operon type: 26

	 A0A009SNL0	[84, 83, 321, 320, 319, 318, 317, 316, 315]

 ### Operon type: 27

	 A0A009T1I8	[321, 320, 319, 318, 317, 316, 315, 0, 0]

 ### Operon type: 28

	 A0A011VW71	[0, 100, 99, 98, 97, 96, 95, 751, 105]
	 A0A011VUV0	[100, 99, 98, 97, 96, 95, 751, 105, 0]

 ### Operon type: 29

	 A0A011UG71	[90, 339, 89, 94, 93, 340, 92, 338, 91]

 ### Operon type: 30

	 A0A011V8Z7	[0, 0, 90, 339, 89, 94, 93, 340, 92]

 ### Operon type: 31

	 A0A011V8Y9	[94, 93, 340, 92, 338, 91, 0, 0, 0]

 ### Operon type: 32

	 A0A011U8C0	[0, 340, 339, 0, 462, 338, 0, 0, 0]

 ### Operon type: 33

	 A0A011QSF0	[0, 869, 868, 867, 866, 865, 864, 863, 0]
	 A0A011QBB5	[683, 869, 868, 867, 866, 865, 864, 863, 682]
	 A0A011Q0X6	[683, 869, 868, 867, 866, 865, 864, 863, 682]
	 A0A011Q1X8	[869, 0, 868, 867, 866, 865, 864, 863, 682]

 ### Operon type: 34

	 A0A011PG87	[683, 869, 868, 867, 866, 865, 864, 0, 0]

 ### Operon type: 35

	 A0A011PCT1	[856, 855, 854, 0, 0, 0, 0, 756, 0]

 ### Operon type: 36

	 A0A011QU35	[0, 0, 0, 0, 857, 0, 856, 855, 854]

 ### Operon type: 37

	 A0A011Q2B1	[860, 773, 857, 772, 854, 759, 758, 757, 756]

 ### Operon type: 38

	 A0A011RLN8	[859, 858, 857, 772, 854, 759, 758, 757, 756]

 ### Operon type: 39

	 A0A011P700	[0, 0, 862, 861, 860, 773, 857, 772, 854]

 ### Operon type: 40

	 A0A011QSI4	[0, 0, 862, 861, 860, 0, 859, 858, 857]

 ### Operon type: 41

	 A0A013S981	[422, 614, 596, 421, 420, 419, 836, 418, 839]
	 A0A013T337	[614, 596, 421, 420, 419, 836, 418, 839, 402]
	 A0A013TH30	[614, 596, 421, 420, 419, 836, 418, 839, 402]

 ### Operon type: 42

	 A0A010JY00	[422, 614, 596, 421, 256, 836, 418, 839, 402]

 ### Operon type: 43

	 A0A013TPV4	[369, 368, 367, 366, 365, 364, 746, 663, 363]
	 A0A009SZB5	[369, 368, 367, 366, 365, 364, 746, 663, 363]
	 A0A009QQ47	[369, 368, 367, 366, 365, 364, 746, 663, 363]
	 A0A009MGJ1	[369, 368, 367, 366, 365, 364, 746, 663, 363]
	 A0A009HL81	[369, 368, 367, 366, 365, 364, 746, 663, 363]
	 A0A009HR98	[369, 368, 367, 366, 365, 364, 746, 663, 363]
	 A0A010IZE4	[369, 368, 367, 366, 365, 364, 746, 663, 363]

 ### Operon type: 44

	 A0A009Z8F7	[368, 367, 364, 0, 365, 5, 5, 0, 47]

 ### Operon type: 45

	 A0A009HFU9	[147, 146, 145, 144, 143, 581, 142, 141, 0]
	 A0A009R016	[147, 146, 145, 144, 143, -1, 581, 142, 141]

 ### Operon type: 46

	 A0A011UJN3	[0, 543, 0, 0, 453, 452, 451, 450, 449]

 ### Operon type: 47

	 A0A011W213	[453, 452, 451, 450, 449, 590, 0, 0, 0]

 ### Operon type: 48

	 A0A011QUG8	[853, 852, 851, 850, 849, 848, 0, 847, 846]
	 A0A011QIT1	[853, 852, 851, 850, 849, 848, 847, 846, 835]

 ### Operon type: 49

	 A0A011PP01	[709, 708, 707, 728, 729, 730, 731, 732, 733]
	 A0A011NVE7	[709, 708, 707, 728, 729, 730, 731, 732, 733]

 ### Operon type: 50

	 A0A011P2I4	[815, 618, 734, 733, 732, 731, 730, 729, 728]
	 A0A011N9N8	[815, 618, 734, 733, 732, 731, 730, 729, 728]

 ### Operon type: 51

	 A0A011PIY7	[735, 0, 734, 733, 732, 731, 730, 0, 728]

 ### Operon type: 52

	 A0A011Q3J4	[0, 735, 734, 733, 732, 731, 730, 729, 0]

 ### Operon type: 53

	 A0A011MH88	[736, 735, 734, 733, 732, 731, 730, 729, 728]

 ### Operon type: 54

	 A0A013SPM5	[400, 399, 398, 397, 396, 395, 394, 393, 392]
	 A0A009QFZ7	[400, 399, 398, 397, 396, 395, 394, 393, 392]
	 A0A009MH71	[400, 399, 398, 397, 396, 395, 394, 393, 392]
	 A0A010IX62	[400, 399, 398, 397, 396, 395, 394, 393, 392]
	 A0A009HSL1	[400, 399, 398, 397, 396, 395, 394, 393, 392]
	 A0A009I6Z0	[400, 399, 398, 397, 396, 395, 394, 393, 392]
	 A0A009TK03	[400, 399, 398, 397, 396, 395, 394, 393, 392]

 ### Operon type: 55

	 A0A009ZIX8	[0, 6, 398, 397, 396, 25, 0, 392, 0]

 ### Operon type: 56

	 A0A010JJN4	[579, 578, 577, 576, 575, 574, 573, 768, 615]
	 A0A013TPR7	[579, 578, 577, 576, 575, 574, 573, 768, 615]
	 A0A009PMT3	[579, 578, 577, 576, 575, 574, 573, 768, 615]
	 A0A009NI48	[579, 578, 577, 576, 575, 574, 573, 768, -1]
	 A0A009HJJ5	[579, 578, 577, 576, 575, 574, 573, 768, 122]
	 A0A009SEP4	[579, 578, 577, 576, 575, 0, 574, 573, 0]
	 A0A009RMI1	[579, 578, 577, 576, 575, 574, 573, 768, 0]
	 A0A009I8I7	[579, 578, 577, 576, 575, 574, 573, 768, 122]
	 A0A009YG45	[0, 579, 578, 577, 575, 0, 574, 573, 768]

 ### Operon type: 57

	 A0A013S8F0	[430, 429, 428, 427, 426, 663, 720, 432, 616]
	 A0A013TPQ9	[430, 429, 428, 427, 426, 663, 720, 432, 616]
	 A0A009PMU2	[430, 429, 428, -1, 426, 663, 720, 432, 616]
	 A0A009HJM0	[430, 429, 428, 427, 426, 663, 720, 432, 616]
	 A0A010IZH1	[-1, 429, 428, 427, 426, 663, 720, 432, 616]
	 A0A009SZ84	[430, 429, 428, 427, 426, 663, 720, 432, 616]

 ### Operon type: 58

	 A0A009HUS9	[429, 428, 0, 427, 426, 166, -1, 167, 168]

 ### Operon type: 59

	 A0A009ISE1	[574, 573, 768, 168, 167, -1, 166, 426, 427]

 ### Operon type: 60

	 A0A009NPS1	[430, 429, 428, 427, 426, -1, 768, 573, 574]

 ### Operon type: 61

	 A0A013SB36	[417, 416, 415, 414, 413, 584, 583, 412, 411]
	 A0A009QSI3	[417, 416, 415, 414, 413, 584, 583, 412, -1]

 ### Operon type: 62

	 A0A010ITP2	[417, 416, 415, 414, 413, 584, 583, 0, 0]

 ### Operon type: 63

	 A0A009SII9	[-1, 416, 415, 414, 413, 584, 583, 324, 323]

 ### Operon type: 64

	 A0A009T0Q9	[413, 584, 583, 324, 323, 411, 736, 663, 322]

 ### Operon type: 65

	 A0A009YJF4	[0, 584, 583, 131, 130, 736, 663, 0, 322]

 ### Operon type: 66

	 A0A009GP96	[0, 140, 663, 591, 253, 139, 581, 138, 137]

 ### Operon type: 67

	 A0A009GSR4	[591, 253, 139, 581, 138, 137, 137, 136, 0]

 ### Operon type: 68

	 A0A009IIT6	[140, 663, 591, 253, 138, 137, 137, 136, 0]

 ### Operon type: 69

	 A0A011SQL0	[786, 464, -1, 463, 462, 461, 460, 459, 458]
	 A0A011UZ49	[464, -1, 463, 462, 461, 460, 459, 458, 0]

 ### Operon type: 70

	 A0A009PT82	[618, 685, 234, 233, 232, 231, 230, 229, 228]
	 A0A009SIF9	[618, 685, 234, 233, 232, 231, 230, 229, 228]

 ### Operon type: 71

	 A0A009IS10	[169, 0, 0, 0, 232, 231, 230, 0, 0]

 ### Operon type: 72

	 A0A009QHW5	[0, 0, 0, 565, 232, 231, 230, 0, 154]

 ### Operon type: 73

	 A0A011UVB4	[0, 0, 0, 306, 0, 0, 169, 0, 105]

 ### Operon type: 74

	 A0A011V107	[510, -1, 509, 508, 507, 506, 505, 504, 0]
	 A0A011U7M7	[0, 510, -1, 509, 508, 507, 506, 505, 504]

 ### Operon type: 75

	 A0A011TLH0	[292, 507, 509, 291, 508, 506, 0, 0, 0]

 ### Operon type: 76

	 A0A011UG87	[486, 487, 488, 292, 507, 509, 291, 508, 506]

 ### Operon type: 77

	 A0A011TLH7	[488, 487, 486, 0, 0, 0, 0, 0, 0]

 ### Operon type: 78

	 A0A011TWN2	[485, 484, 483, 482, 481, 480, 479, 0, 0]
	 A0A011TAF9	[0, 0, 485, 484, 483, 482, 481, 480, 479]

 ### Operon type: 79

	 A0A011Q5V7	[830, 0, 0, 0, 829, 828, 827, 826, 825]

 ### Operon type: 80

	 A0A011RM25	[829, 828, 827, 826, 825, 844, 0, 755, 0]

 ### Operon type: 81

	 A0A011QDV3	[690, 689, 688, 720, 687, 686, 685, 0, 684]
	 A0A011QIE8	[690, 689, 688, 720, 687, 686, 684, 0, 0]

 ### Operon type: 82

	 A0A011QAB0	[819, 818, 817, 0, 816, 815, 814, 813, 0]
	 A0A011PL71	[637, 819, 818, 817, 816, 815, 814, 813, 0]

 ### Operon type: 83

	 A0A011Q6N5	[824, 823, 822, 0, 0, 0, 821, 820, 821]

 ### Operon type: 84

	 A0A011SGD5	[0, 0, 0, 0, 0, 0, 824, 823, 822]

 ### Operon type: 85

	 A0A011NYU6	[680, 679, 0, 678, 705, 27, 26, 0, 677]

 ### Operon type: 86

	 A0A011PYI6	[680, 679, 0, 678, 705, 677, 676, 784, 0]

 ### Operon type: 87

	 A0A011P1C0	[0, 0, 27, 26, 677, 0, 0, 0, 0]

 ### Operon type: 88

	 A0A011PKU5	[643, 642, 641, 640, 641, 639, 638, 0, 0]
	 A0A011N4G4	[0, 0, 643, 642, 641, 640, 641, 639, 638]

 ### Operon type: 89

	 A0A010ZWJ8	[21, 20, 19, 706, 18, 765, 473, 765, 17]

 ### Operon type: 90

	 A0A011AHW1	[18, 706, 19, 20, 21, 0, 0, 22, 0]

 ### Operon type: 91

	 A0A011AHU9	[473, 765, 17, 0, 0, 0, 0, 9, 736]

 ### Operon type: 92

	 A0A010ZX98	[16, 15, 14, 13, 12, 11, 720, 720, 0]

 ### Operon type: 93

	 A0A011AIL7	[12, 13, 14, 15, 16, 0, 0, 0, 0]

 ### Operon type: 94

	 A0A010YF95	[831, 45, 847, 44, 43, 43, 42, 454, 41]

 ### Operon type: 95

	 A0A010ZJQ6	[45, 847, 44, 43, 43, 42, 454, 41, 0]

 ### Operon type: 96

	 A0A009GXL8	[134, 133, 132, 131, 130, 262, 171, 153, 152]

 ### Operon type: 97

	 A0A010JIW7	[134, 133, 132, 131, 130, 0, 0, 171, 153]

 ### Operon type: 98

	 A0A011QNA5	[0, 660, 659, 658, 0, 657, 656, 655, 654]
	 A0A009ZLJ7	[654, 655, 656, 657, 0, 0, 660, 659, 658]

 ### Operon type: 99

	 A0A013T0T6	[657, 656, 655, 654, 556, 555, 404, 554, 403]
	 A0A009QMH5	[657, 656, 655, 654, 556, 555, 404, 554, 403]
	 A0A009PE10	[657, 656, 655, 654, 556, 205, 404, 554, -1]
	 A0A009HAX1	[657, 656, 655, 654, 556, 555, 404, 554, 403]
	 A0A009ISY0	[657, 656, 655, 654, 556, 205, 404, 554, 403]
	 A0A009RMD0	[657, 656, 655, 654, 556, 205, 404, 554, 403]

 ### Operon type: 100

	 A0A010ILW6	[657, 656, 655, 654, 556, 555, 0, 0, 554]

 ### Operon type: 101

	 A0A009Z9X7	[656, 655, 654, 0, 556, 0, 843, 0, 554]

 ### Operon type: 102

	 A0A013S8V2	[425, 424, 0, 0, 0, 423, 0, 0, 0]
	 A0A009R8E1	[0, 86, 0, 425, 424, 0, 0, 423, 0]

 ### Operon type: 103

	 A0A009ICH6	[528, 221, 220, 219, 256, 61, 60, 59, 839]
	 A0A009ZFR5	[528, 221, 220, 219, 256, 61, 60, 59, 839]

 ### Operon type: 104

	 A0A009NQA1	[528, 221, 220, 219, 218, 217, 421, 839, 836]
	 A0A009RR21	[528, 221, 220, 219, 218, 217, 421, 839, 836]

 ### Operon type: 105

	 A0A009HTN9	[528, 221, 220, 219, 218, 217, 117, 793, 116]
	 A0A009T3J5	[528, 221, 220, 219, 218, 217, 117, 793, 116]

 ### Operon type: 106

	 A0A009Q0U9	[528, 221, 220, 219, 218, 217, -1, -1, 0]

 ### Operon type: 107

	 A0A009QEG7	[279, 278, 277, 276, 275, 274, 273, 272, 271]
	 A0A009IPC3	[279, 278, 277, 276, 275, 274, 273, 272, 271]

 ### Operon type: 108

	 A0A009I573	[114, 0, 127, 128, 0, 129, 275, 276, 277]

 ### Operon type: 109

	 A0A009ILP9	[272, 0, 277, 276, 275, 129, 271, 128, 127]

 ### Operon type: 110

	 A0A009I953	[272, 0, 277, 276, 275, 129, 271, 0, -1]

 ### Operon type: 111

	 A0A009SX74	[623, 787, 0, 128, 271, 272, 278, 279, 85]

 ### Operon type: 112

	 A0A010IPH1	[542, 541, 613, 540, 539, 538, 537, 536, 535]
	 A0A009MMG9	[542, 541, 613, 540, 539, 538, 537, 536, 535]
	 A0A009QVK8	[542, 541, 613, 540, 539, 538, 537, 536, 535]
	 A0A009ICP5	[542, 541, 613, 540, 539, 538, 537, 536, 535]

 ### Operon type: 113

	 A0A009HTW0	[311, 312, 313, 115, 539, 538, 537, 536, 535]
	 A0A009SIV4	[311, 312, 313, 115, 539, 538, 537, 536, 535]
	 A0A009QLL2	[311, 312, 313, 115, 539, 538, 537, 536, 535]
	 A0A013TSJ4	[312, 313, 0, 115, 539, 538, 537, 536, 535]

 ### Operon type: 114

	 A0A013TCN9	[562, 391, 390, 389, 388, 387, 386, 663, 720]
	 A0A009QNC9	[562, 391, 390, 389, 388, 387, 386, 663, 720]
	 A0A009NIJ3	[562, 391, 390, 389, 388, 387, 386, 663, 720]
	 A0A010ITG1	[562, 391, 390, 389, 388, 387, 386, 663, 720]
	 A0A013TRC1	[562, 391, 390, 389, 388, 387, 386, 663, 720]

 ### Operon type: 115

	 A0A009H935	[0, 0, 390, 389, 388, 387, 386, 663, 720]

 ### Operon type: 116

	 A0A009QEX0	[534, 533, 532, 531, 530, 158, 158, 784, 157]
	 A0A009IMX3	[534, 533, 532, 531, 530, 158, 158, 784, 157]
	 A0A009SF48	[534, 533, 532, 531, 530, -1, 158, 784, 157]

 ### Operon type: 117

	 A0A010ISX2	[534, 533, 532, 531, 530, 529, 528, 527, 526]
	 A0A013S7V1	[534, 533, 532, 531, 530, 529, 528, 527, 526]
	 A0A009RES7	[534, 533, 532, 531, 530, 529, 528, 527, 526]
	 A0A009MR00	[534, 533, 532, 531, 530, 529, 528, 527, 526]

 ### Operon type: 118

	 A0A009YTT3	[3, 143, 532, 531, 530, 529, 528, 527, 526]

 ### Operon type: 119

	 A0A009GYP9	[0, 0, 0, 531, 530, 529, 528, 527, 526]

 ### Operon type: 120

	 A0A009ZZC8	[-1, 83, 84, 3, 143, 532, 531, 530, 529]

 ### Operon type: 121

	 A0A011WSE5	[248, 247, 246, 245, 244, 243, 242, 241, 300]
	 A0A011UGX8	[102, 248, 247, 246, 245, 244, 243, 242, 241]

 ### Operon type: 122

	 A0A011VZG0	[299, 0, 102, 248, 247, 246, 245, 244, 243]

 ### Operon type: 123

	 A0A009PJF7	[307, 308, 308, 309, 191, 310, 190, 189, 188]
	 A0A009SJZ7	[306, 307, 308, 309, 191, 310, 190, 189, 188]

 ### Operon type: 124

	 A0A009Z5G0	[310, 309, 308, 0, 467, 307, 306, 353]

 ### Operon type: 125

	 A0A010JJC1	[737, 572, 571, 570, 569, 568, 567, 580, 566]
	 A0A010IZ41	[572, 571, 570, 569, 568, 567, 580, 566, 443]

 ### Operon type: 126

	 A0A009QJL6	[737, 572, 571, 570, 0, 566, 443, 151, 0]

 ### Operon type: 127

	 A0A013SGL3	[410, 409, 408, 407, 406, 618, 541, 783, 405]
	 A0A013TB41	[410, -1, 408, 407, 406, 618, 541, 783, 405]
	 A0A010KAV2	[410, 409, 408, 407, 406, 618, 541, 783, 405]
	 A0A009PG53	[410, 409, 408, 407, 406, 618, 541, 783, 405]
	 A0A009NE81	[410, 409, 408, 407, 406, 618, 541, 783, 405]
	 A0A009RQH3	[410, 409, 408, 407, 406, 618, 541, 783, 405]
	 A0A009I5Z6	[410, 409, 408, 407, 406, 618, 541, 783, 405]
	 A0A009SHB3	[410, 409, 408, 407, 406, 618, 541, 783, 405]

 ### Operon type: 128

	 A0A009H3X4	[410, 409, 408, 407, 406, 618, -1, 726, -1]

 ### Operon type: 129

	 A0A009PIB4	[0, 0, 0, 227, 226, 225, 581, 663, 815]
	 A0A009SLR5	[0, 0, 0, 227, 226, 225, 581, 663, 815]

 ### Operon type: 130

	 A0A009HSU4	[0, 0, 636, 663, 0, 618, 783, 815, 581]

 ### Operon type: 131

	 A0A009I463	[747, 69, 68, 444, 444, 303, 302, 301, 216]
	 A0A009PAG1	[747, 69, 68, 444, 444, 303, 302, 301, 216]

 ### Operon type: 132

	 A0A013SKX6	[0, 0, 747, 0, 444, 444, 303, 302, 301]

 ### Operon type: 133

	 A0A011Q5S3	[835, 834, 0, 0, 0, 0, 833, 832, 831]

 ### Operon type: 134

	 A0A011UZZ4	[0, 833, 832, 0, 0, 0, 516, 516, 831]

 ### Operon type: 135

	 A0A011UTJ0	[0, 0, 0, 110, 109, 108, 776, 107, 106]

 ### Operon type: 136

	 A0A011VMV7	[110, 109, 108, 776, 107, 106, 492, 491, 490]

 ### Operon type: 137

	 A0A011NYT4	[771, 770, 769, 768, 0, 585, 585, 584, 583]

 ### Operon type: 138

	 A0A011P8E9	[0, 0, 771, 770, 0, 769, 768, 0, 0]

 ### Operon type: 139

	 A0A010TF34	[0, -1, 0, 0, 53, 52, 51, 50, 49]
	 A0A010SYH9	[53, 52, 51, 50, 49, 0, 0, 0, 0]

 ### Operon type: 140

	 A0A010S7A1	[67, 66, 65, 64, 0, 63, 0, 0, 0]
	 A0A010TFJ4	[0, -1, 0, 67, 66, 65, 64, -1, 63]

 ### Operon type: 141

	 A0A009PAV9	[213, -1, 613, 212, 444, 581, 211, 210, 209]
	 A0A009HJC2	[213, 720, 613, 212, 444, 581, 211, 210, 209]

 ### Operon type: 142

	 A0A009SE02	[0, 209, 0, 0, 0, 210, 211, 581, 444]

 ### Operon type: 143

	 A0A009HS41	[783, 528, 760, 525, 198, 663, 663, 523, 522]
	 A0A009RSB7	[783, 528, 760, 525, 198, 663, 663, 523, 522]
	 A0A009SYU8	[783, 528, 760, 525, 198, 663, 663, 523, 522]

 ### Operon type: 144

	 A0A010IT25	[783, 528, 760, 525, 524, 663, 663, 523, 522]
	 A0A013SHA9	[783, 528, 760, 525, 524, 663, 663, 523, 522]
	 A0A009I466	[783, 528, 760, 525, 524, 663, 663, 523, 522]

 ### Operon type: 145

	 A0A009NMQ9	[783, 528, 760, 525, 524, 0, 663, 663, 523]

 ### Operon type: 146

	 A0A009P8A9	[0, 0, 760, 525, 198, 663, 663, 523, 522]

 ### Operon type: 147

	 A0A009ITT8	[165, 164, 163, 330, 329, 162, 328, 327, 326]
	 A0A009NJ90	[165, 164, 163, 330, 329, 148, 162, 328, 327]

 ### Operon type: 148

	 A0A009NCH6	[160, 328, 327, 326, 325, 170, 159, 150, 149]
	 A0A009IJ01	[328, 327, 326, 266, 325, 170, 159, 150, 149]

 ### Operon type: 149

	 A0A009RQL5	[328, 327, 326, 113, 325, 170, 159, 150, 0]

 ### Operon type: 150

	 A0A009MGQ8	[329, 0, 160, 328, 327, 326, 325, 170, 159]

 ### Operon type: 151

	 A0A009S6G1	[333, 332, 331, 330, 329, 328, 327, 326, 325]
	 A0A009IJ07	[333, 332, 331, 330, 329, 328, 327, 326, 266]
	 A0A009RHH7	[333, 332, 331, 330, 329, 148, 328, 327, 326]

 ### Operon type: 152

	 A0A009HZK2	[331, 330, 329, 328, 327, 326, 266, 325, 170]

 ### Operon type: 153

	 A0A009R4N4	[330, 329, 148, 328, 327, 326, 113, 325, 170]

 ### Operon type: 154

	 A0A009S5A5	[329, 148, 162, 328, 327, 326, 266, 123, 325]

 ### Operon type: 155

	 A0A009RHH9	[0, 0, 0, 0, 489, 333, 332, 331, 330]

 ### Operon type: 156

	 A0A011PGU1	[0, 0, 622, 650, 649, 648, 621, 620, 619]
	 A0A011MDH1	[672, 0, 622, 650, 649, 648, 621, 620, 619]

 ### Operon type: 157

	 A0A011V0P4	[515, 514, 0, 0, 513, 0, 0, 512, 511]

 ### Operon type: 158

	 A0A011WPV7	[512, 511, 0, 0, 0, 0, 0, 0, 0]

 ### Operon type: 159

	 A0A011UDF3	[650, 336, 0, 0, 0, 478, 335, 334, 873]

 ### Operon type: 160

	 A0A011VSC9	[335, 334, 873, 0, 0, 0, 0, 0, 0]

 ### Operon type: 161

	 A0A011SF89	[744, 743, 742, 0, 0, 0, 0, 0, 0]

 ### Operon type: 162

	 A0A011UCX7	[0, 819, 744, 743, 0, 742, 337, 0, 0]

 ### Operon type: 163

	 A0A011RNP9	[0, 0, 0, 0, 0, 751, 814, 0, 0]

 ### Operon type: 164

	 A0A011V0B5	[747, 0, 0, 0, 0, 0, 751, 0, 0]

 ### Operon type: 165

	 A0A011RQC9	[0, 747, 746, 0, 0, 0, 0, 745, 0]

 ### Operon type: 166

	 A0A011QG28	[652, 651, 650, 0, 649, 648, 766, 647, 767]
	 A0A011RIM8	[652, 651, 0, 0, 649, 648, 766, 647, 767]

 ### Operon type: 167

	 A0A011PHI6	[791, 0, 790, 0, 0, 789, 850, 788, 0]

 ### Operon type: 168

	 A0A011QI68	[0, 0, 790, 789, 0, 0, 0, 0, 0]

 ### Operon type: 169

	 A0A011NVJ6	[588, 797, 796, 795, 794, 793, 0, 0, 587]

 ### Operon type: 170

	 A0A011PVP2	[0, 797, 796, 795, 794, 793, 0, 0, 792]

 ### Operon type: 171

	 A0A011NXY7	[0, 0, 796, 0, 794, 0, 0, 0, 0]

 ### Operon type: 172

	 A0A011QR69	[841, 840, 839, 838, 837, 836, 0, 0, 0]
	 A0A011NUB4	[841, 840, 839, 838, 837, 836, 0, 590, 0]

 ### Operon type: 173

	 A0A011NN36	[840, 839, 0, 0, 837, 836, 0, 0, 0]

 ### Operon type: 174

	 A0A011PK69	[839, 646, 0, 0, 837, 836, 0, 0, 0]

 ### Operon type: 175

	 A0A011RMI6	[803, 802, 754, 753, 752, 801, 800, 799, 798]
	 A0A011NYD6	[803, 802, 754, 753, 752, 801, 800, 799, 798]

 ### Operon type: 176

	 A0A011QB28	[804, 803, 802, 0, 0, 801, 800, 799, 798]

 ### Operon type: 177

	 A0A011NF33	[0, 801, 800, 0, 0, 0, 0, 0, 0]

 ### Operon type: 178

	 A0A011NBY4	[609, 0, 0, 608, 0, 0, 607, 0, 0]

 ### Operon type: 179

	 A0A011WRT0	[609, 0, 0, 0, 0, 0, 0, 784, 0]

 ### Operon type: 180

	 A0A011SHV5	[0, 0, 0, 0, 0, 738, 784, 737, 0]

 ### Operon type: 181

	 A0A011NB95	[0, 845, 0, 0, 0, 0, 613, 612, 611]

 ### Operon type: 182

	 A0A011UHT4	[151, 101, 612, 0, 0, 55, 55, 611, 0]

 ### Operon type: 183

	 A0A010Z1W7	[0, 0, 0, 0, 0, 75, 0, 371, 372]

 ### Operon type: 184

	 A0A011VY84	[0, 0, 372, 371, 0, 0, 0, 0, 0]

 ### Operon type: 185

	 A0A010YW85	[0, 0, 0, 0, 0, 296, 0, 371, 372]

 ### Operon type: 186

	 A0A010ZMA0	[371, 617, 0, 0, 0, 0, 0, 0, 0]

 ### Operon type: 187

	 A0A011N5L2	[0, 0, 0, 617, 0, 616, 615, 0, 0]

 ### Operon type: 188

	 A0A009MJ75	[0, 0, 216, 215, 214, 0, 0, 0, 591]

 ### Operon type: 189

	 A0A010IH51	[0, 535, 0, 0, 214, 0, 591, 0, 0]

 ### Operon type: 190

	 A0A011TYT7	[0, 0, 0, 0, 0, 0, 535, 456, 456]

 ### Operon type: 191

	 A0A010RRR9	[0, 0, 0, 0, 668, 0, 0, 592, 591]

 ### Operon type: 192

	 A0A010SIA7	[0, 0, 592, 64, 0, 0, 0, 0, 0]

 ### Operon type: 193

	 A0A010RFQ9	[0, 0, 598, 0, 597, 0, 0, 0, 0]

 ### Operon type: 194

	 A0A010SPR9	[32, 32, 0, 0, 0, 597, 0, 0, 0]

 ### Operon type: 195

	 A0A009LNU8	[236, 238, 460, 255, 0, 161, 0, 581, 0]

 ### Operon type: 196

	 A0A013SRG6	[254, 255, 460, 238, 0, 237, 0, 236, 719]

 ### Operon type: 197

	 A0A009IQU8	[0, 238, 0, 0, 0, 237, 719, 0, 0]

 ### Operon type: 198

	 A0A010K2K8	[460, 255, 254, 0, 0, 0, 0, -1, 581]

 ### Operon type: 199

	 A0A011NPR8	[0, 719, 0, 0, 0, 0, 718, 0, 0]

 ### Operon type: 200

	 A0A010SEA2	[834, 718, 62, 0, 0, 0, 0, 0, 0]

 ### Operon type: 201

	 A0A010IGH8	[0, 0, 0, 0, 0, 0, 0, 343, 523]

 ### Operon type: 202

	 A0A010STD3	[0, 0, 0, 477, 476, 475, 0, 523, 343]

 ### Operon type: 203

	 A0A010SQJ5	[431, 540, 0, 477, 476, 475, 0, 0, 0]

 ### Operon type: 204

	 A0A013RVV2	[562, 0, 345, 344, 0, 0, 523, 343, 0]

 ### Operon type: 205

	 A0A011TD67	[478, 0, 0, 477, 476, 475, 474, 0, 473]

 ### Operon type: 206

	 A0A009ZC12	[0, 0, 0, 477, 0, 475, 474, 4, 871]

 ### Operon type: 207

	 A0A009YSC7	[0, 0, 607, 1, 0, 1, 345, 344, 0]

 ### Operon type: 208

	 A0A009ZJK4	[0, 0, 0, 0, 0, 0, 528, 29, 0]

 ### Operon type: 209

	 A0A010SVN1	[-1, 29, 663, 281, 293, 0, 0, 528, 0]

 ### Operon type: 210

	 A0A009PFK7	[204, 203, 202, 201, 200, 0, 0, 199, 0]
	 A0A009QGN4	[204, 203, 202, 201, 200, 199, 0, 0, 0]

 ### Operon type: 211

	 A0A009YR20	[0, 199, 0, 0, 0, 0, 203, 0, 0]

 ### Operon type: 212

	 A0A009SCM5	[82, 81, 80, 0, 0, 0, 0, 0, 0]

 ### Operon type: 213

	 A0A009TJ77	[85, 121, 0, 0, 0, 0, 82, 81, 80]

 ### Operon type: 214

	 A0A009HZV2	[0, 0, 0, 0, 270, 269, 148, 0, 0]

 ### Operon type: 215

	 A0A009QPE7	[0, 0, 0, 0, 270, 269, 0, 0, 0]

 ### Operon type: 216

	 A0A009MGR3	[0, 0, 289, 0, 401, 123, 144, 288, 287]

 ### Operon type: 217

	 A0A009Q4G0	[0, 290, 289, 0, 401, 0, 288, 287, 288]

 ### Operon type: 218

	 A0A009PB53	[0, 0, 208, 207, 401, 288, 287, 288, 206]

 ### Operon type: 219

	 A0A009PUJ8	[0, 208, 207, 401, 0, 206, 171, 153, 152]

 ### Operon type: 220

	 A0A009QQC0	[268, 0, 267, 663, 304, 304, 282, 432, 281]
	 A0A009H7I0	[268, 0, 0, 663, 304, 304, 282, 432, 281]

 ### Operon type: 221

	 A0A009MVG4	[267, 0, 305, 663, 304, 304, 282, 432, 281]

 ### Operon type: 222

	 A0A009QA91	[284, 283, 783, 663, 304, 304, 282, 432, 281]
	 A0A010J377	[284, 283, 783, 663, 304, 304, 282, 432, 281]

 ### Operon type: 223

	 A0A009S1X4	[284, 283, 783, 663, 304, 304, 663, 0, 193]

 ### Operon type: 224

	 A0A013SHF4	[0, 0, 305, 663, 304, 304, 0, 321, 0]

 ### Operon type: 225

	 A0A011PJK8	[636, 635, 634, 662, 661, 633, 0, 0, 0]
	 A0A011N3C3	[0, 0, 0, 636, 635, 634, 662, 661, 633]

 ### Operon type: 226

	 A0A011WKI4	[0, 0, 0, 0, 0, 723, 174, 173, 176]
	 A0A011UWH1	[723, 174, 173, 176, 0, 0, 0, 0, 0]

 ### Operon type: 227

	 A0A010YKP2	[0, 0, 0, 0, 0, 0, 587, 503, 0]

 ### Operon type: 228

	 A0A011V1A2	[514, 0, 0, 503, 0, 0, 0, 0, 0]

 ### Operon type: 229

	 A0A011NGS0	[0, 0, 0, 0, 721, 762, 0, 0, 0]

 ### Operon type: 230

	 A0A011PW61	[0, 0, 0, 0, 721, 762, 0, 0, 681]

 ### Operon type: 231

	 A0A011UXI1	[0, 644, 0, 0, 721, 762, 472, 0, 0]

 ### Operon type: 232

	 A0A011SWI9	[-1, -1, 0, 791, 721, 762, 472, -1, -1]

 ### Operon type: 233

	 A0A011P952	[762, 0, 761, 0, 0, 761, 0, 0, 0]

 ### Operon type: 234

	 A0A011Q1B3	[675, 788, 674, 673, 674, 792, 672, 0, 0]
	 A0A011QVV5	[0, 0, 675, 788, 674, 673, 674, 792, 672]

 ### Operon type: 235

	 A0A011NSG8	[0, 0, 0, 788, 674, 673, 0, 674, 0]

 ### Operon type: 236

	 A0A011P0X4	[0, 0, 672, 0, 674, 0, 0, 673, 86]

 ### Operon type: 237

	 A0A010YNY9	[0, 0, 76, 34, 0, 0, 0, 0, 104]

 ### Operon type: 238

	 A0A011AC71	[193, 0, 0, 295, 0, 76, 34, 0, 783]

 ### Operon type: 239

	 A0A011PRW6	[701, 0, 0, 0, 700, 802, 754, 0, 0]
	 A0A011QLX0	[0, 701, 0, 0, 700, 0, 802, 754, 0]

 ### Operon type: 240

	 A0A010SML6	[0, 802, 754, -1, 0, 787, 0, 0, 0]

 ### Operon type: 241

	 A0A010RS09	[0, 0, 0, 0, 50, 0, 726, 726, 0]

 ### Operon type: 242

	 A0A010RTE7	[0, 0, 0, 0, 0, 0, 50, 121, 0]

 ### Operon type: 243

	 A0A009P817	[286, 0, 0, 0, 224, 0, 298, 223, 222]

 ### Operon type: 244

	 A0A009TIY0	[0, 0, 0, 0, 224, 0, 298, 223, 0]

 ### Operon type: 245

	 A0A009QKA3	[298, 223, 0, 222, 0, 0, 0, 0, 204]

 ### Operon type: 246

	 A0A009HSR2	[0, 120, 119, 0, 118, 184, 185, 148, 186]

 ### Operon type: 247

	 A0A009SWM1	[0, 120, 119, 0, 118, 0, 0, 185, 0]

 ### Operon type: 248

	 A0A009MYX0	[187, 186, 0, 636, 0, 0, 185, 184, 183]

 ### Operon type: 249

	 A0A009QK79	[0, 0, 183, 184, 0, 185, 0, 0, 186]

 ### Operon type: 250

	 A0A009GXJ1	[502, 501, 184, 185, 135, 148, 186, 187, 0]

 ### Operon type: 251

	 A0A010IT95	[0, 0, 0, 581, 521, 520, 519, 518, 517]
	 A0A013TKW8	[0, 653, 0, 581, 521, 520, 519, 518, 517]
	 A0A009QT77	[0, 0, -1, 581, 521, 520, 519, 518, 517]
	 A0A009PRQ9	[0, 581, 235, 0, 521, 520, 519, 518, 517]
	 A0A009MH36	[0, 0, 0, 581, 521, 520, 519, 518, 517]
	 A0A009GWD0	[148, 0, 0, 581, 521, 520, 519, 518, 517]
	 A0A009S0T6	[0, 0, 581, 235, 521, 520, 519, 518, 517]
	 A0A009I5G9	[0, 0, 581, 235, 521, 520, 519, 518, 517]

 ### Operon type: 252

	 A0A013TMJ7	[720, -1, 0, 581, 521, 518, 517, 0, 0]

 ### Operon type: 253

	 A0A011VXC2	[-1, 378, 0, 703, 377, 376, 375, 374, 373]
	 A0A011V392	[378, 0, 703, 377, 376, 375, 0, 374, 373]

 ### Operon type: 254

	 A0A011V490	[299, 354, 0, 373, 374, 375, 376, 377, 703]

 ### Operon type: 255

	 A0A011VZF5	[0, 0, 377, 376, 375, 819, 354, 819, 0]

 ### Operon type: 256

	 A0A011WLE7	[0, 0, 0, 0, 0, 172, 0, 0, 0]
	 A0A011VU44	[0, 0, 0, 0, 0, 172, 0, 0, 0]

 ### Operon type: 257

	 A0A011VAP2	[0, 0, 87, 0, 0, 0, 0, 0, 251]

 ### Operon type: 258

	 A0A011VRJ8	[0, 0, 0, 0, 0, 0, 87, 0, 0]

 ### Operon type: 259

	 A0A011RNU1	[0, 0, 0, 0, 0, 0, 750, 750, 749]

 ### Operon type: 260

	 A0A011VKJ9	[0, 0, 0, 0, 0, 0, 749, 750, -1]

 ### Operon type: 261

	 A0A011PQZ7	[0, 0, 0, 706, 705, 0, 704, 0, 0]

 ### Operon type: 262

	 A0A011TUX4	[0, 0, 0, 0, 705, 0, 0, 704, 0]

 ### Operon type: 263

	 A0A011STZ9	[0, 0, 0, 704, 0, 0, 0, 0, 0]

 ### Operon type: 264

	 A0A011PRF5	[702, 0, 0, 0, 0, 0, 0, 0, 0]
	 A0A011PUJ9	[0, 0, 0, 0, 0, 0, 0, 0, 702]

 ### Operon type: 265

	 A0A011PFY8	[0, 0, 0, 0, 0, 0, 0, 0, 710]

 ### Operon type: 266

	 A0A011PNS3	[842, 710, 0, 0, 0, 0, 0, 0, 0]

 ### Operon type: 267

	 A0A011T648	[0, 710, 0, 0, 0, 0, 0, 839, 0]

 ### Operon type: 268

	 A0A010YYJ5	[0, 0, 0, 819, 0, 0, 0, 48, 48]

 ### Operon type: 269

	 A0A011NDM5	[819, 0, 0, 0, 0, 0, 0, 0, 0]

 ### Operon type: 270

	 A0A011MSR2	[0, 0, 0, 582, 0, 0, 0, 819, 819]

 ### Operon type: 271

	 A0A011WSU6	[0, 819, 0, 0, 374, 0, 0, 0, 0]

 ### Operon type: 272

	 A0A011U3C2	[0, 0, 766, 0, 0, 0, 0, 0, 0]
	 A0A011AEN3	[0, 0, 0, 0, 0, 0, 766, 0, 0]

 ### Operon type: 273

	 A0A011AAZ2	[0, 112, 0, 0, 0, 766, 766, 766, 0]

 ### Operon type: 274

	 A0A011T698	[0, 0, 0, 0, 0, 783, 766, 0, 0]

 ### Operon type: 275

	 A0A010YRE8	[0, 0, 0, 0, 0, 0, 0, 11, 0]

 ### Operon type: 276

	 A0A011AF05	[0, 0, 193, 11, 0, 0, 0, 0, 0]

 ### Operon type: 277

	 A0A009ZG48	[0, 0, 0, 653, 0, 0, 0, 0, 0]

 ### Operon type: 278

	 A0A011PEJ8	[0, 0, 625, 653, 0, 0, 0, 0, 0]

 ### Operon type: 279

	 A0A011QNJ7	[725, 0, 0, 653, 0, 0, 0, 725, 0]

 ### Operon type: 280

	 A0A011MMJ4	[0, 0, 0, 0, 0, 0, 0, 725, 0]

 ### Operon type: 281

	 A0A011R8M3	[0, 0, 625, 653, 0, 471, 0, 725, 0]

 ### Operon type: 282

	 A0A009ZC82	[0, 0, 786, 0, 0, 0, 0, 0, 0]

 ### Operon type: 283

	 A0A011P3F6	[787, 0, 0, 786, 0, 0, 0, 0, 0]

 ### Operon type: 284

	 A0A009IG48	[0, 0, 0, 126, 125, 0, 0, 0, 787]

 ### Operon type: 285

	 A0A009IMQ0	[0, 0, 0, 126, 125, 0, 0, 0, 0]

 ### Operon type: 286

	 A0A009SWV1	[0, 0, 0, 0, 0, 0, 0, 126, 0]

 ### Operon type: 287

	 A0A009Q512	[0, 0, 0, 0, 285, 0, 0, 0, 0]
	 A0A009PMZ9	[285, 0, 0, 0, 0, 0, 0, 0, 0]

 ### Operon type: 288

	 A0A009IFL2	[0, 58, 0, 57, -1, 0, 0, 0]

 ### Operon type: 289

	 A0A009ZDS1	[-1, -1, 0, 58, 0, 0, 572, 0, 0]

 ### Operon type: 290

	 A0A010SNM6	[78, 77, -1, 0, 0, 0, 720, 0, 0]

 ### Operon type: 291

	 A0A010T5D8	[77, 78, 0, -1, 0, -1, 443, 0, 0]

 ### Operon type: 292

	 A0A011UB51	[370, 0, 0, 0, 0, 0, 0, 0, 0]
	 A0A011UFH1	[0, 0, 0, 0, 0, 370, 0, 0, 0]

 ### Operon type: 293

	 A0A011V965	[0, -1, -1, 0, 88, 0, -1, -1, 0]
	 A0A011VHP2	[0, -1, -1, -1, 88, 0, 0, 0, 0]

 ### Operon type: 294

	 A0A010RVD0	[-1, 0, 0, -1, 0, 863, 863, 0, 33]

 ### Operon type: 295

	 A0A010T7Q5	[0, 33, 0, 0, 0, 0, -1, 0, 0]

 ### Operon type: 296

	 A0A010SJH7	[0, 0, 720, -1, 0, 0, 282, 0, 0]

 ### Operon type: 297

	 A0A010SRR2	[0, 0, -1, 0, 0, 0, 0, 0, 720]

 ### Operon type: 298

	 A0A010RKP8	[0, 0, 0, 0, 0, 0, -1, 0, 0]
	 A0A009HJU6	[0, 0, 0, 0, 0, 0, 0, 0, -1]
	 A0A011UZ32	[0, 0, 0, 0, 0, -1, 0, 0, 0]
	 A0A010TF14	[-1, 0, 0, 0, 0, 0, 0, 0, 0]
	 A0A010RY47	[-1, 0, -1, 0, 0, 0, 0, 0, 0]

 ### Operon type: 299

	 A0A010SJF9	[0, 0, 0, 0, 0, -1, 0, 79, -1]

 ### Operon type: 300

	 A0A011ML54	[0, 0, 0, 727, 0, 0, 0, 0, -1]

 ### Operon type: 301

	 A0A011NHY1	[0, 0, 0, 0, 0, 720, 0, 0, 0]

 ### Operon type: 302

	 A0A010Z171	[0, 0, 0, 0, 0, 0, 720, 0, 636]

 ### Operon type: 303

	 A0A011T697	[720, 0, 0, 0, 0, 0, 0, 0, 298]

 ### Operon type: 304

	 A0A011TDD1	[0, 294, 720, 0, 0, 0, 0, 0, 0]

 ### Operon type: 305

	 A0A011VW24	[0, 0, 844, 0, 0, 0, 0, 0, -1]

 ### Operon type: 306

	 A0A011T8V3	[0, 0, 844, 0, 0, 0, 0, 0, 0]

 ### Operon type: 307

	 A0A010TH98	[681, 0, 0, 844, 0, 0, 0, 0, 0]

 ### Operon type: 308

	 A0A011QVR3	[0, 0, 0, 0, 0, 0, 0, 845, 844]

 ### Operon type: 309

	 A0A011VYF1	[844, 0, 0, 0, 0, 0, 370, 0, 0]

 ### Operon type: 310

	 A0A010S415	[-1, 844, 0, 281, 0, 0, 0, 0, 560]

 ### Operon type: 311

	 A0A011QSN2	[0, 0, 0, 0, 0, 0, 0, 0, 0]
	 A0A011P9Z5	[0, 0, 0, 0, 0, 0, 0, 0, 0]
	 A0A011NMI8	[0, 0, 0, 0, 0, 0, 0, 0, 0]
	 A0A011Q056	[0, 0, 0, 0, 0, 0, 0, 0, 0]
	 A0A011QMJ8	[0, 0, 0, 0, 0, 0, 0, 0, 0]
	 A0A011PNN2	[0, 0, 0, 0, 0, 0, 0, 0, 0]
	 A0A011PBM9	[0, 0, 0, 0, 0, 0, 0, 0, 0]
	 A0A011NAJ1	[0, 0, 0, 0, 0, 0, 0, 0, 0]
	 A0A011NTU3	[0, 0, 0, 0, 0, 0, 0, 0, 0]
	 A0A011N2Z0	[0, 0, 0, 0, 0, 0, 0, 0, 0]
	 A0A011UHL2	[0, 0, 0, 0, 0, 0, 0, 0, 0]
	 A0A013S2B9	[0, 0, 0, 0, 0, 0, 0, 0, 0]
	 A0A013SBR8	[0, 0, 0, 0, 0, 0, 0, 0, 0]
	 A0A013TEV4	[0, 0, 0, 0, 0, 0, 0, 0, 0]
	 A0A011VYF6	[0, 0, 0, 0, 0, 0, 0, 0, 0]
	 A0A013SL47	[0, 0, 0, 0, 0, 0, 0, 0, 0]
	 A0A011WUT3	[0, 0, 0, 0, 0, 0, 0, 0, 0]
	 A0A011UBN9	[0, 0, 0, 0, 0, 0, 0, 0, 0]
	 A0A009PDV4	[0, 0, 0, 0, 0, 0, 0, 0, 0]
	 A0A009M4K0	[0, 0, 0, 0, 0, 0, 0, 0, 0]
	 A0A009MH90	[0, 0, 0, 0, 0, 0, 0, 0, 0]
	 A0A009HIL8	[0, 0, 0, 0, 0, 0, 0, 0, 0]
	 A0A011VNE2	[0, 0, 0, 0, 0, 0, 0, 0, 0]
	 A0A010SHY1	[0, 0, 0, 0, 0, 0, 0, 0, 0]
	 A0A011UFM5	[0, 0, 0, 0, 0, 0, 0, 0, 0]
	 A0A010YJA7	[0, 0, 0, 0, 0, 0, 0, 0, 0]
	 A0A010SPJ7	[0, 0, 0, 0, 0, 0, 0, 0, 0]
	 A0A010SSQ8	[0, 0, 0, 0, 0, 0, 0, 0, 0]
	 A0A010T025	[0, 0, 0, 0, 0, 0, 0, 0, 0]
	 A0A010ZTI3	[0, 0, 0, 0, 0, 0, 0, 0, 0]
	 A0A011A146	[0, 0, 0, 0, 0, 0, 0, 0, 0]
	 A0A010YZS8	[0, 0, 0, 0, 0, 0, 0, 0, 0]
	 A0A010Z120	[0, 0, 0, 0, 0, 0, 0, 0, 0]

 ### Operon type: 312

	 A0A010TG27	[723, 0, 54, 0, 0, 0, 663, 0, 0]

 ### Operon type: 313

	 A0A011PMK1	[0, 0, 0, 0, 0, 0, 0, 723, 0]

 ### Operon type: 314

	 A0A009HM15	[0, 159, 150, 0, 0, 0, -1, 0, 0]

 ### Operon type: 315

	 A0A009HRU1	[0, 184, 0, 0, 0, 0, 0, 0, 0]

 ### Operon type: 316

	 A0A009HSN8	[0, 290, 0, 0, 0, -1, 0, 206, -1]

 ### Operon type: 317

	 A0A009HV82	[171, 0, 0, 0, 0, 0, 0, 0, 0]

 ### Operon type: 318

	 A0A009IG74	[0, 0, 215, 0, 444, -1, 0, 0, 0]

 ### Operon type: 319

	 A0A009IJ90	[0, 85, 0, 0, 0, 0, 0, 0, 0]

 ### Operon type: 320

	 A0A009NM94	[0, 741, 741, 0, 0, 0, 294, 0, 0]

 ### Operon type: 321

	 A0A009Q4N5	[0, 0, 286, 0, 0, 0, 0, 0, 0]

 ### Operon type: 322

	 A0A009SSZ9	[0, 114, 0, 0, 0, 0, 0, 0, 0]

 ### Operon type: 323

	 A0A009YIH1	[0, 0, 0, 0, 325, 0, -1, -1, 2]

 ### Operon type: 324

	 A0A009YR05	[0, 0, 0, 0, 109, 0, 0, 0, 0]

 ### Operon type: 325

	 A0A009Z004	[314, 0, 314, 0, 0, 636, 0, 0, 0]

 ### Operon type: 326

	 A0A010RUQ5	[0, 0, 0, 0, 0, 0, 0, 0, 342]

 ### Operon type: 327

	 A0A010S195	[786, 0, 75, 74, 0, 0, 0, 0, 0]

 ### Operon type: 328

	 A0A010SCZ2	[0, 0, 0, 0, 0, 0, 0, 250, 0]

 ### Operon type: 329

	 A0A010SN41	[0, 0, 0, 0, 239, 0, 0, 0, 0]

 ### Operon type: 330

	 A0A010SSU2	[0, 0, 0, 0, 135, 0, -1, 763, 0]

 ### Operon type: 331

	 A0A010SUP6	[0, 0, 0, 0, 0, 0, 0, 74, 0]

 ### Operon type: 332

	 A0A010SUY9	[0, 0, 0, 0, 0, 471, 625, 0]

 ### Operon type: 333

	 A0A010THK2	[0, 0, -1, 0, 0, 726, 636, 0, 0]

 ### Operon type: 334

	 A0A010SRL4	[54, 0, 0, -1, 0, 0, 0, 636, 124]

 ### Operon type: 335

	 A0A010YX61	[408, 766, 0, 844, 0, 0, 0, 0, 0]

 ### Operon type: 336

	 A0A010S5W8	[0, 0, 582, 792, 0, 0, 0, 0, 0]

 ### Operon type: 337

	 A0A011NE37	[552, 0, 0, 0, 0, 0, 0, 0, 0]

 ### Operon type: 338

	 A0A011NF78	[0, 0, 870, 0, 0, 0, 0, 0, 0]

 ### Operon type: 339

	 A0A011NVE2	[0, 0, 0, 839, 0, 0, 720, 0, 589]

 ### Operon type: 340

	 A0A011NXJ4	[0, 0, 0, 0, 0, 0, 0, 0, 586]

 ### Operon type: 341

	 A0A011P8I1	[0, 0, 767, 766, 0, 0, 0, 0, 765]

 ### Operon type: 342

	 A0A011P9Q7	[760, 0, 0, 0, 0, 0, 0, 0, 0]

 ### Operon type: 343

	 A0A011PJ75	[0, 839, 691, 839, 0, 0, 0, 0, 0]

 ### Operon type: 344

	 A0A011PRB4	[0, 0, 0, 0, 0, 0, 0, 703, 0]

 ### Operon type: 345

	 A0A011QVT2	[843, 0, 0, 0, 0, 0, 0, 842, 0]

 ### Operon type: 346

	 A0A011RP14	[0, 0, 0, 0, 0, 0, 0, 748, 0]

 ### Operon type: 347

	 A0A011SM49	[720, 0, 748, 0, 0, 0, 465, 0, 0]

 ### Operon type: 348

	 A0A011AM27	[704, 0, 0, 0, 575, 0, 0, 0, 28]

 ### Operon type: 349

	 A0A011T607	[0, 0, 792, 0, 0, 0, 0, 0, 294]

 ### Operon type: 350

	 A0A011TAW2	[0, 0, 0, 0, 0, 0, 440, 0, 0]

 ### Operon type: 351

	 A0A011TED9	[0, 0, 0, 0, 0, 484, 0, 0, 0]

 ### Operon type: 352

	 A0A011TXS5	[0, 457, 0, 0, 0, 0, 0, 0, 0]

 ### Operon type: 353

	 A0A011U144	[0, 342, 0, 0, 0, 0, 586, 396, 0]

 ### Operon type: 354

	 A0A011U1C8	[783, 0, 0, 0, 0, 0, 0, 0, 341]

 ### Operon type: 355

	 A0A011U483	[0, 0, 0, 0, 0, 782, 0, 0, 0]

 ### Operon type: 356

	 A0A011UG86	[0, 788, 0, 0, 0, 79, 0, 0, 0]

 ### Operon type: 357

	 A0A011UQB5	[739, 608, 0, 0, 0, 0, 0, 370, 0]

 ### Operon type: 358

	 A0A011UVI5	[0, 0, 0, 0, 0, 104, 839, 839, 0]

 ### Operon type: 359

	 A0A011UWI3	[0, 0, 0, 0, 226, 0, 103, 786, 0]

 ### Operon type: 360

	 A0A011V5E6	[0, 0, 0, 0, 0, 300, 0, 0, 0]

 ### Operon type: 361

	 A0A011M4H6	[251, 0, 595, 0, 0, 0, 0, 0, 0]

 ### Operon type: 362

	 A0A011VSV3	[0, 0, 0, 0, 0, 0, 650, 0, 0]

 ### Operon type: 363

	 A0A011VWI0	[0, 0, 0, 0, 0, 101, 0, 0, 0]

 ### Operon type: 364

	 A0A011VZ91	[176, 0, 0, 0, 0, 0, 0, 0, 0]

 ### Operon type: 365

	 A0A011WP76	[0, 0, 0, 0, 0, 0, 0, 0, 847]

 ### Operon type: 366

	 A0A011WSD4	[0, 0, 0, -1, 0, 819, 0, 0, 354]

 ### Operon type: 367

	 A0A011WT35	[354, 0, 0, 0, 0, 0, 0, 0, 0]

 ### Operon type: 368

	 A0A013S843	[0, 432, 0, 0, 0, 0, -1, 431, 0]

 ### Operon type: 369

	 A0A013T5E6	[0, 0, 0, 401, 0, 0, 0, 0, 0]

 ### Operon type: 370

	 A0A009T185	[840, 0, 691, 691, 544, 839, 691, 543, 793]

 ### Operon type: 371

	 A0A010IN36	[545, 720, 0, 0, 544, 839, 691, 543, 793]

 ### Operon type: 372

	 A0A009PG43	[839, 691, 383, 842, 0, 543, 793, 0, 0]

 ### Operon type: 373

	 A0A009INE0	[545, 0, 0, 0, 0, 0, 0, 691, 543]

 ### Operon type: 374

	 A0A009T9H0	[0, 2, 787, -1, 0, 0, 185, 0, 184]

 ### Operon type: 375

	 A0A010THH5	[0, 62, 58, 104, 0, 0, 737, 0, 572]

 ### Operon type: 376

	 A0A011WSH8	[0, 0, 0, 663, 240, 0, 0, 0, 0]
	 A0A011VZE3	[0, 0, 0, 663, 240, 0, 0, 0, 0]

 ### Operon type: 377

	 A0A011NAF3	[0, 0, 0, 0, 0, 0, 663, 0, 730]

 ### Operon type: 378

	 A0A009IQ93	[337, 0, 663, 0, 0, 124, 0, 0, 0]

 ### Operon type: 379

	 A0A009Q8S9	[0, 0, 787, 433, 0, 448, 0, 0, 0]

 ### Operon type: 380

	 A0A009TLU4	[0, 457, -1, 161, 0, 31, 0, -1, -1]

 ### Operon type: 381

	 A0A009ZB47	[154, 228, 0, 0, 0, 819, 570, 0, 0]

 ### Operon type: 382

	 A0A009ZVR4	[746, 0, 766, 0, 0, 48, 0, 0, 47]

 ### Operon type: 383

	 A0A010JIN9	[570, 0, 0, 121, 271, 0, 0, 0, 0]

 ### Operon type: 384

	 A0A010S003	[620, 0, 0, 0, 0, 788, 788, 540, 0]

 ### Operon type: 385

	 A0A010SMN8	[0, -1, 76, 0, 597, 0, 0, 624, 0]

 ### Operon type: 386

	 A0A010SXS1	[0, 383, 0, 0, 0, 451, 0, 0, 842]

 ### Operon type: 387

	 A0A010T689	[28, -1, 737, 751, 0, 0, 0, 0, 0]

 ### Operon type: 388

	 A0A010TBB4	[0, 347, 0, 79, 0, 0, 0, 0, 783]

 ### Operon type: 389

	 A0A010YFK3	[0, 826, 0, 0, 0, 0, 70, 0, 341]

 ### Operon type: 390

	 A0A010YVY1	[8, 0, 8, 0, 0, 0, 0, 540, 0]

 ### Operon type: 391

	 A0A010ZSZ2	[0, 112, 0, 25, 24, 0, 0, 0, 0]

 ### Operon type: 392

	 A0A010Z0Y7	[0, 0, 0, 0, 24, 281, 0, 0, 0]

 ### Operon type: 393

	 A0A011A0M8	[0, 0, 636, 0, 57, 0, 0, 10, 10]

 ### Operon type: 394

	 A0A011NFL4	[0, 740, 0, 0, 724, 723, 0, 722, 0]

 ### Operon type: 395

	 A0A011P407	[0, 0, 785, 784, 0, 0, 783, 0, 782]

 ### Operon type: 396

	 A0A011QGT2	[663, 0, 0, 662, 661, 0, 0, 0, 0]

 ### Operon type: 397

	 A0A011QSA4	[873, 0, 872, 871, 0, 0, 0, 0, 870]

 ### Operon type: 398

	 A0A011T6J6	[0, 830, 0, 766, 0, 0, 297, 0, 296]

 ### Operon type: 399

	 A0A011TAL2	[0, 792, 0, 0, 0, 295, 0, 587, 0]

 ### Operon type: 400

	 A0A011TZG0	[636, 820, 0, 0, 0, 0, 0, 455, 0]

 ### Operon type: 401

	 A0A011UGY3	[242, 241, 300, 56, 0, 0, 0, 56, 0]

 ### Operon type: 402

	 A0A011UII7	[0, 0, 0, 0, 0, 589, 454, 0, 0]

 ### Operon type: 403

	 A0A011UNT9	[448, 468, 0, 0, 0, 0, 0, 0, 0]

 ### Operon type: 404

	 A0A011SIS0	[0, 807, 469, 469, 0, 0, 0, 468, 0]

 ### Operon type: 405

	 A0A011UT49	[0, 112, 0, 0, 0, 0, 383, 111, 0]

 ### Operon type: 406

	 A0A011VU65	[71, 0, 0, 0, 0, 70, 0, 650, 336]

 ### Operon type: 407

	 A0A011VV03	[0, 252, 0, 0, 513, 251, 0, 0, 0]

 ### Operon type: 408

	 A0A011VVZ9	[0, 0, -1, 0, 0, 250, 249, 249, 467]

 ### Operon type: 409

	 A0A011VWX7	[842, 515, 0, 0, 0, 0, 0, 738, 0]

 ### Operon type: 410

	 A0A011VXK7	[741, 741, 0, 549, 0, 0, 0, 832, 0]

 ### Operon type: 411

	 A0A011W0I6	[175, 0, 0, 0, 0, 638, 0, 727, 0]

 ### Operon type: 412

	 A0A010YEF6	[0, 175, 0, 0, 0, 0, 0, 0, 35]

 ### Operon type: 413

	 A0A013SQH1	[0, 0, 0, 0, 239, 645, 0, 581, 613]

 ### Operon type: 414

	 A0A009QJA8	[153, 152, 0, 0, 0, 0, 0, 0, 606]

 ### Operon type: 415

	 A0A009YL68	[0, 0, 783, 410, 406, 0, 0, 4, 0]

 ### Operon type: 416

	 A0A010JNG7	[581, 0, 0, 580, 0, 0, 0, 0, 0]

 ### Operon type: 417

	 A0A010RM40	[596, 663, 676, 0, 0, 0, 0, -1, 771]

 ### Operon type: 418

	 A0A010RRQ6	[0, 595, 0, 0, 0, 597, 594, 593, 0]

 ### Operon type: 419

	 A0A010S423	[297, 0, 0, 0, 0, 0, 0, 103, 745]

 ### Operon type: 420

	 A0A010T0I7	[0, 0, 35, 0, 0, 767, 872, 663, 0]

 ### Operon type: 421

	 A0A010ZUR7	[252, 23, 0, 23, 0, 22, 540, 0, 0]

 ### Operon type: 422

	 A0A011NA78	[0, 614, 0, 0, 0, 863, 0, 0, 771]

 ### Operon type: 423

	 A0A011P8W7	[764, 785, 842, 0, 763, 0, 0, 0, 0]

 ### Operon type: 424

	 A0A011PG97	[624, 0, 0, 623, 0, 0, 0, 0, 0]

 ### Operon type: 425

	 A0A011PKT4	[0, 645, 0, 0, 0, 0, 644, 0, 0]

 ### Operon type: 426

	 A0A011PLB2	[0, 764, 0, 646, 0, 0, 0, 0, 0]

 ### Operon type: 427

	 A0A011R339	[0, 0, 0, 0, 0, 0, 502, 501, 0]

 ### Operon type: 428

	 A0A011SFE5	[0, 0, 0, 741, 0, 0, 740, 784, 739]

 ### Operon type: 429

	 A0A011SJT5	[0, 0, 0, 467, 466, 466, 466, 466, 466]

 ### Operon type: 430

	 A0A011TDQ5	[0, 0, 0, 0, 293, 640, 0, 0, 0]

 ### Operon type: 431

	 A0A011VT01	[0, 0, 72, 0, 0, 72, 0, 0, 310]

 ### Operon type: 432

	 A0A009Z3V9	[663, 0, 0, 0, 0, 313, 634, 312, 311]

 ### Operon type: 433

	 A0A010SRB2	[31, 30, 0, 0, 0, 30, 78, 0, 0]

 ### Operon type: 434

	 A0A010KA25	[570, 0, 737, 525, 253, 0, 0, 570, 429]

 ### Operon type: 435

	 A0A011TZN1	[492, 491, 490, 0, 489, 0, 0, 0, 0]

 ### Operon type: 436

	 A0A011VJ76	[73, 73, 111, 722, 0, 663, 636, 0, 785]

 ### Operon type: 437

	 A0A011UG17	[188, 0, 177, 0, 247, 71, 0, 0, 0]

 ### Operon type: 438

	 A0A011WUA8	[804, 0, 0, 353, 0, 0, 0, 352, 352]

 ### Operon type: 439

	 A0A010S4X6	[0, 281, 676, 788, 359, 0, 588, 637, 726]

 ### Operon type: 440

	 A0A010YY02	[0, 7, 0, 0, 7, 678, 6, 0, 9]
