
 ### Operon type: 1

	 A0A011PVT3	[482, 481, 480, 479, 706, 478, 477, 476, 475]
	 A0A011R7V7	[482, 481, 480, 479, 706, 478, 477, 476, 475]
	 A0A011MET3	[482, 481, 480, 479, 706, 478, 477, 476, 475]

 ### Operon type: 2

	 A0A011UIA1	[262, 261, 260, 259, 258, 257, 256, 255, 0]
	 A0A011V5V3	[0, 262, 261, 260, 259, 258, 257, 256, 255]

 ### Operon type: 3

	 A0A011NE72	[383, 382, 381, 380, 379, 378, 377, 376, 0]
	 A0A011PTE7	[383, 382, 381, 380, 379, 0, 378, 377, 376]

 ### Operon type: 4

	 A0A011NEY3	[395, 506, 505, 504, 504, 503, 502, 501, 0]

 ### Operon type: 5

	 A0A011PAN4	[506, 505, 0, 504, 504, 503, 502, 501, 500]

 ### Operon type: 6

	 A0A011RCD5	[395, 506, 505, 504, 504, 503, 502, 501, 500]

 ### Operon type: 7

	 A0A010JSI3	[723, 724, 722, 721, 720, 719, 718, 717, 0]
	 A0A013T0M4	[723, 724, 722, 721, 720, 719, 718, 717, 0]
	 A0A009HDS5	[723, 724, 722, 721, 720, 719, 718, 717, 0]
	 A0A009RGL2	[0, 724, 722, 721, 720, 719, 718, 717, 0]

 ### Operon type: 8

	 A0A011PF67	[498, 497, 496, 495, 494, 0, 0, 0, 0]
	 A0A011NW66	[498, 497, 496, 495, 494, 419, 0, 0, 0]
	 A0A011NBX7	[498, 497, 496, 495, 494, 419, 0, 0, 0]

 ### Operon type: 9

	 A0A011NS68	[498, 497, 496, 495, 494, 429, 428, 427, 515]
	 A0A011RHX4	[498, 497, 496, 495, 494, 429, 428, 427, 0]

 ### Operon type: 10

	 A0A010JY00	[304, 390, 713, 352, 68, 573, 349, 663, 362]

 ### Operon type: 11

	 A0A013TH30	[390, 713, 352, 351, 350, 573, 349, 663, 362]

 ### Operon type: 12

	 A0A011QAS2	[0, 451, 450, 449, 448, 447, 536, 446, 445]
	 A0A011NEQ1	[0, 451, 450, 449, 448, 447, 536, 446, 445]

 ### Operon type: 13

	 A0A011QSF0	[0, 592, 591, 590, 589, 588, 587, 586, 0]
	 A0A011QBB5	[571, 592, 591, 590, 589, 588, 587, 586, 570]
	 A0A011Q0X6	[571, 592, 591, 590, 589, 588, 587, 586, 570]
	 A0A011Q1X8	[592, 0, 591, 590, 589, 588, 587, 586, 570]

 ### Operon type: 14

	 A0A011PG87	[571, 592, 591, 590, 589, 588, 587, 0, 0]

 ### Operon type: 15

	 A0A013SP43	[333, 332, 331, 330, 329, 328, 327, 326, 325]
	 A0A009RUN3	[333, 332, 331, 330, 329, 328, 327, 326, 325]
	 A0A010K6G6	[333, 332, 331, 330, 329, 328, 327, 0, 325]

 ### Operon type: 16

	 A0A009SZB5	[0, 0, 156, 155, 154, 0, 0, 0, 153]
	 A0A009HR98	[0, 0, 156, 155, 154, 0, 0, 0, 153]

 ### Operon type: 17

	 A0A009Z8F7	[145, 156, 144, 0, 154, 143, 143, 0, 0]

 ### Operon type: 18

	 A0A011QIT1	[622, 621, 620, 619, 618, 617, 616, 615, 614]
	 A0A011QUG8	[622, 621, 620, 619, 618, 617, 0, 616, 615]

 ### Operon type: 19

	 A0A011QAB0	[456, 455, 454, 0, 453, 486, 551, 452, 0]
	 A0A011PL71	[369, 456, 455, 454, 453, 486, 551, 452, 0]

 ### Operon type: 20

	 A0A011PIY7	[469, 0, 484, 468, 467, 466, 465, 0, 391]

 ### Operon type: 21

	 A0A011Q3J4	[0, 469, 484, 468, 467, 466, 465, 464, 0]

 ### Operon type: 22

	 A0A011MH88	[151, 469, 484, 468, 467, 466, 465, 464, 391]

 ### Operon type: 23

	 A0A009QBR9	[0, 0, 685, 639, 684, 0, 0, 680, 77]
	 A0A009TM70	[0, 686, 685, 639, 684, 0, 0, 680, 77]

 ### Operon type: 24

	 A0A010ILU3	[687, 686, 685, 0, 684, 683, 682, 681, 680]
	 A0A009MW50	[0, 686, 685, 639, 684, 683, 0, 681, 680]
	 A0A009H3B0	[0, 686, 685, 0, 684, 683, 682, 681, 680]
	 A0A009QS71	[687, 686, 685, 639, 684, 683, 0, 681, 680]

 ### Operon type: 25

	 A0A009I8S2	[0, 0, 685, 639, 684, 683, 681, 680, 77]

 ### Operon type: 26

	 A0A009ICH6	[653, 82, 81, 80, 68, 67, 66, 65, 663]
	 A0A009ZFR5	[653, 82, 81, 80, 68, 67, 66, 65, 663]

 ### Operon type: 27

	 A0A009GP96	[0, 60, 712, 704, 59, 32, 703, 58, 57]

 ### Operon type: 28

	 A0A009GSR4	[704, 59, 32, 703, 58, 57, 57, 56, 0]

 ### Operon type: 29

	 A0A009IIT6	[60, 712, 704, 59, 58, 57, 57, 56, 0]

 ### Operon type: 30

	 A0A009IS10	[277, 0, 0, 0, 189, 188, 187, 0, 0]

 ### Operon type: 31

	 A0A009QHW5	[0, 0, 0, 687, 189, 188, 187, 0, 142]

 ### Operon type: 32

	 A0A011UVB4	[0, 0, 0, 278, 0, 0, 277, 0, 276]

 ### Operon type: 33

	 A0A011TLH7	[408, 407, 406, 0, 0, 0, 0, 0, 0]
	 A0A011UG87	[406, 407, 408, 0, 0, 0, 0, 0, 0]

 ### Operon type: 34

	 A0A011QIE8	[628, 627, 626, 665, 625, 624, 623, 0, 0]
	 A0A011QDV3	[628, 627, 626, 665, 625, 624, 572, 0, 623]

 ### Operon type: 35

	 A0A011NYU6	[474, 473, 0, 472, 471, 439, 438, 0, 470]

 ### Operon type: 36

	 A0A011PYI6	[474, 473, 0, 472, 471, 470, 711, 539, 0]

 ### Operon type: 37

	 A0A011P1C0	[0, 0, 439, 438, 470, 0, 0, 0, 0]

 ### Operon type: 38

	 A0A011NVE7	[424, 423, 422, 0, 0, 0, 0, 0, 0]
	 A0A011PP01	[424, 423, 422, 0, 0, 0, 0, 0, 0]

 ### Operon type: 39

	 A0A013TH43	[348, 0, 0, 0, 347, 346, 345, 0, 524]
	 A0A009RAF0	[348, 0, 0, 0, 347, 346, 345, 0, 524]

 ### Operon type: 40

	 A0A013S8V2	[307, 306, 0, 0, 0, 305, 0, 0, 0]
	 A0A009R8E1	[0, 434, 0, 307, 306, 0, 0, 305, 0]

 ### Operon type: 41

	 A0A009QFZ7	[360, 359, 0, 0, 356, 0, 354, 353, 0]
	 A0A009TK03	[360, 359, 0, 0, 356, 0, 354, 353, 0]

 ### Operon type: 42

	 A0A013SPM5	[360, 359, 358, 357, 356, 355, 354, 353, 0]
	 A0A009MH71	[360, 359, 0, 357, 356, 355, 354, 353, 0]
	 A0A009HSL1	[360, 359, 358, 357, 356, 0, 354, 353, 0]
	 A0A010IX62	[360, 359, 358, 357, 356, 0, 354, 353, 0]

 ### Operon type: 43

	 A0A009I6Z0	[360, 359, 0, 357, 356, 0, 354, 353, 69]

 ### Operon type: 44

	 A0A009ZIX8	[0, 11, 358, 357, 356, 433, 0, 69, 0]

 ### Operon type: 45

	 A0A009I573	[172, 0, 171, 170, 0, 169, 168, 167, 166]

 ### Operon type: 46

	 A0A009ILP9	[137, 0, 166, 167, 168, 169, 136, 170, 171]

 ### Operon type: 47

	 A0A009I953	[137, 0, 166, 167, 168, 169, 136, 0, -1]

 ### Operon type: 48

	 A0A009IPC3	[131, 130, 0, 0, 168, 129, 128, 0, 136]
	 A0A009QEG7	[131, 130, 0, 0, 168, 129, 128, 0, 136]

 ### Operon type: 49

	 A0A009SX74	[491, 515, 0, 170, 136, 137, 130, 131, 0]

 ### Operon type: 50

	 A0A009I4A1	[0, 177, 712, 0, 176, 175, 174, 173, 0]
	 A0A010JWJ1	[0, 177, 712, 0, 176, 175, 174, 173, 0]

 ### Operon type: 51

	 A0A009QF22	[76, 75, 74, 0, 176, 175, 174, 173, 73]
	 A0A009TBY8	[76, 75, 74, 55, 176, 175, 174, 173, 73]

 ### Operon type: 52

	 A0A009ITT8	[210, 209, 208, 207, 186, 205, 204, 203, 185]

 ### Operon type: 53

	 A0A009NJ90	[210, 209, 208, 207, 0, 206, 205, 204, 203]

 ### Operon type: 54

	 A0A009HZK2	[158, 207, 186, 0, 0, 0, 0, 0, 0]

 ### Operon type: 55

	 A0A009IJ07	[160, 159, 158, 207, 186, 0, 0, 0, 0]

 ### Operon type: 56

	 A0A009S6G1	[160, 159, 158, 207, 186, 204, 203, 185, 180]

 ### Operon type: 57

	 A0A009S5A5	[186, 206, 205, 204, 203, 185, 162, 161, 180]

 ### Operon type: 58

	 A0A010ITG1	[639, 638, 637, 636, 635, 634, 633, 712, 665]
	 A0A013TCN9	[639, 638, 637, 636, 635, 634, 633, 712, 665]
	 A0A009NIJ3	[639, 638, 637, 636, 635, 634, 633, 712, 665]
	 A0A009QNC9	[639, 638, 637, 636, 635, 634, 633, 712, 665]
	 A0A013TRC1	[639, 638, 637, 636, 635, 634, 633, 712, 665]

 ### Operon type: 59

	 A0A009H935	[0, 0, 637, 636, 635, 634, 633, 712, 665]

 ### Operon type: 60

	 A0A009PJF7	[244, 243, 243, 242, 241, 240, 239, 238, 237]
	 A0A009SJZ7	[278, 244, 243, 242, 241, 240, 239, 238, 237]

 ### Operon type: 61

	 A0A009Z5G0	[240, 242, 243, 0, 533, 244, 278, 320]

 ### Operon type: 62

	 A0A010JJC1	[695, 694, 693, 692, 691, 690, 689, 702, 688]
	 A0A010IZ41	[694, 693, 692, 691, 690, 689, 702, 688, 331]

 ### Operon type: 63

	 A0A009QJL6	[695, 694, 693, 692, 0, 688, 331, 72, 0]

 ### Operon type: 64

	 A0A011P2I4	[486, 485, 484, 0, 0, 0, 0, 0, 0]
	 A0A011N9N8	[486, 485, 484, 0, 0, 0, 0, 0, 0]

 ### Operon type: 65

	 A0A009PIB4	[0, 0, 0, 233, 274, 232, 703, 712, 486]
	 A0A009SLR5	[0, 0, 0, 233, 274, 232, 703, 712, 486]

 ### Operon type: 66

	 A0A009HSU4	[0, 0, 526, 712, 0, 485, 650, 486, 703]

 ### Operon type: 67

	 A0A011SF89	[544, 543, 542, 0, 0, 0, 0, 0, 0]

 ### Operon type: 68

	 A0A011UCX7	[0, 456, 544, 543, 0, 542, 127, 0, 0]

 ### Operon type: 69

	 A0A011NYT4	[710, 512, 511, 697, 0, 417, 417, 416, 415]

 ### Operon type: 70

	 A0A011P8E9	[0, 0, 710, 512, 0, 511, 697, 0, 0]

 ### Operon type: 71

	 A0A010TF34	[0, -1, 0, 0, 41, 40, 39, 38, 37]
	 A0A010SYH9	[41, 40, 39, 38, 37, 0, 0, 0, 0]

 ### Operon type: 72

	 A0A010TFJ4	[0, -1, 0, 46, 45, 44, 43, -1, 42]
	 A0A010S7A1	[46, 45, 44, 43, 0, 42, 0, 0, 0]

 ### Operon type: 73

	 A0A009ICP5	[224, 335, 389, 223, 222, 0, 0, 220, 0]

 ### Operon type: 74

	 A0A009MMG9	[224, 335, 389, 223, 222, 0, 221, 220, 528]

 ### Operon type: 75

	 A0A009QLL2	[0, 147, 148, 0, 222, 0, 0, 220, 0]
	 A0A009HTW0	[0, 147, 148, 0, 222, 0, 0, 220, 0]

 ### Operon type: 76

	 A0A009SIV4	[146, 147, 148, 34, 222, 33, 0, 220, 528]

 ### Operon type: 77

	 A0A013TSJ4	[147, 148, 0, 34, 222, 0, 0, 220, 528]

 ### Operon type: 78

	 A0A009Z3V9	[712, 0, 0, 0, 0, 148, 367, 147, 146]

 ### Operon type: 79

	 A0A009T0Q9	[0, 0, 0, 0, 152, 297, 151, 712, 150]

 ### Operon type: 80

	 A0A009YJF4	[0, 416, 415, 15, 27, 151, 712, 0, 150]

 ### Operon type: 81

	 A0A009PAV9	[36, -1, 389, 35, 322, 703, 84, 85, 86]
	 A0A009HJC2	[36, 665, 389, 35, 322, 703, 84, 85, 86]

 ### Operon type: 82

	 A0A009SE02	[0, 86, 0, 0, 0, 85, 84, 703, 322]

 ### Operon type: 83

	 A0A011QNA5	[0, 609, 608, 607, 0, 679, 678, 677, 676]
	 A0A009ZLJ7	[676, 677, 678, 679, 0, 0, 609, 608, 607]

 ### Operon type: 84

	 A0A013T0T6	[679, 678, 677, 676, 675, 674, 364, 673, 363]
	 A0A009HAX1	[679, 678, 677, 676, 675, 674, 364, 673, 363]
	 A0A009QMH5	[679, 678, 677, 676, 675, 674, 364, 673, 363]

 ### Operon type: 85

	 A0A010ILW6	[679, 678, 677, 676, 675, 674, 0, 0, 673]

 ### Operon type: 86

	 A0A009Z9X7	[678, 677, 676, 0, 675, 0, 579, 0, 673]

 ### Operon type: 87

	 A0A009PE10	[0, 0, 0, 676, 675, 83, 364, 673, -1]

 ### Operon type: 88

	 A0A009SYU8	[650, 653, 649, 648, 245, 712, 712, 646, 645]
	 A0A009RSB7	[650, 653, 649, 648, 245, 712, 712, 646, 645]
	 A0A009HS41	[650, 653, 649, 648, 245, 712, 712, 646, 645]

 ### Operon type: 89

	 A0A010IT25	[650, 653, 649, 648, 647, 712, 712, 646, 645]
	 A0A013SHA9	[650, 653, 649, 648, 647, 712, 712, 646, 645]
	 A0A009I466	[650, 653, 649, 648, 647, 712, 712, 646, 645]

 ### Operon type: 90

	 A0A009NMQ9	[650, 653, 649, 648, 647, 0, 712, 712, 646]

 ### Operon type: 91

	 A0A009P8A9	[0, 0, 649, 648, 245, 712, 712, 646, 645]

 ### Operon type: 92

	 A0A011PGU1	[0, 0, 490, 602, 601, 600, 489, 488, 487]
	 A0A011MDH1	[437, 0, 490, 602, 601, 600, 489, 488, 487]

 ### Operon type: 93

	 A0A011V0P4	[375, 269, 0, 0, 268, 0, 0, 267, 266]

 ### Operon type: 94

	 A0A011WPV7	[267, 266, 0, 0, 0, 0, 0, 0, 0]

 ### Operon type: 95

	 A0A011RNP9	[0, 0, 0, 0, 0, 552, 551, 0, 0]

 ### Operon type: 96

	 A0A011V0B5	[547, 0, 0, 0, 0, 0, 552, 0, 0]

 ### Operon type: 97

	 A0A011RQC9	[0, 547, 546, 0, 0, 0, 0, 545, 0]

 ### Operon type: 98

	 A0A011QG28	[604, 603, 602, 0, 601, 600, 599, 598, 597]
	 A0A011RIM8	[604, 603, 0, 0, 601, 600, 599, 598, 597]

 ### Operon type: 99

	 A0A011PHI6	[398, 0, 630, 0, 0, 629, 619, 426, 0]

 ### Operon type: 100

	 A0A011QI68	[0, 0, 630, 629, 0, 0, 0, 0, 0]

 ### Operon type: 101

	 A0A011P700	[0, 0, 585, 584, 0, 0, 0, 0, 0]

 ### Operon type: 102

	 A0A011QSI4	[0, 0, 585, 584, 583, 0, 0, 0, 0]

 ### Operon type: 103

	 A0A011NVJ6	[421, 443, 442, 441, 440, 660, 0, 0, 420]

 ### Operon type: 104

	 A0A011PVP2	[0, 443, 442, 441, 440, 660, 0, 0, 482]

 ### Operon type: 105

	 A0A011NXY7	[0, 0, 442, 0, 440, 0, 0, 0, 0]

 ### Operon type: 106

	 A0A011QR69	[577, 576, 663, 575, 574, 573, 0, 0, 0]
	 A0A011NUB4	[577, 576, 663, 575, 574, 573, 0, 425, 0]

 ### Operon type: 107

	 A0A011NN36	[576, 663, 0, 0, 574, 573, 0, 0, 0]

 ### Operon type: 108

	 A0A011PK69	[663, 373, 0, 0, 574, 573, 0, 0, 0]

 ### Operon type: 109

	 A0A011RMI6	[559, 611, 610, 558, 557, 556, 555, 554, 553]
	 A0A011NYD6	[559, 611, 610, 558, 557, 556, 555, 554, 553]

 ### Operon type: 110

	 A0A011QB28	[444, 559, 611, 0, 0, 556, 555, 554, 553]

 ### Operon type: 111

	 A0A011NF33	[0, 556, 555, 0, 0, 0, 0, 0, 0]

 ### Operon type: 112

	 A0A011NBY4	[386, 0, 0, 520, 0, 0, 385, 0, 0]

 ### Operon type: 113

	 A0A011WRT0	[386, 0, 0, 0, 0, 0, 0, 539, 0]

 ### Operon type: 114

	 A0A011SHV5	[0, 0, 0, 0, 0, 537, 539, 695, 0]

 ### Operon type: 115

	 A0A011NB95	[0, 581, 0, 0, 0, 0, 389, 388, 387]

 ### Operon type: 116

	 A0A011UHT4	[72, 116, 388, 0, 0, 48, 48, 387, 0]

 ### Operon type: 117

	 A0A010Z1W7	[0, 0, 0, 0, 0, 17, 0, 124, 125]

 ### Operon type: 118

	 A0A011VY84	[0, 0, 125, 124, 0, 0, 0, 0, 0]

 ### Operon type: 119

	 A0A010YW85	[0, 0, 0, 0, 0, 279, 0, 124, 125]

 ### Operon type: 120

	 A0A010ZMA0	[124, 393, 0, 0, 0, 0, 0, 0, 0]

 ### Operon type: 121

	 A0A011N5L2	[0, 0, 0, 393, 0, 392, 696, 0, 0]

 ### Operon type: 122

	 A0A010SQJ5	[308, 223, 0, 403, 402, 401, 0, 0, 0]

 ### Operon type: 123

	 A0A010STD3	[0, 0, 0, 403, 402, 401, 0, 646, 314]

 ### Operon type: 124

	 A0A011TD67	[404, 0, 0, 403, 402, 401, 400, 0, 399]

 ### Operon type: 125

	 A0A009ZC12	[0, 0, 0, 403, 0, 401, 400, 140, 594]

 ### Operon type: 126

	 A0A010RFQ9	[0, 0, 716, 0, 715, 0, 0, 0, 0]

 ### Operon type: 127

	 A0A010SPR9	[14, 14, 0, 0, 0, 715, 0, 0, 0]

 ### Operon type: 128

	 A0A013S288	[0, 0, 0, 312, 322, 311, 310, 0, 309]
	 A0A010J3I1	[0, 0, 0, 312, 322, 311, 310, 0, 309]

 ### Operon type: 129

	 A0A009PWG1	[413, 197, 196, 312, 322, 311, 310, 195, 309]
	 A0A013SXT2	[413, 197, 196, 312, 322, 311, 310, 195, 309]

 ### Operon type: 130

	 A0A009ZJK4	[0, 0, 0, 0, 0, 0, 653, 23, 0]

 ### Operon type: 131

	 A0A010SVN1	[-1, 23, 712, 218, 411, 0, 0, 653, 0]

 ### Operon type: 132

	 A0A009IMX3	[659, 0, 657, 0, 655, 133, 133, 539, 132]
	 A0A009SF48	[659, 0, 657, 0, 655, -1, 133, 539, 132]

 ### Operon type: 133

	 A0A009QEX0	[659, 658, 657, 656, 655, 133, 133, 539, 132]

 ### Operon type: 134

	 A0A010ISX2	[659, 658, 657, 656, 655, 654, 653, 652, 651]
	 A0A013S7V1	[659, 658, 657, 656, 655, 654, 653, 652, 651]
	 A0A009MR00	[659, 658, 657, 656, 655, 654, 653, 652, 651]
	 A0A009RES7	[659, 658, 657, 656, 655, 654, 653, 652, 651]

 ### Operon type: 135

	 A0A009GYP9	[0, 0, 0, 656, 655, 654, 653, 652, 651]

 ### Operon type: 136

	 A0A009YTT3	[0, 0, 0, 0, 0, 0, 653, 652, 651]

 ### Operon type: 137

	 A0A009PFK7	[251, 250, 249, 248, 247, 0, 0, 246, 0]
	 A0A009QGN4	[251, 250, 249, 248, 247, 246, 0, 0, 0]

 ### Operon type: 138

	 A0A009YR20	[0, 246, 0, 0, 0, 0, 250, 0, 0]

 ### Operon type: 139

	 A0A013SB36	[303, 302, 301, 300, 299, 0, 415, 298, 297]
	 A0A009QSI3	[303, 302, 301, 300, 299, 0, 415, 298, -1]

 ### Operon type: 140

	 A0A010ITP2	[303, 302, 301, 300, 299, 0, 415, 0, 0]

 ### Operon type: 141

	 A0A009SII9	[-1, 302, 301, 300, 0, 0, 0, 0, 152]

 ### Operon type: 142

	 A0A009HZV2	[0, 0, 0, 0, 194, 193, 206, 0, 0]

 ### Operon type: 143

	 A0A009QPE7	[0, 0, 0, 0, 194, 193, 0, 0, 0]

 ### Operon type: 144

	 A0A009GXL8	[30, 29, 28, 0, 27, 55, 200, 199, 198]

 ### Operon type: 145

	 A0A010JIW7	[30, 29, 28, 0, 27, 0, 0, 200, 199]

 ### Operon type: 146

	 A0A009MGR3	[0, 0, 111, 0, 361, 161, 71, 110, 109]

 ### Operon type: 147

	 A0A009Q4G0	[0, 112, 111, 0, 361, 0, 110, 109, 110]

 ### Operon type: 148

	 A0A009PUJ8	[0, 202, 0, 0, 0, 201, 200, 199, 198]

 ### Operon type: 149

	 A0A009QJA8	[199, 198, 0, 0, 0, 0, 0, 0, 0]

 ### Operon type: 150

	 A0A009PB53	[0, 0, 202, 0, 0, 110, 109, 110, 201]

 ### Operon type: 151

	 A0A013SNJ8	[653, 0, 0, 324, 323, 322, 331, 0, 0]
	 A0A013RZW2	[653, 313, 0, 324, 323, 322, 331, 0, 0]
	 A0A009RD69	[653, 313, 0, 324, 323, 322, 331, 184, 0]
	 A0A009SIZ4	[653, 313, 0, 324, 323, 0, 331, 184, 0]
	 A0A010J9U3	[653, 0, 0, 324, 323, 322, 331, 0, 0]

 ### Operon type: 152

	 A0A009PH20	[0, 0, 680, 324, 323, 322, 331, 0, 0]
	 A0A009IV03	[0, 0, 680, 324, 323, 0, 331, 0, 0]

 ### Operon type: 153

	 A0A009YIZ0	[653, 313, 680, 324, 323, 322, 331, 184, 138]

 ### Operon type: 154

	 A0A009QA91	[165, 164, 650, 712, 292, 292, 192, 339, 218]
	 A0A010J377	[165, 164, 650, 712, 292, 292, 192, 339, 218]

 ### Operon type: 155

	 A0A009MVG4	[219, 0, 293, 712, 292, 292, 0, 339, 218]
	 A0A009QQC0	[0, 0, 219, 712, 292, 292, 0, 339, 218]

 ### Operon type: 156

	 A0A009H7I0	[0, 0, 0, 712, 292, 292, 192, 339, 218]

 ### Operon type: 157

	 A0A009S1X4	[165, 164, 650, 712, 292, 292, 712, 0, 163]

 ### Operon type: 158

	 A0A013SHF4	[0, 0, 293, 712, 292, 292, 0, 291, 0]

 ### Operon type: 159

	 A0A009H7U0	[672, 599, 0, 671, 670, 669, 668, 0, 0]

 ### Operon type: 160

	 A0A010IMP8	[672, 0, 0, 671, 670, 669, 668, 0, 667]

 ### Operon type: 161

	 A0A013SZ54	[672, 0, 384, 671, 670, 0, 0, 0, 0]

 ### Operon type: 162

	 A0A009ZM43	[-1, 599, 384, 671, 670, 669, 668, 113, 667]

 ### Operon type: 163

	 A0A009YSC7	[0, 0, 385, 9, 0, 9, 316, 315, 0]

 ### Operon type: 164

	 A0A013RVV2	[639, 0, 316, 315, 0, 0, 0, 314, 0]

 ### Operon type: 165

	 A0A011Q5S3	[614, 463, 0, 0, 0, 0, 462, 461, 460]

 ### Operon type: 166

	 A0A011UZZ4	[0, 462, 461, 0, 0, 0, 270, 270, 460]

 ### Operon type: 167

	 A0A010YKP2	[0, 0, 0, 0, 0, 0, 420, 265, 0]

 ### Operon type: 168

	 A0A011V1A2	[269, 0, 0, 265, 0, 0, 0, 0, 0]

 ### Operon type: 169

	 A0A011Q2B1	[0, 0, 0, 0, 0, 564, 563, 562, 561]

 ### Operon type: 170

	 A0A011RLN8	[0, 0, 0, 566, 565, 564, 563, 562, 561]

 ### Operon type: 171

	 A0A011NGS0	[0, 0, 0, 0, 569, 568, 0, 0, 0]

 ### Operon type: 172

	 A0A011PW61	[0, 0, 0, 0, 569, 568, 0, 0, 567]

 ### Operon type: 173

	 A0A011UXI1	[0, 371, 0, 0, 569, 568, 397, 0, 0]

 ### Operon type: 174

	 A0A011SWI9	[-1, -1, 0, 398, 569, 568, 397, -1, -1]

 ### Operon type: 175

	 A0A011P952	[568, 0, 507, 0, 0, 507, 0, 0, 0]

 ### Operon type: 176

	 A0A011NSG8	[0, 0, 0, 426, 436, 435, 0, 436, 0]

 ### Operon type: 177

	 A0A011P0X4	[0, 0, 437, 0, 436, 0, 0, 435, 434]

 ### Operon type: 178

	 A0A009MJ75	[0, 0, 227, 226, 225, 0, 0, 0, 704]

 ### Operon type: 179

	 A0A010IH51	[0, 528, 0, 0, 225, 0, 704, 0, 0]

 ### Operon type: 180

	 A0A010YNY9	[0, 0, 18, 8, 0, 0, 0, 0, 275]

 ### Operon type: 181

	 A0A011AC71	[163, 0, 0, 414, 0, 18, 8, 0, 650]

 ### Operon type: 182

	 A0A011QLX0	[0, 613, 0, 0, 612, 0, 611, 610, 0]
	 A0A011PRW6	[613, 0, 0, 0, 612, 611, 610, 0, 0]

 ### Operon type: 183

	 A0A010SML6	[0, 611, 610, -1, 0, 515, 0, 0, 0]

 ### Operon type: 184

	 A0A009P817	[231, 0, 0, 0, 230, 0, 281, 229, 228]

 ### Operon type: 185

	 A0A009TIY0	[0, 0, 0, 0, 230, 0, 281, 229, 0]

 ### Operon type: 186

	 A0A009QKA3	[281, 229, 0, 228, 0, 0, 0, 0, 251]

 ### Operon type: 187

	 A0A009S854	[-1, 0, 0, 157, 318, 0, 0, 0, 317]

 ### Operon type: 188

	 A0A013RMD0	[-1, 0, 708, 0, 318, 716, 0, 0, 317]

 ### Operon type: 189

	 A0A009R016	[0, 115, 0, 0, 114, -1, 703, 0, 0]
	 A0A009HFU9	[0, 115, 0, 0, 114, 703, 0, 0, 0]

 ### Operon type: 190

	 A0A009HSR2	[0, 92, 91, 0, 90, 214, 215, 206, 216]

 ### Operon type: 191

	 A0A009SWM1	[0, 92, 91, 0, 90, 0, 0, 215, 0]

 ### Operon type: 192

	 A0A009MYX0	[217, 216, 0, 526, 0, 0, 215, 214, 213]

 ### Operon type: 193

	 A0A009QK79	[0, 0, 213, 214, 0, 215, 0, 0, 216]

 ### Operon type: 194

	 A0A009GXJ1	[264, 263, 214, 215, 31, 206, 216, 217, 0]

 ### Operon type: 195

	 A0A010IT95	[0, 0, 0, 703, 644, 643, 642, 641, 640]
	 A0A013TKW8	[0, 605, 0, 703, 644, 643, 642, 641, 640]
	 A0A009PRQ9	[0, 703, 234, 0, 644, 643, 642, 641, 640]
	 A0A009I5G9	[0, 0, 703, 234, 644, 643, 642, 641, 640]
	 A0A009S0T6	[0, 0, 703, 234, 644, 643, 642, 641, 640]
	 A0A009QT77	[0, 0, -1, 703, 644, 643, 642, 641, 640]
	 A0A009MH36	[0, 0, 0, 703, 644, 643, 642, 641, 640]
	 A0A009GWD0	[206, 0, 0, 703, 644, 643, 642, 641, 640]

 ### Operon type: 196

	 A0A013TMJ7	[665, -1, 0, 703, 644, 641, 640, 0, 0]

 ### Operon type: 197

	 A0A009HJJ5	[338, 701, 700, 0, 699, 698, 0, 697, 70]
	 A0A009I8I7	[338, 701, 700, 87, 699, 698, 0, 697, 70]

 ### Operon type: 198

	 A0A010JJN4	[0, 701, 700, 0, 699, 698, 0, 697, 696]
	 A0A013TPR7	[338, 701, 700, 0, 699, 698, 0, 697, 696]
	 A0A009PMT3	[338, 701, 700, 0, 699, 698, 236, 697, 696]
	 A0A009RMI1	[0, 701, 700, 0, 699, 698, 0, 697, 0]
	 A0A009YG45	[0, 338, 701, 700, 699, 0, 698, 236, 697]

 ### Operon type: 199

	 A0A009SEP4	[338, 701, 700, 87, 699, 0, 698, 236, 0]

 ### Operon type: 200

	 A0A009NI48	[338, 701, 700, 0, 699, 0, 0, 0, -1]

 ### Operon type: 201

	 A0A011WLE7	[0, 0, 0, 0, 0, 117, 0, 0, 0]
	 A0A011VU44	[0, 0, 0, 0, 0, 117, 0, 0, 0]

 ### Operon type: 202

	 A0A011VAP2	[0, 0, 105, 0, 0, 0, 0, 0, 104]

 ### Operon type: 203

	 A0A011VRJ8	[0, 0, 0, 0, 0, 0, 105, 0, 0]

 ### Operon type: 204

	 A0A011RNU1	[0, 0, 0, 0, 0, 0, 550, 550, 549]

 ### Operon type: 205

	 A0A011VKJ9	[0, 0, 0, 0, 0, 0, 549, 550, -1]

 ### Operon type: 206

	 A0A011WT35	[321, 0, 0, 0, 0, 0, 0, 0, 0]
	 A0A011V490	[0, 321, 0, 0, 0, 0, 0, 0, 0]

 ### Operon type: 207

	 A0A009T185	[576, 0, 662, 662, 664, 663, 662, 661, 660]

 ### Operon type: 208

	 A0A010IN36	[666, 665, 0, 0, 664, 663, 662, 661, 660]

 ### Operon type: 209

	 A0A009PG43	[663, 662, 517, 578, 0, 661, 660, 0, 0]

 ### Operon type: 210

	 A0A011PQZ7	[0, 0, 0, 366, 471, 0, 405, 0, 0]

 ### Operon type: 211

	 A0A011TUX4	[0, 0, 0, 0, 471, 0, 0, 405, 0]

 ### Operon type: 212

	 A0A011STZ9	[0, 0, 0, 405, 0, 0, 0, 0, 0]

 ### Operon type: 213

	 A0A011PUJ9	[0, 0, 0, 0, 0, 0, 0, 0, 483]
	 A0A011PRF5	[483, 0, 0, 0, 0, 0, 0, 0, 0]

 ### Operon type: 214

	 A0A011PFY8	[0, 0, 0, 0, 0, 0, 0, 0, 493]

 ### Operon type: 215

	 A0A011PNS3	[578, 493, 0, 0, 0, 0, 0, 0, 0]

 ### Operon type: 216

	 A0A011T648	[0, 493, 0, 0, 0, 0, 0, 663, 0]

 ### Operon type: 217

	 A0A011U3C2	[0, 0, 599, 0, 0, 0, 0, 0, 0]
	 A0A011AEN3	[0, 0, 0, 0, 0, 0, 599, 0, 0]

 ### Operon type: 218

	 A0A011AAZ2	[0, 518, 0, 0, 0, 599, 599, 599, 0]

 ### Operon type: 219

	 A0A011T698	[0, 0, 0, 0, 0, 650, 599, 0, 0]

 ### Operon type: 220

	 A0A009SNL0	[89, 88, 0, 0, 0, 0, 0, 0, 0]

 ### Operon type: 221

	 A0A009ZZC8	[-1, 88, 89, 0, 0, 0, 0, 0, 0]

 ### Operon type: 222

	 A0A009ZG48	[0, 0, 0, 605, 0, 0, 0, 0, 0]

 ### Operon type: 223

	 A0A011PEJ8	[0, 0, 499, 605, 0, 0, 0, 0, 0]

 ### Operon type: 224

	 A0A011QNJ7	[606, 0, 0, 605, 0, 0, 0, 606, 0]

 ### Operon type: 225

	 A0A011MMJ4	[0, 0, 0, 0, 0, 0, 0, 606, 0]

 ### Operon type: 226

	 A0A011R8M3	[0, 0, 499, 605, 0, 396, 0, 606, 0]

 ### Operon type: 227

	 A0A009TJ77	[0, 16, 0, 0, 0, 0, 0, 0, 0]

 ### Operon type: 228

	 A0A010RTE7	[0, 0, 0, 0, 0, 0, 38, 16, 0]

 ### Operon type: 229

	 A0A013TPQ9	[344, 343, 342, 341, 340, 712, 665, 339, 392]
	 A0A013S8F0	[344, 343, 342, 341, 340, 712, 665, 339, 392]
	 A0A009PMU2	[344, 343, 342, -1, 340, 712, 665, 339, 392]
	 A0A009SZ84	[344, 343, 342, 341, 340, 712, 665, 339, 392]

 ### Operon type: 230

	 A0A009IG48	[0, 0, 0, 135, 134, 0, 0, 0, 515]

 ### Operon type: 231

	 A0A009IMQ0	[0, 0, 0, 135, 134, 0, 0, 0, 0]

 ### Operon type: 232

	 A0A009SWV1	[0, 0, 0, 0, 0, 0, 0, 135, 0]

 ### Operon type: 233

	 A0A011TAW2	[0, 0, 0, 0, 0, 0, 413, 0, 0]
	 A0A009SFX8	[413, 0, 0, 0, 0, 0, 0, 0, 0]

 ### Operon type: 234

	 A0A011TZN1	[0, 0, 0, 0, 254, 0, 0, 0, 0]
	 A0A009RHH9	[0, 0, 0, 0, 254, 0, 0, 0, 0]

 ### Operon type: 235

	 A0A009PMZ9	[235, 0, 0, 0, 0, 0, 0, 0, 0]
	 A0A009Q512	[0, 0, 0, 0, 235, 0, 0, 0, 0]

 ### Operon type: 236

	 A0A009IFL2	[0, 139, 0, 64, -1, 0, 0, 0]

 ### Operon type: 237

	 A0A009ZDS1	[-1, -1, 0, 139, 0, 0, 694, 0, 0]

 ### Operon type: 238

	 A0A009NPS1	[0, 343, 342, 341, 340, -1, 0, 0, 0]
	 A0A009HJM0	[0, 343, 342, 341, 340, 712, 0, 0, 0]
	 A0A010IZH1	[-1, 343, 342, 341, 340, 712, 0, 0, 0]

 ### Operon type: 239

	 A0A009HUS9	[343, 342, 0, 0, 0, 0, -1, 0, 0]

 ### Operon type: 240

	 A0A009HM15	[0, 179, 212, 0, 0, 0, -1, 0, 0]

 ### Operon type: 241

	 A0A009RQL5	[0, 0, 0, 0, 0, 0, 179, 212, 0]

 ### Operon type: 242

	 A0A009IJ01	[0, 0, 0, 0, 0, 0, 179, 212, 211]

 ### Operon type: 243

	 A0A009NCH6	[0, 0, 0, 0, 0, 0, 0, 212, 211]

 ### Operon type: 244

	 A0A011UB51	[519, 0, 0, 0, 0, 0, 0, 0, 0]
	 A0A011UFH1	[0, 0, 0, 0, 0, 519, 0, 0, 0]

 ### Operon type: 245

	 A0A011V965	[0, -1, -1, 0, 106, 0, -1, -1, 0]
	 A0A011VHP2	[0, -1, -1, -1, 106, 0, 0, 0, 0]

 ### Operon type: 246

	 A0A010RVD0	[-1, 0, 0, -1, 0, 586, 586, 0, 20]

 ### Operon type: 247

	 A0A010T7Q5	[0, 20, 0, 0, 0, 0, -1, 0, 0]

 ### Operon type: 248

	 A0A010SNM6	[0, 0, -1, 0, 0, 0, 665, 0, 0]
	 A0A010SRR2	[0, 0, -1, 0, 0, 0, 0, 0, 665]

 ### Operon type: 249

	 A0A010SJH7	[0, 0, 665, -1, 0, 0, 192, 0, 0]

 ### Operon type: 250

	 A0A010RKP8	[0, 0, 0, 0, 0, 0, -1, 0, 0]
	 A0A011UZ32	[0, 0, 0, 0, 0, -1, 0, 0, 0]
	 A0A011UZ49	[0, -1, 0, 0, 0, 0, 0, 0, 0]
	 A0A011V107	[0, -1, 0, 0, 0, 0, 0, 0, 0]
	 A0A009PH57	[0, 0, -1, 0, 0, 0, 0, 0, 0]
	 A0A009N9Z1	[-1, 0, 0, 0, 0, 0, 0, 0, 0]
	 A0A009H6M2	[-1, 0, 0, 0, 0, 0, 0, 0, 0]
	 A0A009QDV7	[-1, 0, 0, 0, 0, 0, 0, 0, 0]
	 A0A009HJU6	[0, 0, 0, 0, 0, 0, 0, 0, -1]
	 A0A009IHQ3	[-1, 0, 0, 0, 0, 0, 0, 0, 0]
	 A0A009RG92	[-1, 0, 0, 0, 0, 0, 0, 0, 0]
	 A0A011U7M7	[0, 0, -1, 0, 0, 0, 0, 0, 0]
	 A0A010TF14	[-1, 0, 0, 0, 0, 0, 0, 0, 0]
	 A0A010RY47	[-1, 0, -1, 0, 0, 0, 0, 0, 0]
	 A0A010JDA6	[-1, 0, 0, 0, 0, 0, 0, 0, 0]
	 A0A009TG92	[0, 0, -1, 0, 0, 0, 0, 0, 0]

 ### Operon type: 251

	 A0A010SJF9	[0, 0, 0, 0, 0, -1, 0, 50, -1]

 ### Operon type: 252

	 A0A010T5D8	[0, 0, 0, -1, 0, -1, 331, 0, 0]

 ### Operon type: 253

	 A0A011ML54	[0, 0, 0, 119, 0, 0, 0, 0, -1]

 ### Operon type: 254

	 A0A011NHY1	[0, 0, 0, 0, 0, 665, 0, 0, 0]

 ### Operon type: 255

	 A0A010Z171	[0, 0, 0, 0, 0, 0, 665, 0, 526]

 ### Operon type: 256

	 A0A010ZX98	[0, 0, 0, 0, 0, 7, 665, 665, 0]

 ### Operon type: 257

	 A0A010YRE8	[0, 0, 0, 0, 0, 0, 0, 7, 0]

 ### Operon type: 258

	 A0A011AF05	[0, 0, 163, 7, 0, 0, 0, 0, 0]

 ### Operon type: 259

	 A0A011SQL0	[530, 0, -1, 0, 0, 0, 0, 0, 0]

 ### Operon type: 260

	 A0A009ZC82	[0, 0, 530, 0, 0, 0, 0, 0, 0]

 ### Operon type: 261

	 A0A011P3F6	[515, 0, 0, 530, 0, 0, 0, 0, 0]

 ### Operon type: 262

	 A0A011T697	[665, 0, 0, 0, 0, 0, 0, 0, 281]

 ### Operon type: 263

	 A0A011TDD1	[0, 412, 665, 0, 0, 0, 0, 0, 0]

 ### Operon type: 264

	 A0A011VW24	[0, 0, 580, 0, 0, 0, 0, 0, -1]

 ### Operon type: 265

	 A0A011T8V3	[0, 0, 580, 0, 0, 0, 0, 0, 0]

 ### Operon type: 266

	 A0A010TH98	[567, 0, 0, 580, 0, 0, 0, 0, 0]

 ### Operon type: 267

	 A0A011QVR3	[0, 0, 0, 0, 0, 0, 0, 581, 580]

 ### Operon type: 268

	 A0A011RM25	[0, 0, 0, 0, 0, 580, 0, 560, 0]

 ### Operon type: 269

	 A0A011VXC2	[-1, 374, 0, 0, 0, 0, 0, 0, 0]

 ### Operon type: 270

	 A0A011VYF1	[580, 0, 0, 0, 0, 0, 519, 0, 0]

 ### Operon type: 271

	 A0A010S415	[-1, 580, 0, 218, 0, 0, 0, 0, 683]

 ### Operon type: 272

	 A0A010IPH1	[0, 0, 0, 0, 0, 0, 0, 0, 0]
	 A0A011QMJ8	[0, 0, 0, 0, 0, 0, 0, 0, 0]
	 A0A011QSN2	[0, 0, 0, 0, 0, 0, 0, 0, 0]
	 A0A011SGD5	[0, 0, 0, 0, 0, 0, 0, 0, 0]
	 A0A011P4U7	[0, 0, 0, 0, 0, 0, 0, 0, 0]
	 A0A011P9Z5	[0, 0, 0, 0, 0, 0, 0, 0, 0]
	 A0A011PBM9	[0, 0, 0, 0, 0, 0, 0, 0, 0]
	 A0A011Q056	[0, 0, 0, 0, 0, 0, 0, 0, 0]
	 A0A011Q1B3	[0, 0, 0, 0, 0, 0, 0, 0, 0]
	 A0A011NMI8	[0, 0, 0, 0, 0, 0, 0, 0, 0]
	 A0A011NTU3	[0, 0, 0, 0, 0, 0, 0, 0, 0]
	 A0A011QVV5	[0, 0, 0, 0, 0, 0, 0, 0, 0]
	 A0A011TAF9	[0, 0, 0, 0, 0, 0, 0, 0, 0]
	 A0A011TLH0	[0, 0, 0, 0, 0, 0, 0, 0, 0]
	 A0A011TWN2	[0, 0, 0, 0, 0, 0, 0, 0, 0]
	 A0A011N2Z0	[0, 0, 0, 0, 0, 0, 0, 0, 0]
	 A0A011N3C3	[0, 0, 0, 0, 0, 0, 0, 0, 0]
	 A0A011N4G4	[0, 0, 0, 0, 0, 0, 0, 0, 0]
	 A0A011NAJ1	[0, 0, 0, 0, 0, 0, 0, 0, 0]
	 A0A011NAY5	[0, 0, 0, 0, 0, 0, 0, 0, 0]
	 A0A011NDM5	[0, 0, 0, 0, 0, 0, 0, 0, 0]
	 A0A011PKU5	[0, 0, 0, 0, 0, 0, 0, 0, 0]
	 A0A011PJK8	[0, 0, 0, 0, 0, 0, 0, 0, 0]
	 A0A011PNN2	[0, 0, 0, 0, 0, 0, 0, 0, 0]
	 A0A013T8M5	[0, 0, 0, 0, 0, 0, 0, 0, 0]
	 A0A013TEV4	[0, 0, 0, 0, 0, 0, 0, 0, 0]
	 A0A013TPV4	[0, 0, 0, 0, 0, 0, 0, 0, 0]
	 A0A013SL47	[0, 0, 0, 0, 0, 0, 0, 0, 0]
	 A0A011WUT3	[0, 0, 0, 0, 0, 0, 0, 0, 0]
	 A0A013S2B9	[0, 0, 0, 0, 0, 0, 0, 0, 0]
	 A0A013SBR8	[0, 0, 0, 0, 0, 0, 0, 0, 0]
	 A0A011UTJ0	[0, 0, 0, 0, 0, 0, 0, 0, 0]
	 A0A011UWH1	[0, 0, 0, 0, 0, 0, 0, 0, 0]
	 A0A011UHL2	[0, 0, 0, 0, 0, 0, 0, 0, 0]
	 A0A009PG53	[0, 0, 0, 0, 0, 0, 0, 0, 0]
	 A0A009PT82	[0, 0, 0, 0, 0, 0, 0, 0, 0]
	 A0A009NQA1	[0, 0, 0, 0, 0, 0, 0, 0, 0]
	 A0A009MMM3	[0, 0, 0, 0, 0, 0, 0, 0, 0]
	 A0A009N031	[0, 0, 0, 0, 0, 0, 0, 0, 0]
	 A0A009N123	[0, 0, 0, 0, 0, 0, 0, 0, 0]
	 A0A009MH90	[0, 0, 0, 0, 0, 0, 0, 0, 0]
	 A0A009Q3K7	[0, 0, 0, 0, 0, 0, 0, 0, 0]
	 A0A009QQ47	[0, 0, 0, 0, 0, 0, 0, 0, 0]
	 A0A009IRJ6	[0, 0, 0, 0, 0, 0, 0, 0, 0]
	 A0A009ISY0	[0, 0, 0, 0, 0, 0, 0, 0, 0]
	 A0A009M4K0	[0, 0, 0, 0, 0, 0, 0, 0, 0]
	 A0A009MGJ1	[0, 0, 0, 0, 0, 0, 0, 0, 0]
	 A0A009MGQ8	[0, 0, 0, 0, 0, 0, 0, 0, 0]
	 A0A009I463	[0, 0, 0, 0, 0, 0, 0, 0, 0]
	 A0A009T1I8	[0, 0, 0, 0, 0, 0, 0, 0, 0]
	 A0A009HBT3	[0, 0, 0, 0, 0, 0, 0, 0, 0]
	 A0A009I0I9	[0, 0, 0, 0, 0, 0, 0, 0, 0]
	 A0A011VYF6	[0, 0, 0, 0, 0, 0, 0, 0, 0]
	 A0A011VWR4	[0, 0, 0, 0, 0, 0, 0, 0, 0]
	 A0A011WKI4	[0, 0, 0, 0, 0, 0, 0, 0, 0]
	 A0A011VZG0	[0, 0, 0, 0, 0, 0, 0, 0, 0]
	 A0A011VW71	[0, 0, 0, 0, 0, 0, 0, 0, 0]
	 A0A011V8Y9	[0, 0, 0, 0, 0, 0, 0, 0, 0]
	 A0A009R2X0	[0, 0, 0, 0, 0, 0, 0, 0, 0]
	 A0A009R4N4	[0, 0, 0, 0, 0, 0, 0, 0, 0]
	 A0A009RBQ2	[0, 0, 0, 0, 0, 0, 0, 0, 0]
	 A0A009QVK8	[0, 0, 0, 0, 0, 0, 0, 0, 0]
	 A0A011VMV7	[0, 0, 0, 0, 0, 0, 0, 0, 0]
	 A0A011VNE2	[0, 0, 0, 0, 0, 0, 0, 0, 0]
	 A0A011VSC9	[0, 0, 0, 0, 0, 0, 0, 0, 0]
	 A0A011VUV0	[0, 0, 0, 0, 0, 0, 0, 0, 0]
	 A0A011WSE5	[0, 0, 0, 0, 0, 0, 0, 0, 0]
	 A0A009SWU0	[0, 0, 0, 0, 0, 0, 0, 0, 0]
	 A0A009SCM5	[0, 0, 0, 0, 0, 0, 0, 0, 0]
	 A0A009RHH7	[0, 0, 0, 0, 0, 0, 0, 0, 0]
	 A0A009RMD0	[0, 0, 0, 0, 0, 0, 0, 0, 0]
	 A0A009RR21	[0, 0, 0, 0, 0, 0, 0, 0, 0]
	 A0A009HL81	[0, 0, 0, 0, 0, 0, 0, 0, 0]
	 A0A011UBN9	[0, 0, 0, 0, 0, 0, 0, 0, 0]
	 A0A011UFM5	[0, 0, 0, 0, 0, 0, 0, 0, 0]
	 A0A011UG71	[0, 0, 0, 0, 0, 0, 0, 0, 0]
	 A0A011UGX8	[0, 0, 0, 0, 0, 0, 0, 0, 0]
	 A0A009PAG1	[0, 0, 0, 0, 0, 0, 0, 0, 0]
	 A0A009PDV4	[0, 0, 0, 0, 0, 0, 0, 0, 0]
	 A0A009HTN9	[0, 0, 0, 0, 0, 0, 0, 0, 0]
	 A0A009HIL8	[0, 0, 0, 0, 0, 0, 0, 0, 0]
	 A0A010SHY1	[0, 0, 0, 0, 0, 0, 0, 0, 0]
	 A0A009SHB3	[0, 0, 0, 0, 0, 0, 0, 0, 0]
	 A0A009SIF9	[0, 0, 0, 0, 0, 0, 0, 0, 0]
	 A0A010T025	[0, 0, 0, 0, 0, 0, 0, 0, 0]
	 A0A010IZE4	[0, 0, 0, 0, 0, 0, 0, 0, 0]
	 A0A010SPJ7	[0, 0, 0, 0, 0, 0, 0, 0, 0]
	 A0A010SSQ8	[0, 0, 0, 0, 0, 0, 0, 0, 0]
	 A0A009T3J5	[0, 0, 0, 0, 0, 0, 0, 0, 0]
	 A0A010YJA7	[0, 0, 0, 0, 0, 0, 0, 0, 0]
	 A0A010YZS8	[0, 0, 0, 0, 0, 0, 0, 0, 0]
	 A0A010Z120	[0, 0, 0, 0, 0, 0, 0, 0, 0]
	 A0A010ZTI3	[0, 0, 0, 0, 0, 0, 0, 0, 0]
	 A0A011A146	[0, 0, 0, 0, 0, 0, 0, 0, 0]
	 A0A011AIL7	[0, 0, 0, 0, 0, 0, 0, 0, 0]
	 A0A010ZJQ6	[0, 0, 0, 0, 0, 0, 0, 0, 0]

 ### Operon type: 273

	 A0A010TG27	[368, 0, 47, 0, 0, 0, 712, 0, 0]

 ### Operon type: 274

	 A0A011PMK1	[0, 0, 0, 0, 0, 0, 0, 368, 0]

 ### Operon type: 275

	 A0A009HRU1	[0, 214, 0, 0, 0, 0, 0, 0, 0]

 ### Operon type: 276

	 A0A009HSN8	[0, 112, 0, 0, 0, -1, 0, 201, -1]

 ### Operon type: 277

	 A0A009HV82	[200, 0, 0, 0, 0, 0, 0, 0, 0]

 ### Operon type: 278

	 A0A009IG74	[0, 0, 226, 0, 322, -1, 0, 0, 0]

 ### Operon type: 279

	 A0A009IJ90	[0, 178, 0, 0, 0, 0, 0, 0, 0]

 ### Operon type: 280

	 A0A009ISE1	[698, 0, 697, 0, 0, -1, 0, 0, 0]

 ### Operon type: 281

	 A0A009NM94	[0, 541, 541, 0, 0, 0, 412, 0, 0]

 ### Operon type: 282

	 A0A009Q4N5	[0, 0, 231, 0, 0, 0, 0, 0, 0]

 ### Operon type: 283

	 A0A009SSZ9	[0, 172, 0, 0, 0, 0, 0, 0, 0]

 ### Operon type: 284

	 A0A009TBM2	[0, 0, 0, 0, 0, 0, 0, 0, 309]

 ### Operon type: 285

	 A0A009Q8S9	[0, 0, 515, 309, 0, 521, 0, 0, 0]

 ### Operon type: 286

	 A0A009YIH1	[0, 0, 0, 0, 180, 0, -1, -1, 10]

 ### Operon type: 287

	 A0A009YR05	[0, 0, 0, 0, 101, 0, 0, 0, 0]

 ### Operon type: 288

	 A0A009Z004	[149, 0, 149, 0, 0, 526, 0, 0, 0]

 ### Operon type: 289

	 A0A010IGH8	[0, 0, 0, 0, 0, 0, 0, 314, 0]

 ### Operon type: 290

	 A0A010JIN9	[692, 0, 0, 16, 136, 0, 0, 0, 0]

 ### Operon type: 291

	 A0A010RS09	[0, 0, 0, 0, 38, 0, 714, 714, 0]

 ### Operon type: 292

	 A0A010RUQ5	[0, 0, 0, 0, 0, 0, 0, 0, 253]

 ### Operon type: 293

	 A0A010S195	[530, 0, 17, 24, 0, 0, 0, 0, 0]

 ### Operon type: 294

	 A0A010SCZ2	[0, 0, 0, 0, 0, 0, 0, 96, 0]

 ### Operon type: 295

	 A0A010SN41	[0, 0, 0, 0, 94, 0, 0, 0, 0]

 ### Operon type: 296

	 A0A010SSU2	[0, 0, 0, 0, 31, 0, -1, 508, 0]

 ### Operon type: 297

	 A0A010SUP6	[0, 0, 0, 0, 0, 0, 0, 24, 0]

 ### Operon type: 298

	 A0A010SUY9	[0, 0, 0, 0, 0, 396, 499, 0]

 ### Operon type: 299

	 A0A010THK2	[0, 0, -1, 0, 0, 714, 526, 0, 0]

 ### Operon type: 300

	 A0A010SRL4	[47, 0, 0, -1, 0, 0, 0, 526, 126]

 ### Operon type: 301

	 A0A010YF95	[460, 0, 0, 0, 0, 0, 0, 0, 0]

 ### Operon type: 302

	 A0A010YT39	[0, 102, 0, 0, 0, 0, 0, 0, 0]

 ### Operon type: 303

	 A0A010YX61	[295, 599, 0, 580, 0, 0, 0, 0, 0]

 ### Operon type: 304

	 A0A010ZWJ8	[0, 0, 0, 0, 0, 510, 0, 0, 0]

 ### Operon type: 305

	 A0A009ZVR4	[546, 0, 599, 0, 0, 25, 0, 0, 0]

 ### Operon type: 306

	 A0A011AHW1	[0, 0, 0, 0, 0, 0, 0, 2, 0]

 ### Operon type: 307

	 A0A011NE37	[384, 0, 0, 0, 0, 0, 0, 0, 0]

 ### Operon type: 308

	 A0A011NF78	[0, 0, 593, 0, 0, 0, 0, 0, 0]

 ### Operon type: 309

	 A0A011NVE2	[0, 0, 0, 663, 0, 0, 665, 0, 523]

 ### Operon type: 310

	 A0A011NXJ4	[0, 0, 0, 0, 0, 0, 0, 0, 418]

 ### Operon type: 311

	 A0A011P8I1	[0, 0, 597, 599, 0, 0, 0, 0, 510]

 ### Operon type: 312

	 A0A011P9Q7	[649, 0, 0, 0, 0, 0, 0, 0, 0]

 ### Operon type: 313

	 A0A011PCT1	[0, 0, 0, 0, 0, 0, 0, 561, 0]

 ### Operon type: 314

	 A0A011PJ75	[0, 663, 662, 663, 0, 0, 0, 0, 0]

 ### Operon type: 315

	 A0A011PRB4	[0, 0, 0, 0, 0, 0, 0, 365, 0]

 ### Operon type: 316

	 A0A011Q5V7	[459, 0, 0, 0, 0, 0, 0, 0, 0]

 ### Operon type: 317

	 A0A011QU35	[0, 0, 0, 0, 582, 0, 0, 0, 0]

 ### Operon type: 318

	 A0A011QVT2	[579, 0, 0, 0, 0, 0, 0, 578, 0]

 ### Operon type: 319

	 A0A011RP14	[0, 0, 0, 0, 0, 0, 0, 548, 0]

 ### Operon type: 320

	 A0A011SM49	[665, 0, 548, 0, 0, 0, 531, 0, 0]

 ### Operon type: 321

	 A0A011AM27	[405, 0, 0, 0, 699, 0, 0, 0, 21]

 ### Operon type: 322

	 A0A011T607	[0, 0, 482, 0, 0, 0, 0, 0, 412]

 ### Operon type: 323

	 A0A010S5W8	[0, 0, 394, 482, 0, 0, 0, 0, 0]

 ### Operon type: 324

	 A0A011MSR2	[0, 0, 0, 394, 0, 0, 0, 456, 0]

 ### Operon type: 325

	 A0A010YYJ5	[0, 0, 0, 456, 0, 0, 0, 25, 25]

 ### Operon type: 326

	 A0A011TED9	[0, 0, 0, 0, 0, 409, 0, 0, 0]

 ### Operon type: 327

	 A0A011TXS5	[0, 529, 0, 0, 0, 0, 0, 0, 0]

 ### Operon type: 328

	 A0A011U144	[0, 253, 0, 0, 0, 0, 418, 356, 0]

 ### Operon type: 329

	 A0A011U1C8	[650, 0, 0, 0, 0, 0, 0, 0, 252]

 ### Operon type: 330

	 A0A011U483	[0, 0, 0, 0, 0, 513, 0, 0, 0]

 ### Operon type: 331

	 A0A011UDF3	[0, 0, 0, 0, 0, 404, 0, 0, 0]

 ### Operon type: 332

	 A0A011UG86	[0, 426, 0, 0, 0, 50, 0, 0, 0]

 ### Operon type: 333

	 A0A011UGY3	[0, 0, 0, 49, 0, 0, 0, 49, 0]

 ### Operon type: 334

	 A0A011UJN3	[0, 661, 0, 0, 0, 0, 0, 0, 0]

 ### Operon type: 335

	 A0A009INE0	[666, 0, 0, 0, 0, 0, 0, 662, 661]

 ### Operon type: 336

	 A0A011UQB5	[538, 520, 0, 0, 0, 0, 0, 519, 0]

 ### Operon type: 337

	 A0A011UVI5	[0, 0, 0, 0, 0, 275, 663, 663, 0]

 ### Operon type: 338

	 A0A011UWI3	[0, 0, 0, 0, 274, 0, 273, 530, 0]

 ### Operon type: 339

	 A0A011V5E6	[0, 0, 0, 0, 0, 287, 0, 0, 0]

 ### Operon type: 340

	 A0A011M4H6	[104, 0, 709, 0, 0, 0, 0, 0, 0]

 ### Operon type: 341

	 A0A011VSV3	[0, 0, 0, 0, 0, 0, 602, 0, 0]

 ### Operon type: 342

	 A0A011VWI0	[0, 0, 0, 0, 0, 116, 0, 0, 0]

 ### Operon type: 343

	 A0A011VZ91	[122, 0, 0, 0, 0, 0, 0, 0, 0]

 ### Operon type: 344

	 A0A011W213	[0, 0, 0, 0, 0, 425, 0, 0, 0]

 ### Operon type: 345

	 A0A011WP76	[0, 0, 0, 0, 0, 0, 0, 0, 616]

 ### Operon type: 346

	 A0A011WSD4	[0, 0, 0, -1, 0, 456, 0, 0, 321]

 ### Operon type: 347

	 A0A011VZF5	[0, 0, 283, 284, 0, 456, 321, 456, 0]

 ### Operon type: 348

	 A0A011WSU6	[0, 456, 0, 0, 285, 0, 0, 0, 0]

 ### Operon type: 349

	 A0A013S843	[0, 339, 0, 0, 0, 0, -1, 308, 0]

 ### Operon type: 350

	 A0A013S981	[304, 0, 0, 0, 0, 0, 0, 0, 0]

 ### Operon type: 351

	 A0A013T337	[0, 0, 0, 0, 0, 0, 0, 0, 362]

 ### Operon type: 352

	 A0A013T5E6	[0, 0, 0, 361, 0, 0, 0, 0, 0]

 ### Operon type: 353

	 A0A013SGL3	[337, 296, 295, 294, 336, 485, 335, 650, 334]
	 A0A009NE81	[337, 296, 295, 294, 336, 485, 335, 650, 334]
	 A0A009I5Z6	[337, 0, 295, 294, 336, 485, 335, 650, 334]
	 A0A009RQH3	[337, 0, 0, 294, 336, 485, 335, 650, 334]
	 A0A010KAV2	[337, 0, 0, 294, 336, 485, 335, 650, 334]

 ### Operon type: 354

	 A0A013TB41	[337, -1, 0, 0, 336, 485, 335, 650, 334]

 ### Operon type: 355

	 A0A009H3X4	[337, 0, 0, 0, 336, 485, -1, 714, -1]

 ### Operon type: 356

	 A0A009YL68	[0, 0, 650, 337, 336, 0, 0, 140, 0]

 ### Operon type: 357

	 A0A009T9H0	[0, 10, 515, -1, 0, 0, 215, 0, 214]

 ### Operon type: 358

	 A0A010THH5	[0, 26, 139, 275, 0, 0, 695, 0, 694]

 ### Operon type: 359

	 A0A011VZE3	[0, 0, 0, 712, 121, 0, 0, 0, 0]
	 A0A011WSH8	[0, 0, 0, 712, 121, 0, 0, 0, 0]

 ### Operon type: 360

	 A0A011NAF3	[0, 0, 0, 0, 0, 0, 712, 0, 465]

 ### Operon type: 361

	 A0A009IQ93	[127, 0, 712, 0, 0, 126, 0, 0, 0]

 ### Operon type: 362

	 A0A009TLU4	[0, 529, -1, 181, 0, 13, 0, -1, -1]

 ### Operon type: 363

	 A0A010JNG7	[703, 0, 0, 702, 0, 0, 0, 0, 0]

 ### Operon type: 364

	 A0A010S003	[488, 0, 0, 0, 0, 426, 426, 223, 0]

 ### Operon type: 365

	 A0A010SMN8	[0, -1, 18, 0, 715, 0, 0, 492, 0]

 ### Operon type: 366

	 A0A010SXS1	[0, 517, 0, 0, 0, 118, 0, 0, 578]

 ### Operon type: 367

	 A0A010T689	[21, -1, 695, 552, 0, 0, 0, 0, 0]

 ### Operon type: 368

	 A0A010TBB4	[0, 61, 0, 50, 0, 0, 0, 0, 650]

 ### Operon type: 369

	 A0A010YFK3	[0, 458, 0, 0, 0, 0, 98, 0, 252]

 ### Operon type: 370

	 A0A010YVY1	[6, 0, 6, 0, 0, 0, 0, 223, 0]

 ### Operon type: 371

	 A0A010Z7T4	[0, 0, 0, 0, 0, 0, 0, 704, 366]

 ### Operon type: 372

	 A0A010RRR9	[0, 0, 0, 0, 706, 0, 0, 705, 704]

 ### Operon type: 373

	 A0A010SIA7	[0, 0, 705, 43, 0, 0, 0, 0, 0]

 ### Operon type: 374

	 A0A010ZSZ2	[0, 518, 0, 433, 432, 0, 0, 0, 0]

 ### Operon type: 375

	 A0A010Z0Y7	[0, 0, 0, 0, 432, 218, 0, 0, 0]

 ### Operon type: 376

	 A0A010ZUR7	[97, 3, 0, 3, 0, 2, 223, 0, 0]

 ### Operon type: 377

	 A0A011A0M8	[0, 0, 526, 0, 64, 0, 0, 1, 1]

 ### Operon type: 378

	 A0A011NFL4	[0, 540, 0, 0, 427, 368, 0, 102, 0]

 ### Operon type: 379

	 A0A011P407	[0, 0, 514, 539, 0, 0, 650, 0, 513]

 ### Operon type: 380

	 A0A011QGT2	[712, 0, 0, 632, 631, 0, 0, 0, 0]

 ### Operon type: 381

	 A0A011QSA4	[596, 0, 595, 594, 0, 0, 0, 0, 593]

 ### Operon type: 382

	 A0A011T6J6	[0, 459, 0, 599, 0, 0, 280, 0, 279]

 ### Operon type: 383

	 A0A011TAL2	[0, 482, 0, 0, 0, 414, 0, 420, 0]

 ### Operon type: 384

	 A0A011TYT7	[0, 0, 0, 0, 0, 0, 528, 527, 527]

 ### Operon type: 385

	 A0A011TZG0	[526, 525, 0, 0, 0, 0, 0, 524, 0]

 ### Operon type: 386

	 A0A011Q6N5	[0, 0, 0, 0, 0, 0, 457, 525, 457]

 ### Operon type: 387

	 A0A011UII7	[0, 0, 0, 0, 0, 523, 522, 0, 0]

 ### Operon type: 388

	 A0A011UNT9	[521, 534, 0, 0, 0, 0, 0, 0, 0]

 ### Operon type: 389

	 A0A011SIS0	[0, 536, 535, 535, 0, 0, 0, 534, 0]

 ### Operon type: 390

	 A0A011UT49	[0, 518, 0, 0, 0, 0, 517, 516, 0]

 ### Operon type: 391

	 A0A011VU65	[99, 0, 0, 0, 0, 98, 0, 0, 0]

 ### Operon type: 392

	 A0A011VV03	[0, 97, 0, 0, 268, 104, 0, 0, 0]

 ### Operon type: 393

	 A0A011VVZ9	[0, 0, -1, 0, 0, 96, 95, 95, 533]

 ### Operon type: 394

	 A0A011VWX7	[578, 375, 0, 0, 0, 0, 0, 537, 0]

 ### Operon type: 395

	 A0A011VXK7	[541, 541, 0, 669, 0, 0, 0, 461, 0]

 ### Operon type: 396

	 A0A011W0I6	[120, 0, 0, 0, 0, 370, 0, 119, 0]

 ### Operon type: 397

	 A0A010YEF6	[0, 120, 0, 0, 0, 0, 0, 0, 22]

 ### Operon type: 398

	 A0A013SQH1	[0, 0, 0, 0, 94, 372, 0, 703, 389]

 ### Operon type: 399

	 A0A009LNU8	[183, 191, 271, 182, 0, 181, 0, 703, 0]

 ### Operon type: 400

	 A0A013SRG6	[93, 182, 271, 191, 0, 190, 0, 183, 431]

 ### Operon type: 401

	 A0A009IQU8	[0, 191, 0, 0, 0, 190, 431, 0, 0]

 ### Operon type: 402

	 A0A010K2K8	[271, 182, 93, 0, 0, 0, 0, -1, 703]

 ### Operon type: 403

	 A0A011NPR8	[0, 431, 0, 0, 0, 0, 430, 0, 0]

 ### Operon type: 404

	 A0A010SEA2	[463, 430, 26, 0, 0, 0, 0, 0, 0]

 ### Operon type: 405

	 A0A009ZIC0	[114, 63, 708, 157, 318, 716, 62, 61, 317]

 ### Operon type: 406

	 A0A009ZB47	[142, 141, 0, 0, 0, 456, 692, 0, 0]

 ### Operon type: 407

	 A0A010RM40	[713, 712, 711, 0, 0, 0, 0, -1, 710]

 ### Operon type: 408

	 A0A010RRQ6	[0, 709, 0, 0, 0, 715, 708, 707, 0]

 ### Operon type: 409

	 A0A010S423	[280, 0, 0, 0, 0, 0, 0, 273, 545]

 ### Operon type: 410

	 A0A010T0I7	[0, 0, 22, 0, 0, 597, 595, 712, 0]

 ### Operon type: 411

	 A0A011AHU9	[0, 0, 0, 0, 0, 0, 0, 4, 151]

 ### Operon type: 412

	 A0A010YY02	[0, 5, 0, 0, 5, 472, 11, 0, 4]

 ### Operon type: 413

	 A0A011NA78	[0, 390, 0, 0, 0, 586, 0, 0, 710]

 ### Operon type: 414

	 A0A011P8W7	[509, 514, 578, 0, 508, 0, 0, 0, 0]

 ### Operon type: 415

	 A0A011PG97	[492, 0, 0, 491, 0, 0, 0, 0, 0]

 ### Operon type: 416

	 A0A011PKT4	[0, 372, 0, 0, 0, 0, 371, 0, 0]

 ### Operon type: 417

	 A0A011PLB2	[0, 509, 0, 373, 0, 0, 0, 0, 0]

 ### Operon type: 418

	 A0A011R339	[0, 0, 0, 0, 0, 0, 264, 263, 0]

 ### Operon type: 419

	 A0A011SFE5	[0, 0, 0, 541, 0, 0, 540, 539, 538]

 ### Operon type: 420

	 A0A011SJT5	[0, 0, 0, 533, 532, 532, 532, 532, 532]

 ### Operon type: 421

	 A0A011TDQ5	[0, 0, 0, 0, 411, 410, 0, 0, 0]

 ### Operon type: 422

	 A0A011UG17	[237, 0, 123, 0, 51, 99, 0, 0, 0]

 ### Operon type: 423

	 A0A011V8Z7	[0, 0, 0, 0, 0, 108, 107, 0, 0]

 ### Operon type: 424

	 A0A011VT01	[0, 0, 100, 0, 0, 100, 0, 0, 240]

 ### Operon type: 425

	 A0A011VYP6	[0, 0, 0, 0, 0, 0, 123, 479, 0]

 ### Operon type: 426

	 A0A011V392	[374, 0, 365, 283, 284, 282, 0, 285, 286]

 ### Operon type: 427

	 A0A009Q0U9	[653, 82, 81, 0, 79, 78, -1, -1, 0]

 ### Operon type: 428

	 A0A010SRB2	[13, 12, 0, 0, 0, 12, 19, 0, 0]

 ### Operon type: 429

	 A0A011VJ76	[103, 103, 516, 102, 0, 712, 526, 0, 514]

 ### Operon type: 430

	 A0A013SKX6	[0, 0, 547, 0, 322, 322, 290, 289, 288]

 ### Operon type: 431

	 A0A010KA25	[692, 0, 695, 648, 59, 0, 0, 692, 343]

 ### Operon type: 432

	 A0A011WUA8	[444, 0, 0, 320, 0, 0, 0, 319, 319]

 ### Operon type: 433

	 A0A010S4X6	[0, 218, 711, 426, 329, 0, 421, 369, 714]

 ### Operon type: 434

	 A0A011U8C0	[0, 54, 53, 0, 272, 52, 0, 0, 0]
