
 ### Operon type: 1

	 A0A010ILU3	[583, 582, 581, 580, 579, 578, 577, 576, 575]
	 A0A009QS71	[583, 582, 581, 580, 579, 578, 577, 576, 575]
	 A0A009QBR9	[583, 582, 581, 580, 579, 578, 576, 575, 417]
	 A0A009MW50	[583, 582, 581, 580, 579, 578, 577, 576, 575]
	 A0A009H3B0	[583, 582, 581, 580, 579, 578, 577, 576, 575]
	 A0A009I8S2	[583, 582, 581, 580, 579, 578, 576, 575, 417]
	 A0A009TM70	[583, 582, 581, 580, 579, 578, 576, 575, 417]

 ### Operon type: 2

	 A0A013TH43	[314, 313, 530, 312, 311, 310, 309, 308, 307]
	 A0A009RAF0	[314, 313, 530, 312, 311, 310, 309, 308, 307]

 ### Operon type: 3

	 A0A011PVT3	[771, 664, 663, 662, 817, 661, 660, 659, 658]
	 A0A011R7V7	[771, 664, 663, 662, 817, 661, 660, 659, 658]
	 A0A011MET3	[771, 664, 663, 662, 817, 661, 660, 659, 658]

 ### Operon type: 4

	 A0A010J9U3	[546, 387, 575, 386, 385, 391, 471, 384, 383]
	 A0A013RZW2	[546, 387, 575, 386, 385, 391, 471, 384, 383]
	 A0A013SNJ8	[546, 387, 575, 386, 385, 391, 471, 384, 383]
	 A0A009RD69	[546, 387, 575, 386, 385, 391, 471, 384, 383]
	 A0A009IV03	[546, 387, 575, 386, 385, 391, 471, 384, 383]
	 A0A009PH20	[546, 387, 575, 386, 385, 391, 471, 384, 383]
	 A0A009MMM3	[546, 387, 575, 386, 385, 391, 471, 384, 383]
	 A0A009SIZ4	[546, 387, 575, 386, 385, 391, 471, 384, 383]
	 A0A009HBT3	[546, 387, 575, 386, 385, 391, 471, 384, 383]
	 A0A009YIZ0	[546, 387, 575, 386, 385, 391, 471, 384, 383]

 ### Operon type: 5

	 A0A009PH57	[148, 147, -1, 146, 145, 676, 144, 287, 143]
	 A0A009TG92	[148, 147, -1, 146, 145, 676, 144, 287, 143]

 ### Operon type: 6

	 A0A010J3I1	[395, 394, 393, 392, 391, 390, 389, 388, 421]
	 A0A013S288	[395, 394, 393, 392, 391, 390, 389, 388, 421]
	 A0A009R2X0	[395, 394, 393, 392, 391, 390, 389, 388, 421]
	 A0A013SXT2	[395, 394, 393, 392, 391, 390, 389, 388, 421]
	 A0A009I0I9	[395, 394, 393, 392, 391, 390, 389, 388, 421]
	 A0A009N031	[395, 394, 393, 392, 391, 390, 389, 388, 421]
	 A0A009PWG1	[395, 394, 393, 392, 391, 390, 389, 388, 421]
	 A0A009SFX8	[395, 394, 393, 392, 54, 391, 390, 389, 388]
	 A0A009TBM2	[394, 393, 392, 54, 391, 390, 389, 388, 421]

 ### Operon type: 7

	 A0A010IMP8	[571, 642, 570, 569, 568, 567, 566, 565, 564]
	 A0A013T8M5	[571, 642, 570, 569, 568, 567, 566, 565, 564]
	 A0A009RBQ2	[571, 642, 570, 569, 568, 567, 566, 565, 564]
	 A0A013SZ54	[571, 642, 570, 569, 568, 567, 566, 565, 564]
	 A0A009IRJ6	[571, 642, 570, 569, 568, 567, 566, 565, 564]
	 A0A009N123	[571, 642, 570, 569, 568, 567, 566, 565, 564]
	 A0A009SWU0	[571, 642, 570, 569, 568, 567, 566, 565, 564]
	 A0A009Q3K7	[571, 642, 570, 569, 568, 567, 566, 565, 564]
	 A0A009H7U0	[571, 642, 570, 569, 568, 567, 566, 565, 564]
	 A0A009ZM43	[-1, 642, 570, 569, 568, 567, 566, 565, 564]

 ### Operon type: 8

	 A0A009RG92	[-1, 496, 819, 495, 494, 827, 493, 492, 491]
	 A0A009QDV7	[-1, 496, 819, 495, 494, 827, 493, 492, 491]
	 A0A010JDA6	[-1, 496, 819, 495, 494, 827, 493, 492, 491]
	 A0A013RMD0	[-1, 496, 819, 495, 494, 827, 493, 492, 491]
	 A0A009S854	[-1, 496, 819, 495, 494, 827, 493, 492, 491]
	 A0A009N9Z1	[-1, 496, 819, 495, 494, 827, 493, 492, 491]
	 A0A009H6M2	[-1, 496, 819, 495, 494, 827, 493, 492, 491]
	 A0A009IHQ3	[-1, 496, 819, 495, 494, 827, 493, 492, 491]
	 A0A009ZIC0	[268, 496, 819, 495, 494, 827, 493, 492, 491]

 ### Operon type: 9

	 A0A011UIA1	[223, 222, 221, 220, 219, 218, 217, 216, 0]
	 A0A011V5V3	[0, 223, 222, 221, 220, 219, 218, 217, 216]

 ### Operon type: 10

	 A0A011PTE7	[609, 608, 607, 606, 605, 0, 604, 603, 602]
	 A0A011NE72	[609, 608, 607, 606, 605, 604, 603, 602, 0]

 ### Operon type: 11

	 A0A010JWJ1	[489, 488, 823, 487, 486, 485, 484, 483, 482]
	 A0A009I4A1	[489, 488, 823, 487, 486, 485, 484, 483, 482]

 ### Operon type: 12

	 A0A009QF22	[379, 378, 489, 0, 486, 485, 484, 483, 482]
	 A0A009TBY8	[379, 378, 489, 487, 486, 485, 484, 483, 482]

 ### Operon type: 13

	 A0A011NEY3	[516, 722, 721, 720, 720, 719, 718, 717, 0]

 ### Operon type: 14

	 A0A011PAN4	[722, 721, 0, 720, 720, 719, 718, 717, 716]

 ### Operon type: 15

	 A0A011RCD5	[516, 722, 721, 720, 720, 719, 718, 717, 716]

 ### Operon type: 16

	 A0A011NAY5	[737, 736, 735, 734, 733, 732, 731, 730, 0]
	 A0A011P4U7	[0, 737, 736, 735, 734, 733, 732, 731, 730]

 ### Operon type: 17

	 A0A011NBX7	[750, 749, 748, 747, 746, 726, 0, 0, 0]
	 A0A011PF67	[750, 749, 748, 747, 746, 0, 0, 0, 0]
	 A0A011NW66	[750, 749, 748, 747, 746, 726, 0, 0, 0]

 ### Operon type: 18

	 A0A011NS68	[750, 749, 748, 747, 746, 745, 744, 758, 743]
	 A0A011RHX4	[750, 749, 748, 747, 746, 745, 744, 758, 0]

 ### Operon type: 19

	 A0A010YT39	[0, 756, 33, 818, 32, 31, 30, 29, 330]

 ### Operon type: 20

	 A0A010Z7T4	[33, 818, 32, 31, 30, 29, 330, 815, 612]

 ### Operon type: 21

	 A0A010K6G6	[473, 472, 471, 470, 469, 468, 467, 0, 466]
	 A0A013SP43	[473, 472, 471, 470, 469, 468, 467, 306, 466]
	 A0A009RUN3	[473, 472, 471, 470, 469, 468, 467, 306, 466]

 ### Operon type: 22

	 A0A011VWR4	[0, 0, 0, 0, 168, 167, 166, 165, 164]

 ### Operon type: 23

	 A0A011VYP6	[168, 167, 166, 165, 164, 0, 163, 662, 0]

 ### Operon type: 24

	 A0A011QAS2	[0, 791, 790, 789, 788, 787, 786, 785, 784]
	 A0A011NEQ1	[0, 791, 790, 789, 788, 787, 786, 785, 784]

 ### Operon type: 25

	 A0A010JSI3	[835, 834, 833, 832, 831, 830, 829, 828, 0]
	 A0A009RGL2	[835, 834, 833, 832, 831, 830, 829, 828, 490]
	 A0A013T0M4	[835, 834, 833, 832, 831, 830, 829, 828, 0]
	 A0A009HDS5	[835, 834, 833, 832, 831, 830, 829, 828, 490]

 ### Operon type: 26

	 A0A009SNL0	[136, 135, 331, 192, 191, 190, 189, 188, 187]

 ### Operon type: 27

	 A0A009T1I8	[331, 192, 191, 190, 189, 188, 187, 0, 0]

 ### Operon type: 28

	 A0A011VW71	[0, 93, 92, 91, 90, 89, 88, 529, 87]
	 A0A011VUV0	[93, 92, 91, 90, 89, 88, 529, 87, 0]

 ### Operon type: 29

	 A0A011UG71	[82, 201, 81, 86, 85, 202, 84, 200, 83]

 ### Operon type: 30

	 A0A011V8Z7	[0, 0, 82, 201, 81, 86, 85, 202, 84]

 ### Operon type: 31

	 A0A011V8Y9	[86, 85, 202, 84, 200, 83, 0, 0, 0]

 ### Operon type: 32

	 A0A011U8C0	[0, 202, 201, 0, 284, 200, 0, 0, 0]

 ### Operon type: 33

	 A0A011QSF0	[0, 869, 868, 867, 866, 865, 864, 863, 0]
	 A0A011QBB5	[711, 869, 868, 867, 866, 865, 864, 863, 680]
	 A0A011Q0X6	[711, 869, 868, 867, 866, 865, 864, 863, 680]
	 A0A011Q1X8	[869, 0, 868, 867, 866, 865, 864, 863, 680]

 ### Operon type: 34

	 A0A011PG87	[711, 869, 868, 867, 866, 865, 864, 0, 0]

 ### Operon type: 35

	 A0A011PCT1	[856, 855, 854, 0, 0, 0, 0, 715, 0]

 ### Operon type: 36

	 A0A011QU35	[0, 0, 0, 0, 857, 0, 856, 855, 854]

 ### Operon type: 37

	 A0A011Q2B1	[860, 670, 857, 669, 854, 668, 667, 666, 715]

 ### Operon type: 38

	 A0A011RLN8	[859, 858, 857, 669, 854, 668, 667, 666, 715]

 ### Operon type: 39

	 A0A011P700	[0, 0, 862, 861, 860, 670, 857, 669, 854]

 ### Operon type: 40

	 A0A011QSI4	[0, 0, 862, 861, 860, 0, 859, 858, 857]

 ### Operon type: 41

	 A0A013S981	[481, 738, 824, 480, 317, 316, 836, 478, 839]
	 A0A013T337	[738, 824, 480, 317, 316, 836, 478, 839, 477]
	 A0A013TH30	[738, 824, 480, 317, 316, 836, 478, 839, 477]

 ### Operon type: 42

	 A0A010JY00	[481, 738, 824, 480, 479, 836, 478, 839, 477]

 ### Operon type: 43

	 A0A009QQ47	[449, 448, 447, 446, 445, 444, 524, 823, 443]
	 A0A010IZE4	[449, 448, 447, 446, 445, 444, 524, 823, 443]
	 A0A013TPV4	[449, 448, 447, 446, 445, 444, 524, 823, 443]
	 A0A009SZB5	[449, 448, 447, 446, 445, 444, 524, 823, 443]
	 A0A009MGJ1	[449, 448, 447, 446, 445, 444, 524, 823, 443]
	 A0A009HL81	[449, 448, 447, 446, 445, 444, 524, 823, 443]
	 A0A009HR98	[449, 448, 447, 446, 445, 444, 524, 823, 443]

 ### Operon type: 44

	 A0A009Z8F7	[448, 447, 444, 0, 445, 5, 5, 0, 55]

 ### Operon type: 45

	 A0A009R016	[272, 271, 270, 269, 268, -1, 600, 267, 266]
	 A0A009HFU9	[272, 271, 270, 269, 268, 600, 267, 266, 0]

 ### Operon type: 46

	 A0A011UJN3	[0, 561, 0, 0, 277, 276, 275, 274, 273]

 ### Operon type: 47

	 A0A011W213	[277, 276, 275, 274, 273, 698, 0, 0, 0]

 ### Operon type: 48

	 A0A011QUG8	[853, 852, 851, 850, 849, 848, 0, 847, 846]
	 A0A011QIT1	[853, 852, 851, 850, 849, 848, 847, 846, 814]

 ### Operon type: 49

	 A0A011NVE7	[696, 695, 694, 762, 763, 764, 765, 766, 767]
	 A0A011PP01	[696, 695, 694, 762, 763, 764, 765, 766, 767]

 ### Operon type: 50

	 A0A011N9N8	[794, 739, 768, 767, 766, 765, 764, 763, 762]
	 A0A011P2I4	[794, 739, 768, 767, 766, 765, 764, 763, 762]

 ### Operon type: 51

	 A0A011PIY7	[769, 0, 768, 767, 766, 765, 764, 0, 762]

 ### Operon type: 52

	 A0A011Q3J4	[0, 769, 768, 767, 766, 765, 764, 763, 0]

 ### Operon type: 53

	 A0A011MH88	[770, 769, 768, 767, 766, 765, 764, 763, 762]

 ### Operon type: 54

	 A0A010IX62	[407, 406, 405, 404, 403, 402, 401, 400, 399]
	 A0A009QFZ7	[407, 406, 405, 404, 403, 402, 401, 400, 399]
	 A0A009MH71	[407, 406, 405, 404, 403, 402, 401, 400, 399]
	 A0A013SPM5	[407, 406, 405, 404, 403, 402, 401, 400, 399]
	 A0A009HSL1	[407, 406, 405, 404, 403, 402, 401, 400, 399]
	 A0A009I6Z0	[407, 406, 405, 404, 403, 402, 401, 400, 399]
	 A0A009TK03	[407, 406, 405, 404, 403, 402, 401, 400, 399]

 ### Operon type: 55

	 A0A009ZIX8	[0, 6, 405, 404, 403, 25, 0, 399, 0]

 ### Operon type: 56

	 A0A010JJN4	[598, 597, 596, 595, 594, 593, 592, 632, 740]
	 A0A013TPR7	[598, 597, 596, 595, 594, 593, 592, 632, 740]
	 A0A009SEP4	[598, 597, 596, 595, 594, 0, 593, 592, 0]
	 A0A009RMI1	[598, 597, 596, 595, 594, 593, 592, 632, 0]
	 A0A009PMT3	[598, 597, 596, 595, 594, 593, 592, 632, 740]
	 A0A009NI48	[598, 597, 596, 595, 594, 593, 592, 632, -1]
	 A0A009HJJ5	[598, 597, 596, 595, 594, 593, 592, 632, 64]
	 A0A009I8I7	[598, 597, 596, 595, 594, 593, 592, 632, 64]
	 A0A009YG45	[0, 598, 597, 596, 594, 0, 593, 592, 632]

 ### Operon type: 57

	 A0A010IZH1	[-1, 464, 398, 397, 396, 823, 753, 438, 741]
	 A0A013S8F0	[321, 464, 398, 397, 396, 823, 753, 438, 741]
	 A0A013TPQ9	[321, 464, 398, 397, 396, 823, 753, 438, 741]
	 A0A009SZ84	[321, 464, 398, 397, 396, 823, 753, 438, 741]
	 A0A009PMU2	[321, 464, 398, -1, 396, 823, 753, 438, 741]
	 A0A009HJM0	[321, 464, 398, 397, 396, 823, 753, 438, 741]

 ### Operon type: 58

	 A0A009HUS9	[464, 398, 0, 397, 396, 177, -1, 178, 179]

 ### Operon type: 59

	 A0A009ISE1	[593, 592, 632, 179, 178, -1, 177, 396, 397]

 ### Operon type: 60

	 A0A009NPS1	[321, 464, 398, 397, 396, -1, 632, 592, 593]

 ### Operon type: 61

	 A0A009QSI3	[436, 435, 434, 433, 432, 625, 624, 431, -1]
	 A0A013SB36	[436, 435, 434, 433, 432, 625, 624, 431, 315]

 ### Operon type: 62

	 A0A010ITP2	[436, 435, 434, 433, 432, 625, 624, 0, 0]

 ### Operon type: 63

	 A0A009SII9	[-1, 435, 434, 433, 432, 625, 624, 195, 194]

 ### Operon type: 64

	 A0A009T0Q9	[432, 625, 624, 195, 194, 315, 770, 823, 193]

 ### Operon type: 65

	 A0A009YJF4	[0, 625, 624, 97, 96, 770, 823, 0, 193]

 ### Operon type: 66

	 A0A009GP96	[0, 106, 823, 815, 465, 105, 600, 104, 103]

 ### Operon type: 67

	 A0A009GSR4	[815, 465, 105, 600, 104, 103, 103, 102, 0]

 ### Operon type: 68

	 A0A009IIT6	[106, 823, 815, 465, 104, 103, 103, 102, 0]

 ### Operon type: 69

	 A0A011SQL0	[638, 286, -1, 285, 284, 283, 476, 282, 281]
	 A0A011UZ49	[286, -1, 285, 284, 283, 476, 282, 281, 0]

 ### Operon type: 70

	 A0A009PT82	[739, 682, 125, 124, 371, 370, 369, 123, 122]
	 A0A009SIF9	[739, 682, 125, 124, 371, 370, 369, 123, 122]

 ### Operon type: 71

	 A0A009IS10	[180, 0, 0, 0, 371, 370, 369, 0, 0]

 ### Operon type: 72

	 A0A009QHW5	[0, 0, 0, 583, 371, 370, 369, 0, 368]

 ### Operon type: 73

	 A0A011UVB4	[0, 0, 0, 181, 0, 0, 180, 0, 87]

 ### Operon type: 74

	 A0A011V107	[229, -1, 295, 293, 296, 292, 228, 227, 0]
	 A0A011U7M7	[0, 229, -1, 295, 293, 296, 292, 228, 227]

 ### Operon type: 75

	 A0A011TLH0	[297, 296, 295, 294, 293, 292, 0, 0, 0]

 ### Operon type: 76

	 A0A011UG87	[357, 358, 359, 297, 296, 295, 294, 293, 292]

 ### Operon type: 77

	 A0A011TLH7	[359, 358, 357, 0, 0, 0, 0, 0, 0]

 ### Operon type: 78

	 A0A011TWN2	[356, 355, 354, 353, 352, 351, 350, 0, 0]
	 A0A011TAF9	[0, 0, 356, 355, 354, 353, 352, 351, 350]

 ### Operon type: 79

	 A0A011Q5V7	[809, 0, 0, 0, 808, 807, 806, 805, 804]

 ### Operon type: 80

	 A0A011RM25	[808, 807, 806, 805, 804, 844, 0, 530, 0]

 ### Operon type: 81

	 A0A011QDV3	[687, 686, 685, 753, 684, 683, 682, 0, 681]
	 A0A011QIE8	[687, 686, 685, 753, 684, 683, 681, 0, 0]

 ### Operon type: 82

	 A0A011QAB0	[798, 797, 796, 0, 795, 794, 793, 792, 0]
	 A0A011PL71	[531, 798, 797, 796, 795, 794, 793, 792, 0]

 ### Operon type: 83

	 A0A011Q6N5	[803, 802, 801, 0, 0, 0, 800, 799, 800]

 ### Operon type: 84

	 A0A011SGD5	[0, 0, 0, 0, 0, 0, 803, 802, 801]

 ### Operon type: 85

	 A0A011NYU6	[678, 677, 0, 676, 675, 27, 26, 0, 674]

 ### Operon type: 86

	 A0A011PYI6	[678, 677, 0, 676, 675, 674, 822, 673, 0]

 ### Operon type: 87

	 A0A011P1C0	[0, 0, 27, 26, 674, 0, 0, 0, 0]

 ### Operon type: 88

	 A0A011N4G4	[0, 0, 618, 617, 616, 615, 616, 614, 613]
	 A0A011PKU5	[618, 617, 616, 615, 616, 614, 613, 0, 0]

 ### Operon type: 89

	 A0A010ZWJ8	[21, 20, 19, 612, 18, 631, 344, 631, 17]

 ### Operon type: 90

	 A0A011AHW1	[18, 612, 19, 20, 21, 0, 0, 22, 0]

 ### Operon type: 91

	 A0A011AHU9	[344, 631, 17, 0, 0, 0, 0, 9, 770]

 ### Operon type: 92

	 A0A010ZX98	[16, 15, 14, 13, 12, 11, 753, 753, 0]

 ### Operon type: 93

	 A0A011AIL7	[12, 13, 14, 15, 16, 0, 0, 0, 0]

 ### Operon type: 94

	 A0A010YF95	[810, 38, 847, 37, 36, 36, 35, 278, 34]

 ### Operon type: 95

	 A0A010ZJQ6	[38, 847, 37, 36, 36, 35, 278, 34, 0]

 ### Operon type: 96

	 A0A009GXL8	[100, 99, 98, 97, 96, 487, 107, 367, 366]

 ### Operon type: 97

	 A0A010JIW7	[100, 99, 98, 97, 96, 0, 0, 107, 367]

 ### Operon type: 98

	 A0A011QNA5	[0, 651, 650, 649, 0, 648, 647, 646, 645]
	 A0A009ZLJ7	[645, 646, 647, 648, 0, 0, 651, 650, 649]

 ### Operon type: 99

	 A0A009QMH5	[648, 647, 646, 645, 574, 573, 430, 572, 429]
	 A0A013T0T6	[648, 647, 646, 645, 574, 573, 430, 572, 429]
	 A0A009ISY0	[648, 647, 646, 645, 574, 176, 430, 572, 429]
	 A0A009PE10	[648, 647, 646, 645, 574, 176, 430, 572, -1]
	 A0A009RMD0	[648, 647, 646, 645, 574, 176, 430, 572, 429]
	 A0A009HAX1	[648, 647, 646, 645, 574, 573, 430, 572, 429]

 ### Operon type: 100

	 A0A010ILW6	[648, 647, 646, 645, 574, 573, 0, 0, 572]

 ### Operon type: 101

	 A0A009Z9X7	[647, 646, 645, 0, 574, 0, 843, 0, 572]

 ### Operon type: 102

	 A0A013S8V2	[320, 319, 0, 0, 0, 318, 0, 0, 0]
	 A0A009R8E1	[0, 261, 0, 320, 319, 0, 0, 318, 0]

 ### Operon type: 103

	 A0A009ICH6	[546, 364, 363, 362, 479, 63, 62, 61, 839]
	 A0A009ZFR5	[546, 364, 363, 362, 479, 63, 62, 61, 839]

 ### Operon type: 104

	 A0A009NQA1	[546, 364, 363, 362, 361, 360, 480, 839, 836]
	 A0A009RR21	[546, 364, 363, 362, 361, 360, 480, 839, 836]

 ### Operon type: 105

	 A0A009HTN9	[546, 364, 363, 362, 361, 360, 78, 772, 77]
	 A0A009T3J5	[546, 364, 363, 362, 361, 360, 78, 772, 77]

 ### Operon type: 106

	 A0A009Q0U9	[546, 364, 363, 362, 361, 360, -1, -1, 0]

 ### Operon type: 107

	 A0A009QEG7	[416, 415, 414, 413, 412, 411, 410, 409, 408]
	 A0A009IPC3	[416, 415, 414, 413, 412, 411, 410, 409, 408]

 ### Operon type: 108

	 A0A009I573	[112, 0, 130, 138, 0, 131, 412, 413, 414]

 ### Operon type: 109

	 A0A009ILP9	[409, 0, 414, 413, 412, 131, 408, 138, 130]

 ### Operon type: 110

	 A0A009I953	[409, 0, 414, 413, 412, 131, 408, 0, -1]

 ### Operon type: 111

	 A0A009SX74	[709, 743, 0, 138, 408, 409, 415, 416, 137]

 ### Operon type: 112

	 A0A010IPH1	[560, 559, 729, 558, 557, 556, 555, 554, 553]
	 A0A009QVK8	[560, 559, 729, 558, 557, 556, 555, 554, 553]
	 A0A009MMG9	[560, 559, 729, 558, 557, 556, 555, 554, 553]
	 A0A009ICP5	[560, 559, 729, 558, 557, 556, 555, 554, 553]

 ### Operon type: 113

	 A0A009QLL2	[260, 259, 258, 257, 557, 556, 555, 554, 553]
	 A0A009SIV4	[260, 259, 258, 257, 557, 556, 555, 554, 553]
	 A0A009HTW0	[260, 259, 258, 257, 557, 556, 555, 554, 553]
	 A0A013TSJ4	[259, 258, 0, 257, 557, 556, 555, 554, 553]

 ### Operon type: 114

	 A0A009QNC9	[580, 457, 456, 455, 454, 453, 452, 823, 753]
	 A0A010ITG1	[580, 457, 456, 455, 454, 453, 452, 823, 753]
	 A0A013TCN9	[580, 457, 456, 455, 454, 453, 452, 823, 753]
	 A0A009NIJ3	[580, 457, 456, 455, 454, 453, 452, 823, 753]
	 A0A013TRC1	[580, 457, 456, 455, 454, 453, 452, 823, 753]

 ### Operon type: 115

	 A0A009H935	[0, 0, 456, 455, 454, 453, 452, 823, 753]

 ### Operon type: 116

	 A0A009QEX0	[552, 551, 550, 549, 548, 381, 381, 673, 380]
	 A0A009IMX3	[552, 551, 550, 549, 548, 381, 381, 673, 380]
	 A0A009SF48	[552, 551, 550, 549, 548, -1, 381, 673, 380]

 ### Operon type: 117

	 A0A010ISX2	[552, 551, 550, 549, 548, 547, 546, 545, 544]
	 A0A009RES7	[552, 551, 550, 549, 548, 547, 546, 545, 544]
	 A0A013S7V1	[552, 551, 550, 549, 548, 547, 546, 545, 544]
	 A0A009MR00	[552, 551, 550, 549, 548, 547, 546, 545, 544]

 ### Operon type: 118

	 A0A009YTT3	[3, 268, 550, 549, 548, 547, 546, 545, 544]

 ### Operon type: 119

	 A0A009GYP9	[0, 0, 0, 549, 548, 547, 546, 545, 544]

 ### Operon type: 120

	 A0A009ZZC8	[-1, 135, 136, 3, 268, 550, 549, 548, 547]

 ### Operon type: 121

	 A0A011WSE5	[246, 245, 244, 243, 242, 241, 240, 239, 327]
	 A0A011UGX8	[95, 246, 245, 244, 243, 242, 241, 240, 239]

 ### Operon type: 122

	 A0A011VZG0	[326, 0, 95, 246, 245, 244, 243, 242, 241]

 ### Operon type: 123

	 A0A009PJF7	[182, 183, 183, 184, 142, 185, 141, 140, 139]
	 A0A009SJZ7	[181, 182, 183, 184, 142, 185, 141, 140, 139]

 ### Operon type: 124

	 A0A009Z5G0	[185, 184, 183, 0, 289, 182, 181, 305]

 ### Operon type: 125

	 A0A010JJC1	[591, 590, 589, 588, 587, 586, 585, 599, 584]
	 A0A010IZ41	[590, 589, 588, 587, 586, 585, 599, 584, 471]

 ### Operon type: 126

	 A0A009QJL6	[591, 590, 589, 588, 0, 584, 471, 365, 0]

 ### Operon type: 127

	 A0A010KAV2	[463, 462, 461, 460, 459, 739, 559, 636, 458]
	 A0A013SGL3	[463, 462, 461, 460, 459, 739, 559, 636, 458]
	 A0A013TB41	[463, -1, 461, 460, 459, 739, 559, 636, 458]
	 A0A009PG53	[463, 462, 461, 460, 459, 739, 559, 636, 458]
	 A0A009RQH3	[463, 462, 461, 460, 459, 739, 559, 636, 458]
	 A0A009NE81	[463, 462, 461, 460, 459, 739, 559, 636, 458]
	 A0A009I5Z6	[463, 462, 461, 460, 459, 739, 559, 636, 458]
	 A0A009SHB3	[463, 462, 461, 460, 459, 739, 559, 636, 458]

 ### Operon type: 128

	 A0A009H3X4	[463, 462, 461, 460, 459, 739, -1, 825, -1]

 ### Operon type: 129

	 A0A009PIB4	[0, 0, 0, 121, 120, 119, 600, 823, 794]
	 A0A009SLR5	[0, 0, 0, 121, 120, 119, 600, 823, 794]

 ### Operon type: 130

	 A0A009HSU4	[0, 0, 622, 823, 0, 739, 636, 794, 600]

 ### Operon type: 131

	 A0A009I463	[525, 66, 65, 391, 391, 330, 329, 328, 117]
	 A0A009PAG1	[525, 66, 65, 391, 391, 330, 329, 328, 117]

 ### Operon type: 132

	 A0A013SKX6	[0, 0, 525, 0, 391, 391, 330, 329, 328]

 ### Operon type: 133

	 A0A011Q5S3	[814, 813, 0, 0, 0, 0, 812, 811, 810]

 ### Operon type: 134

	 A0A011UZZ4	[0, 812, 811, 0, 0, 0, 233, 233, 810]

 ### Operon type: 135

	 A0A011UTJ0	[0, 0, 0, 74, 73, 72, 732, 71, 70]

 ### Operon type: 136

	 A0A011VMV7	[74, 73, 72, 732, 71, 70, 215, 214, 213]

 ### Operon type: 137

	 A0A011NYT4	[821, 634, 633, 632, 0, 626, 626, 625, 624]

 ### Operon type: 138

	 A0A011P8E9	[0, 0, 821, 634, 0, 633, 632, 0, 0]

 ### Operon type: 139

	 A0A010TF34	[0, -1, 0, 0, 50, 49, 48, 47, 46]
	 A0A010SYH9	[50, 49, 48, 47, 46, 0, 0, 0, 0]

 ### Operon type: 140

	 A0A010S7A1	[339, 338, 337, 336, 0, 335, 0, 0, 0]
	 A0A010TFJ4	[0, -1, 0, 339, 338, 337, 336, -1, 335]

 ### Operon type: 141

	 A0A009PAV9	[157, -1, 729, 156, 391, 600, 155, 154, 153]
	 A0A009HJC2	[157, 753, 729, 156, 391, 600, 155, 154, 153]

 ### Operon type: 142

	 A0A009SE02	[0, 153, 0, 0, 0, 154, 155, 600, 391]

 ### Operon type: 143

	 A0A009SYU8	[636, 546, 627, 543, 149, 823, 823, 541, 540]
	 A0A009RSB7	[636, 546, 627, 543, 149, 823, 823, 541, 540]
	 A0A009HS41	[636, 546, 627, 543, 149, 823, 823, 541, 540]

 ### Operon type: 144

	 A0A010IT25	[636, 546, 627, 543, 542, 823, 823, 541, 540]
	 A0A013SHA9	[636, 546, 627, 543, 542, 823, 823, 541, 540]
	 A0A009I466	[636, 546, 627, 543, 542, 823, 823, 541, 540]

 ### Operon type: 145

	 A0A009NMQ9	[636, 546, 627, 543, 542, 0, 823, 823, 541]

 ### Operon type: 146

	 A0A009P8A9	[0, 0, 627, 543, 149, 823, 823, 541, 540]

 ### Operon type: 147

	 A0A009ITT8	[175, 174, 173, 502, 501, 172, 500, 499, 498]
	 A0A009NJ90	[175, 174, 173, 502, 501, 265, 172, 500, 499]

 ### Operon type: 148

	 A0A009NCH6	[170, 500, 499, 498, 263, 262, 169, 114, 108]
	 A0A009IJ01	[500, 499, 498, 497, 263, 262, 169, 114, 108]

 ### Operon type: 149

	 A0A009RQL5	[500, 499, 498, 264, 263, 262, 169, 114, 0]

 ### Operon type: 150

	 A0A009MGQ8	[501, 0, 170, 500, 499, 498, 263, 262, 169]

 ### Operon type: 151

	 A0A009IJ07	[505, 504, 503, 502, 501, 500, 499, 498, 497]
	 A0A009S6G1	[505, 504, 503, 502, 501, 500, 499, 498, 263]
	 A0A009RHH7	[505, 504, 503, 502, 501, 265, 500, 499, 498]

 ### Operon type: 152

	 A0A009HZK2	[503, 502, 501, 500, 499, 498, 497, 263, 262]

 ### Operon type: 153

	 A0A009R4N4	[502, 501, 265, 500, 499, 498, 264, 263, 262]

 ### Operon type: 154

	 A0A009S5A5	[501, 265, 172, 500, 499, 498, 497, 113, 263]

 ### Operon type: 155

	 A0A009RHH9	[0, 0, 0, 0, 212, 505, 504, 503, 502]

 ### Operon type: 156

	 A0A011PGU1	[0, 0, 708, 707, 706, 705, 704, 703, 702]
	 A0A011MDH1	[671, 0, 708, 707, 706, 705, 704, 703, 702]

 ### Operon type: 157

	 A0A011V0P4	[515, 232, 0, 0, 249, 0, 0, 231, 230]

 ### Operon type: 158

	 A0A011WPV7	[231, 230, 0, 0, 0, 0, 0, 0, 0]

 ### Operon type: 159

	 A0A011UDF3	[707, 198, 0, 0, 0, 349, 197, 196, 873]

 ### Operon type: 160

	 A0A011VSC9	[197, 196, 873, 0, 0, 0, 0, 0, 0]

 ### Operon type: 161

	 A0A011SF89	[522, 521, 520, 0, 0, 0, 0, 0, 0]

 ### Operon type: 162

	 A0A011UCX7	[0, 798, 522, 521, 0, 520, 199, 0, 0]

 ### Operon type: 163

	 A0A011RNP9	[0, 0, 0, 0, 0, 529, 793, 0, 0]

 ### Operon type: 164

	 A0A011V0B5	[525, 0, 0, 0, 0, 0, 529, 0, 0]

 ### Operon type: 165

	 A0A011RQC9	[0, 525, 524, 0, 0, 0, 0, 523, 0]

 ### Operon type: 166

	 A0A011QG28	[644, 643, 707, 0, 706, 705, 642, 641, 640]
	 A0A011RIM8	[644, 643, 0, 0, 706, 705, 642, 641, 640]

 ### Operon type: 167

	 A0A011PHI6	[639, 0, 655, 0, 0, 654, 850, 701, 0]

 ### Operon type: 168

	 A0A011QI68	[0, 0, 655, 654, 0, 0, 0, 0, 0]

 ### Operon type: 169

	 A0A011NVJ6	[693, 776, 775, 774, 773, 772, 0, 0, 692]

 ### Operon type: 170

	 A0A011PVP2	[0, 776, 775, 774, 773, 772, 0, 0, 771]

 ### Operon type: 171

	 A0A011NXY7	[0, 0, 775, 0, 773, 0, 0, 0, 0]

 ### Operon type: 172

	 A0A011QR69	[841, 840, 839, 838, 837, 836, 0, 0, 0]
	 A0A011NUB4	[841, 840, 839, 838, 837, 836, 0, 698, 0]

 ### Operon type: 173

	 A0A011NN36	[840, 839, 0, 0, 837, 836, 0, 0, 0]

 ### Operon type: 174

	 A0A011PK69	[839, 534, 0, 0, 837, 836, 0, 0, 0]

 ### Operon type: 175

	 A0A011NYD6	[782, 781, 690, 689, 688, 780, 779, 778, 777]
	 A0A011RMI6	[782, 781, 690, 689, 688, 780, 779, 778, 777]

 ### Operon type: 176

	 A0A011QB28	[783, 782, 781, 0, 0, 780, 779, 778, 777]

 ### Operon type: 177

	 A0A011NF33	[0, 780, 779, 0, 0, 0, 0, 0, 0]

 ### Operon type: 178

	 A0A011NBY4	[725, 0, 0, 724, 0, 0, 723, 0, 0]

 ### Operon type: 179

	 A0A011WRT0	[725, 0, 0, 0, 0, 0, 0, 673, 0]

 ### Operon type: 180

	 A0A011SHV5	[0, 0, 0, 0, 0, 517, 673, 591, 0]

 ### Operon type: 181

	 A0A011NB95	[0, 845, 0, 0, 0, 0, 729, 728, 727]

 ### Operon type: 182

	 A0A011UHT4	[365, 94, 728, 0, 0, 52, 52, 727, 0]

 ### Operon type: 183

	 A0A010Z1W7	[0, 0, 0, 0, 0, 206, 0, 507, 508]

 ### Operon type: 184

	 A0A011VY84	[0, 0, 508, 507, 0, 0, 0, 0, 0]

 ### Operon type: 185

	 A0A010YW85	[0, 0, 0, 0, 0, 323, 0, 507, 508]

 ### Operon type: 186

	 A0A010ZMA0	[507, 742, 0, 0, 0, 0, 0, 0, 0]

 ### Operon type: 187

	 A0A011N5L2	[0, 0, 0, 742, 0, 741, 740, 0, 0]

 ### Operon type: 188

	 A0A009MJ75	[0, 0, 117, 116, 210, 0, 0, 0, 815]

 ### Operon type: 189

	 A0A010IH51	[0, 553, 0, 0, 210, 0, 815, 0, 0]

 ### Operon type: 190

	 A0A011TYT7	[0, 0, 0, 0, 0, 0, 553, 279, 279]

 ### Operon type: 191

	 A0A010RRR9	[0, 0, 0, 0, 817, 0, 0, 816, 815]

 ### Operon type: 192

	 A0A010SIA7	[0, 0, 816, 336, 0, 0, 0, 0, 0]

 ### Operon type: 193

	 A0A010RFQ9	[0, 0, 827, 0, 826, 0, 0, 0, 0]

 ### Operon type: 194

	 A0A010SPR9	[44, 44, 0, 0, 0, 826, 0, 0, 0]

 ### Operon type: 195

	 A0A009LNU8	[234, 236, 476, 475, 0, 171, 0, 600, 0]

 ### Operon type: 196

	 A0A013SRG6	[474, 475, 476, 236, 0, 235, 0, 234, 752]

 ### Operon type: 197

	 A0A009IQU8	[0, 236, 0, 0, 0, 235, 752, 0, 0]

 ### Operon type: 198

	 A0A010K2K8	[476, 475, 474, 0, 0, 0, 0, -1, 600]

 ### Operon type: 199

	 A0A011NPR8	[0, 752, 0, 0, 0, 0, 751, 0, 0]

 ### Operon type: 200

	 A0A010SEA2	[813, 751, 333, 0, 0, 0, 0, 0, 0]

 ### Operon type: 201

	 A0A010IGH8	[0, 0, 0, 0, 0, 0, 0, 301, 541]

 ### Operon type: 202

	 A0A010STD3	[0, 0, 0, 348, 347, 346, 0, 541, 301]

 ### Operon type: 203

	 A0A010SQJ5	[322, 558, 0, 348, 347, 346, 0, 0, 0]

 ### Operon type: 204

	 A0A013RVV2	[580, 0, 303, 302, 0, 0, 541, 301, 0]

 ### Operon type: 205

	 A0A011TD67	[349, 0, 0, 348, 347, 346, 345, 0, 344]

 ### Operon type: 206

	 A0A009ZC12	[0, 0, 0, 348, 0, 346, 345, 4, 871]

 ### Operon type: 207

	 A0A009YSC7	[0, 0, 723, 1, 0, 1, 303, 302, 0]

 ### Operon type: 208

	 A0A009ZJK4	[0, 0, 0, 0, 0, 0, 546, 41, 0]

 ### Operon type: 209

	 A0A010SVN1	[-1, 41, 823, 437, 298, 0, 0, 546, 0]

 ### Operon type: 210

	 A0A009QGN4	[377, 376, 375, 374, 373, 372, 0, 0, 0]
	 A0A009PFK7	[377, 376, 375, 374, 373, 0, 0, 372, 0]

 ### Operon type: 211

	 A0A009YR20	[0, 372, 0, 0, 0, 0, 376, 0, 0]

 ### Operon type: 212

	 A0A009SCM5	[134, 133, 132, 0, 0, 0, 0, 0, 0]

 ### Operon type: 213

	 A0A009TJ77	[137, 382, 0, 0, 0, 0, 134, 133, 132]

 ### Operon type: 214

	 A0A009HZV2	[0, 0, 0, 0, 451, 450, 265, 0, 0]

 ### Operon type: 215

	 A0A009QPE7	[0, 0, 0, 0, 451, 450, 0, 0, 0]

 ### Operon type: 216

	 A0A009MGR3	[0, 0, 427, 0, 426, 113, 269, 425, 424]

 ### Operon type: 217

	 A0A009Q4G0	[0, 428, 427, 0, 426, 0, 425, 424, 425]

 ### Operon type: 218

	 A0A009PB53	[0, 0, 152, 151, 426, 425, 424, 425, 150]

 ### Operon type: 219

	 A0A009PUJ8	[0, 152, 151, 426, 0, 150, 107, 367, 366]

 ### Operon type: 220

	 A0A009QQC0	[442, 0, 441, 823, 440, 440, 439, 438, 437]
	 A0A009H7I0	[442, 0, 0, 823, 440, 440, 439, 438, 437]

 ### Operon type: 221

	 A0A009MVG4	[441, 0, 332, 823, 440, 440, 439, 438, 437]

 ### Operon type: 222

	 A0A009QA91	[419, 418, 636, 823, 440, 440, 439, 438, 437]
	 A0A010J377	[419, 418, 636, 823, 440, 440, 439, 438, 437]

 ### Operon type: 223

	 A0A009S1X4	[419, 418, 636, 823, 440, 440, 823, 0, 144]

 ### Operon type: 224

	 A0A013SHF4	[0, 0, 332, 823, 440, 440, 0, 331, 0]

 ### Operon type: 225

	 A0A011N3C3	[0, 0, 0, 622, 621, 620, 657, 656, 619]
	 A0A011PJK8	[622, 621, 620, 657, 656, 619, 0, 0, 0]

 ### Operon type: 226

	 A0A011WKI4	[0, 0, 0, 0, 0, 757, 160, 159, 162]
	 A0A011UWH1	[757, 160, 159, 162, 0, 0, 0, 0, 0]

 ### Operon type: 227

	 A0A010YKP2	[0, 0, 0, 0, 0, 0, 692, 226, 0]

 ### Operon type: 228

	 A0A011V1A2	[232, 0, 0, 226, 0, 0, 0, 0, 0]

 ### Operon type: 229

	 A0A011NGS0	[0, 0, 0, 0, 755, 754, 0, 0, 0]

 ### Operon type: 230

	 A0A011PW61	[0, 0, 0, 0, 755, 754, 0, 0, 679]

 ### Operon type: 231

	 A0A011UXI1	[0, 532, 0, 0, 755, 754, 343, 0, 0]

 ### Operon type: 232

	 A0A011SWI9	[-1, -1, 0, 639, 755, 754, 343, -1, -1]

 ### Operon type: 233

	 A0A011P952	[754, 0, 628, 0, 0, 628, 0, 0, 0]

 ### Operon type: 234

	 A0A011Q1B3	[672, 701, 700, 699, 700, 771, 671, 0, 0]
	 A0A011QVV5	[0, 0, 672, 701, 700, 699, 700, 771, 671]

 ### Operon type: 235

	 A0A011NSG8	[0, 0, 0, 701, 700, 699, 0, 700, 0]

 ### Operon type: 236

	 A0A011P0X4	[0, 0, 671, 0, 700, 0, 0, 699, 261]

 ### Operon type: 237

	 A0A010YNY9	[0, 0, 207, 28, 0, 0, 0, 0, 57]

 ### Operon type: 238

	 A0A011AC71	[144, 0, 0, 300, 0, 207, 28, 0, 636]

 ### Operon type: 239

	 A0A011QLX0	[0, 653, 0, 0, 652, 0, 781, 690, 0]
	 A0A011PRW6	[653, 0, 0, 0, 652, 781, 690, 0, 0]

 ### Operon type: 240

	 A0A010SML6	[0, 781, 690, -1, 0, 743, 0, 0, 0]

 ### Operon type: 241

	 A0A010RS09	[0, 0, 0, 0, 47, 0, 825, 825, 0]

 ### Operon type: 242

	 A0A010RTE7	[0, 0, 0, 0, 0, 0, 47, 382, 0]

 ### Operon type: 243

	 A0A009P817	[423, 0, 0, 0, 118, 0, 324, 256, 255]

 ### Operon type: 244

	 A0A009TIY0	[0, 0, 0, 0, 118, 0, 324, 256, 0]

 ### Operon type: 245

	 A0A009QKA3	[324, 256, 0, 255, 0, 0, 0, 0, 377]

 ### Operon type: 246

	 A0A009HSR2	[0, 111, 110, 0, 109, 253, 252, 265, 251]

 ### Operon type: 247

	 A0A009SWM1	[0, 111, 110, 0, 109, 0, 0, 252, 0]

 ### Operon type: 248

	 A0A009MYX0	[115, 251, 0, 622, 0, 0, 252, 253, 254]

 ### Operon type: 249

	 A0A009QK79	[0, 0, 254, 253, 0, 252, 0, 0, 251]

 ### Operon type: 250

	 A0A009GXJ1	[225, 224, 253, 252, 101, 265, 251, 115, 0]

 ### Operon type: 251

	 A0A010IT95	[0, 0, 0, 600, 539, 538, 537, 536, 535]
	 A0A009QT77	[0, 0, -1, 600, 539, 538, 537, 536, 535]
	 A0A009MH36	[0, 0, 0, 600, 539, 538, 537, 536, 535]
	 A0A013TKW8	[0, 713, 0, 600, 539, 538, 537, 536, 535]
	 A0A009PRQ9	[0, 600, 126, 0, 539, 538, 537, 536, 535]
	 A0A009S0T6	[0, 0, 600, 126, 539, 538, 537, 536, 535]
	 A0A009GWD0	[265, 0, 0, 600, 539, 538, 537, 536, 535]
	 A0A009I5G9	[0, 0, 600, 126, 539, 538, 537, 536, 535]

 ### Operon type: 252

	 A0A013TMJ7	[753, -1, 0, 600, 539, 536, 535, 0, 0]

 ### Operon type: 253

	 A0A011VXC2	[-1, 514, 0, 610, 513, 512, 511, 510, 509]
	 A0A011V392	[514, 0, 610, 513, 512, 511, 0, 510, 509]

 ### Operon type: 254

	 A0A011V490	[326, 325, 0, 509, 510, 511, 512, 513, 610]

 ### Operon type: 255

	 A0A011VZF5	[0, 0, 513, 512, 511, 798, 325, 798, 0]

 ### Operon type: 256

	 A0A011WLE7	[0, 0, 0, 0, 0, 158, 0, 0, 0]
	 A0A011VU44	[0, 0, 0, 0, 0, 158, 0, 0, 0]

 ### Operon type: 257

	 A0A011VAP2	[0, 0, 79, 0, 0, 0, 0, 0, 248]

 ### Operon type: 258

	 A0A011VRJ8	[0, 0, 0, 0, 0, 0, 79, 0, 0]

 ### Operon type: 259

	 A0A011RNU1	[0, 0, 0, 0, 0, 0, 528, 528, 527]

 ### Operon type: 260

	 A0A011VKJ9	[0, 0, 0, 0, 0, 0, 527, 528, -1]

 ### Operon type: 261

	 A0A011PQZ7	[0, 0, 0, 612, 675, 0, 611, 0, 0]

 ### Operon type: 262

	 A0A011TUX4	[0, 0, 0, 0, 675, 0, 0, 611, 0]

 ### Operon type: 263

	 A0A011STZ9	[0, 0, 0, 611, 0, 0, 0, 0, 0]

 ### Operon type: 264

	 A0A011PUJ9	[0, 0, 0, 0, 0, 0, 0, 0, 665]
	 A0A011PRF5	[665, 0, 0, 0, 0, 0, 0, 0, 0]

 ### Operon type: 265

	 A0A011PFY8	[0, 0, 0, 0, 0, 0, 0, 0, 712]

 ### Operon type: 266

	 A0A011PNS3	[842, 712, 0, 0, 0, 0, 0, 0, 0]

 ### Operon type: 267

	 A0A011T648	[0, 712, 0, 0, 0, 0, 0, 839, 0]

 ### Operon type: 268

	 A0A010YYJ5	[0, 0, 0, 798, 0, 0, 0, 56, 56]

 ### Operon type: 269

	 A0A011NDM5	[798, 0, 0, 0, 0, 0, 0, 0, 0]

 ### Operon type: 270

	 A0A011MSR2	[0, 0, 0, 623, 0, 0, 0, 798, 798]

 ### Operon type: 271

	 A0A011WSU6	[0, 798, 0, 0, 510, 0, 0, 0, 0]

 ### Operon type: 272

	 A0A011U3C2	[0, 0, 642, 0, 0, 0, 0, 0, 0]
	 A0A011AEN3	[0, 0, 0, 0, 0, 0, 642, 0, 0]

 ### Operon type: 273

	 A0A011AAZ2	[0, 58, 0, 0, 0, 642, 642, 642, 0]

 ### Operon type: 274

	 A0A011T698	[0, 0, 0, 0, 0, 636, 642, 0, 0]

 ### Operon type: 275

	 A0A010YRE8	[0, 0, 0, 0, 0, 0, 0, 11, 0]

 ### Operon type: 276

	 A0A011AF05	[0, 0, 144, 11, 0, 0, 0, 0, 0]

 ### Operon type: 277

	 A0A009ZG48	[0, 0, 0, 713, 0, 0, 0, 0, 0]

 ### Operon type: 278

	 A0A011PEJ8	[0, 0, 714, 713, 0, 0, 0, 0, 0]

 ### Operon type: 279

	 A0A011QNJ7	[760, 0, 0, 713, 0, 0, 0, 760, 0]

 ### Operon type: 280

	 A0A011MMJ4	[0, 0, 0, 0, 0, 0, 0, 760, 0]

 ### Operon type: 281

	 A0A011R8M3	[0, 0, 714, 713, 0, 342, 0, 760, 0]

 ### Operon type: 282

	 A0A009ZC82	[0, 0, 638, 0, 0, 0, 0, 0, 0]

 ### Operon type: 283

	 A0A011P3F6	[743, 0, 0, 638, 0, 0, 0, 0, 0]

 ### Operon type: 284

	 A0A009IG48	[0, 0, 0, 129, 128, 0, 0, 0, 743]

 ### Operon type: 285

	 A0A009IMQ0	[0, 0, 0, 129, 128, 0, 0, 0, 0]

 ### Operon type: 286

	 A0A009SWV1	[0, 0, 0, 0, 0, 0, 0, 129, 0]

 ### Operon type: 287

	 A0A009Q512	[0, 0, 0, 0, 422, 0, 0, 0, 0]
	 A0A009PMZ9	[422, 0, 0, 0, 0, 0, 0, 0, 0]

 ### Operon type: 288

	 A0A009IFL2	[0, 60, 0, 59, -1, 0, 0, 0]

 ### Operon type: 289

	 A0A009ZDS1	[-1, -1, 0, 60, 0, 0, 590, 0, 0]

 ### Operon type: 290

	 A0A010SNM6	[209, 208, -1, 0, 0, 0, 753, 0, 0]

 ### Operon type: 291

	 A0A010T5D8	[208, 209, 0, -1, 0, -1, 471, 0, 0]

 ### Operon type: 292

	 A0A011UB51	[506, 0, 0, 0, 0, 0, 0, 0, 0]
	 A0A011UFH1	[0, 0, 0, 0, 0, 506, 0, 0, 0]

 ### Operon type: 293

	 A0A011V965	[0, -1, -1, 0, 80, 0, -1, -1, 0]
	 A0A011VHP2	[0, -1, -1, -1, 80, 0, 0, 0, 0]

 ### Operon type: 294

	 A0A010RVD0	[-1, 0, 0, -1, 0, 863, 863, 0, 45]

 ### Operon type: 295

	 A0A010T7Q5	[0, 45, 0, 0, 0, 0, -1, 0, 0]

 ### Operon type: 296

	 A0A010SJH7	[0, 0, 753, -1, 0, 0, 439, 0, 0]

 ### Operon type: 297

	 A0A010SRR2	[0, 0, -1, 0, 0, 0, 0, 0, 753]

 ### Operon type: 298

	 A0A010RKP8	[0, 0, 0, 0, 0, 0, -1, 0, 0]
	 A0A010TF14	[-1, 0, 0, 0, 0, 0, 0, 0, 0]
	 A0A010RY47	[-1, 0, -1, 0, 0, 0, 0, 0, 0]
	 A0A009HJU6	[0, 0, 0, 0, 0, 0, 0, 0, -1]
	 A0A011UZ32	[0, 0, 0, 0, 0, -1, 0, 0, 0]

 ### Operon type: 299

	 A0A010SJF9	[0, 0, 0, 0, 0, -1, 0, 211, -1]

 ### Operon type: 300

	 A0A011ML54	[0, 0, 0, 761, 0, 0, 0, 0, -1]

 ### Operon type: 301

	 A0A011NHY1	[0, 0, 0, 0, 0, 753, 0, 0, 0]

 ### Operon type: 302

	 A0A010Z171	[0, 0, 0, 0, 0, 0, 753, 0, 622]

 ### Operon type: 303

	 A0A011T697	[753, 0, 0, 0, 0, 0, 0, 0, 324]

 ### Operon type: 304

	 A0A011TDD1	[0, 299, 753, 0, 0, 0, 0, 0, 0]

 ### Operon type: 305

	 A0A011VW24	[0, 0, 844, 0, 0, 0, 0, 0, -1]

 ### Operon type: 306

	 A0A011T8V3	[0, 0, 844, 0, 0, 0, 0, 0, 0]

 ### Operon type: 307

	 A0A010TH98	[679, 0, 0, 844, 0, 0, 0, 0, 0]

 ### Operon type: 308

	 A0A011QVR3	[0, 0, 0, 0, 0, 0, 0, 845, 844]

 ### Operon type: 309

	 A0A011VYF1	[844, 0, 0, 0, 0, 0, 506, 0, 0]

 ### Operon type: 310

	 A0A010S415	[-1, 844, 0, 437, 0, 0, 0, 0, 578]

 ### Operon type: 311

	 A0A011QSN2	[0, 0, 0, 0, 0, 0, 0, 0, 0]
	 A0A011NMI8	[0, 0, 0, 0, 0, 0, 0, 0, 0]
	 A0A011NAJ1	[0, 0, 0, 0, 0, 0, 0, 0, 0]
	 A0A011PBM9	[0, 0, 0, 0, 0, 0, 0, 0, 0]
	 A0A011NTU3	[0, 0, 0, 0, 0, 0, 0, 0, 0]
	 A0A011Q056	[0, 0, 0, 0, 0, 0, 0, 0, 0]
	 A0A011QMJ8	[0, 0, 0, 0, 0, 0, 0, 0, 0]
	 A0A011P9Z5	[0, 0, 0, 0, 0, 0, 0, 0, 0]
	 A0A011N2Z0	[0, 0, 0, 0, 0, 0, 0, 0, 0]
	 A0A011PNN2	[0, 0, 0, 0, 0, 0, 0, 0, 0]
	 A0A011VYF6	[0, 0, 0, 0, 0, 0, 0, 0, 0]
	 A0A010SHY1	[0, 0, 0, 0, 0, 0, 0, 0, 0]
	 A0A013S2B9	[0, 0, 0, 0, 0, 0, 0, 0, 0]
	 A0A013SBR8	[0, 0, 0, 0, 0, 0, 0, 0, 0]
	 A0A013TEV4	[0, 0, 0, 0, 0, 0, 0, 0, 0]
	 A0A013SL47	[0, 0, 0, 0, 0, 0, 0, 0, 0]
	 A0A011WUT3	[0, 0, 0, 0, 0, 0, 0, 0, 0]
	 A0A011UHL2	[0, 0, 0, 0, 0, 0, 0, 0, 0]
	 A0A011UBN9	[0, 0, 0, 0, 0, 0, 0, 0, 0]
	 A0A009M4K0	[0, 0, 0, 0, 0, 0, 0, 0, 0]
	 A0A009PDV4	[0, 0, 0, 0, 0, 0, 0, 0, 0]
	 A0A009MH90	[0, 0, 0, 0, 0, 0, 0, 0, 0]
	 A0A009HIL8	[0, 0, 0, 0, 0, 0, 0, 0, 0]
	 A0A011VNE2	[0, 0, 0, 0, 0, 0, 0, 0, 0]
	 A0A011UFM5	[0, 0, 0, 0, 0, 0, 0, 0, 0]
	 A0A010SPJ7	[0, 0, 0, 0, 0, 0, 0, 0, 0]
	 A0A010SSQ8	[0, 0, 0, 0, 0, 0, 0, 0, 0]
	 A0A010T025	[0, 0, 0, 0, 0, 0, 0, 0, 0]
	 A0A010YJA7	[0, 0, 0, 0, 0, 0, 0, 0, 0]
	 A0A010ZTI3	[0, 0, 0, 0, 0, 0, 0, 0, 0]
	 A0A011A146	[0, 0, 0, 0, 0, 0, 0, 0, 0]
	 A0A010YZS8	[0, 0, 0, 0, 0, 0, 0, 0, 0]
	 A0A010Z120	[0, 0, 0, 0, 0, 0, 0, 0, 0]

 ### Operon type: 312

	 A0A010TG27	[757, 0, 51, 0, 0, 0, 823, 0, 0]

 ### Operon type: 313

	 A0A011PMK1	[0, 0, 0, 0, 0, 0, 0, 757, 0]

 ### Operon type: 314

	 A0A009HM15	[0, 169, 114, 0, 0, 0, -1, 0, 0]

 ### Operon type: 315

	 A0A009HRU1	[0, 253, 0, 0, 0, 0, 0, 0, 0]

 ### Operon type: 316

	 A0A009HSN8	[0, 428, 0, 0, 0, -1, 0, 150, -1]

 ### Operon type: 317

	 A0A009HV82	[107, 0, 0, 0, 0, 0, 0, 0, 0]

 ### Operon type: 318

	 A0A009IG74	[0, 0, 116, 0, 391, -1, 0, 0, 0]

 ### Operon type: 319

	 A0A009IJ90	[0, 137, 0, 0, 0, 0, 0, 0, 0]

 ### Operon type: 320

	 A0A009NM94	[0, 519, 519, 0, 0, 0, 299, 0, 0]

 ### Operon type: 321

	 A0A009Q4N5	[0, 0, 423, 0, 0, 0, 0, 0, 0]

 ### Operon type: 322

	 A0A009SSZ9	[0, 112, 0, 0, 0, 0, 0, 0, 0]

 ### Operon type: 323

	 A0A009YIH1	[0, 0, 0, 0, 263, 0, -1, -1, 2]

 ### Operon type: 324

	 A0A009YR05	[0, 0, 0, 0, 73, 0, 0, 0, 0]

 ### Operon type: 325

	 A0A009Z004	[186, 0, 186, 0, 0, 622, 0, 0, 0]

 ### Operon type: 326

	 A0A010RUQ5	[0, 0, 0, 0, 0, 0, 0, 0, 204]

 ### Operon type: 327

	 A0A010S195	[638, 0, 206, 205, 0, 0, 0, 0, 0]

 ### Operon type: 328

	 A0A010SCZ2	[0, 0, 0, 0, 0, 0, 0, 334, 0]

 ### Operon type: 329

	 A0A010SN41	[0, 0, 0, 0, 237, 0, 0, 0, 0]

 ### Operon type: 330

	 A0A010SSU2	[0, 0, 0, 0, 101, 0, -1, 629, 0]

 ### Operon type: 331

	 A0A010SUP6	[0, 0, 0, 0, 0, 0, 0, 205, 0]

 ### Operon type: 332

	 A0A010SUY9	[0, 0, 0, 0, 0, 342, 714, 0]

 ### Operon type: 333

	 A0A010THK2	[0, 0, -1, 0, 0, 825, 622, 0, 0]

 ### Operon type: 334

	 A0A010SRL4	[51, 0, 0, -1, 0, 0, 0, 622, 127]

 ### Operon type: 335

	 A0A010YX61	[461, 642, 0, 844, 0, 0, 0, 0, 0]

 ### Operon type: 336

	 A0A010S5W8	[0, 0, 623, 771, 0, 0, 0, 0, 0]

 ### Operon type: 337

	 A0A011NE37	[570, 0, 0, 0, 0, 0, 0, 0, 0]

 ### Operon type: 338

	 A0A011NF78	[0, 0, 870, 0, 0, 0, 0, 0, 0]

 ### Operon type: 339

	 A0A011NVE2	[0, 0, 0, 839, 0, 0, 753, 0, 697]

 ### Operon type: 340

	 A0A011NXJ4	[0, 0, 0, 0, 0, 0, 0, 0, 691]

 ### Operon type: 341

	 A0A011P8I1	[0, 0, 640, 642, 0, 0, 0, 0, 631]

 ### Operon type: 342

	 A0A011P9Q7	[627, 0, 0, 0, 0, 0, 0, 0, 0]

 ### Operon type: 343

	 A0A011PJ75	[0, 839, 601, 839, 0, 0, 0, 0, 0]

 ### Operon type: 344

	 A0A011PRB4	[0, 0, 0, 0, 0, 0, 0, 610, 0]

 ### Operon type: 345

	 A0A011QVT2	[843, 0, 0, 0, 0, 0, 0, 842, 0]

 ### Operon type: 346

	 A0A011RP14	[0, 0, 0, 0, 0, 0, 0, 526, 0]

 ### Operon type: 347

	 A0A011SM49	[753, 0, 526, 0, 0, 0, 287, 0, 0]

 ### Operon type: 348

	 A0A011AM27	[611, 0, 0, 0, 594, 0, 0, 0, 39]

 ### Operon type: 349

	 A0A011T607	[0, 0, 771, 0, 0, 0, 0, 0, 299]

 ### Operon type: 350

	 A0A011TAW2	[0, 0, 0, 0, 0, 0, 395, 0, 0]

 ### Operon type: 351

	 A0A011TED9	[0, 0, 0, 0, 0, 355, 0, 0, 0]

 ### Operon type: 352

	 A0A011TXS5	[0, 280, 0, 0, 0, 0, 0, 0, 0]

 ### Operon type: 353

	 A0A011U144	[0, 204, 0, 0, 0, 0, 691, 403, 0]

 ### Operon type: 354

	 A0A011U1C8	[636, 0, 0, 0, 0, 0, 0, 0, 203]

 ### Operon type: 355

	 A0A011U483	[0, 0, 0, 0, 0, 635, 0, 0, 0]

 ### Operon type: 356

	 A0A011UG86	[0, 701, 0, 0, 0, 211, 0, 0, 0]

 ### Operon type: 357

	 A0A011UQB5	[518, 724, 0, 0, 0, 0, 0, 506, 0]

 ### Operon type: 358

	 A0A011UVI5	[0, 0, 0, 0, 0, 57, 839, 839, 0]

 ### Operon type: 359

	 A0A011UWI3	[0, 0, 0, 0, 120, 0, 340, 638, 0]

 ### Operon type: 360

	 A0A011V5E6	[0, 0, 0, 0, 0, 327, 0, 0, 0]

 ### Operon type: 361

	 A0A011M4H6	[248, 0, 820, 0, 0, 0, 0, 0, 0]

 ### Operon type: 362

	 A0A011VSV3	[0, 0, 0, 0, 0, 0, 707, 0, 0]

 ### Operon type: 363

	 A0A011VWI0	[0, 0, 0, 0, 0, 94, 0, 0, 0]

 ### Operon type: 364

	 A0A011VZ91	[162, 0, 0, 0, 0, 0, 0, 0, 0]

 ### Operon type: 365

	 A0A011WP76	[0, 0, 0, 0, 0, 0, 0, 0, 847]

 ### Operon type: 366

	 A0A011WSD4	[0, 0, 0, -1, 0, 798, 0, 0, 325]

 ### Operon type: 367

	 A0A011WT35	[325, 0, 0, 0, 0, 0, 0, 0, 0]

 ### Operon type: 368

	 A0A013S843	[0, 438, 0, 0, 0, 0, -1, 322, 0]

 ### Operon type: 369

	 A0A013T5E6	[0, 0, 0, 426, 0, 0, 0, 0, 0]

 ### Operon type: 370

	 A0A009T185	[840, 0, 601, 601, 562, 839, 601, 561, 772]

 ### Operon type: 371

	 A0A010IN36	[563, 753, 0, 0, 562, 839, 601, 561, 772]

 ### Operon type: 372

	 A0A009PG43	[839, 601, 312, 842, 0, 561, 772, 0, 0]

 ### Operon type: 373

	 A0A009INE0	[563, 0, 0, 0, 0, 0, 0, 601, 561]

 ### Operon type: 374

	 A0A009T9H0	[0, 2, 743, -1, 0, 0, 252, 0, 253]

 ### Operon type: 375

	 A0A010THH5	[0, 333, 60, 57, 0, 0, 591, 0, 590]

 ### Operon type: 376

	 A0A011WSH8	[0, 0, 0, 823, 238, 0, 0, 0, 0]
	 A0A011VZE3	[0, 0, 0, 823, 238, 0, 0, 0, 0]

 ### Operon type: 377

	 A0A011NAF3	[0, 0, 0, 0, 0, 0, 823, 0, 764]

 ### Operon type: 378

	 A0A009IQ93	[199, 0, 823, 0, 0, 127, 0, 0, 0]

 ### Operon type: 379

	 A0A009Q8S9	[0, 0, 743, 421, 0, 420, 0, 0, 0]

 ### Operon type: 380

	 A0A009TLU4	[0, 280, -1, 171, 0, 43, 0, -1, -1]

 ### Operon type: 381

	 A0A009ZB47	[368, 122, 0, 0, 0, 798, 588, 0, 0]

 ### Operon type: 382

	 A0A009ZVR4	[524, 0, 642, 0, 0, 56, 0, 0, 55]

 ### Operon type: 383

	 A0A010JIN9	[588, 0, 0, 382, 408, 0, 0, 0, 0]

 ### Operon type: 384

	 A0A010S003	[703, 0, 0, 0, 0, 701, 701, 558, 0]

 ### Operon type: 385

	 A0A010SMN8	[0, -1, 207, 0, 826, 0, 0, 710, 0]

 ### Operon type: 386

	 A0A010SXS1	[0, 312, 0, 0, 0, 275, 0, 0, 842]

 ### Operon type: 387

	 A0A010T689	[39, -1, 591, 529, 0, 0, 0, 0, 0]

 ### Operon type: 388

	 A0A010TBB4	[0, 492, 0, 211, 0, 0, 0, 0, 636]

 ### Operon type: 389

	 A0A010YFK3	[0, 805, 0, 0, 0, 0, 67, 0, 203]

 ### Operon type: 390

	 A0A010YVY1	[8, 0, 8, 0, 0, 0, 0, 558, 0]

 ### Operon type: 391

	 A0A010ZSZ2	[0, 58, 0, 25, 24, 0, 0, 0, 0]

 ### Operon type: 392

	 A0A010Z0Y7	[0, 0, 0, 0, 24, 437, 0, 0, 0]

 ### Operon type: 393

	 A0A011A0M8	[0, 0, 622, 0, 59, 0, 0, 10, 10]

 ### Operon type: 394

	 A0A011NFL4	[0, 759, 0, 0, 758, 757, 0, 756, 0]

 ### Operon type: 395

	 A0A011P407	[0, 0, 637, 673, 0, 0, 636, 0, 635]

 ### Operon type: 396

	 A0A011QGT2	[823, 0, 0, 657, 656, 0, 0, 0, 0]

 ### Operon type: 397

	 A0A011QSA4	[873, 0, 872, 871, 0, 0, 0, 0, 870]

 ### Operon type: 398

	 A0A011T6J6	[0, 809, 0, 642, 0, 0, 341, 0, 323]

 ### Operon type: 399

	 A0A011TAL2	[0, 771, 0, 0, 0, 300, 0, 692, 0]

 ### Operon type: 400

	 A0A011TZG0	[622, 799, 0, 0, 0, 0, 0, 307, 0]

 ### Operon type: 401

	 A0A011UGY3	[240, 239, 327, 53, 0, 0, 0, 53, 0]

 ### Operon type: 402

	 A0A011UII7	[0, 0, 0, 0, 0, 697, 278, 0, 0]

 ### Operon type: 403

	 A0A011UNT9	[420, 290, 0, 0, 0, 0, 0, 0, 0]

 ### Operon type: 404

	 A0A011SIS0	[0, 786, 291, 291, 0, 0, 0, 290, 0]

 ### Operon type: 405

	 A0A011UT49	[0, 58, 0, 0, 0, 0, 312, 75, 0]

 ### Operon type: 406

	 A0A011VU65	[68, 0, 0, 0, 0, 67, 0, 707, 198]

 ### Operon type: 407

	 A0A011VV03	[0, 250, 0, 0, 249, 248, 0, 0, 0]

 ### Operon type: 408

	 A0A011VVZ9	[0, 0, -1, 0, 0, 334, 247, 247, 289]

 ### Operon type: 409

	 A0A011VWX7	[842, 515, 0, 0, 0, 0, 0, 517, 0]

 ### Operon type: 410

	 A0A011VXK7	[519, 519, 0, 567, 0, 0, 0, 811, 0]

 ### Operon type: 411

	 A0A011W0I6	[161, 0, 0, 0, 0, 613, 0, 761, 0]

 ### Operon type: 412

	 A0A010YEF6	[0, 161, 0, 0, 0, 0, 0, 0, 40]

 ### Operon type: 413

	 A0A013SQH1	[0, 0, 0, 0, 237, 533, 0, 600, 729]

 ### Operon type: 414

	 A0A009QJA8	[367, 366, 0, 0, 0, 0, 0, 0, 835]

 ### Operon type: 415

	 A0A009YL68	[0, 0, 636, 463, 459, 0, 0, 4, 0]

 ### Operon type: 416

	 A0A010JNG7	[600, 0, 0, 599, 0, 0, 0, 0, 0]

 ### Operon type: 417

	 A0A010RM40	[824, 823, 822, 0, 0, 0, 0, -1, 821]

 ### Operon type: 418

	 A0A010RRQ6	[0, 820, 0, 0, 0, 826, 819, 818, 0]

 ### Operon type: 419

	 A0A010S423	[341, 0, 0, 0, 0, 0, 0, 340, 523]

 ### Operon type: 420

	 A0A010T0I7	[0, 0, 40, 0, 0, 640, 872, 823, 0]

 ### Operon type: 421

	 A0A010ZUR7	[250, 23, 0, 23, 0, 22, 558, 0, 0]

 ### Operon type: 422

	 A0A011NA78	[0, 738, 0, 0, 0, 863, 0, 0, 821]

 ### Operon type: 423

	 A0A011P8W7	[630, 637, 842, 0, 629, 0, 0, 0, 0]

 ### Operon type: 424

	 A0A011PG97	[710, 0, 0, 709, 0, 0, 0, 0, 0]

 ### Operon type: 425

	 A0A011PKT4	[0, 533, 0, 0, 0, 0, 532, 0, 0]

 ### Operon type: 426

	 A0A011PLB2	[0, 630, 0, 534, 0, 0, 0, 0, 0]

 ### Operon type: 427

	 A0A011R339	[0, 0, 0, 0, 0, 0, 225, 224, 0]

 ### Operon type: 428

	 A0A011SFE5	[0, 0, 0, 519, 0, 0, 759, 673, 518]

 ### Operon type: 429

	 A0A011SJT5	[0, 0, 0, 289, 288, 288, 288, 288, 288]

 ### Operon type: 430

	 A0A011TDQ5	[0, 0, 0, 0, 298, 615, 0, 0, 0]

 ### Operon type: 431

	 A0A011VT01	[0, 0, 69, 0, 0, 69, 0, 0, 185]

 ### Operon type: 432

	 A0A009Z3V9	[823, 0, 0, 0, 0, 258, 620, 259, 260]

 ### Operon type: 433

	 A0A010SRB2	[43, 42, 0, 0, 0, 42, 209, 0, 0]

 ### Operon type: 434

	 A0A010KA25	[588, 0, 591, 543, 465, 0, 0, 588, 464]

 ### Operon type: 435

	 A0A011TZN1	[215, 214, 213, 0, 212, 0, 0, 0, 0]

 ### Operon type: 436

	 A0A011VJ76	[76, 76, 75, 756, 0, 823, 622, 0, 637]

 ### Operon type: 437

	 A0A011UG17	[139, 0, 163, 0, 245, 68, 0, 0, 0]

 ### Operon type: 438

	 A0A011WUA8	[783, 0, 0, 305, 0, 0, 0, 304, 304]

 ### Operon type: 439

	 A0A010S4X6	[0, 437, 822, 701, 469, 0, 693, 531, 825]

 ### Operon type: 440

	 A0A010YY02	[0, 7, 0, 0, 7, 676, 6, 0, 9]
