
 ### Operon type: 1

	 A0A010ILU3	[461, 460, 459, 553, 458, 457, 456, 455, 454]
	 A0A009QS71	[461, 460, 459, 553, 458, 457, 456, 455, 454]
	 A0A009QBR9	[461, 460, 459, 553, 458, 457, 455, 454, 234]
	 A0A009MW50	[461, 460, 459, 553, 458, 457, 456, 455, 454]
	 A0A009H3B0	[461, 460, 459, 553, 458, 457, 456, 455, 454]
	 A0A009I8S2	[461, 460, 459, 553, 458, 457, 455, 454, 234]
	 A0A009TM70	[461, 460, 459, 553, 458, 457, 455, 454, 234]

 ### Operon type: 2

	 A0A013TH43	[546, 545, 858, 544, 543, 542, 541, 540, 539]
	 A0A009RAF0	[546, 545, 858, 544, 543, 542, 541, 540, 539]

 ### Operon type: 3

	 A0A011PVT3	[733, 611, 610, 609, 661, 608, 607, 606, 605]
	 A0A011R7V7	[733, 611, 610, 609, 661, 608, 607, 606, 605]
	 A0A011MET3	[733, 611, 610, 609, 661, 608, 607, 606, 605]

 ### Operon type: 4

	 A0A013SNJ8	[436, 389, 454, 388, 387, 426, 396, 386, 385]
	 A0A013RZW2	[436, 389, 454, 388, 387, 426, 396, 386, 385]
	 A0A009PH20	[436, 389, 454, 388, 387, 426, 396, 386, 385]
	 A0A009IV03	[436, 389, 454, 388, 387, 426, 396, 386, 385]
	 A0A009MMM3	[436, 389, 454, 388, 387, 426, 396, 386, 385]
	 A0A010J9U3	[436, 389, 454, 388, 387, 426, 396, 386, 385]
	 A0A009SIZ4	[436, 389, 454, 388, 387, 426, 396, 386, 385]
	 A0A009HBT3	[436, 389, 454, 388, 387, 426, 396, 386, 385]
	 A0A009RD69	[436, 389, 454, 388, 387, 426, 396, 386, 385]
	 A0A009YIZ0	[436, 389, 454, 388, 387, 426, 396, 386, 385]

 ### Operon type: 5

	 A0A009PH57	[208, 207, -1, 206, 205, 583, 204, 369, 203]
	 A0A009TG92	[208, 207, -1, 206, 205, 583, 204, 369, 203]

 ### Operon type: 6

	 A0A013S288	[352, 351, 350, 349, 426, 348, 347, 346, 345]
	 A0A013SXT2	[352, 351, 350, 349, 426, 348, 347, 346, 345]
	 A0A009N031	[352, 351, 350, 349, 426, 348, 347, 346, 345]
	 A0A010J3I1	[352, 351, 350, 349, 426, 348, 347, 346, 345]
	 A0A009I0I9	[352, 351, 350, 349, 426, 348, 347, 346, 345]
	 A0A009PWG1	[352, 351, 350, 349, 426, 348, 347, 346, 345]
	 A0A009R2X0	[352, 351, 350, 349, 426, 348, 347, 346, 345]
	 A0A009SFX8	[352, 351, 350, 349, 46, 426, 348, 347, 346]
	 A0A009TBM2	[351, 350, 349, 46, 426, 348, 347, 346, 345]

 ### Operon type: 7

	 A0A013T8M5	[561, 689, 560, 559, 558, 557, 556, 555, 554]
	 A0A010IMP8	[561, 689, 560, 559, 558, 557, 556, 555, 554]
	 A0A013SZ54	[561, 689, 560, 559, 558, 557, 556, 555, 554]
	 A0A009N123	[561, 689, 560, 559, 558, 557, 556, 555, 554]
	 A0A009IRJ6	[561, 689, 560, 559, 558, 557, 556, 555, 554]
	 A0A009Q3K7	[561, 689, 560, 559, 558, 557, 556, 555, 554]
	 A0A009SWU0	[561, 689, 560, 559, 558, 557, 556, 555, 554]
	 A0A009H7U0	[561, 689, 560, 559, 558, 557, 556, 555, 554]
	 A0A009RBQ2	[561, 689, 560, 559, 558, 557, 556, 555, 554]
	 A0A009ZM43	[-1, 689, 560, 559, 558, 557, 556, 555, 554]

 ### Operon type: 8

	 A0A013RMD0	[-1, 382, 663, 381, 380, 669, 379, 378, 377]
	 A0A009RG92	[-1, 382, 663, 381, 380, 669, 379, 378, 377]
	 A0A009S854	[-1, 382, 663, 381, 380, 669, 379, 378, 377]
	 A0A009QDV7	[-1, 382, 663, 381, 380, 669, 379, 378, 377]
	 A0A009N9Z1	[-1, 382, 663, 381, 380, 669, 379, 378, 377]
	 A0A010JDA6	[-1, 382, 663, 381, 380, 669, 379, 378, 377]
	 A0A009H6M2	[-1, 382, 663, 381, 380, 669, 379, 378, 377]
	 A0A009IHQ3	[-1, 382, 663, 381, 380, 669, 379, 378, 377]
	 A0A009ZIC0	[87, 382, 663, 381, 380, 669, 379, 378, 377]

 ### Operon type: 9

	 A0A011UIA1	[488, 487, 486, 485, 484, 483, 482, 481, 0]
	 A0A011V5V3	[0, 488, 487, 486, 485, 484, 483, 482, 481]

 ### Operon type: 10

	 A0A011PTE7	[620, 619, 618, 617, 616, 0, 615, 614, 613]
	 A0A011NE72	[620, 619, 618, 617, 616, 615, 614, 613, 0]

 ### Operon type: 11

	 A0A010JWJ1	[288, 287, 813, 286, 285, 284, 283, 282, 281]
	 A0A009I4A1	[288, 287, 813, 286, 285, 284, 283, 282, 281]

 ### Operon type: 12

	 A0A009QF22	[142, 141, 288, 0, 285, 284, 283, 282, 281]
	 A0A009TBY8	[142, 141, 288, 286, 285, 284, 283, 282, 281]

 ### Operon type: 13

	 A0A011NEY3	[532, 658, 657, 656, 656, 655, 654, 653, 0]

 ### Operon type: 14

	 A0A011PAN4	[658, 657, 0, 656, 656, 655, 654, 653, 652]

 ### Operon type: 15

	 A0A011RCD5	[532, 658, 657, 656, 656, 655, 654, 653, 652]

 ### Operon type: 16

	 A0A011NAY5	[812, 811, 810, 809, 808, 807, 806, 805, 0]
	 A0A011P4U7	[0, 812, 811, 810, 809, 808, 807, 806, 805]

 ### Operon type: 17

	 A0A011NBX7	[800, 799, 798, 797, 796, 795, 0, 0, 0]
	 A0A011NW66	[800, 799, 798, 797, 796, 795, 0, 0, 0]
	 A0A011PF67	[800, 799, 798, 797, 796, 0, 0, 0, 0]

 ### Operon type: 18

	 A0A011NS68	[800, 799, 798, 797, 796, 629, 628, 634, 696]
	 A0A011RHX4	[800, 799, 798, 797, 796, 629, 628, 634, 0]

 ### Operon type: 19

	 A0A010YT39	[0, 633, 33, 662, 32, 31, 30, 29, 425]

 ### Operon type: 20

	 A0A010Z7T4	[33, 662, 32, 31, 30, 29, 425, 659, 627]

 ### Operon type: 21

	 A0A013SP43	[398, 397, 396, 395, 394, 393, 392, 391, 390]
	 A0A010K6G6	[398, 397, 396, 395, 394, 393, 392, 0, 390]
	 A0A009RUN3	[398, 397, 396, 395, 394, 393, 392, 391, 390]

 ### Operon type: 22

	 A0A011VWR4	[0, 0, 0, 0, 259, 258, 257, 256, 255]

 ### Operon type: 23

	 A0A011VYP6	[259, 258, 257, 256, 255, 0, 254, 609, 0]

 ### Operon type: 24

	 A0A011QAS2	[0, 747, 746, 745, 744, 743, 742, 741, 740]
	 A0A011NEQ1	[0, 747, 746, 745, 744, 743, 742, 741, 740]

 ### Operon type: 25

	 A0A010JSI3	[677, 676, 675, 674, 673, 672, 671, 670, 0]
	 A0A013T0M4	[677, 676, 675, 674, 673, 672, 671, 670, 0]
	 A0A009RGL2	[677, 676, 675, 674, 673, 672, 671, 670, 289]
	 A0A009HDS5	[677, 676, 675, 674, 673, 672, 671, 670, 289]

 ### Operon type: 26

	 A0A009SNL0	[115, 114, 427, 274, 273, 272, 271, 270, 269]

 ### Operon type: 27

	 A0A009T1I8	[427, 274, 273, 272, 271, 270, 269, 0, 0]

 ### Operon type: 28

	 A0A011VW71	[0, 131, 130, 129, 128, 127, 126, 848, 125]
	 A0A011VUV0	[131, 130, 129, 128, 127, 126, 848, 125, 0]

 ### Operon type: 29

	 A0A011UG71	[120, 323, 119, 124, 123, 324, 122, 322, 121]

 ### Operon type: 30

	 A0A011V8Z7	[0, 0, 120, 323, 119, 124, 123, 324, 122]

 ### Operon type: 31

	 A0A011V8Y9	[124, 123, 324, 122, 322, 121, 0, 0, 0]

 ### Operon type: 32

	 A0A011U8C0	[0, 324, 323, 0, 366, 322, 0, 0, 0]

 ### Operon type: 33

	 A0A011QSF0	[0, 786, 785, 784, 783, 782, 781, 815, 0]
	 A0A011QBB5	[648, 786, 785, 784, 783, 782, 781, 815, 587]
	 A0A011Q0X6	[648, 786, 785, 784, 783, 782, 781, 815, 587]
	 A0A011Q1X8	[786, 0, 785, 784, 783, 782, 781, 815, 587]

 ### Operon type: 34

	 A0A011PG87	[648, 786, 785, 784, 783, 782, 781, 0, 0]

 ### Operon type: 35

	 A0A011PCT1	[777, 776, 869, 0, 0, 0, 0, 865, 0]

 ### Operon type: 36

	 A0A011QU35	[0, 0, 0, 0, 871, 0, 777, 776, 869]

 ### Operon type: 37

	 A0A011Q2B1	[778, 691, 871, 870, 869, 868, 867, 866, 865]

 ### Operon type: 38

	 A0A011RLN8	[872, 873, 871, 870, 869, 868, 867, 866, 865]

 ### Operon type: 39

	 A0A011P700	[0, 0, 780, 779, 778, 691, 871, 870, 869]

 ### Operon type: 40

	 A0A011QSI4	[0, 0, 780, 779, 778, 0, 872, 873, 871]

 ### Operon type: 41

	 A0A013T337	[816, 666, 576, 575, 574, 760, 573, 763, 572]
	 A0A013TH30	[816, 666, 576, 575, 574, 760, 573, 763, 572]
	 A0A013S981	[340, 816, 666, 576, 575, 574, 760, 573, 763]

 ### Operon type: 42

	 A0A010JY00	[340, 816, 666, 576, 280, 760, 573, 763, 572]

 ### Operon type: 43

	 A0A013TPV4	[410, 409, 408, 407, 406, 405, 842, 813, 404]
	 A0A009SZB5	[410, 409, 408, 407, 406, 405, 842, 813, 404]
	 A0A009QQ47	[410, 409, 408, 407, 406, 405, 842, 813, 404]
	 A0A009MGJ1	[410, 409, 408, 407, 406, 405, 842, 813, 404]
	 A0A010IZE4	[410, 409, 408, 407, 406, 405, 842, 813, 404]
	 A0A009HL81	[410, 409, 408, 407, 406, 405, 842, 813, 404]
	 A0A009HR98	[410, 409, 408, 407, 406, 405, 842, 813, 404]

 ### Operon type: 44

	 A0A009Z8F7	[409, 408, 405, 0, 406, 5, 5, 0, 47]

 ### Operon type: 45

	 A0A009HFU9	[91, 90, 89, 88, 87, 538, 86, 85, 0]
	 A0A009R016	[91, 90, 89, 88, 87, -1, 538, 86, 85]

 ### Operon type: 46

	 A0A011UJN3	[0, 451, 0, 0, 358, 357, 356, 355, 354]

 ### Operon type: 47

	 A0A011W213	[358, 357, 356, 355, 354, 729, 0, 0, 0]

 ### Operon type: 48

	 A0A011QUG8	[775, 774, 773, 772, 771, 770, 0, 769, 768]
	 A0A011QIT1	[775, 774, 773, 772, 771, 770, 769, 768, 759]

 ### Operon type: 49

	 A0A011NVE7	[726, 725, 724, 817, 818, 819, 820, 821, 822]
	 A0A011PP01	[726, 725, 724, 817, 818, 819, 820, 821, 822]

 ### Operon type: 50

	 A0A011N9N8	[825, 824, 823, 822, 821, 820, 819, 818, 817]
	 A0A011P2I4	[825, 824, 823, 822, 821, 820, 819, 818, 817]

 ### Operon type: 51

	 A0A011PIY7	[637, 0, 823, 822, 821, 820, 819, 0, 817]

 ### Operon type: 52

	 A0A011Q3J4	[0, 637, 823, 822, 821, 820, 819, 818, 0]

 ### Operon type: 53

	 A0A011MH88	[638, 637, 823, 822, 821, 820, 819, 818, 817]

 ### Operon type: 54

	 A0A013SPM5	[570, 569, 568, 567, 566, 565, 564, 563, 562]
	 A0A010IX62	[570, 569, 568, 567, 566, 565, 564, 563, 562]
	 A0A009QFZ7	[570, 569, 568, 567, 566, 565, 564, 563, 562]
	 A0A009MH71	[570, 569, 568, 567, 566, 565, 564, 563, 562]
	 A0A009HSL1	[570, 569, 568, 567, 566, 565, 564, 563, 562]
	 A0A009I6Z0	[570, 569, 568, 567, 566, 565, 564, 563, 562]
	 A0A009TK03	[570, 569, 568, 567, 566, 565, 564, 563, 562]

 ### Operon type: 55

	 A0A009ZIX8	[0, 6, 568, 567, 566, 25, 0, 562, 0]

 ### Operon type: 56

	 A0A010JJN4	[475, 474, 473, 472, 471, 470, 469, 718, 826]
	 A0A013TPR7	[475, 474, 473, 472, 471, 470, 469, 718, 826]
	 A0A009PMT3	[475, 474, 473, 472, 471, 470, 469, 718, 826]
	 A0A009NI48	[475, 474, 473, 472, 471, 470, 469, 718, -1]
	 A0A009SEP4	[475, 474, 473, 472, 471, 0, 470, 469, 0]
	 A0A009RMI1	[475, 474, 473, 472, 471, 470, 469, 718, 0]
	 A0A009HJJ5	[475, 474, 473, 472, 471, 470, 469, 718, 71]
	 A0A009I8I7	[475, 474, 473, 472, 471, 470, 469, 718, 71]
	 A0A009YG45	[0, 475, 474, 473, 471, 0, 470, 469, 718]

 ### Operon type: 57

	 A0A013TPQ9	[416, 415, 414, 413, 412, 813, 728, 411, 827]
	 A0A013S8F0	[416, 415, 414, 413, 412, 813, 728, 411, 827]
	 A0A009PMU2	[416, 415, 414, -1, 412, 813, 728, 411, 827]
	 A0A010IZH1	[-1, 415, 414, 413, 412, 813, 728, 411, 827]
	 A0A009SZ84	[416, 415, 414, 413, 412, 813, 728, 411, 827]
	 A0A009HJM0	[416, 415, 414, 413, 412, 813, 728, 411, 827]

 ### Operon type: 58

	 A0A009HUS9	[415, 414, 0, 413, 412, 173, -1, 174, 175]

 ### Operon type: 59

	 A0A009ISE1	[470, 469, 718, 175, 174, -1, 173, 412, 413]

 ### Operon type: 60

	 A0A009NPS1	[416, 415, 414, 413, 412, -1, 718, 469, 470]

 ### Operon type: 61

	 A0A013SB36	[339, 338, 337, 336, 335, 716, 715, 334, 333]
	 A0A009QSI3	[339, 338, 337, 336, 335, 716, 715, 334, -1]

 ### Operon type: 62

	 A0A010ITP2	[339, 338, 337, 336, 335, 716, 715, 0, 0]

 ### Operon type: 63

	 A0A009SII9	[-1, 338, 337, 336, 335, 716, 715, 277, 276]

 ### Operon type: 64

	 A0A009T0Q9	[335, 716, 715, 277, 276, 333, 638, 813, 275]

 ### Operon type: 65

	 A0A009YJF4	[0, 716, 715, 75, 74, 638, 813, 0, 275]

 ### Operon type: 66

	 A0A009GP96	[0, 84, 813, 659, 279, 83, 538, 82, 81]

 ### Operon type: 67

	 A0A009GSR4	[659, 279, 83, 538, 82, 81, 81, 80, 0]

 ### Operon type: 68

	 A0A009IIT6	[84, 813, 659, 279, 82, 81, 81, 80, 0]

 ### Operon type: 69

	 A0A011SQL0	[695, 368, -1, 367, 366, 365, 364, 363, 362]
	 A0A011UZ49	[368, -1, 367, 366, 365, 364, 363, 362, 0]

 ### Operon type: 70

	 A0A009PT82	[824, 588, 197, 196, 195, 194, 193, 192, 191]
	 A0A009SIF9	[824, 588, 197, 196, 195, 194, 193, 192, 191]

 ### Operon type: 71

	 A0A009IS10	[176, 0, 0, 0, 195, 194, 193, 0, 0]

 ### Operon type: 72

	 A0A009QHW5	[0, 0, 0, 461, 195, 194, 193, 0, 140]

 ### Operon type: 73

	 A0A011UVB4	[0, 0, 0, 260, 0, 0, 176, 0, 125]

 ### Operon type: 74

	 A0A011V107	[498, -1, 497, 496, 495, 494, 493, 492, 0]
	 A0A011U7M7	[0, 498, -1, 497, 496, 495, 494, 493, 492]

 ### Operon type: 75

	 A0A011TLH0	[328, 495, 497, 327, 496, 494, 0, 0, 0]

 ### Operon type: 76

	 A0A011UG87	[519, 520, 521, 328, 495, 497, 327, 496, 494]

 ### Operon type: 77

	 A0A011TLH7	[521, 520, 519, 0, 0, 0, 0, 0, 0]

 ### Operon type: 78

	 A0A011TWN2	[518, 517, 516, 515, 514, 513, 512, 0, 0]
	 A0A011TAF9	[0, 0, 518, 517, 516, 515, 514, 513, 512]

 ### Operon type: 79

	 A0A011Q5V7	[754, 0, 0, 0, 864, 863, 862, 861, 860]

 ### Operon type: 80

	 A0A011RM25	[864, 863, 862, 861, 860, 859, 0, 858, 0]

 ### Operon type: 81

	 A0A011QIE8	[604, 603, 602, 728, 601, 600, 599, 0, 0]
	 A0A011QDV3	[604, 603, 602, 728, 601, 600, 588, 0, 599]

 ### Operon type: 82

	 A0A011QAB0	[791, 751, 750, 0, 749, 825, 847, 748, 0]
	 A0A011PL71	[679, 791, 751, 750, 749, 825, 847, 748, 0]

 ### Operon type: 83

	 A0A011Q6N5	[833, 832, 831, 0, 0, 0, 753, 752, 753]

 ### Operon type: 84

	 A0A011SGD5	[0, 0, 0, 0, 0, 0, 833, 832, 831]

 ### Operon type: 85

	 A0A011NYU6	[585, 584, 0, 583, 626, 27, 26, 0, 582]

 ### Operon type: 86

	 A0A011PYI6	[585, 584, 0, 583, 626, 582, 665, 835, 0]

 ### Operon type: 87

	 A0A011P1C0	[0, 0, 27, 26, 582, 0, 0, 0, 0]

 ### Operon type: 88

	 A0A011N4G4	[0, 0, 705, 704, 703, 702, 703, 701, 700]
	 A0A011PKU5	[705, 704, 703, 702, 703, 701, 700, 0, 0]

 ### Operon type: 89

	 A0A010ZWJ8	[21, 20, 19, 627, 18, 688, 506, 688, 17]

 ### Operon type: 90

	 A0A011AHW1	[18, 627, 19, 20, 21, 0, 0, 22, 0]

 ### Operon type: 91

	 A0A011AHU9	[506, 688, 17, 0, 0, 0, 0, 9, 638]

 ### Operon type: 92

	 A0A010ZX98	[16, 15, 14, 13, 12, 11, 728, 728, 0]

 ### Operon type: 93

	 A0A011AIL7	[12, 13, 14, 15, 16, 0, 0, 0, 0]

 ### Operon type: 94

	 A0A010YF95	[755, 38, 769, 37, 36, 36, 35, 359, 34]

 ### Operon type: 95

	 A0A010ZJQ6	[38, 769, 37, 36, 36, 35, 359, 34, 0]

 ### Operon type: 96

	 A0A009GXL8	[78, 77, 76, 75, 74, 286, 147, 146, 145]

 ### Operon type: 97

	 A0A010JIW7	[78, 77, 76, 75, 74, 0, 0, 147, 146]

 ### Operon type: 98

	 A0A011QNA5	[0, 598, 597, 596, 0, 595, 594, 593, 592]
	 A0A009ZLJ7	[592, 593, 594, 595, 0, 0, 598, 597, 596]

 ### Operon type: 99

	 A0A013T0T6	[595, 594, 593, 592, 581, 580, 579, 578, 577]
	 A0A009QMH5	[595, 594, 593, 592, 581, 580, 579, 578, 577]
	 A0A009PE10	[595, 594, 593, 592, 581, 216, 579, 578, -1]
	 A0A009ISY0	[595, 594, 593, 592, 581, 216, 579, 578, 577]
	 A0A009RMD0	[595, 594, 593, 592, 581, 216, 579, 578, 577]
	 A0A009HAX1	[595, 594, 593, 592, 581, 580, 579, 578, 577]

 ### Operon type: 100

	 A0A010ILW6	[595, 594, 593, 592, 581, 580, 0, 0, 578]

 ### Operon type: 101

	 A0A009Z9X7	[594, 593, 592, 0, 581, 0, 767, 0, 578]

 ### Operon type: 102

	 A0A013S8V2	[343, 342, 0, 0, 0, 341, 0, 0, 0]
	 A0A009R8E1	[0, 54, 0, 343, 342, 0, 0, 341, 0]

 ### Operon type: 103

	 A0A009ICH6	[436, 184, 183, 182, 280, 53, 52, 51, 763]
	 A0A009ZFR5	[436, 184, 183, 182, 280, 53, 52, 51, 763]

 ### Operon type: 104

	 A0A009NQA1	[436, 184, 183, 182, 181, 180, 576, 763, 760]
	 A0A009RR21	[436, 184, 183, 182, 181, 180, 576, 763, 760]

 ### Operon type: 105

	 A0A009HTN9	[436, 184, 183, 182, 181, 180, 73, 734, 72]
	 A0A009T3J5	[436, 184, 183, 182, 181, 180, 73, 734, 72]

 ### Operon type: 106

	 A0A009Q0U9	[436, 184, 183, 182, 181, 180, -1, -1, 0]

 ### Operon type: 107

	 A0A009QEG7	[233, 232, 231, 230, 229, 228, 227, 226, 225]
	 A0A009IPC3	[233, 232, 231, 230, 229, 228, 227, 226, 225]

 ### Operon type: 108

	 A0A009I573	[137, 0, 155, 156, 0, 157, 229, 230, 231]

 ### Operon type: 109

	 A0A009ILP9	[226, 0, 231, 230, 229, 157, 225, 156, 155]

 ### Operon type: 110

	 A0A009I953	[226, 0, 231, 230, 229, 157, 225, 0, -1]

 ### Operon type: 111

	 A0A009SX74	[646, 696, 0, 156, 225, 226, 232, 233, 116]

 ### Operon type: 112

	 A0A010IPH1	[450, 449, 803, 448, 447, 446, 445, 444, 443]
	 A0A009MMG9	[450, 449, 803, 448, 447, 446, 445, 444, 443]
	 A0A009QVK8	[450, 449, 803, 448, 447, 446, 445, 444, 443]
	 A0A009ICP5	[450, 449, 803, 448, 447, 446, 445, 444, 443]

 ### Operon type: 113

	 A0A009SIV4	[265, 266, 267, 138, 447, 446, 445, 444, 443]
	 A0A009HTW0	[265, 266, 267, 138, 447, 446, 445, 444, 443]
	 A0A009QLL2	[265, 266, 267, 138, 447, 446, 445, 444, 443]
	 A0A013TSJ4	[266, 267, 0, 138, 447, 446, 445, 444, 443]

 ### Operon type: 114

	 A0A013TCN9	[553, 552, 551, 550, 549, 548, 547, 813, 728]
	 A0A009QNC9	[553, 552, 551, 550, 549, 548, 547, 813, 728]
	 A0A010ITG1	[553, 552, 551, 550, 549, 548, 547, 813, 728]
	 A0A009NIJ3	[553, 552, 551, 550, 549, 548, 547, 813, 728]
	 A0A013TRC1	[553, 552, 551, 550, 549, 548, 547, 813, 728]

 ### Operon type: 115

	 A0A009H935	[0, 0, 551, 550, 549, 548, 547, 813, 728]

 ### Operon type: 116

	 A0A009IMX3	[442, 441, 440, 439, 438, 152, 152, 835, 151]
	 A0A009QEX0	[442, 441, 440, 439, 438, 152, 152, 835, 151]
	 A0A009SF48	[442, 441, 440, 439, 438, -1, 152, 835, 151]

 ### Operon type: 117

	 A0A010ISX2	[442, 441, 440, 439, 438, 437, 436, 435, 434]
	 A0A013S7V1	[442, 441, 440, 439, 438, 437, 436, 435, 434]
	 A0A009RES7	[442, 441, 440, 439, 438, 437, 436, 435, 434]
	 A0A009MR00	[442, 441, 440, 439, 438, 437, 436, 435, 434]

 ### Operon type: 118

	 A0A009YTT3	[3, 87, 440, 439, 438, 437, 436, 435, 434]

 ### Operon type: 119

	 A0A009GYP9	[0, 0, 0, 439, 438, 437, 436, 435, 434]

 ### Operon type: 120

	 A0A009ZZC8	[-1, 114, 115, 3, 87, 440, 439, 438, 437]

 ### Operon type: 121

	 A0A011WSE5	[313, 312, 311, 310, 309, 308, 307, 306, 422]
	 A0A011UGX8	[133, 313, 312, 311, 310, 309, 308, 307, 306]

 ### Operon type: 122

	 A0A011VZG0	[421, 0, 133, 313, 312, 311, 310, 309, 308]

 ### Operon type: 123

	 A0A009PJF7	[261, 262, 262, 263, 202, 264, 201, 200, 199]
	 A0A009SJZ7	[260, 261, 262, 263, 202, 264, 201, 200, 199]

 ### Operon type: 124

	 A0A009Z5G0	[264, 263, 262, 0, 371, 261, 260, 384]

 ### Operon type: 125

	 A0A010JJC1	[829, 468, 467, 466, 465, 464, 463, 476, 462]
	 A0A010IZ41	[468, 467, 466, 465, 464, 463, 476, 462, 396]

 ### Operon type: 126

	 A0A009QJL6	[829, 468, 467, 466, 0, 462, 396, 139, 0]

 ### Operon type: 127

	 A0A013TB41	[403, -1, 402, 401, 400, 824, 449, 693, 399]
	 A0A013SGL3	[403, 332, 402, 401, 400, 824, 449, 693, 399]
	 A0A010KAV2	[403, 332, 402, 401, 400, 824, 449, 693, 399]
	 A0A009PG53	[403, 332, 402, 401, 400, 824, 449, 693, 399]
	 A0A009NE81	[403, 332, 402, 401, 400, 824, 449, 693, 399]
	 A0A009RQH3	[403, 332, 402, 401, 400, 824, 449, 693, 399]
	 A0A009I5Z6	[403, 332, 402, 401, 400, 824, 449, 693, 399]
	 A0A009SHB3	[403, 332, 402, 401, 400, 824, 449, 693, 399]

 ### Operon type: 128

	 A0A009H3X4	[403, 332, 402, 401, 400, 824, -1, 667, -1]

 ### Operon type: 129

	 A0A009PIB4	[0, 0, 0, 190, 189, 188, 538, 813, 825]
	 A0A009SLR5	[0, 0, 0, 190, 189, 188, 538, 813, 825]

 ### Operon type: 130

	 A0A009HSU4	[0, 0, 711, 813, 0, 824, 693, 825, 538]

 ### Operon type: 131

	 A0A009PAG1	[843, 56, 55, 426, 426, 425, 424, 423, 179]
	 A0A009I463	[843, 56, 55, 426, 426, 425, 424, 423, 179]

 ### Operon type: 132

	 A0A013SKX6	[0, 0, 843, 0, 426, 426, 425, 424, 423]

 ### Operon type: 133

	 A0A011Q5S3	[759, 758, 0, 0, 0, 0, 757, 756, 755]

 ### Operon type: 134

	 A0A011UZZ4	[0, 757, 756, 0, 0, 0, 503, 503, 755]

 ### Operon type: 135

	 A0A011UTJ0	[0, 0, 0, 108, 107, 106, 807, 105, 104]

 ### Operon type: 136

	 A0A011VMV7	[108, 107, 106, 807, 105, 104, 480, 479, 478]

 ### Operon type: 137

	 A0A011NYT4	[814, 720, 719, 718, 0, 717, 717, 716, 715]

 ### Operon type: 138

	 A0A011P8E9	[0, 0, 814, 720, 0, 719, 718, 0, 0]

 ### Operon type: 139

	 A0A010TF34	[0, -1, 0, 0, 61, 60, 59, 58, 57]
	 A0A010SYH9	[61, 60, 59, 58, 57, 0, 0, 0, 0]

 ### Operon type: 140

	 A0A010S7A1	[97, 96, 95, 94, 0, 93, 0, 0, 0]
	 A0A010TFJ4	[0, -1, 0, 97, 96, 95, 94, -1, 93]

 ### Operon type: 141

	 A0A009PAV9	[224, -1, 803, 223, 426, 538, 222, 221, 220]
	 A0A009HJC2	[224, 728, 803, 223, 426, 538, 222, 221, 220]

 ### Operon type: 142

	 A0A009SE02	[0, 220, 0, 0, 0, 221, 222, 538, 426]

 ### Operon type: 143

	 A0A009RSB7	[693, 436, 683, 433, 209, 813, 813, 431, 430]
	 A0A009SYU8	[693, 436, 683, 433, 209, 813, 813, 431, 430]
	 A0A009HS41	[693, 436, 683, 433, 209, 813, 813, 431, 430]

 ### Operon type: 144

	 A0A010IT25	[693, 436, 683, 433, 432, 813, 813, 431, 430]
	 A0A013SHA9	[693, 436, 683, 433, 432, 813, 813, 431, 430]
	 A0A009I466	[693, 436, 683, 433, 432, 813, 813, 431, 430]

 ### Operon type: 145

	 A0A009NMQ9	[693, 436, 683, 433, 432, 0, 813, 813, 431]

 ### Operon type: 146

	 A0A009P8A9	[0, 0, 683, 433, 209, 813, 813, 431, 430]

 ### Operon type: 147

	 A0A009ITT8	[172, 171, 170, 295, 294, 169, 293, 292, 291]
	 A0A009NJ90	[172, 171, 170, 295, 294, 158, 169, 293, 292]

 ### Operon type: 148

	 A0A009NCH6	[167, 293, 292, 291, 278, 166, 165, 149, 148]
	 A0A009IJ01	[293, 292, 291, 290, 278, 166, 165, 149, 148]

 ### Operon type: 149

	 A0A009RQL5	[293, 292, 291, 144, 278, 166, 165, 149, 0]

 ### Operon type: 150

	 A0A009MGQ8	[294, 0, 167, 293, 292, 291, 278, 166, 165]

 ### Operon type: 151

	 A0A009IJ07	[298, 297, 296, 295, 294, 293, 292, 291, 290]
	 A0A009S6G1	[298, 297, 296, 295, 294, 293, 292, 291, 278]
	 A0A009RHH7	[298, 297, 296, 295, 294, 158, 293, 292, 291]

 ### Operon type: 152

	 A0A009HZK2	[296, 295, 294, 293, 292, 291, 290, 278, 166]

 ### Operon type: 153

	 A0A009R4N4	[295, 294, 158, 293, 292, 291, 144, 278, 166]

 ### Operon type: 154

	 A0A009S5A5	[294, 158, 169, 293, 292, 291, 290, 143, 278]

 ### Operon type: 155

	 A0A009RHH9	[0, 0, 0, 0, 477, 298, 297, 296, 295]

 ### Operon type: 156

	 A0A011PGU1	[0, 0, 645, 644, 643, 642, 641, 640, 639]
	 A0A011MDH1	[713, 0, 645, 644, 643, 642, 641, 640, 639]

 ### Operon type: 157

	 A0A011V0P4	[531, 502, 0, 0, 501, 0, 0, 500, 499]

 ### Operon type: 158

	 A0A011WPV7	[500, 499, 0, 0, 0, 0, 0, 0, 0]

 ### Operon type: 159

	 A0A011UDF3	[644, 320, 0, 0, 0, 511, 319, 318, 790]

 ### Operon type: 160

	 A0A011VSC9	[319, 318, 790, 0, 0, 0, 0, 0, 0]

 ### Operon type: 161

	 A0A011SF89	[840, 839, 838, 0, 0, 0, 0, 0, 0]

 ### Operon type: 162

	 A0A011UCX7	[0, 791, 840, 839, 0, 838, 321, 0, 0]

 ### Operon type: 163

	 A0A011RNP9	[0, 0, 0, 0, 0, 848, 847, 0, 0]

 ### Operon type: 164

	 A0A011V0B5	[843, 0, 0, 0, 0, 0, 848, 0, 0]

 ### Operon type: 165

	 A0A011RQC9	[0, 843, 842, 0, 0, 0, 0, 841, 0]

 ### Operon type: 166

	 A0A011QG28	[591, 590, 644, 0, 643, 642, 689, 589, 690]
	 A0A011RIM8	[591, 590, 0, 0, 643, 642, 689, 589, 690]

 ### Operon type: 167

	 A0A011PHI6	[699, 0, 698, 0, 0, 697, 772, 732, 0]

 ### Operon type: 168

	 A0A011QI68	[0, 0, 698, 697, 0, 0, 0, 0, 0]

 ### Operon type: 169

	 A0A011NVJ6	[723, 738, 737, 736, 735, 734, 0, 0, 722]

 ### Operon type: 170

	 A0A011PVP2	[0, 738, 737, 736, 735, 734, 0, 0, 733]

 ### Operon type: 171

	 A0A011NXY7	[0, 0, 737, 0, 735, 0, 0, 0, 0]

 ### Operon type: 172

	 A0A011QR69	[765, 764, 763, 762, 761, 760, 0, 0, 0]
	 A0A011NUB4	[765, 764, 763, 762, 761, 760, 0, 729, 0]

 ### Operon type: 173

	 A0A011NN36	[764, 763, 0, 0, 761, 760, 0, 0, 0]

 ### Operon type: 174

	 A0A011PK69	[763, 682, 0, 0, 761, 760, 0, 0, 0]

 ### Operon type: 175

	 A0A011RMI6	[857, 856, 855, 854, 853, 852, 851, 850, 849]
	 A0A011NYD6	[857, 856, 855, 854, 853, 852, 851, 850, 849]

 ### Operon type: 176

	 A0A011QB28	[739, 857, 856, 0, 0, 852, 851, 850, 849]

 ### Operon type: 177

	 A0A011NF33	[0, 852, 851, 0, 0, 0, 0, 0, 0]

 ### Operon type: 178

	 A0A011NBY4	[794, 0, 0, 793, 0, 0, 792, 0, 0]

 ### Operon type: 179

	 A0A011WRT0	[794, 0, 0, 0, 0, 0, 0, 835, 0]

 ### Operon type: 180

	 A0A011SHV5	[0, 0, 0, 0, 0, 830, 835, 829, 0]

 ### Operon type: 181

	 A0A011NB95	[0, 804, 0, 0, 0, 0, 803, 802, 801]

 ### Operon type: 182

	 A0A011UHT4	[139, 132, 802, 0, 0, 63, 63, 801, 0]

 ### Operon type: 183

	 A0A010Z1W7	[0, 0, 0, 0, 0, 66, 0, 523, 524]

 ### Operon type: 184

	 A0A011VY84	[0, 0, 524, 523, 0, 0, 0, 0, 0]

 ### Operon type: 185

	 A0A010YW85	[0, 0, 0, 0, 0, 417, 0, 523, 524]

 ### Operon type: 186

	 A0A010ZMA0	[523, 828, 0, 0, 0, 0, 0, 0, 0]

 ### Operon type: 187

	 A0A011N5L2	[0, 0, 0, 828, 0, 827, 826, 0, 0]

 ### Operon type: 188

	 A0A009MJ75	[0, 0, 179, 178, 177, 0, 0, 0, 659]

 ### Operon type: 189

	 A0A010IH51	[0, 443, 0, 0, 177, 0, 659, 0, 0]

 ### Operon type: 190

	 A0A011TYT7	[0, 0, 0, 0, 0, 0, 443, 360, 360]

 ### Operon type: 191

	 A0A010RRR9	[0, 0, 0, 0, 661, 0, 0, 660, 659]

 ### Operon type: 192

	 A0A010SIA7	[0, 0, 660, 94, 0, 0, 0, 0, 0]

 ### Operon type: 193

	 A0A010RFQ9	[0, 0, 669, 0, 668, 0, 0, 0, 0]

 ### Operon type: 194

	 A0A010SPR9	[44, 44, 0, 0, 0, 668, 0, 0, 0]

 ### Operon type: 195

	 A0A009LNU8	[299, 301, 364, 302, 0, 168, 0, 538, 0]

 ### Operon type: 196

	 A0A013SRG6	[303, 302, 364, 301, 0, 300, 0, 299, 631]

 ### Operon type: 197

	 A0A009IQU8	[0, 301, 0, 0, 0, 300, 631, 0, 0]

 ### Operon type: 198

	 A0A010K2K8	[364, 302, 303, 0, 0, 0, 0, -1, 538]

 ### Operon type: 199

	 A0A011NPR8	[0, 631, 0, 0, 0, 0, 630, 0, 0]

 ### Operon type: 200

	 A0A010SEA2	[758, 630, 92, 0, 0, 0, 0, 0, 0]

 ### Operon type: 201

	 A0A010IGH8	[0, 0, 0, 0, 0, 0, 0, 374, 431]

 ### Operon type: 202

	 A0A010STD3	[0, 0, 0, 510, 509, 508, 0, 431, 374]

 ### Operon type: 203

	 A0A010SQJ5	[344, 448, 0, 510, 509, 508, 0, 0, 0]

 ### Operon type: 204

	 A0A013RVV2	[553, 0, 376, 375, 0, 0, 431, 374, 0]

 ### Operon type: 205

	 A0A011TD67	[511, 0, 0, 510, 509, 508, 507, 0, 506]

 ### Operon type: 206

	 A0A009ZC12	[0, 0, 0, 510, 0, 508, 507, 4, 788]

 ### Operon type: 207

	 A0A009YSC7	[0, 0, 792, 1, 0, 1, 376, 375, 0]

 ### Operon type: 208

	 A0A009ZJK4	[0, 0, 0, 0, 0, 0, 436, 41, 0]

 ### Operon type: 209

	 A0A010SVN1	[-1, 41, 813, 243, 329, 0, 0, 436, 0]

 ### Operon type: 210

	 A0A009PFK7	[215, 214, 213, 212, 211, 0, 0, 210, 0]
	 A0A009QGN4	[215, 214, 213, 212, 211, 210, 0, 0, 0]

 ### Operon type: 211

	 A0A009YR20	[0, 210, 0, 0, 0, 0, 214, 0, 0]

 ### Operon type: 212

	 A0A009SCM5	[113, 112, 111, 0, 0, 0, 0, 0, 0]

 ### Operon type: 213

	 A0A009TJ77	[116, 159, 0, 0, 0, 0, 113, 112, 111]

 ### Operon type: 214

	 A0A009HZV2	[0, 0, 0, 0, 248, 247, 158, 0, 0]

 ### Operon type: 215

	 A0A009QPE7	[0, 0, 0, 0, 248, 247, 0, 0, 0]

 ### Operon type: 216

	 A0A009MGR3	[0, 0, 241, 0, 571, 143, 88, 240, 239]

 ### Operon type: 217

	 A0A009Q4G0	[0, 242, 241, 0, 571, 0, 240, 239, 240]

 ### Operon type: 218

	 A0A009PB53	[0, 0, 219, 218, 571, 240, 239, 240, 217]

 ### Operon type: 219

	 A0A009PUJ8	[0, 219, 218, 571, 0, 217, 147, 146, 145]

 ### Operon type: 220

	 A0A009QQC0	[246, 0, 245, 813, 428, 428, 244, 411, 243]
	 A0A009H7I0	[246, 0, 0, 813, 428, 428, 244, 411, 243]

 ### Operon type: 221

	 A0A009MVG4	[245, 0, 429, 813, 428, 428, 244, 411, 243]

 ### Operon type: 222

	 A0A009QA91	[236, 235, 693, 813, 428, 428, 244, 411, 243]
	 A0A010J377	[236, 235, 693, 813, 428, 428, 244, 411, 243]

 ### Operon type: 223

	 A0A009S1X4	[236, 235, 693, 813, 428, 428, 813, 0, 204]

 ### Operon type: 224

	 A0A013SHF4	[0, 0, 429, 813, 428, 428, 0, 427, 0]

 ### Operon type: 225

	 A0A011N3C3	[0, 0, 0, 711, 710, 709, 708, 707, 706]
	 A0A011PJK8	[711, 710, 709, 708, 707, 706, 0, 0, 0]

 ### Operon type: 226

	 A0A011WKI4	[0, 0, 0, 0, 0, 678, 251, 250, 253]
	 A0A011UWH1	[678, 251, 250, 253, 0, 0, 0, 0, 0]

 ### Operon type: 227

	 A0A010YKP2	[0, 0, 0, 0, 0, 0, 722, 491, 0]

 ### Operon type: 228

	 A0A011V1A2	[502, 0, 0, 491, 0, 0, 0, 0, 0]

 ### Operon type: 229

	 A0A011NGS0	[0, 0, 0, 0, 632, 685, 0, 0, 0]

 ### Operon type: 230

	 A0A011PW61	[0, 0, 0, 0, 632, 685, 0, 0, 586]

 ### Operon type: 231

	 A0A011UXI1	[0, 680, 0, 0, 632, 685, 505, 0, 0]

 ### Operon type: 232

	 A0A011SWI9	[-1, -1, 0, 699, 632, 685, 505, -1, -1]

 ### Operon type: 233

	 A0A011P952	[685, 0, 684, 0, 0, 684, 0, 0, 0]

 ### Operon type: 234

	 A0A011QVV5	[0, 0, 714, 732, 731, 730, 731, 733, 713]
	 A0A011Q1B3	[714, 732, 731, 730, 731, 733, 713, 0, 0]

 ### Operon type: 235

	 A0A011NSG8	[0, 0, 0, 732, 731, 730, 0, 731, 0]

 ### Operon type: 236

	 A0A011P0X4	[0, 0, 713, 0, 731, 0, 0, 730, 54]

 ### Operon type: 237

	 A0A010YNY9	[0, 0, 67, 28, 0, 0, 0, 0, 99]

 ### Operon type: 238

	 A0A011AC71	[204, 0, 0, 331, 0, 67, 28, 0, 693]

 ### Operon type: 239

	 A0A011PRW6	[622, 0, 0, 0, 621, 856, 855, 0, 0]
	 A0A011QLX0	[0, 622, 0, 0, 621, 0, 856, 855, 0]

 ### Operon type: 240

	 A0A010SML6	[0, 856, 855, -1, 0, 696, 0, 0, 0]

 ### Operon type: 241

	 A0A010RS09	[0, 0, 0, 0, 58, 0, 667, 667, 0]

 ### Operon type: 242

	 A0A010RTE7	[0, 0, 0, 0, 0, 0, 58, 159, 0]

 ### Operon type: 243

	 A0A009P817	[238, 0, 0, 0, 187, 0, 419, 186, 185]

 ### Operon type: 244

	 A0A009TIY0	[0, 0, 0, 0, 187, 0, 419, 186, 0]

 ### Operon type: 245

	 A0A009QKA3	[419, 186, 0, 185, 0, 0, 0, 0, 215]

 ### Operon type: 246

	 A0A009HSR2	[0, 136, 135, 0, 134, 161, 162, 158, 163]

 ### Operon type: 247

	 A0A009SWM1	[0, 136, 135, 0, 134, 0, 0, 162, 0]

 ### Operon type: 248

	 A0A009MYX0	[164, 163, 0, 711, 0, 0, 162, 161, 160]

 ### Operon type: 249

	 A0A009QK79	[0, 0, 160, 161, 0, 162, 0, 0, 163]

 ### Operon type: 250

	 A0A009GXJ1	[490, 489, 161, 162, 79, 158, 163, 164, 0]

 ### Operon type: 251

	 A0A013TKW8	[0, 650, 0, 538, 537, 536, 535, 534, 533]
	 A0A010IT95	[0, 0, 0, 538, 537, 536, 535, 534, 533]
	 A0A009QT77	[0, 0, -1, 538, 537, 536, 535, 534, 533]
	 A0A009PRQ9	[0, 538, 198, 0, 537, 536, 535, 534, 533]
	 A0A009S0T6	[0, 0, 538, 198, 537, 536, 535, 534, 533]
	 A0A009MH36	[0, 0, 0, 538, 537, 536, 535, 534, 533]
	 A0A009GWD0	[158, 0, 0, 538, 537, 536, 535, 534, 533]
	 A0A009I5G9	[0, 0, 538, 198, 537, 536, 535, 534, 533]

 ### Operon type: 252

	 A0A013TMJ7	[728, -1, 0, 538, 537, 534, 533, 0, 0]

 ### Operon type: 253

	 A0A011VXC2	[-1, 530, 0, 624, 529, 528, 527, 526, 525]
	 A0A011V392	[530, 0, 624, 529, 528, 527, 0, 526, 525]

 ### Operon type: 254

	 A0A011V490	[421, 420, 0, 525, 526, 527, 528, 529, 624]

 ### Operon type: 255

	 A0A011VZF5	[0, 0, 529, 528, 527, 791, 420, 791, 0]

 ### Operon type: 256

	 A0A011WLE7	[0, 0, 0, 0, 0, 249, 0, 0, 0]
	 A0A011VU44	[0, 0, 0, 0, 0, 249, 0, 0, 0]

 ### Operon type: 257

	 A0A011VAP2	[0, 0, 117, 0, 0, 0, 0, 0, 316]

 ### Operon type: 258

	 A0A011VRJ8	[0, 0, 0, 0, 0, 0, 117, 0, 0]

 ### Operon type: 259

	 A0A011RNU1	[0, 0, 0, 0, 0, 0, 846, 846, 845]

 ### Operon type: 260

	 A0A011VKJ9	[0, 0, 0, 0, 0, 0, 845, 846, -1]

 ### Operon type: 261

	 A0A011PQZ7	[0, 0, 0, 627, 626, 0, 625, 0, 0]

 ### Operon type: 262

	 A0A011TUX4	[0, 0, 0, 0, 626, 0, 0, 625, 0]

 ### Operon type: 263

	 A0A011STZ9	[0, 0, 0, 625, 0, 0, 0, 0, 0]

 ### Operon type: 264

	 A0A011PRF5	[623, 0, 0, 0, 0, 0, 0, 0, 0]
	 A0A011PUJ9	[0, 0, 0, 0, 0, 0, 0, 0, 623]

 ### Operon type: 265

	 A0A011PFY8	[0, 0, 0, 0, 0, 0, 0, 0, 649]

 ### Operon type: 266

	 A0A011PNS3	[766, 649, 0, 0, 0, 0, 0, 0, 0]

 ### Operon type: 267

	 A0A011T648	[0, 649, 0, 0, 0, 0, 0, 763, 0]

 ### Operon type: 268

	 A0A010YYJ5	[0, 0, 0, 791, 0, 0, 0, 48, 48]

 ### Operon type: 269

	 A0A011NDM5	[791, 0, 0, 0, 0, 0, 0, 0, 0]

 ### Operon type: 270

	 A0A011MSR2	[0, 0, 0, 712, 0, 0, 0, 791, 791]

 ### Operon type: 271

	 A0A011WSU6	[0, 791, 0, 0, 526, 0, 0, 0, 0]

 ### Operon type: 272

	 A0A011U3C2	[0, 0, 689, 0, 0, 0, 0, 0, 0]
	 A0A011AEN3	[0, 0, 0, 0, 0, 0, 689, 0, 0]

 ### Operon type: 273

	 A0A011AAZ2	[0, 100, 0, 0, 0, 689, 689, 689, 0]

 ### Operon type: 274

	 A0A011T698	[0, 0, 0, 0, 0, 693, 689, 0, 0]

 ### Operon type: 275

	 A0A010YRE8	[0, 0, 0, 0, 0, 0, 0, 11, 0]

 ### Operon type: 276

	 A0A011AF05	[0, 0, 204, 11, 0, 0, 0, 0, 0]

 ### Operon type: 277

	 A0A009ZG48	[0, 0, 0, 650, 0, 0, 0, 0, 0]

 ### Operon type: 278

	 A0A011PEJ8	[0, 0, 651, 650, 0, 0, 0, 0, 0]

 ### Operon type: 279

	 A0A011QNJ7	[635, 0, 0, 650, 0, 0, 0, 635, 0]

 ### Operon type: 280

	 A0A011MMJ4	[0, 0, 0, 0, 0, 0, 0, 635, 0]

 ### Operon type: 281

	 A0A011R8M3	[0, 0, 651, 650, 0, 504, 0, 635, 0]

 ### Operon type: 282

	 A0A009ZC82	[0, 0, 695, 0, 0, 0, 0, 0, 0]

 ### Operon type: 283

	 A0A011P3F6	[696, 0, 0, 695, 0, 0, 0, 0, 0]

 ### Operon type: 284

	 A0A009IG48	[0, 0, 0, 154, 153, 0, 0, 0, 696]

 ### Operon type: 285

	 A0A009IMQ0	[0, 0, 0, 154, 153, 0, 0, 0, 0]

 ### Operon type: 286

	 A0A009SWV1	[0, 0, 0, 0, 0, 0, 0, 154, 0]

 ### Operon type: 287

	 A0A009Q512	[0, 0, 0, 0, 237, 0, 0, 0, 0]
	 A0A009PMZ9	[237, 0, 0, 0, 0, 0, 0, 0, 0]

 ### Operon type: 288

	 A0A009IFL2	[0, 50, 0, 49, -1, 0, 0, 0]

 ### Operon type: 289

	 A0A009ZDS1	[-1, -1, 0, 50, 0, 0, 468, 0, 0]

 ### Operon type: 290

	 A0A010SNM6	[69, 68, -1, 0, 0, 0, 728, 0, 0]

 ### Operon type: 291

	 A0A010T5D8	[68, 69, 0, -1, 0, -1, 396, 0, 0]

 ### Operon type: 292

	 A0A011UB51	[522, 0, 0, 0, 0, 0, 0, 0, 0]
	 A0A011UFH1	[0, 0, 0, 0, 0, 522, 0, 0, 0]

 ### Operon type: 293

	 A0A011V965	[0, -1, -1, 0, 118, 0, -1, -1, 0]
	 A0A011VHP2	[0, -1, -1, -1, 118, 0, 0, 0, 0]

 ### Operon type: 294

	 A0A010RVD0	[-1, 0, 0, -1, 0, 815, 815, 0, 45]

 ### Operon type: 295

	 A0A010T7Q5	[0, 45, 0, 0, 0, 0, -1, 0, 0]

 ### Operon type: 296

	 A0A010SJH7	[0, 0, 728, -1, 0, 0, 244, 0, 0]

 ### Operon type: 297

	 A0A010SRR2	[0, 0, -1, 0, 0, 0, 0, 0, 728]

 ### Operon type: 298

	 A0A010RKP8	[0, 0, 0, 0, 0, 0, -1, 0, 0]
	 A0A011UZ32	[0, 0, 0, 0, 0, -1, 0, 0, 0]
	 A0A009HJU6	[0, 0, 0, 0, 0, 0, 0, 0, -1]
	 A0A010TF14	[-1, 0, 0, 0, 0, 0, 0, 0, 0]
	 A0A010RY47	[-1, 0, -1, 0, 0, 0, 0, 0, 0]

 ### Operon type: 299

	 A0A010SJF9	[0, 0, 0, 0, 0, -1, 0, 70, -1]

 ### Operon type: 300

	 A0A011ML54	[0, 0, 0, 636, 0, 0, 0, 0, -1]

 ### Operon type: 301

	 A0A011NHY1	[0, 0, 0, 0, 0, 728, 0, 0, 0]

 ### Operon type: 302

	 A0A010Z171	[0, 0, 0, 0, 0, 0, 728, 0, 711]

 ### Operon type: 303

	 A0A011T697	[728, 0, 0, 0, 0, 0, 0, 0, 419]

 ### Operon type: 304

	 A0A011TDD1	[0, 330, 728, 0, 0, 0, 0, 0, 0]

 ### Operon type: 305

	 A0A011VW24	[0, 0, 859, 0, 0, 0, 0, 0, -1]

 ### Operon type: 306

	 A0A011T8V3	[0, 0, 859, 0, 0, 0, 0, 0, 0]

 ### Operon type: 307

	 A0A010TH98	[586, 0, 0, 859, 0, 0, 0, 0, 0]

 ### Operon type: 308

	 A0A011QVR3	[0, 0, 0, 0, 0, 0, 0, 804, 859]

 ### Operon type: 309

	 A0A011VYF1	[859, 0, 0, 0, 0, 0, 522, 0, 0]

 ### Operon type: 310

	 A0A010S415	[-1, 859, 0, 243, 0, 0, 0, 0, 457]

 ### Operon type: 311

	 A0A011NAJ1	[0, 0, 0, 0, 0, 0, 0, 0, 0]
	 A0A011QSN2	[0, 0, 0, 0, 0, 0, 0, 0, 0]
	 A0A011NTU3	[0, 0, 0, 0, 0, 0, 0, 0, 0]
	 A0A011N2Z0	[0, 0, 0, 0, 0, 0, 0, 0, 0]
	 A0A011P9Z5	[0, 0, 0, 0, 0, 0, 0, 0, 0]
	 A0A011PNN2	[0, 0, 0, 0, 0, 0, 0, 0, 0]
	 A0A011PBM9	[0, 0, 0, 0, 0, 0, 0, 0, 0]
	 A0A011NMI8	[0, 0, 0, 0, 0, 0, 0, 0, 0]
	 A0A011QMJ8	[0, 0, 0, 0, 0, 0, 0, 0, 0]
	 A0A011Q056	[0, 0, 0, 0, 0, 0, 0, 0, 0]
	 A0A013TEV4	[0, 0, 0, 0, 0, 0, 0, 0, 0]
	 A0A011VYF6	[0, 0, 0, 0, 0, 0, 0, 0, 0]
	 A0A011UHL2	[0, 0, 0, 0, 0, 0, 0, 0, 0]
	 A0A013SL47	[0, 0, 0, 0, 0, 0, 0, 0, 0]
	 A0A011WUT3	[0, 0, 0, 0, 0, 0, 0, 0, 0]
	 A0A013S2B9	[0, 0, 0, 0, 0, 0, 0, 0, 0]
	 A0A013SBR8	[0, 0, 0, 0, 0, 0, 0, 0, 0]
	 A0A011UBN9	[0, 0, 0, 0, 0, 0, 0, 0, 0]
	 A0A009PDV4	[0, 0, 0, 0, 0, 0, 0, 0, 0]
	 A0A009M4K0	[0, 0, 0, 0, 0, 0, 0, 0, 0]
	 A0A009MH90	[0, 0, 0, 0, 0, 0, 0, 0, 0]
	 A0A011VNE2	[0, 0, 0, 0, 0, 0, 0, 0, 0]
	 A0A010SHY1	[0, 0, 0, 0, 0, 0, 0, 0, 0]
	 A0A009HIL8	[0, 0, 0, 0, 0, 0, 0, 0, 0]
	 A0A011UFM5	[0, 0, 0, 0, 0, 0, 0, 0, 0]
	 A0A010SPJ7	[0, 0, 0, 0, 0, 0, 0, 0, 0]
	 A0A010SSQ8	[0, 0, 0, 0, 0, 0, 0, 0, 0]
	 A0A010T025	[0, 0, 0, 0, 0, 0, 0, 0, 0]
	 A0A010YJA7	[0, 0, 0, 0, 0, 0, 0, 0, 0]
	 A0A010ZTI3	[0, 0, 0, 0, 0, 0, 0, 0, 0]
	 A0A011A146	[0, 0, 0, 0, 0, 0, 0, 0, 0]
	 A0A010YZS8	[0, 0, 0, 0, 0, 0, 0, 0, 0]
	 A0A010Z120	[0, 0, 0, 0, 0, 0, 0, 0, 0]

 ### Operon type: 312

	 A0A010TG27	[678, 0, 62, 0, 0, 0, 813, 0, 0]

 ### Operon type: 313

	 A0A011PMK1	[0, 0, 0, 0, 0, 0, 0, 678, 0]

 ### Operon type: 314

	 A0A009HM15	[0, 165, 149, 0, 0, 0, -1, 0, 0]

 ### Operon type: 315

	 A0A009HRU1	[0, 161, 0, 0, 0, 0, 0, 0, 0]

 ### Operon type: 316

	 A0A009HSN8	[0, 242, 0, 0, 0, -1, 0, 217, -1]

 ### Operon type: 317

	 A0A009HV82	[147, 0, 0, 0, 0, 0, 0, 0, 0]

 ### Operon type: 318

	 A0A009IG74	[0, 0, 178, 0, 426, -1, 0, 0, 0]

 ### Operon type: 319

	 A0A009IJ90	[0, 116, 0, 0, 0, 0, 0, 0, 0]

 ### Operon type: 320

	 A0A009NM94	[0, 837, 837, 0, 0, 0, 330, 0, 0]

 ### Operon type: 321

	 A0A009Q4N5	[0, 0, 238, 0, 0, 0, 0, 0, 0]

 ### Operon type: 322

	 A0A009SSZ9	[0, 137, 0, 0, 0, 0, 0, 0, 0]

 ### Operon type: 323

	 A0A009YIH1	[0, 0, 0, 0, 278, 0, -1, -1, 2]

 ### Operon type: 324

	 A0A009YR05	[0, 0, 0, 0, 107, 0, 0, 0, 0]

 ### Operon type: 325

	 A0A009Z004	[268, 0, 268, 0, 0, 711, 0, 0, 0]

 ### Operon type: 326

	 A0A010RUQ5	[0, 0, 0, 0, 0, 0, 0, 0, 326]

 ### Operon type: 327

	 A0A010S195	[695, 0, 66, 65, 0, 0, 0, 0, 0]

 ### Operon type: 328

	 A0A010SCZ2	[0, 0, 0, 0, 0, 0, 0, 315, 0]

 ### Operon type: 329

	 A0A010SN41	[0, 0, 0, 0, 304, 0, 0, 0, 0]

 ### Operon type: 330

	 A0A010SSU2	[0, 0, 0, 0, 79, 0, -1, 686, 0]

 ### Operon type: 331

	 A0A010SUP6	[0, 0, 0, 0, 0, 0, 0, 65, 0]

 ### Operon type: 332

	 A0A010SUY9	[0, 0, 0, 0, 0, 504, 651, 0]

 ### Operon type: 333

	 A0A010THK2	[0, 0, -1, 0, 0, 667, 711, 0, 0]

 ### Operon type: 334

	 A0A010SRL4	[62, 0, 0, -1, 0, 0, 0, 711, 150]

 ### Operon type: 335

	 A0A010YX61	[402, 689, 0, 859, 0, 0, 0, 0, 0]

 ### Operon type: 336

	 A0A010S5W8	[0, 0, 712, 733, 0, 0, 0, 0, 0]

 ### Operon type: 337

	 A0A011NE37	[560, 0, 0, 0, 0, 0, 0, 0, 0]

 ### Operon type: 338

	 A0A011NF78	[0, 0, 787, 0, 0, 0, 0, 0, 0]

 ### Operon type: 339

	 A0A011NVE2	[0, 0, 0, 763, 0, 0, 728, 0, 727]

 ### Operon type: 340

	 A0A011NXJ4	[0, 0, 0, 0, 0, 0, 0, 0, 721]

 ### Operon type: 341

	 A0A011P8I1	[0, 0, 690, 689, 0, 0, 0, 0, 688]

 ### Operon type: 342

	 A0A011P9Q7	[683, 0, 0, 0, 0, 0, 0, 0, 0]

 ### Operon type: 343

	 A0A011PJ75	[0, 763, 612, 763, 0, 0, 0, 0, 0]

 ### Operon type: 344

	 A0A011PRB4	[0, 0, 0, 0, 0, 0, 0, 624, 0]

 ### Operon type: 345

	 A0A011QVT2	[767, 0, 0, 0, 0, 0, 0, 766, 0]

 ### Operon type: 346

	 A0A011RP14	[0, 0, 0, 0, 0, 0, 0, 844, 0]

 ### Operon type: 347

	 A0A011SM49	[728, 0, 844, 0, 0, 0, 369, 0, 0]

 ### Operon type: 348

	 A0A011AM27	[625, 0, 0, 0, 471, 0, 0, 0, 39]

 ### Operon type: 349

	 A0A011T607	[0, 0, 733, 0, 0, 0, 0, 0, 330]

 ### Operon type: 350

	 A0A011TAW2	[0, 0, 0, 0, 0, 0, 352, 0, 0]

 ### Operon type: 351

	 A0A011TED9	[0, 0, 0, 0, 0, 517, 0, 0, 0]

 ### Operon type: 352

	 A0A011TXS5	[0, 361, 0, 0, 0, 0, 0, 0, 0]

 ### Operon type: 353

	 A0A011U144	[0, 326, 0, 0, 0, 0, 721, 566, 0]

 ### Operon type: 354

	 A0A011U1C8	[693, 0, 0, 0, 0, 0, 0, 0, 325]

 ### Operon type: 355

	 A0A011U483	[0, 0, 0, 0, 0, 692, 0, 0, 0]

 ### Operon type: 356

	 A0A011UG86	[0, 732, 0, 0, 0, 70, 0, 0, 0]

 ### Operon type: 357

	 A0A011UQB5	[834, 793, 0, 0, 0, 0, 0, 522, 0]

 ### Operon type: 358

	 A0A011UVI5	[0, 0, 0, 0, 0, 99, 763, 763, 0]

 ### Operon type: 359

	 A0A011UWI3	[0, 0, 0, 0, 189, 0, 98, 695, 0]

 ### Operon type: 360

	 A0A011V5E6	[0, 0, 0, 0, 0, 422, 0, 0, 0]

 ### Operon type: 361

	 A0A011M4H6	[316, 0, 664, 0, 0, 0, 0, 0, 0]

 ### Operon type: 362

	 A0A011VSV3	[0, 0, 0, 0, 0, 0, 644, 0, 0]

 ### Operon type: 363

	 A0A011VWI0	[0, 0, 0, 0, 0, 132, 0, 0, 0]

 ### Operon type: 364

	 A0A011VZ91	[253, 0, 0, 0, 0, 0, 0, 0, 0]

 ### Operon type: 365

	 A0A011WP76	[0, 0, 0, 0, 0, 0, 0, 0, 769]

 ### Operon type: 366

	 A0A011WSD4	[0, 0, 0, -1, 0, 791, 0, 0, 420]

 ### Operon type: 367

	 A0A011WT35	[420, 0, 0, 0, 0, 0, 0, 0, 0]

 ### Operon type: 368

	 A0A013S843	[0, 411, 0, 0, 0, 0, -1, 344, 0]

 ### Operon type: 369

	 A0A013T5E6	[0, 0, 0, 571, 0, 0, 0, 0, 0]

 ### Operon type: 370

	 A0A009T185	[764, 0, 612, 612, 452, 763, 612, 451, 734]

 ### Operon type: 371

	 A0A010IN36	[453, 728, 0, 0, 452, 763, 612, 451, 734]

 ### Operon type: 372

	 A0A009PG43	[763, 612, 544, 766, 0, 451, 734, 0, 0]

 ### Operon type: 373

	 A0A009INE0	[453, 0, 0, 0, 0, 0, 0, 612, 451]

 ### Operon type: 374

	 A0A009T9H0	[0, 2, 696, -1, 0, 0, 162, 0, 161]

 ### Operon type: 375

	 A0A010THH5	[0, 92, 50, 99, 0, 0, 829, 0, 468]

 ### Operon type: 376

	 A0A011WSH8	[0, 0, 0, 813, 305, 0, 0, 0, 0]
	 A0A011VZE3	[0, 0, 0, 813, 305, 0, 0, 0, 0]

 ### Operon type: 377

	 A0A011NAF3	[0, 0, 0, 0, 0, 0, 813, 0, 819]

 ### Operon type: 378

	 A0A009IQ93	[321, 0, 813, 0, 0, 150, 0, 0, 0]

 ### Operon type: 379

	 A0A009Q8S9	[0, 0, 696, 345, 0, 353, 0, 0, 0]

 ### Operon type: 380

	 A0A009TLU4	[0, 361, -1, 168, 0, 43, 0, -1, -1]

 ### Operon type: 381

	 A0A009ZB47	[140, 191, 0, 0, 0, 791, 466, 0, 0]

 ### Operon type: 382

	 A0A009ZVR4	[842, 0, 689, 0, 0, 48, 0, 0, 47]

 ### Operon type: 383

	 A0A010JIN9	[466, 0, 0, 159, 225, 0, 0, 0, 0]

 ### Operon type: 384

	 A0A010S003	[640, 0, 0, 0, 0, 732, 732, 448, 0]

 ### Operon type: 385

	 A0A010SMN8	[0, -1, 67, 0, 668, 0, 0, 647, 0]

 ### Operon type: 386

	 A0A010SXS1	[0, 544, 0, 0, 0, 356, 0, 0, 766]

 ### Operon type: 387

	 A0A010T689	[39, -1, 829, 848, 0, 0, 0, 0, 0]

 ### Operon type: 388

	 A0A010TBB4	[0, 378, 0, 70, 0, 0, 0, 0, 693]

 ### Operon type: 389

	 A0A010YFK3	[0, 861, 0, 0, 0, 0, 101, 0, 325]

 ### Operon type: 390

	 A0A010YVY1	[8, 0, 8, 0, 0, 0, 0, 448, 0]

 ### Operon type: 391

	 A0A010ZSZ2	[0, 100, 0, 25, 24, 0, 0, 0, 0]

 ### Operon type: 392

	 A0A010Z0Y7	[0, 0, 0, 0, 24, 243, 0, 0, 0]

 ### Operon type: 393

	 A0A011A0M8	[0, 0, 711, 0, 49, 0, 0, 10, 10]

 ### Operon type: 394

	 A0A011NFL4	[0, 836, 0, 0, 634, 678, 0, 633, 0]

 ### Operon type: 395

	 A0A011P407	[0, 0, 694, 835, 0, 0, 693, 0, 692]

 ### Operon type: 396

	 A0A011QGT2	[813, 0, 0, 708, 707, 0, 0, 0, 0]

 ### Operon type: 397

	 A0A011QSA4	[790, 0, 789, 788, 0, 0, 0, 0, 787]

 ### Operon type: 398

	 A0A011T6J6	[0, 754, 0, 689, 0, 0, 418, 0, 417]

 ### Operon type: 399

	 A0A011TAL2	[0, 733, 0, 0, 0, 331, 0, 722, 0]

 ### Operon type: 400

	 A0A011TZG0	[711, 752, 0, 0, 0, 0, 0, 539, 0]

 ### Operon type: 401

	 A0A011UGY3	[307, 306, 422, 64, 0, 0, 0, 64, 0]

 ### Operon type: 402

	 A0A011UII7	[0, 0, 0, 0, 0, 727, 359, 0, 0]

 ### Operon type: 403

	 A0A011UNT9	[353, 372, 0, 0, 0, 0, 0, 0, 0]

 ### Operon type: 404

	 A0A011SIS0	[0, 742, 373, 373, 0, 0, 0, 372, 0]

 ### Operon type: 405

	 A0A011UT49	[0, 100, 0, 0, 0, 0, 544, 109, 0]

 ### Operon type: 406

	 A0A011VU65	[102, 0, 0, 0, 0, 101, 0, 644, 320]

 ### Operon type: 407

	 A0A011VV03	[0, 317, 0, 0, 501, 316, 0, 0, 0]

 ### Operon type: 408

	 A0A011VVZ9	[0, 0, -1, 0, 0, 315, 314, 314, 371]

 ### Operon type: 409

	 A0A011VWX7	[766, 531, 0, 0, 0, 0, 0, 830, 0]

 ### Operon type: 410

	 A0A011VXK7	[837, 837, 0, 557, 0, 0, 0, 756, 0]

 ### Operon type: 411

	 A0A011W0I6	[252, 0, 0, 0, 0, 700, 0, 636, 0]

 ### Operon type: 412

	 A0A010YEF6	[0, 252, 0, 0, 0, 0, 0, 0, 40]

 ### Operon type: 413

	 A0A013SQH1	[0, 0, 0, 0, 304, 681, 0, 538, 803]

 ### Operon type: 414

	 A0A009QJA8	[146, 145, 0, 0, 0, 0, 0, 0, 677]

 ### Operon type: 415

	 A0A009YL68	[0, 0, 693, 403, 400, 0, 0, 4, 0]

 ### Operon type: 416

	 A0A010JNG7	[538, 0, 0, 476, 0, 0, 0, 0, 0]

 ### Operon type: 417

	 A0A010RM40	[666, 813, 665, 0, 0, 0, 0, -1, 814]

 ### Operon type: 418

	 A0A010RRQ6	[0, 664, 0, 0, 0, 668, 663, 662, 0]

 ### Operon type: 419

	 A0A010S423	[418, 0, 0, 0, 0, 0, 0, 98, 841]

 ### Operon type: 420

	 A0A010T0I7	[0, 0, 40, 0, 0, 690, 789, 813, 0]

 ### Operon type: 421

	 A0A010ZUR7	[317, 23, 0, 23, 0, 22, 448, 0, 0]

 ### Operon type: 422

	 A0A011NA78	[0, 816, 0, 0, 0, 815, 0, 0, 814]

 ### Operon type: 423

	 A0A011P8W7	[687, 694, 766, 0, 686, 0, 0, 0, 0]

 ### Operon type: 424

	 A0A011PG97	[647, 0, 0, 646, 0, 0, 0, 0, 0]

 ### Operon type: 425

	 A0A011PKT4	[0, 681, 0, 0, 0, 0, 680, 0, 0]

 ### Operon type: 426

	 A0A011PLB2	[0, 687, 0, 682, 0, 0, 0, 0, 0]

 ### Operon type: 427

	 A0A011R339	[0, 0, 0, 0, 0, 0, 490, 489, 0]

 ### Operon type: 428

	 A0A011SFE5	[0, 0, 0, 837, 0, 0, 836, 835, 834]

 ### Operon type: 429

	 A0A011SJT5	[0, 0, 0, 371, 370, 370, 370, 370, 370]

 ### Operon type: 430

	 A0A011TDQ5	[0, 0, 0, 0, 329, 702, 0, 0, 0]

 ### Operon type: 431

	 A0A011VT01	[0, 0, 103, 0, 0, 103, 0, 0, 264]

 ### Operon type: 432

	 A0A009Z3V9	[813, 0, 0, 0, 0, 267, 709, 266, 265]

 ### Operon type: 433

	 A0A010SRB2	[43, 42, 0, 0, 0, 42, 69, 0, 0]

 ### Operon type: 434

	 A0A010KA25	[466, 0, 829, 433, 279, 0, 0, 466, 415]

 ### Operon type: 435

	 A0A011TZN1	[480, 479, 478, 0, 477, 0, 0, 0, 0]

 ### Operon type: 436

	 A0A011VJ76	[110, 110, 109, 633, 0, 813, 711, 0, 694]

 ### Operon type: 437

	 A0A011UG17	[199, 0, 254, 0, 312, 102, 0, 0, 0]

 ### Operon type: 438

	 A0A011WUA8	[739, 0, 0, 384, 0, 0, 0, 383, 383]

 ### Operon type: 439

	 A0A010S4X6	[0, 243, 665, 732, 394, 0, 723, 679, 667]

 ### Operon type: 440

	 A0A010YY02	[0, 7, 0, 0, 7, 583, 6, 0, 9]
