
 ### Operon type: 1

	 A0A010ILU3	[447, 446, 445, 444, 443, 442, 441, 440, 439]
	 A0A009QBR9	[447, 446, 445, 444, 443, 442, 440, 439, 185]
	 A0A009QS71	[447, 446, 445, 444, 443, 442, 441, 440, 439]
	 A0A009MW50	[447, 446, 445, 444, 443, 442, 441, 440, 439]
	 A0A009H3B0	[447, 446, 445, 444, 443, 442, 441, 440, 439]
	 A0A009I8S2	[447, 446, 445, 444, 443, 442, 440, 439, 185]
	 A0A009TM70	[447, 446, 445, 444, 443, 442, 440, 439, 185]

 ### Operon type: 2

	 A0A013TH43	[349, 348, 520, 347, 346, 345, 344, 343, 342]
	 A0A009RAF0	[349, 348, 520, 347, 346, 345, 344, 343, 342]

 ### Operon type: 3

	 A0A011PVT3	[822, 821, 820, 819, 818, 817, 816, 815, 814]
	 A0A011MET3	[822, 821, 820, 819, 818, 817, 816, 815, 814]
	 A0A011R7V7	[822, 821, 820, 819, 818, 817, 816, 815, 814]

 ### Operon type: 4

	 A0A013SNJ8	[660, 264, 439, 263, 262, 362, 282, 261, 260]
	 A0A009HBT3	[660, 264, 439, 263, 262, 362, 282, 261, 260]
	 A0A009PH20	[660, 264, 439, 263, 262, 362, 282, 261, 260]
	 A0A009RD69	[660, 264, 439, 263, 262, 362, 282, 261, 260]
	 A0A013RZW2	[660, 264, 439, 263, 262, 362, 282, 261, 260]
	 A0A009SIZ4	[660, 264, 439, 263, 262, 362, 282, 261, 260]
	 A0A009MMM3	[660, 264, 439, 263, 262, 362, 282, 261, 260]
	 A0A010J9U3	[660, 264, 439, 263, 262, 362, 282, 261, 260]
	 A0A009IV03	[660, 264, 439, 263, 262, 362, 282, 261, 260]
	 A0A009YIZ0	[660, 264, 439, 263, 262, 362, 282, 261, 260]

 ### Operon type: 5

	 A0A009PH57	[220, 219, -1, 218, 217, 698, 216, 406, 215]
	 A0A009TG92	[220, 219, -1, 218, 217, 698, 216, 406, 215]

 ### Operon type: 6

	 A0A013SXT2	[305, 304, 303, 302, 362, 301, 300, 299, 298]
	 A0A009SFX8	[305, 304, 303, 302, 150, 362, 301, 300, 299]
	 A0A009N031	[305, 304, 303, 302, 362, 301, 300, 299, 298]
	 A0A009PWG1	[305, 304, 303, 302, 362, 301, 300, 299, 298]
	 A0A013S288	[305, 304, 303, 302, 362, 301, 300, 299, 298]
	 A0A010J3I1	[305, 304, 303, 302, 362, 301, 300, 299, 298]
	 A0A009I0I9	[305, 304, 303, 302, 362, 301, 300, 299, 298]
	 A0A009R2X0	[305, 304, 303, 302, 362, 301, 300, 299, 298]
	 A0A009TBM2	[304, 303, 302, 150, 362, 301, 300, 299, 298]

 ### Operon type: 7

	 A0A013T8M5	[317, 770, 358, 316, 315, 524, 314, 313, 312]
	 A0A013SZ54	[317, 770, 358, 316, 315, 524, 314, 313, 312]
	 A0A009IRJ6	[317, 770, 358, 316, 315, 524, 314, 313, 312]
	 A0A009N123	[317, 770, 358, 316, 315, 524, 314, 313, 312]
	 A0A009RBQ2	[317, 770, 358, 316, 315, 524, 314, 313, 312]
	 A0A009Q3K7	[317, 770, 358, 316, 315, 524, 314, 313, 312]
	 A0A009SWU0	[317, 770, 358, 316, 315, 524, 314, 313, 312]
	 A0A010IMP8	[317, 770, 358, 316, 315, 524, 314, 313, 312]
	 A0A009H7U0	[317, 770, 358, 316, 315, 524, 314, 313, 312]
	 A0A009ZM43	[-1, 770, 358, 316, 315, 524, 314, 313, 312]

 ### Operon type: 8

	 A0A009ZIC0	[652, 651, 650, 649, 648, 647, 646, 645, 644]
	 A0A013RMD0	[-1, 651, 650, 649, 648, 647, 646, 645, 644]
	 A0A009QDV7	[-1, 651, 650, 649, 648, 647, 646, 645, 644]
	 A0A009N9Z1	[-1, 651, 650, 649, 648, 647, 646, 645, 644]
	 A0A009RG92	[-1, 651, 650, 649, 648, 647, 646, 645, 644]
	 A0A010JDA6	[-1, 651, 650, 649, 648, 647, 646, 645, 644]
	 A0A009IHQ3	[-1, 651, 650, 649, 648, 647, 646, 645, 644]
	 A0A009S854	[-1, 651, 650, 649, 648, 647, 646, 645, 644]
	 A0A009H6M2	[-1, 651, 650, 649, 648, 647, 646, 645, 644]

 ### Operon type: 9

	 A0A011V5V3	[0, 184, 183, 182, 181, 180, 179, 178, 177]
	 A0A011UIA1	[184, 183, 182, 181, 180, 179, 178, 177, 0]

 ### Operon type: 10

	 A0A011PTE7	[695, 694, 693, 692, 691, 0, 690, 689, 688]
	 A0A011NE72	[695, 694, 693, 692, 691, 690, 689, 688, 0]

 ### Operon type: 11

	 A0A010JWJ1	[426, 90, 813, 89, 425, 424, 423, 422, 421]
	 A0A009I4A1	[426, 90, 813, 89, 425, 424, 423, 422, 421]

 ### Operon type: 12

	 A0A009QF22	[428, 427, 426, 0, 425, 424, 423, 422, 421]
	 A0A009TBY8	[428, 427, 426, 89, 425, 424, 423, 422, 421]

 ### Operon type: 13

	 A0A011NEY3	[357, 856, 855, 854, 854, 853, 852, 851, 0]

 ### Operon type: 14

	 A0A011PAN4	[856, 855, 0, 854, 854, 853, 852, 851, 850]

 ### Operon type: 15

	 A0A011RCD5	[357, 856, 855, 854, 854, 853, 852, 851, 850]

 ### Operon type: 16

	 A0A011P4U7	[0, 733, 732, 731, 730, 729, 728, 727, 726]
	 A0A011NAY5	[733, 732, 731, 730, 729, 728, 727, 726, 0]

 ### Operon type: 17

	 A0A011PF67	[843, 842, 841, 840, 839, 0, 0, 0, 0]
	 A0A011NW66	[843, 842, 841, 840, 839, 607, 0, 0, 0]
	 A0A011NBX7	[843, 842, 841, 840, 839, 607, 0, 0, 0]

 ### Operon type: 18

	 A0A011NS68	[843, 842, 841, 840, 839, 601, 600, 662, 738]
	 A0A011RHX4	[843, 842, 841, 840, 839, 601, 600, 662, 0]

 ### Operon type: 19

	 A0A010YT39	[0, 661, 198, 197, 196, 195, 194, 193, 361]

 ### Operon type: 20

	 A0A010Z7T4	[198, 197, 196, 195, 194, 193, 361, 192, 827]

 ### Operon type: 21

	 A0A010K6G6	[284, 283, 282, 281, 280, 279, 278, 0, 277]
	 A0A013SP43	[284, 283, 282, 281, 280, 279, 278, 265, 277]
	 A0A009RUN3	[284, 283, 282, 281, 280, 279, 278, 265, 277]

 ### Operon type: 22

	 A0A011VWR4	[0, 0, 0, 0, 161, 160, 159, 158, 157]

 ### Operon type: 23

	 A0A011VYP6	[161, 160, 159, 158, 157, 0, 156, 819, 0]

 ### Operon type: 24

	 A0A011QAS2	[0, 685, 684, 683, 682, 681, 680, 679, 678]
	 A0A011NEQ1	[0, 685, 684, 683, 682, 681, 680, 679, 678]

 ### Operon type: 25

	 A0A010JSI3	[571, 570, 569, 568, 567, 566, 565, 564, 0]
	 A0A013T0M4	[571, 570, 569, 568, 567, 566, 565, 564, 0]
	 A0A009HDS5	[571, 570, 569, 568, 567, 566, 565, 564, 226]
	 A0A009RGL2	[571, 570, 569, 568, 567, 566, 565, 564, 226]

 ### Operon type: 26

	 A0A009SNL0	[153, 152, 363, 258, 257, 256, 255, 254, 253]

 ### Operon type: 27

	 A0A009T1I8	[363, 258, 257, 256, 255, 254, 253, 0, 0]

 ### Operon type: 28

	 A0A011VUV0	[591, 590, 589, 588, 587, 586, 585, 584, 0]
	 A0A011VW71	[0, 591, 590, 589, 588, 587, 586, 585, 584]

 ### Operon type: 29

	 A0A011UG71	[170, 169, 168, 176, 175, 174, 173, 172, 171]

 ### Operon type: 30

	 A0A011V8Z7	[0, 0, 170, 169, 168, 176, 175, 174, 173]

 ### Operon type: 31

	 A0A011V8Y9	[176, 175, 174, 173, 172, 171, 0, 0, 0]

 ### Operon type: 32

	 A0A011U8C0	[0, 174, 169, 0, 403, 172, 0, 0, 0]

 ### Operon type: 33

	 A0A011QSF0	[0, 869, 868, 867, 866, 865, 864, 863, 0]
	 A0A011QBB5	[752, 869, 868, 867, 866, 865, 864, 863, 703]
	 A0A011Q0X6	[752, 869, 868, 867, 866, 865, 864, 863, 703]
	 A0A011Q1X8	[869, 0, 868, 867, 866, 865, 864, 863, 703]

 ### Operon type: 34

	 A0A011PG87	[752, 869, 868, 867, 866, 865, 864, 0, 0]

 ### Operon type: 35

	 A0A011PCT1	[849, 848, 847, 0, 0, 0, 0, 846, 0]

 ### Operon type: 36

	 A0A011QU35	[0, 0, 0, 0, 857, 0, 849, 848, 847]

 ### Operon type: 37

	 A0A011Q2B1	[860, 725, 857, 724, 847, 617, 616, 615, 846]

 ### Operon type: 38

	 A0A011RLN8	[859, 858, 857, 724, 847, 617, 616, 615, 846]

 ### Operon type: 39

	 A0A011P700	[0, 0, 862, 861, 860, 725, 857, 724, 847]

 ### Operon type: 40

	 A0A011QSI4	[0, 0, 862, 861, 860, 0, 859, 858, 857]

 ### Operon type: 41

	 A0A013S981	[488, 514, 487, 486, 485, 484, 761, 483, 763]
	 A0A013TH30	[514, 487, 486, 485, 484, 761, 483, 763, 350]
	 A0A013T337	[514, 487, 486, 485, 484, 761, 483, 763, 350]

 ### Operon type: 42

	 A0A010JY00	[488, 514, 487, 486, 656, 761, 483, 763, 350]

 ### Operon type: 43

	 A0A009MGJ1	[336, 381, 380, 335, 378, 379, 580, 813, 334]
	 A0A013TPV4	[336, 381, 380, 335, 378, 379, 580, 813, 334]
	 A0A009HR98	[336, 381, 380, 335, 378, 379, 580, 813, 334]
	 A0A009QQ47	[336, 381, 380, 335, 378, 379, 580, 813, 334]
	 A0A010IZE4	[336, 381, 380, 335, 378, 379, 580, 813, 334]
	 A0A009SZB5	[336, 381, 380, 335, 378, 379, 580, 813, 334]
	 A0A009HL81	[336, 381, 380, 335, 378, 379, 580, 813, 334]

 ### Operon type: 44

	 A0A009Z8F7	[381, 380, 379, 0, 378, 377, 377, 0, 376]

 ### Operon type: 45

	 A0A009HFU9	[63, 62, 61, 60, 652, 462, 59, 58, 0]
	 A0A009R016	[63, 62, 61, 60, 652, -1, 462, 59, 58]

 ### Operon type: 46

	 A0A011UJN3	[0, 267, 0, 0, 562, 561, 560, 559, 558]

 ### Operon type: 47

	 A0A011W213	[562, 561, 560, 559, 558, 611, 0, 0, 0]

 ### Operon type: 48

	 A0A011QIT1	[801, 800, 799, 798, 797, 796, 795, 794, 793]
	 A0A011QUG8	[801, 800, 799, 798, 797, 796, 0, 795, 794]

 ### Operon type: 49

	 A0A011PP01	[836, 835, 834, 833, 832, 831, 830, 829, 828]
	 A0A011NVE7	[836, 835, 834, 833, 832, 831, 830, 829, 828]

 ### Operon type: 50

	 A0A011P2I4	[781, 742, 741, 828, 829, 830, 831, 832, 833]
	 A0A011N9N8	[781, 742, 741, 828, 829, 830, 831, 832, 833]

 ### Operon type: 51

	 A0A011PIY7	[686, 0, 741, 828, 829, 830, 831, 0, 833]

 ### Operon type: 52

	 A0A011Q3J4	[0, 686, 741, 828, 829, 830, 831, 832, 0]

 ### Operon type: 53

	 A0A011MH88	[666, 686, 741, 828, 829, 830, 831, 832, 833]

 ### Operon type: 54

	 A0A009QFZ7	[420, 419, 642, 641, 640, 418, 417, 416, 638]
	 A0A013SPM5	[420, 419, 642, 641, 640, 418, 417, 416, 638]
	 A0A009HSL1	[420, 419, 642, 641, 640, 418, 417, 416, 638]
	 A0A010IX62	[420, 419, 642, 641, 640, 418, 417, 416, 638]
	 A0A009I6Z0	[420, 419, 642, 641, 640, 418, 417, 416, 638]
	 A0A009MH71	[420, 419, 642, 641, 640, 418, 417, 416, 638]
	 A0A009TK03	[420, 419, 642, 641, 640, 418, 417, 416, 638]

 ### Operon type: 55

	 A0A009ZIX8	[0, 643, 642, 641, 640, 639, 0, 638, 0]

 ### Operon type: 56

	 A0A010JJN4	[460, 459, 458, 457, 513, 456, 455, 720, 515]
	 A0A013TPR7	[460, 459, 458, 457, 513, 456, 455, 720, 515]
	 A0A009SEP4	[460, 459, 458, 457, 513, 0, 456, 455, 0]
	 A0A009RMI1	[460, 459, 458, 457, 513, 456, 455, 720, 0]
	 A0A009PMT3	[460, 459, 458, 457, 513, 456, 455, 720, 515]
	 A0A009NI48	[460, 459, 458, 457, 513, 456, 455, 720, -1]
	 A0A009HJJ5	[460, 459, 458, 457, 513, 456, 455, 720, 30]
	 A0A009I8I7	[460, 459, 458, 457, 513, 456, 455, 720, 30]
	 A0A009YG45	[0, 460, 459, 458, 513, 0, 456, 455, 720]

 ### Operon type: 57

	 A0A013S8F0	[497, 496, 495, 494, 493, 813, 805, 492, 516]
	 A0A013TPQ9	[497, 496, 495, 494, 493, 813, 805, 492, 516]
	 A0A009SZ84	[497, 496, 495, 494, 493, 813, 805, 492, 516]
	 A0A010IZH1	[-1, 496, 495, 494, 493, 813, 805, 492, 516]
	 A0A009PMU2	[497, 496, 495, -1, 493, 813, 805, 492, 516]
	 A0A009HJM0	[497, 496, 495, 494, 493, 813, 805, 492, 516]

 ### Operon type: 58

	 A0A009HUS9	[496, 495, 0, 494, 493, 51, -1, 50, 49]

 ### Operon type: 59

	 A0A009ISE1	[456, 455, 720, 49, 50, -1, 51, 493, 494]

 ### Operon type: 60

	 A0A009NPS1	[497, 496, 495, 494, 493, -1, 720, 455, 456]

 ### Operon type: 61

	 A0A013SB36	[482, 481, 480, 479, 478, 613, 612, 477, 476]
	 A0A009QSI3	[482, 481, 480, 479, 478, 613, 612, 477, -1]

 ### Operon type: 62

	 A0A010ITP2	[482, 481, 480, 479, 478, 613, 612, 0, 0]

 ### Operon type: 63

	 A0A009SII9	[-1, 481, 480, 479, 478, 613, 612, 143, 142]

 ### Operon type: 64

	 A0A009T0Q9	[478, 613, 612, 143, 142, 476, 666, 813, 64]

 ### Operon type: 65

	 A0A009YJF4	[0, 613, 612, 75, 74, 666, 813, 0, 64]

 ### Operon type: 66

	 A0A009GP96	[0, 71, 813, 192, 276, 57, 462, 70, 69]

 ### Operon type: 67

	 A0A009GSR4	[192, 276, 57, 462, 70, 69, 69, 68, 0]

 ### Operon type: 68

	 A0A009IIT6	[71, 813, 192, 276, 70, 69, 69, 68, 0]

 ### Operon type: 69

	 A0A011SQL0	[737, 405, -1, 404, 403, 402, 401, 400, 399]
	 A0A011UZ49	[405, -1, 404, 403, 402, 401, 400, 399, 0]

 ### Operon type: 70

	 A0A009SIF9	[742, 704, 149, 148, 147, 146, 145, 144, 374]
	 A0A009PT82	[742, 704, 149, 148, 147, 146, 145, 144, 374]

 ### Operon type: 71

	 A0A009IS10	[93, 0, 0, 0, 147, 146, 145, 0, 0]

 ### Operon type: 72

	 A0A009QHW5	[0, 0, 0, 447, 147, 146, 145, 0, 375]

 ### Operon type: 73

	 A0A011UVB4	[0, 0, 0, 245, 0, 0, 93, 0, 584]

 ### Operon type: 74

	 A0A011V107	[388, -1, 387, 386, 385, 384, 383, 382, 0]
	 A0A011U7M7	[0, 388, -1, 387, 386, 385, 384, 383, 382]

 ### Operon type: 75

	 A0A011TLH0	[322, 385, 387, 321, 386, 384, 0, 0, 0]

 ### Operon type: 76

	 A0A011UG87	[288, 289, 290, 322, 385, 387, 321, 386, 384]

 ### Operon type: 77

	 A0A011TLH7	[290, 289, 288, 0, 0, 0, 0, 0, 0]

 ### Operon type: 78

	 A0A011TAF9	[0, 0, 297, 323, 296, 295, 294, 293, 292]
	 A0A011TWN2	[297, 323, 296, 295, 294, 293, 292, 0, 0]

 ### Operon type: 79

	 A0A011Q5V7	[632, 0, 0, 0, 631, 630, 629, 628, 627]

 ### Operon type: 80

	 A0A011RM25	[631, 630, 629, 628, 627, 757, 0, 520, 0]

 ### Operon type: 81

	 A0A011QIE8	[808, 807, 806, 805, 804, 803, 802, 0, 0]
	 A0A011QDV3	[808, 807, 806, 805, 804, 803, 704, 0, 802]

 ### Operon type: 82

	 A0A011PL71	[786, 785, 784, 783, 782, 781, 780, 779, 0]
	 A0A011QAB0	[785, 784, 783, 0, 782, 781, 780, 779, 0]

 ### Operon type: 83

	 A0A011Q6N5	[626, 625, 624, 0, 0, 0, 623, 622, 623]

 ### Operon type: 84

	 A0A011SGD5	[0, 0, 0, 0, 0, 0, 626, 625, 624]

 ### Operon type: 85

	 A0A011NYU6	[700, 699, 0, 698, 826, 552, 551, 0, 697]

 ### Operon type: 86

	 A0A011PYI6	[700, 699, 0, 698, 826, 697, 696, 736, 0]

 ### Operon type: 87

	 A0A011P1C0	[0, 0, 552, 551, 697, 0, 0, 0, 0]

 ### Operon type: 88

	 A0A011PKU5	[792, 791, 790, 789, 790, 788, 787, 0, 0]
	 A0A011N4G4	[0, 0, 792, 791, 790, 789, 790, 788, 787]

 ### Operon type: 89

	 A0A010ZWJ8	[12, 13, 14, 827, 15, 769, 285, 769, 16]

 ### Operon type: 90

	 A0A011AHW1	[15, 827, 14, 13, 12, 0, 0, 11, 0]

 ### Operon type: 91

	 A0A011AHU9	[285, 769, 16, 0, 0, 0, 0, 25, 666]

 ### Operon type: 92

	 A0A010ZX98	[6, 7, 8, 9, 10, 28, 805, 805, 0]

 ### Operon type: 93

	 A0A011AIL7	[10, 9, 8, 7, 6, 0, 0, 0, 0]

 ### Operon type: 94

	 A0A010YF95	[633, 508, 795, 507, 506, 506, 505, 504, 503]

 ### Operon type: 95

	 A0A010ZJQ6	[508, 795, 507, 506, 506, 505, 504, 503, 0]

 ### Operon type: 96

	 A0A009GXL8	[78, 77, 76, 75, 74, 89, 225, 99, 98]

 ### Operon type: 97

	 A0A010JIW7	[78, 77, 76, 75, 74, 0, 0, 225, 99]

 ### Operon type: 98

	 A0A011QNA5	[0, 715, 714, 713, 0, 712, 711, 710, 709]
	 A0A009ZLJ7	[709, 710, 711, 712, 0, 0, 715, 714, 713]

 ### Operon type: 99

	 A0A013T0T6	[712, 711, 710, 709, 438, 437, 320, 436, 319]
	 A0A009HAX1	[712, 711, 710, 709, 438, 437, 320, 436, 319]
	 A0A009QMH5	[712, 711, 710, 709, 438, 437, 320, 436, 319]
	 A0A009RMD0	[712, 711, 710, 709, 438, 134, 320, 436, 319]
	 A0A009PE10	[712, 711, 710, 709, 438, 134, 320, 436, -1]
	 A0A009ISY0	[712, 711, 710, 709, 438, 134, 320, 436, 319]

 ### Operon type: 100

	 A0A010ILW6	[712, 711, 710, 709, 438, 437, 0, 0, 436]

 ### Operon type: 101

	 A0A009Z9X7	[711, 710, 709, 0, 438, 0, 756, 0, 436]

 ### Operon type: 102

	 A0A013S8V2	[491, 490, 0, 0, 0, 489, 0, 0, 0]
	 A0A009R8E1	[0, 550, 0, 491, 490, 0, 0, 489, 0]

 ### Operon type: 103

	 A0A009ZFR5	[660, 659, 658, 657, 656, 655, 654, 653, 763]
	 A0A009ICH6	[660, 659, 658, 657, 656, 655, 654, 653, 763]

 ### Operon type: 104

	 A0A009NQA1	[660, 659, 658, 657, 106, 105, 486, 763, 761]
	 A0A009RR21	[660, 659, 658, 657, 106, 105, 486, 763, 761]

 ### Operon type: 105

	 A0A009HTN9	[660, 659, 658, 657, 106, 105, 53, 667, 52]
	 A0A009T3J5	[660, 659, 658, 657, 106, 105, 53, 667, 52]

 ### Operon type: 106

	 A0A009Q0U9	[660, 659, 658, 657, 106, 105, -1, -1, 0]

 ### Operon type: 107

	 A0A009IPC3	[243, 242, 241, 240, 239, 238, 237, 236, 235]
	 A0A009QEG7	[243, 242, 241, 240, 239, 238, 237, 236, 235]

 ### Operon type: 108

	 A0A009I573	[92, 0, 65, 155, 0, 66, 239, 240, 241]

 ### Operon type: 109

	 A0A009ILP9	[236, 0, 241, 240, 239, 66, 235, 155, 65]

 ### Operon type: 110

	 A0A009I953	[236, 0, 241, 240, 239, 66, 235, 0, -1]

 ### Operon type: 111

	 A0A009SX74	[750, 738, 0, 155, 235, 236, 242, 243, 154]

 ### Operon type: 112

	 A0A009QVK8	[128, 470, 468, 230, 127, 126, 125, 124, 269]
	 A0A010IPH1	[128, 470, 468, 230, 127, 126, 125, 124, 269]
	 A0A009MMG9	[128, 470, 468, 230, 127, 126, 125, 124, 269]
	 A0A009ICP5	[128, 470, 468, 230, 127, 126, 125, 124, 269]

 ### Operon type: 113

	 A0A009QLL2	[249, 250, 251, 123, 127, 126, 125, 124, 269]
	 A0A009SIV4	[249, 250, 251, 123, 127, 126, 125, 124, 269]
	 A0A009HTW0	[249, 250, 251, 123, 127, 126, 125, 124, 269]
	 A0A013TSJ4	[250, 251, 0, 123, 127, 126, 125, 124, 269]

 ### Operon type: 114

	 A0A013TCN9	[444, 356, 355, 354, 353, 352, 351, 813, 805]
	 A0A009QNC9	[444, 356, 355, 354, 353, 352, 351, 813, 805]
	 A0A010ITG1	[444, 356, 355, 354, 353, 352, 351, 813, 805]
	 A0A009NIJ3	[444, 356, 355, 354, 353, 352, 351, 813, 805]
	 A0A013TRC1	[444, 356, 355, 354, 353, 352, 351, 813, 805]

 ### Operon type: 115

	 A0A009H935	[0, 0, 355, 354, 353, 352, 351, 813, 805]

 ### Operon type: 116

	 A0A009QEX0	[435, 434, 433, 432, 431, 430, 430, 736, 429]
	 A0A009SF48	[435, 434, 433, 432, 431, -1, 430, 736, 429]
	 A0A009IMX3	[435, 434, 433, 432, 431, 430, 430, 736, 429]

 ### Operon type: 117

	 A0A013S7V1	[435, 434, 433, 432, 431, 97, 660, 96, 95]
	 A0A009RES7	[435, 434, 433, 432, 431, 97, 660, 96, 95]
	 A0A010ISX2	[435, 434, 433, 432, 431, 97, 660, 96, 95]
	 A0A009MR00	[435, 434, 433, 432, 431, 97, 660, 96, 95]

 ### Operon type: 118

	 A0A009YTT3	[3, 652, 433, 432, 431, 97, 660, 96, 95]

 ### Operon type: 119

	 A0A009GYP9	[0, 0, 0, 432, 431, 97, 660, 96, 95]

 ### Operon type: 120

	 A0A009ZZC8	[-1, 152, 153, 3, 652, 433, 432, 431, 97]

 ### Operon type: 121

	 A0A011WSE5	[541, 540, 539, 538, 537, 536, 535, 534, 533]
	 A0A011UGX8	[274, 541, 540, 539, 538, 537, 536, 535, 534]

 ### Operon type: 122

	 A0A011VZG0	[275, 0, 274, 541, 540, 539, 538, 537, 536]

 ### Operon type: 123

	 A0A009PJF7	[246, 247, 247, 248, 214, 596, 213, 212, 211]
	 A0A009SJZ7	[245, 246, 247, 248, 214, 596, 213, 212, 211]

 ### Operon type: 124

	 A0A009Z5G0	[596, 248, 247, 0, 542, 246, 245, 396]

 ### Operon type: 125

	 A0A010JJC1	[572, 454, 453, 452, 451, 450, 449, 461, 448]
	 A0A010IZ41	[454, 453, 452, 451, 450, 449, 461, 448, 282]

 ### Operon type: 126

	 A0A009QJL6	[572, 454, 453, 452, 0, 448, 282, 24, 0]

 ### Operon type: 127

	 A0A013SGL3	[475, 474, 473, 472, 471, 742, 470, 735, 469]
	 A0A010KAV2	[475, 474, 473, 472, 471, 742, 470, 735, 469]
	 A0A013TB41	[475, -1, 473, 472, 471, 742, 470, 735, 469]
	 A0A009PG53	[475, 474, 473, 472, 471, 742, 470, 735, 469]
	 A0A009SHB3	[475, 474, 473, 472, 471, 742, 470, 735, 469]
	 A0A009RQH3	[475, 474, 473, 472, 471, 742, 470, 735, 469]
	 A0A009NE81	[475, 474, 473, 472, 471, 742, 470, 735, 469]
	 A0A009I5Z6	[475, 474, 473, 472, 471, 742, 470, 735, 469]

 ### Operon type: 128

	 A0A009H3X4	[475, 474, 473, 472, 471, 742, -1, 664, -1]

 ### Operon type: 129

	 A0A009PIB4	[0, 0, 0, 110, 109, 108, 462, 813, 781]
	 A0A009SLR5	[0, 0, 0, 110, 109, 108, 462, 813, 781]

 ### Operon type: 130

	 A0A009HSU4	[0, 0, 775, 813, 0, 742, 735, 781, 462]

 ### Operon type: 131

	 A0A009I463	[581, 55, 54, 362, 362, 361, 360, 359, 104]
	 A0A009PAG1	[581, 55, 54, 362, 362, 361, 360, 359, 104]

 ### Operon type: 132

	 A0A013SKX6	[0, 0, 581, 0, 362, 362, 361, 360, 359]

 ### Operon type: 133

	 A0A011Q5S3	[793, 636, 0, 0, 0, 0, 635, 634, 633]

 ### Operon type: 134

	 A0A011UZZ4	[0, 635, 634, 0, 0, 0, 390, 390, 633]

 ### Operon type: 135

	 A0A011UTJ0	[0, 0, 0, 207, 206, 205, 728, 204, 203]

 ### Operon type: 136

	 A0A011VMV7	[207, 206, 205, 728, 204, 203, 202, 201, 200]

 ### Operon type: 137

	 A0A011NYT4	[723, 722, 721, 720, 0, 614, 614, 613, 612]

 ### Operon type: 138

	 A0A011P8E9	[0, 0, 723, 722, 0, 721, 720, 0, 0]

 ### Operon type: 139

	 A0A010TF34	[0, -1, 0, 0, 20, 19, 18, 32, 17]
	 A0A010SYH9	[20, 19, 18, 32, 17, 0, 0, 0, 0]

 ### Operon type: 140

	 A0A010S7A1	[41, 40, 39, 189, 0, 38, 0, 0, 0]
	 A0A010TFJ4	[0, -1, 0, 41, 40, 39, 189, -1, 38]

 ### Operon type: 141

	 A0A009HJC2	[166, 805, 468, 165, 362, 462, 164, 163, 162]
	 A0A009PAV9	[166, -1, 468, 165, 362, 462, 164, 163, 162]

 ### Operon type: 142

	 A0A009SE02	[0, 162, 0, 0, 0, 163, 164, 462, 362]

 ### Operon type: 143

	 A0A009SYU8	[735, 660, 764, 368, 221, 813, 813, 392, 366]
	 A0A009HS41	[735, 660, 764, 368, 221, 813, 813, 392, 366]
	 A0A009RSB7	[735, 660, 764, 368, 221, 813, 813, 392, 366]

 ### Operon type: 144

	 A0A013SHA9	[735, 660, 764, 368, 367, 813, 813, 392, 366]
	 A0A010IT25	[735, 660, 764, 368, 367, 813, 813, 392, 366]
	 A0A009I466	[735, 660, 764, 368, 367, 813, 813, 392, 366]

 ### Operon type: 145

	 A0A009NMQ9	[735, 660, 764, 368, 367, 0, 813, 813, 392]

 ### Operon type: 146

	 A0A009P8A9	[0, 0, 764, 368, 221, 813, 813, 392, 366]

 ### Operon type: 147

	 A0A009ITT8	[48, 47, 46, 223, 333, 45, 331, 330, 329]
	 A0A009NJ90	[48, 47, 46, 223, 333, 136, 45, 331, 330]

 ### Operon type: 148

	 A0A009IJ01	[331, 330, 329, 222, 328, 327, 326, 83, 56]
	 A0A009NCH6	[332, 331, 330, 329, 328, 327, 326, 83, 56]

 ### Operon type: 149

	 A0A009RQL5	[331, 330, 329, 84, 328, 327, 326, 83, 0]

 ### Operon type: 150

	 A0A009MGQ8	[333, 0, 332, 331, 330, 329, 328, 327, 326]

 ### Operon type: 151

	 A0A009RHH7	[138, 137, 224, 223, 333, 136, 331, 330, 329]
	 A0A009IJ07	[138, 137, 224, 223, 333, 331, 330, 329, 222]
	 A0A009S6G1	[138, 137, 224, 223, 333, 331, 330, 329, 328]

 ### Operon type: 152

	 A0A009HZK2	[224, 223, 333, 331, 330, 329, 222, 328, 327]

 ### Operon type: 153

	 A0A009R4N4	[223, 333, 136, 331, 330, 329, 84, 328, 327]

 ### Operon type: 154

	 A0A009S5A5	[333, 136, 45, 331, 330, 329, 222, 43, 328]

 ### Operon type: 155

	 A0A009RHH9	[0, 0, 0, 0, 135, 138, 137, 224, 223]

 ### Operon type: 156

	 A0A011PGU1	[0, 0, 749, 748, 747, 746, 745, 744, 743]
	 A0A011MDH1	[618, 0, 749, 748, 747, 746, 745, 744, 743]

 ### Operon type: 157

	 A0A011V0P4	[531, 389, 0, 0, 546, 0, 0, 554, 553]

 ### Operon type: 158

	 A0A011WPV7	[554, 553, 0, 0, 0, 0, 0, 0, 0]

 ### Operon type: 159

	 A0A011UDF3	[748, 592, 0, 0, 0, 287, 599, 598, 873]

 ### Operon type: 160

	 A0A011VSC9	[599, 598, 873, 0, 0, 0, 0, 0, 0]

 ### Operon type: 161

	 A0A011SF89	[578, 577, 576, 0, 0, 0, 0, 0, 0]

 ### Operon type: 162

	 A0A011UCX7	[0, 785, 578, 577, 0, 576, 234, 0, 0]

 ### Operon type: 163

	 A0A011RNP9	[0, 0, 0, 0, 0, 585, 780, 0, 0]

 ### Operon type: 164

	 A0A011V0B5	[581, 0, 0, 0, 0, 0, 585, 0, 0]

 ### Operon type: 165

	 A0A011RQC9	[0, 581, 580, 0, 0, 0, 0, 579, 0]

 ### Operon type: 166

	 A0A011QG28	[707, 706, 748, 0, 747, 746, 770, 705, 771]
	 A0A011RIM8	[707, 706, 0, 0, 747, 746, 770, 705, 771]

 ### Operon type: 167

	 A0A011PHI6	[740, 0, 810, 0, 0, 809, 798, 739, 0]

 ### Operon type: 168

	 A0A011QI68	[0, 0, 810, 809, 0, 0, 0, 0, 0]

 ### Operon type: 169

	 A0A011NVJ6	[609, 671, 670, 669, 668, 667, 0, 0, 608]

 ### Operon type: 170

	 A0A011PVP2	[0, 671, 670, 669, 668, 667, 0, 0, 822]

 ### Operon type: 171

	 A0A011NXY7	[0, 0, 670, 0, 668, 0, 0, 0, 0]

 ### Operon type: 172

	 A0A011QR69	[755, 754, 763, 753, 762, 761, 0, 0, 0]
	 A0A011NUB4	[755, 754, 763, 753, 762, 761, 0, 611, 0]

 ### Operon type: 173

	 A0A011NN36	[754, 763, 0, 0, 762, 761, 0, 0, 0]

 ### Operon type: 174

	 A0A011PK69	[763, 777, 0, 0, 762, 761, 0, 0, 0]

 ### Operon type: 175

	 A0A011NYD6	[676, 717, 716, 605, 604, 675, 674, 673, 672]
	 A0A011RMI6	[676, 717, 716, 605, 604, 675, 674, 673, 672]

 ### Operon type: 176

	 A0A011QB28	[677, 676, 717, 0, 0, 675, 674, 673, 672]

 ### Operon type: 177

	 A0A011NF33	[0, 675, 674, 0, 0, 0, 0, 0, 0]

 ### Operon type: 178

	 A0A011NBY4	[465, 0, 0, 464, 0, 0, 463, 0, 0]

 ### Operon type: 179

	 A0A011WRT0	[465, 0, 0, 0, 0, 0, 0, 736, 0]

 ### Operon type: 180

	 A0A011SHV5	[0, 0, 0, 0, 0, 573, 736, 572, 0]

 ### Operon type: 181

	 A0A011NB95	[0, 758, 0, 0, 0, 0, 468, 467, 466]

 ### Operon type: 182

	 A0A011UHT4	[24, 273, 467, 0, 0, 21, 21, 466, 0]

 ### Operon type: 183

	 A0A010Z1W7	[0, 0, 0, 0, 0, 229, 0, 522, 523]

 ### Operon type: 184

	 A0A011VY84	[0, 0, 523, 522, 0, 0, 0, 0, 0]

 ### Operon type: 185

	 A0A010YW85	[0, 0, 0, 0, 0, 270, 0, 522, 523]

 ### Operon type: 186

	 A0A010ZMA0	[522, 517, 0, 0, 0, 0, 0, 0, 0]

 ### Operon type: 187

	 A0A011N5L2	[0, 0, 0, 517, 0, 516, 515, 0, 0]

 ### Operon type: 188

	 A0A009MJ75	[0, 0, 104, 103, 102, 0, 0, 0, 192]

 ### Operon type: 189

	 A0A010IH51	[0, 269, 0, 0, 102, 0, 192, 0, 0]

 ### Operon type: 190

	 A0A011TYT7	[0, 0, 0, 0, 0, 0, 269, 268, 268]

 ### Operon type: 191

	 A0A010RRR9	[0, 0, 0, 0, 818, 0, 0, 190, 192]

 ### Operon type: 192

	 A0A010SIA7	[0, 0, 190, 189, 0, 0, 0, 0, 0]

 ### Operon type: 193

	 A0A010RFQ9	[0, 0, 647, 0, 563, 0, 0, 0, 0]

 ### Operon type: 194

	 A0A010SPR9	[37, 37, 0, 0, 0, 563, 0, 0, 0]

 ### Operon type: 195

	 A0A009LNU8	[306, 308, 401, 309, 0, 44, 0, 462, 0]

 ### Operon type: 196

	 A0A013SRG6	[310, 309, 401, 308, 0, 307, 0, 306, 603]

 ### Operon type: 197

	 A0A009IQU8	[0, 308, 0, 0, 0, 307, 603, 0, 0]

 ### Operon type: 198

	 A0A010K2K8	[401, 309, 310, 0, 0, 0, 0, -1, 462]

 ### Operon type: 199

	 A0A011NPR8	[0, 603, 0, 0, 0, 0, 602, 0, 0]

 ### Operon type: 200

	 A0A010SEA2	[636, 602, 191, 0, 0, 0, 0, 0, 0]

 ### Operon type: 201

	 A0A010IGH8	[0, 0, 0, 0, 0, 0, 0, 391, 392]

 ### Operon type: 202

	 A0A010STD3	[0, 0, 0, 373, 286, 372, 0, 392, 391]

 ### Operon type: 203

	 A0A010SQJ5	[94, 230, 0, 373, 286, 372, 0, 0, 0]

 ### Operon type: 204

	 A0A013RVV2	[444, 0, 394, 393, 0, 0, 392, 391, 0]

 ### Operon type: 205

	 A0A011TD67	[287, 0, 0, 373, 286, 372, 371, 0, 285]

 ### Operon type: 206

	 A0A009ZC12	[0, 0, 0, 373, 0, 372, 371, 370, 871]

 ### Operon type: 207

	 A0A009YSC7	[0, 0, 463, 1, 0, 1, 394, 393, 0]

 ### Operon type: 208

	 A0A009ZJK4	[0, 0, 0, 0, 0, 0, 660, 637, 0]

 ### Operon type: 209

	 A0A010SVN1	[-1, 637, 813, 227, 324, 0, 0, 660, 0]

 ### Operon type: 210

	 A0A009QGN4	[415, 414, 413, 412, 411, 410, 0, 0, 0]
	 A0A009PFK7	[415, 414, 413, 412, 411, 0, 0, 410, 0]

 ### Operon type: 211

	 A0A009YR20	[0, 410, 0, 0, 0, 0, 414, 0, 0]

 ### Operon type: 212

	 A0A009SCM5	[141, 140, 139, 0, 0, 0, 0, 0, 0]

 ### Operon type: 213

	 A0A009TJ77	[154, 73, 0, 0, 0, 0, 141, 140, 139]

 ### Operon type: 214

	 A0A009HZV2	[0, 0, 0, 0, 88, 87, 136, 0, 0]

 ### Operon type: 215

	 A0A009QPE7	[0, 0, 0, 0, 88, 87, 0, 0, 0]

 ### Operon type: 216

	 A0A009MGR3	[0, 0, 115, 0, 318, 43, 60, 114, 113]

 ### Operon type: 217

	 A0A009Q4G0	[0, 120, 115, 0, 318, 0, 114, 113, 114]

 ### Operon type: 218

	 A0A009PB53	[0, 0, 101, 100, 318, 114, 113, 114, 119]

 ### Operon type: 219

	 A0A009PUJ8	[0, 101, 100, 318, 0, 119, 225, 99, 98]

 ### Operon type: 220

	 A0A009QQC0	[86, 0, 85, 813, 364, 364, 186, 492, 227]
	 A0A009H7I0	[86, 0, 0, 813, 364, 364, 186, 492, 227]

 ### Operon type: 221

	 A0A009MVG4	[85, 0, 365, 813, 364, 364, 186, 492, 227]

 ### Operon type: 222

	 A0A009QA91	[188, 187, 735, 813, 364, 364, 186, 492, 227]
	 A0A010J377	[188, 187, 735, 813, 364, 364, 186, 492, 227]

 ### Operon type: 223

	 A0A009S1X4	[188, 187, 735, 813, 364, 364, 813, 0, 216]

 ### Operon type: 224

	 A0A013SHF4	[0, 0, 365, 813, 364, 364, 0, 363, 0]

 ### Operon type: 225

	 A0A011PJK8	[775, 774, 773, 812, 811, 772, 0, 0, 0]
	 A0A011N3C3	[0, 0, 0, 775, 774, 773, 812, 811, 772]

 ### Operon type: 226

	 A0A011WKI4	[0, 0, 0, 0, 0, 776, 557, 556, 555]
	 A0A011UWH1	[776, 557, 556, 555, 0, 0, 0, 0, 0]

 ### Operon type: 227

	 A0A010YKP2	[0, 0, 0, 0, 0, 0, 608, 501, 0]

 ### Operon type: 228

	 A0A011V1A2	[389, 0, 0, 501, 0, 0, 0, 0, 0]

 ### Operon type: 229

	 A0A011NGS0	[0, 0, 0, 0, 702, 766, 0, 0, 0]

 ### Operon type: 230

	 A0A011PW61	[0, 0, 0, 0, 702, 766, 0, 0, 701]

 ### Operon type: 231

	 A0A011UXI1	[0, 759, 0, 0, 702, 766, 232, 0, 0]

 ### Operon type: 232

	 A0A011SWI9	[-1, -1, 0, 740, 702, 766, 232, -1, -1]

 ### Operon type: 233

	 A0A011P952	[766, 0, 765, 0, 0, 765, 0, 0, 0]

 ### Operon type: 234

	 A0A011Q1B3	[621, 739, 620, 619, 620, 822, 618, 0, 0]
	 A0A011QVV5	[0, 0, 621, 739, 620, 619, 620, 822, 618]

 ### Operon type: 235

	 A0A011NSG8	[0, 0, 0, 739, 620, 619, 0, 620, 0]

 ### Operon type: 236

	 A0A011P0X4	[0, 0, 618, 0, 620, 0, 0, 619, 550]

 ### Operon type: 237

	 A0A010YNY9	[0, 0, 500, 499, 0, 0, 0, 0, 498]

 ### Operon type: 238

	 A0A011AC71	[216, 0, 0, 291, 0, 500, 499, 0, 735]

 ### Operon type: 239

	 A0A011QLX0	[0, 719, 0, 0, 718, 0, 717, 716, 0]
	 A0A011PRW6	[719, 0, 0, 0, 718, 717, 716, 0, 0]

 ### Operon type: 240

	 A0A010SML6	[0, 717, 716, -1, 0, 738, 0, 0, 0]

 ### Operon type: 241

	 A0A010RS09	[0, 0, 0, 0, 32, 0, 664, 664, 0]

 ### Operon type: 242

	 A0A010RTE7	[0, 0, 0, 0, 0, 0, 32, 73, 0]

 ### Operon type: 243

	 A0A009P817	[112, 0, 0, 0, 107, 0, 272, 122, 121]

 ### Operon type: 244

	 A0A009TIY0	[0, 0, 0, 0, 107, 0, 272, 122, 0]

 ### Operon type: 245

	 A0A009QKA3	[272, 122, 0, 121, 0, 0, 0, 0, 415]

 ### Operon type: 246

	 A0A009HSR2	[0, 118, 117, 0, 116, 130, 131, 136, 132]

 ### Operon type: 247

	 A0A009SWM1	[0, 118, 117, 0, 116, 0, 0, 131, 0]

 ### Operon type: 248

	 A0A009MYX0	[133, 132, 0, 775, 0, 0, 131, 130, 129]

 ### Operon type: 249

	 A0A009QK79	[0, 0, 129, 130, 0, 131, 0, 0, 132]

 ### Operon type: 250

	 A0A009GXJ1	[82, 81, 130, 131, 79, 136, 132, 133, 0]

 ### Operon type: 251

	 A0A013TKW8	[0, 844, 0, 462, 341, 340, 339, 338, 337]
	 A0A009QT77	[0, 0, -1, 462, 341, 340, 339, 338, 337]
	 A0A010IT95	[0, 0, 0, 462, 341, 340, 339, 338, 337]
	 A0A009GWD0	[136, 0, 0, 462, 341, 340, 339, 338, 337]
	 A0A009PRQ9	[0, 462, 67, 0, 341, 340, 339, 338, 337]
	 A0A009S0T6	[0, 0, 462, 67, 341, 340, 339, 338, 337]
	 A0A009I5G9	[0, 0, 462, 67, 341, 340, 339, 338, 337]
	 A0A009MH36	[0, 0, 0, 462, 341, 340, 339, 338, 337]

 ### Operon type: 252

	 A0A013TMJ7	[805, -1, 0, 462, 341, 338, 337, 0, 0]

 ### Operon type: 253

	 A0A011VXC2	[-1, 530, 0, 824, 529, 528, 527, 526, 525]
	 A0A011V392	[530, 0, 824, 529, 528, 527, 0, 526, 525]

 ### Operon type: 254

	 A0A011V490	[275, 397, 0, 525, 526, 527, 528, 529, 824]

 ### Operon type: 255

	 A0A011VZF5	[0, 0, 529, 528, 527, 785, 397, 785, 0]

 ### Operon type: 256

	 A0A011VU44	[0, 0, 0, 0, 0, 595, 0, 0, 0]
	 A0A011WLE7	[0, 0, 0, 0, 0, 595, 0, 0, 0]

 ### Operon type: 257

	 A0A011VAP2	[0, 0, 199, 0, 0, 0, 0, 0, 545]

 ### Operon type: 258

	 A0A011VRJ8	[0, 0, 0, 0, 0, 0, 199, 0, 0]

 ### Operon type: 259

	 A0A011RNU1	[0, 0, 0, 0, 0, 0, 519, 519, 518]

 ### Operon type: 260

	 A0A011VKJ9	[0, 0, 0, 0, 0, 0, 518, 519, -1]

 ### Operon type: 261

	 A0A011PQZ7	[0, 0, 0, 827, 826, 0, 825, 0, 0]

 ### Operon type: 262

	 A0A011TUX4	[0, 0, 0, 0, 826, 0, 0, 825, 0]

 ### Operon type: 263

	 A0A011STZ9	[0, 0, 0, 825, 0, 0, 0, 0, 0]

 ### Operon type: 264

	 A0A011PRF5	[823, 0, 0, 0, 0, 0, 0, 0, 0]
	 A0A011PUJ9	[0, 0, 0, 0, 0, 0, 0, 0, 823]

 ### Operon type: 265

	 A0A011PFY8	[0, 0, 0, 0, 0, 0, 0, 0, 837]

 ### Operon type: 266

	 A0A011PNS3	[838, 837, 0, 0, 0, 0, 0, 0, 0]

 ### Operon type: 267

	 A0A011T648	[0, 837, 0, 0, 0, 0, 0, 763, 0]

 ### Operon type: 268

	 A0A010YYJ5	[0, 0, 0, 785, 0, 0, 0, 151, 151]

 ### Operon type: 269

	 A0A011NDM5	[785, 0, 0, 0, 0, 0, 0, 0, 0]

 ### Operon type: 270

	 A0A011MSR2	[0, 0, 0, 583, 0, 0, 0, 785, 785]

 ### Operon type: 271

	 A0A011WSU6	[0, 785, 0, 0, 526, 0, 0, 0, 0]

 ### Operon type: 272

	 A0A011AEN3	[0, 0, 0, 0, 0, 0, 770, 0, 0]
	 A0A011U3C2	[0, 0, 770, 0, 0, 0, 0, 0, 0]

 ### Operon type: 273

	 A0A011AAZ2	[0, 549, 0, 0, 0, 770, 770, 770, 0]

 ### Operon type: 274

	 A0A011T698	[0, 0, 0, 0, 0, 735, 770, 0, 0]

 ### Operon type: 275

	 A0A010YRE8	[0, 0, 0, 0, 0, 0, 0, 28, 0]

 ### Operon type: 276

	 A0A011AF05	[0, 0, 216, 28, 0, 0, 0, 0, 0]

 ### Operon type: 277

	 A0A009ZG48	[0, 0, 0, 844, 0, 0, 0, 0, 0]

 ### Operon type: 278

	 A0A011PEJ8	[0, 0, 845, 844, 0, 0, 0, 0, 0]

 ### Operon type: 279

	 A0A011QNJ7	[708, 0, 0, 844, 0, 0, 0, 708, 0]

 ### Operon type: 280

	 A0A011MMJ4	[0, 0, 0, 0, 0, 0, 0, 708, 0]

 ### Operon type: 281

	 A0A011R8M3	[0, 0, 845, 844, 0, 231, 0, 708, 0]

 ### Operon type: 282

	 A0A009ZC82	[0, 0, 737, 0, 0, 0, 0, 0, 0]

 ### Operon type: 283

	 A0A011P3F6	[738, 0, 0, 737, 0, 0, 0, 0, 0]

 ### Operon type: 284

	 A0A009IG48	[0, 0, 0, 91, 72, 0, 0, 0, 738]

 ### Operon type: 285

	 A0A009IMQ0	[0, 0, 0, 91, 72, 0, 0, 0, 0]

 ### Operon type: 286

	 A0A009SWV1	[0, 0, 0, 0, 0, 0, 0, 91, 0]

 ### Operon type: 287

	 A0A009Q512	[0, 0, 0, 0, 111, 0, 0, 0, 0]
	 A0A009PMZ9	[111, 0, 0, 0, 0, 0, 0, 0, 0]

 ### Operon type: 288

	 A0A009IFL2	[0, 369, 0, 23, -1, 0, 0, 0]

 ### Operon type: 289

	 A0A009ZDS1	[-1, -1, 0, 369, 0, 0, 454, 0, 0]

 ### Operon type: 290

	 A0A010SNM6	[34, 29, -1, 0, 0, 0, 805, 0, 0]

 ### Operon type: 291

	 A0A010T5D8	[29, 34, 0, -1, 0, -1, 282, 0, 0]

 ### Operon type: 292

	 A0A011UB51	[521, 0, 0, 0, 0, 0, 0, 0, 0]
	 A0A011UFH1	[0, 0, 0, 0, 0, 521, 0, 0, 0]

 ### Operon type: 293

	 A0A011VHP2	[0, -1, -1, -1, 210, 0, 0, 0, 0]
	 A0A011V965	[0, -1, -1, 0, 210, 0, -1, -1, 0]

 ### Operon type: 294

	 A0A010RVD0	[-1, 0, 0, -1, 0, 863, 863, 0, 31]

 ### Operon type: 295

	 A0A010T7Q5	[0, 31, 0, 0, 0, 0, -1, 0, 0]

 ### Operon type: 296

	 A0A010SJH7	[0, 0, 805, -1, 0, 0, 186, 0, 0]

 ### Operon type: 297

	 A0A010SRR2	[0, 0, -1, 0, 0, 0, 0, 0, 805]

 ### Operon type: 298

	 A0A010RY47	[-1, 0, -1, 0, 0, 0, 0, 0, 0]
	 A0A011UZ32	[0, 0, 0, 0, 0, -1, 0, 0, 0]
	 A0A010RKP8	[0, 0, 0, 0, 0, 0, -1, 0, 0]
	 A0A009HJU6	[0, 0, 0, 0, 0, 0, 0, 0, -1]
	 A0A010TF14	[-1, 0, 0, 0, 0, 0, 0, 0, 0]

 ### Operon type: 299

	 A0A010SJF9	[0, 0, 0, 0, 0, -1, 0, 42, -1]

 ### Operon type: 300

	 A0A011ML54	[0, 0, 0, 665, 0, 0, 0, 0, -1]

 ### Operon type: 301

	 A0A011NHY1	[0, 0, 0, 0, 0, 805, 0, 0, 0]

 ### Operon type: 302

	 A0A010Z171	[0, 0, 0, 0, 0, 0, 805, 0, 775]

 ### Operon type: 303

	 A0A011T697	[805, 0, 0, 0, 0, 0, 0, 0, 272]

 ### Operon type: 304

	 A0A011TDD1	[0, 325, 805, 0, 0, 0, 0, 0, 0]

 ### Operon type: 305

	 A0A011VW24	[0, 0, 757, 0, 0, 0, 0, 0, -1]

 ### Operon type: 306

	 A0A011T8V3	[0, 0, 757, 0, 0, 0, 0, 0, 0]

 ### Operon type: 307

	 A0A010TH98	[701, 0, 0, 757, 0, 0, 0, 0, 0]

 ### Operon type: 308

	 A0A011QVR3	[0, 0, 0, 0, 0, 0, 0, 758, 757]

 ### Operon type: 309

	 A0A011VYF1	[757, 0, 0, 0, 0, 0, 521, 0, 0]

 ### Operon type: 310

	 A0A010S415	[-1, 757, 0, 227, 0, 0, 0, 0, 442]

 ### Operon type: 311

	 A0A011QSN2	[0, 0, 0, 0, 0, 0, 0, 0, 0]
	 A0A011PBM9	[0, 0, 0, 0, 0, 0, 0, 0, 0]
	 A0A011PNN2	[0, 0, 0, 0, 0, 0, 0, 0, 0]
	 A0A011P9Z5	[0, 0, 0, 0, 0, 0, 0, 0, 0]
	 A0A011QMJ8	[0, 0, 0, 0, 0, 0, 0, 0, 0]
	 A0A011Q056	[0, 0, 0, 0, 0, 0, 0, 0, 0]
	 A0A011NTU3	[0, 0, 0, 0, 0, 0, 0, 0, 0]
	 A0A011NMI8	[0, 0, 0, 0, 0, 0, 0, 0, 0]
	 A0A011N2Z0	[0, 0, 0, 0, 0, 0, 0, 0, 0]
	 A0A010ZTI3	[0, 0, 0, 0, 0, 0, 0, 0, 0]
	 A0A011VYF6	[0, 0, 0, 0, 0, 0, 0, 0, 0]
	 A0A010YJA7	[0, 0, 0, 0, 0, 0, 0, 0, 0]
	 A0A013SBR8	[0, 0, 0, 0, 0, 0, 0, 0, 0]
	 A0A011NAJ1	[0, 0, 0, 0, 0, 0, 0, 0, 0]
	 A0A013SL47	[0, 0, 0, 0, 0, 0, 0, 0, 0]
	 A0A011WUT3	[0, 0, 0, 0, 0, 0, 0, 0, 0]
	 A0A013TEV4	[0, 0, 0, 0, 0, 0, 0, 0, 0]
	 A0A009M4K0	[0, 0, 0, 0, 0, 0, 0, 0, 0]
	 A0A011VNE2	[0, 0, 0, 0, 0, 0, 0, 0, 0]
	 A0A010SHY1	[0, 0, 0, 0, 0, 0, 0, 0, 0]
	 A0A009MH90	[0, 0, 0, 0, 0, 0, 0, 0, 0]
	 A0A013S2B9	[0, 0, 0, 0, 0, 0, 0, 0, 0]
	 A0A011UHL2	[0, 0, 0, 0, 0, 0, 0, 0, 0]
	 A0A009PDV4	[0, 0, 0, 0, 0, 0, 0, 0, 0]
	 A0A011UBN9	[0, 0, 0, 0, 0, 0, 0, 0, 0]
	 A0A009HIL8	[0, 0, 0, 0, 0, 0, 0, 0, 0]
	 A0A011UFM5	[0, 0, 0, 0, 0, 0, 0, 0, 0]
	 A0A010SSQ8	[0, 0, 0, 0, 0, 0, 0, 0, 0]
	 A0A010SPJ7	[0, 0, 0, 0, 0, 0, 0, 0, 0]
	 A0A010T025	[0, 0, 0, 0, 0, 0, 0, 0, 0]
	 A0A010YZS8	[0, 0, 0, 0, 0, 0, 0, 0, 0]
	 A0A010Z120	[0, 0, 0, 0, 0, 0, 0, 0, 0]
	 A0A011A146	[0, 0, 0, 0, 0, 0, 0, 0, 0]

 ### Operon type: 312

	 A0A010TG27	[776, 0, 33, 0, 0, 0, 813, 0, 0]

 ### Operon type: 313

	 A0A011PMK1	[0, 0, 0, 0, 0, 0, 0, 776, 0]

 ### Operon type: 314

	 A0A009HM15	[0, 326, 83, 0, 0, 0, -1, 0, 0]

 ### Operon type: 315

	 A0A009HRU1	[0, 130, 0, 0, 0, 0, 0, 0, 0]

 ### Operon type: 316

	 A0A009HSN8	[0, 120, 0, 0, 0, -1, 0, 119, -1]

 ### Operon type: 317

	 A0A009HV82	[225, 0, 0, 0, 0, 0, 0, 0, 0]

 ### Operon type: 318

	 A0A009IG74	[0, 0, 103, 0, 362, -1, 0, 0, 0]

 ### Operon type: 319

	 A0A009IJ90	[0, 154, 0, 0, 0, 0, 0, 0, 0]

 ### Operon type: 320

	 A0A009NM94	[0, 575, 575, 0, 0, 0, 325, 0, 0]

 ### Operon type: 321

	 A0A009Q4N5	[0, 0, 112, 0, 0, 0, 0, 0, 0]

 ### Operon type: 322

	 A0A009SSZ9	[0, 92, 0, 0, 0, 0, 0, 0, 0]

 ### Operon type: 323

	 A0A009YIH1	[0, 0, 0, 0, 328, 0, -1, -1, 2]

 ### Operon type: 324

	 A0A009YR05	[0, 0, 0, 0, 206, 0, 0, 0, 0]

 ### Operon type: 325

	 A0A009Z004	[252, 0, 252, 0, 0, 775, 0, 0, 0]

 ### Operon type: 326

	 A0A010RUQ5	[0, 0, 0, 0, 0, 0, 0, 0, 167]

 ### Operon type: 327

	 A0A010S195	[737, 0, 229, 228, 0, 0, 0, 0, 0]

 ### Operon type: 328

	 A0A010SCZ2	[0, 0, 0, 0, 0, 0, 0, 544, 0]

 ### Operon type: 329

	 A0A010SN41	[0, 0, 0, 0, 311, 0, 0, 0, 0]

 ### Operon type: 330

	 A0A010SSU2	[0, 0, 0, 0, 79, 0, -1, 767, 0]

 ### Operon type: 331

	 A0A010SUP6	[0, 0, 0, 0, 0, 0, 0, 228, 0]

 ### Operon type: 332

	 A0A010SUY9	[0, 0, 0, 0, 0, 231, 845, 0]

 ### Operon type: 333

	 A0A010THK2	[0, 0, -1, 0, 0, 664, 775, 0, 0]

 ### Operon type: 334

	 A0A010SRL4	[33, 0, 0, -1, 0, 0, 0, 775, 233]

 ### Operon type: 335

	 A0A010YX61	[473, 770, 0, 757, 0, 0, 0, 0, 0]

 ### Operon type: 336

	 A0A010S5W8	[0, 0, 583, 822, 0, 0, 0, 0, 0]

 ### Operon type: 337

	 A0A011NE37	[358, 0, 0, 0, 0, 0, 0, 0, 0]

 ### Operon type: 338

	 A0A011NF78	[0, 0, 870, 0, 0, 0, 0, 0, 0]

 ### Operon type: 339

	 A0A011NVE2	[0, 0, 0, 763, 0, 0, 805, 0, 610]

 ### Operon type: 340

	 A0A011NXJ4	[0, 0, 0, 0, 0, 0, 0, 0, 606]

 ### Operon type: 341

	 A0A011P8I1	[0, 0, 771, 770, 0, 0, 0, 0, 769]

 ### Operon type: 342

	 A0A011P9Q7	[764, 0, 0, 0, 0, 0, 0, 0, 0]

 ### Operon type: 343

	 A0A011PJ75	[0, 763, 687, 763, 0, 0, 0, 0, 0]

 ### Operon type: 344

	 A0A011PRB4	[0, 0, 0, 0, 0, 0, 0, 824, 0]

 ### Operon type: 345

	 A0A011QVT2	[756, 0, 0, 0, 0, 0, 0, 838, 0]

 ### Operon type: 346

	 A0A011RP14	[0, 0, 0, 0, 0, 0, 0, 582, 0]

 ### Operon type: 347

	 A0A011SM49	[805, 0, 582, 0, 0, 0, 406, 0, 0]

 ### Operon type: 348

	 A0A011AM27	[825, 0, 0, 0, 513, 0, 0, 0, 512]

 ### Operon type: 349

	 A0A011T607	[0, 0, 822, 0, 0, 0, 0, 0, 325]

 ### Operon type: 350

	 A0A011TAW2	[0, 0, 0, 0, 0, 0, 305, 0, 0]

 ### Operon type: 351

	 A0A011TED9	[0, 0, 0, 0, 0, 323, 0, 0, 0]

 ### Operon type: 352

	 A0A011TXS5	[0, 398, 0, 0, 0, 0, 0, 0, 0]

 ### Operon type: 353

	 A0A011U144	[0, 167, 0, 0, 0, 0, 606, 640, 0]

 ### Operon type: 354

	 A0A011U1C8	[735, 0, 0, 0, 0, 0, 0, 0, 502]

 ### Operon type: 355

	 A0A011U483	[0, 0, 0, 0, 0, 734, 0, 0, 0]

 ### Operon type: 356

	 A0A011UG86	[0, 739, 0, 0, 0, 42, 0, 0, 0]

 ### Operon type: 357

	 A0A011UQB5	[574, 464, 0, 0, 0, 0, 0, 521, 0]

 ### Operon type: 358

	 A0A011UVI5	[0, 0, 0, 0, 0, 498, 763, 763, 0]

 ### Operon type: 359

	 A0A011UWI3	[0, 0, 0, 0, 109, 0, 80, 737, 0]

 ### Operon type: 360

	 A0A011V5E6	[0, 0, 0, 0, 0, 533, 0, 0, 0]

 ### Operon type: 361

	 A0A011M4H6	[545, 0, 511, 0, 0, 0, 0, 0, 0]

 ### Operon type: 362

	 A0A011VSV3	[0, 0, 0, 0, 0, 0, 748, 0, 0]

 ### Operon type: 363

	 A0A011VWI0	[0, 0, 0, 0, 0, 273, 0, 0, 0]

 ### Operon type: 364

	 A0A011VZ91	[555, 0, 0, 0, 0, 0, 0, 0, 0]

 ### Operon type: 365

	 A0A011WP76	[0, 0, 0, 0, 0, 0, 0, 0, 795]

 ### Operon type: 366

	 A0A011WSD4	[0, 0, 0, -1, 0, 785, 0, 0, 397]

 ### Operon type: 367

	 A0A011WT35	[397, 0, 0, 0, 0, 0, 0, 0, 0]

 ### Operon type: 368

	 A0A013S843	[0, 492, 0, 0, 0, 0, -1, 94, 0]

 ### Operon type: 369

	 A0A013T5E6	[0, 0, 0, 318, 0, 0, 0, 0, 0]

 ### Operon type: 370

	 A0A009T185	[754, 0, 687, 687, 259, 763, 687, 267, 667]

 ### Operon type: 371

	 A0A010IN36	[244, 805, 0, 0, 259, 763, 687, 267, 667]

 ### Operon type: 372

	 A0A009PG43	[763, 687, 347, 838, 0, 267, 667, 0, 0]

 ### Operon type: 373

	 A0A009INE0	[244, 0, 0, 0, 0, 0, 0, 687, 267]

 ### Operon type: 374

	 A0A009T9H0	[0, 2, 738, -1, 0, 0, 131, 0, 130]

 ### Operon type: 375

	 A0A010THH5	[0, 191, 369, 498, 0, 0, 572, 0, 454]

 ### Operon type: 376

	 A0A011WSH8	[0, 0, 0, 813, 532, 0, 0, 0, 0]
	 A0A011VZE3	[0, 0, 0, 813, 532, 0, 0, 0, 0]

 ### Operon type: 377

	 A0A011NAF3	[0, 0, 0, 0, 0, 0, 813, 0, 831]

 ### Operon type: 378

	 A0A009IQ93	[234, 0, 813, 0, 0, 233, 0, 0, 0]

 ### Operon type: 379

	 A0A009Q8S9	[0, 0, 738, 298, 0, 266, 0, 0, 0]

 ### Operon type: 380

	 A0A009TLU4	[0, 398, -1, 44, 0, 36, 0, -1, -1]

 ### Operon type: 381

	 A0A009ZB47	[375, 374, 0, 0, 0, 785, 452, 0, 0]

 ### Operon type: 382

	 A0A009ZVR4	[580, 0, 770, 0, 0, 151, 0, 0, 376]

 ### Operon type: 383

	 A0A010JIN9	[452, 0, 0, 73, 235, 0, 0, 0, 0]

 ### Operon type: 384

	 A0A010S003	[744, 0, 0, 0, 0, 739, 739, 230, 0]

 ### Operon type: 385

	 A0A010SMN8	[0, -1, 500, 0, 563, 0, 0, 751, 0]

 ### Operon type: 386

	 A0A010SXS1	[0, 347, 0, 0, 0, 560, 0, 0, 838]

 ### Operon type: 387

	 A0A010T689	[512, -1, 572, 585, 0, 0, 0, 0, 0]

 ### Operon type: 388

	 A0A010TBB4	[0, 645, 0, 42, 0, 0, 0, 0, 735]

 ### Operon type: 389

	 A0A010YFK3	[0, 628, 0, 0, 0, 0, 593, 0, 502]

 ### Operon type: 390

	 A0A010YVY1	[27, 0, 27, 0, 0, 0, 0, 230, 0]

 ### Operon type: 391

	 A0A010ZSZ2	[0, 549, 0, 639, 548, 0, 0, 0, 0]

 ### Operon type: 392

	 A0A010Z0Y7	[0, 0, 0, 0, 548, 227, 0, 0, 0]

 ### Operon type: 393

	 A0A011A0M8	[0, 0, 775, 0, 23, 0, 0, 4, 4]

 ### Operon type: 394

	 A0A011NFL4	[0, 663, 0, 0, 662, 776, 0, 661, 0]

 ### Operon type: 395

	 A0A011P407	[0, 0, 768, 736, 0, 0, 735, 0, 734]

 ### Operon type: 396

	 A0A011QGT2	[813, 0, 0, 812, 811, 0, 0, 0, 0]

 ### Operon type: 397

	 A0A011QSA4	[873, 0, 872, 871, 0, 0, 0, 0, 870]

 ### Operon type: 398

	 A0A011T6J6	[0, 632, 0, 770, 0, 0, 271, 0, 270]

 ### Operon type: 399

	 A0A011TAL2	[0, 822, 0, 0, 0, 291, 0, 608, 0]

 ### Operon type: 400

	 A0A011TZG0	[775, 622, 0, 0, 0, 0, 0, 342, 0]

 ### Operon type: 401

	 A0A011UGY3	[535, 534, 533, 22, 0, 0, 0, 22, 0]

 ### Operon type: 402

	 A0A011UII7	[0, 0, 0, 0, 0, 610, 504, 0, 0]

 ### Operon type: 403

	 A0A011UNT9	[266, 408, 0, 0, 0, 0, 0, 0, 0]

 ### Operon type: 404

	 A0A011SIS0	[0, 680, 409, 409, 0, 0, 0, 408, 0]

 ### Operon type: 405

	 A0A011UT49	[0, 549, 0, 0, 0, 0, 347, 208, 0]

 ### Operon type: 406

	 A0A011VU65	[594, 0, 0, 0, 0, 593, 0, 748, 592]

 ### Operon type: 407

	 A0A011VV03	[0, 547, 0, 0, 546, 545, 0, 0, 0]

 ### Operon type: 408

	 A0A011VVZ9	[0, 0, -1, 0, 0, 544, 543, 543, 542]

 ### Operon type: 409

	 A0A011VWX7	[838, 531, 0, 0, 0, 0, 0, 573, 0]

 ### Operon type: 410

	 A0A011VXK7	[575, 575, 0, 524, 0, 0, 0, 634, 0]

 ### Operon type: 411

	 A0A011W0I6	[510, 0, 0, 0, 0, 787, 0, 665, 0]

 ### Operon type: 412

	 A0A010YEF6	[0, 510, 0, 0, 0, 0, 0, 0, 509]

 ### Operon type: 413

	 A0A013SQH1	[0, 0, 0, 0, 311, 760, 0, 462, 468]

 ### Operon type: 414

	 A0A009QJA8	[99, 98, 0, 0, 0, 0, 0, 0, 571]

 ### Operon type: 415

	 A0A009YL68	[0, 0, 735, 475, 471, 0, 0, 370, 0]

 ### Operon type: 416

	 A0A010JNG7	[462, 0, 0, 461, 0, 0, 0, 0, 0]

 ### Operon type: 417

	 A0A010RM40	[487, 813, 696, 0, 0, 0, 0, -1, 723]

 ### Operon type: 418

	 A0A010RRQ6	[0, 511, 0, 0, 0, 563, 650, 197, 0]

 ### Operon type: 419

	 A0A010S423	[271, 0, 0, 0, 0, 0, 0, 80, 579]

 ### Operon type: 420

	 A0A010T0I7	[0, 0, 509, 0, 0, 771, 872, 813, 0]

 ### Operon type: 421

	 A0A010ZUR7	[547, 5, 0, 5, 0, 11, 230, 0, 0]

 ### Operon type: 422

	 A0A011NA78	[0, 514, 0, 0, 0, 863, 0, 0, 723]

 ### Operon type: 423

	 A0A011P8W7	[778, 768, 838, 0, 767, 0, 0, 0, 0]

 ### Operon type: 424

	 A0A011PG97	[751, 0, 0, 750, 0, 0, 0, 0, 0]

 ### Operon type: 425

	 A0A011PKT4	[0, 760, 0, 0, 0, 0, 759, 0, 0]

 ### Operon type: 426

	 A0A011PLB2	[0, 778, 0, 777, 0, 0, 0, 0, 0]

 ### Operon type: 427

	 A0A011R339	[0, 0, 0, 0, 0, 0, 82, 81, 0]

 ### Operon type: 428

	 A0A011SFE5	[0, 0, 0, 575, 0, 0, 663, 736, 574]

 ### Operon type: 429

	 A0A011SJT5	[0, 0, 0, 542, 407, 407, 407, 407, 407]

 ### Operon type: 430

	 A0A011TDQ5	[0, 0, 0, 0, 324, 789, 0, 0, 0]

 ### Operon type: 431

	 A0A011VT01	[0, 0, 597, 0, 0, 597, 0, 0, 596]

 ### Operon type: 432

	 A0A009Z3V9	[813, 0, 0, 0, 0, 251, 773, 250, 249]

 ### Operon type: 433

	 A0A010SRB2	[36, 35, 0, 0, 0, 35, 34, 0, 0]

 ### Operon type: 434

	 A0A010KA25	[452, 0, 572, 368, 276, 0, 0, 452, 496]

 ### Operon type: 435

	 A0A011TZN1	[202, 201, 200, 0, 135, 0, 0, 0, 0]

 ### Operon type: 436

	 A0A011VJ76	[209, 209, 208, 661, 0, 813, 775, 0, 768]

 ### Operon type: 437

	 A0A011UG17	[211, 0, 156, 0, 540, 594, 0, 0, 0]

 ### Operon type: 438

	 A0A011WUA8	[677, 0, 0, 396, 0, 0, 0, 395, 395]

 ### Operon type: 439

	 A0A010S4X6	[0, 227, 696, 739, 280, 0, 609, 786, 664]

 ### Operon type: 440

	 A0A010YY02	[0, 26, 0, 0, 26, 698, 643, 0, 25]
