
 ### Operon type: 1

	 A0A009H3B0	[262, 261, 260, 427, 259, 470, 258, 257, 384]
	 A0A009QS71	[262, 261, 260, 427, 259, 470, 258, 257, 384]
	 A0A009QBR9	[262, 261, 260, 427, 259, 470, 257, 384, 136]
	 A0A010ILU3	[262, 261, 260, 427, 259, 470, 258, 257, 384]
	 A0A009MW50	[262, 261, 260, 427, 259, 470, 258, 257, 384]
	 A0A009I8S2	[262, 261, 260, 427, 259, 470, 257, 384, 136]
	 A0A009TM70	[262, 261, 260, 427, 259, 470, 257, 384, 136]

 ### Operon type: 2

	 A0A013TH43	[91, 90, 268, 429, 89, 88, 87, 86, 278]
	 A0A009RAF0	[91, 90, 268, 429, 89, 88, 87, 86, 278]

 ### Operon type: 3

	 A0A011PVT3	[726, 704, 703, 702, 701, 700, 699, 698, 697]
	 A0A011R7V7	[726, 704, 703, 702, 701, 700, 699, 698, 697]
	 A0A011MET3	[726, 704, 703, 702, 701, 700, 699, 698, 697]

 ### Operon type: 4

	 A0A010J9U3	[386, 385, 384, 383, 382, 599, 413, 381, 380]
	 A0A009RD69	[386, 385, 384, 383, 382, 599, 413, 381, 380]
	 A0A013SNJ8	[386, 385, 384, 383, 382, 599, 413, 381, 380]
	 A0A009SIZ4	[386, 385, 384, 383, 382, 599, 413, 381, 380]
	 A0A009HBT3	[386, 385, 384, 383, 382, 599, 413, 381, 380]
	 A0A009PH20	[386, 385, 384, 383, 382, 599, 413, 381, 380]
	 A0A009MMM3	[386, 385, 384, 383, 382, 599, 413, 381, 380]
	 A0A013RZW2	[386, 385, 384, 383, 382, 599, 413, 381, 380]
	 A0A009IV03	[386, 385, 384, 383, 382, 599, 413, 381, 380]
	 A0A009YIZ0	[386, 385, 384, 383, 382, 599, 413, 381, 380]

 ### Operon type: 5

	 A0A009PH57	[22, 21, -1, 20, 19, 749, 314, 445, 18]
	 A0A009TG92	[22, 21, -1, 20, 19, 749, 314, 445, 18]

 ### Operon type: 6

	 A0A013SXT2	[603, 602, 601, 600, 599, 598, 597, 596, 595]
	 A0A010J3I1	[603, 602, 601, 600, 599, 598, 597, 596, 595]
	 A0A009I0I9	[603, 602, 601, 600, 599, 598, 597, 596, 595]
	 A0A009SFX8	[603, 602, 601, 600, 70, 599, 598, 597, 596]
	 A0A009N031	[603, 602, 601, 600, 599, 598, 597, 596, 595]
	 A0A009R2X0	[603, 602, 601, 600, 599, 598, 597, 596, 595]
	 A0A009PWG1	[603, 602, 601, 600, 599, 598, 597, 596, 595]
	 A0A013S288	[603, 602, 601, 600, 599, 598, 597, 596, 595]
	 A0A009TBM2	[602, 601, 600, 70, 599, 598, 597, 596, 595]

 ### Operon type: 7

	 A0A009ZM43	[-1, 832, 629, 628, 627, 626, 625, 624, 623]
	 A0A013SZ54	[594, 832, 629, 628, 627, 626, 625, 624, 623]
	 A0A013T8M5	[594, 832, 629, 628, 627, 626, 625, 624, 623]
	 A0A009N123	[594, 832, 629, 628, 627, 626, 625, 624, 623]
	 A0A009SWU0	[594, 832, 629, 628, 627, 626, 625, 624, 623]
	 A0A009RBQ2	[594, 832, 629, 628, 627, 626, 625, 624, 623]
	 A0A009H7U0	[594, 832, 629, 628, 627, 626, 625, 624, 623]
	 A0A009IRJ6	[594, 832, 629, 628, 627, 626, 625, 624, 623]
	 A0A009Q3K7	[594, 832, 629, 628, 627, 626, 625, 624, 623]
	 A0A010IMP8	[594, 832, 629, 628, 627, 626, 625, 624, 623]

 ### Operon type: 8

	 A0A010JDA6	[-1, 379, 378, 377, 376, 375, 374, 373, 372]
	 A0A009S854	[-1, 379, 378, 377, 376, 375, 374, 373, 372]
	 A0A009N9Z1	[-1, 379, 378, 377, 376, 375, 374, 373, 372]
	 A0A009ZIC0	[144, 379, 378, 377, 376, 375, 374, 373, 372]
	 A0A013RMD0	[-1, 379, 378, 377, 376, 375, 374, 373, 372]
	 A0A009RG92	[-1, 379, 378, 377, 376, 375, 374, 373, 372]
	 A0A009IHQ3	[-1, 379, 378, 377, 376, 375, 374, 373, 372]
	 A0A009QDV7	[-1, 379, 378, 377, 376, 375, 374, 373, 372]
	 A0A009H6M2	[-1, 379, 378, 377, 376, 375, 374, 373, 372]

 ### Operon type: 9

	 A0A011V5V3	[0, 490, 489, 488, 487, 486, 485, 484, 483]
	 A0A011UIA1	[490, 489, 488, 487, 486, 485, 484, 483, 0]

 ### Operon type: 10

	 A0A011PTE7	[820, 819, 818, 817, 816, 0, 815, 814, 813]
	 A0A011NE72	[820, 819, 818, 817, 816, 815, 814, 813, 0]

 ### Operon type: 11

	 A0A009I4A1	[172, 171, 696, 170, 169, 168, 167, 166, 165]
	 A0A010JWJ1	[172, 171, 696, 170, 169, 168, 167, 166, 165]

 ### Operon type: 12

	 A0A009QF22	[28, 27, 172, 0, 169, 168, 167, 166, 165]
	 A0A009TBY8	[28, 27, 172, 170, 169, 168, 167, 166, 165]

 ### Operon type: 13

	 A0A011NEY3	[431, 872, 873, 871, 871, 870, 869, 868, 0]

 ### Operon type: 14

	 A0A011PAN4	[872, 873, 0, 871, 871, 870, 869, 868, 867]

 ### Operon type: 15

	 A0A011RCD5	[431, 872, 873, 871, 871, 870, 869, 868, 867]

 ### Operon type: 16

	 A0A011P4U7	[0, 797, 796, 795, 794, 793, 792, 791, 790]
	 A0A011NAY5	[797, 796, 795, 794, 793, 792, 791, 790, 0]

 ### Operon type: 17

	 A0A011PF67	[769, 768, 767, 766, 765, 0, 0, 0, 0]
	 A0A011NW66	[769, 768, 767, 766, 765, 558, 0, 0, 0]
	 A0A011NBX7	[769, 768, 767, 766, 765, 558, 0, 0, 0]

 ### Operon type: 18

	 A0A011NS68	[769, 768, 767, 766, 765, 609, 608, 607, 839]
	 A0A011RHX4	[769, 768, 767, 766, 765, 609, 608, 607, 0]

 ### Operon type: 19

	 A0A010YT39	[0, 368, 577, 576, 575, 574, 573, 572, 571]

 ### Operon type: 20

	 A0A010Z7T4	[577, 576, 575, 574, 573, 572, 571, 570, 774]

 ### Operon type: 21

	 A0A009RUN3	[220, 219, 413, 218, 217, 216, 215, 214, 213]
	 A0A013SP43	[220, 219, 413, 218, 217, 216, 215, 214, 213]
	 A0A010K6G6	[220, 219, 413, 218, 217, 216, 215, 0, 213]

 ### Operon type: 22

	 A0A011VWR4	[0, 0, 0, 0, 501, 500, 499, 498, 497]

 ### Operon type: 23

	 A0A011VYP6	[501, 500, 499, 498, 497, 0, 367, 702, 0]

 ### Operon type: 24

	 A0A011QAS2	[0, 663, 662, 661, 660, 659, 658, 657, 656]
	 A0A011NEQ1	[0, 663, 662, 661, 660, 659, 658, 657, 656]

 ### Operon type: 25

	 A0A013T0M4	[593, 592, 591, 590, 589, 588, 587, 586, 0]
	 A0A010JSI3	[593, 592, 591, 590, 589, 588, 587, 586, 0]
	 A0A009HDS5	[593, 592, 591, 590, 589, 588, 587, 586, 31]
	 A0A009RGL2	[593, 592, 591, 590, 589, 588, 587, 586, 31]

 ### Operon type: 26

	 A0A009SNL0	[85, 84, 106, 105, 104, 103, 102, 101, 100]

 ### Operon type: 27

	 A0A009T1I8	[106, 105, 104, 103, 102, 101, 100, 0, 0]

 ### Operon type: 28

	 A0A011VUV0	[554, 553, 552, 551, 550, 549, 548, 547, 0]
	 A0A011VW71	[0, 554, 553, 552, 551, 550, 549, 548, 547]

 ### Operon type: 29

	 A0A011UG71	[390, 389, 388, 482, 481, 480, 479, 478, 477]

 ### Operon type: 30

	 A0A011V8Z7	[0, 0, 390, 389, 388, 482, 481, 480, 479]

 ### Operon type: 31

	 A0A011V8Y9	[482, 481, 480, 479, 478, 477, 0, 0, 0]

 ### Operon type: 32

	 A0A011U8C0	[0, 480, 389, 0, 462, 478, 0, 0, 0]

 ### Operon type: 33

	 A0A011Q0X6	[764, 763, 762, 761, 760, 759, 758, 731, 730]
	 A0A011QBB5	[764, 763, 762, 761, 760, 759, 758, 731, 730]
	 A0A011Q1X8	[763, 0, 762, 761, 760, 759, 758, 731, 730]
	 A0A011QSF0	[0, 763, 762, 761, 760, 759, 758, 731, 0]

 ### Operon type: 34

	 A0A011PG87	[764, 763, 762, 761, 760, 759, 758, 0, 0]

 ### Operon type: 35

	 A0A011PCT1	[866, 865, 864, 0, 0, 0, 0, 863, 0]

 ### Operon type: 36

	 A0A011QU35	[0, 0, 0, 0, 785, 0, 866, 865, 864]

 ### Operon type: 37

	 A0A011Q2B1	[787, 786, 785, 784, 864, 689, 688, 687, 863]

 ### Operon type: 38

	 A0A011RLN8	[691, 690, 785, 784, 864, 689, 688, 687, 863]

 ### Operon type: 39

	 A0A011P700	[0, 0, 789, 788, 787, 786, 785, 784, 864]

 ### Operon type: 40

	 A0A011QSI4	[0, 0, 789, 788, 787, 0, 691, 690, 785]

 ### Operon type: 41

	 A0A013T337	[438, 437, 436, 435, 434, 754, 433, 853, 432]
	 A0A013TH30	[438, 437, 436, 435, 434, 754, 433, 853, 432]
	 A0A013S981	[23, 438, 437, 436, 435, 434, 754, 433, 853]

 ### Operon type: 42

	 A0A010JY00	[23, 438, 437, 436, 361, 754, 433, 853, 432]

 ### Operon type: 43

	 A0A010IZE4	[412, 411, 410, 409, 408, 407, 406, 696, 405]
	 A0A009SZB5	[412, 411, 410, 409, 408, 407, 406, 696, 405]
	 A0A009MGJ1	[412, 411, 410, 409, 408, 407, 406, 696, 405]
	 A0A009QQ47	[412, 411, 410, 409, 408, 407, 406, 696, 405]
	 A0A013TPV4	[412, 411, 410, 409, 408, 407, 406, 696, 405]
	 A0A009HR98	[412, 411, 410, 409, 408, 407, 406, 696, 405]
	 A0A009HL81	[412, 411, 410, 409, 408, 407, 406, 696, 405]

 ### Operon type: 44

	 A0A009Z8F7	[411, 410, 407, 0, 408, 349, 349, 0, 348]

 ### Operon type: 45

	 A0A009R016	[57, 56, 55, 128, 144, -1, 544, 54, 53]
	 A0A009HFU9	[57, 56, 55, 128, 144, 544, 54, 53, 0]

 ### Operon type: 46

	 A0A011UJN3	[0, 139, 0, 0, 622, 621, 620, 619, 618]

 ### Operon type: 47

	 A0A011W213	[622, 621, 620, 619, 618, 617, 0, 0, 0]

 ### Operon type: 48

	 A0A011QUG8	[724, 723, 722, 841, 721, 720, 0, 719, 718]
	 A0A011QIT1	[724, 723, 722, 841, 721, 720, 719, 718, 705]

 ### Operon type: 49

	 A0A011PP01	[778, 777, 776, 845, 775, 846, 847, 848, 849]
	 A0A011NVE7	[778, 777, 776, 845, 775, 846, 847, 848, 849]

 ### Operon type: 50

	 A0A011P2I4	[801, 739, 850, 849, 848, 847, 846, 775, 845]
	 A0A011N9N8	[801, 739, 850, 849, 848, 847, 846, 775, 845]

 ### Operon type: 51

	 A0A011PIY7	[851, 0, 850, 849, 848, 847, 846, 0, 845]

 ### Operon type: 52

	 A0A011Q3J4	[0, 851, 850, 849, 848, 847, 846, 775, 0]

 ### Operon type: 53

	 A0A011MH88	[512, 851, 850, 849, 848, 847, 846, 775, 845]

 ### Operon type: 54

	 A0A013SPM5	[534, 533, 532, 531, 530, 529, 528, 527, 526]
	 A0A009I6Z0	[534, 533, 532, 531, 530, 529, 528, 527, 526]
	 A0A009QFZ7	[534, 533, 532, 531, 530, 529, 528, 527, 526]
	 A0A009HSL1	[534, 533, 532, 531, 530, 529, 528, 527, 526]
	 A0A010IX62	[534, 533, 532, 531, 530, 529, 528, 527, 526]
	 A0A009MH71	[534, 533, 532, 531, 530, 529, 528, 527, 526]
	 A0A009TK03	[534, 533, 532, 531, 530, 529, 528, 527, 526]

 ### Operon type: 55

	 A0A009ZIX8	[0, 333, 532, 531, 530, 475, 0, 526, 0]

 ### Operon type: 56

	 A0A009RMI1	[232, 231, 230, 229, 458, 228, 227, 780, 0]
	 A0A009HJJ5	[232, 231, 230, 229, 458, 228, 227, 780, 125]
	 A0A009SEP4	[232, 231, 230, 229, 458, 0, 228, 227, 0]
	 A0A010JJN4	[232, 231, 230, 229, 458, 228, 227, 780, 565]
	 A0A009NI48	[232, 231, 230, 229, 458, 228, 227, 780, -1]
	 A0A013TPR7	[232, 231, 230, 229, 458, 228, 227, 780, 565]
	 A0A009PMT3	[232, 231, 230, 229, 458, 228, 227, 780, 565]
	 A0A009I8I7	[232, 231, 230, 229, 458, 228, 227, 780, 125]
	 A0A009YG45	[0, 232, 231, 230, 458, 0, 228, 227, 780]

 ### Operon type: 57

	 A0A010IZH1	[-1, 404, 403, 402, 401, 696, 712, 400, 566]
	 A0A009HJM0	[124, 404, 403, 402, 401, 696, 712, 400, 566]
	 A0A009SZ84	[124, 404, 403, 402, 401, 696, 712, 400, 566]
	 A0A013TPQ9	[124, 404, 403, 402, 401, 696, 712, 400, 566]
	 A0A013S8F0	[124, 404, 403, 402, 401, 696, 712, 400, 566]
	 A0A009PMU2	[124, 404, 403, -1, 401, 696, 712, 400, 566]

 ### Operon type: 58

	 A0A009HUS9	[404, 403, 0, 402, 401, 40, -1, 41, 42]

 ### Operon type: 59

	 A0A009ISE1	[228, 227, 780, 42, 41, -1, 40, 401, 402]

 ### Operon type: 60

	 A0A009NPS1	[124, 404, 403, 402, 401, -1, 780, 227, 228]

 ### Operon type: 61

	 A0A009QSI3	[212, 211, 210, 209, 284, 524, 523, 208, -1]
	 A0A013SB36	[212, 211, 210, 209, 284, 524, 523, 208, 281]

 ### Operon type: 62

	 A0A010ITP2	[212, 211, 210, 209, 284, 524, 523, 0, 0]

 ### Operon type: 63

	 A0A009SII9	[-1, 211, 210, 209, 284, 524, 523, 283, 282]

 ### Operon type: 64

	 A0A009T0Q9	[284, 524, 523, 283, 282, 281, 512, 696, 280]

 ### Operon type: 65

	 A0A009YJF4	[0, 524, 523, 396, 395, 512, 696, 0, 280]

 ### Operon type: 66

	 A0A009GP96	[0, 17, 696, 570, 32, 16, 544, 15, 14]

 ### Operon type: 67

	 A0A009GSR4	[570, 32, 16, 544, 15, 14, 14, 7, 0]

 ### Operon type: 68

	 A0A009IIT6	[17, 696, 570, 32, 15, 14, 14, 7, 0]

 ### Operon type: 69

	 A0A011UZ49	[464, -1, 463, 462, 461, 541, 460, 459, 0]
	 A0A011SQL0	[838, 464, -1, 463, 462, 461, 541, 460, 459]

 ### Operon type: 70

	 A0A009SIF9	[739, 709, 121, 120, 119, 118, 117, 116, 346]
	 A0A009PT82	[739, 709, 121, 120, 119, 118, 117, 116, 346]

 ### Operon type: 71

	 A0A009IS10	[536, 0, 0, 0, 119, 118, 117, 0, 0]

 ### Operon type: 72

	 A0A009QHW5	[0, 0, 0, 262, 119, 118, 117, 0, 347]

 ### Operon type: 73

	 A0A011UVB4	[0, 0, 0, 537, 0, 0, 536, 0, 547]

 ### Operon type: 74

	 A0A011U7M7	[0, 94, -1, 246, 244, 247, 243, 93, 92]
	 A0A011V107	[94, -1, 246, 244, 247, 243, 93, 92, 0]

 ### Operon type: 75

	 A0A011TLH0	[248, 247, 246, 245, 244, 243, 0, 0, 0]

 ### Operon type: 76

	 A0A011UG87	[251, 250, 249, 248, 247, 246, 245, 244, 243]

 ### Operon type: 77

	 A0A011TLH7	[249, 250, 251, 0, 0, 0, 0, 0, 0]

 ### Operon type: 78

	 A0A011TAF9	[0, 0, 39, 38, 37, 36, 35, 34, 33]
	 A0A011TWN2	[39, 38, 37, 36, 35, 34, 33, 0, 0]

 ### Operon type: 79

	 A0A011Q5V7	[673, 0, 0, 0, 672, 671, 670, 669, 668]

 ### Operon type: 80

	 A0A011RM25	[672, 671, 670, 669, 668, 716, 0, 268, 0]

 ### Operon type: 81

	 A0A011QDV3	[715, 714, 713, 712, 711, 710, 709, 0, 708]
	 A0A011QIE8	[715, 714, 713, 712, 711, 710, 708, 0, 0]

 ### Operon type: 82

	 A0A011PL71	[806, 805, 804, 803, 802, 801, 800, 799, 0]
	 A0A011QAB0	[805, 804, 803, 0, 802, 801, 800, 799, 0]

 ### Operon type: 83

	 A0A011Q6N5	[682, 681, 680, 0, 0, 0, 679, 678, 679]

 ### Operon type: 84

	 A0A011SGD5	[0, 0, 0, 0, 0, 0, 682, 681, 680]

 ### Operon type: 85

	 A0A011NYU6	[751, 750, 0, 749, 773, 644, 643, 0, 748]

 ### Operon type: 86

	 A0A011PYI6	[751, 750, 0, 749, 773, 748, 747, 836, 0]

 ### Operon type: 87

	 A0A011P1C0	[0, 0, 644, 643, 748, 0, 0, 0, 0]

 ### Operon type: 88

	 A0A011PKU5	[812, 811, 810, 809, 810, 808, 807, 0, 0]
	 A0A011N4G4	[0, 0, 812, 811, 810, 809, 810, 808, 807]

 ### Operon type: 89

	 A0A010ZWJ8	[192, 191, 190, 774, 189, 831, 235, 831, 188]

 ### Operon type: 90

	 A0A011AHW1	[189, 774, 190, 191, 192, 0, 0, 193, 0]

 ### Operon type: 91

	 A0A011AHU9	[235, 831, 188, 0, 0, 0, 0, 332, 512]

 ### Operon type: 92

	 A0A010ZX98	[187, 186, 185, 184, 183, 310, 712, 712, 0]

 ### Operon type: 93

	 A0A011AIL7	[183, 184, 185, 186, 187, 0, 0, 0, 0]

 ### Operon type: 94

	 A0A010YF95	[674, 583, 719, 582, 581, 581, 580, 579, 578]

 ### Operon type: 95

	 A0A010ZJQ6	[583, 719, 582, 581, 581, 580, 579, 578, 0]

 ### Operon type: 96

	 A0A009GXL8	[399, 398, 397, 396, 395, 170, 394, 393, 77]

 ### Operon type: 97

	 A0A010JIW7	[399, 398, 397, 396, 395, 0, 0, 394, 393]

 ### Operon type: 98

	 A0A011QNA5	[0, 738, 737, 736, 0, 735, 734, 733, 732]
	 A0A009ZLJ7	[732, 733, 734, 735, 0, 0, 738, 737, 736]

 ### Operon type: 99

	 A0A013T0T6	[735, 734, 733, 732, 443, 442, 441, 440, 439]
	 A0A009RMD0	[735, 734, 733, 732, 443, 233, 441, 440, 439]
	 A0A009QMH5	[735, 734, 733, 732, 443, 442, 441, 440, 439]
	 A0A009PE10	[735, 734, 733, 732, 443, 233, 441, 440, -1]
	 A0A009HAX1	[735, 734, 733, 732, 443, 442, 441, 440, 439]
	 A0A009ISY0	[735, 734, 733, 732, 443, 233, 441, 440, 439]

 ### Operon type: 100

	 A0A010ILW6	[735, 734, 733, 732, 443, 442, 0, 0, 440]

 ### Operon type: 101

	 A0A009Z9X7	[734, 733, 732, 0, 443, 0, 695, 0, 440]

 ### Operon type: 102

	 A0A013S8V2	[26, 25, 0, 0, 0, 24, 0, 0, 0]
	 A0A009R8E1	[0, 642, 0, 26, 25, 0, 0, 24, 0]

 ### Operon type: 103

	 A0A009ZFR5	[386, 364, 363, 362, 361, 360, 359, 358, 853]
	 A0A009ICH6	[386, 364, 363, 362, 361, 360, 359, 358, 853]

 ### Operon type: 104

	 A0A009RR21	[386, 364, 363, 362, 199, 198, 436, 853, 754]
	 A0A009NQA1	[386, 364, 363, 362, 199, 198, 436, 853, 754]

 ### Operon type: 105

	 A0A009HTN9	[386, 364, 363, 362, 199, 198, 13, 645, 12]
	 A0A009T3J5	[386, 364, 363, 362, 199, 198, 13, 645, 12]

 ### Operon type: 106

	 A0A009Q0U9	[386, 364, 363, 362, 199, 198, -1, -1, 0]

 ### Operon type: 107

	 A0A009IPC3	[96, 97, 158, 159, 160, 74, 73, 98, 371]
	 A0A009QEG7	[96, 97, 158, 159, 160, 74, 73, 98, 371]

 ### Operon type: 108

	 A0A009I573	[164, 0, 163, 162, 0, 161, 160, 159, 158]

 ### Operon type: 109

	 A0A009ILP9	[98, 0, 158, 159, 160, 161, 371, 162, 163]

 ### Operon type: 110

	 A0A009I953	[98, 0, 158, 159, 160, 161, 371, 0, -1]

 ### Operon type: 111

	 A0A009SX74	[756, 839, 0, 162, 371, 98, 97, 96, 95]

 ### Operon type: 112

	 A0A009QVK8	[135, 222, 569, 292, 327, 326, 325, 324, 323]
	 A0A009MMG9	[135, 222, 569, 292, 327, 326, 325, 324, 323]
	 A0A010IPH1	[135, 222, 569, 292, 327, 326, 325, 324, 323]
	 A0A009ICP5	[135, 222, 569, 292, 327, 326, 325, 324, 323]

 ### Operon type: 113

	 A0A009QLL2	[331, 330, 329, 328, 327, 326, 325, 324, 323]
	 A0A009SIV4	[331, 330, 329, 328, 327, 326, 325, 324, 323]
	 A0A009HTW0	[331, 330, 329, 328, 327, 326, 325, 324, 323]
	 A0A013TSJ4	[330, 329, 0, 328, 327, 326, 325, 324, 323]

 ### Operon type: 114

	 A0A013TCN9	[427, 426, 425, 424, 423, 422, 421, 696, 712]
	 A0A009QNC9	[427, 426, 425, 424, 423, 422, 421, 696, 712]
	 A0A013TRC1	[427, 426, 425, 424, 423, 422, 421, 696, 712]
	 A0A009NIJ3	[427, 426, 425, 424, 423, 422, 421, 696, 712]
	 A0A010ITG1	[427, 426, 425, 424, 423, 422, 421, 696, 712]

 ### Operon type: 115

	 A0A009H935	[0, 0, 425, 424, 423, 422, 421, 696, 712]

 ### Operon type: 116

	 A0A009SF48	[157, 156, 155, 267, 266, -1, 72, 836, 71]
	 A0A009IMX3	[157, 156, 155, 267, 266, 72, 72, 836, 71]
	 A0A009QEX0	[157, 156, 155, 267, 266, 72, 72, 836, 71]

 ### Operon type: 117

	 A0A009MR00	[157, 156, 155, 267, 266, 265, 386, 264, 263]
	 A0A013S7V1	[157, 156, 155, 267, 266, 265, 386, 264, 263]
	 A0A009RES7	[157, 156, 155, 267, 266, 265, 386, 264, 263]
	 A0A010ISX2	[157, 156, 155, 267, 266, 265, 386, 264, 263]

 ### Operon type: 118

	 A0A009YTT3	[3, 144, 155, 267, 266, 265, 386, 264, 263]

 ### Operon type: 119

	 A0A009GYP9	[0, 0, 0, 267, 266, 265, 386, 264, 263]

 ### Operon type: 120

	 A0A009ZZC8	[-1, 84, 85, 3, 144, 155, 267, 266, 265]

 ### Operon type: 121

	 A0A011WSE5	[518, 517, 516, 515, 514, 513, 510, 509, 508]
	 A0A011UGX8	[519, 518, 517, 516, 515, 514, 513, 510, 509]

 ### Operon type: 122

	 A0A011VZG0	[520, 0, 519, 518, 517, 516, 515, 514, 513]

 ### Operon type: 123

	 A0A009SJZ7	[537, 253, 254, 255, 110, 503, 109, 108, 337]
	 A0A009PJF7	[253, 254, 254, 255, 110, 503, 109, 108, 337]

 ### Operon type: 124

	 A0A009Z5G0	[503, 255, 254, 0, 630, 253, 537, 252]

 ### Operon type: 125

	 A0A010IZ41	[637, 420, 419, 418, 417, 416, 415, 414, 413]
	 A0A010JJC1	[638, 637, 420, 419, 418, 417, 416, 415, 414]

 ### Operon type: 126

	 A0A009QJL6	[638, 637, 420, 419, 0, 414, 413, 9, 0]

 ### Operon type: 127

	 A0A009RQH3	[226, 225, 335, 224, 223, 739, 222, 835, 221]
	 A0A009SHB3	[226, 225, 335, 224, 223, 739, 222, 835, 221]
	 A0A013TB41	[226, -1, 335, 224, 223, 739, 222, 835, 221]
	 A0A013SGL3	[226, 225, 335, 224, 223, 739, 222, 835, 221]
	 A0A009NE81	[226, 225, 335, 224, 223, 739, 222, 835, 221]
	 A0A009I5Z6	[226, 225, 335, 224, 223, 739, 222, 835, 221]
	 A0A010KAV2	[226, 225, 335, 224, 223, 739, 222, 835, 221]
	 A0A009PG53	[226, 225, 335, 224, 223, 739, 222, 835, 221]

 ### Operon type: 128

	 A0A009H3X4	[226, 225, 335, 224, 223, 739, -1, 636, -1]

 ### Operon type: 129

	 A0A009SLR5	[0, 0, 0, 138, 143, 137, 544, 696, 801]
	 A0A009PIB4	[0, 0, 0, 138, 143, 137, 544, 696, 801]

 ### Operon type: 130

	 A0A009HSU4	[0, 0, 861, 696, 0, 739, 835, 801, 544]

 ### Operon type: 131

	 A0A009I463	[296, 6, 5, 599, 599, 571, 30, 29, 50]
	 A0A009PAG1	[296, 6, 5, 599, 599, 571, 30, 29, 50]

 ### Operon type: 132

	 A0A013SKX6	[0, 0, 296, 0, 599, 599, 571, 30, 29]

 ### Operon type: 133

	 A0A011Q5S3	[705, 677, 0, 0, 0, 0, 676, 675, 674]

 ### Operon type: 134

	 A0A011UZZ4	[0, 676, 675, 0, 0, 0, 297, 297, 674]

 ### Operon type: 135

	 A0A011UTJ0	[0, 0, 0, 455, 454, 453, 792, 452, 451]

 ### Operon type: 136

	 A0A011VMV7	[455, 454, 453, 792, 452, 451, 450, 449, 448]

 ### Operon type: 137

	 A0A011NYT4	[783, 782, 781, 780, 0, 525, 525, 524, 523]

 ### Operon type: 138

	 A0A011P8E9	[0, 0, 783, 782, 0, 781, 780, 0, 0]

 ### Operon type: 139

	 A0A010SYH9	[148, 147, 146, 392, 145, 0, 0, 0, 0]
	 A0A010TF34	[0, -1, 0, 0, 148, 147, 146, 392, 145]

 ### Operon type: 140

	 A0A010S7A1	[134, 133, 132, 339, 0, 131, 0, 0, 0]
	 A0A010TFJ4	[0, -1, 0, 134, 133, 132, 339, -1, 131]

 ### Operon type: 141

	 A0A009PAV9	[59, -1, 569, 58, 599, 544, 81, 82, 83]
	 A0A009HJC2	[59, 712, 569, 58, 599, 544, 81, 82, 83]

 ### Operon type: 142

	 A0A009SE02	[0, 83, 0, 0, 0, 82, 81, 544, 599]

 ### Operon type: 143

	 A0A009RSB7	[835, 386, 825, 197, 196, 696, 696, 302, 195]
	 A0A009SYU8	[835, 386, 825, 197, 196, 696, 696, 302, 195]
	 A0A009HS41	[835, 386, 825, 197, 196, 696, 696, 302, 195]

 ### Operon type: 144

	 A0A009I466	[835, 386, 825, 197, 173, 696, 696, 302, 195]
	 A0A013SHA9	[835, 386, 825, 197, 173, 696, 696, 302, 195]
	 A0A010IT25	[835, 386, 825, 197, 173, 696, 696, 302, 195]

 ### Operon type: 145

	 A0A009NMQ9	[835, 386, 825, 197, 173, 0, 696, 696, 302]

 ### Operon type: 146

	 A0A009P8A9	[0, 0, 825, 197, 196, 696, 696, 302, 195]

 ### Operon type: 147

	 A0A009NJ90	[115, 114, 113, 176, 175, 174, 112, 207, 206]
	 A0A009ITT8	[115, 114, 113, 176, 175, 112, 207, 206, 205]

 ### Operon type: 148

	 A0A009NCH6	[123, 207, 206, 205, 203, 202, 201, 200, 47]
	 A0A009IJ01	[207, 206, 205, 46, 203, 202, 201, 200, 47]

 ### Operon type: 149

	 A0A009RQL5	[207, 206, 205, 204, 203, 202, 201, 200, 0]

 ### Operon type: 150

	 A0A009MGQ8	[175, 0, 123, 207, 206, 205, 203, 202, 201]

 ### Operon type: 151

	 A0A009RHH7	[179, 178, 177, 176, 175, 174, 207, 206, 205]
	 A0A009S6G1	[179, 178, 177, 176, 175, 207, 206, 205, 203]
	 A0A009IJ07	[179, 178, 177, 176, 175, 207, 206, 205, 46]

 ### Operon type: 152

	 A0A009HZK2	[177, 176, 175, 207, 206, 205, 46, 203, 202]

 ### Operon type: 153

	 A0A009R4N4	[176, 175, 174, 207, 206, 205, 204, 203, 202]

 ### Operon type: 154

	 A0A009S5A5	[175, 174, 112, 207, 206, 205, 46, 129, 203]

 ### Operon type: 155

	 A0A009RHH9	[0, 0, 0, 0, 256, 179, 178, 177, 176]

 ### Operon type: 156

	 A0A011PGU1	[0, 0, 746, 745, 744, 743, 742, 741, 740]
	 A0A011MDH1	[725, 0, 746, 745, 744, 743, 742, 741, 740]

 ### Operon type: 157

	 A0A011V0P4	[309, 76, 0, 0, 634, 0, 0, 473, 472]

 ### Operon type: 158

	 A0A011WPV7	[473, 472, 0, 0, 0, 0, 0, 0, 0]

 ### Operon type: 159

	 A0A011UDF3	[745, 555, 0, 0, 0, 289, 506, 505, 667]

 ### Operon type: 160

	 A0A011VSC9	[506, 505, 667, 0, 0, 0, 0, 0, 0]

 ### Operon type: 161

	 A0A011SF89	[288, 287, 286, 0, 0, 0, 0, 0, 0]

 ### Operon type: 162

	 A0A011UCX7	[0, 805, 288, 287, 0, 286, 285, 0, 0]

 ### Operon type: 163

	 A0A011RNP9	[0, 0, 0, 0, 0, 548, 800, 0, 0]

 ### Operon type: 164

	 A0A011V0B5	[296, 0, 0, 0, 0, 0, 548, 0, 0]

 ### Operon type: 165

	 A0A011RQC9	[0, 296, 406, 0, 0, 0, 0, 269, 0]

 ### Operon type: 166

	 A0A011QG28	[685, 684, 745, 0, 744, 743, 832, 683, 833]
	 A0A011RIM8	[685, 684, 0, 0, 744, 743, 832, 683, 833]

 ### Operon type: 167

	 A0A011PHI6	[844, 0, 843, 0, 0, 842, 841, 840, 0]

 ### Operon type: 168

	 A0A011QI68	[0, 0, 843, 842, 0, 0, 0, 0, 0]

 ### Operon type: 169

	 A0A011NVJ6	[560, 649, 648, 647, 646, 645, 0, 0, 559]

 ### Operon type: 170

	 A0A011PVP2	[0, 649, 648, 647, 646, 645, 0, 0, 726]

 ### Operon type: 171

	 A0A011NXY7	[0, 0, 648, 0, 646, 0, 0, 0, 0]

 ### Operon type: 172

	 A0A011QR69	[694, 693, 853, 692, 755, 754, 0, 0, 0]
	 A0A011NUB4	[694, 693, 853, 692, 755, 754, 0, 617, 0]

 ### Operon type: 173

	 A0A011NN36	[693, 853, 0, 0, 755, 754, 0, 0, 0]

 ### Operon type: 174

	 A0A011PK69	[853, 798, 0, 0, 755, 754, 0, 0, 0]

 ### Operon type: 175

	 A0A011NYD6	[654, 822, 821, 605, 604, 653, 652, 651, 650]
	 A0A011RMI6	[654, 822, 821, 605, 604, 653, 652, 651, 650]

 ### Operon type: 176

	 A0A011QB28	[655, 654, 822, 0, 0, 653, 652, 651, 650]

 ### Operon type: 177

	 A0A011NF33	[0, 653, 652, 0, 0, 0, 0, 0, 0]

 ### Operon type: 178

	 A0A011NBY4	[522, 0, 0, 430, 0, 0, 338, 0, 0]

 ### Operon type: 179

	 A0A011WRT0	[522, 0, 0, 0, 0, 0, 0, 836, 0]

 ### Operon type: 180

	 A0A011SHV5	[0, 0, 0, 0, 0, 561, 836, 638, 0]

 ### Operon type: 181

	 A0A011NB95	[0, 717, 0, 0, 0, 0, 569, 568, 567]

 ### Operon type: 182

	 A0A011UHT4	[9, 465, 568, 0, 0, 8, 8, 567, 0]

 ### Operon type: 183

	 A0A010Z1W7	[0, 0, 0, 0, 0, 234, 0, 585, 492]

 ### Operon type: 184

	 A0A011VY84	[0, 0, 492, 585, 0, 0, 0, 0, 0]

 ### Operon type: 185

	 A0A010YW85	[0, 0, 0, 0, 0, 336, 0, 585, 492]

 ### Operon type: 186

	 A0A010ZMA0	[585, 584, 0, 0, 0, 0, 0, 0, 0]

 ### Operon type: 187

	 A0A011N5L2	[0, 0, 0, 584, 0, 566, 565, 0, 0]

 ### Operon type: 188

	 A0A009MJ75	[0, 0, 50, 49, 48, 0, 0, 0, 570]

 ### Operon type: 189

	 A0A010IH51	[0, 323, 0, 0, 48, 0, 570, 0, 0]

 ### Operon type: 190

	 A0A011TYT7	[0, 0, 0, 0, 0, 0, 323, 279, 279]

 ### Operon type: 191

	 A0A010RRR9	[0, 0, 0, 0, 701, 0, 0, 340, 570]

 ### Operon type: 192

	 A0A010SIA7	[0, 0, 340, 339, 0, 0, 0, 0, 0]

 ### Operon type: 193

	 A0A010RFQ9	[0, 0, 375, 0, 294, 0, 0, 0, 0]

 ### Operon type: 194

	 A0A010SPR9	[295, 295, 0, 0, 0, 294, 0, 0, 0]

 ### Operon type: 195

	 A0A009LNU8	[538, 540, 541, 542, 0, 4, 0, 544, 0]

 ### Operon type: 196

	 A0A013SRG6	[543, 542, 541, 540, 0, 539, 0, 538, 611]

 ### Operon type: 197

	 A0A009IQU8	[0, 540, 0, 0, 0, 539, 611, 0, 0]

 ### Operon type: 198

	 A0A010K2K8	[541, 542, 543, 0, 0, 0, 0, -1, 544]

 ### Operon type: 199

	 A0A011NPR8	[0, 611, 0, 0, 0, 0, 610, 0, 0]

 ### Operon type: 200

	 A0A010SEA2	[677, 610, 641, 0, 0, 0, 0, 0, 0]

 ### Operon type: 201

	 A0A010IGH8	[0, 0, 0, 0, 0, 0, 0, 301, 302]

 ### Operon type: 202

	 A0A010STD3	[0, 0, 0, 305, 304, 303, 0, 302, 301]

 ### Operon type: 203

	 A0A010SQJ5	[293, 292, 0, 305, 304, 303, 0, 0, 0]

 ### Operon type: 204

	 A0A013RVV2	[427, 0, 69, 68, 0, 0, 302, 301, 0]

 ### Operon type: 205

	 A0A011TD67	[289, 0, 0, 305, 304, 303, 236, 0, 235]

 ### Operon type: 206

	 A0A009ZC12	[0, 0, 0, 305, 0, 303, 236, 140, 665]

 ### Operon type: 207

	 A0A009YSC7	[0, 0, 338, 1, 0, 1, 69, 68, 0]

 ### Operon type: 208

	 A0A009ZJK4	[0, 0, 0, 0, 0, 0, 386, 366, 0]

 ### Operon type: 209

	 A0A010SVN1	[-1, 366, 696, 471, 365, 0, 0, 386, 0]

 ### Operon type: 210

	 A0A009PFK7	[319, 67, 66, 65, 64, 0, 0, 63, 0]
	 A0A009QGN4	[319, 67, 66, 65, 64, 63, 0, 0, 0]

 ### Operon type: 211

	 A0A009YR20	[0, 63, 0, 0, 0, 0, 67, 0, 0]

 ### Operon type: 212

	 A0A009SCM5	[182, 181, 180, 0, 0, 0, 0, 0, 0]

 ### Operon type: 213

	 A0A009TJ77	[95, 391, 0, 0, 0, 0, 182, 181, 180]

 ### Operon type: 214

	 A0A009HZV2	[0, 0, 0, 0, 344, 343, 174, 0, 0]

 ### Operon type: 215

	 A0A009QPE7	[0, 0, 0, 0, 344, 343, 0, 0, 0]

 ### Operon type: 216

	 A0A009MGR3	[0, 0, 130, 0, 535, 129, 128, 127, 126]

 ### Operon type: 217

	 A0A009Q4G0	[0, 43, 130, 0, 535, 0, 127, 126, 127]

 ### Operon type: 218

	 A0A009PB53	[0, 0, 80, 79, 535, 127, 126, 127, 78]

 ### Operon type: 219

	 A0A009PUJ8	[0, 80, 79, 535, 0, 78, 394, 393, 77]

 ### Operon type: 220

	 A0A009QQC0	[60, 0, 154, 696, 274, 274, 273, 400, 471]
	 A0A009H7I0	[60, 0, 0, 696, 274, 274, 273, 400, 471]

 ### Operon type: 221

	 A0A009MVG4	[154, 0, 153, 696, 274, 274, 273, 400, 471]

 ### Operon type: 222

	 A0A010J377	[276, 275, 835, 696, 274, 274, 273, 400, 471]
	 A0A009QA91	[276, 275, 835, 696, 274, 274, 273, 400, 471]

 ### Operon type: 223

	 A0A009S1X4	[276, 275, 835, 696, 274, 274, 696, 0, 314]

 ### Operon type: 224

	 A0A013SHF4	[0, 0, 153, 696, 274, 274, 0, 106, 0]

 ### Operon type: 225

	 A0A011PJK8	[861, 860, 859, 858, 857, 856, 0, 0, 0]
	 A0A011N3C3	[0, 0, 0, 861, 860, 859, 858, 857, 856]

 ### Operon type: 226

	 A0A011WKI4	[0, 0, 0, 0, 0, 862, 616, 615, 614]
	 A0A011UWH1	[862, 616, 615, 614, 0, 0, 0, 0, 0]

 ### Operon type: 227

	 A0A010YKP2	[0, 0, 0, 0, 0, 0, 559, 277, 0]

 ### Operon type: 228

	 A0A011V1A2	[76, 0, 0, 277, 0, 0, 0, 0, 0]

 ### Operon type: 229

	 A0A011NGS0	[0, 0, 0, 0, 707, 827, 0, 0, 0]

 ### Operon type: 230

	 A0A011PW61	[0, 0, 0, 0, 707, 827, 0, 0, 706]

 ### Operon type: 231

	 A0A011UXI1	[0, 752, 0, 0, 707, 827, 469, 0, 0]

 ### Operon type: 232

	 A0A011SWI9	[-1, -1, 0, 844, 707, 827, 469, -1, -1]

 ### Operon type: 233

	 A0A011P952	[827, 0, 826, 0, 0, 826, 0, 0, 0]

 ### Operon type: 234

	 A0A011Q1B3	[729, 840, 728, 727, 728, 726, 725, 0, 0]
	 A0A011QVV5	[0, 0, 729, 840, 728, 727, 728, 726, 725]

 ### Operon type: 235

	 A0A011NSG8	[0, 0, 0, 840, 728, 727, 0, 728, 0]

 ### Operon type: 236

	 A0A011P0X4	[0, 0, 725, 0, 728, 0, 0, 727, 642]

 ### Operon type: 237

	 A0A010YNY9	[0, 0, 312, 311, 0, 0, 0, 0, 639]

 ### Operon type: 238

	 A0A011AC71	[314, 0, 0, 313, 0, 312, 311, 0, 835]

 ### Operon type: 239

	 A0A011PRW6	[824, 0, 0, 0, 823, 822, 821, 0, 0]
	 A0A011QLX0	[0, 824, 0, 0, 823, 0, 822, 821, 0]

 ### Operon type: 240

	 A0A010SML6	[0, 822, 821, -1, 0, 839, 0, 0, 0]

 ### Operon type: 241

	 A0A010RS09	[0, 0, 0, 0, 392, 0, 636, 636, 0]

 ### Operon type: 242

	 A0A010RTE7	[0, 0, 0, 0, 0, 0, 392, 391, 0]

 ### Operon type: 243

	 A0A009P817	[52, 0, 0, 0, 51, 0, 322, 321, 320]

 ### Operon type: 244

	 A0A009TIY0	[0, 0, 0, 0, 51, 0, 322, 321, 0]

 ### Operon type: 245

	 A0A009QKA3	[322, 321, 0, 320, 0, 0, 0, 0, 319]

 ### Operon type: 246

	 A0A009HSR2	[0, 152, 151, 0, 150, 317, 316, 174, 315]

 ### Operon type: 247

	 A0A009SWM1	[0, 152, 151, 0, 150, 0, 0, 316, 0]

 ### Operon type: 248

	 A0A009MYX0	[62, 315, 0, 861, 0, 0, 316, 317, 318]

 ### Operon type: 249

	 A0A009QK79	[0, 0, 318, 317, 0, 316, 0, 0, 315]

 ### Operon type: 250

	 A0A009GXJ1	[370, 369, 317, 316, 306, 174, 315, 62, 0]

 ### Operon type: 251

	 A0A009S0T6	[0, 0, 544, 242, 241, 240, 239, 238, 237]
	 A0A013TKW8	[0, 770, 0, 544, 241, 240, 239, 238, 237]
	 A0A009QT77	[0, 0, -1, 544, 241, 240, 239, 238, 237]
	 A0A009I5G9	[0, 0, 544, 242, 241, 240, 239, 238, 237]
	 A0A009PRQ9	[0, 544, 242, 0, 241, 240, 239, 238, 237]
	 A0A010IT95	[0, 0, 0, 544, 241, 240, 239, 238, 237]
	 A0A009GWD0	[174, 0, 0, 544, 241, 240, 239, 238, 237]
	 A0A009MH36	[0, 0, 0, 544, 241, 240, 239, 238, 237]

 ### Operon type: 252

	 A0A013TMJ7	[712, -1, 0, 544, 241, 238, 237, 0, 0]

 ### Operon type: 253

	 A0A011VXC2	[-1, 308, 0, 855, 496, 495, 494, 546, 307]
	 A0A011V392	[308, 0, 855, 496, 495, 494, 0, 546, 307]

 ### Operon type: 254

	 A0A011V490	[520, 521, 0, 307, 546, 494, 495, 496, 855]

 ### Operon type: 255

	 A0A011VZF5	[0, 0, 496, 495, 494, 805, 521, 805, 0]

 ### Operon type: 256

	 A0A011WLE7	[0, 0, 0, 0, 0, 613, 0, 0, 0]
	 A0A011VU44	[0, 0, 0, 0, 0, 613, 0, 0, 0]

 ### Operon type: 257

	 A0A011VAP2	[0, 0, 447, 0, 0, 0, 0, 0, 633]

 ### Operon type: 258

	 A0A011VRJ8	[0, 0, 0, 0, 0, 0, 447, 0, 0]

 ### Operon type: 259

	 A0A011RNU1	[0, 0, 0, 0, 0, 0, 352, 352, 353]

 ### Operon type: 260

	 A0A011VKJ9	[0, 0, 0, 0, 0, 0, 353, 352, -1]

 ### Operon type: 261

	 A0A011PQZ7	[0, 0, 0, 774, 773, 0, 772, 0, 0]

 ### Operon type: 262

	 A0A011TUX4	[0, 0, 0, 0, 773, 0, 0, 772, 0]

 ### Operon type: 263

	 A0A011STZ9	[0, 0, 0, 772, 0, 0, 0, 0, 0]

 ### Operon type: 264

	 A0A011PRF5	[854, 0, 0, 0, 0, 0, 0, 0, 0]
	 A0A011PUJ9	[0, 0, 0, 0, 0, 0, 0, 0, 854]

 ### Operon type: 265

	 A0A011PFY8	[0, 0, 0, 0, 0, 0, 0, 0, 779]

 ### Operon type: 266

	 A0A011PNS3	[829, 779, 0, 0, 0, 0, 0, 0, 0]

 ### Operon type: 267

	 A0A011T648	[0, 779, 0, 0, 0, 0, 0, 853, 0]

 ### Operon type: 268

	 A0A010YYJ5	[0, 0, 0, 805, 0, 0, 0, 111, 111]

 ### Operon type: 269

	 A0A011NDM5	[805, 0, 0, 0, 0, 0, 0, 0, 0]

 ### Operon type: 270

	 A0A011MSR2	[0, 0, 0, 502, 0, 0, 0, 805, 805]

 ### Operon type: 271

	 A0A011WSU6	[0, 805, 0, 0, 546, 0, 0, 0, 0]

 ### Operon type: 272

	 A0A011U3C2	[0, 0, 832, 0, 0, 0, 0, 0, 0]
	 A0A011AEN3	[0, 0, 0, 0, 0, 0, 832, 0, 0]

 ### Operon type: 273

	 A0A011AAZ2	[0, 476, 0, 0, 0, 832, 832, 832, 0]

 ### Operon type: 274

	 A0A011T698	[0, 0, 0, 0, 0, 835, 832, 0, 0]

 ### Operon type: 275

	 A0A010YRE8	[0, 0, 0, 0, 0, 0, 0, 310, 0]

 ### Operon type: 276

	 A0A011AF05	[0, 0, 314, 310, 0, 0, 0, 0, 0]

 ### Operon type: 277

	 A0A009ZG48	[0, 0, 0, 770, 0, 0, 0, 0, 0]

 ### Operon type: 278

	 A0A011PEJ8	[0, 0, 771, 770, 0, 0, 0, 0, 0]

 ### Operon type: 279

	 A0A011QNJ7	[686, 0, 0, 770, 0, 0, 0, 686, 0]

 ### Operon type: 280

	 A0A011MMJ4	[0, 0, 0, 0, 0, 0, 0, 686, 0]

 ### Operon type: 281

	 A0A011R8M3	[0, 0, 771, 770, 0, 468, 0, 686, 0]

 ### Operon type: 282

	 A0A009ZC82	[0, 0, 838, 0, 0, 0, 0, 0, 0]

 ### Operon type: 283

	 A0A011P3F6	[839, 0, 0, 838, 0, 0, 0, 0, 0]

 ### Operon type: 284

	 A0A009IG48	[0, 0, 0, 149, 61, 0, 0, 0, 839]

 ### Operon type: 285

	 A0A009IMQ0	[0, 0, 0, 149, 61, 0, 0, 0, 0]

 ### Operon type: 286

	 A0A009SWV1	[0, 0, 0, 0, 0, 0, 0, 149, 0]

 ### Operon type: 287

	 A0A009PMZ9	[44, 0, 0, 0, 0, 0, 0, 0, 0]
	 A0A009Q512	[0, 0, 0, 0, 44, 0, 0, 0, 0]

 ### Operon type: 288

	 A0A009IFL2	[0, 640, 0, 299, -1, 0, 0, 0]

 ### Operon type: 289

	 A0A009ZDS1	[-1, -1, 0, 640, 0, 0, 637, 0, 0]

 ### Operon type: 290

	 A0A010SNM6	[356, 357, -1, 0, 0, 0, 712, 0, 0]

 ### Operon type: 291

	 A0A010T5D8	[357, 356, 0, -1, 0, -1, 413, 0, 0]

 ### Operon type: 292

	 A0A011UFH1	[0, 0, 0, 0, 0, 491, 0, 0, 0]
	 A0A011UB51	[491, 0, 0, 0, 0, 0, 0, 0, 0]

 ### Operon type: 293

	 A0A011V965	[0, -1, -1, 0, 387, 0, -1, -1, 0]
	 A0A011VHP2	[0, -1, -1, -1, 387, 0, 0, 0, 0]

 ### Operon type: 294

	 A0A010RVD0	[-1, 0, 0, -1, 0, 731, 731, 0, 355]

 ### Operon type: 295

	 A0A010T7Q5	[0, 355, 0, 0, 0, 0, -1, 0, 0]

 ### Operon type: 296

	 A0A010SJH7	[0, 0, 712, -1, 0, 0, 273, 0, 0]

 ### Operon type: 297

	 A0A010SRR2	[0, 0, -1, 0, 0, 0, 0, 0, 712]

 ### Operon type: 298

	 A0A011UZ32	[0, 0, 0, 0, 0, -1, 0, 0, 0]
	 A0A010TF14	[-1, 0, 0, 0, 0, 0, 0, 0, 0]
	 A0A010RY47	[-1, 0, -1, 0, 0, 0, 0, 0, 0]
	 A0A009HJU6	[0, 0, 0, 0, 0, 0, 0, 0, -1]
	 A0A010RKP8	[0, 0, 0, 0, 0, 0, -1, 0, 0]

 ### Operon type: 299

	 A0A010SJF9	[0, 0, 0, 0, 0, -1, 0, 351, -1]

 ### Operon type: 300

	 A0A011ML54	[0, 0, 0, 511, 0, 0, 0, 0, -1]

 ### Operon type: 301

	 A0A011NHY1	[0, 0, 0, 0, 0, 712, 0, 0, 0]

 ### Operon type: 302

	 A0A010Z171	[0, 0, 0, 0, 0, 0, 712, 0, 861]

 ### Operon type: 303

	 A0A011T697	[712, 0, 0, 0, 0, 0, 0, 0, 322]

 ### Operon type: 304

	 A0A011TDD1	[0, 141, 712, 0, 0, 0, 0, 0, 0]

 ### Operon type: 305

	 A0A011VW24	[0, 0, 716, 0, 0, 0, 0, 0, -1]

 ### Operon type: 306

	 A0A011T8V3	[0, 0, 716, 0, 0, 0, 0, 0, 0]

 ### Operon type: 307

	 A0A010TH98	[706, 0, 0, 716, 0, 0, 0, 0, 0]

 ### Operon type: 308

	 A0A011QVR3	[0, 0, 0, 0, 0, 0, 0, 717, 716]

 ### Operon type: 309

	 A0A011VYF1	[716, 0, 0, 0, 0, 0, 491, 0, 0]

 ### Operon type: 310

	 A0A010S415	[-1, 716, 0, 471, 0, 0, 0, 0, 470]

 ### Operon type: 311

	 A0A011PBM9	[0, 0, 0, 0, 0, 0, 0, 0, 0]
	 A0A011PNN2	[0, 0, 0, 0, 0, 0, 0, 0, 0]
	 A0A011P9Z5	[0, 0, 0, 0, 0, 0, 0, 0, 0]
	 A0A011Q056	[0, 0, 0, 0, 0, 0, 0, 0, 0]
	 A0A011QMJ8	[0, 0, 0, 0, 0, 0, 0, 0, 0]
	 A0A011QSN2	[0, 0, 0, 0, 0, 0, 0, 0, 0]
	 A0A011NAJ1	[0, 0, 0, 0, 0, 0, 0, 0, 0]
	 A0A011NTU3	[0, 0, 0, 0, 0, 0, 0, 0, 0]
	 A0A011NMI8	[0, 0, 0, 0, 0, 0, 0, 0, 0]
	 A0A011N2Z0	[0, 0, 0, 0, 0, 0, 0, 0, 0]
	 A0A011VYF6	[0, 0, 0, 0, 0, 0, 0, 0, 0]
	 A0A010ZTI3	[0, 0, 0, 0, 0, 0, 0, 0, 0]
	 A0A011VNE2	[0, 0, 0, 0, 0, 0, 0, 0, 0]
	 A0A013TEV4	[0, 0, 0, 0, 0, 0, 0, 0, 0]
	 A0A010SSQ8	[0, 0, 0, 0, 0, 0, 0, 0, 0]
	 A0A011UFM5	[0, 0, 0, 0, 0, 0, 0, 0, 0]
	 A0A011A146	[0, 0, 0, 0, 0, 0, 0, 0, 0]
	 A0A011UBN9	[0, 0, 0, 0, 0, 0, 0, 0, 0]
	 A0A010YJA7	[0, 0, 0, 0, 0, 0, 0, 0, 0]
	 A0A010SPJ7	[0, 0, 0, 0, 0, 0, 0, 0, 0]
	 A0A011UHL2	[0, 0, 0, 0, 0, 0, 0, 0, 0]
	 A0A010SHY1	[0, 0, 0, 0, 0, 0, 0, 0, 0]
	 A0A010T025	[0, 0, 0, 0, 0, 0, 0, 0, 0]
	 A0A010YZS8	[0, 0, 0, 0, 0, 0, 0, 0, 0]
	 A0A013SBR8	[0, 0, 0, 0, 0, 0, 0, 0, 0]
	 A0A009M4K0	[0, 0, 0, 0, 0, 0, 0, 0, 0]
	 A0A011WUT3	[0, 0, 0, 0, 0, 0, 0, 0, 0]
	 A0A009PDV4	[0, 0, 0, 0, 0, 0, 0, 0, 0]
	 A0A013SL47	[0, 0, 0, 0, 0, 0, 0, 0, 0]
	 A0A009MH90	[0, 0, 0, 0, 0, 0, 0, 0, 0]
	 A0A010Z120	[0, 0, 0, 0, 0, 0, 0, 0, 0]
	 A0A013S2B9	[0, 0, 0, 0, 0, 0, 0, 0, 0]
	 A0A009HIL8	[0, 0, 0, 0, 0, 0, 0, 0, 0]

 ### Operon type: 312

	 A0A010TG27	[862, 0, 342, 0, 0, 0, 696, 0, 0]

 ### Operon type: 313

	 A0A011PMK1	[0, 0, 0, 0, 0, 0, 0, 862, 0]

 ### Operon type: 314

	 A0A009HM15	[0, 201, 200, 0, 0, 0, -1, 0, 0]

 ### Operon type: 315

	 A0A009HRU1	[0, 317, 0, 0, 0, 0, 0, 0, 0]

 ### Operon type: 316

	 A0A009HSN8	[0, 43, 0, 0, 0, -1, 0, 78, -1]

 ### Operon type: 317

	 A0A009HV82	[394, 0, 0, 0, 0, 0, 0, 0, 0]

 ### Operon type: 318

	 A0A009IG74	[0, 0, 49, 0, 599, -1, 0, 0, 0]

 ### Operon type: 319

	 A0A009IJ90	[0, 95, 0, 0, 0, 0, 0, 0, 0]

 ### Operon type: 320

	 A0A009NM94	[0, 564, 564, 0, 0, 0, 141, 0, 0]

 ### Operon type: 321

	 A0A009Q4N5	[0, 0, 52, 0, 0, 0, 0, 0, 0]

 ### Operon type: 322

	 A0A009SSZ9	[0, 164, 0, 0, 0, 0, 0, 0, 0]

 ### Operon type: 323

	 A0A009YIH1	[0, 0, 0, 0, 203, 0, -1, -1, 2]

 ### Operon type: 324

	 A0A009YR05	[0, 0, 0, 0, 454, 0, 0, 0, 0]

 ### Operon type: 325

	 A0A009Z004	[99, 0, 99, 0, 0, 861, 0, 0, 0]

 ### Operon type: 326

	 A0A010RUQ5	[0, 0, 0, 0, 0, 0, 0, 0, 345]

 ### Operon type: 327

	 A0A010S195	[838, 0, 234, 300, 0, 0, 0, 0, 0]

 ### Operon type: 328

	 A0A010SCZ2	[0, 0, 0, 0, 0, 0, 0, 632, 0]

 ### Operon type: 329

	 A0A010SN41	[0, 0, 0, 0, 545, 0, 0, 0, 0]

 ### Operon type: 330

	 A0A010SSU2	[0, 0, 0, 0, 306, 0, -1, 828, 0]

 ### Operon type: 331

	 A0A010SUP6	[0, 0, 0, 0, 0, 0, 0, 300, 0]

 ### Operon type: 332

	 A0A010SUY9	[0, 0, 0, 0, 0, 468, 771, 0]

 ### Operon type: 333

	 A0A010THK2	[0, 0, -1, 0, 0, 636, 861, 0, 0]

 ### Operon type: 334

	 A0A010SRL4	[342, 0, 0, -1, 0, 0, 0, 861, 341]

 ### Operon type: 335

	 A0A010YX61	[335, 832, 0, 716, 0, 0, 0, 0, 0]

 ### Operon type: 336

	 A0A010S5W8	[0, 0, 502, 726, 0, 0, 0, 0, 0]

 ### Operon type: 337

	 A0A011NE37	[629, 0, 0, 0, 0, 0, 0, 0, 0]

 ### Operon type: 338

	 A0A011NF78	[0, 0, 664, 0, 0, 0, 0, 0, 0]

 ### Operon type: 339

	 A0A011NVE2	[0, 0, 0, 853, 0, 0, 712, 0, 612]

 ### Operon type: 340

	 A0A011NXJ4	[0, 0, 0, 0, 0, 0, 0, 0, 606]

 ### Operon type: 341

	 A0A011P8I1	[0, 0, 833, 832, 0, 0, 0, 0, 831]

 ### Operon type: 342

	 A0A011P9Q7	[825, 0, 0, 0, 0, 0, 0, 0, 0]

 ### Operon type: 343

	 A0A011PJ75	[0, 853, 852, 853, 0, 0, 0, 0, 0]

 ### Operon type: 344

	 A0A011PRB4	[0, 0, 0, 0, 0, 0, 0, 855, 0]

 ### Operon type: 345

	 A0A011QVT2	[695, 0, 0, 0, 0, 0, 0, 829, 0]

 ### Operon type: 346

	 A0A011RP14	[0, 0, 0, 0, 0, 0, 0, 446, 0]

 ### Operon type: 347

	 A0A011SM49	[712, 0, 446, 0, 0, 0, 445, 0, 0]

 ### Operon type: 348

	 A0A011AM27	[772, 0, 0, 0, 458, 0, 0, 0, 457]

 ### Operon type: 349

	 A0A011T607	[0, 0, 726, 0, 0, 0, 0, 0, 141]

 ### Operon type: 350

	 A0A011TAW2	[0, 0, 0, 0, 0, 0, 603, 0, 0]

 ### Operon type: 351

	 A0A011TED9	[0, 0, 0, 0, 0, 38, 0, 0, 0]

 ### Operon type: 352

	 A0A011TXS5	[0, 444, 0, 0, 0, 0, 0, 0, 0]

 ### Operon type: 353

	 A0A011U144	[0, 345, 0, 0, 0, 0, 606, 530, 0]

 ### Operon type: 354

	 A0A011U1C8	[835, 0, 0, 0, 0, 0, 0, 0, 466]

 ### Operon type: 355

	 A0A011U483	[0, 0, 0, 0, 0, 834, 0, 0, 0]

 ### Operon type: 356

	 A0A011UG86	[0, 840, 0, 0, 0, 351, 0, 0, 0]

 ### Operon type: 357

	 A0A011UQB5	[562, 430, 0, 0, 0, 0, 0, 491, 0]

 ### Operon type: 358

	 A0A011UVI5	[0, 0, 0, 0, 0, 639, 853, 853, 0]

 ### Operon type: 359

	 A0A011UWI3	[0, 0, 0, 0, 143, 0, 142, 838, 0]

 ### Operon type: 360

	 A0A011V5E6	[0, 0, 0, 0, 0, 508, 0, 0, 0]

 ### Operon type: 361

	 A0A011M4H6	[633, 0, 456, 0, 0, 0, 0, 0, 0]

 ### Operon type: 362

	 A0A011VSV3	[0, 0, 0, 0, 0, 0, 745, 0, 0]

 ### Operon type: 363

	 A0A011VWI0	[0, 0, 0, 0, 0, 465, 0, 0, 0]

 ### Operon type: 364

	 A0A011VZ91	[614, 0, 0, 0, 0, 0, 0, 0, 0]

 ### Operon type: 365

	 A0A011WP76	[0, 0, 0, 0, 0, 0, 0, 0, 719]

 ### Operon type: 366

	 A0A011WSD4	[0, 0, 0, -1, 0, 805, 0, 0, 521]

 ### Operon type: 367

	 A0A011WT35	[521, 0, 0, 0, 0, 0, 0, 0, 0]

 ### Operon type: 368

	 A0A013S843	[0, 400, 0, 0, 0, 0, -1, 293, 0]

 ### Operon type: 369

	 A0A013T5E6	[0, 0, 0, 535, 0, 0, 0, 0, 0]

 ### Operon type: 370

	 A0A009T185	[693, 0, 852, 852, 107, 853, 852, 139, 645]

 ### Operon type: 371

	 A0A010IN36	[75, 712, 0, 0, 107, 853, 852, 139, 645]

 ### Operon type: 372

	 A0A009PG43	[853, 852, 429, 829, 0, 139, 645, 0, 0]

 ### Operon type: 373

	 A0A009INE0	[75, 0, 0, 0, 0, 0, 0, 852, 139]

 ### Operon type: 374

	 A0A009T9H0	[0, 2, 839, -1, 0, 0, 316, 0, 317]

 ### Operon type: 375

	 A0A010THH5	[0, 641, 640, 639, 0, 0, 638, 0, 637]

 ### Operon type: 376

	 A0A011WSH8	[0, 0, 0, 696, 507, 0, 0, 0, 0]
	 A0A011VZE3	[0, 0, 0, 696, 507, 0, 0, 0, 0]

 ### Operon type: 377

	 A0A011NAF3	[0, 0, 0, 0, 0, 0, 696, 0, 846]

 ### Operon type: 378

	 A0A009IQ93	[285, 0, 696, 0, 0, 341, 0, 0, 0]

 ### Operon type: 379

	 A0A009Q8S9	[0, 0, 839, 595, 0, 350, 0, 0, 0]

 ### Operon type: 380

	 A0A009TLU4	[0, 444, -1, 4, 0, 291, 0, -1, -1]

 ### Operon type: 381

	 A0A009ZB47	[347, 346, 0, 0, 0, 805, 419, 0, 0]

 ### Operon type: 382

	 A0A009ZVR4	[406, 0, 832, 0, 0, 111, 0, 0, 348]

 ### Operon type: 383

	 A0A010JIN9	[419, 0, 0, 391, 371, 0, 0, 0, 0]

 ### Operon type: 384

	 A0A010S003	[741, 0, 0, 0, 0, 840, 840, 292, 0]

 ### Operon type: 385

	 A0A010SMN8	[0, -1, 312, 0, 294, 0, 0, 757, 0]

 ### Operon type: 386

	 A0A010SXS1	[0, 429, 0, 0, 0, 620, 0, 0, 829]

 ### Operon type: 387

	 A0A010T689	[457, -1, 638, 548, 0, 0, 0, 0, 0]

 ### Operon type: 388

	 A0A010TBB4	[0, 373, 0, 351, 0, 0, 0, 0, 835]

 ### Operon type: 389

	 A0A010YFK3	[0, 669, 0, 0, 0, 0, 556, 0, 466]

 ### Operon type: 390

	 A0A010YVY1	[122, 0, 122, 0, 0, 0, 0, 292, 0]

 ### Operon type: 391

	 A0A010ZSZ2	[0, 476, 0, 475, 474, 0, 0, 0, 0]

 ### Operon type: 392

	 A0A010Z0Y7	[0, 0, 0, 0, 474, 471, 0, 0, 0]

 ### Operon type: 393

	 A0A011A0M8	[0, 0, 861, 0, 299, 0, 0, 298, 298]

 ### Operon type: 394

	 A0A011NFL4	[0, 563, 0, 0, 607, 862, 0, 368, 0]

 ### Operon type: 395

	 A0A011P407	[0, 0, 837, 836, 0, 0, 835, 0, 834]

 ### Operon type: 396

	 A0A011QGT2	[696, 0, 0, 858, 857, 0, 0, 0, 0]

 ### Operon type: 397

	 A0A011QSA4	[667, 0, 666, 665, 0, 0, 0, 0, 664]

 ### Operon type: 398

	 A0A011T6J6	[0, 673, 0, 832, 0, 0, 11, 0, 336]

 ### Operon type: 399

	 A0A011TAL2	[0, 726, 0, 0, 0, 313, 0, 559, 0]

 ### Operon type: 400

	 A0A011TZG0	[861, 678, 0, 0, 0, 0, 0, 278, 0]

 ### Operon type: 401

	 A0A011UGY3	[510, 509, 508, 10, 0, 0, 0, 10, 0]

 ### Operon type: 402

	 A0A011UII7	[0, 0, 0, 0, 0, 612, 579, 0, 0]

 ### Operon type: 403

	 A0A011UNT9	[350, 271, 0, 0, 0, 0, 0, 0, 0]

 ### Operon type: 404

	 A0A011SIS0	[0, 658, 272, 272, 0, 0, 0, 271, 0]

 ### Operon type: 405

	 A0A011UT49	[0, 476, 0, 0, 0, 0, 429, 428, 0]

 ### Operon type: 406

	 A0A011VU65	[557, 0, 0, 0, 0, 556, 0, 745, 555]

 ### Operon type: 407

	 A0A011VV03	[0, 635, 0, 0, 634, 633, 0, 0, 0]

 ### Operon type: 408

	 A0A011VVZ9	[0, 0, -1, 0, 0, 632, 631, 631, 630]

 ### Operon type: 409

	 A0A011VWX7	[829, 309, 0, 0, 0, 0, 0, 561, 0]

 ### Operon type: 410

	 A0A011VXK7	[564, 564, 0, 626, 0, 0, 0, 675, 0]

 ### Operon type: 411

	 A0A011W0I6	[493, 0, 0, 0, 0, 807, 0, 511, 0]

 ### Operon type: 412

	 A0A010YEF6	[0, 493, 0, 0, 0, 0, 0, 0, 467]

 ### Operon type: 413

	 A0A013SQH1	[0, 0, 0, 0, 545, 753, 0, 544, 569]

 ### Operon type: 414

	 A0A009QJA8	[393, 77, 0, 0, 0, 0, 0, 0, 593]

 ### Operon type: 415

	 A0A009YL68	[0, 0, 835, 226, 223, 0, 0, 140, 0]

 ### Operon type: 416

	 A0A010JNG7	[544, 0, 0, 415, 0, 0, 0, 0, 0]

 ### Operon type: 417

	 A0A010RM40	[437, 696, 747, 0, 0, 0, 0, -1, 783]

 ### Operon type: 418

	 A0A010RRQ6	[0, 456, 0, 0, 0, 294, 378, 576, 0]

 ### Operon type: 419

	 A0A010S423	[11, 0, 0, 0, 0, 0, 0, 142, 269]

 ### Operon type: 420

	 A0A010T0I7	[0, 0, 467, 0, 0, 833, 666, 696, 0]

 ### Operon type: 421

	 A0A010ZUR7	[635, 194, 0, 194, 0, 193, 292, 0, 0]

 ### Operon type: 422

	 A0A011NA78	[0, 438, 0, 0, 0, 731, 0, 0, 783]

 ### Operon type: 423

	 A0A011P8W7	[830, 837, 829, 0, 828, 0, 0, 0, 0]

 ### Operon type: 424

	 A0A011PG97	[757, 0, 0, 756, 0, 0, 0, 0, 0]

 ### Operon type: 425

	 A0A011PKT4	[0, 753, 0, 0, 0, 0, 752, 0, 0]

 ### Operon type: 426

	 A0A011PLB2	[0, 830, 0, 798, 0, 0, 0, 0, 0]

 ### Operon type: 427

	 A0A011R339	[0, 0, 0, 0, 0, 0, 370, 369, 0]

 ### Operon type: 428

	 A0A011SFE5	[0, 0, 0, 564, 0, 0, 563, 836, 562]

 ### Operon type: 429

	 A0A011SJT5	[0, 0, 0, 630, 270, 270, 270, 270, 270]

 ### Operon type: 430

	 A0A011TDQ5	[0, 0, 0, 0, 365, 809, 0, 0, 0]

 ### Operon type: 431

	 A0A011VT01	[0, 0, 504, 0, 0, 504, 0, 0, 503]

 ### Operon type: 432

	 A0A009Z3V9	[696, 0, 0, 0, 0, 329, 859, 330, 331]

 ### Operon type: 433

	 A0A010SRB2	[291, 290, 0, 0, 0, 290, 356, 0, 0]

 ### Operon type: 434

	 A0A010KA25	[419, 0, 638, 197, 32, 0, 0, 419, 404]

 ### Operon type: 435

	 A0A011TZN1	[450, 449, 448, 0, 256, 0, 0, 0, 0]

 ### Operon type: 436

	 A0A011VJ76	[354, 354, 428, 368, 0, 696, 861, 0, 837]

 ### Operon type: 437

	 A0A011UG17	[337, 0, 367, 0, 517, 557, 0, 0, 0]

 ### Operon type: 438

	 A0A011WUA8	[655, 0, 0, 252, 0, 0, 0, 45, 45]

 ### Operon type: 439

	 A0A010S4X6	[0, 471, 747, 840, 217, 0, 560, 806, 636]

 ### Operon type: 440

	 A0A010YY02	[0, 334, 0, 0, 334, 749, 333, 0, 332]
