
 ### Operon type: 1

	 A0A011PVT3	[579, 578, 577, 576, 575, 574, 573, 572, 571]
	 A0A011R7V7	[579, 578, 577, 576, 575, 574, 573, 572, 571]
	 A0A011MET3	[579, 578, 577, 576, 575, 574, 573, 572, 571]

 ### Operon type: 2

	 A0A011UIA1	[160, 159, 158, 157, 156, 155, 154, 153, 0]
	 A0A011V5V3	[0, 160, 159, 158, 157, 156, 155, 154, 153]

 ### Operon type: 3

	 A0A011PTE7	[490, 489, 488, 487, 486, 0, 485, 484, 483]
	 A0A011NE72	[490, 489, 488, 487, 486, 485, 484, 483, 0]

 ### Operon type: 4

	 A0A011NEY3	[508, 644, 643, 642, 642, 641, 640, 639, 0]

 ### Operon type: 5

	 A0A011PAN4	[644, 643, 0, 642, 642, 641, 640, 639, 638]

 ### Operon type: 6

	 A0A011RCD5	[508, 644, 643, 642, 642, 641, 640, 639, 638]

 ### Operon type: 7

	 A0A010JSI3	[521, 520, 519, 518, 517, 516, 515, 514, 0]
	 A0A009HDS5	[521, 520, 519, 518, 517, 516, 515, 514, 0]
	 A0A013T0M4	[521, 520, 519, 518, 517, 516, 515, 514, 0]
	 A0A009RGL2	[0, 520, 519, 518, 517, 516, 515, 514, 0]

 ### Operon type: 8

	 A0A011PF67	[635, 634, 633, 632, 631, 0, 0, 0, 0]
	 A0A011NW66	[635, 634, 633, 632, 631, 598, 0, 0, 0]
	 A0A011NBX7	[635, 634, 633, 632, 631, 598, 0, 0, 0]

 ### Operon type: 9

	 A0A011RHX4	[635, 634, 633, 632, 631, 507, 506, 691, 0]
	 A0A011NS68	[635, 634, 633, 632, 631, 507, 506, 691, 480]

 ### Operon type: 10

	 A0A010JY00	[343, 546, 342, 341, 443, 647, 338, 650, 362]

 ### Operon type: 11

	 A0A013TH30	[546, 342, 341, 340, 339, 647, 338, 650, 362]

 ### Operon type: 12

	 A0A011QAS2	[0, 540, 539, 538, 537, 536, 535, 534, 533]
	 A0A011NEQ1	[0, 540, 539, 538, 537, 536, 535, 534, 533]

 ### Operon type: 13

	 A0A011QSF0	[0, 626, 625, 624, 623, 622, 621, 620, 0]
	 A0A011Q0X6	[607, 626, 625, 624, 623, 622, 621, 620, 606]
	 A0A011Q1X8	[626, 0, 625, 624, 623, 622, 621, 620, 606]
	 A0A011QBB5	[607, 626, 625, 624, 623, 622, 621, 620, 606]

 ### Operon type: 14

	 A0A011PG87	[607, 626, 625, 624, 623, 622, 621, 0, 0]

 ### Operon type: 15

	 A0A013SP43	[385, 384, 383, 382, 381, 380, 379, 378, 377]
	 A0A010K6G6	[385, 384, 383, 382, 381, 380, 379, 0, 377]
	 A0A009RUN3	[385, 384, 383, 382, 381, 380, 379, 378, 377]

 ### Operon type: 16

	 A0A009HR98	[0, 0, 126, 108, 124, 0, 0, 0, 107]
	 A0A009SZB5	[0, 0, 126, 108, 124, 0, 0, 0, 107]

 ### Operon type: 17

	 A0A009Z8F7	[127, 126, 125, 0, 124, 123, 123, 0, 0]

 ### Operon type: 18

	 A0A011QUG8	[663, 662, 661, 660, 659, 658, 0, 657, 656]
	 A0A011QIT1	[663, 662, 661, 660, 659, 658, 657, 656, 711]

 ### Operon type: 19

	 A0A011QAB0	[645, 544, 543, 0, 542, 548, 667, 541, 0]
	 A0A011PL71	[503, 645, 544, 543, 542, 548, 667, 541, 0]

 ### Operon type: 20

	 A0A011PIY7	[702, 0, 701, 700, 699, 698, 697, 0, 695]

 ### Operon type: 21

	 A0A011Q3J4	[0, 702, 701, 700, 699, 698, 697, 696, 0]

 ### Operon type: 22

	 A0A011MH88	[703, 702, 701, 700, 699, 698, 697, 696, 695]

 ### Operon type: 23

	 A0A009QBR9	[0, 0, 301, 288, 300, 0, 0, 296, 112]
	 A0A009TM70	[0, 302, 301, 288, 300, 0, 0, 296, 112]

 ### Operon type: 24

	 A0A010ILU3	[303, 302, 301, 0, 300, 299, 298, 297, 296]
	 A0A009H3B0	[0, 302, 301, 0, 300, 299, 298, 297, 296]
	 A0A009QS71	[303, 302, 301, 288, 300, 299, 0, 297, 296]
	 A0A009MW50	[0, 302, 301, 288, 300, 299, 0, 297, 296]

 ### Operon type: 25

	 A0A009I8S2	[0, 0, 301, 288, 300, 299, 297, 296, 112]

 ### Operon type: 26

	 A0A009ZFR5	[447, 446, 445, 444, 443, 442, 441, 440, 650]
	 A0A009ICH6	[447, 446, 445, 444, 443, 442, 441, 440, 650]

 ### Operon type: 27

	 A0A009GP96	[0, 140, 570, 139, 171, 138, 312, 137, 136]

 ### Operon type: 28

	 A0A009GSR4	[139, 171, 138, 312, 137, 136, 136, 135, 0]

 ### Operon type: 29

	 A0A009IIT6	[140, 570, 139, 171, 137, 136, 136, 135, 0]

 ### Operon type: 30

	 A0A009IS10	[406, 0, 0, 0, 81, 80, 79, 0, 0]

 ### Operon type: 31

	 A0A009QHW5	[0, 0, 0, 303, 81, 80, 79, 0, 122]

 ### Operon type: 32

	 A0A011UVB4	[0, 0, 0, 407, 0, 0, 406, 0, 405]

 ### Operon type: 33

	 A0A011TLH7	[355, 354, 353, 0, 0, 0, 0, 0, 0]
	 A0A011UG87	[353, 354, 355, 0, 0, 0, 0, 0, 0]

 ### Operon type: 34

	 A0A011QIE8	[565, 564, 563, 562, 561, 560, 559, 0, 0]
	 A0A011QDV3	[565, 564, 563, 562, 561, 560, 461, 0, 559]

 ### Operon type: 35

	 A0A011NYU6	[459, 458, 0, 457, 611, 404, 403, 0, 456]

 ### Operon type: 36

	 A0A011PYI6	[459, 458, 0, 457, 611, 456, 455, 715, 0]

 ### Operon type: 37

	 A0A011P1C0	[0, 0, 404, 403, 456, 0, 0, 0, 0]

 ### Operon type: 38

	 A0A011PP01	[615, 614, 613, 0, 0, 0, 0, 0, 0]
	 A0A011NVE7	[615, 614, 613, 0, 0, 0, 0, 0, 0]

 ### Operon type: 39

	 A0A013TH43	[258, 0, 0, 0, 257, 256, 255, 0, 417]
	 A0A009RAF0	[258, 0, 0, 0, 257, 256, 255, 0, 417]

 ### Operon type: 40

	 A0A013S8V2	[346, 345, 0, 0, 0, 344, 0, 0, 0]
	 A0A009R8E1	[0, 402, 0, 346, 345, 0, 0, 344, 0]

 ### Operon type: 41

	 A0A009QFZ7	[360, 359, 0, 0, 428, 0, 357, 356, 0]
	 A0A009TK03	[360, 359, 0, 0, 428, 0, 357, 356, 0]

 ### Operon type: 42

	 A0A013SPM5	[360, 359, 430, 429, 428, 358, 357, 356, 0]
	 A0A010IX62	[360, 359, 430, 429, 428, 0, 357, 356, 0]
	 A0A009HSL1	[360, 359, 430, 429, 428, 0, 357, 356, 0]
	 A0A009MH71	[360, 359, 0, 429, 428, 358, 357, 356, 0]

 ### Operon type: 43

	 A0A009I6Z0	[360, 359, 0, 429, 428, 0, 357, 356, 426]

 ### Operon type: 44

	 A0A009ZIX8	[0, 431, 430, 429, 428, 427, 0, 426, 0]

 ### Operon type: 45

	 A0A009I573	[46, 0, 144, 145, 0, 146, 320, 147, 148]

 ### Operon type: 46

	 A0A009ILP9	[149, 0, 148, 147, 320, 146, 317, 145, 144]

 ### Operon type: 47

	 A0A009I953	[149, 0, 148, 147, 320, 146, 317, 0, -1]

 ### Operon type: 48

	 A0A009IPC3	[322, 321, 0, 0, 320, 319, 318, 0, 317]
	 A0A009QEG7	[322, 321, 0, 0, 320, 319, 318, 0, 317]

 ### Operon type: 49

	 A0A009SX74	[495, 480, 0, 145, 317, 149, 321, 322, 0]

 ### Operon type: 50

	 A0A010JWJ1	[0, 83, 570, 0, 165, 164, 163, 162, 0]
	 A0A009I4A1	[0, 83, 570, 0, 165, 164, 163, 162, 0]

 ### Operon type: 51

	 A0A009QF22	[168, 167, 166, 0, 165, 164, 163, 162, 161]
	 A0A009TBY8	[168, 167, 166, 178, 165, 164, 163, 162, 161]

 ### Operon type: 52

	 A0A009ITT8	[78, 77, 76, 325, 324, 75, 74, 73, 72]

 ### Operon type: 53

	 A0A009NJ90	[78, 77, 76, 325, 0, 190, 75, 74, 73]

 ### Operon type: 54

	 A0A009HZK2	[326, 325, 324, 0, 0, 0, 0, 0, 0]

 ### Operon type: 55

	 A0A009IJ07	[85, 84, 326, 325, 324, 0, 0, 0, 0]

 ### Operon type: 56

	 A0A009S6G1	[85, 84, 326, 325, 324, 74, 73, 72, 67]

 ### Operon type: 57

	 A0A009S5A5	[324, 190, 75, 74, 73, 72, 68, 22, 67]

 ### Operon type: 58

	 A0A013TCN9	[288, 264, 263, 262, 261, 260, 259, 570, 562]
	 A0A009QNC9	[288, 264, 263, 262, 261, 260, 259, 570, 562]
	 A0A010ITG1	[288, 264, 263, 262, 261, 260, 259, 570, 562]
	 A0A009NIJ3	[288, 264, 263, 262, 261, 260, 259, 570, 562]
	 A0A013TRC1	[288, 264, 263, 262, 261, 260, 259, 570, 562]

 ### Operon type: 59

	 A0A009H935	[0, 0, 263, 262, 261, 260, 259, 570, 562]

 ### Operon type: 60

	 A0A009PJF7	[222, 221, 221, 220, 219, 267, 218, 217, 216]
	 A0A009SJZ7	[407, 222, 221, 220, 219, 267, 218, 217, 216]

 ### Operon type: 61

	 A0A009Z5G0	[267, 220, 221, 0, 452, 222, 407, 290]

 ### Operon type: 62

	 A0A010JJC1	[712, 310, 309, 308, 307, 306, 305, 311, 304]
	 A0A010IZ41	[310, 309, 308, 307, 306, 305, 311, 304, 383]

 ### Operon type: 63

	 A0A009QJL6	[712, 310, 309, 308, 0, 304, 383, 44, 0]

 ### Operon type: 64

	 A0A011N9N8	[548, 547, 701, 0, 0, 0, 0, 0, 0]
	 A0A011P2I4	[548, 547, 701, 0, 0, 0, 0, 0, 0]

 ### Operon type: 65

	 A0A009PIB4	[0, 0, 0, 92, 371, 91, 312, 570, 548]
	 A0A009SLR5	[0, 0, 0, 92, 371, 91, 312, 570, 548]

 ### Operon type: 66

	 A0A009HSU4	[0, 0, 500, 570, 0, 547, 477, 548, 312]

 ### Operon type: 67

	 A0A011SF89	[720, 719, 718, 0, 0, 0, 0, 0, 0]

 ### Operon type: 68

	 A0A011UCX7	[0, 645, 720, 719, 0, 718, 316, 0, 0]

 ### Operon type: 69

	 A0A011NYT4	[545, 531, 530, 529, 0, 528, 528, 527, 526]

 ### Operon type: 70

	 A0A011P8E9	[0, 0, 545, 531, 0, 530, 529, 0, 0]

 ### Operon type: 71

	 A0A010TF34	[0, -1, 0, 0, 37, 36, 35, 34, 33]
	 A0A010SYH9	[37, 36, 35, 34, 33, 0, 0, 0, 0]

 ### Operon type: 72

	 A0A010TFJ4	[0, -1, 0, 41, 40, 39, 52, -1, 38]
	 A0A010S7A1	[41, 40, 39, 52, 0, 38, 0, 0, 0]

 ### Operon type: 73

	 A0A009ICP5	[102, 387, 475, 101, 132, 0, 0, 131, 0]

 ### Operon type: 74

	 A0A009MMG9	[102, 387, 475, 101, 132, 0, 100, 131, 419]

 ### Operon type: 75

	 A0A009HTW0	[0, 134, 133, 0, 132, 0, 0, 131, 0]
	 A0A009QLL2	[0, 134, 133, 0, 132, 0, 0, 131, 0]

 ### Operon type: 76

	 A0A009SIV4	[99, 134, 133, 98, 132, 97, 0, 131, 419]

 ### Operon type: 77

	 A0A013TSJ4	[134, 133, 0, 98, 132, 0, 0, 131, 419]

 ### Operon type: 78

	 A0A009Z3V9	[570, 0, 0, 0, 0, 133, 499, 134, 99]

 ### Operon type: 79

	 A0A009T0Q9	[0, 0, 0, 0, 32, 331, 703, 570, 31]

 ### Operon type: 80

	 A0A009YJF4	[0, 527, 526, 15, 179, 703, 570, 0, 31]

 ### Operon type: 81

	 A0A009PAV9	[207, -1, 475, 206, 374, 312, 205, 204, 203]
	 A0A009HJC2	[207, 562, 475, 206, 374, 312, 205, 204, 203]

 ### Operon type: 82

	 A0A009SE02	[0, 203, 0, 0, 0, 204, 205, 312, 374]

 ### Operon type: 83

	 A0A011QNA5	[0, 594, 593, 592, 0, 591, 590, 589, 588]
	 A0A009ZLJ7	[588, 589, 590, 591, 0, 0, 594, 593, 592]

 ### Operon type: 84

	 A0A013T0T6	[591, 590, 589, 588, 367, 366, 365, 364, 363]
	 A0A009HAX1	[591, 590, 589, 588, 367, 366, 365, 364, 363]
	 A0A009QMH5	[591, 590, 589, 588, 367, 366, 365, 364, 363]

 ### Operon type: 85

	 A0A010ILW6	[591, 590, 589, 588, 367, 366, 0, 0, 364]

 ### Operon type: 86

	 A0A009Z9X7	[590, 589, 588, 0, 367, 0, 654, 0, 364]

 ### Operon type: 87

	 A0A009PE10	[0, 0, 0, 588, 367, 198, 365, 364, -1]

 ### Operon type: 88

	 A0A009HS41	[477, 447, 462, 244, 223, 570, 570, 242, 241]
	 A0A009RSB7	[477, 447, 462, 244, 223, 570, 570, 242, 241]
	 A0A009SYU8	[477, 447, 462, 244, 223, 570, 570, 242, 241]

 ### Operon type: 89

	 A0A013SHA9	[477, 447, 462, 244, 243, 570, 570, 242, 241]
	 A0A010IT25	[477, 447, 462, 244, 243, 570, 570, 242, 241]
	 A0A009I466	[477, 447, 462, 244, 243, 570, 570, 242, 241]

 ### Operon type: 90

	 A0A009NMQ9	[477, 447, 462, 244, 243, 0, 570, 570, 242]

 ### Operon type: 91

	 A0A009P8A9	[0, 0, 462, 244, 223, 570, 570, 242, 241]

 ### Operon type: 92

	 A0A011PGU1	[0, 0, 494, 585, 584, 583, 493, 492, 491]
	 A0A011MDH1	[522, 0, 494, 585, 584, 583, 493, 492, 491]

 ### Operon type: 93

	 A0A011V0P4	[557, 556, 0, 0, 555, 0, 0, 554, 553]

 ### Operon type: 94

	 A0A011WPV7	[554, 553, 0, 0, 0, 0, 0, 0, 0]

 ### Operon type: 95

	 A0A011RNP9	[0, 0, 0, 0, 0, 668, 667, 0, 0]

 ### Operon type: 96

	 A0A011V0B5	[723, 0, 0, 0, 0, 0, 668, 0, 0]

 ### Operon type: 97

	 A0A011RQC9	[0, 723, 722, 0, 0, 0, 0, 721, 0]

 ### Operon type: 98

	 A0A011QG28	[587, 586, 585, 0, 584, 583, 582, 581, 580]
	 A0A011RIM8	[587, 586, 0, 0, 584, 583, 582, 581, 580]

 ### Operon type: 99

	 A0A011PHI6	[511, 0, 567, 0, 0, 566, 660, 525, 0]

 ### Operon type: 100

	 A0A011QI68	[0, 0, 567, 566, 0, 0, 0, 0, 0]

 ### Operon type: 101

	 A0A011P700	[0, 0, 619, 618, 0, 0, 0, 0, 0]

 ### Operon type: 102

	 A0A011QSI4	[0, 0, 619, 618, 617, 0, 0, 0, 0]

 ### Operon type: 103

	 A0A011NVJ6	[605, 604, 603, 602, 601, 600, 0, 0, 599]

 ### Operon type: 104

	 A0A011PVP2	[0, 604, 603, 602, 601, 600, 0, 0, 579]

 ### Operon type: 105

	 A0A011NXY7	[0, 0, 603, 0, 601, 0, 0, 0, 0]

 ### Operon type: 106

	 A0A011QR69	[652, 651, 650, 649, 648, 647, 0, 0, 0]
	 A0A011NUB4	[652, 651, 650, 649, 648, 647, 0, 498, 0]

 ### Operon type: 107

	 A0A011NN36	[651, 650, 0, 0, 648, 647, 0, 0, 0]

 ### Operon type: 108

	 A0A011PK69	[650, 501, 0, 0, 648, 647, 0, 0, 0]

 ### Operon type: 109

	 A0A011RMI6	[677, 676, 675, 674, 673, 672, 671, 670, 669]
	 A0A011NYD6	[677, 676, 675, 674, 673, 672, 671, 670, 669]

 ### Operon type: 110

	 A0A011QB28	[532, 677, 676, 0, 0, 672, 671, 670, 669]

 ### Operon type: 111

	 A0A011NF33	[0, 672, 671, 0, 0, 0, 0, 0, 0]

 ### Operon type: 112

	 A0A011NBY4	[472, 0, 0, 471, 0, 0, 470, 0, 0]

 ### Operon type: 113

	 A0A011WRT0	[472, 0, 0, 0, 0, 0, 0, 715, 0]

 ### Operon type: 114

	 A0A011SHV5	[0, 0, 0, 0, 0, 713, 715, 712, 0]

 ### Operon type: 115

	 A0A011NB95	[0, 655, 0, 0, 0, 0, 475, 474, 473]

 ### Operon type: 116

	 A0A011UHT4	[44, 468, 474, 0, 0, 43, 43, 473, 0]

 ### Operon type: 117

	 A0A010Z1W7	[0, 0, 0, 0, 0, 48, 0, 421, 422]

 ### Operon type: 118

	 A0A011VY84	[0, 0, 422, 421, 0, 0, 0, 0, 0]

 ### Operon type: 119

	 A0A010YW85	[0, 0, 0, 0, 0, 208, 0, 421, 422]

 ### Operon type: 120

	 A0A010ZMA0	[421, 551, 0, 0, 0, 0, 0, 0, 0]

 ### Operon type: 121

	 A0A011N5L2	[0, 0, 0, 551, 0, 550, 549, 0, 0]

 ### Operon type: 122

	 A0A010SQJ5	[224, 101, 0, 351, 350, 349, 0, 0, 0]

 ### Operon type: 123

	 A0A010STD3	[0, 0, 0, 351, 350, 349, 0, 242, 285]

 ### Operon type: 124

	 A0A011TD67	[352, 0, 0, 351, 350, 349, 348, 0, 347]

 ### Operon type: 125

	 A0A009ZC12	[0, 0, 0, 351, 0, 349, 348, 120, 628]

 ### Operon type: 126

	 A0A010RFQ9	[0, 0, 513, 0, 512, 0, 0, 0, 0]

 ### Operon type: 127

	 A0A010SPR9	[13, 13, 0, 0, 0, 512, 0, 0, 0]

 ### Operon type: 128

	 A0A013S288	[0, 0, 0, 276, 374, 275, 274, 0, 272]
	 A0A010J3I1	[0, 0, 0, 276, 374, 275, 274, 0, 272]

 ### Operon type: 129

	 A0A013SXT2	[279, 278, 277, 276, 374, 275, 274, 273, 272]
	 A0A009PWG1	[279, 278, 277, 276, 374, 275, 274, 273, 272]

 ### Operon type: 130

	 A0A009ZJK4	[0, 0, 0, 0, 0, 0, 447, 425, 0]

 ### Operon type: 131

	 A0A010SVN1	[-1, 425, 570, 113, 214, 0, 0, 447, 0]

 ### Operon type: 132

	 A0A009IMX3	[232, 0, 230, 0, 228, 170, 170, 715, 169]
	 A0A009SF48	[232, 0, 230, 0, 228, -1, 170, 715, 169]

 ### Operon type: 133

	 A0A009QEX0	[232, 231, 230, 229, 228, 170, 170, 715, 169]

 ### Operon type: 134

	 A0A013S7V1	[232, 231, 230, 229, 228, 227, 447, 226, 225]
	 A0A010ISX2	[232, 231, 230, 229, 228, 227, 447, 226, 225]
	 A0A009RES7	[232, 231, 230, 229, 228, 227, 447, 226, 225]
	 A0A009MR00	[232, 231, 230, 229, 228, 227, 447, 226, 225]

 ### Operon type: 135

	 A0A009GYP9	[0, 0, 0, 229, 228, 227, 447, 226, 225]

 ### Operon type: 136

	 A0A009YTT3	[0, 0, 0, 0, 0, 0, 447, 226, 225]

 ### Operon type: 137

	 A0A009PFK7	[197, 196, 195, 194, 193, 0, 0, 192, 0]
	 A0A009QGN4	[197, 196, 195, 194, 193, 192, 0, 0, 0]

 ### Operon type: 138

	 A0A009YR20	[0, 192, 0, 0, 0, 0, 196, 0, 0]

 ### Operon type: 139

	 A0A013SB36	[337, 336, 335, 334, 333, 0, 526, 332, 331]
	 A0A009QSI3	[337, 336, 335, 334, 333, 0, 526, 332, -1]

 ### Operon type: 140

	 A0A010ITP2	[337, 336, 335, 334, 333, 0, 526, 0, 0]

 ### Operon type: 141

	 A0A009SII9	[-1, 336, 335, 334, 0, 0, 0, 0, 32]

 ### Operon type: 142

	 A0A009HZV2	[0, 0, 0, 0, 151, 150, 190, 0, 0]

 ### Operon type: 143

	 A0A009QPE7	[0, 0, 0, 0, 151, 150, 0, 0, 0]

 ### Operon type: 144

	 A0A009GXL8	[182, 181, 180, 0, 179, 178, 327, 177, 176]

 ### Operon type: 145

	 A0A010JIW7	[182, 181, 180, 0, 179, 0, 0, 327, 177]

 ### Operon type: 146

	 A0A009MGR3	[0, 0, 105, 0, 361, 22, 21, 201, 200]

 ### Operon type: 147

	 A0A009Q4G0	[0, 106, 105, 0, 361, 0, 201, 200, 201]

 ### Operon type: 148

	 A0A009PUJ8	[0, 202, 0, 0, 0, 199, 327, 177, 176]

 ### Operon type: 149

	 A0A009QJA8	[177, 176, 0, 0, 0, 0, 0, 0, 0]

 ### Operon type: 150

	 A0A009PB53	[0, 0, 202, 0, 0, 201, 200, 201, 199]

 ### Operon type: 151

	 A0A013SNJ8	[447, 0, 0, 376, 375, 374, 383, 0, 0]
	 A0A013RZW2	[447, 233, 0, 376, 375, 374, 383, 0, 0]
	 A0A009RD69	[447, 233, 0, 376, 375, 374, 383, 103, 0]
	 A0A010J9U3	[447, 0, 0, 376, 375, 374, 383, 0, 0]
	 A0A009SIZ4	[447, 233, 0, 376, 375, 0, 383, 103, 0]

 ### Operon type: 152

	 A0A009PH20	[0, 0, 296, 376, 375, 374, 383, 0, 0]
	 A0A009IV03	[0, 0, 296, 376, 375, 0, 383, 0, 0]

 ### Operon type: 153

	 A0A009YIZ0	[447, 233, 296, 376, 375, 374, 383, 103, 70]

 ### Operon type: 154

	 A0A009QA91	[116, 115, 477, 570, 239, 239, 114, 395, 113]
	 A0A010J377	[116, 115, 477, 570, 239, 239, 114, 395, 113]

 ### Operon type: 155

	 A0A009QQC0	[0, 0, 86, 570, 239, 239, 0, 395, 113]
	 A0A009MVG4	[86, 0, 240, 570, 239, 239, 0, 395, 113]

 ### Operon type: 156

	 A0A009H7I0	[0, 0, 0, 570, 239, 239, 114, 395, 113]

 ### Operon type: 157

	 A0A009S1X4	[116, 115, 477, 570, 239, 239, 570, 0, 23]

 ### Operon type: 158

	 A0A013SHF4	[0, 0, 240, 570, 239, 239, 0, 238, 0]

 ### Operon type: 159

	 A0A009H7U0	[271, 582, 0, 270, 269, 423, 111, 0, 0]

 ### Operon type: 160

	 A0A010IMP8	[271, 0, 0, 270, 269, 423, 111, 0, 110]

 ### Operon type: 161

	 A0A013SZ54	[271, 0, 448, 270, 269, 0, 0, 0, 0]

 ### Operon type: 162

	 A0A009ZM43	[-1, 582, 448, 270, 269, 423, 111, 82, 110]

 ### Operon type: 163

	 A0A009YSC7	[0, 0, 470, 1, 0, 1, 287, 286, 0]

 ### Operon type: 164

	 A0A013RVV2	[288, 0, 287, 286, 0, 0, 0, 285, 0]

 ### Operon type: 165

	 A0A011Q5S3	[711, 710, 0, 0, 0, 0, 709, 708, 707]

 ### Operon type: 166

	 A0A011UZZ4	[0, 709, 708, 0, 0, 0, 558, 558, 707]

 ### Operon type: 167

	 A0A010YKP2	[0, 0, 0, 0, 0, 0, 599, 552, 0]

 ### Operon type: 168

	 A0A011V1A2	[556, 0, 0, 552, 0, 0, 0, 0, 0]

 ### Operon type: 169

	 A0A011Q2B1	[0, 0, 0, 0, 0, 684, 683, 682, 681]

 ### Operon type: 170

	 A0A011RLN8	[0, 0, 0, 686, 685, 684, 683, 682, 681]

 ### Operon type: 171

	 A0A011NGS0	[0, 0, 0, 0, 688, 687, 0, 0, 0]

 ### Operon type: 172

	 A0A011PW61	[0, 0, 0, 0, 688, 687, 0, 0, 460]

 ### Operon type: 173

	 A0A011UXI1	[0, 466, 0, 0, 688, 687, 510, 0, 0]

 ### Operon type: 174

	 A0A011SWI9	[-1, -1, 0, 511, 688, 687, 510, -1, -1]

 ### Operon type: 175

	 A0A011P952	[687, 0, 463, 0, 0, 463, 0, 0, 0]

 ### Operon type: 176

	 A0A011NSG8	[0, 0, 0, 525, 524, 523, 0, 524, 0]

 ### Operon type: 177

	 A0A011P0X4	[0, 0, 522, 0, 524, 0, 0, 523, 402]

 ### Operon type: 178

	 A0A009MJ75	[0, 0, 89, 88, 87, 0, 0, 0, 139]

 ### Operon type: 179

	 A0A010IH51	[0, 419, 0, 0, 87, 0, 139, 0, 0]

 ### Operon type: 180

	 A0A010YNY9	[0, 0, 18, 16, 0, 0, 0, 0, 373]

 ### Operon type: 181

	 A0A011AC71	[23, 0, 0, 191, 0, 18, 16, 0, 477]

 ### Operon type: 182

	 A0A011QLX0	[0, 596, 0, 0, 595, 0, 676, 675, 0]
	 A0A011PRW6	[596, 0, 0, 0, 595, 676, 675, 0, 0]

 ### Operon type: 183

	 A0A010SML6	[0, 676, 675, -1, 0, 480, 0, 0, 0]

 ### Operon type: 184

	 A0A009P817	[104, 0, 0, 0, 90, 0, 210, 96, 95]

 ### Operon type: 185

	 A0A009TIY0	[0, 0, 0, 0, 90, 0, 210, 96, 0]

 ### Operon type: 186

	 A0A009QKA3	[210, 96, 0, 95, 0, 0, 0, 0, 197]

 ### Operon type: 187

	 A0A009S854	[-1, 0, 0, 436, 435, 0, 0, 0, 432]

 ### Operon type: 188

	 A0A013RMD0	[-1, 0, 437, 0, 435, 513, 0, 0, 432]

 ### Operon type: 189

	 A0A009HFU9	[0, 141, 0, 0, 439, 312, 0, 0, 0]
	 A0A009R016	[0, 141, 0, 0, 439, -1, 312, 0, 0]

 ### Operon type: 190

	 A0A009HSR2	[0, 63, 62, 0, 61, 187, 186, 190, 184]

 ### Operon type: 191

	 A0A009SWM1	[0, 63, 62, 0, 61, 0, 0, 186, 0]

 ### Operon type: 192

	 A0A009MYX0	[183, 184, 0, 500, 0, 0, 186, 187, 94]

 ### Operon type: 193

	 A0A009QK79	[0, 0, 94, 187, 0, 186, 0, 0, 184]

 ### Operon type: 194

	 A0A009GXJ1	[189, 188, 187, 186, 185, 190, 184, 183, 0]

 ### Operon type: 195

	 A0A013TKW8	[0, 636, 0, 312, 254, 253, 252, 251, 250]
	 A0A009GWD0	[190, 0, 0, 312, 254, 253, 252, 251, 250]
	 A0A009PRQ9	[0, 312, 128, 0, 254, 253, 252, 251, 250]
	 A0A010IT95	[0, 0, 0, 312, 254, 253, 252, 251, 250]
	 A0A009QT77	[0, 0, -1, 312, 254, 253, 252, 251, 250]
	 A0A009S0T6	[0, 0, 312, 128, 254, 253, 252, 251, 250]
	 A0A009I5G9	[0, 0, 312, 128, 254, 253, 252, 251, 250]
	 A0A009MH36	[0, 0, 0, 312, 254, 253, 252, 251, 250]

 ### Operon type: 196

	 A0A013TMJ7	[562, -1, 0, 312, 254, 251, 250, 0, 0]

 ### Operon type: 197

	 A0A009HJJ5	[394, 393, 392, 0, 391, 390, 0, 529, 20]
	 A0A009I8I7	[394, 393, 392, 49, 391, 390, 0, 529, 20]

 ### Operon type: 198

	 A0A013TPR7	[394, 393, 392, 0, 391, 390, 0, 529, 549]
	 A0A010JJN4	[0, 393, 392, 0, 391, 390, 0, 529, 549]
	 A0A009PMT3	[394, 393, 392, 0, 391, 390, 130, 529, 549]
	 A0A009RMI1	[0, 393, 392, 0, 391, 390, 0, 529, 0]
	 A0A009YG45	[0, 394, 393, 392, 391, 0, 390, 130, 529]

 ### Operon type: 199

	 A0A009SEP4	[394, 393, 392, 49, 391, 0, 390, 130, 0]

 ### Operon type: 200

	 A0A009NI48	[394, 393, 392, 0, 391, 0, 0, 0, -1]

 ### Operon type: 201

	 A0A011WLE7	[0, 0, 0, 0, 0, 481, 0, 0, 0]
	 A0A011VU44	[0, 0, 0, 0, 0, 481, 0, 0, 0]

 ### Operon type: 202

	 A0A011VAP2	[0, 0, 27, 0, 0, 0, 0, 0, 174]

 ### Operon type: 203

	 A0A011VRJ8	[0, 0, 0, 0, 0, 0, 27, 0, 0]

 ### Operon type: 204

	 A0A011RNU1	[0, 0, 0, 0, 0, 0, 666, 666, 665]

 ### Operon type: 205

	 A0A011VKJ9	[0, 0, 0, 0, 0, 0, 665, 666, -1]

 ### Operon type: 206

	 A0A011WT35	[469, 0, 0, 0, 0, 0, 0, 0, 0]
	 A0A011V490	[0, 469, 0, 0, 0, 0, 0, 0, 0]

 ### Operon type: 207

	 A0A009T185	[651, 0, 482, 482, 109, 650, 482, 415, 600]

 ### Operon type: 208

	 A0A010IN36	[323, 562, 0, 0, 109, 650, 482, 415, 600]

 ### Operon type: 209

	 A0A009PG43	[650, 482, 409, 653, 0, 415, 600, 0, 0]

 ### Operon type: 210

	 A0A011PQZ7	[0, 0, 0, 612, 611, 0, 610, 0, 0]

 ### Operon type: 211

	 A0A011TUX4	[0, 0, 0, 0, 611, 0, 0, 610, 0]

 ### Operon type: 212

	 A0A011STZ9	[0, 0, 0, 610, 0, 0, 0, 0, 0]

 ### Operon type: 213

	 A0A011PRF5	[608, 0, 0, 0, 0, 0, 0, 0, 0]
	 A0A011PUJ9	[0, 0, 0, 0, 0, 0, 0, 0, 608]

 ### Operon type: 214

	 A0A011PFY8	[0, 0, 0, 0, 0, 0, 0, 0, 616]

 ### Operon type: 215

	 A0A011PNS3	[653, 616, 0, 0, 0, 0, 0, 0, 0]

 ### Operon type: 216

	 A0A011T648	[0, 616, 0, 0, 0, 0, 0, 650, 0]

 ### Operon type: 217

	 A0A011U3C2	[0, 0, 582, 0, 0, 0, 0, 0, 0]
	 A0A011AEN3	[0, 0, 0, 0, 0, 0, 582, 0, 0]

 ### Operon type: 218

	 A0A011AAZ2	[0, 410, 0, 0, 0, 582, 582, 582, 0]

 ### Operon type: 219

	 A0A011T698	[0, 0, 0, 0, 0, 477, 582, 0, 0]

 ### Operon type: 220

	 A0A009SNL0	[51, 50, 0, 0, 0, 0, 0, 0, 0]

 ### Operon type: 221

	 A0A009ZZC8	[-1, 50, 51, 0, 0, 0, 0, 0, 0]

 ### Operon type: 222

	 A0A009ZG48	[0, 0, 0, 636, 0, 0, 0, 0, 0]

 ### Operon type: 223

	 A0A011PEJ8	[0, 0, 637, 636, 0, 0, 0, 0, 0]

 ### Operon type: 224

	 A0A011QNJ7	[692, 0, 0, 636, 0, 0, 0, 692, 0]

 ### Operon type: 225

	 A0A011MMJ4	[0, 0, 0, 0, 0, 0, 0, 692, 0]

 ### Operon type: 226

	 A0A011R8M3	[0, 0, 637, 636, 0, 509, 0, 692, 0]

 ### Operon type: 227

	 A0A009TJ77	[0, 60, 0, 0, 0, 0, 0, 0, 0]

 ### Operon type: 228

	 A0A010RTE7	[0, 0, 0, 0, 0, 0, 34, 60, 0]

 ### Operon type: 229

	 A0A013TPQ9	[400, 399, 398, 397, 396, 570, 562, 395, 550]
	 A0A013S8F0	[400, 399, 398, 397, 396, 570, 562, 395, 550]
	 A0A009PMU2	[400, 399, 398, -1, 396, 570, 562, 395, 550]
	 A0A009SZ84	[400, 399, 398, 397, 396, 570, 562, 395, 550]

 ### Operon type: 230

	 A0A009IG48	[0, 0, 0, 143, 142, 0, 0, 0, 480]

 ### Operon type: 231

	 A0A009IMQ0	[0, 0, 0, 143, 142, 0, 0, 0, 0]

 ### Operon type: 232

	 A0A009SWV1	[0, 0, 0, 0, 0, 0, 0, 143, 0]

 ### Operon type: 233

	 A0A011TAW2	[0, 0, 0, 0, 0, 0, 279, 0, 0]
	 A0A009SFX8	[279, 0, 0, 0, 0, 0, 0, 0, 0]

 ### Operon type: 234

	 A0A011TZN1	[0, 0, 0, 0, 152, 0, 0, 0, 0]
	 A0A009RHH9	[0, 0, 0, 0, 152, 0, 0, 0, 0]

 ### Operon type: 235

	 A0A009PMZ9	[129, 0, 0, 0, 0, 0, 0, 0, 0]
	 A0A009Q512	[0, 0, 0, 0, 129, 0, 0, 0, 0]

 ### Operon type: 236

	 A0A009IFL2	[0, 119, 0, 19, -1, 0, 0, 0]

 ### Operon type: 237

	 A0A009ZDS1	[-1, -1, 0, 119, 0, 0, 310, 0, 0]

 ### Operon type: 238

	 A0A009NPS1	[0, 399, 398, 397, 396, -1, 0, 0, 0]
	 A0A010IZH1	[-1, 399, 398, 397, 396, 570, 0, 0, 0]
	 A0A009HJM0	[0, 399, 398, 397, 396, 570, 0, 0, 0]

 ### Operon type: 239

	 A0A009HUS9	[399, 398, 0, 0, 0, 0, -1, 0, 0]

 ### Operon type: 240

	 A0A009HM15	[0, 66, 65, 0, 0, 0, -1, 0, 0]

 ### Operon type: 241

	 A0A009RQL5	[0, 0, 0, 0, 0, 0, 66, 65, 0]

 ### Operon type: 242

	 A0A009IJ01	[0, 0, 0, 0, 0, 0, 66, 65, 64]

 ### Operon type: 243

	 A0A009NCH6	[0, 0, 0, 0, 0, 0, 0, 65, 64]

 ### Operon type: 244

	 A0A011UB51	[420, 0, 0, 0, 0, 0, 0, 0, 0]
	 A0A011UFH1	[0, 0, 0, 0, 0, 420, 0, 0, 0]

 ### Operon type: 245

	 A0A011V965	[0, -1, -1, 0, 28, 0, -1, -1, 0]
	 A0A011VHP2	[0, -1, -1, -1, 28, 0, 0, 0, 0]

 ### Operon type: 246

	 A0A010RVD0	[-1, 0, 0, -1, 0, 620, 620, 0, 14]

 ### Operon type: 247

	 A0A010T7Q5	[0, 14, 0, 0, 0, 0, -1, 0, 0]

 ### Operon type: 248

	 A0A010SNM6	[0, 0, -1, 0, 0, 0, 562, 0, 0]
	 A0A010SRR2	[0, 0, -1, 0, 0, 0, 0, 0, 562]

 ### Operon type: 249

	 A0A010SJH7	[0, 0, 562, -1, 0, 0, 114, 0, 0]

 ### Operon type: 250

	 A0A011V107	[0, -1, 0, 0, 0, 0, 0, 0, 0]
	 A0A011UZ32	[0, 0, 0, 0, 0, -1, 0, 0, 0]
	 A0A011UZ49	[0, -1, 0, 0, 0, 0, 0, 0, 0]
	 A0A011U7M7	[0, 0, -1, 0, 0, 0, 0, 0, 0]
	 A0A009PH57	[0, 0, -1, 0, 0, 0, 0, 0, 0]
	 A0A009QDV7	[-1, 0, 0, 0, 0, 0, 0, 0, 0]
	 A0A009H6M2	[-1, 0, 0, 0, 0, 0, 0, 0, 0]
	 A0A009RG92	[-1, 0, 0, 0, 0, 0, 0, 0, 0]
	 A0A009N9Z1	[-1, 0, 0, 0, 0, 0, 0, 0, 0]
	 A0A009IHQ3	[-1, 0, 0, 0, 0, 0, 0, 0, 0]
	 A0A010JDA6	[-1, 0, 0, 0, 0, 0, 0, 0, 0]
	 A0A010RKP8	[0, 0, 0, 0, 0, 0, -1, 0, 0]
	 A0A010RY47	[-1, 0, -1, 0, 0, 0, 0, 0, 0]
	 A0A009HJU6	[0, 0, 0, 0, 0, 0, 0, 0, -1]
	 A0A010TF14	[-1, 0, 0, 0, 0, 0, 0, 0, 0]
	 A0A009TG92	[0, 0, -1, 0, 0, 0, 0, 0, 0]

 ### Operon type: 251

	 A0A010SJF9	[0, 0, 0, 0, 0, -1, 0, 117, -1]

 ### Operon type: 252

	 A0A010T5D8	[0, 0, 0, -1, 0, -1, 383, 0, 0]

 ### Operon type: 253

	 A0A011ML54	[0, 0, 0, 694, 0, 0, 0, 0, -1]

 ### Operon type: 254

	 A0A011NHY1	[0, 0, 0, 0, 0, 562, 0, 0, 0]

 ### Operon type: 255

	 A0A010Z171	[0, 0, 0, 0, 0, 0, 562, 0, 500]

 ### Operon type: 256

	 A0A010ZX98	[0, 0, 0, 0, 0, 9, 562, 562, 0]

 ### Operon type: 257

	 A0A010YRE8	[0, 0, 0, 0, 0, 0, 0, 9, 0]

 ### Operon type: 258

	 A0A011AF05	[0, 0, 23, 9, 0, 0, 0, 0, 0]

 ### Operon type: 259

	 A0A011SQL0	[479, 0, -1, 0, 0, 0, 0, 0, 0]

 ### Operon type: 260

	 A0A009ZC82	[0, 0, 479, 0, 0, 0, 0, 0, 0]

 ### Operon type: 261

	 A0A011P3F6	[480, 0, 0, 479, 0, 0, 0, 0, 0]

 ### Operon type: 262

	 A0A011T697	[562, 0, 0, 0, 0, 0, 0, 0, 210]

 ### Operon type: 263

	 A0A011TDD1	[0, 215, 562, 0, 0, 0, 0, 0, 0]

 ### Operon type: 264

	 A0A011VW24	[0, 0, 679, 0, 0, 0, 0, 0, -1]

 ### Operon type: 265

	 A0A011T8V3	[0, 0, 679, 0, 0, 0, 0, 0, 0]

 ### Operon type: 266

	 A0A010TH98	[460, 0, 0, 679, 0, 0, 0, 0, 0]

 ### Operon type: 267

	 A0A011QVR3	[0, 0, 0, 0, 0, 0, 0, 655, 679]

 ### Operon type: 268

	 A0A011RM25	[0, 0, 0, 0, 0, 679, 0, 678, 0]

 ### Operon type: 269

	 A0A011VXC2	[-1, 424, 0, 0, 0, 0, 0, 0, 0]

 ### Operon type: 270

	 A0A011VYF1	[679, 0, 0, 0, 0, 0, 420, 0, 0]

 ### Operon type: 271

	 A0A010S415	[-1, 679, 0, 113, 0, 0, 0, 0, 299]

 ### Operon type: 272

	 A0A011SGD5	[0, 0, 0, 0, 0, 0, 0, 0, 0]
	 A0A011N2Z0	[0, 0, 0, 0, 0, 0, 0, 0, 0]
	 A0A011N3C3	[0, 0, 0, 0, 0, 0, 0, 0, 0]
	 A0A011N4G4	[0, 0, 0, 0, 0, 0, 0, 0, 0]
	 A0A011PBM9	[0, 0, 0, 0, 0, 0, 0, 0, 0]
	 A0A011QSN2	[0, 0, 0, 0, 0, 0, 0, 0, 0]
	 A0A011Q1B3	[0, 0, 0, 0, 0, 0, 0, 0, 0]
	 A0A011QMJ8	[0, 0, 0, 0, 0, 0, 0, 0, 0]
	 A0A011QVV5	[0, 0, 0, 0, 0, 0, 0, 0, 0]
	 A0A011PKU5	[0, 0, 0, 0, 0, 0, 0, 0, 0]
	 A0A011PJK8	[0, 0, 0, 0, 0, 0, 0, 0, 0]
	 A0A011PNN2	[0, 0, 0, 0, 0, 0, 0, 0, 0]
	 A0A011NTU3	[0, 0, 0, 0, 0, 0, 0, 0, 0]
	 A0A011WKI4	[0, 0, 0, 0, 0, 0, 0, 0, 0]
	 A0A011P4U7	[0, 0, 0, 0, 0, 0, 0, 0, 0]
	 A0A011NAJ1	[0, 0, 0, 0, 0, 0, 0, 0, 0]
	 A0A011NAY5	[0, 0, 0, 0, 0, 0, 0, 0, 0]
	 A0A011NDM5	[0, 0, 0, 0, 0, 0, 0, 0, 0]
	 A0A011VZG0	[0, 0, 0, 0, 0, 0, 0, 0, 0]
	 A0A011VW71	[0, 0, 0, 0, 0, 0, 0, 0, 0]
	 A0A011P9Z5	[0, 0, 0, 0, 0, 0, 0, 0, 0]
	 A0A011Q056	[0, 0, 0, 0, 0, 0, 0, 0, 0]
	 A0A011VYF6	[0, 0, 0, 0, 0, 0, 0, 0, 0]
	 A0A011NMI8	[0, 0, 0, 0, 0, 0, 0, 0, 0]
	 A0A011UTJ0	[0, 0, 0, 0, 0, 0, 0, 0, 0]
	 A0A010ZTI3	[0, 0, 0, 0, 0, 0, 0, 0, 0]
	 A0A013TPV4	[0, 0, 0, 0, 0, 0, 0, 0, 0]
	 A0A011UWH1	[0, 0, 0, 0, 0, 0, 0, 0, 0]
	 A0A013T8M5	[0, 0, 0, 0, 0, 0, 0, 0, 0]
	 A0A011TWN2	[0, 0, 0, 0, 0, 0, 0, 0, 0]
	 A0A013SBR8	[0, 0, 0, 0, 0, 0, 0, 0, 0]
	 A0A009HBT3	[0, 0, 0, 0, 0, 0, 0, 0, 0]
	 A0A009IRJ6	[0, 0, 0, 0, 0, 0, 0, 0, 0]
	 A0A011VWR4	[0, 0, 0, 0, 0, 0, 0, 0, 0]
	 A0A013SL47	[0, 0, 0, 0, 0, 0, 0, 0, 0]
	 A0A011WUT3	[0, 0, 0, 0, 0, 0, 0, 0, 0]
	 A0A011VSC9	[0, 0, 0, 0, 0, 0, 0, 0, 0]
	 A0A011VUV0	[0, 0, 0, 0, 0, 0, 0, 0, 0]
	 A0A013TEV4	[0, 0, 0, 0, 0, 0, 0, 0, 0]
	 A0A013S2B9	[0, 0, 0, 0, 0, 0, 0, 0, 0]
	 A0A009PG53	[0, 0, 0, 0, 0, 0, 0, 0, 0]
	 A0A011TLH0	[0, 0, 0, 0, 0, 0, 0, 0, 0]
	 A0A009PDV4	[0, 0, 0, 0, 0, 0, 0, 0, 0]
	 A0A011TAF9	[0, 0, 0, 0, 0, 0, 0, 0, 0]
	 A0A009M4K0	[0, 0, 0, 0, 0, 0, 0, 0, 0]
	 A0A009MGJ1	[0, 0, 0, 0, 0, 0, 0, 0, 0]
	 A0A009MGQ8	[0, 0, 0, 0, 0, 0, 0, 0, 0]
	 A0A011WSE5	[0, 0, 0, 0, 0, 0, 0, 0, 0]
	 A0A011UHL2	[0, 0, 0, 0, 0, 0, 0, 0, 0]
	 A0A011UBN9	[0, 0, 0, 0, 0, 0, 0, 0, 0]
	 A0A009I0I9	[0, 0, 0, 0, 0, 0, 0, 0, 0]
	 A0A009HTN9	[0, 0, 0, 0, 0, 0, 0, 0, 0]
	 A0A009HIL8	[0, 0, 0, 0, 0, 0, 0, 0, 0]
	 A0A011UFM5	[0, 0, 0, 0, 0, 0, 0, 0, 0]
	 A0A011UG71	[0, 0, 0, 0, 0, 0, 0, 0, 0]
	 A0A011UGX8	[0, 0, 0, 0, 0, 0, 0, 0, 0]
	 A0A010IPH1	[0, 0, 0, 0, 0, 0, 0, 0, 0]
	 A0A009RBQ2	[0, 0, 0, 0, 0, 0, 0, 0, 0]
	 A0A009QVK8	[0, 0, 0, 0, 0, 0, 0, 0, 0]
	 A0A009T1I8	[0, 0, 0, 0, 0, 0, 0, 0, 0]
	 A0A009PT82	[0, 0, 0, 0, 0, 0, 0, 0, 0]
	 A0A009NQA1	[0, 0, 0, 0, 0, 0, 0, 0, 0]
	 A0A009QQ47	[0, 0, 0, 0, 0, 0, 0, 0, 0]
	 A0A009MH90	[0, 0, 0, 0, 0, 0, 0, 0, 0]
	 A0A009Q3K7	[0, 0, 0, 0, 0, 0, 0, 0, 0]
	 A0A009N031	[0, 0, 0, 0, 0, 0, 0, 0, 0]
	 A0A009N123	[0, 0, 0, 0, 0, 0, 0, 0, 0]
	 A0A010IZE4	[0, 0, 0, 0, 0, 0, 0, 0, 0]
	 A0A009ISY0	[0, 0, 0, 0, 0, 0, 0, 0, 0]
	 A0A009MMM3	[0, 0, 0, 0, 0, 0, 0, 0, 0]
	 A0A009I463	[0, 0, 0, 0, 0, 0, 0, 0, 0]
	 A0A009RR21	[0, 0, 0, 0, 0, 0, 0, 0, 0]
	 A0A010SHY1	[0, 0, 0, 0, 0, 0, 0, 0, 0]
	 A0A009SWU0	[0, 0, 0, 0, 0, 0, 0, 0, 0]
	 A0A009PAG1	[0, 0, 0, 0, 0, 0, 0, 0, 0]
	 A0A011V8Y9	[0, 0, 0, 0, 0, 0, 0, 0, 0]
	 A0A011VMV7	[0, 0, 0, 0, 0, 0, 0, 0, 0]
	 A0A011VNE2	[0, 0, 0, 0, 0, 0, 0, 0, 0]
	 A0A009SHB3	[0, 0, 0, 0, 0, 0, 0, 0, 0]
	 A0A009SIF9	[0, 0, 0, 0, 0, 0, 0, 0, 0]
	 A0A009SCM5	[0, 0, 0, 0, 0, 0, 0, 0, 0]
	 A0A009RHH7	[0, 0, 0, 0, 0, 0, 0, 0, 0]
	 A0A009RMD0	[0, 0, 0, 0, 0, 0, 0, 0, 0]
	 A0A010ZJQ6	[0, 0, 0, 0, 0, 0, 0, 0, 0]
	 A0A009HL81	[0, 0, 0, 0, 0, 0, 0, 0, 0]
	 A0A009R2X0	[0, 0, 0, 0, 0, 0, 0, 0, 0]
	 A0A009R4N4	[0, 0, 0, 0, 0, 0, 0, 0, 0]
	 A0A010YJA7	[0, 0, 0, 0, 0, 0, 0, 0, 0]
	 A0A010SPJ7	[0, 0, 0, 0, 0, 0, 0, 0, 0]
	 A0A010SSQ8	[0, 0, 0, 0, 0, 0, 0, 0, 0]
	 A0A010T025	[0, 0, 0, 0, 0, 0, 0, 0, 0]
	 A0A011A146	[0, 0, 0, 0, 0, 0, 0, 0, 0]
	 A0A011AIL7	[0, 0, 0, 0, 0, 0, 0, 0, 0]
	 A0A010YZS8	[0, 0, 0, 0, 0, 0, 0, 0, 0]
	 A0A010Z120	[0, 0, 0, 0, 0, 0, 0, 0, 0]
	 A0A009T3J5	[0, 0, 0, 0, 0, 0, 0, 0, 0]

 ### Operon type: 273

	 A0A010TG27	[690, 0, 42, 0, 0, 0, 570, 0, 0]

 ### Operon type: 274

	 A0A011PMK1	[0, 0, 0, 0, 0, 0, 0, 690, 0]

 ### Operon type: 275

	 A0A009HRU1	[0, 187, 0, 0, 0, 0, 0, 0, 0]

 ### Operon type: 276

	 A0A009HSN8	[0, 106, 0, 0, 0, -1, 0, 199, -1]

 ### Operon type: 277

	 A0A009HV82	[327, 0, 0, 0, 0, 0, 0, 0, 0]

 ### Operon type: 278

	 A0A009IG74	[0, 0, 88, 0, 374, -1, 0, 0, 0]

 ### Operon type: 279

	 A0A009IJ90	[0, 69, 0, 0, 0, 0, 0, 0, 0]

 ### Operon type: 280

	 A0A009ISE1	[390, 0, 529, 0, 0, -1, 0, 0, 0]

 ### Operon type: 281

	 A0A009NM94	[0, 717, 717, 0, 0, 0, 215, 0, 0]

 ### Operon type: 282

	 A0A009Q4N5	[0, 0, 104, 0, 0, 0, 0, 0, 0]

 ### Operon type: 283

	 A0A009SSZ9	[0, 46, 0, 0, 0, 0, 0, 0, 0]

 ### Operon type: 284

	 A0A009TBM2	[0, 0, 0, 0, 0, 0, 0, 0, 272]

 ### Operon type: 285

	 A0A009Q8S9	[0, 0, 480, 272, 0, 413, 0, 0, 0]

 ### Operon type: 286

	 A0A009YIH1	[0, 0, 0, 0, 67, 0, -1, -1, 2]

 ### Operon type: 287

	 A0A009YR05	[0, 0, 0, 0, 25, 0, 0, 0, 0]

 ### Operon type: 288

	 A0A009Z004	[93, 0, 93, 0, 0, 500, 0, 0, 0]

 ### Operon type: 289

	 A0A010IGH8	[0, 0, 0, 0, 0, 0, 0, 285, 0]

 ### Operon type: 290

	 A0A010JIN9	[308, 0, 0, 60, 317, 0, 0, 0, 0]

 ### Operon type: 291

	 A0A010RS09	[0, 0, 0, 0, 34, 0, 693, 693, 0]

 ### Operon type: 292

	 A0A010RUQ5	[0, 0, 0, 0, 0, 0, 0, 0, 249]

 ### Operon type: 293

	 A0A010S195	[479, 0, 48, 47, 0, 0, 0, 0, 0]

 ### Operon type: 294

	 A0A010SCZ2	[0, 0, 0, 0, 0, 0, 0, 173, 0]

 ### Operon type: 295

	 A0A010SN41	[0, 0, 0, 0, 283, 0, 0, 0, 0]

 ### Operon type: 296

	 A0A010SSU2	[0, 0, 0, 0, 185, 0, -1, 464, 0]

 ### Operon type: 297

	 A0A010SUP6	[0, 0, 0, 0, 0, 0, 0, 47, 0]

 ### Operon type: 298

	 A0A010SUY9	[0, 0, 0, 0, 0, 509, 637, 0]

 ### Operon type: 299

	 A0A010THK2	[0, 0, -1, 0, 0, 693, 500, 0, 0]

 ### Operon type: 300

	 A0A010SRL4	[42, 0, 0, -1, 0, 0, 0, 500, 315]

 ### Operon type: 301

	 A0A010YF95	[707, 0, 0, 0, 0, 0, 0, 0, 0]

 ### Operon type: 302

	 A0A010YT39	[0, 689, 0, 0, 0, 0, 0, 0, 0]

 ### Operon type: 303

	 A0A010YX61	[329, 582, 0, 679, 0, 0, 0, 0, 0]

 ### Operon type: 304

	 A0A010ZWJ8	[0, 0, 0, 0, 0, 465, 0, 0, 0]

 ### Operon type: 305

	 A0A009ZVR4	[722, 0, 582, 0, 0, 24, 0, 0, 0]

 ### Operon type: 306

	 A0A011AHW1	[0, 0, 0, 0, 0, 0, 0, 4, 0]

 ### Operon type: 307

	 A0A011NE37	[448, 0, 0, 0, 0, 0, 0, 0, 0]

 ### Operon type: 308

	 A0A011NF78	[0, 0, 627, 0, 0, 0, 0, 0, 0]

 ### Operon type: 309

	 A0A011NVE2	[0, 0, 0, 650, 0, 0, 562, 0, 497]

 ### Operon type: 310

	 A0A011NXJ4	[0, 0, 0, 0, 0, 0, 0, 0, 597]

 ### Operon type: 311

	 A0A011P8I1	[0, 0, 580, 582, 0, 0, 0, 0, 465]

 ### Operon type: 312

	 A0A011P9Q7	[462, 0, 0, 0, 0, 0, 0, 0, 0]

 ### Operon type: 313

	 A0A011PCT1	[0, 0, 0, 0, 0, 0, 0, 681, 0]

 ### Operon type: 314

	 A0A011PJ75	[0, 650, 482, 650, 0, 0, 0, 0, 0]

 ### Operon type: 315

	 A0A011PRB4	[0, 0, 0, 0, 0, 0, 0, 609, 0]

 ### Operon type: 316

	 A0A011Q5V7	[706, 0, 0, 0, 0, 0, 0, 0, 0]

 ### Operon type: 317

	 A0A011QU35	[0, 0, 0, 0, 664, 0, 0, 0, 0]

 ### Operon type: 318

	 A0A011QVT2	[654, 0, 0, 0, 0, 0, 0, 653, 0]

 ### Operon type: 319

	 A0A011RP14	[0, 0, 0, 0, 0, 0, 0, 724, 0]

 ### Operon type: 320

	 A0A011SM49	[562, 0, 724, 0, 0, 0, 450, 0, 0]

 ### Operon type: 321

	 A0A011AM27	[610, 0, 0, 0, 391, 0, 0, 0, 59]

 ### Operon type: 322

	 A0A011T607	[0, 0, 579, 0, 0, 0, 0, 0, 215]

 ### Operon type: 323

	 A0A010S5W8	[0, 0, 646, 579, 0, 0, 0, 0, 0]

 ### Operon type: 324

	 A0A011MSR2	[0, 0, 0, 646, 0, 0, 0, 645, 0]

 ### Operon type: 325

	 A0A010YYJ5	[0, 0, 0, 645, 0, 0, 0, 24, 24]

 ### Operon type: 326

	 A0A011TED9	[0, 0, 0, 0, 0, 213, 0, 0, 0]

 ### Operon type: 327

	 A0A011TXS5	[0, 449, 0, 0, 0, 0, 0, 0, 0]

 ### Operon type: 328

	 A0A011U144	[0, 249, 0, 0, 0, 0, 597, 428, 0]

 ### Operon type: 329

	 A0A011U1C8	[477, 0, 0, 0, 0, 0, 0, 0, 248]

 ### Operon type: 330

	 A0A011U483	[0, 0, 0, 0, 0, 476, 0, 0, 0]

 ### Operon type: 331

	 A0A011UDF3	[0, 0, 0, 0, 0, 352, 0, 0, 0]

 ### Operon type: 332

	 A0A011UG86	[0, 525, 0, 0, 0, 117, 0, 0, 0]

 ### Operon type: 333

	 A0A011UGY3	[0, 0, 0, 45, 0, 0, 0, 45, 0]

 ### Operon type: 334

	 A0A011UJN3	[0, 415, 0, 0, 0, 0, 0, 0, 0]

 ### Operon type: 335

	 A0A009INE0	[323, 0, 0, 0, 0, 0, 0, 482, 415]

 ### Operon type: 336

	 A0A011UQB5	[714, 471, 0, 0, 0, 0, 0, 420, 0]

 ### Operon type: 337

	 A0A011UVI5	[0, 0, 0, 0, 0, 373, 650, 650, 0]

 ### Operon type: 338

	 A0A011UWI3	[0, 0, 0, 0, 371, 0, 370, 479, 0]

 ### Operon type: 339

	 A0A011V5E6	[0, 0, 0, 0, 0, 234, 0, 0, 0]

 ### Operon type: 340

	 A0A011M4H6	[174, 0, 58, 0, 0, 0, 0, 0, 0]

 ### Operon type: 341

	 A0A011VSV3	[0, 0, 0, 0, 0, 0, 585, 0, 0]

 ### Operon type: 342

	 A0A011VWI0	[0, 0, 0, 0, 0, 468, 0, 0, 0]

 ### Operon type: 343

	 A0A011VZ91	[372, 0, 0, 0, 0, 0, 0, 0, 0]

 ### Operon type: 344

	 A0A011W213	[0, 0, 0, 0, 0, 498, 0, 0, 0]

 ### Operon type: 345

	 A0A011WP76	[0, 0, 0, 0, 0, 0, 0, 0, 657]

 ### Operon type: 346

	 A0A011WSD4	[0, 0, 0, -1, 0, 645, 0, 0, 469]

 ### Operon type: 347

	 A0A011VZF5	[0, 0, 293, 292, 0, 645, 469, 645, 0]

 ### Operon type: 348

	 A0A011WSU6	[0, 645, 0, 0, 284, 0, 0, 0, 0]

 ### Operon type: 349

	 A0A013S843	[0, 395, 0, 0, 0, 0, -1, 224, 0]

 ### Operon type: 350

	 A0A013S981	[343, 0, 0, 0, 0, 0, 0, 0, 0]

 ### Operon type: 351

	 A0A013T337	[0, 0, 0, 0, 0, 0, 0, 0, 362]

 ### Operon type: 352

	 A0A013T5E6	[0, 0, 0, 361, 0, 0, 0, 0, 0]

 ### Operon type: 353

	 A0A013SGL3	[389, 330, 329, 328, 388, 547, 387, 477, 386]
	 A0A010KAV2	[389, 0, 0, 328, 388, 547, 387, 477, 386]
	 A0A009NE81	[389, 330, 329, 328, 388, 547, 387, 477, 386]
	 A0A009RQH3	[389, 0, 0, 328, 388, 547, 387, 477, 386]
	 A0A009I5Z6	[389, 0, 329, 328, 388, 547, 387, 477, 386]

 ### Operon type: 354

	 A0A013TB41	[389, -1, 0, 0, 388, 547, 387, 477, 386]

 ### Operon type: 355

	 A0A009H3X4	[389, 0, 0, 0, 388, 547, -1, 693, -1]

 ### Operon type: 356

	 A0A009YL68	[0, 0, 477, 389, 388, 0, 0, 120, 0]

 ### Operon type: 357

	 A0A009T9H0	[0, 2, 480, -1, 0, 0, 186, 0, 187]

 ### Operon type: 358

	 A0A010THH5	[0, 53, 119, 373, 0, 0, 712, 0, 310]

 ### Operon type: 359

	 A0A011VZE3	[0, 0, 0, 570, 294, 0, 0, 0, 0]
	 A0A011WSH8	[0, 0, 0, 570, 294, 0, 0, 0, 0]

 ### Operon type: 360

	 A0A011NAF3	[0, 0, 0, 0, 0, 0, 570, 0, 697]

 ### Operon type: 361

	 A0A009IQ93	[316, 0, 570, 0, 0, 315, 0, 0, 0]

 ### Operon type: 362

	 A0A009TLU4	[0, 449, -1, 71, 0, 12, 0, -1, -1]

 ### Operon type: 363

	 A0A010JNG7	[312, 0, 0, 311, 0, 0, 0, 0, 0]

 ### Operon type: 364

	 A0A010S003	[492, 0, 0, 0, 0, 525, 525, 101, 0]

 ### Operon type: 365

	 A0A010SMN8	[0, -1, 18, 0, 512, 0, 0, 496, 0]

 ### Operon type: 366

	 A0A010SXS1	[0, 409, 0, 0, 0, 414, 0, 0, 653]

 ### Operon type: 367

	 A0A010T689	[59, -1, 712, 668, 0, 0, 0, 0, 0]

 ### Operon type: 368

	 A0A010TBB4	[0, 433, 0, 117, 0, 0, 0, 0, 477]

 ### Operon type: 369

	 A0A010YFK3	[0, 680, 0, 0, 0, 0, 265, 0, 248]

 ### Operon type: 370

	 A0A010YVY1	[8, 0, 8, 0, 0, 0, 0, 101, 0]

 ### Operon type: 371

	 A0A010Z7T4	[0, 0, 0, 0, 0, 0, 0, 139, 612]

 ### Operon type: 372

	 A0A010RRR9	[0, 0, 0, 0, 575, 0, 0, 56, 139]

 ### Operon type: 373

	 A0A010SIA7	[0, 0, 56, 52, 0, 0, 0, 0, 0]

 ### Operon type: 374

	 A0A010ZSZ2	[0, 410, 0, 427, 401, 0, 0, 0, 0]

 ### Operon type: 375

	 A0A010Z0Y7	[0, 0, 0, 0, 401, 113, 0, 0, 0]

 ### Operon type: 376

	 A0A010ZUR7	[175, 5, 0, 5, 0, 4, 101, 0, 0]

 ### Operon type: 377

	 A0A011A0M8	[0, 0, 500, 0, 19, 0, 0, 3, 3]

 ### Operon type: 378

	 A0A011NFL4	[0, 716, 0, 0, 691, 690, 0, 689, 0]

 ### Operon type: 379

	 A0A011P407	[0, 0, 478, 715, 0, 0, 477, 0, 476]

 ### Operon type: 380

	 A0A011QGT2	[570, 0, 0, 569, 568, 0, 0, 0, 0]

 ### Operon type: 381

	 A0A011QSA4	[630, 0, 629, 628, 0, 0, 0, 0, 627]

 ### Operon type: 382

	 A0A011T6J6	[0, 706, 0, 582, 0, 0, 209, 0, 208]

 ### Operon type: 383

	 A0A011TAL2	[0, 579, 0, 0, 0, 191, 0, 599, 0]

 ### Operon type: 384

	 A0A011TYT7	[0, 0, 0, 0, 0, 0, 419, 418, 418]

 ### Operon type: 385

	 A0A011TZG0	[500, 704, 0, 0, 0, 0, 0, 417, 0]

 ### Operon type: 386

	 A0A011Q6N5	[0, 0, 0, 0, 0, 0, 705, 704, 705]

 ### Operon type: 387

	 A0A011UII7	[0, 0, 0, 0, 0, 497, 416, 0, 0]

 ### Operon type: 388

	 A0A011UNT9	[413, 453, 0, 0, 0, 0, 0, 0, 0]

 ### Operon type: 389

	 A0A011SIS0	[0, 535, 454, 454, 0, 0, 0, 453, 0]

 ### Operon type: 390

	 A0A011UT49	[0, 410, 0, 0, 0, 0, 409, 408, 0]

 ### Operon type: 391

	 A0A011VU65	[266, 0, 0, 0, 0, 265, 0, 0, 0]

 ### Operon type: 392

	 A0A011VV03	[0, 175, 0, 0, 555, 174, 0, 0, 0]

 ### Operon type: 393

	 A0A011VVZ9	[0, 0, -1, 0, 0, 173, 172, 172, 452]

 ### Operon type: 394

	 A0A011VWX7	[653, 557, 0, 0, 0, 0, 0, 713, 0]

 ### Operon type: 395

	 A0A011VXK7	[717, 717, 0, 423, 0, 0, 0, 708, 0]

 ### Operon type: 396

	 A0A011W0I6	[291, 0, 0, 0, 0, 504, 0, 694, 0]

 ### Operon type: 397

	 A0A010YEF6	[0, 291, 0, 0, 0, 0, 0, 0, 17]

 ### Operon type: 398

	 A0A013SQH1	[0, 0, 0, 0, 283, 467, 0, 312, 475]

 ### Operon type: 399

	 A0A009LNU8	[280, 314, 368, 281, 0, 71, 0, 312, 0]

 ### Operon type: 400

	 A0A013SRG6	[282, 281, 368, 314, 0, 313, 0, 280, 412]

 ### Operon type: 401

	 A0A009IQU8	[0, 314, 0, 0, 0, 313, 412, 0, 0]

 ### Operon type: 402

	 A0A010K2K8	[368, 281, 282, 0, 0, 0, 0, -1, 312]

 ### Operon type: 403

	 A0A011NPR8	[0, 412, 0, 0, 0, 0, 411, 0, 0]

 ### Operon type: 404

	 A0A010SEA2	[710, 411, 53, 0, 0, 0, 0, 0, 0]

 ### Operon type: 405

	 A0A009ZIC0	[439, 438, 437, 436, 435, 513, 434, 433, 432]

 ### Operon type: 406

	 A0A009ZB47	[122, 121, 0, 0, 0, 645, 308, 0, 0]

 ### Operon type: 407

	 A0A010RM40	[342, 570, 455, 0, 0, 0, 0, -1, 545]

 ### Operon type: 408

	 A0A010RRQ6	[0, 58, 0, 0, 0, 512, 437, 57, 0]

 ### Operon type: 409

	 A0A010S423	[209, 0, 0, 0, 0, 0, 0, 370, 721]

 ### Operon type: 410

	 A0A010T0I7	[0, 0, 17, 0, 0, 580, 629, 570, 0]

 ### Operon type: 411

	 A0A011AHU9	[0, 0, 0, 0, 0, 0, 0, 6, 703]

 ### Operon type: 412

	 A0A010YY02	[0, 7, 0, 0, 7, 457, 431, 0, 6]

 ### Operon type: 413

	 A0A011NA78	[0, 546, 0, 0, 0, 620, 0, 0, 545]

 ### Operon type: 414

	 A0A011P8W7	[502, 478, 653, 0, 464, 0, 0, 0, 0]

 ### Operon type: 415

	 A0A011PG97	[496, 0, 0, 495, 0, 0, 0, 0, 0]

 ### Operon type: 416

	 A0A011PKT4	[0, 467, 0, 0, 0, 0, 466, 0, 0]

 ### Operon type: 417

	 A0A011PLB2	[0, 502, 0, 501, 0, 0, 0, 0, 0]

 ### Operon type: 418

	 A0A011R339	[0, 0, 0, 0, 0, 0, 189, 188, 0]

 ### Operon type: 419

	 A0A011SFE5	[0, 0, 0, 717, 0, 0, 716, 715, 714]

 ### Operon type: 420

	 A0A011SJT5	[0, 0, 0, 452, 451, 451, 451, 451, 451]

 ### Operon type: 421

	 A0A011TDQ5	[0, 0, 0, 0, 214, 505, 0, 0, 0]

 ### Operon type: 422

	 A0A011UG17	[216, 0, 295, 0, 118, 266, 0, 0, 0]

 ### Operon type: 423

	 A0A011V8Z7	[0, 0, 0, 0, 0, 30, 29, 0, 0]

 ### Operon type: 424

	 A0A011VT01	[0, 0, 268, 0, 0, 268, 0, 0, 267]

 ### Operon type: 425

	 A0A011VYP6	[0, 0, 0, 0, 0, 0, 295, 576, 0]

 ### Operon type: 426

	 A0A011V392	[424, 0, 609, 293, 292, 211, 0, 284, 212]

 ### Operon type: 427

	 A0A009Q0U9	[447, 446, 445, 0, 55, 54, -1, -1, 0]

 ### Operon type: 428

	 A0A010SRB2	[12, 11, 0, 0, 0, 11, 10, 0, 0]

 ### Operon type: 429

	 A0A011VJ76	[26, 26, 408, 689, 0, 570, 500, 0, 478]

 ### Operon type: 430

	 A0A013SKX6	[0, 0, 723, 0, 374, 374, 237, 236, 235]

 ### Operon type: 431

	 A0A010KA25	[308, 0, 712, 244, 171, 0, 0, 308, 399]

 ### Operon type: 432

	 A0A011WUA8	[532, 0, 0, 290, 0, 0, 0, 289, 289]

 ### Operon type: 433

	 A0A010S4X6	[0, 113, 455, 525, 381, 0, 605, 503, 693]

 ### Operon type: 434

	 A0A011U8C0	[0, 247, 246, 0, 369, 245, 0, 0, 0]
