
 ### Operon type: 1

	 A0A009QBR9	[448, 447, 446, 616, 445, 444, 443, 442, 441]
	 A0A010ILU3	[448, 447, 446, 616, 445, 444, 391, 443, 442]
	 A0A009QS71	[448, 447, 446, 616, 445, 444, 391, 443, 442]
	 A0A009MW50	[448, 447, 446, 616, 445, 444, 391, 443, 442]
	 A0A009I8S2	[448, 447, 446, 616, 445, 444, 443, 442, 441]
	 A0A009H3B0	[448, 447, 446, 616, 445, 444, 391, 443, 442]
	 A0A009TM70	[448, 447, 446, 616, 445, 444, 443, 442, 441]

 ### Operon type: 2

	 A0A013TH43	[609, 608, 663, 607, 606, 605, 604, 603, 602]
	 A0A009RAF0	[609, 608, 663, 607, 606, 605, 604, 603, 602]

 ### Operon type: 3

	 A0A011PVT3	[792, 699, 698, 697, 696, 695, 694, 693, 692]
	 A0A011R7V7	[792, 699, 698, 697, 696, 695, 694, 693, 692]
	 A0A011MET3	[792, 699, 698, 697, 696, 695, 694, 693, 692]

 ### Operon type: 4

	 A0A013SNJ8	[477, 335, 442, 334, 333, 526, 342, 332, 331]
	 A0A013RZW2	[477, 335, 442, 334, 333, 526, 342, 332, 331]
	 A0A009SIZ4	[477, 335, 442, 334, 333, 526, 342, 332, 331]
	 A0A009IV03	[477, 335, 442, 334, 333, 526, 342, 332, 331]
	 A0A009PH20	[477, 335, 442, 334, 333, 526, 342, 332, 331]
	 A0A009MMM3	[477, 335, 442, 334, 333, 526, 342, 332, 331]
	 A0A009HBT3	[477, 335, 442, 334, 333, 526, 342, 332, 331]
	 A0A010J9U3	[477, 335, 442, 334, 333, 526, 342, 332, 331]
	 A0A009RD69	[477, 335, 442, 334, 333, 526, 342, 332, 331]
	 A0A009YIZ0	[477, 335, 442, 334, 333, 526, 342, 332, 331]

 ### Operon type: 5

	 A0A009PH57	[153, 152, -1, 151, 150, 712, 149, 148, 147]
	 A0A009TG92	[153, 152, -1, 151, 150, 712, 149, 148, 147]

 ### Operon type: 6

	 A0A013SXT2	[530, 529, 528, 527, 526, 525, 524, 523, 522]
	 A0A013S288	[530, 529, 528, 527, 526, 525, 524, 523, 522]
	 A0A009I0I9	[530, 529, 528, 527, 526, 525, 524, 523, 522]
	 A0A009N031	[530, 529, 528, 527, 526, 525, 524, 523, 522]
	 A0A010J3I1	[530, 529, 528, 527, 526, 525, 524, 523, 522]
	 A0A009PWG1	[530, 529, 528, 527, 526, 525, 524, 523, 522]
	 A0A009R2X0	[530, 529, 528, 527, 526, 525, 524, 523, 522]
	 A0A009SFX8	[530, 529, 528, 527, 97, 526, 525, 524, 523]
	 A0A009TBM2	[529, 528, 527, 97, 526, 525, 524, 523, 522]

 ### Operon type: 7

	 A0A013T8M5	[624, 766, 623, 622, 621, 620, 619, 618, 617]
	 A0A013SZ54	[624, 766, 623, 622, 621, 620, 619, 618, 617]
	 A0A010IMP8	[624, 766, 623, 622, 621, 620, 619, 618, 617]
	 A0A009SWU0	[624, 766, 623, 622, 621, 620, 619, 618, 617]
	 A0A009IRJ6	[624, 766, 623, 622, 621, 620, 619, 618, 617]
	 A0A009N123	[624, 766, 623, 622, 621, 620, 619, 618, 617]
	 A0A009H7U0	[624, 766, 623, 622, 621, 620, 619, 618, 617]
	 A0A009Q3K7	[624, 766, 623, 622, 621, 620, 619, 618, 617]
	 A0A009RBQ2	[624, 766, 623, 622, 621, 620, 619, 618, 617]
	 A0A009ZM43	[-1, 766, 623, 622, 621, 620, 619, 618, 617]

 ### Operon type: 8

	 A0A009QDV7	[-1, 440, 559, 439, 438, 562, 437, 436, 435]
	 A0A013RMD0	[-1, 440, 559, 439, 438, 562, 437, 436, 435]
	 A0A009RG92	[-1, 440, 559, 439, 438, 562, 437, 436, 435]
	 A0A009N9Z1	[-1, 440, 559, 439, 438, 562, 437, 436, 435]
	 A0A009H6M2	[-1, 440, 559, 439, 438, 562, 437, 436, 435]
	 A0A010JDA6	[-1, 440, 559, 439, 438, 562, 437, 436, 435]
	 A0A009S854	[-1, 440, 559, 439, 438, 562, 437, 436, 435]
	 A0A009IHQ3	[-1, 440, 559, 439, 438, 562, 437, 436, 435]
	 A0A009ZIC0	[122, 440, 559, 439, 438, 562, 437, 436, 435]

 ### Operon type: 9

	 A0A011V5V3	[0, 296, 295, 294, 293, 292, 291, 290, 289]
	 A0A011UIA1	[296, 295, 294, 293, 292, 291, 290, 289, 0]

 ### Operon type: 10

	 A0A011PTE7	[579, 578, 577, 576, 575, 0, 574, 573, 572]
	 A0A011NE72	[579, 578, 577, 576, 575, 574, 573, 572, 0]

 ### Operon type: 11

	 A0A010JWJ1	[222, 221, 691, 220, 219, 218, 217, 216, 215]
	 A0A009I4A1	[222, 221, 691, 220, 219, 218, 217, 216, 215]

 ### Operon type: 12

	 A0A009QF22	[210, 209, 222, 0, 219, 218, 217, 216, 215]
	 A0A009TBY8	[210, 209, 222, 220, 219, 218, 217, 216, 215]

 ### Operon type: 13

	 A0A011NEY3	[407, 759, 758, 757, 757, 756, 755, 754, 0]

 ### Operon type: 14

	 A0A011PAN4	[759, 758, 0, 757, 757, 756, 755, 754, 753]

 ### Operon type: 15

	 A0A011RCD5	[407, 759, 758, 757, 757, 756, 755, 754, 753]

 ### Operon type: 16

	 A0A011P4U7	[0, 781, 780, 779, 778, 777, 776, 775, 774]
	 A0A011NAY5	[781, 780, 779, 778, 777, 776, 775, 774, 0]

 ### Operon type: 17

	 A0A011PF67	[749, 748, 747, 746, 745, 0, 0, 0, 0]
	 A0A011NBX7	[749, 748, 747, 746, 745, 589, 0, 0, 0]
	 A0A011NW66	[749, 748, 747, 746, 745, 589, 0, 0, 0]

 ### Operon type: 18

	 A0A011NS68	[749, 748, 747, 746, 745, 665, 664, 670, 787]
	 A0A011RHX4	[749, 748, 747, 746, 745, 665, 664, 670, 0]

 ### Operon type: 19

	 A0A010YT39	[0, 668, 35, 558, 34, 33, 32, 31, 469]

 ### Operon type: 20

	 A0A010Z7T4	[35, 558, 34, 33, 32, 31, 469, 556, 582]

 ### Operon type: 21

	 A0A013SP43	[344, 343, 342, 341, 340, 339, 338, 337, 336]
	 A0A010K6G6	[344, 343, 342, 341, 340, 339, 338, 0, 336]
	 A0A009RUN3	[344, 343, 342, 341, 340, 339, 338, 337, 336]

 ### Operon type: 22

	 A0A011VWR4	[0, 0, 0, 0, 499, 498, 497, 496, 495]

 ### Operon type: 23

	 A0A011VYP6	[499, 498, 497, 496, 495, 0, 494, 697, 0]

 ### Operon type: 24

	 A0A011QAS2	[0, 812, 811, 810, 809, 808, 807, 806, 805]
	 A0A011NEQ1	[0, 812, 811, 810, 809, 808, 807, 806, 805]

 ### Operon type: 25

	 A0A010JSI3	[570, 569, 568, 567, 566, 565, 564, 563, 0]
	 A0A013T0M4	[570, 569, 568, 567, 566, 565, 564, 563, 0]
	 A0A009RGL2	[570, 569, 568, 567, 566, 565, 564, 563, 223]
	 A0A009HDS5	[570, 569, 568, 567, 566, 565, 564, 563, 223]

 ### Operon type: 26

	 A0A009SNL0	[117, 116, 470, 115, 114, 113, 112, 111, 110]

 ### Operon type: 27

	 A0A009T1I8	[470, 115, 114, 113, 112, 111, 110, 0, 0]

 ### Operon type: 28

	 A0A011VW71	[0, 303, 302, 301, 300, 299, 298, 660, 297]
	 A0A011VUV0	[303, 302, 301, 300, 299, 298, 660, 297, 0]

 ### Operon type: 29

	 A0A011UG71	[282, 281, 280, 288, 287, 286, 285, 284, 283]

 ### Operon type: 30

	 A0A011V8Z7	[0, 0, 282, 281, 280, 288, 287, 286, 285]

 ### Operon type: 31

	 A0A011V8Y9	[288, 287, 286, 285, 284, 283, 0, 0, 0]

 ### Operon type: 32

	 A0A011U8C0	[0, 286, 281, 0, 65, 284, 0, 0, 0]

 ### Operon type: 33

	 A0A011QSF0	[0, 869, 868, 867, 866, 865, 864, 863, 0]
	 A0A011QBB5	[743, 869, 868, 867, 866, 865, 864, 863, 717]
	 A0A011Q0X6	[743, 869, 868, 867, 866, 865, 864, 863, 717]
	 A0A011Q1X8	[869, 0, 868, 867, 866, 865, 864, 863, 717]

 ### Operon type: 34

	 A0A011PG87	[743, 869, 868, 867, 866, 865, 864, 0, 0]

 ### Operon type: 35

	 A0A011PCT1	[856, 855, 854, 0, 0, 0, 0, 752, 0]

 ### Operon type: 36

	 A0A011QU35	[0, 0, 0, 0, 857, 0, 856, 855, 854]

 ### Operon type: 37

	 A0A011Q2B1	[860, 773, 857, 772, 854, 704, 703, 702, 752]

 ### Operon type: 38

	 A0A011RLN8	[859, 858, 857, 772, 854, 704, 703, 702, 752]

 ### Operon type: 39

	 A0A011P700	[0, 0, 862, 861, 860, 773, 857, 772, 854]

 ### Operon type: 40

	 A0A011QSI4	[0, 0, 862, 861, 860, 0, 859, 858, 857]

 ### Operon type: 41

	 A0A013T337	[641, 640, 639, 638, 637, 836, 636, 839, 635]
	 A0A013TH30	[641, 640, 639, 638, 637, 836, 636, 839, 635]
	 A0A013S981	[312, 641, 640, 639, 638, 637, 836, 636, 839]

 ### Operon type: 42

	 A0A010JY00	[312, 641, 640, 639, 214, 836, 636, 839, 635]

 ### Operon type: 43

	 A0A009QQ47	[369, 368, 367, 366, 365, 364, 655, 691, 363]
	 A0A013TPV4	[369, 368, 367, 366, 365, 364, 655, 691, 363]
	 A0A009MGJ1	[369, 368, 367, 366, 365, 364, 655, 691, 363]
	 A0A010IZE4	[369, 368, 367, 366, 365, 364, 655, 691, 363]
	 A0A009SZB5	[369, 368, 367, 366, 365, 364, 655, 691, 363]
	 A0A009HL81	[369, 368, 367, 366, 365, 364, 655, 691, 363]
	 A0A009HR98	[369, 368, 367, 366, 365, 364, 655, 691, 363]

 ### Operon type: 44

	 A0A009Z8F7	[368, 367, 364, 0, 365, 5, 5, 0, 98]

 ### Operon type: 45

	 A0A009R016	[126, 125, 124, 123, 122, -1, 601, 121, 120]
	 A0A009HFU9	[126, 125, 124, 123, 122, 601, 121, 120, 0]

 ### Operon type: 46

	 A0A011UJN3	[0, 388, 0, 0, 487, 486, 485, 484, 483]

 ### Operon type: 47

	 A0A011W213	[487, 486, 485, 484, 483, 508, 0, 0, 0]

 ### Operon type: 48

	 A0A011QUG8	[853, 852, 851, 850, 849, 848, 0, 847, 846]
	 A0A011QIT1	[853, 852, 851, 850, 849, 848, 847, 846, 835]

 ### Operon type: 49

	 A0A011PP01	[585, 584, 583, 726, 727, 728, 729, 730, 731]
	 A0A011NVE7	[585, 584, 583, 726, 727, 728, 729, 730, 731]

 ### Operon type: 50

	 A0A011P2I4	[815, 733, 732, 731, 730, 729, 728, 727, 726]
	 A0A011N9N8	[815, 733, 732, 731, 730, 729, 728, 727, 726]

 ### Operon type: 51

	 A0A011PIY7	[701, 0, 732, 731, 730, 729, 728, 0, 726]

 ### Operon type: 52

	 A0A011Q3J4	[0, 701, 732, 731, 730, 729, 728, 727, 0]

 ### Operon type: 53

	 A0A011MH88	[674, 701, 732, 731, 730, 729, 728, 727, 726]

 ### Operon type: 54

	 A0A013SPM5	[633, 632, 631, 630, 629, 628, 627, 626, 625]
	 A0A009QFZ7	[633, 632, 631, 630, 629, 628, 627, 626, 625]
	 A0A009MH71	[633, 632, 631, 630, 629, 628, 627, 626, 625]
	 A0A010IX62	[633, 632, 631, 630, 629, 628, 627, 626, 625]
	 A0A009I6Z0	[633, 632, 631, 630, 629, 628, 627, 626, 625]
	 A0A009HSL1	[633, 632, 631, 630, 629, 628, 627, 626, 625]
	 A0A009TK03	[633, 632, 631, 630, 629, 628, 627, 626, 625]

 ### Operon type: 55

	 A0A009ZIX8	[0, 6, 631, 630, 629, 25, 0, 625, 0]

 ### Operon type: 56

	 A0A010JJN4	[405, 404, 403, 402, 401, 400, 399, 768, 593]
	 A0A013TPR7	[405, 404, 403, 402, 401, 400, 399, 768, 593]
	 A0A009PMT3	[405, 404, 403, 402, 401, 400, 399, 768, 593]
	 A0A009NI48	[405, 404, 403, 402, 401, 400, 399, 768, -1]
	 A0A009SEP4	[405, 404, 403, 402, 401, 0, 400, 399, 0]
	 A0A009RMI1	[405, 404, 403, 402, 401, 400, 399, 768, 0]
	 A0A009I8I7	[405, 404, 403, 402, 401, 400, 399, 768, 96]
	 A0A009HJJ5	[405, 404, 403, 402, 401, 400, 399, 768, 96]
	 A0A009YG45	[0, 405, 404, 403, 401, 0, 400, 399, 768]

 ### Operon type: 57

	 A0A013TPQ9	[354, 353, 352, 351, 350, 691, 722, 450, 594]
	 A0A013S8F0	[354, 353, 352, 351, 350, 691, 722, 450, 594]
	 A0A009PMU2	[354, 353, 352, -1, 350, 691, 722, 450, 594]
	 A0A010IZH1	[-1, 353, 352, 351, 350, 691, 722, 450, 594]
	 A0A009SZ84	[354, 353, 352, 351, 350, 691, 722, 450, 594]
	 A0A009HJM0	[354, 353, 352, 351, 350, 691, 722, 450, 594]

 ### Operon type: 58

	 A0A009HUS9	[353, 352, 0, 351, 350, 180, -1, 181, 182]

 ### Operon type: 59

	 A0A009ISE1	[400, 399, 768, 182, 181, -1, 180, 350, 351]

 ### Operon type: 60

	 A0A009NPS1	[354, 353, 352, 351, 350, -1, 768, 399, 400]

 ### Operon type: 61

	 A0A009QSI3	[360, 359, 358, 357, 356, 502, 501, 355, -1]
	 A0A013SB36	[360, 359, 358, 357, 356, 502, 501, 355, 311]

 ### Operon type: 62

	 A0A010ITP2	[360, 359, 358, 357, 356, 502, 501, 0, 0]

 ### Operon type: 63

	 A0A009SII9	[-1, 359, 358, 357, 356, 502, 501, 105, 104]

 ### Operon type: 64

	 A0A009T0Q9	[356, 502, 501, 105, 104, 311, 674, 691, 103]

 ### Operon type: 65

	 A0A009YJF4	[0, 502, 501, 53, 52, 674, 691, 0, 103]

 ### Operon type: 66

	 A0A009GP96	[0, 90, 691, 556, 213, 58, 601, 89, 88]

 ### Operon type: 67

	 A0A009GSR4	[556, 213, 58, 601, 89, 88, 88, 87, 0]

 ### Operon type: 68

	 A0A009IIT6	[90, 691, 556, 213, 89, 88, 88, 87, 0]

 ### Operon type: 69

	 A0A011SQL0	[786, 67, -1, 66, 65, 64, 534, 63, 62]
	 A0A011UZ49	[67, -1, 66, 65, 64, 534, 63, 62, 0]

 ### Operon type: 70

	 A0A009PT82	[733, 719, 141, 140, 202, 201, 200, 139, 138]
	 A0A009SIF9	[733, 719, 141, 140, 202, 201, 200, 139, 138]

 ### Operon type: 71

	 A0A009IS10	[183, 0, 0, 0, 202, 201, 200, 0, 0]

 ### Operon type: 72

	 A0A009QHW5	[0, 0, 0, 448, 202, 201, 200, 0, 199]

 ### Operon type: 73

	 A0A011UVB4	[0, 0, 0, 266, 0, 0, 183, 0, 297]

 ### Operon type: 74

	 A0A011V107	[76, -1, 320, 318, 321, 317, 75, 74, 0]
	 A0A011U7M7	[0, 76, -1, 320, 318, 321, 317, 75, 74]

 ### Operon type: 75

	 A0A011TLH0	[322, 321, 320, 319, 318, 317, 0, 0, 0]

 ### Operon type: 76

	 A0A011UG87	[423, 424, 425, 322, 321, 320, 319, 318, 317]

 ### Operon type: 77

	 A0A011TLH7	[425, 424, 423, 0, 0, 0, 0, 0, 0]

 ### Operon type: 78

	 A0A011TWN2	[422, 421, 420, 419, 418, 417, 416, 0, 0]
	 A0A011TAF9	[0, 0, 422, 421, 420, 419, 418, 417, 416]

 ### Operon type: 79

	 A0A011Q5V7	[830, 0, 0, 0, 829, 828, 827, 826, 825]

 ### Operon type: 80

	 A0A011RM25	[829, 828, 827, 826, 825, 844, 0, 663, 0]

 ### Operon type: 81

	 A0A011QDV3	[725, 724, 723, 722, 721, 720, 719, 0, 718]
	 A0A011QIE8	[725, 724, 723, 722, 721, 720, 718, 0, 0]

 ### Operon type: 82

	 A0A011QAB0	[819, 818, 817, 0, 816, 815, 814, 813, 0]
	 A0A011PL71	[513, 819, 818, 817, 816, 815, 814, 813, 0]

 ### Operon type: 83

	 A0A011Q6N5	[824, 823, 822, 0, 0, 0, 821, 820, 821]

 ### Operon type: 84

	 A0A011SGD5	[0, 0, 0, 0, 0, 0, 824, 823, 822]

 ### Operon type: 85

	 A0A011NYU6	[714, 713, 0, 712, 711, 27, 26, 0, 710]

 ### Operon type: 86

	 A0A011PYI6	[714, 713, 0, 712, 711, 710, 709, 784, 0]

 ### Operon type: 87

	 A0A011P1C0	[0, 0, 27, 26, 710, 0, 0, 0, 0]

 ### Operon type: 88

	 A0A011PKU5	[519, 518, 517, 516, 517, 515, 514, 0, 0]
	 A0A011N4G4	[0, 0, 519, 518, 517, 516, 517, 515, 514]

 ### Operon type: 89

	 A0A010ZWJ8	[21, 20, 19, 582, 18, 765, 410, 765, 17]

 ### Operon type: 90

	 A0A011AHW1	[18, 582, 19, 20, 21, 0, 0, 22, 0]

 ### Operon type: 91

	 A0A011AHU9	[410, 765, 17, 0, 0, 0, 0, 9, 674]

 ### Operon type: 92

	 A0A010ZX98	[16, 15, 14, 13, 12, 11, 722, 722, 0]

 ### Operon type: 93

	 A0A011AIL7	[12, 13, 14, 15, 16, 0, 0, 0, 0]

 ### Operon type: 94

	 A0A010YF95	[831, 40, 847, 39, 38, 38, 37, 59, 36]

 ### Operon type: 95

	 A0A010ZJQ6	[40, 847, 39, 38, 38, 37, 59, 36, 0]

 ### Operon type: 96

	 A0A009GXL8	[56, 55, 54, 53, 52, 220, 132, 198, 197]

 ### Operon type: 97

	 A0A010JIW7	[56, 55, 54, 53, 52, 0, 0, 132, 198]

 ### Operon type: 98

	 A0A011QNA5	[0, 685, 684, 683, 0, 682, 681, 680, 679]
	 A0A009ZLJ7	[679, 680, 681, 682, 0, 0, 685, 684, 683]

 ### Operon type: 99

	 A0A013T0T6	[682, 681, 680, 679, 646, 645, 644, 643, 642]
	 A0A009QMH5	[682, 681, 680, 679, 646, 645, 644, 643, 642]
	 A0A009ISY0	[682, 681, 680, 679, 646, 179, 644, 643, 642]
	 A0A009PE10	[682, 681, 680, 679, 646, 179, 644, 643, -1]
	 A0A009HAX1	[682, 681, 680, 679, 646, 645, 644, 643, 642]
	 A0A009RMD0	[682, 681, 680, 679, 646, 179, 644, 643, 642]

 ### Operon type: 100

	 A0A010ILW6	[682, 681, 680, 679, 646, 645, 0, 0, 643]

 ### Operon type: 101

	 A0A009Z9X7	[681, 680, 679, 0, 646, 0, 843, 0, 643]

 ### Operon type: 102

	 A0A013S8V2	[315, 314, 0, 0, 0, 313, 0, 0, 0]
	 A0A009R8E1	[0, 119, 0, 315, 314, 0, 0, 313, 0]

 ### Operon type: 103

	 A0A009ICH6	[477, 195, 194, 193, 214, 95, 94, 93, 839]
	 A0A009ZFR5	[477, 195, 194, 193, 214, 95, 94, 93, 839]

 ### Operon type: 104

	 A0A009NQA1	[477, 195, 194, 193, 192, 191, 639, 839, 836]
	 A0A009RR21	[477, 195, 194, 193, 192, 191, 639, 839, 836]

 ### Operon type: 105

	 A0A009HTN9	[477, 195, 194, 193, 192, 191, 29, 793, 28]
	 A0A009T3J5	[477, 195, 194, 193, 192, 191, 29, 793, 28]

 ### Operon type: 106

	 A0A009Q0U9	[477, 195, 194, 193, 192, 191, -1, -1, 0]

 ### Operon type: 107

	 A0A009QEG7	[434, 433, 432, 431, 430, 429, 428, 427, 426]
	 A0A009IPC3	[434, 433, 432, 431, 430, 429, 428, 427, 426]

 ### Operon type: 108

	 A0A009I573	[254, 0, 166, 167, 0, 168, 430, 431, 432]

 ### Operon type: 109

	 A0A009ILP9	[427, 0, 432, 431, 430, 168, 426, 167, 166]

 ### Operon type: 110

	 A0A009I953	[427, 0, 432, 431, 430, 168, 426, 0, -1]

 ### Operon type: 111

	 A0A009SX74	[741, 787, 0, 167, 426, 427, 433, 434, 118]

 ### Operon type: 112

	 A0A010IPH1	[387, 386, 592, 385, 384, 383, 382, 381, 380]
	 A0A009MMG9	[387, 386, 592, 385, 384, 383, 382, 381, 380]
	 A0A009QVK8	[387, 386, 592, 385, 384, 383, 382, 381, 380]
	 A0A009ICP5	[387, 386, 592, 385, 384, 383, 382, 381, 380]

 ### Operon type: 113

	 A0A009SIV4	[270, 269, 268, 267, 384, 383, 382, 381, 380]
	 A0A009QLL2	[270, 269, 268, 267, 384, 383, 382, 381, 380]
	 A0A009HTW0	[270, 269, 268, 267, 384, 383, 382, 381, 380]
	 A0A013TSJ4	[269, 268, 0, 267, 384, 383, 382, 381, 380]

 ### Operon type: 114

	 A0A013TCN9	[616, 615, 614, 613, 612, 611, 610, 691, 722]
	 A0A009QNC9	[616, 615, 614, 613, 612, 611, 610, 691, 722]
	 A0A010ITG1	[616, 615, 614, 613, 612, 611, 610, 691, 722]
	 A0A009NIJ3	[616, 615, 614, 613, 612, 611, 610, 691, 722]
	 A0A013TRC1	[616, 615, 614, 613, 612, 611, 610, 691, 722]

 ### Operon type: 115

	 A0A009H935	[0, 0, 614, 613, 612, 611, 610, 691, 722]

 ### Operon type: 116

	 A0A009QEX0	[379, 378, 377, 376, 375, 212, 212, 784, 211]
	 A0A009IMX3	[379, 378, 377, 376, 375, 212, 212, 784, 211]
	 A0A009SF48	[379, 378, 377, 376, 375, -1, 212, 784, 211]

 ### Operon type: 117

	 A0A010ISX2	[379, 378, 377, 376, 375, 374, 477, 373, 372]
	 A0A013S7V1	[379, 378, 377, 376, 375, 374, 477, 373, 372]
	 A0A009RES7	[379, 378, 377, 376, 375, 374, 477, 373, 372]
	 A0A009MR00	[379, 378, 377, 376, 375, 374, 477, 373, 372]

 ### Operon type: 118

	 A0A009YTT3	[3, 122, 377, 376, 375, 374, 477, 373, 372]

 ### Operon type: 119

	 A0A009GYP9	[0, 0, 0, 376, 375, 374, 477, 373, 372]

 ### Operon type: 120

	 A0A009ZZC8	[-1, 116, 117, 3, 122, 377, 376, 375, 374]

 ### Operon type: 121

	 A0A011WSE5	[549, 548, 547, 546, 545, 544, 543, 542, 541]
	 A0A011UGX8	[305, 549, 548, 547, 546, 545, 544, 543, 542]

 ### Operon type: 122

	 A0A011VZG0	[466, 0, 305, 549, 548, 547, 546, 545, 544]

 ### Operon type: 123

	 A0A009SJZ7	[266, 265, 264, 263, 262, 261, 260, 259, 258]
	 A0A009PJF7	[265, 264, 264, 263, 262, 261, 260, 259, 258]

 ### Operon type: 124

	 A0A009Z5G0	[261, 263, 264, 0, 550, 265, 266, 330]

 ### Operon type: 125

	 A0A010JJC1	[647, 398, 397, 396, 395, 394, 393, 406, 392]
	 A0A010IZ41	[398, 397, 396, 395, 394, 393, 406, 392, 342]

 ### Operon type: 126

	 A0A009QJL6	[647, 398, 397, 396, 0, 392, 342, 196, 0]

 ### Operon type: 127

	 A0A013TB41	[349, -1, 348, 347, 346, 733, 386, 783, 345]
	 A0A013SGL3	[349, 310, 348, 347, 346, 733, 386, 783, 345]
	 A0A010KAV2	[349, 310, 348, 347, 346, 733, 386, 783, 345]
	 A0A009PG53	[349, 310, 348, 347, 346, 733, 386, 783, 345]
	 A0A009NE81	[349, 310, 348, 347, 346, 733, 386, 783, 345]
	 A0A009RQH3	[349, 310, 348, 347, 346, 733, 386, 783, 345]
	 A0A009I5Z6	[349, 310, 348, 347, 346, 733, 386, 783, 345]
	 A0A009SHB3	[349, 310, 348, 347, 346, 733, 386, 783, 345]

 ### Operon type: 128

	 A0A009H3X4	[349, 310, 348, 347, 346, 733, -1, 672, -1]

 ### Operon type: 129

	 A0A009SLR5	[0, 0, 0, 257, 256, 255, 601, 691, 815]
	 A0A009PIB4	[0, 0, 0, 257, 256, 255, 601, 691, 815]

 ### Operon type: 130

	 A0A009HSU4	[0, 0, 512, 691, 0, 733, 783, 815, 601]

 ### Operon type: 131

	 A0A009I463	[656, 101, 100, 526, 526, 469, 468, 467, 134]
	 A0A009PAG1	[656, 101, 100, 526, 526, 469, 468, 467, 134]

 ### Operon type: 132

	 A0A013SKX6	[0, 0, 656, 0, 526, 526, 469, 468, 467]

 ### Operon type: 133

	 A0A011Q5S3	[835, 834, 0, 0, 0, 0, 833, 832, 831]

 ### Operon type: 134

	 A0A011UZZ4	[0, 833, 832, 0, 0, 0, 78, 78, 831]

 ### Operon type: 135

	 A0A011UTJ0	[0, 0, 0, 246, 245, 244, 776, 243, 242]

 ### Operon type: 136

	 A0A011VMV7	[246, 245, 244, 776, 243, 242, 241, 240, 239]

 ### Operon type: 137

	 A0A011NYT4	[771, 770, 769, 768, 0, 503, 503, 502, 501]

 ### Operon type: 138

	 A0A011P8E9	[0, 0, 771, 770, 0, 769, 768, 0, 0]

 ### Operon type: 139

	 A0A010TF34	[0, -1, 0, 0, 83, 82, 81, 80, 79]
	 A0A010SYH9	[83, 82, 81, 80, 79, 0, 0, 0, 0]

 ### Operon type: 140

	 A0A010S7A1	[276, 275, 274, 273, 0, 272, 0, 0, 0]
	 A0A010TFJ4	[0, -1, 0, 276, 275, 274, 273, -1, 272]

 ### Operon type: 141

	 A0A009PAV9	[162, -1, 592, 161, 526, 601, 160, 159, 158]
	 A0A009HJC2	[162, 722, 592, 161, 526, 601, 160, 159, 158]

 ### Operon type: 142

	 A0A009SE02	[0, 158, 0, 0, 0, 159, 160, 601, 526]

 ### Operon type: 143

	 A0A009RSB7	[783, 477, 760, 476, 154, 691, 691, 474, 473]
	 A0A009SYU8	[783, 477, 760, 476, 154, 691, 691, 474, 473]
	 A0A009HS41	[783, 477, 760, 476, 154, 691, 691, 474, 473]

 ### Operon type: 144

	 A0A013SHA9	[783, 477, 760, 476, 475, 691, 691, 474, 473]
	 A0A010IT25	[783, 477, 760, 476, 475, 691, 691, 474, 473]
	 A0A009I466	[783, 477, 760, 476, 475, 691, 691, 474, 473]

 ### Operon type: 145

	 A0A009NMQ9	[783, 477, 760, 476, 475, 0, 691, 691, 474]

 ### Operon type: 146

	 A0A009P8A9	[0, 0, 760, 476, 154, 691, 691, 474, 473]

 ### Operon type: 147

	 A0A009ITT8	[178, 177, 176, 229, 228, 175, 227, 226, 225]
	 A0A009NJ90	[178, 177, 176, 229, 228, 169, 175, 227, 226]

 ### Operon type: 148

	 A0A009NCH6	[173, 227, 226, 225, 172, 171, 170, 130, 127]
	 A0A009IJ01	[227, 226, 225, 224, 172, 171, 170, 130, 127]

 ### Operon type: 149

	 A0A009RQL5	[227, 226, 225, 131, 172, 171, 170, 130, 0]

 ### Operon type: 150

	 A0A009MGQ8	[228, 0, 173, 227, 226, 225, 172, 171, 170]

 ### Operon type: 151

	 A0A009IJ07	[232, 231, 230, 229, 228, 227, 226, 225, 224]
	 A0A009RHH7	[232, 231, 230, 229, 228, 169, 227, 226, 225]
	 A0A009S6G1	[232, 231, 230, 229, 228, 227, 226, 225, 172]

 ### Operon type: 152

	 A0A009HZK2	[230, 229, 228, 227, 226, 225, 224, 172, 171]

 ### Operon type: 153

	 A0A009R4N4	[229, 228, 169, 227, 226, 225, 131, 172, 171]

 ### Operon type: 154

	 A0A009S5A5	[228, 169, 175, 227, 226, 225, 224, 129, 172]

 ### Operon type: 155

	 A0A009RHH9	[0, 0, 0, 0, 106, 232, 231, 230, 229]

 ### Operon type: 156

	 A0A011PGU1	[0, 0, 740, 739, 738, 737, 736, 735, 734]
	 A0A011MDH1	[705, 0, 740, 739, 738, 737, 736, 735, 734]

 ### Operon type: 157

	 A0A011V0P4	[309, 77, 0, 0, 554, 0, 0, 479, 478]

 ### Operon type: 158

	 A0A011WPV7	[479, 478, 0, 0, 0, 0, 0, 0, 0]

 ### Operon type: 159

	 A0A011UDF3	[739, 233, 0, 0, 0, 415, 238, 237, 873]

 ### Operon type: 160

	 A0A011VSC9	[238, 237, 873, 0, 0, 0, 0, 0, 0]

 ### Operon type: 161

	 A0A011SF89	[653, 652, 651, 0, 0, 0, 0, 0, 0]

 ### Operon type: 162

	 A0A011UCX7	[0, 819, 653, 652, 0, 651, 164, 0, 0]

 ### Operon type: 163

	 A0A011RNP9	[0, 0, 0, 0, 0, 660, 814, 0, 0]

 ### Operon type: 164

	 A0A011V0B5	[656, 0, 0, 0, 0, 0, 660, 0, 0]

 ### Operon type: 165

	 A0A011RQC9	[0, 656, 655, 0, 0, 0, 0, 654, 0]

 ### Operon type: 166

	 A0A011QG28	[677, 676, 739, 0, 738, 737, 766, 675, 767]
	 A0A011RIM8	[677, 676, 0, 0, 738, 737, 766, 675, 767]

 ### Operon type: 167

	 A0A011PHI6	[791, 0, 790, 0, 0, 789, 850, 788, 0]

 ### Operon type: 168

	 A0A011QI68	[0, 0, 790, 789, 0, 0, 0, 0, 0]

 ### Operon type: 169

	 A0A011NVJ6	[506, 797, 796, 795, 794, 793, 0, 0, 505]

 ### Operon type: 170

	 A0A011PVP2	[0, 797, 796, 795, 794, 793, 0, 0, 792]

 ### Operon type: 171

	 A0A011NXY7	[0, 0, 796, 0, 794, 0, 0, 0, 0]

 ### Operon type: 172

	 A0A011QR69	[841, 840, 839, 838, 837, 836, 0, 0, 0]
	 A0A011NUB4	[841, 840, 839, 838, 837, 836, 0, 508, 0]

 ### Operon type: 173

	 A0A011NN36	[840, 839, 0, 0, 837, 836, 0, 0, 0]

 ### Operon type: 174

	 A0A011PK69	[839, 521, 0, 0, 837, 836, 0, 0, 0]

 ### Operon type: 175

	 A0A011RMI6	[803, 802, 686, 662, 661, 801, 800, 799, 798]
	 A0A011NYD6	[803, 802, 686, 662, 661, 801, 800, 799, 798]

 ### Operon type: 176

	 A0A011QB28	[804, 803, 802, 0, 0, 801, 800, 799, 798]

 ### Operon type: 177

	 A0A011NF33	[0, 801, 800, 0, 0, 0, 0, 0, 0]

 ### Operon type: 178

	 A0A011NBY4	[588, 0, 0, 587, 0, 0, 586, 0, 0]

 ### Operon type: 179

	 A0A011WRT0	[588, 0, 0, 0, 0, 0, 0, 784, 0]

 ### Operon type: 180

	 A0A011SHV5	[0, 0, 0, 0, 0, 648, 784, 647, 0]

 ### Operon type: 181

	 A0A011NB95	[0, 845, 0, 0, 0, 0, 592, 591, 590]

 ### Operon type: 182

	 A0A011UHT4	[196, 304, 591, 0, 0, 85, 85, 590, 0]

 ### Operon type: 183

	 A0A010Z1W7	[0, 0, 0, 0, 0, 185, 0, 307, 308]

 ### Operon type: 184

	 A0A011VY84	[0, 0, 308, 307, 0, 0, 0, 0, 0]

 ### Operon type: 185

	 A0A010YW85	[0, 0, 0, 0, 0, 461, 0, 307, 308]

 ### Operon type: 186

	 A0A010ZMA0	[307, 595, 0, 0, 0, 0, 0, 0, 0]

 ### Operon type: 187

	 A0A011N5L2	[0, 0, 0, 595, 0, 594, 593, 0, 0]

 ### Operon type: 188

	 A0A009MJ75	[0, 0, 134, 133, 189, 0, 0, 0, 556]

 ### Operon type: 189

	 A0A010IH51	[0, 380, 0, 0, 189, 0, 556, 0, 0]

 ### Operon type: 190

	 A0A011TYT7	[0, 0, 0, 0, 0, 0, 380, 60, 60]

 ### Operon type: 191

	 A0A010RRR9	[0, 0, 0, 0, 696, 0, 0, 557, 556]

 ### Operon type: 192

	 A0A010SIA7	[0, 0, 557, 273, 0, 0, 0, 0, 0]

 ### Operon type: 193

	 A0A010RFQ9	[0, 0, 562, 0, 561, 0, 0, 0, 0]

 ### Operon type: 194

	 A0A010SPR9	[47, 47, 0, 0, 0, 561, 0, 0, 0]

 ### Operon type: 195

	 A0A009LNU8	[531, 533, 534, 535, 0, 174, 0, 601, 0]

 ### Operon type: 196

	 A0A013SRG6	[536, 535, 534, 533, 0, 532, 0, 531, 667]

 ### Operon type: 197

	 A0A009IQU8	[0, 533, 0, 0, 0, 532, 667, 0, 0]

 ### Operon type: 198

	 A0A010K2K8	[534, 535, 536, 0, 0, 0, 0, -1, 601]

 ### Operon type: 199

	 A0A011NPR8	[0, 667, 0, 0, 0, 0, 666, 0, 0]

 ### Operon type: 200

	 A0A010SEA2	[834, 666, 271, 0, 0, 0, 0, 0, 0]

 ### Operon type: 201

	 A0A010IGH8	[0, 0, 0, 0, 0, 0, 0, 326, 474]

 ### Operon type: 202

	 A0A010STD3	[0, 0, 0, 414, 413, 412, 0, 474, 326]

 ### Operon type: 203

	 A0A010SQJ5	[316, 385, 0, 414, 413, 412, 0, 0, 0]

 ### Operon type: 204

	 A0A013RVV2	[616, 0, 328, 327, 0, 0, 474, 326, 0]

 ### Operon type: 205

	 A0A011TD67	[415, 0, 0, 414, 413, 412, 411, 0, 410]

 ### Operon type: 206

	 A0A009ZC12	[0, 0, 0, 414, 0, 412, 411, 4, 871]

 ### Operon type: 207

	 A0A009YSC7	[0, 0, 586, 1, 0, 1, 328, 327, 0]

 ### Operon type: 208

	 A0A009ZJK4	[0, 0, 0, 0, 0, 0, 477, 44, 0]

 ### Operon type: 209

	 A0A010SVN1	[-1, 44, 691, 449, 323, 0, 0, 477, 0]

 ### Operon type: 210

	 A0A009QGN4	[208, 207, 206, 205, 204, 203, 0, 0, 0]
	 A0A009PFK7	[208, 207, 206, 205, 204, 0, 0, 203, 0]

 ### Operon type: 211

	 A0A009YR20	[0, 203, 0, 0, 0, 0, 207, 0, 0]

 ### Operon type: 212

	 A0A009SCM5	[109, 108, 107, 0, 0, 0, 0, 0, 0]

 ### Operon type: 213

	 A0A009TJ77	[118, 128, 0, 0, 0, 0, 109, 108, 107]

 ### Operon type: 214

	 A0A009HZV2	[0, 0, 0, 0, 371, 370, 169, 0, 0]

 ### Operon type: 215

	 A0A009QPE7	[0, 0, 0, 0, 371, 370, 0, 0, 0]

 ### Operon type: 216

	 A0A009MGR3	[0, 0, 459, 0, 634, 129, 123, 458, 457]

 ### Operon type: 217

	 A0A009Q4G0	[0, 460, 459, 0, 634, 0, 458, 457, 458]

 ### Operon type: 218

	 A0A009PB53	[0, 0, 157, 156, 634, 458, 457, 458, 155]

 ### Operon type: 219

	 A0A009PUJ8	[0, 157, 156, 634, 0, 155, 132, 198, 197]

 ### Operon type: 220

	 A0A009QQC0	[362, 0, 361, 691, 471, 471, 451, 450, 449]
	 A0A009H7I0	[362, 0, 0, 691, 471, 471, 451, 450, 449]

 ### Operon type: 221

	 A0A009MVG4	[361, 0, 472, 691, 471, 471, 451, 450, 449]

 ### Operon type: 222

	 A0A009QA91	[453, 452, 783, 691, 471, 471, 451, 450, 449]
	 A0A010J377	[453, 452, 783, 691, 471, 471, 451, 450, 449]

 ### Operon type: 223

	 A0A009S1X4	[453, 452, 783, 691, 471, 471, 691, 0, 149]

 ### Operon type: 224

	 A0A013SHF4	[0, 0, 472, 691, 471, 471, 0, 470, 0]

 ### Operon type: 225

	 A0A011PJK8	[512, 511, 510, 690, 689, 509, 0, 0, 0]
	 A0A011N3C3	[0, 0, 0, 512, 511, 510, 690, 689, 509]

 ### Operon type: 226

	 A0A011WKI4	[0, 0, 0, 0, 0, 669, 482, 481, 493]
	 A0A011UWH1	[669, 482, 481, 493, 0, 0, 0, 0, 0]

 ### Operon type: 227

	 A0A010YKP2	[0, 0, 0, 0, 0, 0, 505, 73, 0]

 ### Operon type: 228

	 A0A011V1A2	[77, 0, 0, 73, 0, 0, 0, 0, 0]

 ### Operon type: 229

	 A0A011NGS0	[0, 0, 0, 0, 716, 762, 0, 0, 0]

 ### Operon type: 230

	 A0A011PW61	[0, 0, 0, 0, 716, 762, 0, 0, 715]

 ### Operon type: 231

	 A0A011UXI1	[0, 520, 0, 0, 716, 762, 409, 0, 0]

 ### Operon type: 232

	 A0A011SWI9	[-1, -1, 0, 791, 716, 762, 409, -1, -1]

 ### Operon type: 233

	 A0A011P952	[762, 0, 761, 0, 0, 761, 0, 0, 0]

 ### Operon type: 234

	 A0A011Q1B3	[708, 788, 707, 706, 707, 792, 705, 0, 0]
	 A0A011QVV5	[0, 0, 708, 788, 707, 706, 707, 792, 705]

 ### Operon type: 235

	 A0A011NSG8	[0, 0, 0, 788, 707, 706, 0, 707, 0]

 ### Operon type: 236

	 A0A011P0X4	[0, 0, 705, 0, 707, 0, 0, 706, 119]

 ### Operon type: 237

	 A0A010YNY9	[0, 0, 186, 30, 0, 0, 0, 0, 50]

 ### Operon type: 238

	 A0A011AC71	[149, 0, 0, 325, 0, 186, 30, 0, 783]

 ### Operon type: 239

	 A0A011QLX0	[0, 688, 0, 0, 687, 0, 802, 686, 0]
	 A0A011PRW6	[688, 0, 0, 0, 687, 802, 686, 0, 0]

 ### Operon type: 240

	 A0A010SML6	[0, 802, 686, -1, 0, 787, 0, 0, 0]

 ### Operon type: 241

	 A0A010RS09	[0, 0, 0, 0, 80, 0, 672, 672, 0]

 ### Operon type: 242

	 A0A010RTE7	[0, 0, 0, 0, 0, 0, 80, 128, 0]

 ### Operon type: 243

	 A0A009P817	[456, 0, 0, 0, 137, 0, 463, 136, 135]

 ### Operon type: 244

	 A0A009TIY0	[0, 0, 0, 0, 137, 0, 463, 136, 0]

 ### Operon type: 245

	 A0A009QKA3	[463, 136, 0, 135, 0, 0, 0, 0, 208]

 ### Operon type: 246

	 A0A009HSR2	[0, 253, 252, 0, 251, 144, 250, 169, 145]

 ### Operon type: 247

	 A0A009SWM1	[0, 253, 252, 0, 251, 0, 0, 250, 0]

 ### Operon type: 248

	 A0A009MYX0	[146, 145, 0, 512, 0, 0, 250, 144, 143]

 ### Operon type: 249

	 A0A009QK79	[0, 0, 143, 144, 0, 250, 0, 0, 145]

 ### Operon type: 250

	 A0A009GXJ1	[72, 71, 144, 250, 57, 169, 145, 146, 0]

 ### Operon type: 251

	 A0A013TKW8	[0, 750, 0, 601, 600, 599, 598, 597, 596]
	 A0A010IT95	[0, 0, 0, 601, 600, 599, 598, 597, 596]
	 A0A009QT77	[0, 0, -1, 601, 600, 599, 598, 597, 596]
	 A0A009MH36	[0, 0, 0, 601, 600, 599, 598, 597, 596]
	 A0A009PRQ9	[0, 601, 142, 0, 600, 599, 598, 597, 596]
	 A0A009S0T6	[0, 0, 601, 142, 600, 599, 598, 597, 596]
	 A0A009I5G9	[0, 0, 601, 142, 600, 599, 598, 597, 596]
	 A0A009GWD0	[169, 0, 0, 601, 600, 599, 598, 597, 596]

 ### Operon type: 252

	 A0A013TMJ7	[722, -1, 0, 601, 600, 597, 596, 0, 0]

 ### Operon type: 253

	 A0A011V392	[464, 0, 580, 492, 491, 490, 0, 539, 465]
	 A0A011VXC2	[-1, 464, 0, 580, 492, 491, 490, 539, 465]

 ### Operon type: 254

	 A0A011V490	[466, 489, 0, 465, 539, 490, 491, 492, 580]

 ### Operon type: 255

	 A0A011VZF5	[0, 0, 492, 491, 490, 819, 489, 819, 0]

 ### Operon type: 256

	 A0A011WLE7	[0, 0, 0, 0, 0, 480, 0, 0, 0]
	 A0A011VU44	[0, 0, 0, 0, 0, 480, 0, 0, 0]

 ### Operon type: 257

	 A0A011VAP2	[0, 0, 278, 0, 0, 0, 0, 0, 553]

 ### Operon type: 258

	 A0A011VRJ8	[0, 0, 0, 0, 0, 0, 278, 0, 0]

 ### Operon type: 259

	 A0A011RNU1	[0, 0, 0, 0, 0, 0, 659, 659, 658]

 ### Operon type: 260

	 A0A011VKJ9	[0, 0, 0, 0, 0, 0, 658, 659, -1]

 ### Operon type: 261

	 A0A011PQZ7	[0, 0, 0, 582, 711, 0, 581, 0, 0]

 ### Operon type: 262

	 A0A011TUX4	[0, 0, 0, 0, 711, 0, 0, 581, 0]

 ### Operon type: 263

	 A0A011STZ9	[0, 0, 0, 581, 0, 0, 0, 0, 0]

 ### Operon type: 264

	 A0A011PUJ9	[0, 0, 0, 0, 0, 0, 0, 0, 700]
	 A0A011PRF5	[700, 0, 0, 0, 0, 0, 0, 0, 0]

 ### Operon type: 265

	 A0A011PFY8	[0, 0, 0, 0, 0, 0, 0, 0, 744]

 ### Operon type: 266

	 A0A011PNS3	[842, 744, 0, 0, 0, 0, 0, 0, 0]

 ### Operon type: 267

	 A0A011T648	[0, 744, 0, 0, 0, 0, 0, 839, 0]

 ### Operon type: 268

	 A0A010YYJ5	[0, 0, 0, 819, 0, 0, 0, 99, 99]

 ### Operon type: 269

	 A0A011NDM5	[819, 0, 0, 0, 0, 0, 0, 0, 0]

 ### Operon type: 270

	 A0A011MSR2	[0, 0, 0, 500, 0, 0, 0, 819, 819]

 ### Operon type: 271

	 A0A011WSU6	[0, 819, 0, 0, 539, 0, 0, 0, 0]

 ### Operon type: 272

	 A0A011U3C2	[0, 0, 766, 0, 0, 0, 0, 0, 0]
	 A0A011AEN3	[0, 0, 0, 0, 0, 0, 766, 0, 0]

 ### Operon type: 273

	 A0A011AAZ2	[0, 51, 0, 0, 0, 766, 766, 766, 0]

 ### Operon type: 274

	 A0A011T698	[0, 0, 0, 0, 0, 783, 766, 0, 0]

 ### Operon type: 275

	 A0A010YRE8	[0, 0, 0, 0, 0, 0, 0, 11, 0]

 ### Operon type: 276

	 A0A011AF05	[0, 0, 149, 11, 0, 0, 0, 0, 0]

 ### Operon type: 277

	 A0A009ZG48	[0, 0, 0, 750, 0, 0, 0, 0, 0]

 ### Operon type: 278

	 A0A011PEJ8	[0, 0, 751, 750, 0, 0, 0, 0, 0]

 ### Operon type: 279

	 A0A011QNJ7	[678, 0, 0, 750, 0, 0, 0, 678, 0]

 ### Operon type: 280

	 A0A011MMJ4	[0, 0, 0, 0, 0, 0, 0, 678, 0]

 ### Operon type: 281

	 A0A011R8M3	[0, 0, 751, 750, 0, 408, 0, 678, 0]

 ### Operon type: 282

	 A0A009ZC82	[0, 0, 786, 0, 0, 0, 0, 0, 0]

 ### Operon type: 283

	 A0A011P3F6	[787, 0, 0, 786, 0, 0, 0, 0, 0]

 ### Operon type: 284

	 A0A009IG48	[0, 0, 0, 249, 165, 0, 0, 0, 787]

 ### Operon type: 285

	 A0A009IMQ0	[0, 0, 0, 249, 165, 0, 0, 0, 0]

 ### Operon type: 286

	 A0A009SWV1	[0, 0, 0, 0, 0, 0, 0, 249, 0]

 ### Operon type: 287

	 A0A009Q512	[0, 0, 0, 0, 455, 0, 0, 0, 0]
	 A0A009PMZ9	[455, 0, 0, 0, 0, 0, 0, 0, 0]

 ### Operon type: 288

	 A0A009IFL2	[0, 92, 0, 91, -1, 0, 0, 0]

 ### Operon type: 289

	 A0A009ZDS1	[-1, -1, 0, 92, 0, 0, 398, 0, 0]

 ### Operon type: 290

	 A0A010SNM6	[188, 187, -1, 0, 0, 0, 722, 0, 0]

 ### Operon type: 291

	 A0A010T5D8	[187, 188, 0, -1, 0, -1, 342, 0, 0]

 ### Operon type: 292

	 A0A011UB51	[306, 0, 0, 0, 0, 0, 0, 0, 0]
	 A0A011UFH1	[0, 0, 0, 0, 0, 306, 0, 0, 0]

 ### Operon type: 293

	 A0A011V965	[0, -1, -1, 0, 279, 0, -1, -1, 0]
	 A0A011VHP2	[0, -1, -1, -1, 279, 0, 0, 0, 0]

 ### Operon type: 294

	 A0A010RVD0	[-1, 0, 0, -1, 0, 863, 863, 0, 48]

 ### Operon type: 295

	 A0A010T7Q5	[0, 48, 0, 0, 0, 0, -1, 0, 0]

 ### Operon type: 296

	 A0A010SJH7	[0, 0, 722, -1, 0, 0, 451, 0, 0]

 ### Operon type: 297

	 A0A010SRR2	[0, 0, -1, 0, 0, 0, 0, 0, 722]

 ### Operon type: 298

	 A0A010RKP8	[0, 0, 0, 0, 0, 0, -1, 0, 0]
	 A0A010TF14	[-1, 0, 0, 0, 0, 0, 0, 0, 0]
	 A0A010RY47	[-1, 0, -1, 0, 0, 0, 0, 0, 0]
	 A0A009HJU6	[0, 0, 0, 0, 0, 0, 0, 0, -1]
	 A0A011UZ32	[0, 0, 0, 0, 0, -1, 0, 0, 0]

 ### Operon type: 299

	 A0A010SJF9	[0, 0, 0, 0, 0, -1, 0, 190, -1]

 ### Operon type: 300

	 A0A011ML54	[0, 0, 0, 673, 0, 0, 0, 0, -1]

 ### Operon type: 301

	 A0A011NHY1	[0, 0, 0, 0, 0, 722, 0, 0, 0]

 ### Operon type: 302

	 A0A010Z171	[0, 0, 0, 0, 0, 0, 722, 0, 512]

 ### Operon type: 303

	 A0A011T697	[722, 0, 0, 0, 0, 0, 0, 0, 463]

 ### Operon type: 304

	 A0A011TDD1	[0, 324, 722, 0, 0, 0, 0, 0, 0]

 ### Operon type: 305

	 A0A011VW24	[0, 0, 844, 0, 0, 0, 0, 0, -1]

 ### Operon type: 306

	 A0A011T8V3	[0, 0, 844, 0, 0, 0, 0, 0, 0]

 ### Operon type: 307

	 A0A010TH98	[715, 0, 0, 844, 0, 0, 0, 0, 0]

 ### Operon type: 308

	 A0A011QVR3	[0, 0, 0, 0, 0, 0, 0, 845, 844]

 ### Operon type: 309

	 A0A011VYF1	[844, 0, 0, 0, 0, 0, 306, 0, 0]

 ### Operon type: 310

	 A0A010S415	[-1, 844, 0, 449, 0, 0, 0, 0, 444]

 ### Operon type: 311

	 A0A011QSN2	[0, 0, 0, 0, 0, 0, 0, 0, 0]
	 A0A011P9Z5	[0, 0, 0, 0, 0, 0, 0, 0, 0]
	 A0A011PBM9	[0, 0, 0, 0, 0, 0, 0, 0, 0]
	 A0A011Q056	[0, 0, 0, 0, 0, 0, 0, 0, 0]
	 A0A011QMJ8	[0, 0, 0, 0, 0, 0, 0, 0, 0]
	 A0A011NMI8	[0, 0, 0, 0, 0, 0, 0, 0, 0]
	 A0A013TEV4	[0, 0, 0, 0, 0, 0, 0, 0, 0]
	 A0A011NAJ1	[0, 0, 0, 0, 0, 0, 0, 0, 0]
	 A0A011PNN2	[0, 0, 0, 0, 0, 0, 0, 0, 0]
	 A0A011NTU3	[0, 0, 0, 0, 0, 0, 0, 0, 0]
	 A0A011N2Z0	[0, 0, 0, 0, 0, 0, 0, 0, 0]
	 A0A013SL47	[0, 0, 0, 0, 0, 0, 0, 0, 0]
	 A0A011WUT3	[0, 0, 0, 0, 0, 0, 0, 0, 0]
	 A0A013S2B9	[0, 0, 0, 0, 0, 0, 0, 0, 0]
	 A0A013SBR8	[0, 0, 0, 0, 0, 0, 0, 0, 0]
	 A0A011VYF6	[0, 0, 0, 0, 0, 0, 0, 0, 0]
	 A0A010SHY1	[0, 0, 0, 0, 0, 0, 0, 0, 0]
	 A0A011VNE2	[0, 0, 0, 0, 0, 0, 0, 0, 0]
	 A0A009M4K0	[0, 0, 0, 0, 0, 0, 0, 0, 0]
	 A0A009PDV4	[0, 0, 0, 0, 0, 0, 0, 0, 0]
	 A0A009MH90	[0, 0, 0, 0, 0, 0, 0, 0, 0]
	 A0A011UFM5	[0, 0, 0, 0, 0, 0, 0, 0, 0]
	 A0A011UHL2	[0, 0, 0, 0, 0, 0, 0, 0, 0]
	 A0A010SPJ7	[0, 0, 0, 0, 0, 0, 0, 0, 0]
	 A0A010SSQ8	[0, 0, 0, 0, 0, 0, 0, 0, 0]
	 A0A010T025	[0, 0, 0, 0, 0, 0, 0, 0, 0]
	 A0A011UBN9	[0, 0, 0, 0, 0, 0, 0, 0, 0]
	 A0A010YJA7	[0, 0, 0, 0, 0, 0, 0, 0, 0]
	 A0A009HIL8	[0, 0, 0, 0, 0, 0, 0, 0, 0]
	 A0A010ZTI3	[0, 0, 0, 0, 0, 0, 0, 0, 0]
	 A0A011A146	[0, 0, 0, 0, 0, 0, 0, 0, 0]
	 A0A010YZS8	[0, 0, 0, 0, 0, 0, 0, 0, 0]
	 A0A010Z120	[0, 0, 0, 0, 0, 0, 0, 0, 0]

 ### Operon type: 312

	 A0A010TG27	[669, 0, 84, 0, 0, 0, 691, 0, 0]

 ### Operon type: 313

	 A0A011PMK1	[0, 0, 0, 0, 0, 0, 0, 669, 0]

 ### Operon type: 314

	 A0A009HM15	[0, 170, 130, 0, 0, 0, -1, 0, 0]

 ### Operon type: 315

	 A0A009HRU1	[0, 144, 0, 0, 0, 0, 0, 0, 0]

 ### Operon type: 316

	 A0A009HSN8	[0, 460, 0, 0, 0, -1, 0, 155, -1]

 ### Operon type: 317

	 A0A009HV82	[132, 0, 0, 0, 0, 0, 0, 0, 0]

 ### Operon type: 318

	 A0A009IG74	[0, 0, 133, 0, 526, -1, 0, 0, 0]

 ### Operon type: 319

	 A0A009IJ90	[0, 118, 0, 0, 0, 0, 0, 0, 0]

 ### Operon type: 320

	 A0A009NM94	[0, 650, 650, 0, 0, 0, 324, 0, 0]

 ### Operon type: 321

	 A0A009Q4N5	[0, 0, 456, 0, 0, 0, 0, 0, 0]

 ### Operon type: 322

	 A0A009SSZ9	[0, 254, 0, 0, 0, 0, 0, 0, 0]

 ### Operon type: 323

	 A0A009YIH1	[0, 0, 0, 0, 172, 0, -1, -1, 2]

 ### Operon type: 324

	 A0A009YR05	[0, 0, 0, 0, 245, 0, 0, 0, 0]

 ### Operon type: 325

	 A0A009Z004	[102, 0, 102, 0, 0, 512, 0, 0, 0]

 ### Operon type: 326

	 A0A010RUQ5	[0, 0, 0, 0, 0, 0, 0, 0, 49]

 ### Operon type: 327

	 A0A010S195	[786, 0, 185, 184, 0, 0, 0, 0, 0]

 ### Operon type: 328

	 A0A010SCZ2	[0, 0, 0, 0, 0, 0, 0, 552, 0]

 ### Operon type: 329

	 A0A010SN41	[0, 0, 0, 0, 538, 0, 0, 0, 0]

 ### Operon type: 330

	 A0A010SSU2	[0, 0, 0, 0, 57, 0, -1, 763, 0]

 ### Operon type: 331

	 A0A010SUP6	[0, 0, 0, 0, 0, 0, 0, 184, 0]

 ### Operon type: 332

	 A0A010SUY9	[0, 0, 0, 0, 0, 408, 751, 0]

 ### Operon type: 333

	 A0A010THK2	[0, 0, -1, 0, 0, 672, 512, 0, 0]

 ### Operon type: 334

	 A0A010SRL4	[84, 0, 0, -1, 0, 0, 0, 512, 163]

 ### Operon type: 335

	 A0A010YX61	[348, 766, 0, 844, 0, 0, 0, 0, 0]

 ### Operon type: 336

	 A0A010S5W8	[0, 0, 500, 792, 0, 0, 0, 0, 0]

 ### Operon type: 337

	 A0A011NE37	[623, 0, 0, 0, 0, 0, 0, 0, 0]

 ### Operon type: 338

	 A0A011NF78	[0, 0, 870, 0, 0, 0, 0, 0, 0]

 ### Operon type: 339

	 A0A011NVE2	[0, 0, 0, 839, 0, 0, 722, 0, 507]

 ### Operon type: 340

	 A0A011NXJ4	[0, 0, 0, 0, 0, 0, 0, 0, 504]

 ### Operon type: 341

	 A0A011P8I1	[0, 0, 767, 766, 0, 0, 0, 0, 765]

 ### Operon type: 342

	 A0A011P9Q7	[760, 0, 0, 0, 0, 0, 0, 0, 0]

 ### Operon type: 343

	 A0A011PJ75	[0, 839, 571, 839, 0, 0, 0, 0, 0]

 ### Operon type: 344

	 A0A011PRB4	[0, 0, 0, 0, 0, 0, 0, 580, 0]

 ### Operon type: 345

	 A0A011QVT2	[843, 0, 0, 0, 0, 0, 0, 842, 0]

 ### Operon type: 346

	 A0A011RP14	[0, 0, 0, 0, 0, 0, 0, 657, 0]

 ### Operon type: 347

	 A0A011SM49	[722, 0, 657, 0, 0, 0, 148, 0, 0]

 ### Operon type: 348

	 A0A011AM27	[581, 0, 0, 0, 401, 0, 0, 0, 42]

 ### Operon type: 349

	 A0A011T607	[0, 0, 792, 0, 0, 0, 0, 0, 324]

 ### Operon type: 350

	 A0A011TAW2	[0, 0, 0, 0, 0, 0, 530, 0, 0]

 ### Operon type: 351

	 A0A011TED9	[0, 0, 0, 0, 0, 421, 0, 0, 0]

 ### Operon type: 352

	 A0A011TXS5	[0, 61, 0, 0, 0, 0, 0, 0, 0]

 ### Operon type: 353

	 A0A011U144	[0, 49, 0, 0, 0, 0, 504, 629, 0]

 ### Operon type: 354

	 A0A011U1C8	[783, 0, 0, 0, 0, 0, 0, 0, 41]

 ### Operon type: 355

	 A0A011U483	[0, 0, 0, 0, 0, 782, 0, 0, 0]

 ### Operon type: 356

	 A0A011UG86	[0, 788, 0, 0, 0, 190, 0, 0, 0]

 ### Operon type: 357

	 A0A011UQB5	[649, 587, 0, 0, 0, 0, 0, 306, 0]

 ### Operon type: 358

	 A0A011UVI5	[0, 0, 0, 0, 0, 50, 839, 839, 0]

 ### Operon type: 359

	 A0A011UWI3	[0, 0, 0, 0, 256, 0, 277, 786, 0]

 ### Operon type: 360

	 A0A011V5E6	[0, 0, 0, 0, 0, 541, 0, 0, 0]

 ### Operon type: 361

	 A0A011M4H6	[553, 0, 560, 0, 0, 0, 0, 0, 0]

 ### Operon type: 362

	 A0A011VSV3	[0, 0, 0, 0, 0, 0, 739, 0, 0]

 ### Operon type: 363

	 A0A011VWI0	[0, 0, 0, 0, 0, 304, 0, 0, 0]

 ### Operon type: 364

	 A0A011VZ91	[493, 0, 0, 0, 0, 0, 0, 0, 0]

 ### Operon type: 365

	 A0A011WP76	[0, 0, 0, 0, 0, 0, 0, 0, 847]

 ### Operon type: 366

	 A0A011WSD4	[0, 0, 0, -1, 0, 819, 0, 0, 489]

 ### Operon type: 367

	 A0A011WT35	[489, 0, 0, 0, 0, 0, 0, 0, 0]

 ### Operon type: 368

	 A0A013S843	[0, 450, 0, 0, 0, 0, -1, 316, 0]

 ### Operon type: 369

	 A0A013T5E6	[0, 0, 0, 634, 0, 0, 0, 0, 0]

 ### Operon type: 370

	 A0A009T185	[840, 0, 571, 571, 389, 839, 571, 388, 793]

 ### Operon type: 371

	 A0A010IN36	[390, 722, 0, 0, 389, 839, 571, 388, 793]

 ### Operon type: 372

	 A0A009PG43	[839, 571, 607, 842, 0, 388, 793, 0, 0]

 ### Operon type: 373

	 A0A009INE0	[390, 0, 0, 0, 0, 0, 0, 571, 388]

 ### Operon type: 374

	 A0A009T9H0	[0, 2, 787, -1, 0, 0, 250, 0, 144]

 ### Operon type: 375

	 A0A010THH5	[0, 271, 92, 50, 0, 0, 647, 0, 398]

 ### Operon type: 376

	 A0A011WSH8	[0, 0, 0, 691, 540, 0, 0, 0, 0]
	 A0A011VZE3	[0, 0, 0, 691, 540, 0, 0, 0, 0]

 ### Operon type: 377

	 A0A011NAF3	[0, 0, 0, 0, 0, 0, 691, 0, 728]

 ### Operon type: 378

	 A0A009IQ93	[164, 0, 691, 0, 0, 163, 0, 0, 0]

 ### Operon type: 379

	 A0A009Q8S9	[0, 0, 787, 522, 0, 454, 0, 0, 0]

 ### Operon type: 380

	 A0A009TLU4	[0, 61, -1, 174, 0, 46, 0, -1, -1]

 ### Operon type: 381

	 A0A009ZB47	[199, 138, 0, 0, 0, 819, 396, 0, 0]

 ### Operon type: 382

	 A0A009ZVR4	[655, 0, 766, 0, 0, 99, 0, 0, 98]

 ### Operon type: 383

	 A0A010JIN9	[396, 0, 0, 128, 426, 0, 0, 0, 0]

 ### Operon type: 384

	 A0A010S003	[735, 0, 0, 0, 0, 788, 788, 385, 0]

 ### Operon type: 385

	 A0A010SMN8	[0, -1, 186, 0, 561, 0, 0, 742, 0]

 ### Operon type: 386

	 A0A010SXS1	[0, 607, 0, 0, 0, 485, 0, 0, 842]

 ### Operon type: 387

	 A0A010T689	[42, -1, 647, 660, 0, 0, 0, 0, 0]

 ### Operon type: 388

	 A0A010TBB4	[0, 436, 0, 190, 0, 0, 0, 0, 783]

 ### Operon type: 389

	 A0A010YFK3	[0, 826, 0, 0, 0, 0, 234, 0, 41]

 ### Operon type: 390

	 A0A010YVY1	[8, 0, 8, 0, 0, 0, 0, 385, 0]

 ### Operon type: 391

	 A0A010ZSZ2	[0, 51, 0, 25, 24, 0, 0, 0, 0]

 ### Operon type: 392

	 A0A010Z0Y7	[0, 0, 0, 0, 24, 449, 0, 0, 0]

 ### Operon type: 393

	 A0A011A0M8	[0, 0, 512, 0, 91, 0, 0, 10, 10]

 ### Operon type: 394

	 A0A011NFL4	[0, 671, 0, 0, 670, 669, 0, 668, 0]

 ### Operon type: 395

	 A0A011P407	[0, 0, 785, 784, 0, 0, 783, 0, 782]

 ### Operon type: 396

	 A0A011QGT2	[691, 0, 0, 690, 689, 0, 0, 0, 0]

 ### Operon type: 397

	 A0A011QSA4	[873, 0, 872, 871, 0, 0, 0, 0, 870]

 ### Operon type: 398

	 A0A011T6J6	[0, 830, 0, 766, 0, 0, 462, 0, 461]

 ### Operon type: 399

	 A0A011TAL2	[0, 792, 0, 0, 0, 325, 0, 505, 0]

 ### Operon type: 400

	 A0A011TZG0	[512, 820, 0, 0, 0, 0, 0, 602, 0]

 ### Operon type: 401

	 A0A011UGY3	[543, 542, 541, 86, 0, 0, 0, 86, 0]

 ### Operon type: 402

	 A0A011UII7	[0, 0, 0, 0, 0, 507, 59, 0, 0]

 ### Operon type: 403

	 A0A011UNT9	[454, 69, 0, 0, 0, 0, 0, 0, 0]

 ### Operon type: 404

	 A0A011SIS0	[0, 807, 70, 70, 0, 0, 0, 69, 0]

 ### Operon type: 405

	 A0A011UT49	[0, 51, 0, 0, 0, 0, 607, 247, 0]

 ### Operon type: 406

	 A0A011VU65	[235, 0, 0, 0, 0, 234, 0, 739, 233]

 ### Operon type: 407

	 A0A011VV03	[0, 555, 0, 0, 554, 553, 0, 0, 0]

 ### Operon type: 408

	 A0A011VVZ9	[0, 0, -1, 0, 0, 552, 551, 551, 550]

 ### Operon type: 409

	 A0A011VWX7	[842, 309, 0, 0, 0, 0, 0, 648, 0]

 ### Operon type: 410

	 A0A011VXK7	[650, 650, 0, 620, 0, 0, 0, 832, 0]

 ### Operon type: 411

	 A0A011W0I6	[488, 0, 0, 0, 0, 514, 0, 673, 0]

 ### Operon type: 412

	 A0A010YEF6	[0, 488, 0, 0, 0, 0, 0, 0, 43]

 ### Operon type: 413

	 A0A013SQH1	[0, 0, 0, 0, 538, 537, 0, 601, 592]

 ### Operon type: 414

	 A0A009QJA8	[198, 197, 0, 0, 0, 0, 0, 0, 570]

 ### Operon type: 415

	 A0A009YL68	[0, 0, 783, 349, 346, 0, 0, 4, 0]

 ### Operon type: 416

	 A0A010JNG7	[601, 0, 0, 406, 0, 0, 0, 0, 0]

 ### Operon type: 417

	 A0A010RM40	[640, 691, 709, 0, 0, 0, 0, -1, 771]

 ### Operon type: 418

	 A0A010RRQ6	[0, 560, 0, 0, 0, 561, 559, 558, 0]

 ### Operon type: 419

	 A0A010S423	[462, 0, 0, 0, 0, 0, 0, 277, 654]

 ### Operon type: 420

	 A0A010T0I7	[0, 0, 43, 0, 0, 767, 872, 691, 0]

 ### Operon type: 421

	 A0A010ZUR7	[555, 23, 0, 23, 0, 22, 385, 0, 0]

 ### Operon type: 422

	 A0A011NA78	[0, 641, 0, 0, 0, 863, 0, 0, 771]

 ### Operon type: 423

	 A0A011P8W7	[764, 785, 842, 0, 763, 0, 0, 0, 0]

 ### Operon type: 424

	 A0A011PG97	[742, 0, 0, 741, 0, 0, 0, 0, 0]

 ### Operon type: 425

	 A0A011PKT4	[0, 537, 0, 0, 0, 0, 520, 0, 0]

 ### Operon type: 426

	 A0A011PLB2	[0, 764, 0, 521, 0, 0, 0, 0, 0]

 ### Operon type: 427

	 A0A011R339	[0, 0, 0, 0, 0, 0, 72, 71, 0]

 ### Operon type: 428

	 A0A011SFE5	[0, 0, 0, 650, 0, 0, 671, 784, 649]

 ### Operon type: 429

	 A0A011SJT5	[0, 0, 0, 550, 68, 68, 68, 68, 68]

 ### Operon type: 430

	 A0A011TDQ5	[0, 0, 0, 0, 323, 516, 0, 0, 0]

 ### Operon type: 431

	 A0A011VT01	[0, 0, 236, 0, 0, 236, 0, 0, 261]

 ### Operon type: 432

	 A0A009Z3V9	[691, 0, 0, 0, 0, 268, 510, 269, 270]

 ### Operon type: 433

	 A0A010SRB2	[46, 45, 0, 0, 0, 45, 188, 0, 0]

 ### Operon type: 434

	 A0A010KA25	[396, 0, 647, 476, 213, 0, 0, 396, 353]

 ### Operon type: 435

	 A0A011TZN1	[241, 240, 239, 0, 106, 0, 0, 0, 0]

 ### Operon type: 436

	 A0A011VJ76	[248, 248, 247, 668, 0, 691, 512, 0, 785]

 ### Operon type: 437

	 A0A011UG17	[258, 0, 494, 0, 548, 235, 0, 0, 0]

 ### Operon type: 438

	 A0A011WUA8	[804, 0, 0, 330, 0, 0, 0, 329, 329]

 ### Operon type: 439

	 A0A010S4X6	[0, 449, 709, 788, 340, 0, 506, 513, 672]

 ### Operon type: 440

	 A0A010YY02	[0, 7, 0, 0, 7, 712, 6, 0, 9]
