
 ### Operon type: 1

	 A0A011PVT3	[452, 451, 450, 449, 706, 448, 447, 446, 445]
	 A0A011R7V7	[452, 451, 450, 449, 706, 448, 447, 446, 445]
	 A0A011MET3	[452, 451, 450, 449, 706, 448, 447, 446, 445]

 ### Operon type: 2

	 A0A011UIA1	[393, 392, 391, 390, 389, 388, 387, 386, 0]
	 A0A011V5V3	[0, 393, 392, 391, 390, 389, 388, 387, 386]

 ### Operon type: 3

	 A0A011PTE7	[424, 423, 422, 421, 420, 0, 419, 418, 417]
	 A0A011NE72	[424, 423, 422, 421, 420, 419, 418, 417, 0]

 ### Operon type: 4

	 A0A011NEY3	[353, 471, 470, 469, 469, 468, 467, 466, 0]

 ### Operon type: 5

	 A0A011PAN4	[471, 470, 0, 469, 469, 468, 467, 466, 465]

 ### Operon type: 6

	 A0A011RCD5	[353, 471, 470, 469, 469, 468, 467, 466, 465]

 ### Operon type: 7

	 A0A010JSI3	[723, 724, 722, 721, 720, 719, 718, 717, 0]
	 A0A013T0M4	[723, 724, 722, 721, 720, 719, 718, 717, 0]
	 A0A009HDS5	[723, 724, 722, 721, 720, 719, 718, 717, 0]
	 A0A009RGL2	[0, 724, 722, 721, 720, 719, 718, 717, 0]

 ### Operon type: 8

	 A0A011NW66	[573, 572, 571, 570, 569, 549, 0, 0, 0]
	 A0A011PF67	[573, 572, 571, 570, 569, 0, 0, 0, 0]
	 A0A011NBX7	[573, 572, 571, 570, 569, 549, 0, 0, 0]

 ### Operon type: 9

	 A0A011NS68	[573, 572, 571, 570, 569, 568, 567, 566, 565]
	 A0A011RHX4	[573, 572, 571, 570, 569, 568, 567, 566, 0]

 ### Operon type: 10

	 A0A010JY00	[277, 360, 713, 325, 84, 576, 322, 663, 334]

 ### Operon type: 11

	 A0A013TH30	[360, 713, 325, 324, 323, 576, 322, 663, 334]

 ### Operon type: 12

	 A0A011NEQ1	[0, 541, 540, 539, 538, 537, 599, 536, 535]
	 A0A011QAS2	[0, 541, 540, 539, 538, 537, 599, 536, 535]

 ### Operon type: 13

	 A0A011QSF0	[0, 497, 496, 495, 494, 493, 492, 491, 0]
	 A0A011QBB5	[482, 497, 496, 495, 494, 493, 492, 491, 481]
	 A0A011Q0X6	[482, 497, 496, 495, 494, 493, 492, 491, 481]
	 A0A011Q1X8	[497, 0, 496, 495, 494, 493, 492, 491, 481]

 ### Operon type: 14

	 A0A011PG87	[482, 497, 496, 495, 494, 493, 492, 0, 0]

 ### Operon type: 15

	 A0A013SP43	[306, 305, 304, 303, 302, 301, 300, 299, 298]
	 A0A009RUN3	[306, 305, 304, 303, 302, 301, 300, 299, 298]
	 A0A010K6G6	[306, 305, 304, 303, 302, 301, 300, 0, 298]

 ### Operon type: 16

	 A0A009SZB5	[0, 0, 200, 199, 198, 0, 0, 0, 197]
	 A0A009HR98	[0, 0, 200, 199, 198, 0, 0, 0, 197]

 ### Operon type: 17

	 A0A009Z8F7	[189, 200, 188, 0, 198, 187, 187, 0, 0]

 ### Operon type: 18

	 A0A011QIT1	[524, 523, 522, 521, 520, 519, 518, 517, 516]
	 A0A011QUG8	[524, 523, 522, 521, 520, 519, 0, 518, 517]

 ### Operon type: 19

	 A0A011PL71	[441, 440, 439, 438, 437, 456, 614, 436, 0]
	 A0A011QAB0	[440, 439, 438, 0, 437, 456, 614, 436, 0]

 ### Operon type: 20

	 A0A011PIY7	[416, 0, 454, 429, 430, 431, 432, 0, 434]

 ### Operon type: 21

	 A0A011Q3J4	[0, 416, 454, 429, 430, 431, 432, 433, 0]

 ### Operon type: 22

	 A0A011MH88	[195, 416, 454, 429, 430, 431, 432, 433, 434]

 ### Operon type: 23

	 A0A009QBR9	[0, 0, 685, 639, 684, 0, 0, 680, 109]
	 A0A009TM70	[0, 686, 685, 639, 684, 0, 0, 680, 109]

 ### Operon type: 24

	 A0A010ILU3	[687, 686, 685, 0, 684, 683, 682, 681, 680]
	 A0A009MW50	[0, 686, 685, 639, 684, 683, 0, 681, 680]
	 A0A009H3B0	[0, 686, 685, 0, 684, 683, 682, 681, 680]
	 A0A009QS71	[687, 686, 685, 639, 684, 683, 0, 681, 680]

 ### Operon type: 25

	 A0A009I8S2	[0, 0, 685, 639, 684, 683, 681, 680, 109]

 ### Operon type: 26

	 A0A009ICH6	[653, 122, 121, 120, 84, 83, 82, 81, 663]
	 A0A009ZFR5	[653, 122, 121, 120, 84, 83, 82, 81, 663]

 ### Operon type: 27

	 A0A009GP96	[0, 76, 712, 704, 75, 65, 703, 74, 73]

 ### Operon type: 28

	 A0A009GSR4	[704, 75, 65, 703, 74, 73, 73, 72, 0]

 ### Operon type: 29

	 A0A009IIT6	[76, 712, 704, 75, 74, 73, 73, 72, 0]

 ### Operon type: 30

	 A0A009IS10	[413, 0, 0, 0, 180, 179, 178, 0, 0]

 ### Operon type: 31

	 A0A009QHW5	[0, 0, 0, 687, 180, 179, 178, 0, 186]

 ### Operon type: 32

	 A0A011UVB4	[0, 0, 0, 414, 0, 0, 413, 0, 412]

 ### Operon type: 33

	 A0A011TLH7	[346, 345, 344, 0, 0, 0, 0, 0, 0]
	 A0A011UG87	[344, 345, 346, 0, 0, 0, 0, 0, 0]

 ### Operon type: 34

	 A0A011QIE8	[530, 529, 528, 665, 527, 526, 525, 0, 0]
	 A0A011QDV3	[530, 529, 528, 665, 527, 526, 483, 0, 525]

 ### Operon type: 35

	 A0A011NYU6	[381, 380, 0, 379, 427, 371, 370, 0, 378]

 ### Operon type: 36

	 A0A011PYI6	[381, 380, 0, 379, 427, 378, 711, 602, 0]

 ### Operon type: 37

	 A0A011P1C0	[0, 0, 371, 370, 378, 0, 0, 0, 0]

 ### Operon type: 38

	 A0A011NVE7	[558, 557, 556, 0, 0, 0, 0, 0, 0]
	 A0A011PP01	[558, 557, 556, 0, 0, 0, 0, 0, 0]

 ### Operon type: 39

	 A0A013TH43	[321, 0, 0, 0, 320, 319, 318, 0, 587]
	 A0A009RAF0	[321, 0, 0, 0, 320, 319, 318, 0, 587]

 ### Operon type: 40

	 A0A013S8V2	[280, 279, 0, 0, 0, 278, 0, 0, 0]
	 A0A009R8E1	[0, 369, 0, 280, 279, 0, 0, 278, 0]

 ### Operon type: 41

	 A0A009QFZ7	[332, 331, 0, 0, 383, 0, 327, 326, 0]
	 A0A009TK03	[332, 331, 0, 0, 383, 0, 327, 326, 0]

 ### Operon type: 42

	 A0A013SPM5	[332, 331, 330, 329, 383, 328, 327, 326, 0]
	 A0A009MH71	[332, 331, 0, 329, 383, 328, 327, 326, 0]
	 A0A009HSL1	[332, 331, 330, 329, 383, 0, 327, 326, 0]
	 A0A010IX62	[332, 331, 330, 329, 383, 0, 327, 326, 0]

 ### Operon type: 43

	 A0A009I6Z0	[332, 331, 0, 329, 383, 0, 327, 326, 85]

 ### Operon type: 44

	 A0A009ZIX8	[0, 11, 330, 329, 383, 368, 0, 85, 0]

 ### Operon type: 45

	 A0A009I573	[161, 0, 160, 159, 0, 158, 157, 156, 155]

 ### Operon type: 46

	 A0A009ILP9	[132, 0, 155, 156, 157, 158, 133, 159, 160]

 ### Operon type: 47

	 A0A009I953	[132, 0, 155, 156, 157, 158, 133, 0, -1]

 ### Operon type: 48

	 A0A009IPC3	[130, 131, 0, 0, 157, 113, 112, 0, 133]
	 A0A009QEG7	[130, 131, 0, 0, 157, 113, 112, 0, 133]

 ### Operon type: 49

	 A0A009SX74	[461, 565, 0, 159, 133, 132, 131, 130, 0]

 ### Operon type: 50

	 A0A009I4A1	[0, 166, 712, 0, 165, 164, 163, 162, 0]
	 A0A010JWJ1	[0, 166, 712, 0, 165, 164, 163, 162, 0]

 ### Operon type: 51

	 A0A009QF22	[108, 107, 106, 0, 165, 164, 163, 162, 105]
	 A0A009TBY8	[108, 107, 106, 71, 165, 164, 163, 162, 105]

 ### Operon type: 52

	 A0A009ITT8	[177, 176, 175, 202, 214, 212, 211, 210, 209]

 ### Operon type: 53

	 A0A009NJ90	[177, 176, 175, 202, 0, 213, 212, 211, 210]

 ### Operon type: 54

	 A0A009HZK2	[203, 202, 214, 0, 0, 0, 0, 0, 0]

 ### Operon type: 55

	 A0A009IJ07	[205, 204, 203, 202, 214, 0, 0, 0, 0]

 ### Operon type: 56

	 A0A009S6G1	[205, 204, 203, 202, 214, 211, 210, 209, 206]

 ### Operon type: 57

	 A0A009S5A5	[214, 213, 212, 211, 210, 209, 208, 207, 206]

 ### Operon type: 58

	 A0A010ITG1	[639, 638, 637, 636, 635, 634, 633, 712, 665]
	 A0A013TCN9	[639, 638, 637, 636, 635, 634, 633, 712, 665]
	 A0A009NIJ3	[639, 638, 637, 636, 635, 634, 633, 712, 665]
	 A0A009QNC9	[639, 638, 637, 636, 635, 634, 633, 712, 665]
	 A0A013TRC1	[639, 638, 637, 636, 635, 634, 633, 712, 665]

 ### Operon type: 59

	 A0A009H935	[0, 0, 637, 636, 635, 634, 633, 712, 665]

 ### Operon type: 60

	 A0A009PJF7	[244, 243, 243, 242, 241, 240, 239, 238, 237]
	 A0A009SJZ7	[414, 244, 243, 242, 241, 240, 239, 238, 237]

 ### Operon type: 61

	 A0A009Z5G0	[240, 242, 243, 0, 596, 244, 414, 293]

 ### Operon type: 62

	 A0A010JJC1	[695, 694, 693, 692, 691, 690, 689, 702, 688]
	 A0A010IZ41	[694, 693, 692, 691, 690, 689, 702, 688, 304]

 ### Operon type: 63

	 A0A009QJL6	[695, 694, 693, 692, 0, 688, 304, 104, 0]

 ### Operon type: 64

	 A0A011P2I4	[456, 455, 454, 0, 0, 0, 0, 0, 0]
	 A0A011N9N8	[456, 455, 454, 0, 0, 0, 0, 0, 0]

 ### Operon type: 65

	 A0A009PIB4	[0, 0, 0, 233, 410, 232, 703, 712, 456]
	 A0A009SLR5	[0, 0, 0, 233, 410, 232, 703, 712, 456]

 ### Operon type: 66

	 A0A009HSU4	[0, 0, 589, 712, 0, 455, 650, 456, 703]

 ### Operon type: 67

	 A0A011SF89	[607, 606, 605, 0, 0, 0, 0, 0, 0]

 ### Operon type: 68

	 A0A011UCX7	[0, 440, 607, 606, 0, 605, 111, 0, 0]

 ### Operon type: 69

	 A0A011NYT4	[710, 547, 546, 697, 0, 545, 545, 544, 543]

 ### Operon type: 70

	 A0A011P8E9	[0, 0, 710, 547, 0, 546, 697, 0, 0]

 ### Operon type: 71

	 A0A010TF34	[0, -1, 0, 0, 39, 38, 37, 36, 35]
	 A0A010SYH9	[39, 38, 37, 36, 35, 0, 0, 0, 0]

 ### Operon type: 72

	 A0A010S7A1	[59, 58, 57, 56, 0, 55, 0, 0, 0]
	 A0A010TFJ4	[0, -1, 0, 59, 58, 57, 56, -1, 55]

 ### Operon type: 73

	 A0A009ICP5	[224, 308, 359, 223, 222, 0, 0, 220, 0]

 ### Operon type: 74

	 A0A009MMG9	[224, 308, 359, 223, 222, 0, 221, 220, 591]

 ### Operon type: 75

	 A0A009QLL2	[0, 191, 192, 0, 222, 0, 0, 220, 0]
	 A0A009HTW0	[0, 191, 192, 0, 222, 0, 0, 220, 0]

 ### Operon type: 76

	 A0A009SIV4	[190, 191, 192, 67, 222, 66, 0, 220, 591]

 ### Operon type: 77

	 A0A013TSJ4	[191, 192, 0, 67, 222, 0, 0, 220, 591]

 ### Operon type: 78

	 A0A009Z3V9	[712, 0, 0, 0, 0, 192, 365, 191, 190]

 ### Operon type: 79

	 A0A009T0Q9	[0, 0, 0, 0, 196, 270, 195, 712, 194]

 ### Operon type: 80

	 A0A009YJF4	[0, 544, 543, 15, 60, 195, 712, 0, 194]

 ### Operon type: 81

	 A0A009HJC2	[69, 665, 359, 68, 295, 703, 124, 125, 126]
	 A0A009PAV9	[69, -1, 359, 68, 295, 703, 124, 125, 126]

 ### Operon type: 82

	 A0A009SE02	[0, 126, 0, 0, 0, 125, 124, 703, 295]

 ### Operon type: 83

	 A0A011QNA5	[0, 513, 512, 511, 0, 679, 678, 677, 676]
	 A0A009ZLJ7	[676, 677, 678, 679, 0, 0, 513, 512, 511]

 ### Operon type: 84

	 A0A013T0T6	[679, 678, 677, 676, 675, 674, 336, 673, 335]
	 A0A009HAX1	[679, 678, 677, 676, 675, 674, 336, 673, 335]
	 A0A009QMH5	[679, 678, 677, 676, 675, 674, 336, 673, 335]

 ### Operon type: 85

	 A0A010ILW6	[679, 678, 677, 676, 675, 674, 0, 0, 673]

 ### Operon type: 86

	 A0A009Z9X7	[678, 677, 676, 0, 675, 0, 485, 0, 673]

 ### Operon type: 87

	 A0A009PE10	[0, 0, 0, 676, 675, 123, 336, 673, -1]

 ### Operon type: 88

	 A0A009SYU8	[650, 653, 649, 648, 245, 712, 712, 646, 645]
	 A0A009RSB7	[650, 653, 649, 648, 245, 712, 712, 646, 645]
	 A0A009HS41	[650, 653, 649, 648, 245, 712, 712, 646, 645]

 ### Operon type: 89

	 A0A010IT25	[650, 653, 649, 648, 647, 712, 712, 646, 645]
	 A0A013SHA9	[650, 653, 649, 648, 647, 712, 712, 646, 645]
	 A0A009I466	[650, 653, 649, 648, 647, 712, 712, 646, 645]

 ### Operon type: 90

	 A0A009NMQ9	[650, 653, 649, 648, 647, 0, 712, 712, 646]

 ### Operon type: 91

	 A0A009P8A9	[0, 0, 649, 648, 245, 712, 712, 646, 645]

 ### Operon type: 92

	 A0A011PGU1	[0, 0, 460, 506, 505, 504, 459, 458, 457]
	 A0A011MDH1	[377, 0, 460, 506, 505, 504, 459, 458, 457]

 ### Operon type: 93

	 A0A011V0P4	[401, 400, 0, 0, 399, 0, 0, 398, 397]

 ### Operon type: 94

	 A0A011WPV7	[398, 397, 0, 0, 0, 0, 0, 0, 0]

 ### Operon type: 95

	 A0A011RNP9	[0, 0, 0, 0, 0, 615, 614, 0, 0]

 ### Operon type: 96

	 A0A011V0B5	[610, 0, 0, 0, 0, 0, 615, 0, 0]

 ### Operon type: 97

	 A0A011RQC9	[0, 610, 609, 0, 0, 0, 0, 608, 0]

 ### Operon type: 98

	 A0A011QG28	[508, 507, 506, 0, 505, 504, 503, 502, 501]
	 A0A011RIM8	[508, 507, 0, 0, 505, 504, 503, 502, 501]

 ### Operon type: 99

	 A0A011PHI6	[415, 0, 532, 0, 0, 531, 521, 564, 0]

 ### Operon type: 100

	 A0A011QI68	[0, 0, 532, 531, 0, 0, 0, 0, 0]

 ### Operon type: 101

	 A0A011P700	[0, 0, 490, 489, 0, 0, 0, 0, 0]

 ### Operon type: 102

	 A0A011QSI4	[0, 0, 490, 489, 488, 0, 0, 0, 0]

 ### Operon type: 103

	 A0A011NVJ6	[555, 554, 553, 552, 551, 660, 0, 0, 550]

 ### Operon type: 104

	 A0A011PVP2	[0, 554, 553, 552, 551, 660, 0, 0, 452]

 ### Operon type: 105

	 A0A011NXY7	[0, 0, 553, 0, 551, 0, 0, 0, 0]

 ### Operon type: 106

	 A0A011NUB4	[561, 578, 663, 560, 577, 576, 0, 559, 0]
	 A0A011QR69	[561, 578, 663, 560, 577, 576, 0, 0, 0]

 ### Operon type: 107

	 A0A011NN36	[578, 663, 0, 0, 577, 576, 0, 0, 0]

 ### Operon type: 108

	 A0A011PK69	[663, 444, 0, 0, 577, 576, 0, 0, 0]

 ### Operon type: 109

	 A0A011RMI6	[624, 623, 622, 621, 620, 619, 618, 617, 616]
	 A0A011NYD6	[624, 623, 622, 621, 620, 619, 618, 617, 616]

 ### Operon type: 110

	 A0A011QB28	[372, 624, 623, 0, 0, 619, 618, 617, 616]

 ### Operon type: 111

	 A0A011NF33	[0, 619, 618, 0, 0, 0, 0, 0, 0]

 ### Operon type: 112

	 A0A011NBY4	[356, 0, 0, 583, 0, 0, 355, 0, 0]

 ### Operon type: 113

	 A0A011WRT0	[356, 0, 0, 0, 0, 0, 0, 602, 0]

 ### Operon type: 114

	 A0A011SHV5	[0, 0, 0, 0, 0, 600, 602, 695, 0]

 ### Operon type: 115

	 A0A011NB95	[0, 486, 0, 0, 0, 0, 359, 358, 357]

 ### Operon type: 116

	 A0A011UHT4	[104, 89, 358, 0, 0, 41, 41, 357, 0]

 ### Operon type: 117

	 A0A010Z1W7	[0, 0, 0, 0, 0, 17, 0, 97, 98]

 ### Operon type: 118

	 A0A011VY84	[0, 0, 98, 97, 0, 0, 0, 0, 0]

 ### Operon type: 119

	 A0A010YW85	[0, 0, 0, 0, 0, 252, 0, 97, 98]

 ### Operon type: 120

	 A0A010ZMA0	[97, 362, 0, 0, 0, 0, 0, 0, 0]

 ### Operon type: 121

	 A0A011N5L2	[0, 0, 0, 362, 0, 361, 696, 0, 0]

 ### Operon type: 122

	 A0A010SQJ5	[281, 223, 0, 342, 341, 340, 0, 0, 0]

 ### Operon type: 123

	 A0A010STD3	[0, 0, 0, 342, 341, 340, 0, 646, 287]

 ### Operon type: 124

	 A0A011TD67	[343, 0, 0, 342, 341, 340, 339, 0, 338]

 ### Operon type: 125

	 A0A009ZC12	[0, 0, 0, 342, 0, 340, 339, 184, 498]

 ### Operon type: 126

	 A0A010RFQ9	[0, 0, 716, 0, 715, 0, 0, 0, 0]

 ### Operon type: 127

	 A0A010SPR9	[14, 14, 0, 0, 0, 715, 0, 0, 0]

 ### Operon type: 128

	 A0A013S288	[0, 0, 0, 285, 295, 284, 283, 0, 282]
	 A0A010J3I1	[0, 0, 0, 285, 295, 284, 283, 0, 282]

 ### Operon type: 129

	 A0A009PWG1	[350, 144, 143, 285, 295, 284, 283, 142, 282]
	 A0A013SXT2	[350, 144, 143, 285, 295, 284, 283, 142, 282]

 ### Operon type: 130

	 A0A009ZJK4	[0, 0, 0, 0, 0, 0, 653, 23, 0]

 ### Operon type: 131

	 A0A010SVN1	[-1, 23, 712, 218, 348, 0, 0, 653, 0]

 ### Operon type: 132

	 A0A009IMX3	[659, 0, 657, 0, 655, 115, 115, 602, 114]
	 A0A009SF48	[659, 0, 657, 0, 655, -1, 115, 602, 114]

 ### Operon type: 133

	 A0A009QEX0	[659, 658, 657, 656, 655, 115, 115, 602, 114]

 ### Operon type: 134

	 A0A010ISX2	[659, 658, 657, 656, 655, 654, 653, 652, 651]
	 A0A013S7V1	[659, 658, 657, 656, 655, 654, 653, 652, 651]
	 A0A009MR00	[659, 658, 657, 656, 655, 654, 653, 652, 651]
	 A0A009RES7	[659, 658, 657, 656, 655, 654, 653, 652, 651]

 ### Operon type: 135

	 A0A009GYP9	[0, 0, 0, 656, 655, 654, 653, 652, 651]

 ### Operon type: 136

	 A0A009YTT3	[0, 0, 0, 0, 0, 0, 653, 652, 651]

 ### Operon type: 137

	 A0A009PFK7	[251, 250, 249, 248, 247, 0, 0, 246, 0]
	 A0A009QGN4	[251, 250, 249, 248, 247, 246, 0, 0, 0]

 ### Operon type: 138

	 A0A009YR20	[0, 246, 0, 0, 0, 0, 250, 0, 0]

 ### Operon type: 139

	 A0A013SB36	[276, 275, 274, 273, 272, 0, 543, 271, 270]
	 A0A009QSI3	[276, 275, 274, 273, 272, 0, 543, 271, -1]

 ### Operon type: 140

	 A0A010ITP2	[276, 275, 274, 273, 272, 0, 543, 0, 0]

 ### Operon type: 141

	 A0A009SII9	[-1, 275, 274, 273, 0, 0, 0, 0, 196]

 ### Operon type: 142

	 A0A009HZV2	[0, 0, 0, 0, 141, 140, 213, 0, 0]

 ### Operon type: 143

	 A0A009QPE7	[0, 0, 0, 0, 141, 140, 0, 0, 0]

 ### Operon type: 144

	 A0A009GXL8	[63, 62, 61, 0, 60, 71, 147, 146, 145]

 ### Operon type: 145

	 A0A010JIW7	[63, 62, 61, 0, 60, 0, 0, 147, 146]

 ### Operon type: 146

	 A0A009MGR3	[0, 0, 103, 0, 333, 207, 102, 101, 100]

 ### Operon type: 147

	 A0A009Q4G0	[0, 86, 103, 0, 333, 0, 101, 100, 101]

 ### Operon type: 148

	 A0A009PUJ8	[0, 149, 0, 0, 0, 148, 147, 146, 145]

 ### Operon type: 149

	 A0A009QJA8	[146, 145, 0, 0, 0, 0, 0, 0, 0]

 ### Operon type: 150

	 A0A009PB53	[0, 0, 149, 0, 0, 101, 100, 101, 148]

 ### Operon type: 151

	 A0A013SNJ8	[653, 0, 0, 297, 296, 295, 304, 0, 0]
	 A0A013RZW2	[653, 286, 0, 297, 296, 295, 304, 0, 0]
	 A0A009RD69	[653, 286, 0, 297, 296, 295, 304, 174, 0]
	 A0A009SIZ4	[653, 286, 0, 297, 296, 0, 304, 174, 0]
	 A0A010J9U3	[653, 0, 0, 297, 296, 295, 304, 0, 0]

 ### Operon type: 152

	 A0A009PH20	[0, 0, 680, 297, 296, 295, 304, 0, 0]
	 A0A009IV03	[0, 0, 680, 297, 296, 0, 304, 0, 0]

 ### Operon type: 153

	 A0A009YIZ0	[653, 286, 680, 297, 296, 295, 304, 174, 117]

 ### Operon type: 154

	 A0A009QA91	[217, 216, 650, 712, 265, 265, 139, 312, 218]
	 A0A010J377	[217, 216, 650, 712, 265, 265, 139, 312, 218]

 ### Operon type: 155

	 A0A009MVG4	[219, 0, 266, 712, 265, 265, 0, 312, 218]
	 A0A009QQC0	[0, 0, 219, 712, 265, 265, 0, 312, 218]

 ### Operon type: 156

	 A0A009H7I0	[0, 0, 0, 712, 265, 265, 139, 312, 218]

 ### Operon type: 157

	 A0A009S1X4	[217, 216, 650, 712, 265, 265, 712, 0, 215]

 ### Operon type: 158

	 A0A013SHF4	[0, 0, 266, 712, 265, 265, 0, 264, 0]

 ### Operon type: 159

	 A0A009H7U0	[672, 503, 0, 671, 670, 669, 668, 0, 0]

 ### Operon type: 160

	 A0A010IMP8	[672, 0, 0, 671, 670, 669, 668, 0, 667]

 ### Operon type: 161

	 A0A013SZ54	[672, 0, 354, 671, 670, 0, 0, 0, 0]

 ### Operon type: 162

	 A0A009ZM43	[-1, 503, 354, 671, 670, 669, 668, 135, 667]

 ### Operon type: 163

	 A0A009YSC7	[0, 0, 355, 9, 0, 9, 289, 288, 0]

 ### Operon type: 164

	 A0A013RVV2	[639, 0, 289, 288, 0, 0, 0, 287, 0]

 ### Operon type: 165

	 A0A011Q5S3	[516, 376, 0, 0, 0, 0, 405, 404, 402]

 ### Operon type: 166

	 A0A011UZZ4	[0, 405, 404, 0, 0, 0, 403, 403, 402]

 ### Operon type: 167

	 A0A010YKP2	[0, 0, 0, 0, 0, 0, 550, 396, 0]

 ### Operon type: 168

	 A0A011V1A2	[400, 0, 0, 396, 0, 0, 0, 0, 0]

 ### Operon type: 169

	 A0A011Q2B1	[0, 0, 0, 0, 0, 630, 629, 628, 627]

 ### Operon type: 170

	 A0A011RLN8	[0, 0, 0, 632, 631, 630, 629, 628, 627]

 ### Operon type: 171

	 A0A011NGS0	[0, 0, 0, 0, 480, 479, 0, 0, 0]

 ### Operon type: 172

	 A0A011PW61	[0, 0, 0, 0, 480, 479, 0, 0, 478]

 ### Operon type: 173

	 A0A011UXI1	[0, 442, 0, 0, 480, 479, 408, 0, 0]

 ### Operon type: 174

	 A0A011SWI9	[-1, -1, 0, 415, 480, 479, 408, -1, -1]

 ### Operon type: 175

	 A0A011P952	[479, 0, 472, 0, 0, 472, 0, 0, 0]

 ### Operon type: 176

	 A0A011NSG8	[0, 0, 0, 564, 563, 562, 0, 563, 0]

 ### Operon type: 177

	 A0A011P0X4	[0, 0, 377, 0, 563, 0, 0, 562, 369]

 ### Operon type: 178

	 A0A009MJ75	[0, 0, 227, 226, 225, 0, 0, 0, 704]

 ### Operon type: 179

	 A0A010IH51	[0, 591, 0, 0, 225, 0, 704, 0, 0]

 ### Operon type: 180

	 A0A010YNY9	[0, 0, 18, 8, 0, 0, 0, 0, 411]

 ### Operon type: 181

	 A0A011AC71	[215, 0, 0, 351, 0, 18, 8, 0, 650]

 ### Operon type: 182

	 A0A011QLX0	[0, 515, 0, 0, 514, 0, 623, 622, 0]
	 A0A011PRW6	[515, 0, 0, 0, 514, 623, 622, 0, 0]

 ### Operon type: 183

	 A0A010SML6	[0, 623, 622, -1, 0, 565, 0, 0, 0]

 ### Operon type: 184

	 A0A009P817	[231, 0, 0, 0, 230, 0, 254, 229, 228]

 ### Operon type: 185

	 A0A009TIY0	[0, 0, 0, 0, 230, 0, 254, 229, 0]

 ### Operon type: 186

	 A0A009QKA3	[254, 229, 0, 228, 0, 0, 0, 0, 251]

 ### Operon type: 187

	 A0A009S854	[-1, 0, 0, 201, 291, 0, 0, 0, 290]

 ### Operon type: 188

	 A0A013RMD0	[-1, 0, 708, 0, 291, 716, 0, 0, 290]

 ### Operon type: 189

	 A0A009R016	[0, 88, 0, 0, 87, -1, 703, 0, 0]
	 A0A009HFU9	[0, 88, 0, 0, 87, 703, 0, 0, 0]

 ### Operon type: 190

	 A0A009HSR2	[0, 138, 137, 0, 136, 151, 152, 213, 153]

 ### Operon type: 191

	 A0A009SWM1	[0, 138, 137, 0, 136, 0, 0, 152, 0]

 ### Operon type: 192

	 A0A009MYX0	[154, 153, 0, 589, 0, 0, 152, 151, 150]

 ### Operon type: 193

	 A0A009QK79	[0, 0, 150, 151, 0, 152, 0, 0, 153]

 ### Operon type: 194

	 A0A009GXJ1	[395, 394, 151, 152, 64, 213, 153, 154, 0]

 ### Operon type: 195

	 A0A010IT95	[0, 0, 0, 703, 644, 643, 642, 641, 640]
	 A0A013TKW8	[0, 509, 0, 703, 644, 643, 642, 641, 640]
	 A0A009PRQ9	[0, 703, 234, 0, 644, 643, 642, 641, 640]
	 A0A009S0T6	[0, 0, 703, 234, 644, 643, 642, 641, 640]
	 A0A009I5G9	[0, 0, 703, 234, 644, 643, 642, 641, 640]
	 A0A009MH36	[0, 0, 0, 703, 644, 643, 642, 641, 640]
	 A0A009QT77	[0, 0, -1, 703, 644, 643, 642, 641, 640]
	 A0A009GWD0	[213, 0, 0, 703, 644, 643, 642, 641, 640]

 ### Operon type: 196

	 A0A013TMJ7	[665, -1, 0, 703, 644, 641, 640, 0, 0]

 ### Operon type: 197

	 A0A009HJJ5	[311, 701, 700, 0, 699, 698, 0, 697, 99]
	 A0A009I8I7	[311, 701, 700, 127, 699, 698, 0, 697, 99]

 ### Operon type: 198

	 A0A010JJN4	[0, 701, 700, 0, 699, 698, 0, 697, 696]
	 A0A013TPR7	[311, 701, 700, 0, 699, 698, 0, 697, 696]
	 A0A009PMT3	[311, 701, 700, 0, 699, 698, 236, 697, 696]
	 A0A009RMI1	[0, 701, 700, 0, 699, 698, 0, 697, 0]
	 A0A009YG45	[0, 311, 701, 700, 699, 0, 698, 236, 697]

 ### Operon type: 199

	 A0A009SEP4	[311, 701, 700, 127, 699, 0, 698, 236, 0]

 ### Operon type: 200

	 A0A009NI48	[311, 701, 700, 0, 699, 0, 0, 0, -1]

 ### Operon type: 201

	 A0A011WLE7	[0, 0, 0, 0, 0, 90, 0, 0, 0]
	 A0A011VU44	[0, 0, 0, 0, 0, 90, 0, 0, 0]

 ### Operon type: 202

	 A0A011VAP2	[0, 0, 33, 0, 0, 0, 0, 0, 32]

 ### Operon type: 203

	 A0A011VRJ8	[0, 0, 0, 0, 0, 0, 33, 0, 0]

 ### Operon type: 204

	 A0A011RNU1	[0, 0, 0, 0, 0, 0, 613, 613, 612]

 ### Operon type: 205

	 A0A011VKJ9	[0, 0, 0, 0, 0, 0, 612, 613, -1]

 ### Operon type: 206

	 A0A011WT35	[294, 0, 0, 0, 0, 0, 0, 0, 0]
	 A0A011V490	[0, 294, 0, 0, 0, 0, 0, 0, 0]

 ### Operon type: 207

	 A0A009T185	[578, 0, 662, 662, 664, 663, 662, 661, 660]

 ### Operon type: 208

	 A0A010IN36	[666, 665, 0, 0, 664, 663, 662, 661, 660]

 ### Operon type: 209

	 A0A009PG43	[663, 662, 580, 484, 0, 661, 660, 0, 0]

 ### Operon type: 210

	 A0A011PQZ7	[0, 0, 0, 428, 427, 0, 426, 0, 0]

 ### Operon type: 211

	 A0A011TUX4	[0, 0, 0, 0, 427, 0, 0, 426, 0]

 ### Operon type: 212

	 A0A011STZ9	[0, 0, 0, 426, 0, 0, 0, 0, 0]

 ### Operon type: 213

	 A0A011PUJ9	[0, 0, 0, 0, 0, 0, 0, 0, 453]
	 A0A011PRF5	[453, 0, 0, 0, 0, 0, 0, 0, 0]

 ### Operon type: 214

	 A0A011PFY8	[0, 0, 0, 0, 0, 0, 0, 0, 463]

 ### Operon type: 215

	 A0A011PNS3	[484, 463, 0, 0, 0, 0, 0, 0, 0]

 ### Operon type: 216

	 A0A011T648	[0, 463, 0, 0, 0, 0, 0, 663, 0]

 ### Operon type: 217

	 A0A011U3C2	[0, 0, 503, 0, 0, 0, 0, 0, 0]
	 A0A011AEN3	[0, 0, 0, 0, 0, 0, 503, 0, 0]

 ### Operon type: 218

	 A0A011AAZ2	[0, 581, 0, 0, 0, 503, 503, 503, 0]

 ### Operon type: 219

	 A0A011T698	[0, 0, 0, 0, 0, 650, 503, 0, 0]

 ### Operon type: 220

	 A0A009SNL0	[129, 128, 0, 0, 0, 0, 0, 0, 0]

 ### Operon type: 221

	 A0A009ZZC8	[-1, 128, 129, 0, 0, 0, 0, 0, 0]

 ### Operon type: 222

	 A0A009ZG48	[0, 0, 0, 509, 0, 0, 0, 0, 0]

 ### Operon type: 223

	 A0A011PEJ8	[0, 0, 464, 509, 0, 0, 0, 0, 0]

 ### Operon type: 224

	 A0A011QNJ7	[510, 0, 0, 509, 0, 0, 0, 510, 0]

 ### Operon type: 225

	 A0A011MMJ4	[0, 0, 0, 0, 0, 0, 0, 510, 0]

 ### Operon type: 226

	 A0A011R8M3	[0, 0, 464, 509, 0, 337, 0, 510, 0]

 ### Operon type: 227

	 A0A009TJ77	[0, 16, 0, 0, 0, 0, 0, 0, 0]

 ### Operon type: 228

	 A0A010RTE7	[0, 0, 0, 0, 0, 0, 36, 16, 0]

 ### Operon type: 229

	 A0A013TPQ9	[317, 316, 315, 314, 313, 712, 665, 312, 361]
	 A0A013S8F0	[317, 316, 315, 314, 313, 712, 665, 312, 361]
	 A0A009PMU2	[317, 316, 315, -1, 313, 712, 665, 312, 361]
	 A0A009SZ84	[317, 316, 315, 314, 313, 712, 665, 312, 361]

 ### Operon type: 230

	 A0A009IG48	[0, 0, 0, 134, 116, 0, 0, 0, 565]

 ### Operon type: 231

	 A0A009IMQ0	[0, 0, 0, 134, 116, 0, 0, 0, 0]

 ### Operon type: 232

	 A0A009SWV1	[0, 0, 0, 0, 0, 0, 0, 134, 0]

 ### Operon type: 233

	 A0A011TAW2	[0, 0, 0, 0, 0, 0, 350, 0, 0]
	 A0A009SFX8	[350, 0, 0, 0, 0, 0, 0, 0, 0]

 ### Operon type: 234

	 A0A011TZN1	[0, 0, 0, 0, 385, 0, 0, 0, 0]
	 A0A009RHH9	[0, 0, 0, 0, 385, 0, 0, 0, 0]

 ### Operon type: 235

	 A0A009PMZ9	[235, 0, 0, 0, 0, 0, 0, 0, 0]
	 A0A009Q512	[0, 0, 0, 0, 235, 0, 0, 0, 0]

 ### Operon type: 236

	 A0A009IFL2	[0, 183, 0, 80, -1, 0, 0, 0]

 ### Operon type: 237

	 A0A009ZDS1	[-1, -1, 0, 183, 0, 0, 694, 0, 0]

 ### Operon type: 238

	 A0A009NPS1	[0, 316, 315, 314, 313, -1, 0, 0, 0]
	 A0A009HJM0	[0, 316, 315, 314, 313, 712, 0, 0, 0]
	 A0A010IZH1	[-1, 316, 315, 314, 313, 712, 0, 0, 0]

 ### Operon type: 239

	 A0A009HUS9	[316, 315, 0, 0, 0, 0, -1, 0, 0]

 ### Operon type: 240

	 A0A009HM15	[0, 169, 168, 0, 0, 0, -1, 0, 0]

 ### Operon type: 241

	 A0A009RQL5	[0, 0, 0, 0, 0, 0, 169, 168, 0]

 ### Operon type: 242

	 A0A009IJ01	[0, 0, 0, 0, 0, 0, 169, 168, 167]

 ### Operon type: 243

	 A0A009NCH6	[0, 0, 0, 0, 0, 0, 0, 168, 167]

 ### Operon type: 244

	 A0A011UB51	[582, 0, 0, 0, 0, 0, 0, 0, 0]
	 A0A011UFH1	[0, 0, 0, 0, 0, 582, 0, 0, 0]

 ### Operon type: 245

	 A0A011V965	[0, -1, -1, 0, 34, 0, -1, -1, 0]
	 A0A011VHP2	[0, -1, -1, -1, 34, 0, 0, 0, 0]

 ### Operon type: 246

	 A0A010RVD0	[-1, 0, 0, -1, 0, 491, 491, 0, 20]

 ### Operon type: 247

	 A0A010T7Q5	[0, 20, 0, 0, 0, 0, -1, 0, 0]

 ### Operon type: 248

	 A0A010SNM6	[0, 0, -1, 0, 0, 0, 665, 0, 0]
	 A0A010SRR2	[0, 0, -1, 0, 0, 0, 0, 0, 665]

 ### Operon type: 249

	 A0A010SJH7	[0, 0, 665, -1, 0, 0, 139, 0, 0]

 ### Operon type: 250

	 A0A010RKP8	[0, 0, 0, 0, 0, 0, -1, 0, 0]
	 A0A011UZ32	[0, 0, 0, 0, 0, -1, 0, 0, 0]
	 A0A011UZ49	[0, -1, 0, 0, 0, 0, 0, 0, 0]
	 A0A011V107	[0, -1, 0, 0, 0, 0, 0, 0, 0]
	 A0A009PH57	[0, 0, -1, 0, 0, 0, 0, 0, 0]
	 A0A009N9Z1	[-1, 0, 0, 0, 0, 0, 0, 0, 0]
	 A0A009H6M2	[-1, 0, 0, 0, 0, 0, 0, 0, 0]
	 A0A009QDV7	[-1, 0, 0, 0, 0, 0, 0, 0, 0]
	 A0A009HJU6	[0, 0, 0, 0, 0, 0, 0, 0, -1]
	 A0A009IHQ3	[-1, 0, 0, 0, 0, 0, 0, 0, 0]
	 A0A009RG92	[-1, 0, 0, 0, 0, 0, 0, 0, 0]
	 A0A011U7M7	[0, 0, -1, 0, 0, 0, 0, 0, 0]
	 A0A010TF14	[-1, 0, 0, 0, 0, 0, 0, 0, 0]
	 A0A010RY47	[-1, 0, -1, 0, 0, 0, 0, 0, 0]
	 A0A010JDA6	[-1, 0, 0, 0, 0, 0, 0, 0, 0]
	 A0A009TG92	[0, 0, -1, 0, 0, 0, 0, 0, 0]

 ### Operon type: 251

	 A0A010SJF9	[0, 0, 0, 0, 0, -1, 0, 52, -1]

 ### Operon type: 252

	 A0A010T5D8	[0, 0, 0, -1, 0, -1, 304, 0, 0]

 ### Operon type: 253

	 A0A011ML54	[0, 0, 0, 92, 0, 0, 0, 0, -1]

 ### Operon type: 254

	 A0A011NHY1	[0, 0, 0, 0, 0, 665, 0, 0, 0]

 ### Operon type: 255

	 A0A010Z171	[0, 0, 0, 0, 0, 0, 665, 0, 589]

 ### Operon type: 256

	 A0A010ZX98	[0, 0, 0, 0, 0, 7, 665, 665, 0]

 ### Operon type: 257

	 A0A010YRE8	[0, 0, 0, 0, 0, 0, 0, 7, 0]

 ### Operon type: 258

	 A0A011AF05	[0, 0, 215, 7, 0, 0, 0, 0, 0]

 ### Operon type: 259

	 A0A011SQL0	[593, 0, -1, 0, 0, 0, 0, 0, 0]

 ### Operon type: 260

	 A0A009ZC82	[0, 0, 593, 0, 0, 0, 0, 0, 0]

 ### Operon type: 261

	 A0A011P3F6	[565, 0, 0, 593, 0, 0, 0, 0, 0]

 ### Operon type: 262

	 A0A011T697	[665, 0, 0, 0, 0, 0, 0, 0, 254]

 ### Operon type: 263

	 A0A011TDD1	[0, 349, 665, 0, 0, 0, 0, 0, 0]

 ### Operon type: 264

	 A0A011VW24	[0, 0, 626, 0, 0, 0, 0, 0, -1]

 ### Operon type: 265

	 A0A011T8V3	[0, 0, 626, 0, 0, 0, 0, 0, 0]

 ### Operon type: 266

	 A0A010TH98	[478, 0, 0, 626, 0, 0, 0, 0, 0]

 ### Operon type: 267

	 A0A011QVR3	[0, 0, 0, 0, 0, 0, 0, 486, 626]

 ### Operon type: 268

	 A0A011RM25	[0, 0, 0, 0, 0, 626, 0, 625, 0]

 ### Operon type: 269

	 A0A011VXC2	[-1, 352, 0, 0, 0, 0, 0, 0, 0]

 ### Operon type: 270

	 A0A011VYF1	[626, 0, 0, 0, 0, 0, 582, 0, 0]

 ### Operon type: 271

	 A0A010S415	[-1, 626, 0, 218, 0, 0, 0, 0, 683]

 ### Operon type: 272

	 A0A010IPH1	[0, 0, 0, 0, 0, 0, 0, 0, 0]
	 A0A011SGD5	[0, 0, 0, 0, 0, 0, 0, 0, 0]
	 A0A011NMI8	[0, 0, 0, 0, 0, 0, 0, 0, 0]
	 A0A011NTU3	[0, 0, 0, 0, 0, 0, 0, 0, 0]
	 A0A011QVV5	[0, 0, 0, 0, 0, 0, 0, 0, 0]
	 A0A011QMJ8	[0, 0, 0, 0, 0, 0, 0, 0, 0]
	 A0A011QSN2	[0, 0, 0, 0, 0, 0, 0, 0, 0]
	 A0A011P4U7	[0, 0, 0, 0, 0, 0, 0, 0, 0]
	 A0A011P9Z5	[0, 0, 0, 0, 0, 0, 0, 0, 0]
	 A0A011PBM9	[0, 0, 0, 0, 0, 0, 0, 0, 0]
	 A0A011PKU5	[0, 0, 0, 0, 0, 0, 0, 0, 0]
	 A0A011PJK8	[0, 0, 0, 0, 0, 0, 0, 0, 0]
	 A0A011PNN2	[0, 0, 0, 0, 0, 0, 0, 0, 0]
	 A0A011UTJ0	[0, 0, 0, 0, 0, 0, 0, 0, 0]
	 A0A011UWH1	[0, 0, 0, 0, 0, 0, 0, 0, 0]
	 A0A011UHL2	[0, 0, 0, 0, 0, 0, 0, 0, 0]
	 A0A011Q056	[0, 0, 0, 0, 0, 0, 0, 0, 0]
	 A0A011Q1B3	[0, 0, 0, 0, 0, 0, 0, 0, 0]
	 A0A011N2Z0	[0, 0, 0, 0, 0, 0, 0, 0, 0]
	 A0A011N3C3	[0, 0, 0, 0, 0, 0, 0, 0, 0]
	 A0A011N4G4	[0, 0, 0, 0, 0, 0, 0, 0, 0]
	 A0A011NAJ1	[0, 0, 0, 0, 0, 0, 0, 0, 0]
	 A0A011NAY5	[0, 0, 0, 0, 0, 0, 0, 0, 0]
	 A0A011NDM5	[0, 0, 0, 0, 0, 0, 0, 0, 0]
	 A0A011TAF9	[0, 0, 0, 0, 0, 0, 0, 0, 0]
	 A0A011TLH0	[0, 0, 0, 0, 0, 0, 0, 0, 0]
	 A0A011TWN2	[0, 0, 0, 0, 0, 0, 0, 0, 0]
	 A0A013T8M5	[0, 0, 0, 0, 0, 0, 0, 0, 0]
	 A0A013TEV4	[0, 0, 0, 0, 0, 0, 0, 0, 0]
	 A0A013TPV4	[0, 0, 0, 0, 0, 0, 0, 0, 0]
	 A0A013SL47	[0, 0, 0, 0, 0, 0, 0, 0, 0]
	 A0A011WUT3	[0, 0, 0, 0, 0, 0, 0, 0, 0]
	 A0A013S2B9	[0, 0, 0, 0, 0, 0, 0, 0, 0]
	 A0A013SBR8	[0, 0, 0, 0, 0, 0, 0, 0, 0]
	 A0A009PG53	[0, 0, 0, 0, 0, 0, 0, 0, 0]
	 A0A009PT82	[0, 0, 0, 0, 0, 0, 0, 0, 0]
	 A0A009NQA1	[0, 0, 0, 0, 0, 0, 0, 0, 0]
	 A0A009MMM3	[0, 0, 0, 0, 0, 0, 0, 0, 0]
	 A0A009T1I8	[0, 0, 0, 0, 0, 0, 0, 0, 0]
	 A0A009IRJ6	[0, 0, 0, 0, 0, 0, 0, 0, 0]
	 A0A009ISY0	[0, 0, 0, 0, 0, 0, 0, 0, 0]
	 A0A009M4K0	[0, 0, 0, 0, 0, 0, 0, 0, 0]
	 A0A009MGJ1	[0, 0, 0, 0, 0, 0, 0, 0, 0]
	 A0A009MGQ8	[0, 0, 0, 0, 0, 0, 0, 0, 0]
	 A0A009I463	[0, 0, 0, 0, 0, 0, 0, 0, 0]
	 A0A009N031	[0, 0, 0, 0, 0, 0, 0, 0, 0]
	 A0A009N123	[0, 0, 0, 0, 0, 0, 0, 0, 0]
	 A0A009MH90	[0, 0, 0, 0, 0, 0, 0, 0, 0]
	 A0A009Q3K7	[0, 0, 0, 0, 0, 0, 0, 0, 0]
	 A0A009QQ47	[0, 0, 0, 0, 0, 0, 0, 0, 0]
	 A0A009SWU0	[0, 0, 0, 0, 0, 0, 0, 0, 0]
	 A0A009SCM5	[0, 0, 0, 0, 0, 0, 0, 0, 0]
	 A0A009RHH7	[0, 0, 0, 0, 0, 0, 0, 0, 0]
	 A0A009RMD0	[0, 0, 0, 0, 0, 0, 0, 0, 0]
	 A0A009RR21	[0, 0, 0, 0, 0, 0, 0, 0, 0]
	 A0A009HBT3	[0, 0, 0, 0, 0, 0, 0, 0, 0]
	 A0A009I0I9	[0, 0, 0, 0, 0, 0, 0, 0, 0]
	 A0A009HL81	[0, 0, 0, 0, 0, 0, 0, 0, 0]
	 A0A011VYF6	[0, 0, 0, 0, 0, 0, 0, 0, 0]
	 A0A011VWR4	[0, 0, 0, 0, 0, 0, 0, 0, 0]
	 A0A011WKI4	[0, 0, 0, 0, 0, 0, 0, 0, 0]
	 A0A011VZG0	[0, 0, 0, 0, 0, 0, 0, 0, 0]
	 A0A011VW71	[0, 0, 0, 0, 0, 0, 0, 0, 0]
	 A0A011V8Y9	[0, 0, 0, 0, 0, 0, 0, 0, 0]
	 A0A009R2X0	[0, 0, 0, 0, 0, 0, 0, 0, 0]
	 A0A009R4N4	[0, 0, 0, 0, 0, 0, 0, 0, 0]
	 A0A009RBQ2	[0, 0, 0, 0, 0, 0, 0, 0, 0]
	 A0A009QVK8	[0, 0, 0, 0, 0, 0, 0, 0, 0]
	 A0A009HTN9	[0, 0, 0, 0, 0, 0, 0, 0, 0]
	 A0A009HIL8	[0, 0, 0, 0, 0, 0, 0, 0, 0]
	 A0A010SHY1	[0, 0, 0, 0, 0, 0, 0, 0, 0]
	 A0A009SHB3	[0, 0, 0, 0, 0, 0, 0, 0, 0]
	 A0A009SIF9	[0, 0, 0, 0, 0, 0, 0, 0, 0]
	 A0A011UBN9	[0, 0, 0, 0, 0, 0, 0, 0, 0]
	 A0A011UFM5	[0, 0, 0, 0, 0, 0, 0, 0, 0]
	 A0A011UG71	[0, 0, 0, 0, 0, 0, 0, 0, 0]
	 A0A011UGX8	[0, 0, 0, 0, 0, 0, 0, 0, 0]
	 A0A009PAG1	[0, 0, 0, 0, 0, 0, 0, 0, 0]
	 A0A009PDV4	[0, 0, 0, 0, 0, 0, 0, 0, 0]
	 A0A011VMV7	[0, 0, 0, 0, 0, 0, 0, 0, 0]
	 A0A011VNE2	[0, 0, 0, 0, 0, 0, 0, 0, 0]
	 A0A011VSC9	[0, 0, 0, 0, 0, 0, 0, 0, 0]
	 A0A011VUV0	[0, 0, 0, 0, 0, 0, 0, 0, 0]
	 A0A011WSE5	[0, 0, 0, 0, 0, 0, 0, 0, 0]
	 A0A010T025	[0, 0, 0, 0, 0, 0, 0, 0, 0]
	 A0A010IZE4	[0, 0, 0, 0, 0, 0, 0, 0, 0]
	 A0A010SPJ7	[0, 0, 0, 0, 0, 0, 0, 0, 0]
	 A0A010SSQ8	[0, 0, 0, 0, 0, 0, 0, 0, 0]
	 A0A009T3J5	[0, 0, 0, 0, 0, 0, 0, 0, 0]
	 A0A010YJA7	[0, 0, 0, 0, 0, 0, 0, 0, 0]
	 A0A010YZS8	[0, 0, 0, 0, 0, 0, 0, 0, 0]
	 A0A010Z120	[0, 0, 0, 0, 0, 0, 0, 0, 0]
	 A0A010ZTI3	[0, 0, 0, 0, 0, 0, 0, 0, 0]
	 A0A011A146	[0, 0, 0, 0, 0, 0, 0, 0, 0]
	 A0A011AIL7	[0, 0, 0, 0, 0, 0, 0, 0, 0]
	 A0A010ZJQ6	[0, 0, 0, 0, 0, 0, 0, 0, 0]

 ### Operon type: 273

	 A0A010TG27	[435, 0, 40, 0, 0, 0, 712, 0, 0]

 ### Operon type: 274

	 A0A011PMK1	[0, 0, 0, 0, 0, 0, 0, 435, 0]

 ### Operon type: 275

	 A0A009HRU1	[0, 151, 0, 0, 0, 0, 0, 0, 0]

 ### Operon type: 276

	 A0A009HSN8	[0, 86, 0, 0, 0, -1, 0, 148, -1]

 ### Operon type: 277

	 A0A009HV82	[147, 0, 0, 0, 0, 0, 0, 0, 0]

 ### Operon type: 278

	 A0A009IG74	[0, 0, 226, 0, 295, -1, 0, 0, 0]

 ### Operon type: 279

	 A0A009IJ90	[0, 170, 0, 0, 0, 0, 0, 0, 0]

 ### Operon type: 280

	 A0A009ISE1	[698, 0, 697, 0, 0, -1, 0, 0, 0]

 ### Operon type: 281

	 A0A009NM94	[0, 604, 604, 0, 0, 0, 349, 0, 0]

 ### Operon type: 282

	 A0A009Q4N5	[0, 0, 231, 0, 0, 0, 0, 0, 0]

 ### Operon type: 283

	 A0A009SSZ9	[0, 161, 0, 0, 0, 0, 0, 0, 0]

 ### Operon type: 284

	 A0A009TBM2	[0, 0, 0, 0, 0, 0, 0, 0, 282]

 ### Operon type: 285

	 A0A009Q8S9	[0, 0, 565, 282, 0, 584, 0, 0, 0]

 ### Operon type: 286

	 A0A009YIH1	[0, 0, 0, 0, 206, 0, -1, -1, 10]

 ### Operon type: 287

	 A0A009YR05	[0, 0, 0, 0, 29, 0, 0, 0, 0]

 ### Operon type: 288

	 A0A009Z004	[193, 0, 193, 0, 0, 589, 0, 0, 0]

 ### Operon type: 289

	 A0A010IGH8	[0, 0, 0, 0, 0, 0, 0, 287, 0]

 ### Operon type: 290

	 A0A010JIN9	[692, 0, 0, 16, 133, 0, 0, 0, 0]

 ### Operon type: 291

	 A0A010RS09	[0, 0, 0, 0, 36, 0, 714, 714, 0]

 ### Operon type: 292

	 A0A010RUQ5	[0, 0, 0, 0, 0, 0, 0, 0, 384]

 ### Operon type: 293

	 A0A010S195	[593, 0, 17, 24, 0, 0, 0, 0, 0]

 ### Operon type: 294

	 A0A010SCZ2	[0, 0, 0, 0, 0, 0, 0, 54, 0]

 ### Operon type: 295

	 A0A010SN41	[0, 0, 0, 0, 51, 0, 0, 0, 0]

 ### Operon type: 296

	 A0A010SSU2	[0, 0, 0, 0, 64, 0, -1, 473, 0]

 ### Operon type: 297

	 A0A010SUP6	[0, 0, 0, 0, 0, 0, 0, 24, 0]

 ### Operon type: 298

	 A0A010SUY9	[0, 0, 0, 0, 0, 337, 464, 0]

 ### Operon type: 299

	 A0A010THK2	[0, 0, -1, 0, 0, 714, 589, 0, 0]

 ### Operon type: 300

	 A0A010SRL4	[40, 0, 0, -1, 0, 0, 0, 589, 110]

 ### Operon type: 301

	 A0A010YF95	[402, 0, 0, 0, 0, 0, 0, 0, 0]

 ### Operon type: 302

	 A0A010YT39	[0, 30, 0, 0, 0, 0, 0, 0, 0]

 ### Operon type: 303

	 A0A010YX61	[268, 503, 0, 626, 0, 0, 0, 0, 0]

 ### Operon type: 304

	 A0A010ZWJ8	[0, 0, 0, 0, 0, 475, 0, 0, 0]

 ### Operon type: 305

	 A0A009ZVR4	[609, 0, 503, 0, 0, 50, 0, 0, 0]

 ### Operon type: 306

	 A0A011AHW1	[0, 0, 0, 0, 0, 0, 0, 2, 0]

 ### Operon type: 307

	 A0A011NE37	[354, 0, 0, 0, 0, 0, 0, 0, 0]

 ### Operon type: 308

	 A0A011NF78	[0, 0, 542, 0, 0, 0, 0, 0, 0]

 ### Operon type: 309

	 A0A011NVE2	[0, 0, 0, 663, 0, 0, 665, 0, 586]

 ### Operon type: 310

	 A0A011NXJ4	[0, 0, 0, 0, 0, 0, 0, 0, 548]

 ### Operon type: 311

	 A0A011P8I1	[0, 0, 501, 503, 0, 0, 0, 0, 475]

 ### Operon type: 312

	 A0A011P9Q7	[649, 0, 0, 0, 0, 0, 0, 0, 0]

 ### Operon type: 313

	 A0A011PCT1	[0, 0, 0, 0, 0, 0, 0, 627, 0]

 ### Operon type: 314

	 A0A011PJ75	[0, 663, 662, 663, 0, 0, 0, 0, 0]

 ### Operon type: 315

	 A0A011PRB4	[0, 0, 0, 0, 0, 0, 0, 425, 0]

 ### Operon type: 316

	 A0A011Q5V7	[375, 0, 0, 0, 0, 0, 0, 0, 0]

 ### Operon type: 317

	 A0A011QU35	[0, 0, 0, 0, 487, 0, 0, 0, 0]

 ### Operon type: 318

	 A0A011QVT2	[485, 0, 0, 0, 0, 0, 0, 484, 0]

 ### Operon type: 319

	 A0A011RP14	[0, 0, 0, 0, 0, 0, 0, 611, 0]

 ### Operon type: 320

	 A0A011SM49	[665, 0, 611, 0, 0, 0, 594, 0, 0]

 ### Operon type: 321

	 A0A011AM27	[426, 0, 0, 0, 699, 0, 0, 0, 21]

 ### Operon type: 322

	 A0A011T607	[0, 0, 452, 0, 0, 0, 0, 0, 349]

 ### Operon type: 323

	 A0A010S5W8	[0, 0, 366, 452, 0, 0, 0, 0, 0]

 ### Operon type: 324

	 A0A011MSR2	[0, 0, 0, 366, 0, 0, 0, 440, 0]

 ### Operon type: 325

	 A0A010YYJ5	[0, 0, 0, 440, 0, 0, 0, 50, 50]

 ### Operon type: 326

	 A0A011TED9	[0, 0, 0, 0, 0, 347, 0, 0, 0]

 ### Operon type: 327

	 A0A011TXS5	[0, 592, 0, 0, 0, 0, 0, 0, 0]

 ### Operon type: 328

	 A0A011U144	[0, 384, 0, 0, 0, 0, 548, 383, 0]

 ### Operon type: 329

	 A0A011U1C8	[650, 0, 0, 0, 0, 0, 0, 0, 382]

 ### Operon type: 330

	 A0A011U483	[0, 0, 0, 0, 0, 476, 0, 0, 0]

 ### Operon type: 331

	 A0A011UDF3	[0, 0, 0, 0, 0, 343, 0, 0, 0]

 ### Operon type: 332

	 A0A011UG86	[0, 564, 0, 0, 0, 52, 0, 0, 0]

 ### Operon type: 333

	 A0A011UGY3	[0, 0, 0, 42, 0, 0, 0, 42, 0]

 ### Operon type: 334

	 A0A011UJN3	[0, 661, 0, 0, 0, 0, 0, 0, 0]

 ### Operon type: 335

	 A0A009INE0	[666, 0, 0, 0, 0, 0, 0, 662, 661]

 ### Operon type: 336

	 A0A011UQB5	[601, 583, 0, 0, 0, 0, 0, 582, 0]

 ### Operon type: 337

	 A0A011UVI5	[0, 0, 0, 0, 0, 411, 663, 663, 0]

 ### Operon type: 338

	 A0A011UWI3	[0, 0, 0, 0, 410, 0, 409, 593, 0]

 ### Operon type: 339

	 A0A011V5E6	[0, 0, 0, 0, 0, 260, 0, 0, 0]

 ### Operon type: 340

	 A0A011M4H6	[32, 0, 709, 0, 0, 0, 0, 0, 0]

 ### Operon type: 341

	 A0A011VSV3	[0, 0, 0, 0, 0, 0, 506, 0, 0]

 ### Operon type: 342

	 A0A011VWI0	[0, 0, 0, 0, 0, 89, 0, 0, 0]

 ### Operon type: 343

	 A0A011VZ91	[95, 0, 0, 0, 0, 0, 0, 0, 0]

 ### Operon type: 344

	 A0A011W213	[0, 0, 0, 0, 0, 559, 0, 0, 0]

 ### Operon type: 345

	 A0A011WP76	[0, 0, 0, 0, 0, 0, 0, 0, 518]

 ### Operon type: 346

	 A0A011WSD4	[0, 0, 0, -1, 0, 440, 0, 0, 294]

 ### Operon type: 347

	 A0A011VZF5	[0, 0, 256, 257, 0, 440, 294, 440, 0]

 ### Operon type: 348

	 A0A011WSU6	[0, 440, 0, 0, 258, 0, 0, 0, 0]

 ### Operon type: 349

	 A0A013S843	[0, 312, 0, 0, 0, 0, -1, 281, 0]

 ### Operon type: 350

	 A0A013S981	[277, 0, 0, 0, 0, 0, 0, 0, 0]

 ### Operon type: 351

	 A0A013T337	[0, 0, 0, 0, 0, 0, 0, 0, 334]

 ### Operon type: 352

	 A0A013T5E6	[0, 0, 0, 333, 0, 0, 0, 0, 0]

 ### Operon type: 353

	 A0A013SGL3	[310, 269, 268, 267, 309, 455, 308, 650, 307]
	 A0A009I5Z6	[310, 0, 268, 267, 309, 455, 308, 650, 307]
	 A0A009NE81	[310, 269, 268, 267, 309, 455, 308, 650, 307]
	 A0A009RQH3	[310, 0, 0, 267, 309, 455, 308, 650, 307]
	 A0A010KAV2	[310, 0, 0, 267, 309, 455, 308, 650, 307]

 ### Operon type: 354

	 A0A013TB41	[310, -1, 0, 0, 309, 455, 308, 650, 307]

 ### Operon type: 355

	 A0A009H3X4	[310, 0, 0, 0, 309, 455, -1, 714, -1]

 ### Operon type: 356

	 A0A009YL68	[0, 0, 650, 310, 309, 0, 0, 184, 0]

 ### Operon type: 357

	 A0A009T9H0	[0, 10, 565, -1, 0, 0, 152, 0, 151]

 ### Operon type: 358

	 A0A010THH5	[0, 53, 183, 411, 0, 0, 695, 0, 694]

 ### Operon type: 359

	 A0A011VZE3	[0, 0, 0, 712, 94, 0, 0, 0, 0]
	 A0A011WSH8	[0, 0, 0, 712, 94, 0, 0, 0, 0]

 ### Operon type: 360

	 A0A011NAF3	[0, 0, 0, 0, 0, 0, 712, 0, 432]

 ### Operon type: 361

	 A0A009IQ93	[111, 0, 712, 0, 0, 110, 0, 0, 0]

 ### Operon type: 362

	 A0A009TLU4	[0, 592, -1, 171, 0, 13, 0, -1, -1]

 ### Operon type: 363

	 A0A010JNG7	[703, 0, 0, 702, 0, 0, 0, 0, 0]

 ### Operon type: 364

	 A0A010S003	[458, 0, 0, 0, 0, 564, 564, 223, 0]

 ### Operon type: 365

	 A0A010SMN8	[0, -1, 18, 0, 715, 0, 0, 462, 0]

 ### Operon type: 366

	 A0A010SXS1	[0, 580, 0, 0, 0, 91, 0, 0, 484]

 ### Operon type: 367

	 A0A010T689	[21, -1, 695, 615, 0, 0, 0, 0, 0]

 ### Operon type: 368

	 A0A010TBB4	[0, 77, 0, 52, 0, 0, 0, 0, 650]

 ### Operon type: 369

	 A0A010YFK3	[0, 374, 0, 0, 0, 0, 27, 0, 382]

 ### Operon type: 370

	 A0A010YVY1	[6, 0, 6, 0, 0, 0, 0, 223, 0]

 ### Operon type: 371

	 A0A010Z7T4	[0, 0, 0, 0, 0, 0, 0, 704, 428]

 ### Operon type: 372

	 A0A010RRR9	[0, 0, 0, 0, 706, 0, 0, 705, 704]

 ### Operon type: 373

	 A0A010SIA7	[0, 0, 705, 56, 0, 0, 0, 0, 0]

 ### Operon type: 374

	 A0A010ZSZ2	[0, 581, 0, 368, 367, 0, 0, 0, 0]

 ### Operon type: 375

	 A0A010Z0Y7	[0, 0, 0, 0, 367, 218, 0, 0, 0]

 ### Operon type: 376

	 A0A010ZUR7	[26, 3, 0, 3, 0, 2, 223, 0, 0]

 ### Operon type: 377

	 A0A011A0M8	[0, 0, 589, 0, 80, 0, 0, 1, 1]

 ### Operon type: 378

	 A0A011NFL4	[0, 603, 0, 0, 566, 435, 0, 30, 0]

 ### Operon type: 379

	 A0A011P407	[0, 0, 477, 602, 0, 0, 650, 0, 476]

 ### Operon type: 380

	 A0A011QGT2	[712, 0, 0, 534, 533, 0, 0, 0, 0]

 ### Operon type: 381

	 A0A011QSA4	[500, 0, 499, 498, 0, 0, 0, 0, 542]

 ### Operon type: 382

	 A0A011T6J6	[0, 375, 0, 503, 0, 0, 253, 0, 252]

 ### Operon type: 383

	 A0A011TAL2	[0, 452, 0, 0, 0, 351, 0, 550, 0]

 ### Operon type: 384

	 A0A011TYT7	[0, 0, 0, 0, 0, 0, 591, 590, 590]

 ### Operon type: 385

	 A0A011TZG0	[589, 588, 0, 0, 0, 0, 0, 587, 0]

 ### Operon type: 386

	 A0A011Q6N5	[0, 0, 0, 0, 0, 0, 373, 588, 373]

 ### Operon type: 387

	 A0A011UII7	[0, 0, 0, 0, 0, 586, 585, 0, 0]

 ### Operon type: 388

	 A0A011UNT9	[584, 597, 0, 0, 0, 0, 0, 0, 0]

 ### Operon type: 389

	 A0A011SIS0	[0, 599, 598, 598, 0, 0, 0, 597, 0]

 ### Operon type: 390

	 A0A011UT49	[0, 581, 0, 0, 0, 0, 580, 579, 0]

 ### Operon type: 391

	 A0A011VU65	[45, 0, 0, 0, 0, 27, 0, 0, 0]

 ### Operon type: 392

	 A0A011VV03	[0, 26, 0, 0, 399, 32, 0, 0, 0]

 ### Operon type: 393

	 A0A011VVZ9	[0, 0, -1, 0, 0, 54, 25, 25, 596]

 ### Operon type: 394

	 A0A011VWX7	[484, 401, 0, 0, 0, 0, 0, 600, 0]

 ### Operon type: 395

	 A0A011VXK7	[604, 604, 0, 669, 0, 0, 0, 404, 0]

 ### Operon type: 396

	 A0A011W0I6	[93, 0, 0, 0, 0, 363, 0, 92, 0]

 ### Operon type: 397

	 A0A010YEF6	[0, 93, 0, 0, 0, 0, 0, 0, 22]

 ### Operon type: 398

	 A0A013SQH1	[0, 0, 0, 0, 51, 443, 0, 703, 359]

 ### Operon type: 399

	 A0A009LNU8	[173, 182, 406, 172, 0, 171, 0, 703, 0]

 ### Operon type: 400

	 A0A013SRG6	[70, 172, 406, 182, 0, 181, 0, 173, 575]

 ### Operon type: 401

	 A0A009IQU8	[0, 182, 0, 0, 0, 181, 575, 0, 0]

 ### Operon type: 402

	 A0A010K2K8	[406, 172, 70, 0, 0, 0, 0, -1, 703]

 ### Operon type: 403

	 A0A011NPR8	[0, 575, 0, 0, 0, 0, 574, 0, 0]

 ### Operon type: 404

	 A0A010SEA2	[376, 574, 53, 0, 0, 0, 0, 0, 0]

 ### Operon type: 405

	 A0A009ZIC0	[87, 79, 708, 201, 291, 716, 78, 77, 290]

 ### Operon type: 406

	 A0A009ZB47	[186, 185, 0, 0, 0, 440, 692, 0, 0]

 ### Operon type: 407

	 A0A010RM40	[713, 712, 711, 0, 0, 0, 0, -1, 710]

 ### Operon type: 408

	 A0A010RRQ6	[0, 709, 0, 0, 0, 715, 708, 707, 0]

 ### Operon type: 409

	 A0A010S423	[253, 0, 0, 0, 0, 0, 0, 409, 608]

 ### Operon type: 410

	 A0A010T0I7	[0, 0, 22, 0, 0, 501, 499, 712, 0]

 ### Operon type: 411

	 A0A011AHU9	[0, 0, 0, 0, 0, 0, 0, 4, 195]

 ### Operon type: 412

	 A0A010YY02	[0, 5, 0, 0, 5, 379, 11, 0, 4]

 ### Operon type: 413

	 A0A011NA78	[0, 360, 0, 0, 0, 491, 0, 0, 710]

 ### Operon type: 414

	 A0A011P8W7	[474, 477, 484, 0, 473, 0, 0, 0, 0]

 ### Operon type: 415

	 A0A011PG97	[462, 0, 0, 461, 0, 0, 0, 0, 0]

 ### Operon type: 416

	 A0A011PKT4	[0, 443, 0, 0, 0, 0, 442, 0, 0]

 ### Operon type: 417

	 A0A011PLB2	[0, 474, 0, 444, 0, 0, 0, 0, 0]

 ### Operon type: 418

	 A0A011R339	[0, 0, 0, 0, 0, 0, 395, 394, 0]

 ### Operon type: 419

	 A0A011SFE5	[0, 0, 0, 604, 0, 0, 603, 602, 601]

 ### Operon type: 420

	 A0A011SJT5	[0, 0, 0, 596, 595, 595, 595, 595, 595]

 ### Operon type: 421

	 A0A011TDQ5	[0, 0, 0, 0, 348, 364, 0, 0, 0]

 ### Operon type: 422

	 A0A011UG17	[237, 0, 96, 0, 46, 45, 0, 0, 0]

 ### Operon type: 423

	 A0A011V8Z7	[0, 0, 0, 0, 0, 44, 43, 0, 0]

 ### Operon type: 424

	 A0A011VT01	[0, 0, 28, 0, 0, 28, 0, 0, 240]

 ### Operon type: 425

	 A0A011VYP6	[0, 0, 0, 0, 0, 0, 96, 449, 0]

 ### Operon type: 426

	 A0A011V392	[352, 0, 425, 256, 257, 255, 0, 258, 259]

 ### Operon type: 427

	 A0A009Q0U9	[653, 122, 121, 0, 119, 118, -1, -1, 0]

 ### Operon type: 428

	 A0A010SRB2	[13, 12, 0, 0, 0, 12, 19, 0, 0]

 ### Operon type: 429

	 A0A011VJ76	[31, 31, 579, 30, 0, 712, 589, 0, 477]

 ### Operon type: 430

	 A0A013SKX6	[0, 0, 610, 0, 295, 295, 263, 262, 261]

 ### Operon type: 431

	 A0A010KA25	[692, 0, 695, 648, 75, 0, 0, 692, 316]

 ### Operon type: 432

	 A0A011WUA8	[372, 0, 0, 293, 0, 0, 0, 292, 292]

 ### Operon type: 433

	 A0A010S4X6	[0, 218, 711, 564, 302, 0, 555, 441, 714]

 ### Operon type: 434

	 A0A011U8C0	[0, 49, 48, 0, 407, 47, 0, 0, 0]
