
 ### Operon type: 1

	 A0A010ILU3	[419, 418, 417, 557, 416, 415, 414, 413, 472]
	 A0A009QS71	[419, 418, 417, 557, 416, 415, 414, 413, 472]
	 A0A009QBR9	[419, 418, 417, 557, 416, 415, 413, 472, 239]
	 A0A009MW50	[419, 418, 417, 557, 416, 415, 414, 413, 472]
	 A0A009H3B0	[419, 418, 417, 557, 416, 415, 414, 413, 472]
	 A0A009I8S2	[419, 418, 417, 557, 416, 415, 413, 472, 239]
	 A0A009TM70	[419, 418, 417, 557, 416, 415, 413, 472, 239]

 ### Operon type: 2

	 A0A013TH43	[550, 549, 786, 548, 547, 546, 545, 544, 543]
	 A0A009RAF0	[550, 549, 786, 548, 547, 546, 545, 544, 543]

 ### Operon type: 3

	 A0A011PVT3	[792, 602, 601, 600, 675, 599, 598, 597, 596]
	 A0A011R7V7	[792, 602, 601, 600, 675, 599, 598, 597, 596]
	 A0A011MET3	[792, 602, 601, 600, 675, 599, 598, 597, 596]

 ### Operon type: 4

	 A0A013SNJ8	[532, 473, 472, 471, 470, 524, 480, 469, 468]
	 A0A013RZW2	[532, 473, 472, 471, 470, 524, 480, 469, 468]
	 A0A009IV03	[532, 473, 472, 471, 470, 524, 480, 469, 468]
	 A0A009PH20	[532, 473, 472, 471, 470, 524, 480, 469, 468]
	 A0A010J9U3	[532, 473, 472, 471, 470, 524, 480, 469, 468]
	 A0A009MMM3	[532, 473, 472, 471, 470, 524, 480, 469, 468]
	 A0A009SIZ4	[532, 473, 472, 471, 470, 524, 480, 469, 468]
	 A0A009HBT3	[532, 473, 472, 471, 470, 524, 480, 469, 468]
	 A0A009RD69	[532, 473, 472, 471, 470, 524, 480, 469, 468]
	 A0A009YIZ0	[532, 473, 472, 471, 470, 524, 480, 469, 468]

 ### Operon type: 5

	 A0A009PH57	[197, 196, -1, 195, 194, 751, 193, 398, 192]
	 A0A009TG92	[197, 196, -1, 195, 194, 751, 193, 398, 192]

 ### Operon type: 6

	 A0A013S288	[456, 455, 454, 453, 524, 452, 451, 450, 449]
	 A0A013SXT2	[456, 455, 454, 453, 524, 452, 451, 450, 449]
	 A0A009I0I9	[456, 455, 454, 453, 524, 452, 451, 450, 449]
	 A0A010J3I1	[456, 455, 454, 453, 524, 452, 451, 450, 449]
	 A0A009N031	[456, 455, 454, 453, 524, 452, 451, 450, 449]
	 A0A009PWG1	[456, 455, 454, 453, 524, 452, 451, 450, 449]
	 A0A009R2X0	[456, 455, 454, 453, 524, 452, 451, 450, 449]
	 A0A009SFX8	[456, 455, 454, 453, 46, 524, 452, 451, 450]
	 A0A009TBM2	[455, 454, 453, 46, 524, 452, 451, 450, 449]

 ### Operon type: 7

	 A0A013T8M5	[565, 696, 564, 563, 562, 561, 560, 559, 558]
	 A0A010IMP8	[565, 696, 564, 563, 562, 561, 560, 559, 558]
	 A0A013SZ54	[565, 696, 564, 563, 562, 561, 560, 559, 558]
	 A0A009IRJ6	[565, 696, 564, 563, 562, 561, 560, 559, 558]
	 A0A009N123	[565, 696, 564, 563, 562, 561, 560, 559, 558]
	 A0A009SWU0	[565, 696, 564, 563, 562, 561, 560, 559, 558]
	 A0A009H7U0	[565, 696, 564, 563, 562, 561, 560, 559, 558]
	 A0A009Q3K7	[565, 696, 564, 563, 562, 561, 560, 559, 558]
	 A0A009RBQ2	[565, 696, 564, 563, 562, 561, 560, 559, 558]
	 A0A009ZM43	[-1, 696, 564, 563, 562, 561, 560, 559, 558]

 ### Operon type: 8

	 A0A013RMD0	[-1, 465, 677, 464, 463, 682, 462, 461, 460]
	 A0A009RG92	[-1, 465, 677, 464, 463, 682, 462, 461, 460]
	 A0A009QDV7	[-1, 465, 677, 464, 463, 682, 462, 461, 460]
	 A0A010JDA6	[-1, 465, 677, 464, 463, 682, 462, 461, 460]
	 A0A009N9Z1	[-1, 465, 677, 464, 463, 682, 462, 461, 460]
	 A0A009H6M2	[-1, 465, 677, 464, 463, 682, 462, 461, 460]
	 A0A009S854	[-1, 465, 677, 464, 463, 682, 462, 461, 460]
	 A0A009IHQ3	[-1, 465, 677, 464, 463, 682, 462, 461, 460]
	 A0A009ZIC0	[89, 465, 677, 464, 463, 682, 462, 461, 460]

 ### Operon type: 9

	 A0A011UIA1	[299, 298, 297, 296, 295, 294, 293, 292, 0]
	 A0A011V5V3	[0, 299, 298, 297, 296, 295, 294, 293, 292]

 ### Operon type: 10

	 A0A011PTE7	[627, 626, 625, 624, 623, 0, 622, 621, 620]
	 A0A011NE72	[627, 626, 625, 624, 623, 622, 621, 620, 0]

 ### Operon type: 11

	 A0A010JWJ1	[324, 323, 679, 322, 321, 320, 319, 318, 317]
	 A0A009I4A1	[324, 323, 679, 322, 321, 320, 319, 318, 317]

 ### Operon type: 12

	 A0A009QF22	[181, 180, 324, 0, 321, 320, 319, 318, 317]
	 A0A009TBY8	[181, 180, 324, 322, 321, 320, 319, 318, 317]

 ### Operon type: 13

	 A0A011NEY3	[343, 660, 659, 658, 658, 657, 656, 655, 0]

 ### Operon type: 14

	 A0A011PAN4	[660, 659, 0, 658, 658, 657, 656, 655, 654]

 ### Operon type: 15

	 A0A011RCD5	[343, 660, 659, 658, 658, 657, 656, 655, 654]

 ### Operon type: 16

	 A0A011P4U7	[0, 709, 708, 707, 706, 705, 704, 703, 702]
	 A0A011NAY5	[709, 708, 707, 706, 705, 704, 703, 702, 0]

 ### Operon type: 17

	 A0A011NBX7	[724, 723, 722, 721, 720, 664, 0, 0, 0]
	 A0A011PF67	[724, 723, 722, 721, 720, 0, 0, 0, 0]
	 A0A011NW66	[724, 723, 722, 721, 720, 664, 0, 0, 0]

 ### Operon type: 18

	 A0A011NS68	[724, 723, 722, 721, 720, 719, 718, 729, 717]
	 A0A011RHX4	[724, 723, 722, 721, 720, 719, 718, 729, 0]

 ### Operon type: 19

	 A0A010YT39	[0, 727, 33, 676, 32, 31, 30, 29, 523]

 ### Operon type: 20

	 A0A010Z7T4	[33, 676, 32, 31, 30, 29, 523, 673, 633]

 ### Operon type: 21

	 A0A013SP43	[482, 481, 480, 479, 478, 477, 476, 475, 474]
	 A0A010K6G6	[482, 481, 480, 479, 478, 477, 476, 0, 474]
	 A0A009RUN3	[482, 481, 480, 479, 478, 477, 476, 475, 474]

 ### Operon type: 22

	 A0A011VWR4	[0, 0, 0, 0, 279, 278, 277, 276, 275]

 ### Operon type: 23

	 A0A011VYP6	[279, 278, 277, 276, 275, 0, 274, 600, 0]

 ### Operon type: 24

	 A0A011QAS2	[0, 812, 811, 810, 809, 808, 807, 806, 805]
	 A0A011NEQ1	[0, 812, 811, 810, 809, 808, 807, 806, 805]

 ### Operon type: 25

	 A0A010JSI3	[690, 689, 688, 687, 686, 685, 684, 683, 0]
	 A0A013T0M4	[690, 689, 688, 687, 686, 685, 684, 683, 0]
	 A0A009RGL2	[690, 689, 688, 687, 686, 685, 684, 683, 325]
	 A0A009HDS5	[690, 689, 688, 687, 686, 685, 684, 683, 325]

 ### Operon type: 26

	 A0A009SNL0	[74, 73, 525, 101, 100, 99, 98, 97, 96]

 ### Operon type: 27

	 A0A009T1I8	[525, 101, 100, 99, 98, 97, 96, 0, 0]

 ### Operon type: 28

	 A0A011VW71	[0, 168, 167, 166, 165, 164, 163, 782, 162]
	 A0A011VUV0	[168, 167, 166, 165, 164, 163, 782, 162, 0]

 ### Operon type: 29

	 A0A011UG71	[157, 265, 156, 161, 160, 266, 159, 264, 158]

 ### Operon type: 30

	 A0A011V8Z7	[0, 0, 157, 265, 156, 161, 160, 266, 159]

 ### Operon type: 31

	 A0A011V8Y9	[161, 160, 266, 159, 264, 158, 0, 0, 0]

 ### Operon type: 32

	 A0A011U8C0	[0, 266, 265, 0, 395, 264, 0, 0, 0]

 ### Operon type: 33

	 A0A011QSF0	[0, 869, 868, 867, 866, 865, 864, 863, 0]
	 A0A011QBB5	[758, 869, 868, 867, 866, 865, 864, 863, 757]
	 A0A011Q0X6	[758, 869, 868, 867, 866, 865, 864, 863, 757]
	 A0A011Q1X8	[869, 0, 868, 867, 866, 865, 864, 863, 757]

 ### Operon type: 34

	 A0A011PG87	[758, 869, 868, 867, 866, 865, 864, 0, 0]

 ### Operon type: 35

	 A0A011PCT1	[856, 855, 854, 0, 0, 0, 0, 787, 0]

 ### Operon type: 36

	 A0A011QU35	[0, 0, 0, 0, 857, 0, 856, 855, 854]

 ### Operon type: 37

	 A0A011Q2B1	[860, 742, 857, 791, 854, 790, 789, 788, 787]

 ### Operon type: 38

	 A0A011RLN8	[859, 858, 857, 791, 854, 790, 789, 788, 787]

 ### Operon type: 39

	 A0A011P700	[0, 0, 862, 861, 860, 742, 857, 791, 854]

 ### Operon type: 40

	 A0A011QSI4	[0, 0, 862, 861, 860, 0, 859, 858, 857]

 ### Operon type: 41

	 A0A013T337	[668, 680, 580, 579, 578, 836, 577, 839, 576]
	 A0A013TH30	[668, 680, 580, 579, 578, 836, 577, 839, 576]
	 A0A013S981	[436, 668, 680, 580, 579, 578, 836, 577, 839]

 ### Operon type: 42

	 A0A010JY00	[436, 668, 680, 580, 316, 836, 577, 839, 576]

 ### Operon type: 43

	 A0A013TPV4	[495, 494, 493, 492, 491, 490, 777, 679, 489]
	 A0A009QQ47	[495, 494, 493, 492, 491, 490, 777, 679, 489]
	 A0A009MGJ1	[495, 494, 493, 492, 491, 490, 777, 679, 489]
	 A0A010IZE4	[495, 494, 493, 492, 491, 490, 777, 679, 489]
	 A0A009SZB5	[495, 494, 493, 492, 491, 490, 777, 679, 489]
	 A0A009HL81	[495, 494, 493, 492, 491, 490, 777, 679, 489]
	 A0A009HR98	[495, 494, 493, 492, 491, 490, 777, 679, 489]

 ### Operon type: 44

	 A0A009Z8F7	[494, 493, 490, 0, 491, 5, 5, 0, 47]

 ### Operon type: 45

	 A0A009HFU9	[93, 92, 91, 90, 89, 542, 88, 87, 0]
	 A0A009R016	[93, 92, 91, 90, 89, -1, 542, 88, 87]

 ### Operon type: 46

	 A0A011UJN3	[0, 410, 0, 0, 387, 386, 385, 384, 383]

 ### Operon type: 47

	 A0A011W213	[387, 386, 385, 384, 383, 641, 0, 0, 0]

 ### Operon type: 48

	 A0A011QUG8	[853, 852, 851, 850, 849, 848, 0, 847, 846]
	 A0A011QIT1	[853, 852, 851, 850, 849, 848, 847, 846, 835]

 ### Operon type: 49

	 A0A011NVE7	[639, 638, 637, 733, 735, 736, 737, 738, 739]
	 A0A011PP01	[639, 638, 637, 733, 735, 736, 737, 738, 739]

 ### Operon type: 50

	 A0A011N9N8	[815, 669, 740, 739, 738, 737, 736, 735, 733]
	 A0A011P2I4	[815, 669, 740, 739, 738, 737, 736, 735, 733]

 ### Operon type: 51

	 A0A011PIY7	[741, 0, 740, 739, 738, 737, 736, 0, 733]

 ### Operon type: 52

	 A0A011Q3J4	[0, 741, 740, 739, 738, 737, 736, 735, 0]

 ### Operon type: 53

	 A0A011MH88	[734, 741, 740, 739, 738, 737, 736, 735, 733]

 ### Operon type: 54

	 A0A013SPM5	[574, 573, 572, 571, 570, 569, 568, 567, 566]
	 A0A009QFZ7	[574, 573, 572, 571, 570, 569, 568, 567, 566]
	 A0A009MH71	[574, 573, 572, 571, 570, 569, 568, 567, 566]
	 A0A010IX62	[574, 573, 572, 571, 570, 569, 568, 567, 566]
	 A0A009HSL1	[574, 573, 572, 571, 570, 569, 568, 567, 566]
	 A0A009I6Z0	[574, 573, 572, 571, 570, 569, 568, 567, 566]
	 A0A009TK03	[574, 573, 572, 571, 570, 569, 568, 567, 566]

 ### Operon type: 55

	 A0A009ZIX8	[0, 6, 572, 571, 570, 25, 0, 566, 0]

 ### Operon type: 56

	 A0A013TPR7	[502, 501, 500, 499, 498, 497, 496, 698, 670]
	 A0A010JJN4	[502, 501, 500, 499, 498, 497, 496, 698, 670]
	 A0A009PMT3	[502, 501, 500, 499, 498, 497, 496, 698, 670]
	 A0A009NI48	[502, 501, 500, 499, 498, 497, 496, 698, -1]
	 A0A009SEP4	[502, 501, 500, 499, 498, 0, 497, 496, 0]
	 A0A009RMI1	[502, 501, 500, 499, 498, 497, 496, 698, 0]
	 A0A009HJJ5	[502, 501, 500, 499, 498, 497, 496, 698, 67]
	 A0A009I8I7	[502, 501, 500, 499, 498, 497, 496, 698, 67]
	 A0A009YG45	[0, 502, 501, 500, 498, 0, 497, 496, 698]

 ### Operon type: 57

	 A0A013TPQ9	[508, 507, 506, 505, 504, 679, 763, 503, 671]
	 A0A013S8F0	[508, 507, 506, 505, 504, 679, 763, 503, 671]
	 A0A010IZH1	[-1, 507, 506, 505, 504, 679, 763, 503, 671]
	 A0A009PMU2	[508, 507, 506, -1, 504, 679, 763, 503, 671]
	 A0A009SZ84	[508, 507, 506, 505, 504, 679, 763, 503, 671]
	 A0A009HJM0	[508, 507, 506, 505, 504, 679, 763, 503, 671]

 ### Operon type: 58

	 A0A009HUS9	[507, 506, 0, 505, 504, 223, -1, 224, 225]

 ### Operon type: 59

	 A0A009ISE1	[497, 496, 698, 225, 224, -1, 223, 504, 505]

 ### Operon type: 60

	 A0A009NPS1	[508, 507, 506, 505, 504, -1, 698, 496, 497]

 ### Operon type: 61

	 A0A013SB36	[435, 434, 433, 432, 431, 535, 534, 430, 429]
	 A0A009QSI3	[435, 434, 433, 432, 431, 535, 534, 430, -1]

 ### Operon type: 62

	 A0A010ITP2	[435, 434, 433, 432, 431, 535, 534, 0, 0]

 ### Operon type: 63

	 A0A009SII9	[-1, 434, 433, 432, 431, 535, 534, 104, 103]

 ### Operon type: 64

	 A0A009T0Q9	[431, 535, 534, 104, 103, 429, 734, 679, 102]

 ### Operon type: 65

	 A0A009YJF4	[0, 535, 534, 77, 76, 734, 679, 0, 102]

 ### Operon type: 66

	 A0A009GP96	[0, 86, 679, 673, 315, 85, 542, 84, 83]

 ### Operon type: 67

	 A0A009GSR4	[673, 315, 85, 542, 84, 83, 83, 82, 0]

 ### Operon type: 68

	 A0A009IIT6	[86, 679, 673, 315, 84, 83, 83, 82, 0]

 ### Operon type: 69

	 A0A011SQL0	[713, 397, -1, 396, 395, 394, 393, 392, 391]
	 A0A011UZ49	[397, -1, 396, 395, 394, 393, 392, 391, 0]

 ### Operon type: 70

	 A0A009PT82	[669, 760, 144, 143, 228, 227, 226, 142, 141]
	 A0A009SIF9	[669, 760, 144, 143, 228, 227, 226, 142, 141]

 ### Operon type: 71

	 A0A009IS10	[229, 0, 0, 0, 228, 227, 226, 0, 0]

 ### Operon type: 72

	 A0A009QHW5	[0, 0, 0, 419, 228, 227, 226, 0, 179]

 ### Operon type: 73

	 A0A011UVB4	[0, 0, 0, 113, 0, 0, 229, 0, 162]

 ### Operon type: 74

	 A0A011V107	[309, -1, 308, 307, 306, 305, 304, 303, 0]
	 A0A011U7M7	[0, 309, -1, 308, 307, 306, 305, 304, 303]

 ### Operon type: 75

	 A0A011TLH0	[284, 306, 308, 283, 307, 305, 0, 0, 0]

 ### Operon type: 76

	 A0A011UG87	[359, 360, 361, 284, 306, 308, 283, 307, 305]

 ### Operon type: 77

	 A0A011TLH7	[361, 360, 359, 0, 0, 0, 0, 0, 0]

 ### Operon type: 78

	 A0A011TWN2	[358, 357, 356, 355, 354, 353, 352, 0, 0]
	 A0A011TAF9	[0, 0, 358, 357, 356, 355, 354, 353, 352]

 ### Operon type: 79

	 A0A011Q5V7	[830, 0, 0, 0, 829, 828, 827, 826, 825]

 ### Operon type: 80

	 A0A011RM25	[829, 828, 827, 826, 825, 844, 0, 786, 0]

 ### Operon type: 81

	 A0A011QDV3	[766, 765, 764, 763, 762, 761, 760, 0, 759]
	 A0A011QIE8	[766, 765, 764, 763, 762, 761, 759, 0, 0]

 ### Operon type: 82

	 A0A011QAB0	[819, 818, 817, 0, 816, 815, 814, 813, 0]
	 A0A011PL71	[609, 819, 818, 817, 816, 815, 814, 813, 0]

 ### Operon type: 83

	 A0A011Q6N5	[824, 823, 822, 0, 0, 0, 821, 820, 821]

 ### Operon type: 84

	 A0A011SGD5	[0, 0, 0, 0, 0, 0, 824, 823, 822]

 ### Operon type: 85

	 A0A011NYU6	[753, 752, 0, 751, 750, 27, 26, 0, 749]

 ### Operon type: 86

	 A0A011PYI6	[753, 752, 0, 751, 750, 749, 748, 770, 0]

 ### Operon type: 87

	 A0A011P1C0	[0, 0, 27, 26, 749, 0, 0, 0, 0]

 ### Operon type: 88

	 A0A011PKU5	[615, 614, 613, 612, 613, 611, 610, 0, 0]
	 A0A011N4G4	[0, 0, 615, 614, 613, 612, 613, 611, 610]

 ### Operon type: 89

	 A0A010ZWJ8	[21, 20, 19, 633, 18, 695, 346, 695, 17]

 ### Operon type: 90

	 A0A011AHW1	[18, 633, 19, 20, 21, 0, 0, 22, 0]

 ### Operon type: 91

	 A0A011AHU9	[346, 695, 17, 0, 0, 0, 0, 9, 734]

 ### Operon type: 92

	 A0A010ZX98	[16, 15, 14, 13, 12, 11, 763, 763, 0]

 ### Operon type: 93

	 A0A011AIL7	[12, 13, 14, 15, 16, 0, 0, 0, 0]

 ### Operon type: 94

	 A0A010YF95	[831, 38, 847, 37, 36, 36, 35, 388, 34]

 ### Operon type: 95

	 A0A010ZJQ6	[38, 847, 37, 36, 36, 35, 388, 34, 0]

 ### Operon type: 96

	 A0A009GXL8	[80, 79, 78, 77, 76, 322, 105, 178, 177]

 ### Operon type: 97

	 A0A010JIW7	[80, 79, 78, 77, 76, 0, 0, 105, 178]

 ### Operon type: 98

	 A0A011QNA5	[0, 595, 594, 593, 0, 592, 591, 590, 589]
	 A0A009ZLJ7	[589, 590, 591, 592, 0, 0, 595, 594, 593]

 ### Operon type: 99

	 A0A013T0T6	[592, 591, 590, 589, 585, 584, 583, 582, 581]
	 A0A009QMH5	[592, 591, 590, 589, 585, 584, 583, 582, 581]
	 A0A009ISY0	[592, 591, 590, 589, 585, 222, 583, 582, 581]
	 A0A009PE10	[592, 591, 590, 589, 585, 222, 583, 582, -1]
	 A0A009HAX1	[592, 591, 590, 589, 585, 584, 583, 582, 581]
	 A0A009RMD0	[592, 591, 590, 589, 585, 222, 583, 582, 581]

 ### Operon type: 100

	 A0A010ILW6	[592, 591, 590, 589, 585, 584, 0, 0, 582]

 ### Operon type: 101

	 A0A009Z9X7	[591, 590, 589, 0, 585, 0, 843, 0, 582]

 ### Operon type: 102

	 A0A013S8V2	[439, 438, 0, 0, 0, 437, 0, 0, 0]
	 A0A009R8E1	[0, 66, 0, 439, 438, 0, 0, 437, 0]

 ### Operon type: 103

	 A0A009ICH6	[532, 175, 174, 173, 316, 61, 60, 59, 839]
	 A0A009ZFR5	[532, 175, 174, 173, 316, 61, 60, 59, 839]

 ### Operon type: 104

	 A0A009NQA1	[532, 175, 174, 173, 172, 171, 580, 839, 836]
	 A0A009RR21	[532, 175, 174, 173, 172, 171, 580, 839, 836]

 ### Operon type: 105

	 A0A009HTN9	[532, 175, 174, 173, 172, 171, 69, 793, 68]
	 A0A009T3J5	[532, 175, 174, 173, 172, 171, 69, 793, 68]

 ### Operon type: 106

	 A0A009Q0U9	[532, 175, 174, 173, 172, 171, -1, -1, 0]

 ### Operon type: 107

	 A0A009QEG7	[238, 237, 236, 235, 234, 233, 232, 231, 230]
	 A0A009IPC3	[238, 237, 236, 235, 234, 233, 232, 231, 230]

 ### Operon type: 108

	 A0A009I573	[112, 0, 150, 151, 0, 152, 234, 235, 236]

 ### Operon type: 109

	 A0A009ILP9	[231, 0, 236, 235, 234, 152, 230, 151, 150]

 ### Operon type: 110

	 A0A009I953	[231, 0, 236, 235, 234, 152, 230, 0, -1]

 ### Operon type: 111

	 A0A009SX74	[649, 717, 0, 151, 230, 231, 237, 238, 75]

 ### Operon type: 112

	 A0A010IPH1	[409, 484, 667, 408, 407, 406, 405, 404, 403]
	 A0A009MMG9	[409, 484, 667, 408, 407, 406, 405, 404, 403]
	 A0A009QVK8	[409, 484, 667, 408, 407, 406, 405, 404, 403]
	 A0A009ICP5	[409, 484, 667, 408, 407, 406, 405, 404, 403]

 ### Operon type: 113

	 A0A009SIV4	[117, 116, 115, 114, 407, 406, 405, 404, 403]
	 A0A009HTW0	[117, 116, 115, 114, 407, 406, 405, 404, 403]
	 A0A009QLL2	[117, 116, 115, 114, 407, 406, 405, 404, 403]
	 A0A013TSJ4	[116, 115, 0, 114, 407, 406, 405, 404, 403]

 ### Operon type: 114

	 A0A013TCN9	[557, 556, 555, 554, 553, 552, 551, 679, 763]
	 A0A009QNC9	[557, 556, 555, 554, 553, 552, 551, 679, 763]
	 A0A010ITG1	[557, 556, 555, 554, 553, 552, 551, 679, 763]
	 A0A009NIJ3	[557, 556, 555, 554, 553, 552, 551, 679, 763]
	 A0A013TRC1	[557, 556, 555, 554, 553, 552, 551, 679, 763]

 ### Operon type: 115

	 A0A009H935	[0, 0, 555, 554, 553, 552, 551, 679, 763]

 ### Operon type: 116

	 A0A009QEX0	[448, 447, 446, 445, 444, 183, 183, 770, 182]
	 A0A009IMX3	[448, 447, 446, 445, 444, 183, 183, 770, 182]
	 A0A009SF48	[448, 447, 446, 445, 444, -1, 183, 770, 182]

 ### Operon type: 117

	 A0A013S7V1	[448, 447, 446, 445, 444, 443, 532, 442, 441]
	 A0A010ISX2	[448, 447, 446, 445, 444, 443, 532, 442, 441]
	 A0A009RES7	[448, 447, 446, 445, 444, 443, 532, 442, 441]
	 A0A009MR00	[448, 447, 446, 445, 444, 443, 532, 442, 441]

 ### Operon type: 118

	 A0A009YTT3	[3, 89, 446, 445, 444, 443, 532, 442, 441]

 ### Operon type: 119

	 A0A009GYP9	[0, 0, 0, 445, 444, 443, 532, 442, 441]

 ### Operon type: 120

	 A0A009ZZC8	[-1, 73, 74, 3, 89, 446, 445, 444, 443]

 ### Operon type: 121

	 A0A011WSE5	[376, 375, 374, 373, 372, 371, 370, 369, 520]
	 A0A011UGX8	[170, 376, 375, 374, 373, 372, 371, 370, 369]

 ### Operon type: 122

	 A0A011VZG0	[519, 0, 170, 376, 375, 374, 373, 372, 371]

 ### Operon type: 123

	 A0A009PJF7	[191, 190, 190, 189, 188, 187, 186, 185, 184]
	 A0A009SJZ7	[113, 191, 190, 189, 188, 187, 186, 185, 184]

 ### Operon type: 124

	 A0A009Z5G0	[187, 189, 190, 0, 400, 191, 113, 467]

 ### Operon type: 125

	 A0A010JJC1	[767, 426, 425, 424, 423, 422, 421, 427, 420]
	 A0A010IZ41	[426, 425, 424, 423, 422, 421, 427, 420, 480]

 ### Operon type: 126

	 A0A009QJL6	[767, 426, 425, 424, 0, 420, 480, 176, 0]

 ### Operon type: 127

	 A0A013TB41	[488, -1, 487, 486, 485, 669, 484, 711, 483]
	 A0A013SGL3	[488, 428, 487, 486, 485, 669, 484, 711, 483]
	 A0A010KAV2	[488, 428, 487, 486, 485, 669, 484, 711, 483]
	 A0A009PG53	[488, 428, 487, 486, 485, 669, 484, 711, 483]
	 A0A009NE81	[488, 428, 487, 486, 485, 669, 484, 711, 483]
	 A0A009RQH3	[488, 428, 487, 486, 485, 669, 484, 711, 483]
	 A0A009I5Z6	[488, 428, 487, 486, 485, 669, 484, 711, 483]
	 A0A009SHB3	[488, 428, 487, 486, 485, 669, 484, 711, 483]

 ### Operon type: 128

	 A0A009H3X4	[488, 428, 487, 486, 485, 669, -1, 731, -1]

 ### Operon type: 129

	 A0A009PIB4	[0, 0, 0, 140, 139, 138, 542, 679, 815]
	 A0A009SLR5	[0, 0, 0, 140, 139, 138, 542, 679, 815]

 ### Operon type: 130

	 A0A009HSU4	[0, 0, 608, 679, 0, 669, 711, 815, 542]

 ### Operon type: 131

	 A0A009I463	[778, 65, 64, 524, 524, 523, 522, 521, 134]
	 A0A009PAG1	[778, 65, 64, 524, 524, 523, 522, 521, 134]

 ### Operon type: 132

	 A0A013SKX6	[0, 0, 778, 0, 524, 524, 523, 522, 521]

 ### Operon type: 133

	 A0A011Q5S3	[835, 834, 0, 0, 0, 0, 833, 832, 831]

 ### Operon type: 134

	 A0A011UZZ4	[0, 833, 832, 0, 0, 0, 314, 314, 831]

 ### Operon type: 135

	 A0A011UTJ0	[0, 0, 0, 130, 129, 128, 704, 127, 126]

 ### Operon type: 136

	 A0A011VMV7	[130, 129, 128, 704, 127, 126, 291, 290, 289]

 ### Operon type: 137

	 A0A011NYT4	[701, 700, 699, 698, 0, 536, 536, 535, 534]

 ### Operon type: 138

	 A0A011P8E9	[0, 0, 701, 700, 0, 699, 698, 0, 0]

 ### Operon type: 139

	 A0A010TF34	[0, -1, 0, 0, 53, 52, 51, 50, 49]
	 A0A010SYH9	[53, 52, 51, 50, 49, 0, 0, 0, 0]

 ### Operon type: 140

	 A0A010S7A1	[340, 339, 338, 337, 0, 336, 0, 0, 0]
	 A0A010TFJ4	[0, -1, 0, 340, 339, 338, 337, -1, 336]

 ### Operon type: 141

	 A0A009PAV9	[212, -1, 667, 211, 524, 542, 210, 209, 208]
	 A0A009HJC2	[212, 763, 667, 211, 524, 542, 210, 209, 208]

 ### Operon type: 142

	 A0A009SE02	[0, 208, 0, 0, 0, 209, 210, 542, 524]

 ### Operon type: 143

	 A0A009RSB7	[711, 532, 691, 531, 198, 679, 679, 529, 528]
	 A0A009SYU8	[711, 532, 691, 531, 198, 679, 679, 529, 528]
	 A0A009HS41	[711, 532, 691, 531, 198, 679, 679, 529, 528]

 ### Operon type: 144

	 A0A013SHA9	[711, 532, 691, 531, 530, 679, 679, 529, 528]
	 A0A010IT25	[711, 532, 691, 531, 530, 679, 679, 529, 528]
	 A0A009I466	[711, 532, 691, 531, 530, 679, 679, 529, 528]

 ### Operon type: 145

	 A0A009NMQ9	[711, 532, 691, 531, 530, 0, 679, 679, 529]

 ### Operon type: 146

	 A0A009P8A9	[0, 0, 691, 531, 198, 679, 679, 529, 528]

 ### Operon type: 147

	 A0A009ITT8	[221, 220, 219, 331, 330, 218, 329, 328, 327]
	 A0A009NJ90	[221, 220, 219, 331, 330, 153, 218, 329, 328]

 ### Operon type: 148

	 A0A009NCH6	[216, 329, 328, 327, 215, 214, 213, 107, 94]
	 A0A009IJ01	[329, 328, 327, 326, 215, 214, 213, 107, 94]

 ### Operon type: 149

	 A0A009RQL5	[329, 328, 327, 108, 215, 214, 213, 107, 0]

 ### Operon type: 150

	 A0A009MGQ8	[330, 0, 216, 329, 328, 327, 215, 214, 213]

 ### Operon type: 151

	 A0A009IJ07	[334, 333, 332, 331, 330, 329, 328, 327, 326]
	 A0A009S6G1	[334, 333, 332, 331, 330, 329, 328, 327, 215]
	 A0A009RHH7	[334, 333, 332, 331, 330, 153, 329, 328, 327]

 ### Operon type: 152

	 A0A009HZK2	[332, 331, 330, 329, 328, 327, 326, 215, 214]

 ### Operon type: 153

	 A0A009R4N4	[331, 330, 153, 329, 328, 327, 108, 215, 214]

 ### Operon type: 154

	 A0A009S5A5	[330, 153, 218, 329, 328, 327, 326, 106, 215]

 ### Operon type: 155

	 A0A009RHH9	[0, 0, 0, 0, 288, 334, 333, 332, 331]

 ### Operon type: 156

	 A0A011PGU1	[0, 0, 648, 647, 646, 645, 644, 643, 642]
	 A0A011MDH1	[743, 0, 648, 647, 646, 645, 644, 643, 642]

 ### Operon type: 157

	 A0A011V0P4	[313, 312, 0, 0, 380, 0, 0, 311, 310]

 ### Operon type: 158

	 A0A011WPV7	[311, 310, 0, 0, 0, 0, 0, 0, 0]

 ### Operon type: 159

	 A0A011UDF3	[647, 262, 0, 0, 0, 351, 261, 260, 873]

 ### Operon type: 160

	 A0A011VSC9	[261, 260, 873, 0, 0, 0, 0, 0, 0]

 ### Operon type: 161

	 A0A011SF89	[775, 774, 773, 0, 0, 0, 0, 0, 0]

 ### Operon type: 162

	 A0A011UCX7	[0, 819, 775, 774, 0, 773, 263, 0, 0]

 ### Operon type: 163

	 A0A011RNP9	[0, 0, 0, 0, 0, 782, 814, 0, 0]

 ### Operon type: 164

	 A0A011V0B5	[778, 0, 0, 0, 0, 0, 782, 0, 0]

 ### Operon type: 165

	 A0A011RQC9	[0, 778, 777, 0, 0, 0, 0, 776, 0]

 ### Operon type: 166

	 A0A011QG28	[588, 587, 647, 0, 646, 645, 696, 586, 697]
	 A0A011RIM8	[588, 587, 0, 0, 646, 645, 696, 586, 697]

 ### Operon type: 167

	 A0A011PHI6	[716, 0, 715, 0, 0, 714, 850, 746, 0]

 ### Operon type: 168

	 A0A011QI68	[0, 0, 715, 714, 0, 0, 0, 0, 0]

 ### Operon type: 169

	 A0A011NVJ6	[636, 797, 796, 795, 794, 793, 0, 0, 635]

 ### Operon type: 170

	 A0A011PVP2	[0, 797, 796, 795, 794, 793, 0, 0, 792]

 ### Operon type: 171

	 A0A011NXY7	[0, 0, 796, 0, 794, 0, 0, 0, 0]

 ### Operon type: 172

	 A0A011QR69	[841, 840, 839, 838, 837, 836, 0, 0, 0]
	 A0A011NUB4	[841, 840, 839, 838, 837, 836, 0, 641, 0]

 ### Operon type: 173

	 A0A011NN36	[840, 839, 0, 0, 837, 836, 0, 0, 0]

 ### Operon type: 174

	 A0A011PK69	[839, 618, 0, 0, 837, 836, 0, 0, 0]

 ### Operon type: 175

	 A0A011RMI6	[803, 802, 785, 784, 783, 801, 800, 799, 798]
	 A0A011NYD6	[803, 802, 785, 784, 783, 801, 800, 799, 798]

 ### Operon type: 176

	 A0A011QB28	[804, 803, 802, 0, 0, 801, 800, 799, 798]

 ### Operon type: 177

	 A0A011NF33	[0, 801, 800, 0, 0, 0, 0, 0, 0]

 ### Operon type: 178

	 A0A011NBY4	[663, 0, 0, 662, 0, 0, 661, 0, 0]

 ### Operon type: 179

	 A0A011WRT0	[663, 0, 0, 0, 0, 0, 0, 770, 0]

 ### Operon type: 180

	 A0A011SHV5	[0, 0, 0, 0, 0, 768, 770, 767, 0]

 ### Operon type: 181

	 A0A011NB95	[0, 845, 0, 0, 0, 0, 667, 666, 665]

 ### Operon type: 182

	 A0A011UHT4	[176, 169, 666, 0, 0, 55, 55, 665, 0]

 ### Operon type: 183

	 A0A010Z1W7	[0, 0, 0, 0, 0, 249, 0, 281, 282]

 ### Operon type: 184

	 A0A011VY84	[0, 0, 282, 281, 0, 0, 0, 0, 0]

 ### Operon type: 185

	 A0A010YW85	[0, 0, 0, 0, 0, 509, 0, 281, 282]

 ### Operon type: 186

	 A0A010ZMA0	[281, 672, 0, 0, 0, 0, 0, 0, 0]

 ### Operon type: 187

	 A0A011N5L2	[0, 0, 0, 672, 0, 671, 670, 0, 0]

 ### Operon type: 188

	 A0A009MJ75	[0, 0, 134, 133, 253, 0, 0, 0, 673]

 ### Operon type: 189

	 A0A010IH51	[0, 403, 0, 0, 253, 0, 673, 0, 0]

 ### Operon type: 190

	 A0A011TYT7	[0, 0, 0, 0, 0, 0, 403, 389, 389]

 ### Operon type: 191

	 A0A010RRR9	[0, 0, 0, 0, 675, 0, 0, 674, 673]

 ### Operon type: 192

	 A0A010SIA7	[0, 0, 674, 337, 0, 0, 0, 0, 0]

 ### Operon type: 193

	 A0A010RFQ9	[0, 0, 682, 0, 681, 0, 0, 0, 0]

 ### Operon type: 194

	 A0A010SPR9	[44, 44, 0, 0, 0, 681, 0, 0, 0]

 ### Operon type: 195

	 A0A009LNU8	[362, 364, 393, 365, 0, 217, 0, 542, 0]

 ### Operon type: 196

	 A0A013SRG6	[366, 365, 393, 364, 0, 363, 0, 362, 726]

 ### Operon type: 197

	 A0A009IQU8	[0, 364, 0, 0, 0, 363, 726, 0, 0]

 ### Operon type: 198

	 A0A010K2K8	[393, 365, 366, 0, 0, 0, 0, -1, 542]

 ### Operon type: 199

	 A0A011NPR8	[0, 726, 0, 0, 0, 0, 725, 0, 0]

 ### Operon type: 200

	 A0A010SEA2	[834, 725, 335, 0, 0, 0, 0, 0, 0]

 ### Operon type: 201

	 A0A010IGH8	[0, 0, 0, 0, 0, 0, 0, 457, 529]

 ### Operon type: 202

	 A0A010STD3	[0, 0, 0, 350, 349, 348, 0, 529, 457]

 ### Operon type: 203

	 A0A010SQJ5	[440, 408, 0, 350, 349, 348, 0, 0, 0]

 ### Operon type: 204

	 A0A013RVV2	[557, 0, 459, 458, 0, 0, 529, 457, 0]

 ### Operon type: 205

	 A0A011TD67	[351, 0, 0, 350, 349, 348, 347, 0, 346]

 ### Operon type: 206

	 A0A009ZC12	[0, 0, 0, 350, 0, 348, 347, 4, 871]

 ### Operon type: 207

	 A0A009YSC7	[0, 0, 661, 1, 0, 1, 459, 458, 0]

 ### Operon type: 208

	 A0A009ZJK4	[0, 0, 0, 0, 0, 0, 532, 41, 0]

 ### Operon type: 209

	 A0A010SVN1	[-1, 41, 679, 341, 285, 0, 0, 532, 0]

 ### Operon type: 210

	 A0A009PFK7	[204, 203, 202, 201, 200, 0, 0, 199, 0]
	 A0A009QGN4	[204, 203, 202, 201, 200, 199, 0, 0, 0]

 ### Operon type: 211

	 A0A009YR20	[0, 199, 0, 0, 0, 0, 203, 0, 0]

 ### Operon type: 212

	 A0A009SCM5	[72, 71, 70, 0, 0, 0, 0, 0, 0]

 ### Operon type: 213

	 A0A009TJ77	[75, 146, 0, 0, 0, 0, 72, 71, 70]

 ### Operon type: 214

	 A0A009HZV2	[0, 0, 0, 0, 259, 258, 153, 0, 0]

 ### Operon type: 215

	 A0A009QPE7	[0, 0, 0, 0, 259, 258, 0, 0, 0]

 ### Operon type: 216

	 A0A009MGR3	[0, 0, 246, 0, 575, 106, 90, 245, 244]

 ### Operon type: 217

	 A0A009Q4G0	[0, 247, 246, 0, 575, 0, 245, 244, 245]

 ### Operon type: 218

	 A0A009PB53	[0, 0, 207, 206, 575, 245, 244, 245, 205]

 ### Operon type: 219

	 A0A009PUJ8	[0, 207, 206, 575, 0, 205, 105, 178, 177]

 ### Operon type: 220

	 A0A009QQC0	[257, 0, 256, 679, 526, 526, 255, 503, 341]
	 A0A009H7I0	[257, 0, 0, 679, 526, 526, 255, 503, 341]

 ### Operon type: 221

	 A0A009MVG4	[256, 0, 527, 679, 526, 526, 255, 503, 341]

 ### Operon type: 222

	 A0A009QA91	[241, 240, 711, 679, 526, 526, 255, 503, 341]
	 A0A010J377	[241, 240, 711, 679, 526, 526, 255, 503, 341]

 ### Operon type: 223

	 A0A009S1X4	[241, 240, 711, 679, 526, 526, 679, 0, 193]

 ### Operon type: 224

	 A0A013SHF4	[0, 0, 527, 679, 526, 526, 0, 525, 0]

 ### Operon type: 225

	 A0A011PJK8	[608, 607, 606, 605, 604, 603, 0, 0, 0]
	 A0A011N3C3	[0, 0, 0, 608, 607, 606, 605, 604, 603]

 ### Operon type: 226

	 A0A011WKI4	[0, 0, 0, 0, 0, 728, 271, 270, 273]
	 A0A011UWH1	[728, 271, 270, 273, 0, 0, 0, 0, 0]

 ### Operon type: 227

	 A0A010YKP2	[0, 0, 0, 0, 0, 0, 635, 302, 0]

 ### Operon type: 228

	 A0A011V1A2	[312, 0, 0, 302, 0, 0, 0, 0, 0]

 ### Operon type: 229

	 A0A011NGS0	[0, 0, 0, 0, 756, 755, 0, 0, 0]

 ### Operon type: 230

	 A0A011PW61	[0, 0, 0, 0, 756, 755, 0, 0, 754]

 ### Operon type: 231

	 A0A011UXI1	[0, 616, 0, 0, 756, 755, 345, 0, 0]

 ### Operon type: 232

	 A0A011SWI9	[-1, -1, 0, 716, 756, 755, 345, -1, -1]

 ### Operon type: 233

	 A0A011P952	[755, 0, 692, 0, 0, 692, 0, 0, 0]

 ### Operon type: 234

	 A0A011Q1B3	[747, 746, 745, 744, 745, 792, 743, 0, 0]
	 A0A011QVV5	[0, 0, 747, 746, 745, 744, 745, 792, 743]

 ### Operon type: 235

	 A0A011NSG8	[0, 0, 0, 746, 745, 744, 0, 745, 0]

 ### Operon type: 236

	 A0A011P0X4	[0, 0, 743, 0, 745, 0, 0, 744, 66]

 ### Operon type: 237

	 A0A010YNY9	[0, 0, 250, 28, 0, 0, 0, 0, 62]

 ### Operon type: 238

	 A0A011AC71	[193, 0, 0, 287, 0, 250, 28, 0, 711]

 ### Operon type: 239

	 A0A011PRW6	[629, 0, 0, 0, 628, 802, 785, 0, 0]
	 A0A011QLX0	[0, 629, 0, 0, 628, 0, 802, 785, 0]

 ### Operon type: 240

	 A0A010SML6	[0, 802, 785, -1, 0, 717, 0, 0, 0]

 ### Operon type: 241

	 A0A010RS09	[0, 0, 0, 0, 50, 0, 731, 731, 0]

 ### Operon type: 242

	 A0A010RTE7	[0, 0, 0, 0, 0, 0, 50, 146, 0]

 ### Operon type: 243

	 A0A009P817	[243, 0, 0, 0, 137, 0, 511, 136, 135]

 ### Operon type: 244

	 A0A009TIY0	[0, 0, 0, 0, 137, 0, 511, 136, 0]

 ### Operon type: 245

	 A0A009QKA3	[511, 136, 0, 135, 0, 0, 0, 0, 204]

 ### Operon type: 246

	 A0A009HSR2	[0, 111, 110, 0, 109, 119, 120, 153, 121]

 ### Operon type: 247

	 A0A009SWM1	[0, 111, 110, 0, 109, 0, 0, 120, 0]

 ### Operon type: 248

	 A0A009MYX0	[122, 121, 0, 608, 0, 0, 120, 119, 118]

 ### Operon type: 249

	 A0A009QK79	[0, 0, 118, 119, 0, 120, 0, 0, 121]

 ### Operon type: 250

	 A0A009GXJ1	[301, 300, 119, 120, 81, 153, 121, 122, 0]

 ### Operon type: 251

	 A0A013TKW8	[0, 652, 0, 542, 541, 540, 539, 538, 537]
	 A0A010IT95	[0, 0, 0, 542, 541, 540, 539, 538, 537]
	 A0A009QT77	[0, 0, -1, 542, 541, 540, 539, 538, 537]
	 A0A009MH36	[0, 0, 0, 542, 541, 540, 539, 538, 537]
	 A0A009PRQ9	[0, 542, 145, 0, 541, 540, 539, 538, 537]
	 A0A009S0T6	[0, 0, 542, 145, 541, 540, 539, 538, 537]
	 A0A009GWD0	[153, 0, 0, 542, 541, 540, 539, 538, 537]
	 A0A009I5G9	[0, 0, 542, 145, 541, 540, 539, 538, 537]

 ### Operon type: 252

	 A0A013TMJ7	[763, -1, 0, 542, 541, 538, 537, 0, 0]

 ### Operon type: 253

	 A0A011V392	[512, 0, 631, 513, 514, 515, 0, 516, 517]
	 A0A011VXC2	[-1, 512, 0, 631, 513, 514, 515, 516, 517]

 ### Operon type: 254

	 A0A011V490	[519, 518, 0, 517, 516, 515, 514, 513, 631]

 ### Operon type: 255

	 A0A011VZF5	[0, 0, 513, 514, 515, 819, 518, 819, 0]

 ### Operon type: 256

	 A0A011WLE7	[0, 0, 0, 0, 0, 269, 0, 0, 0]
	 A0A011VU44	[0, 0, 0, 0, 0, 269, 0, 0, 0]

 ### Operon type: 257

	 A0A011VAP2	[0, 0, 154, 0, 0, 0, 0, 0, 379]

 ### Operon type: 258

	 A0A011VRJ8	[0, 0, 0, 0, 0, 0, 154, 0, 0]

 ### Operon type: 259

	 A0A011RNU1	[0, 0, 0, 0, 0, 0, 781, 781, 780]

 ### Operon type: 260

	 A0A011VKJ9	[0, 0, 0, 0, 0, 0, 780, 781, -1]

 ### Operon type: 261

	 A0A011PQZ7	[0, 0, 0, 633, 750, 0, 632, 0, 0]

 ### Operon type: 262

	 A0A011TUX4	[0, 0, 0, 0, 750, 0, 0, 632, 0]

 ### Operon type: 263

	 A0A011STZ9	[0, 0, 0, 632, 0, 0, 0, 0, 0]

 ### Operon type: 264

	 A0A011PRF5	[630, 0, 0, 0, 0, 0, 0, 0, 0]
	 A0A011PUJ9	[0, 0, 0, 0, 0, 0, 0, 0, 630]

 ### Operon type: 265

	 A0A011PFY8	[0, 0, 0, 0, 0, 0, 0, 0, 651]

 ### Operon type: 266

	 A0A011PNS3	[842, 651, 0, 0, 0, 0, 0, 0, 0]

 ### Operon type: 267

	 A0A011T648	[0, 651, 0, 0, 0, 0, 0, 839, 0]

 ### Operon type: 268

	 A0A010YYJ5	[0, 0, 0, 819, 0, 0, 0, 48, 48]

 ### Operon type: 269

	 A0A011NDM5	[819, 0, 0, 0, 0, 0, 0, 0, 0]

 ### Operon type: 270

	 A0A011MSR2	[0, 0, 0, 533, 0, 0, 0, 819, 819]

 ### Operon type: 271

	 A0A011WSU6	[0, 819, 0, 0, 516, 0, 0, 0, 0]

 ### Operon type: 272

	 A0A011U3C2	[0, 0, 696, 0, 0, 0, 0, 0, 0]
	 A0A011AEN3	[0, 0, 0, 0, 0, 0, 696, 0, 0]

 ### Operon type: 273

	 A0A011AAZ2	[0, 63, 0, 0, 0, 696, 696, 696, 0]

 ### Operon type: 274

	 A0A011T698	[0, 0, 0, 0, 0, 711, 696, 0, 0]

 ### Operon type: 275

	 A0A010YRE8	[0, 0, 0, 0, 0, 0, 0, 11, 0]

 ### Operon type: 276

	 A0A011AF05	[0, 0, 193, 11, 0, 0, 0, 0, 0]

 ### Operon type: 277

	 A0A009ZG48	[0, 0, 0, 652, 0, 0, 0, 0, 0]

 ### Operon type: 278

	 A0A011PEJ8	[0, 0, 653, 652, 0, 0, 0, 0, 0]

 ### Operon type: 279

	 A0A011QNJ7	[730, 0, 0, 652, 0, 0, 0, 730, 0]

 ### Operon type: 280

	 A0A011MMJ4	[0, 0, 0, 0, 0, 0, 0, 730, 0]

 ### Operon type: 281

	 A0A011R8M3	[0, 0, 653, 652, 0, 344, 0, 730, 0]

 ### Operon type: 282

	 A0A009ZC82	[0, 0, 713, 0, 0, 0, 0, 0, 0]

 ### Operon type: 283

	 A0A011P3F6	[717, 0, 0, 713, 0, 0, 0, 0, 0]

 ### Operon type: 284

	 A0A009IG48	[0, 0, 0, 149, 148, 0, 0, 0, 717]

 ### Operon type: 285

	 A0A009IMQ0	[0, 0, 0, 149, 148, 0, 0, 0, 0]

 ### Operon type: 286

	 A0A009SWV1	[0, 0, 0, 0, 0, 0, 0, 149, 0]

 ### Operon type: 287

	 A0A009Q512	[0, 0, 0, 0, 242, 0, 0, 0, 0]
	 A0A009PMZ9	[242, 0, 0, 0, 0, 0, 0, 0, 0]

 ### Operon type: 288

	 A0A009IFL2	[0, 58, 0, 57, -1, 0, 0, 0]

 ### Operon type: 289

	 A0A009ZDS1	[-1, -1, 0, 58, 0, 0, 426, 0, 0]

 ### Operon type: 290

	 A0A010SNM6	[252, 251, -1, 0, 0, 0, 763, 0, 0]

 ### Operon type: 291

	 A0A010T5D8	[251, 252, 0, -1, 0, -1, 480, 0, 0]

 ### Operon type: 292

	 A0A011UB51	[280, 0, 0, 0, 0, 0, 0, 0, 0]
	 A0A011UFH1	[0, 0, 0, 0, 0, 280, 0, 0, 0]

 ### Operon type: 293

	 A0A011V965	[0, -1, -1, 0, 155, 0, -1, -1, 0]
	 A0A011VHP2	[0, -1, -1, -1, 155, 0, 0, 0, 0]

 ### Operon type: 294

	 A0A010RVD0	[-1, 0, 0, -1, 0, 863, 863, 0, 45]

 ### Operon type: 295

	 A0A010T7Q5	[0, 45, 0, 0, 0, 0, -1, 0, 0]

 ### Operon type: 296

	 A0A010SJH7	[0, 0, 763, -1, 0, 0, 255, 0, 0]

 ### Operon type: 297

	 A0A010SRR2	[0, 0, -1, 0, 0, 0, 0, 0, 763]

 ### Operon type: 298

	 A0A010RKP8	[0, 0, 0, 0, 0, 0, -1, 0, 0]
	 A0A010TF14	[-1, 0, 0, 0, 0, 0, 0, 0, 0]
	 A0A010RY47	[-1, 0, -1, 0, 0, 0, 0, 0, 0]
	 A0A009HJU6	[0, 0, 0, 0, 0, 0, 0, 0, -1]
	 A0A011UZ32	[0, 0, 0, 0, 0, -1, 0, 0, 0]

 ### Operon type: 299

	 A0A010SJF9	[0, 0, 0, 0, 0, -1, 0, 254, -1]

 ### Operon type: 300

	 A0A011ML54	[0, 0, 0, 732, 0, 0, 0, 0, -1]

 ### Operon type: 301

	 A0A011NHY1	[0, 0, 0, 0, 0, 763, 0, 0, 0]

 ### Operon type: 302

	 A0A010Z171	[0, 0, 0, 0, 0, 0, 763, 0, 608]

 ### Operon type: 303

	 A0A011T697	[763, 0, 0, 0, 0, 0, 0, 0, 511]

 ### Operon type: 304

	 A0A011TDD1	[0, 286, 763, 0, 0, 0, 0, 0, 0]

 ### Operon type: 305

	 A0A011VW24	[0, 0, 844, 0, 0, 0, 0, 0, -1]

 ### Operon type: 306

	 A0A011T8V3	[0, 0, 844, 0, 0, 0, 0, 0, 0]

 ### Operon type: 307

	 A0A010TH98	[754, 0, 0, 844, 0, 0, 0, 0, 0]

 ### Operon type: 308

	 A0A011QVR3	[0, 0, 0, 0, 0, 0, 0, 845, 844]

 ### Operon type: 309

	 A0A011VYF1	[844, 0, 0, 0, 0, 0, 280, 0, 0]

 ### Operon type: 310

	 A0A010S415	[-1, 844, 0, 341, 0, 0, 0, 0, 415]

 ### Operon type: 311

	 A0A011QSN2	[0, 0, 0, 0, 0, 0, 0, 0, 0]
	 A0A011Q056	[0, 0, 0, 0, 0, 0, 0, 0, 0]
	 A0A011NMI8	[0, 0, 0, 0, 0, 0, 0, 0, 0]
	 A0A011P9Z5	[0, 0, 0, 0, 0, 0, 0, 0, 0]
	 A0A011NAJ1	[0, 0, 0, 0, 0, 0, 0, 0, 0]
	 A0A011PBM9	[0, 0, 0, 0, 0, 0, 0, 0, 0]
	 A0A011NTU3	[0, 0, 0, 0, 0, 0, 0, 0, 0]
	 A0A011PNN2	[0, 0, 0, 0, 0, 0, 0, 0, 0]
	 A0A011QMJ8	[0, 0, 0, 0, 0, 0, 0, 0, 0]
	 A0A013TEV4	[0, 0, 0, 0, 0, 0, 0, 0, 0]
	 A0A011N2Z0	[0, 0, 0, 0, 0, 0, 0, 0, 0]
	 A0A013SL47	[0, 0, 0, 0, 0, 0, 0, 0, 0]
	 A0A011WUT3	[0, 0, 0, 0, 0, 0, 0, 0, 0]
	 A0A013S2B9	[0, 0, 0, 0, 0, 0, 0, 0, 0]
	 A0A013SBR8	[0, 0, 0, 0, 0, 0, 0, 0, 0]
	 A0A010SHY1	[0, 0, 0, 0, 0, 0, 0, 0, 0]
	 A0A011UHL2	[0, 0, 0, 0, 0, 0, 0, 0, 0]
	 A0A011VYF6	[0, 0, 0, 0, 0, 0, 0, 0, 0]
	 A0A011UBN9	[0, 0, 0, 0, 0, 0, 0, 0, 0]
	 A0A009M4K0	[0, 0, 0, 0, 0, 0, 0, 0, 0]
	 A0A009PDV4	[0, 0, 0, 0, 0, 0, 0, 0, 0]
	 A0A011VNE2	[0, 0, 0, 0, 0, 0, 0, 0, 0]
	 A0A009MH90	[0, 0, 0, 0, 0, 0, 0, 0, 0]
	 A0A009HIL8	[0, 0, 0, 0, 0, 0, 0, 0, 0]
	 A0A011UFM5	[0, 0, 0, 0, 0, 0, 0, 0, 0]
	 A0A010SPJ7	[0, 0, 0, 0, 0, 0, 0, 0, 0]
	 A0A010SSQ8	[0, 0, 0, 0, 0, 0, 0, 0, 0]
	 A0A010T025	[0, 0, 0, 0, 0, 0, 0, 0, 0]
	 A0A010YJA7	[0, 0, 0, 0, 0, 0, 0, 0, 0]
	 A0A010ZTI3	[0, 0, 0, 0, 0, 0, 0, 0, 0]
	 A0A011A146	[0, 0, 0, 0, 0, 0, 0, 0, 0]
	 A0A010YZS8	[0, 0, 0, 0, 0, 0, 0, 0, 0]
	 A0A010Z120	[0, 0, 0, 0, 0, 0, 0, 0, 0]

 ### Operon type: 312

	 A0A010TG27	[728, 0, 54, 0, 0, 0, 679, 0, 0]

 ### Operon type: 313

	 A0A011PMK1	[0, 0, 0, 0, 0, 0, 0, 728, 0]

 ### Operon type: 314

	 A0A009HM15	[0, 213, 107, 0, 0, 0, -1, 0, 0]

 ### Operon type: 315

	 A0A009HRU1	[0, 119, 0, 0, 0, 0, 0, 0, 0]

 ### Operon type: 316

	 A0A009HSN8	[0, 247, 0, 0, 0, -1, 0, 205, -1]

 ### Operon type: 317

	 A0A009HV82	[105, 0, 0, 0, 0, 0, 0, 0, 0]

 ### Operon type: 318

	 A0A009IG74	[0, 0, 133, 0, 524, -1, 0, 0, 0]

 ### Operon type: 319

	 A0A009IJ90	[0, 75, 0, 0, 0, 0, 0, 0, 0]

 ### Operon type: 320

	 A0A009NM94	[0, 772, 772, 0, 0, 0, 286, 0, 0]

 ### Operon type: 321

	 A0A009Q4N5	[0, 0, 243, 0, 0, 0, 0, 0, 0]

 ### Operon type: 322

	 A0A009SSZ9	[0, 112, 0, 0, 0, 0, 0, 0, 0]

 ### Operon type: 323

	 A0A009YIH1	[0, 0, 0, 0, 215, 0, -1, -1, 2]

 ### Operon type: 324

	 A0A009YR05	[0, 0, 0, 0, 129, 0, 0, 0, 0]

 ### Operon type: 325

	 A0A009Z004	[95, 0, 95, 0, 0, 608, 0, 0, 0]

 ### Operon type: 326

	 A0A010RUQ5	[0, 0, 0, 0, 0, 0, 0, 0, 268]

 ### Operon type: 327

	 A0A010S195	[713, 0, 249, 248, 0, 0, 0, 0, 0]

 ### Operon type: 328

	 A0A010SCZ2	[0, 0, 0, 0, 0, 0, 0, 378, 0]

 ### Operon type: 329

	 A0A010SN41	[0, 0, 0, 0, 367, 0, 0, 0, 0]

 ### Operon type: 330

	 A0A010SSU2	[0, 0, 0, 0, 81, 0, -1, 693, 0]

 ### Operon type: 331

	 A0A010SUP6	[0, 0, 0, 0, 0, 0, 0, 248, 0]

 ### Operon type: 332

	 A0A010SUY9	[0, 0, 0, 0, 0, 344, 653, 0]

 ### Operon type: 333

	 A0A010THK2	[0, 0, -1, 0, 0, 731, 608, 0, 0]

 ### Operon type: 334

	 A0A010SRL4	[54, 0, 0, -1, 0, 0, 0, 608, 147]

 ### Operon type: 335

	 A0A010YX61	[487, 696, 0, 844, 0, 0, 0, 0, 0]

 ### Operon type: 336

	 A0A010S5W8	[0, 0, 533, 792, 0, 0, 0, 0, 0]

 ### Operon type: 337

	 A0A011NE37	[564, 0, 0, 0, 0, 0, 0, 0, 0]

 ### Operon type: 338

	 A0A011NF78	[0, 0, 870, 0, 0, 0, 0, 0, 0]

 ### Operon type: 339

	 A0A011NVE2	[0, 0, 0, 839, 0, 0, 763, 0, 640]

 ### Operon type: 340

	 A0A011NXJ4	[0, 0, 0, 0, 0, 0, 0, 0, 634]

 ### Operon type: 341

	 A0A011P8I1	[0, 0, 697, 696, 0, 0, 0, 0, 695]

 ### Operon type: 342

	 A0A011P9Q7	[691, 0, 0, 0, 0, 0, 0, 0, 0]

 ### Operon type: 343

	 A0A011PJ75	[0, 839, 619, 839, 0, 0, 0, 0, 0]

 ### Operon type: 344

	 A0A011PRB4	[0, 0, 0, 0, 0, 0, 0, 631, 0]

 ### Operon type: 345

	 A0A011QVT2	[843, 0, 0, 0, 0, 0, 0, 842, 0]

 ### Operon type: 346

	 A0A011RP14	[0, 0, 0, 0, 0, 0, 0, 779, 0]

 ### Operon type: 347

	 A0A011SM49	[763, 0, 779, 0, 0, 0, 398, 0, 0]

 ### Operon type: 348

	 A0A011AM27	[632, 0, 0, 0, 498, 0, 0, 0, 39]

 ### Operon type: 349

	 A0A011T607	[0, 0, 792, 0, 0, 0, 0, 0, 286]

 ### Operon type: 350

	 A0A011TAW2	[0, 0, 0, 0, 0, 0, 456, 0, 0]

 ### Operon type: 351

	 A0A011TED9	[0, 0, 0, 0, 0, 357, 0, 0, 0]

 ### Operon type: 352

	 A0A011TXS5	[0, 390, 0, 0, 0, 0, 0, 0, 0]

 ### Operon type: 353

	 A0A011U144	[0, 268, 0, 0, 0, 0, 634, 570, 0]

 ### Operon type: 354

	 A0A011U1C8	[711, 0, 0, 0, 0, 0, 0, 0, 267]

 ### Operon type: 355

	 A0A011U483	[0, 0, 0, 0, 0, 710, 0, 0, 0]

 ### Operon type: 356

	 A0A011UG86	[0, 746, 0, 0, 0, 254, 0, 0, 0]

 ### Operon type: 357

	 A0A011UQB5	[769, 662, 0, 0, 0, 0, 0, 280, 0]

 ### Operon type: 358

	 A0A011UVI5	[0, 0, 0, 0, 0, 62, 839, 839, 0]

 ### Operon type: 359

	 A0A011UWI3	[0, 0, 0, 0, 139, 0, 342, 713, 0]

 ### Operon type: 360

	 A0A011V5E6	[0, 0, 0, 0, 0, 520, 0, 0, 0]

 ### Operon type: 361

	 A0A011M4H6	[379, 0, 678, 0, 0, 0, 0, 0, 0]

 ### Operon type: 362

	 A0A011VSV3	[0, 0, 0, 0, 0, 0, 647, 0, 0]

 ### Operon type: 363

	 A0A011VWI0	[0, 0, 0, 0, 0, 169, 0, 0, 0]

 ### Operon type: 364

	 A0A011VZ91	[273, 0, 0, 0, 0, 0, 0, 0, 0]

 ### Operon type: 365

	 A0A011WP76	[0, 0, 0, 0, 0, 0, 0, 0, 847]

 ### Operon type: 366

	 A0A011WSD4	[0, 0, 0, -1, 0, 819, 0, 0, 518]

 ### Operon type: 367

	 A0A011WT35	[518, 0, 0, 0, 0, 0, 0, 0, 0]

 ### Operon type: 368

	 A0A013S843	[0, 503, 0, 0, 0, 0, -1, 440, 0]

 ### Operon type: 369

	 A0A013T5E6	[0, 0, 0, 575, 0, 0, 0, 0, 0]

 ### Operon type: 370

	 A0A009T185	[840, 0, 619, 619, 411, 839, 619, 410, 793]

 ### Operon type: 371

	 A0A010IN36	[412, 763, 0, 0, 411, 839, 619, 410, 793]

 ### Operon type: 372

	 A0A009PG43	[839, 619, 548, 842, 0, 410, 793, 0, 0]

 ### Operon type: 373

	 A0A009INE0	[412, 0, 0, 0, 0, 0, 0, 619, 410]

 ### Operon type: 374

	 A0A009T9H0	[0, 2, 717, -1, 0, 0, 120, 0, 119]

 ### Operon type: 375

	 A0A010THH5	[0, 335, 58, 62, 0, 0, 767, 0, 426]

 ### Operon type: 376

	 A0A011WSH8	[0, 0, 0, 679, 368, 0, 0, 0, 0]
	 A0A011VZE3	[0, 0, 0, 679, 368, 0, 0, 0, 0]

 ### Operon type: 377

	 A0A011NAF3	[0, 0, 0, 0, 0, 0, 679, 0, 736]

 ### Operon type: 378

	 A0A009IQ93	[263, 0, 679, 0, 0, 147, 0, 0, 0]

 ### Operon type: 379

	 A0A009Q8S9	[0, 0, 717, 449, 0, 382, 0, 0, 0]

 ### Operon type: 380

	 A0A009TLU4	[0, 390, -1, 217, 0, 43, 0, -1, -1]

 ### Operon type: 381

	 A0A009ZB47	[179, 141, 0, 0, 0, 819, 424, 0, 0]

 ### Operon type: 382

	 A0A009ZVR4	[777, 0, 696, 0, 0, 48, 0, 0, 47]

 ### Operon type: 383

	 A0A010JIN9	[424, 0, 0, 146, 230, 0, 0, 0, 0]

 ### Operon type: 384

	 A0A010S003	[643, 0, 0, 0, 0, 746, 746, 408, 0]

 ### Operon type: 385

	 A0A010SMN8	[0, -1, 250, 0, 681, 0, 0, 650, 0]

 ### Operon type: 386

	 A0A010SXS1	[0, 548, 0, 0, 0, 385, 0, 0, 842]

 ### Operon type: 387

	 A0A010T689	[39, -1, 767, 782, 0, 0, 0, 0, 0]

 ### Operon type: 388

	 A0A010TBB4	[0, 461, 0, 254, 0, 0, 0, 0, 711]

 ### Operon type: 389

	 A0A010YFK3	[0, 826, 0, 0, 0, 0, 123, 0, 267]

 ### Operon type: 390

	 A0A010YVY1	[8, 0, 8, 0, 0, 0, 0, 408, 0]

 ### Operon type: 391

	 A0A010ZSZ2	[0, 63, 0, 25, 24, 0, 0, 0, 0]

 ### Operon type: 392

	 A0A010Z0Y7	[0, 0, 0, 0, 24, 341, 0, 0, 0]

 ### Operon type: 393

	 A0A011A0M8	[0, 0, 608, 0, 57, 0, 0, 10, 10]

 ### Operon type: 394

	 A0A011NFL4	[0, 771, 0, 0, 729, 728, 0, 727, 0]

 ### Operon type: 395

	 A0A011P407	[0, 0, 712, 770, 0, 0, 711, 0, 710]

 ### Operon type: 396

	 A0A011QGT2	[679, 0, 0, 605, 604, 0, 0, 0, 0]

 ### Operon type: 397

	 A0A011QSA4	[873, 0, 872, 871, 0, 0, 0, 0, 870]

 ### Operon type: 398

	 A0A011T6J6	[0, 830, 0, 696, 0, 0, 510, 0, 509]

 ### Operon type: 399

	 A0A011TAL2	[0, 792, 0, 0, 0, 287, 0, 635, 0]

 ### Operon type: 400

	 A0A011TZG0	[608, 820, 0, 0, 0, 0, 0, 543, 0]

 ### Operon type: 401

	 A0A011UGY3	[370, 369, 520, 56, 0, 0, 0, 56, 0]

 ### Operon type: 402

	 A0A011UII7	[0, 0, 0, 0, 0, 640, 388, 0, 0]

 ### Operon type: 403

	 A0A011UNT9	[382, 401, 0, 0, 0, 0, 0, 0, 0]

 ### Operon type: 404

	 A0A011SIS0	[0, 807, 402, 402, 0, 0, 0, 401, 0]

 ### Operon type: 405

	 A0A011UT49	[0, 63, 0, 0, 0, 0, 548, 131, 0]

 ### Operon type: 406

	 A0A011VU65	[124, 0, 0, 0, 0, 123, 0, 647, 262]

 ### Operon type: 407

	 A0A011VV03	[0, 381, 0, 0, 380, 379, 0, 0, 0]

 ### Operon type: 408

	 A0A011VVZ9	[0, 0, -1, 0, 0, 378, 377, 377, 400]

 ### Operon type: 409

	 A0A011VWX7	[842, 313, 0, 0, 0, 0, 0, 768, 0]

 ### Operon type: 410

	 A0A011VXK7	[772, 772, 0, 561, 0, 0, 0, 832, 0]

 ### Operon type: 411

	 A0A011W0I6	[272, 0, 0, 0, 0, 610, 0, 732, 0]

 ### Operon type: 412

	 A0A010YEF6	[0, 272, 0, 0, 0, 0, 0, 0, 40]

 ### Operon type: 413

	 A0A013SQH1	[0, 0, 0, 0, 367, 617, 0, 542, 667]

 ### Operon type: 414

	 A0A009QJA8	[178, 177, 0, 0, 0, 0, 0, 0, 690]

 ### Operon type: 415

	 A0A009YL68	[0, 0, 711, 488, 485, 0, 0, 4, 0]

 ### Operon type: 416

	 A0A010JNG7	[542, 0, 0, 427, 0, 0, 0, 0, 0]

 ### Operon type: 417

	 A0A010RM40	[680, 679, 748, 0, 0, 0, 0, -1, 701]

 ### Operon type: 418

	 A0A010RRQ6	[0, 678, 0, 0, 0, 681, 677, 676, 0]

 ### Operon type: 419

	 A0A010S423	[510, 0, 0, 0, 0, 0, 0, 342, 776]

 ### Operon type: 420

	 A0A010T0I7	[0, 0, 40, 0, 0, 697, 872, 679, 0]

 ### Operon type: 421

	 A0A010ZUR7	[381, 23, 0, 23, 0, 22, 408, 0, 0]

 ### Operon type: 422

	 A0A011NA78	[0, 668, 0, 0, 0, 863, 0, 0, 701]

 ### Operon type: 423

	 A0A011P8W7	[694, 712, 842, 0, 693, 0, 0, 0, 0]

 ### Operon type: 424

	 A0A011PG97	[650, 0, 0, 649, 0, 0, 0, 0, 0]

 ### Operon type: 425

	 A0A011PKT4	[0, 617, 0, 0, 0, 0, 616, 0, 0]

 ### Operon type: 426

	 A0A011PLB2	[0, 694, 0, 618, 0, 0, 0, 0, 0]

 ### Operon type: 427

	 A0A011R339	[0, 0, 0, 0, 0, 0, 301, 300, 0]

 ### Operon type: 428

	 A0A011SFE5	[0, 0, 0, 772, 0, 0, 771, 770, 769]

 ### Operon type: 429

	 A0A011SJT5	[0, 0, 0, 400, 399, 399, 399, 399, 399]

 ### Operon type: 430

	 A0A011TDQ5	[0, 0, 0, 0, 285, 612, 0, 0, 0]

 ### Operon type: 431

	 A0A011VT01	[0, 0, 125, 0, 0, 125, 0, 0, 187]

 ### Operon type: 432

	 A0A009Z3V9	[679, 0, 0, 0, 0, 115, 606, 116, 117]

 ### Operon type: 433

	 A0A010SRB2	[43, 42, 0, 0, 0, 42, 252, 0, 0]

 ### Operon type: 434

	 A0A010KA25	[424, 0, 767, 531, 315, 0, 0, 424, 507]

 ### Operon type: 435

	 A0A011TZN1	[291, 290, 289, 0, 288, 0, 0, 0, 0]

 ### Operon type: 436

	 A0A011VJ76	[132, 132, 131, 727, 0, 679, 608, 0, 712]

 ### Operon type: 437

	 A0A011UG17	[184, 0, 274, 0, 375, 124, 0, 0, 0]

 ### Operon type: 438

	 A0A011WUA8	[804, 0, 0, 467, 0, 0, 0, 466, 466]

 ### Operon type: 439

	 A0A010S4X6	[0, 341, 748, 746, 478, 0, 636, 609, 731]

 ### Operon type: 440

	 A0A010YY02	[0, 7, 0, 0, 7, 751, 6, 0, 9]
