
 ### Operon type: 1

	 A0A010ILU3	[565, 564, 563, 562, 561, 560, 559, 558, 557]
	 A0A009QS71	[565, 564, 563, 562, 561, 560, 559, 558, 557]
	 A0A009QBR9	[565, 564, 563, 562, 561, 560, 558, 557, 228]
	 A0A009MW50	[565, 564, 563, 562, 561, 560, 559, 558, 557]
	 A0A009H3B0	[565, 564, 563, 562, 561, 560, 559, 558, 557]
	 A0A009I8S2	[565, 564, 563, 562, 561, 560, 558, 557, 228]
	 A0A009TM70	[565, 564, 563, 562, 561, 560, 558, 557, 228]

 ### Operon type: 2

	 A0A013TH43	[493, 492, 648, 491, 490, 489, 488, 487, 486]
	 A0A009RAF0	[493, 492, 648, 491, 490, 489, 488, 487, 486]

 ### Operon type: 3

	 A0A011PVT3	[763, 669, 668, 667, 666, 665, 664, 663, 662]
	 A0A011R7V7	[763, 669, 668, 667, 666, 665, 664, 663, 662]
	 A0A011MET3	[763, 669, 668, 667, 666, 665, 664, 663, 662]

 ### Operon type: 4

	 A0A013RZW2	[528, 304, 557, 303, 302, 453, 337, 301, 300]
	 A0A013SNJ8	[528, 304, 557, 303, 302, 453, 337, 301, 300]
	 A0A009PH20	[528, 304, 557, 303, 302, 453, 337, 301, 300]
	 A0A009MMM3	[528, 304, 557, 303, 302, 453, 337, 301, 300]
	 A0A009IV03	[528, 304, 557, 303, 302, 453, 337, 301, 300]
	 A0A009HBT3	[528, 304, 557, 303, 302, 453, 337, 301, 300]
	 A0A010J9U3	[528, 304, 557, 303, 302, 453, 337, 301, 300]
	 A0A009SIZ4	[528, 304, 557, 303, 302, 453, 337, 301, 300]
	 A0A009RD69	[528, 304, 557, 303, 302, 453, 337, 301, 300]
	 A0A009YIZ0	[528, 304, 557, 303, 302, 453, 337, 301, 300]

 ### Operon type: 5

	 A0A009PH57	[261, 260, -1, 259, 258, 679, 257, 320, 256]
	 A0A009TG92	[261, 260, -1, 259, 258, 679, 257, 320, 256]

 ### Operon type: 6

	 A0A013S288	[442, 299, 298, 297, 453, 296, 295, 294, 293]
	 A0A013SXT2	[442, 299, 298, 297, 453, 296, 295, 294, 293]
	 A0A009N031	[442, 299, 298, 297, 453, 296, 295, 294, 293]
	 A0A009I0I9	[442, 299, 298, 297, 453, 296, 295, 294, 293]
	 A0A010J3I1	[442, 299, 298, 297, 453, 296, 295, 294, 293]
	 A0A009PWG1	[442, 299, 298, 297, 453, 296, 295, 294, 293]
	 A0A009R2X0	[442, 299, 298, 297, 453, 296, 295, 294, 293]
	 A0A009SFX8	[442, 299, 298, 297, 46, 453, 296, 295, 294]
	 A0A009TBM2	[299, 298, 297, 46, 453, 296, 295, 294, 293]

 ### Operon type: 7

	 A0A010IMP8	[553, 696, 552, 551, 550, 549, 548, 547, 546]
	 A0A013T8M5	[553, 696, 552, 551, 550, 549, 548, 547, 546]
	 A0A013SZ54	[553, 696, 552, 551, 550, 549, 548, 547, 546]
	 A0A009N123	[553, 696, 552, 551, 550, 549, 548, 547, 546]
	 A0A009IRJ6	[553, 696, 552, 551, 550, 549, 548, 547, 546]
	 A0A009H7U0	[553, 696, 552, 551, 550, 549, 548, 547, 546]
	 A0A009SWU0	[553, 696, 552, 551, 550, 549, 548, 547, 546]
	 A0A009Q3K7	[553, 696, 552, 551, 550, 549, 548, 547, 546]
	 A0A009RBQ2	[553, 696, 552, 551, 550, 549, 548, 547, 546]
	 A0A009ZM43	[-1, 696, 552, 551, 550, 549, 548, 547, 546]

 ### Operon type: 8

	 A0A009S854	[-1, 381, 594, 380, 379, 598, 378, 377, 376]
	 A0A009RG92	[-1, 381, 594, 380, 379, 598, 378, 377, 376]
	 A0A013RMD0	[-1, 381, 594, 380, 379, 598, 378, 377, 376]
	 A0A009QDV7	[-1, 381, 594, 380, 379, 598, 378, 377, 376]
	 A0A009N9Z1	[-1, 381, 594, 380, 379, 598, 378, 377, 376]
	 A0A009H6M2	[-1, 381, 594, 380, 379, 598, 378, 377, 376]
	 A0A010JDA6	[-1, 381, 594, 380, 379, 598, 378, 377, 376]
	 A0A009IHQ3	[-1, 381, 594, 380, 379, 598, 378, 377, 376]
	 A0A009ZIC0	[131, 381, 594, 380, 379, 598, 378, 377, 376]

 ### Operon type: 9

	 A0A011UIA1	[422, 421, 420, 419, 418, 417, 416, 415, 0]
	 A0A011V5V3	[0, 422, 421, 420, 419, 418, 417, 416, 415]

 ### Operon type: 10

	 A0A011PTE7	[729, 728, 727, 726, 725, 0, 724, 723, 722]
	 A0A011NE72	[729, 728, 727, 726, 725, 724, 723, 722, 0]

 ### Operon type: 11

	 A0A010JWJ1	[352, 351, 661, 350, 349, 348, 347, 346, 345]
	 A0A009I4A1	[352, 351, 661, 350, 349, 348, 347, 346, 345]

 ### Operon type: 12

	 A0A009QF22	[148, 147, 352, 0, 349, 348, 347, 346, 345]
	 A0A009TBY8	[148, 147, 352, 350, 349, 348, 347, 346, 345]

 ### Operon type: 13

	 A0A011NEY3	[485, 762, 761, 760, 760, 759, 758, 757, 0]

 ### Operon type: 14

	 A0A011PAN4	[762, 761, 0, 760, 760, 759, 758, 757, 756]

 ### Operon type: 15

	 A0A011RCD5	[485, 762, 761, 760, 760, 759, 758, 757, 756]

 ### Operon type: 16

	 A0A011P4U7	[0, 711, 710, 709, 708, 707, 706, 705, 704]
	 A0A011NAY5	[711, 710, 709, 708, 707, 706, 705, 704, 0]

 ### Operon type: 17

	 A0A011PF67	[814, 813, 812, 811, 810, 0, 0, 0, 0]
	 A0A011NBX7	[814, 813, 812, 811, 810, 610, 0, 0, 0]
	 A0A011NW66	[814, 813, 812, 811, 810, 610, 0, 0, 0]

 ### Operon type: 18

	 A0A011NS68	[814, 813, 812, 811, 810, 809, 808, 822, 807]
	 A0A011RHX4	[814, 813, 812, 811, 810, 809, 808, 822, 0]

 ### Operon type: 19

	 A0A010YT39	[0, 820, 40, 593, 39, 38, 37, 36, 452]

 ### Operon type: 20

	 A0A010Z7T4	[40, 593, 39, 38, 37, 36, 452, 591, 737]

 ### Operon type: 21

	 A0A010K6G6	[339, 338, 337, 336, 335, 334, 333, 0, 332]
	 A0A013SP43	[339, 338, 337, 336, 335, 334, 333, 284, 332]
	 A0A009RUN3	[339, 338, 337, 336, 335, 334, 333, 284, 332]

 ### Operon type: 22

	 A0A011VWR4	[0, 0, 0, 0, 170, 169, 168, 167, 166]

 ### Operon type: 23

	 A0A011VYP6	[170, 169, 168, 167, 166, 0, 165, 667, 0]

 ### Operon type: 24

	 A0A011QAS2	[0, 783, 782, 781, 780, 779, 778, 777, 776]
	 A0A011NEQ1	[0, 783, 782, 781, 780, 779, 778, 777, 776]

 ### Operon type: 25

	 A0A010JSI3	[606, 605, 604, 603, 602, 601, 600, 599, 0]
	 A0A009RGL2	[606, 605, 604, 603, 602, 601, 600, 599, 353]
	 A0A013T0M4	[606, 605, 604, 603, 602, 601, 600, 599, 0]
	 A0A009HDS5	[606, 605, 604, 603, 602, 601, 600, 599, 353]

 ### Operon type: 26

	 A0A009SNL0	[80, 79, 454, 371, 370, 369, 368, 367, 366]

 ### Operon type: 27

	 A0A009T1I8	[454, 371, 370, 369, 368, 367, 366, 0, 0]

 ### Operon type: 28

	 A0A011VUV0	[105, 104, 103, 102, 101, 100, 645, 99, 0]
	 A0A011VW71	[0, 105, 104, 103, 102, 101, 100, 645, 99]

 ### Operon type: 29

	 A0A011UG71	[92, 215, 91, 96, 95, 216, 94, 214, 93]

 ### Operon type: 30

	 A0A011V8Z7	[0, 0, 92, 215, 91, 96, 95, 216, 94]

 ### Operon type: 31

	 A0A011V8Y9	[96, 95, 216, 94, 214, 93, 0, 0, 0]

 ### Operon type: 32

	 A0A011U8C0	[0, 216, 215, 0, 317, 214, 0, 0, 0]

 ### Operon type: 33

	 A0A011QSF0	[0, 869, 868, 867, 866, 865, 864, 863, 0]
	 A0A011QBB5	[751, 869, 868, 867, 866, 865, 864, 863, 683]
	 A0A011Q0X6	[751, 869, 868, 867, 866, 865, 864, 863, 683]
	 A0A011Q1X8	[869, 0, 868, 867, 866, 865, 864, 863, 683]

 ### Operon type: 34

	 A0A011PG87	[751, 869, 868, 867, 866, 865, 864, 0, 0]

 ### Operon type: 35

	 A0A011PCT1	[856, 855, 854, 0, 0, 0, 0, 755, 0]

 ### Operon type: 36

	 A0A011QU35	[0, 0, 0, 0, 857, 0, 856, 855, 854]

 ### Operon type: 37

	 A0A011Q2B1	[860, 703, 857, 702, 854, 672, 671, 670, 755]

 ### Operon type: 38

	 A0A011RLN8	[859, 858, 857, 702, 854, 672, 671, 670, 755]

 ### Operon type: 39

	 A0A011P700	[0, 0, 862, 861, 860, 703, 857, 702, 854]

 ### Operon type: 40

	 A0A011QSI4	[0, 0, 862, 861, 860, 0, 859, 858, 857]

 ### Operon type: 41

	 A0A013T337	[614, 596, 514, 513, 512, 836, 511, 839, 510]
	 A0A013TH30	[614, 596, 514, 513, 512, 836, 511, 839, 510]
	 A0A013S981	[344, 614, 596, 514, 513, 512, 836, 511, 839]

 ### Operon type: 42

	 A0A010JY00	[344, 614, 596, 514, 343, 836, 511, 839, 510]

 ### Operon type: 43

	 A0A009QQ47	[408, 407, 406, 405, 404, 403, 640, 661, 402]
	 A0A009SZB5	[408, 407, 406, 405, 404, 403, 640, 661, 402]
	 A0A013TPV4	[408, 407, 406, 405, 404, 403, 640, 661, 402]
	 A0A009MGJ1	[408, 407, 406, 405, 404, 403, 640, 661, 402]
	 A0A010IZE4	[408, 407, 406, 405, 404, 403, 640, 661, 402]
	 A0A009HL81	[408, 407, 406, 405, 404, 403, 640, 661, 402]
	 A0A009HR98	[408, 407, 406, 405, 404, 403, 640, 661, 402]

 ### Operon type: 44

	 A0A009Z8F7	[407, 406, 403, 0, 404, 5, 5, 0, 47]

 ### Operon type: 45

	 A0A009HFU9	[135, 134, 133, 132, 131, 581, 130, 129, 0]
	 A0A009R016	[135, 134, 133, 132, 131, -1, 581, 130, 129]

 ### Operon type: 46

	 A0A011UJN3	[0, 543, 0, 0, 310, 309, 308, 307, 306]

 ### Operon type: 47

	 A0A011W213	[310, 309, 308, 307, 306, 590, 0, 0, 0]

 ### Operon type: 48

	 A0A011QUG8	[853, 852, 851, 850, 849, 848, 0, 847, 846]
	 A0A011QIT1	[853, 852, 851, 850, 849, 848, 847, 846, 806]

 ### Operon type: 49

	 A0A011PP01	[740, 739, 738, 827, 828, 829, 830, 831, 832]
	 A0A011NVE7	[740, 739, 738, 827, 828, 829, 830, 831, 832]

 ### Operon type: 50

	 A0A011P2I4	[786, 741, 833, 832, 831, 830, 829, 828, 827]
	 A0A011N9N8	[786, 741, 833, 832, 831, 830, 829, 828, 827]

 ### Operon type: 51

	 A0A011PIY7	[834, 0, 833, 832, 831, 830, 829, 0, 827]

 ### Operon type: 52

	 A0A011Q3J4	[0, 834, 833, 832, 831, 830, 829, 828, 0]

 ### Operon type: 53

	 A0A011MH88	[835, 834, 833, 832, 831, 830, 829, 828, 827]

 ### Operon type: 54

	 A0A013SPM5	[508, 507, 506, 505, 504, 503, 502, 501, 500]
	 A0A010IX62	[508, 507, 506, 505, 504, 503, 502, 501, 500]
	 A0A009QFZ7	[508, 507, 506, 505, 504, 503, 502, 501, 500]
	 A0A009MH71	[508, 507, 506, 505, 504, 503, 502, 501, 500]
	 A0A009HSL1	[508, 507, 506, 505, 504, 503, 502, 501, 500]
	 A0A009I6Z0	[508, 507, 506, 505, 504, 503, 502, 501, 500]
	 A0A009TK03	[508, 507, 506, 505, 504, 503, 502, 501, 500]

 ### Operon type: 55

	 A0A009ZIX8	[0, 6, 506, 505, 504, 25, 0, 500, 0]

 ### Operon type: 56

	 A0A010JJN4	[579, 578, 577, 576, 575, 574, 573, 698, 615]
	 A0A013TPR7	[579, 578, 577, 576, 575, 574, 573, 698, 615]
	 A0A009PMT3	[579, 578, 577, 576, 575, 574, 573, 698, 615]
	 A0A009NI48	[579, 578, 577, 576, 575, 574, 573, 698, -1]
	 A0A009SEP4	[579, 578, 577, 576, 575, 0, 574, 573, 0]
	 A0A009RMI1	[579, 578, 577, 576, 575, 574, 573, 698, 0]
	 A0A009HJJ5	[579, 578, 577, 576, 575, 574, 573, 698, 69]
	 A0A009I8I7	[579, 578, 577, 576, 575, 574, 573, 698, 69]
	 A0A009YG45	[0, 579, 578, 577, 575, 0, 574, 573, 698]

 ### Operon type: 57

	 A0A013S8F0	[291, 330, 290, 289, 288, 661, 817, 398, 616]
	 A0A013TPQ9	[291, 330, 290, 289, 288, 661, 817, 398, 616]
	 A0A009PMU2	[291, 330, 290, -1, 288, 661, 817, 398, 616]
	 A0A010IZH1	[-1, 330, 290, 289, 288, 661, 817, 398, 616]
	 A0A009SZ84	[291, 330, 290, 289, 288, 661, 817, 398, 616]
	 A0A009HJM0	[291, 330, 290, 289, 288, 661, 817, 398, 616]

 ### Operon type: 58

	 A0A009HUS9	[330, 290, 0, 289, 288, 198, -1, 199, 200]

 ### Operon type: 59

	 A0A009ISE1	[574, 573, 698, 200, 199, -1, 198, 288, 289]

 ### Operon type: 60

	 A0A009NPS1	[291, 330, 290, 289, 288, -1, 698, 573, 574]

 ### Operon type: 61

	 A0A009QSI3	[396, 395, 394, 393, 392, 584, 583, 391, -1]
	 A0A013SB36	[396, 395, 394, 393, 392, 584, 583, 391, 373]

 ### Operon type: 62

	 A0A010ITP2	[396, 395, 394, 393, 392, 584, 583, 0, 0]

 ### Operon type: 63

	 A0A009SII9	[-1, 395, 394, 393, 392, 584, 583, 375, 374]

 ### Operon type: 64

	 A0A009T0Q9	[392, 584, 583, 375, 374, 373, 835, 661, 372]

 ### Operon type: 65

	 A0A009YJF4	[0, 584, 583, 119, 118, 835, 661, 0, 372]

 ### Operon type: 66

	 A0A009GP96	[0, 128, 661, 591, 331, 127, 581, 126, 125]

 ### Operon type: 67

	 A0A009GSR4	[591, 331, 127, 581, 126, 125, 125, 124, 0]

 ### Operon type: 68

	 A0A009IIT6	[128, 661, 591, 331, 126, 125, 125, 124, 0]

 ### Operon type: 69

	 A0A011SQL0	[716, 319, -1, 318, 317, 316, 342, 315, 314]
	 A0A011UZ49	[319, -1, 318, 317, 316, 342, 315, 314, 0]

 ### Operon type: 70

	 A0A009PT82	[741, 685, 188, 187, 203, 202, 201, 186, 185]
	 A0A009SIF9	[741, 685, 188, 187, 203, 202, 201, 186, 185]

 ### Operon type: 71

	 A0A009IS10	[204, 0, 0, 0, 203, 202, 201, 0, 0]

 ### Operon type: 72

	 A0A009QHW5	[0, 0, 0, 565, 203, 202, 201, 0, 146]

 ### Operon type: 73

	 A0A011UVB4	[0, 0, 0, 356, 0, 0, 204, 0, 99]

 ### Operon type: 74

	 A0A011V107	[428, -1, 437, 435, 438, 434, 427, 426, 0]
	 A0A011U7M7	[0, 428, -1, 437, 435, 438, 434, 427, 426]

 ### Operon type: 75

	 A0A011TLH0	[439, 438, 437, 436, 435, 434, 0, 0, 0]

 ### Operon type: 76

	 A0A011UG87	[472, 473, 474, 439, 438, 437, 436, 435, 434]

 ### Operon type: 77

	 A0A011TLH7	[474, 473, 472, 0, 0, 0, 0, 0, 0]

 ### Operon type: 78

	 A0A011TWN2	[471, 470, 469, 468, 467, 466, 465, 0, 0]
	 A0A011TAF9	[0, 0, 471, 470, 469, 468, 467, 466, 465]

 ### Operon type: 79

	 A0A011Q5V7	[801, 0, 0, 0, 800, 799, 798, 797, 796]

 ### Operon type: 80

	 A0A011RM25	[800, 799, 798, 797, 796, 844, 0, 648, 0]

 ### Operon type: 81

	 A0A011QDV3	[690, 689, 688, 817, 687, 686, 685, 0, 684]
	 A0A011QIE8	[690, 689, 688, 817, 687, 686, 684, 0, 0]

 ### Operon type: 82

	 A0A011QAB0	[790, 789, 788, 0, 787, 786, 785, 784, 0]
	 A0A011PL71	[622, 790, 789, 788, 787, 786, 785, 784, 0]

 ### Operon type: 83

	 A0A011Q6N5	[795, 794, 793, 0, 0, 0, 792, 791, 792]

 ### Operon type: 84

	 A0A011SGD5	[0, 0, 0, 0, 0, 0, 795, 794, 793]

 ### Operon type: 85

	 A0A011NYU6	[681, 680, 0, 679, 736, 27, 26, 0, 678]

 ### Operon type: 86

	 A0A011PYI6	[681, 680, 0, 679, 736, 678, 677, 714, 0]

 ### Operon type: 87

	 A0A011P1C0	[0, 0, 27, 26, 678, 0, 0, 0, 0]

 ### Operon type: 88

	 A0A011PKU5	[628, 627, 626, 625, 626, 624, 623, 0, 0]
	 A0A011N4G4	[0, 0, 628, 627, 626, 625, 626, 624, 623]

 ### Operon type: 89

	 A0A010ZWJ8	[21, 20, 19, 737, 18, 695, 459, 695, 17]

 ### Operon type: 90

	 A0A011AHW1	[18, 737, 19, 20, 21, 0, 0, 22, 0]

 ### Operon type: 91

	 A0A011AHU9	[459, 695, 17, 0, 0, 0, 0, 9, 835]

 ### Operon type: 92

	 A0A010ZX98	[16, 15, 14, 13, 12, 11, 817, 817, 0]

 ### Operon type: 93

	 A0A011AIL7	[12, 13, 14, 15, 16, 0, 0, 0, 0]

 ### Operon type: 94

	 A0A010YF95	[802, 45, 847, 44, 43, 43, 42, 311, 41]

 ### Operon type: 95

	 A0A010ZJQ6	[45, 847, 44, 43, 43, 42, 311, 41, 0]

 ### Operon type: 96

	 A0A009GXL8	[122, 121, 120, 119, 118, 350, 150, 145, 144]

 ### Operon type: 97

	 A0A010JIW7	[122, 121, 120, 119, 118, 0, 0, 150, 145]

 ### Operon type: 98

	 A0A011QNA5	[0, 658, 657, 656, 0, 655, 654, 653, 652]
	 A0A009ZLJ7	[652, 653, 654, 655, 0, 0, 658, 657, 656]

 ### Operon type: 99

	 A0A013T0T6	[655, 654, 653, 652, 556, 555, 516, 554, 515]
	 A0A009QMH5	[655, 654, 653, 652, 556, 555, 516, 554, 515]
	 A0A009PE10	[655, 654, 653, 652, 556, 269, 516, 554, -1]
	 A0A009ISY0	[655, 654, 653, 652, 556, 269, 516, 554, 515]
	 A0A009HAX1	[655, 654, 653, 652, 556, 555, 516, 554, 515]
	 A0A009RMD0	[655, 654, 653, 652, 556, 269, 516, 554, 515]

 ### Operon type: 100

	 A0A010ILW6	[655, 654, 653, 652, 556, 555, 0, 0, 554]

 ### Operon type: 101

	 A0A009Z9X7	[654, 653, 652, 0, 556, 0, 843, 0, 554]

 ### Operon type: 102

	 A0A013S8V2	[287, 286, 0, 0, 0, 285, 0, 0, 0]
	 A0A009R8E1	[0, 62, 0, 287, 286, 0, 0, 285, 0]

 ### Operon type: 103

	 A0A009ICH6	[528, 178, 177, 176, 343, 61, 60, 59, 839]
	 A0A009ZFR5	[528, 178, 177, 176, 343, 61, 60, 59, 839]

 ### Operon type: 104

	 A0A009NQA1	[528, 178, 177, 176, 175, 174, 514, 839, 836]
	 A0A009RR21	[528, 178, 177, 176, 175, 174, 514, 839, 836]

 ### Operon type: 105

	 A0A009HTN9	[528, 178, 177, 176, 175, 174, 66, 764, 65]
	 A0A009T3J5	[528, 178, 177, 176, 175, 174, 66, 764, 65]

 ### Operon type: 106

	 A0A009Q0U9	[528, 178, 177, 176, 175, 174, -1, -1, 0]

 ### Operon type: 107

	 A0A009QEG7	[227, 226, 225, 224, 223, 222, 221, 220, 219]
	 A0A009IPC3	[227, 226, 225, 224, 223, 222, 221, 220, 219]

 ### Operon type: 108

	 A0A009I573	[89, 0, 156, 157, 0, 158, 223, 224, 225]

 ### Operon type: 109

	 A0A009ILP9	[220, 0, 225, 224, 223, 158, 219, 157, 156]

 ### Operon type: 110

	 A0A009I953	[220, 0, 225, 224, 223, 158, 219, 0, -1]

 ### Operon type: 111

	 A0A009SX74	[749, 807, 0, 157, 219, 220, 226, 227, 81]

 ### Operon type: 112

	 A0A010IPH1	[542, 541, 613, 540, 539, 538, 537, 536, 535]
	 A0A009MMG9	[542, 541, 613, 540, 539, 538, 537, 536, 535]
	 A0A009QVK8	[542, 541, 613, 540, 539, 538, 537, 536, 535]
	 A0A009ICP5	[542, 541, 613, 540, 539, 538, 537, 536, 535]

 ### Operon type: 113

	 A0A009SIV4	[362, 363, 364, 90, 539, 538, 537, 536, 535]
	 A0A009HTW0	[362, 363, 364, 90, 539, 538, 537, 536, 535]
	 A0A009QLL2	[362, 363, 364, 90, 539, 538, 537, 536, 535]
	 A0A013TSJ4	[363, 364, 0, 90, 539, 538, 537, 536, 535]

 ### Operon type: 114

	 A0A013TCN9	[562, 499, 498, 497, 496, 495, 494, 661, 817]
	 A0A009QNC9	[562, 499, 498, 497, 496, 495, 494, 661, 817]
	 A0A010ITG1	[562, 499, 498, 497, 496, 495, 494, 661, 817]
	 A0A009NIJ3	[562, 499, 498, 497, 496, 495, 494, 661, 817]
	 A0A013TRC1	[562, 499, 498, 497, 496, 495, 494, 661, 817]

 ### Operon type: 115

	 A0A009H935	[0, 0, 498, 497, 496, 495, 494, 661, 817]

 ### Operon type: 116

	 A0A009IMX3	[534, 533, 532, 531, 530, 153, 153, 714, 152]
	 A0A009QEX0	[534, 533, 532, 531, 530, 153, 153, 714, 152]
	 A0A009SF48	[534, 533, 532, 531, 530, -1, 153, 714, 152]

 ### Operon type: 117

	 A0A010ISX2	[534, 533, 532, 531, 530, 529, 528, 527, 526]
	 A0A009RES7	[534, 533, 532, 531, 530, 529, 528, 527, 526]
	 A0A013S7V1	[534, 533, 532, 531, 530, 529, 528, 527, 526]
	 A0A009MR00	[534, 533, 532, 531, 530, 529, 528, 527, 526]

 ### Operon type: 118

	 A0A009YTT3	[3, 131, 532, 531, 530, 529, 528, 527, 526]

 ### Operon type: 119

	 A0A009GYP9	[0, 0, 0, 531, 530, 529, 528, 527, 526]

 ### Operon type: 120

	 A0A009ZZC8	[-1, 79, 80, 3, 131, 532, 531, 530, 529]

 ### Operon type: 121

	 A0A011WSE5	[247, 246, 245, 244, 243, 242, 241, 240, 449]
	 A0A011UGX8	[98, 247, 246, 245, 244, 243, 242, 241, 240]

 ### Operon type: 122

	 A0A011VZG0	[448, 0, 98, 247, 246, 245, 244, 243, 242]

 ### Operon type: 123

	 A0A009PJF7	[357, 359, 359, 360, 255, 361, 254, 253, 252]
	 A0A009SJZ7	[356, 357, 359, 360, 255, 361, 254, 253, 252]

 ### Operon type: 124

	 A0A009Z5G0	[361, 360, 359, 0, 358, 357, 356, 355]

 ### Operon type: 125

	 A0A010JJC1	[632, 572, 571, 570, 569, 568, 567, 580, 566]
	 A0A010IZ41	[572, 571, 570, 569, 568, 567, 580, 566, 337]

 ### Operon type: 126

	 A0A009QJL6	[632, 572, 571, 570, 0, 566, 337, 143, 0]

 ### Operon type: 127

	 A0A010KAV2	[329, 328, 327, 326, 325, 741, 541, 713, 324]
	 A0A013SGL3	[329, 328, 327, 326, 325, 741, 541, 713, 324]
	 A0A013TB41	[329, -1, 327, 326, 325, 741, 541, 713, 324]
	 A0A009PG53	[329, 328, 327, 326, 325, 741, 541, 713, 324]
	 A0A009NE81	[329, 328, 327, 326, 325, 741, 541, 713, 324]
	 A0A009RQH3	[329, 328, 327, 326, 325, 741, 541, 713, 324]
	 A0A009I5Z6	[329, 328, 327, 326, 325, 741, 541, 713, 324]
	 A0A009SHB3	[329, 328, 327, 326, 325, 741, 541, 713, 324]

 ### Operon type: 128

	 A0A009H3X4	[329, 328, 327, 326, 325, 741, -1, 825, -1]

 ### Operon type: 129

	 A0A009PIB4	[0, 0, 0, 184, 183, 182, 581, 661, 786]
	 A0A009SLR5	[0, 0, 0, 184, 183, 182, 581, 661, 786]

 ### Operon type: 130

	 A0A009HSU4	[0, 0, 621, 661, 0, 741, 713, 786, 581]

 ### Operon type: 131

	 A0A009I463	[641, 64, 63, 453, 453, 452, 451, 450, 173]
	 A0A009PAG1	[641, 64, 63, 453, 453, 452, 451, 450, 173]

 ### Operon type: 132

	 A0A013SKX6	[0, 0, 641, 0, 453, 453, 452, 451, 450]

 ### Operon type: 133

	 A0A011Q5S3	[806, 805, 0, 0, 0, 0, 804, 803, 802]

 ### Operon type: 134

	 A0A011UZZ4	[0, 804, 803, 0, 0, 0, 433, 433, 802]

 ### Operon type: 135

	 A0A011UTJ0	[0, 0, 0, 114, 113, 112, 706, 111, 110]

 ### Operon type: 136

	 A0A011VMV7	[114, 113, 112, 706, 111, 110, 414, 413, 412]

 ### Operon type: 137

	 A0A011NYT4	[701, 700, 699, 698, 0, 585, 585, 584, 583]

 ### Operon type: 138

	 A0A011P8E9	[0, 0, 701, 700, 0, 699, 698, 0, 0]

 ### Operon type: 139

	 A0A010TF34	[0, -1, 0, 0, 53, 52, 51, 50, 49]
	 A0A010SYH9	[53, 52, 51, 50, 49, 0, 0, 0, 0]

 ### Operon type: 140

	 A0A010S7A1	[141, 140, 139, 138, 0, 137, 0, 0, 0]
	 A0A010TFJ4	[0, -1, 0, 141, 140, 139, 138, -1, 137]

 ### Operon type: 141

	 A0A009PAV9	[279, -1, 613, 278, 453, 581, 277, 276, 275]
	 A0A009HJC2	[279, 817, 613, 278, 453, 581, 277, 276, 275]

 ### Operon type: 142

	 A0A009SE02	[0, 275, 0, 0, 0, 276, 277, 581, 453]

 ### Operon type: 143

	 A0A009RSB7	[713, 528, 691, 525, 262, 661, 661, 523, 522]
	 A0A009SYU8	[713, 528, 691, 525, 262, 661, 661, 523, 522]
	 A0A009HS41	[713, 528, 691, 525, 262, 661, 661, 523, 522]

 ### Operon type: 144

	 A0A010IT25	[713, 528, 691, 525, 524, 661, 661, 523, 522]
	 A0A013SHA9	[713, 528, 691, 525, 524, 661, 661, 523, 522]
	 A0A009I466	[713, 528, 691, 525, 524, 661, 661, 523, 522]

 ### Operon type: 145

	 A0A009NMQ9	[713, 528, 691, 525, 524, 0, 661, 661, 523]

 ### Operon type: 146

	 A0A009P8A9	[0, 0, 691, 525, 262, 661, 661, 523, 522]

 ### Operon type: 147

	 A0A009ITT8	[197, 196, 195, 387, 386, 194, 385, 384, 383]
	 A0A009NJ90	[197, 196, 195, 387, 386, 159, 194, 385, 384]

 ### Operon type: 148

	 A0A009NCH6	[192, 385, 384, 383, 382, 191, 190, 85, 84]
	 A0A009IJ01	[385, 384, 383, 354, 382, 191, 190, 85, 84]

 ### Operon type: 149

	 A0A009RQL5	[385, 384, 383, 83, 382, 191, 190, 85, 0]

 ### Operon type: 150

	 A0A009MGQ8	[386, 0, 192, 385, 384, 383, 382, 191, 190]

 ### Operon type: 151

	 A0A009S6G1	[390, 389, 388, 387, 386, 385, 384, 383, 382]
	 A0A009IJ07	[390, 389, 388, 387, 386, 385, 384, 383, 354]
	 A0A009RHH7	[390, 389, 388, 387, 386, 159, 385, 384, 383]

 ### Operon type: 152

	 A0A009HZK2	[388, 387, 386, 385, 384, 383, 354, 382, 191]

 ### Operon type: 153

	 A0A009R4N4	[387, 386, 159, 385, 384, 383, 83, 382, 191]

 ### Operon type: 154

	 A0A009S5A5	[386, 159, 194, 385, 384, 383, 354, 82, 382]

 ### Operon type: 155

	 A0A009RHH9	[0, 0, 0, 0, 411, 390, 389, 388, 387]

 ### Operon type: 156

	 A0A011PGU1	[0, 0, 748, 747, 746, 745, 744, 743, 742]
	 A0A011MDH1	[673, 0, 748, 747, 746, 745, 744, 743, 742]

 ### Operon type: 157

	 A0A011V0P4	[484, 432, 0, 0, 431, 0, 0, 430, 429]

 ### Operon type: 158

	 A0A011WPV7	[430, 429, 0, 0, 0, 0, 0, 0, 0]

 ### Operon type: 159

	 A0A011UDF3	[747, 212, 0, 0, 0, 464, 211, 210, 873]

 ### Operon type: 160

	 A0A011VSC9	[211, 210, 873, 0, 0, 0, 0, 0, 0]

 ### Operon type: 161

	 A0A011SF89	[638, 637, 636, 0, 0, 0, 0, 0, 0]

 ### Operon type: 162

	 A0A011UCX7	[0, 790, 638, 637, 0, 636, 213, 0, 0]

 ### Operon type: 163

	 A0A011RNP9	[0, 0, 0, 0, 0, 645, 785, 0, 0]

 ### Operon type: 164

	 A0A011V0B5	[641, 0, 0, 0, 0, 0, 645, 0, 0]

 ### Operon type: 165

	 A0A011RQC9	[0, 641, 640, 0, 0, 0, 0, 639, 0]

 ### Operon type: 166

	 A0A011QG28	[651, 650, 747, 0, 746, 745, 696, 649, 697]
	 A0A011RIM8	[651, 650, 0, 0, 746, 745, 696, 649, 697]

 ### Operon type: 167

	 A0A011PHI6	[720, 0, 719, 0, 0, 718, 850, 717, 0]

 ### Operon type: 168

	 A0A011QI68	[0, 0, 719, 718, 0, 0, 0, 0, 0]

 ### Operon type: 169

	 A0A011NVJ6	[588, 768, 767, 766, 765, 764, 0, 0, 587]

 ### Operon type: 170

	 A0A011PVP2	[0, 768, 767, 766, 765, 764, 0, 0, 763]

 ### Operon type: 171

	 A0A011NXY7	[0, 0, 767, 0, 765, 0, 0, 0, 0]

 ### Operon type: 172

	 A0A011QR69	[841, 840, 839, 838, 837, 836, 0, 0, 0]
	 A0A011NUB4	[841, 840, 839, 838, 837, 836, 0, 590, 0]

 ### Operon type: 173

	 A0A011NN36	[840, 839, 0, 0, 837, 836, 0, 0, 0]

 ### Operon type: 174

	 A0A011PK69	[839, 631, 0, 0, 837, 836, 0, 0, 0]

 ### Operon type: 175

	 A0A011RMI6	[774, 773, 730, 647, 646, 772, 771, 770, 769]
	 A0A011NYD6	[774, 773, 730, 647, 646, 772, 771, 770, 769]

 ### Operon type: 176

	 A0A011QB28	[775, 774, 773, 0, 0, 772, 771, 770, 769]

 ### Operon type: 177

	 A0A011NF33	[0, 772, 771, 0, 0, 0, 0, 0, 0]

 ### Operon type: 178

	 A0A011NBY4	[609, 0, 0, 608, 0, 0, 607, 0, 0]

 ### Operon type: 179

	 A0A011WRT0	[609, 0, 0, 0, 0, 0, 0, 714, 0]

 ### Operon type: 180

	 A0A011SHV5	[0, 0, 0, 0, 0, 633, 714, 632, 0]

 ### Operon type: 181

	 A0A011NB95	[0, 845, 0, 0, 0, 0, 613, 612, 611]

 ### Operon type: 182

	 A0A011UHT4	[143, 97, 612, 0, 0, 55, 55, 611, 0]

 ### Operon type: 183

	 A0A010Z1W7	[0, 0, 0, 0, 0, 71, 0, 476, 477]

 ### Operon type: 184

	 A0A011VY84	[0, 0, 477, 476, 0, 0, 0, 0, 0]

 ### Operon type: 185

	 A0A010YW85	[0, 0, 0, 0, 0, 444, 0, 476, 477]

 ### Operon type: 186

	 A0A010ZMA0	[476, 617, 0, 0, 0, 0, 0, 0, 0]

 ### Operon type: 187

	 A0A011N5L2	[0, 0, 0, 617, 0, 616, 615, 0, 0]

 ### Operon type: 188

	 A0A009MJ75	[0, 0, 173, 172, 171, 0, 0, 0, 591]

 ### Operon type: 189

	 A0A010IH51	[0, 535, 0, 0, 171, 0, 591, 0, 0]

 ### Operon type: 190

	 A0A011TYT7	[0, 0, 0, 0, 0, 0, 535, 312, 312]

 ### Operon type: 191

	 A0A010RRR9	[0, 0, 0, 0, 666, 0, 0, 592, 591]

 ### Operon type: 192

	 A0A010SIA7	[0, 0, 592, 138, 0, 0, 0, 0, 0]

 ### Operon type: 193

	 A0A010RFQ9	[0, 0, 598, 0, 597, 0, 0, 0, 0]

 ### Operon type: 194

	 A0A010SPR9	[32, 32, 0, 0, 0, 597, 0, 0, 0]

 ### Operon type: 195

	 A0A009LNU8	[235, 237, 342, 341, 0, 193, 0, 581, 0]

 ### Operon type: 196

	 A0A013SRG6	[340, 341, 342, 237, 0, 236, 0, 235, 816]

 ### Operon type: 197

	 A0A009IQU8	[0, 237, 0, 0, 0, 236, 816, 0, 0]

 ### Operon type: 198

	 A0A010K2K8	[342, 341, 340, 0, 0, 0, 0, -1, 581]

 ### Operon type: 199

	 A0A011NPR8	[0, 816, 0, 0, 0, 0, 815, 0, 0]

 ### Operon type: 200

	 A0A010SEA2	[805, 815, 136, 0, 0, 0, 0, 0, 0]

 ### Operon type: 201

	 A0A010IGH8	[0, 0, 0, 0, 0, 0, 0, 280, 523]

 ### Operon type: 202

	 A0A010STD3	[0, 0, 0, 463, 462, 461, 0, 523, 280]

 ### Operon type: 203

	 A0A010SQJ5	[292, 540, 0, 463, 462, 461, 0, 0, 0]

 ### Operon type: 204

	 A0A013RVV2	[562, 0, 282, 281, 0, 0, 523, 280, 0]

 ### Operon type: 205

	 A0A011TD67	[464, 0, 0, 463, 462, 461, 460, 0, 459]

 ### Operon type: 206

	 A0A009ZC12	[0, 0, 0, 463, 0, 461, 460, 4, 871]

 ### Operon type: 207

	 A0A009YSC7	[0, 0, 607, 1, 0, 1, 282, 281, 0]

 ### Operon type: 208

	 A0A009ZJK4	[0, 0, 0, 0, 0, 0, 528, 29, 0]

 ### Operon type: 209

	 A0A010SVN1	[-1, 29, 661, 397, 440, 0, 0, 528, 0]

 ### Operon type: 210

	 A0A009PFK7	[268, 267, 266, 265, 264, 0, 0, 263, 0]
	 A0A009QGN4	[268, 267, 266, 265, 264, 263, 0, 0, 0]

 ### Operon type: 211

	 A0A009YR20	[0, 263, 0, 0, 0, 0, 267, 0, 0]

 ### Operon type: 212

	 A0A009SCM5	[78, 77, 76, 0, 0, 0, 0, 0, 0]

 ### Operon type: 213

	 A0A009TJ77	[81, 149, 0, 0, 0, 0, 78, 77, 76]

 ### Operon type: 214

	 A0A009HZV2	[0, 0, 0, 0, 410, 409, 159, 0, 0]

 ### Operon type: 215

	 A0A009QPE7	[0, 0, 0, 0, 410, 409, 0, 0, 0]

 ### Operon type: 216

	 A0A009MGR3	[0, 0, 233, 0, 509, 82, 132, 272, 271]

 ### Operon type: 217

	 A0A009Q4G0	[0, 234, 233, 0, 509, 0, 272, 271, 272]

 ### Operon type: 218

	 A0A009PB53	[0, 0, 274, 273, 509, 272, 271, 272, 270]

 ### Operon type: 219

	 A0A009PUJ8	[0, 274, 273, 509, 0, 270, 150, 145, 144]

 ### Operon type: 220

	 A0A009QQC0	[401, 0, 400, 661, 455, 455, 399, 398, 397]
	 A0A009H7I0	[401, 0, 0, 661, 455, 455, 399, 398, 397]

 ### Operon type: 221

	 A0A009MVG4	[400, 0, 456, 661, 455, 455, 399, 398, 397]

 ### Operon type: 222

	 A0A009QA91	[230, 229, 713, 661, 455, 455, 399, 398, 397]
	 A0A010J377	[230, 229, 713, 661, 455, 455, 399, 398, 397]

 ### Operon type: 223

	 A0A009S1X4	[230, 229, 713, 661, 455, 455, 661, 0, 257]

 ### Operon type: 224

	 A0A013SHF4	[0, 0, 456, 661, 455, 455, 0, 454, 0]

 ### Operon type: 225

	 A0A011PJK8	[621, 620, 619, 660, 659, 618, 0, 0, 0]
	 A0A011N3C3	[0, 0, 0, 621, 620, 619, 660, 659, 618]

 ### Operon type: 226

	 A0A011WKI4	[0, 0, 0, 0, 0, 821, 162, 161, 164]
	 A0A011UWH1	[821, 162, 161, 164, 0, 0, 0, 0, 0]

 ### Operon type: 227

	 A0A010YKP2	[0, 0, 0, 0, 0, 0, 587, 425, 0]

 ### Operon type: 228

	 A0A011V1A2	[432, 0, 0, 425, 0, 0, 0, 0, 0]

 ### Operon type: 229

	 A0A011NGS0	[0, 0, 0, 0, 819, 818, 0, 0, 0]

 ### Operon type: 230

	 A0A011PW61	[0, 0, 0, 0, 819, 818, 0, 0, 682]

 ### Operon type: 231

	 A0A011UXI1	[0, 629, 0, 0, 819, 818, 458, 0, 0]

 ### Operon type: 232

	 A0A011SWI9	[-1, -1, 0, 720, 819, 818, 458, -1, -1]

 ### Operon type: 233

	 A0A011P952	[818, 0, 692, 0, 0, 692, 0, 0, 0]

 ### Operon type: 234

	 A0A011Q1B3	[676, 717, 675, 674, 675, 763, 673, 0, 0]
	 A0A011QVV5	[0, 0, 676, 717, 675, 674, 675, 763, 673]

 ### Operon type: 235

	 A0A011NSG8	[0, 0, 0, 717, 675, 674, 0, 675, 0]

 ### Operon type: 236

	 A0A011P0X4	[0, 0, 673, 0, 675, 0, 0, 674, 62]

 ### Operon type: 237

	 A0A010YNY9	[0, 0, 72, 34, 0, 0, 0, 0, 67]

 ### Operon type: 238

	 A0A011AC71	[257, 0, 0, 443, 0, 72, 34, 0, 713]

 ### Operon type: 239

	 A0A011PRW6	[732, 0, 0, 0, 731, 773, 730, 0, 0]
	 A0A011QLX0	[0, 732, 0, 0, 731, 0, 773, 730, 0]

 ### Operon type: 240

	 A0A010SML6	[0, 773, 730, -1, 0, 807, 0, 0, 0]

 ### Operon type: 241

	 A0A010RS09	[0, 0, 0, 0, 50, 0, 825, 825, 0]

 ### Operon type: 242

	 A0A010RTE7	[0, 0, 0, 0, 0, 0, 50, 149, 0]

 ### Operon type: 243

	 A0A009P817	[232, 0, 0, 0, 181, 0, 446, 180, 179]

 ### Operon type: 244

	 A0A009TIY0	[0, 0, 0, 0, 181, 0, 446, 180, 0]

 ### Operon type: 245

	 A0A009QKA3	[446, 180, 0, 179, 0, 0, 0, 0, 268]

 ### Operon type: 246

	 A0A009HSR2	[0, 88, 87, 0, 86, 206, 207, 159, 208]

 ### Operon type: 247

	 A0A009SWM1	[0, 88, 87, 0, 86, 0, 0, 207, 0]

 ### Operon type: 248

	 A0A009MYX0	[209, 208, 0, 621, 0, 0, 207, 206, 205]

 ### Operon type: 249

	 A0A009QK79	[0, 0, 205, 206, 0, 207, 0, 0, 208]

 ### Operon type: 250

	 A0A009GXJ1	[424, 423, 206, 207, 123, 159, 208, 209, 0]

 ### Operon type: 251

	 A0A010IT95	[0, 0, 0, 581, 521, 520, 519, 518, 517]
	 A0A013TKW8	[0, 753, 0, 581, 521, 520, 519, 518, 517]
	 A0A009QT77	[0, 0, -1, 581, 521, 520, 519, 518, 517]
	 A0A009PRQ9	[0, 581, 189, 0, 521, 520, 519, 518, 517]
	 A0A009MH36	[0, 0, 0, 581, 521, 520, 519, 518, 517]
	 A0A009GWD0	[159, 0, 0, 581, 521, 520, 519, 518, 517]
	 A0A009S0T6	[0, 0, 581, 189, 521, 520, 519, 518, 517]
	 A0A009I5G9	[0, 0, 581, 189, 521, 520, 519, 518, 517]

 ### Operon type: 252

	 A0A013TMJ7	[817, -1, 0, 581, 521, 518, 517, 0, 0]

 ### Operon type: 253

	 A0A011VXC2	[-1, 483, 0, 734, 482, 481, 480, 479, 478]
	 A0A011V392	[483, 0, 734, 482, 481, 480, 0, 479, 478]

 ### Operon type: 254

	 A0A011V490	[448, 447, 0, 478, 479, 480, 481, 482, 734]

 ### Operon type: 255

	 A0A011VZF5	[0, 0, 482, 481, 480, 790, 447, 790, 0]

 ### Operon type: 256

	 A0A011WLE7	[0, 0, 0, 0, 0, 160, 0, 0, 0]
	 A0A011VU44	[0, 0, 0, 0, 0, 160, 0, 0, 0]

 ### Operon type: 257

	 A0A011VAP2	[0, 0, 109, 0, 0, 0, 0, 0, 250]

 ### Operon type: 258

	 A0A011VRJ8	[0, 0, 0, 0, 0, 0, 109, 0, 0]

 ### Operon type: 259

	 A0A011RNU1	[0, 0, 0, 0, 0, 0, 644, 644, 643]

 ### Operon type: 260

	 A0A011VKJ9	[0, 0, 0, 0, 0, 0, 643, 644, -1]

 ### Operon type: 261

	 A0A011PQZ7	[0, 0, 0, 737, 736, 0, 735, 0, 0]

 ### Operon type: 262

	 A0A011TUX4	[0, 0, 0, 0, 736, 0, 0, 735, 0]

 ### Operon type: 263

	 A0A011STZ9	[0, 0, 0, 735, 0, 0, 0, 0, 0]

 ### Operon type: 264

	 A0A011PRF5	[733, 0, 0, 0, 0, 0, 0, 0, 0]
	 A0A011PUJ9	[0, 0, 0, 0, 0, 0, 0, 0, 733]

 ### Operon type: 265

	 A0A011PFY8	[0, 0, 0, 0, 0, 0, 0, 0, 752]

 ### Operon type: 266

	 A0A011PNS3	[842, 752, 0, 0, 0, 0, 0, 0, 0]

 ### Operon type: 267

	 A0A011T648	[0, 752, 0, 0, 0, 0, 0, 839, 0]

 ### Operon type: 268

	 A0A010YYJ5	[0, 0, 0, 790, 0, 0, 0, 48, 48]

 ### Operon type: 269

	 A0A011NDM5	[790, 0, 0, 0, 0, 0, 0, 0, 0]

 ### Operon type: 270

	 A0A011MSR2	[0, 0, 0, 582, 0, 0, 0, 790, 790]

 ### Operon type: 271

	 A0A011WSU6	[0, 790, 0, 0, 479, 0, 0, 0, 0]

 ### Operon type: 272

	 A0A011U3C2	[0, 0, 696, 0, 0, 0, 0, 0, 0]
	 A0A011AEN3	[0, 0, 0, 0, 0, 0, 696, 0, 0]

 ### Operon type: 273

	 A0A011AAZ2	[0, 68, 0, 0, 0, 696, 696, 696, 0]

 ### Operon type: 274

	 A0A011T698	[0, 0, 0, 0, 0, 713, 696, 0, 0]

 ### Operon type: 275

	 A0A010YRE8	[0, 0, 0, 0, 0, 0, 0, 11, 0]

 ### Operon type: 276

	 A0A011AF05	[0, 0, 257, 11, 0, 0, 0, 0, 0]

 ### Operon type: 277

	 A0A009ZG48	[0, 0, 0, 753, 0, 0, 0, 0, 0]

 ### Operon type: 278

	 A0A011PEJ8	[0, 0, 754, 753, 0, 0, 0, 0, 0]

 ### Operon type: 279

	 A0A011QNJ7	[824, 0, 0, 753, 0, 0, 0, 824, 0]

 ### Operon type: 280

	 A0A011MMJ4	[0, 0, 0, 0, 0, 0, 0, 824, 0]

 ### Operon type: 281

	 A0A011R8M3	[0, 0, 754, 753, 0, 457, 0, 824, 0]

 ### Operon type: 282

	 A0A009ZC82	[0, 0, 716, 0, 0, 0, 0, 0, 0]

 ### Operon type: 283

	 A0A011P3F6	[807, 0, 0, 716, 0, 0, 0, 0, 0]

 ### Operon type: 284

	 A0A009IG48	[0, 0, 0, 155, 154, 0, 0, 0, 807]

 ### Operon type: 285

	 A0A009IMQ0	[0, 0, 0, 155, 154, 0, 0, 0, 0]

 ### Operon type: 286

	 A0A009SWV1	[0, 0, 0, 0, 0, 0, 0, 155, 0]

 ### Operon type: 287

	 A0A009Q512	[0, 0, 0, 0, 231, 0, 0, 0, 0]
	 A0A009PMZ9	[231, 0, 0, 0, 0, 0, 0, 0, 0]

 ### Operon type: 288

	 A0A009IFL2	[0, 58, 0, 57, -1, 0, 0, 0]

 ### Operon type: 289

	 A0A009ZDS1	[-1, -1, 0, 58, 0, 0, 572, 0, 0]

 ### Operon type: 290

	 A0A010SNM6	[74, 73, -1, 0, 0, 0, 817, 0, 0]

 ### Operon type: 291

	 A0A010T5D8	[73, 74, 0, -1, 0, -1, 337, 0, 0]

 ### Operon type: 292

	 A0A011UB51	[475, 0, 0, 0, 0, 0, 0, 0, 0]
	 A0A011UFH1	[0, 0, 0, 0, 0, 475, 0, 0, 0]

 ### Operon type: 293

	 A0A011VHP2	[0, -1, -1, -1, 117, 0, 0, 0, 0]
	 A0A011V965	[0, -1, -1, 0, 117, 0, -1, -1, 0]

 ### Operon type: 294

	 A0A010RVD0	[-1, 0, 0, -1, 0, 863, 863, 0, 33]

 ### Operon type: 295

	 A0A010T7Q5	[0, 33, 0, 0, 0, 0, -1, 0, 0]

 ### Operon type: 296

	 A0A010SJH7	[0, 0, 817, -1, 0, 0, 399, 0, 0]

 ### Operon type: 297

	 A0A010SRR2	[0, 0, -1, 0, 0, 0, 0, 0, 817]

 ### Operon type: 298

	 A0A010RKP8	[0, 0, 0, 0, 0, 0, -1, 0, 0]
	 A0A010TF14	[-1, 0, 0, 0, 0, 0, 0, 0, 0]
	 A0A010RY47	[-1, 0, -1, 0, 0, 0, 0, 0, 0]
	 A0A009HJU6	[0, 0, 0, 0, 0, 0, 0, 0, -1]
	 A0A011UZ32	[0, 0, 0, 0, 0, -1, 0, 0, 0]

 ### Operon type: 299

	 A0A010SJF9	[0, 0, 0, 0, 0, -1, 0, 75, -1]

 ### Operon type: 300

	 A0A011ML54	[0, 0, 0, 826, 0, 0, 0, 0, -1]

 ### Operon type: 301

	 A0A011NHY1	[0, 0, 0, 0, 0, 817, 0, 0, 0]

 ### Operon type: 302

	 A0A010Z171	[0, 0, 0, 0, 0, 0, 817, 0, 621]

 ### Operon type: 303

	 A0A011T697	[817, 0, 0, 0, 0, 0, 0, 0, 446]

 ### Operon type: 304

	 A0A011TDD1	[0, 441, 817, 0, 0, 0, 0, 0, 0]

 ### Operon type: 305

	 A0A011VW24	[0, 0, 844, 0, 0, 0, 0, 0, -1]

 ### Operon type: 306

	 A0A011T8V3	[0, 0, 844, 0, 0, 0, 0, 0, 0]

 ### Operon type: 307

	 A0A010TH98	[682, 0, 0, 844, 0, 0, 0, 0, 0]

 ### Operon type: 308

	 A0A011QVR3	[0, 0, 0, 0, 0, 0, 0, 845, 844]

 ### Operon type: 309

	 A0A011VYF1	[844, 0, 0, 0, 0, 0, 475, 0, 0]

 ### Operon type: 310

	 A0A010S415	[-1, 844, 0, 397, 0, 0, 0, 0, 560]

 ### Operon type: 311

	 A0A011QSN2	[0, 0, 0, 0, 0, 0, 0, 0, 0]
	 A0A011NMI8	[0, 0, 0, 0, 0, 0, 0, 0, 0]
	 A0A011PBM9	[0, 0, 0, 0, 0, 0, 0, 0, 0]
	 A0A011P9Z5	[0, 0, 0, 0, 0, 0, 0, 0, 0]
	 A0A011Q056	[0, 0, 0, 0, 0, 0, 0, 0, 0]
	 A0A011QMJ8	[0, 0, 0, 0, 0, 0, 0, 0, 0]
	 A0A011PNN2	[0, 0, 0, 0, 0, 0, 0, 0, 0]
	 A0A011NAJ1	[0, 0, 0, 0, 0, 0, 0, 0, 0]
	 A0A011NTU3	[0, 0, 0, 0, 0, 0, 0, 0, 0]
	 A0A011N2Z0	[0, 0, 0, 0, 0, 0, 0, 0, 0]
	 A0A013TEV4	[0, 0, 0, 0, 0, 0, 0, 0, 0]
	 A0A011VYF6	[0, 0, 0, 0, 0, 0, 0, 0, 0]
	 A0A011UHL2	[0, 0, 0, 0, 0, 0, 0, 0, 0]
	 A0A013S2B9	[0, 0, 0, 0, 0, 0, 0, 0, 0]
	 A0A013SBR8	[0, 0, 0, 0, 0, 0, 0, 0, 0]
	 A0A013SL47	[0, 0, 0, 0, 0, 0, 0, 0, 0]
	 A0A011WUT3	[0, 0, 0, 0, 0, 0, 0, 0, 0]
	 A0A009PDV4	[0, 0, 0, 0, 0, 0, 0, 0, 0]
	 A0A011UBN9	[0, 0, 0, 0, 0, 0, 0, 0, 0]
	 A0A009M4K0	[0, 0, 0, 0, 0, 0, 0, 0, 0]
	 A0A010SHY1	[0, 0, 0, 0, 0, 0, 0, 0, 0]
	 A0A011VNE2	[0, 0, 0, 0, 0, 0, 0, 0, 0]
	 A0A009MH90	[0, 0, 0, 0, 0, 0, 0, 0, 0]
	 A0A009HIL8	[0, 0, 0, 0, 0, 0, 0, 0, 0]
	 A0A011UFM5	[0, 0, 0, 0, 0, 0, 0, 0, 0]
	 A0A010YJA7	[0, 0, 0, 0, 0, 0, 0, 0, 0]
	 A0A010SPJ7	[0, 0, 0, 0, 0, 0, 0, 0, 0]
	 A0A010SSQ8	[0, 0, 0, 0, 0, 0, 0, 0, 0]
	 A0A010T025	[0, 0, 0, 0, 0, 0, 0, 0, 0]
	 A0A010ZTI3	[0, 0, 0, 0, 0, 0, 0, 0, 0]
	 A0A011A146	[0, 0, 0, 0, 0, 0, 0, 0, 0]
	 A0A010YZS8	[0, 0, 0, 0, 0, 0, 0, 0, 0]
	 A0A010Z120	[0, 0, 0, 0, 0, 0, 0, 0, 0]

 ### Operon type: 312

	 A0A010TG27	[821, 0, 54, 0, 0, 0, 661, 0, 0]

 ### Operon type: 313

	 A0A011PMK1	[0, 0, 0, 0, 0, 0, 0, 821, 0]

 ### Operon type: 314

	 A0A009HM15	[0, 190, 85, 0, 0, 0, -1, 0, 0]

 ### Operon type: 315

	 A0A009HRU1	[0, 206, 0, 0, 0, 0, 0, 0, 0]

 ### Operon type: 316

	 A0A009HSN8	[0, 234, 0, 0, 0, -1, 0, 270, -1]

 ### Operon type: 317

	 A0A009HV82	[150, 0, 0, 0, 0, 0, 0, 0, 0]

 ### Operon type: 318

	 A0A009IG74	[0, 0, 172, 0, 453, -1, 0, 0, 0]

 ### Operon type: 319

	 A0A009IJ90	[0, 81, 0, 0, 0, 0, 0, 0, 0]

 ### Operon type: 320

	 A0A009NM94	[0, 635, 635, 0, 0, 0, 441, 0, 0]

 ### Operon type: 321

	 A0A009Q4N5	[0, 0, 232, 0, 0, 0, 0, 0, 0]

 ### Operon type: 322

	 A0A009SSZ9	[0, 89, 0, 0, 0, 0, 0, 0, 0]

 ### Operon type: 323

	 A0A009YIH1	[0, 0, 0, 0, 382, 0, -1, -1, 2]

 ### Operon type: 324

	 A0A009YR05	[0, 0, 0, 0, 113, 0, 0, 0, 0]

 ### Operon type: 325

	 A0A009Z004	[365, 0, 365, 0, 0, 621, 0, 0, 0]

 ### Operon type: 326

	 A0A010RUQ5	[0, 0, 0, 0, 0, 0, 0, 0, 218]

 ### Operon type: 327

	 A0A010S195	[716, 0, 71, 70, 0, 0, 0, 0, 0]

 ### Operon type: 328

	 A0A010SCZ2	[0, 0, 0, 0, 0, 0, 0, 249, 0]

 ### Operon type: 329

	 A0A010SN41	[0, 0, 0, 0, 238, 0, 0, 0, 0]

 ### Operon type: 330

	 A0A010SSU2	[0, 0, 0, 0, 123, 0, -1, 693, 0]

 ### Operon type: 331

	 A0A010SUP6	[0, 0, 0, 0, 0, 0, 0, 70, 0]

 ### Operon type: 332

	 A0A010SUY9	[0, 0, 0, 0, 0, 457, 754, 0]

 ### Operon type: 333

	 A0A010THK2	[0, 0, -1, 0, 0, 825, 621, 0, 0]

 ### Operon type: 334

	 A0A010SRL4	[54, 0, 0, -1, 0, 0, 0, 621, 151]

 ### Operon type: 335

	 A0A010YX61	[327, 696, 0, 844, 0, 0, 0, 0, 0]

 ### Operon type: 336

	 A0A010S5W8	[0, 0, 582, 763, 0, 0, 0, 0, 0]

 ### Operon type: 337

	 A0A011NE37	[552, 0, 0, 0, 0, 0, 0, 0, 0]

 ### Operon type: 338

	 A0A011NF78	[0, 0, 870, 0, 0, 0, 0, 0, 0]

 ### Operon type: 339

	 A0A011NVE2	[0, 0, 0, 839, 0, 0, 817, 0, 589]

 ### Operon type: 340

	 A0A011NXJ4	[0, 0, 0, 0, 0, 0, 0, 0, 586]

 ### Operon type: 341

	 A0A011P8I1	[0, 0, 697, 696, 0, 0, 0, 0, 695]

 ### Operon type: 342

	 A0A011P9Q7	[691, 0, 0, 0, 0, 0, 0, 0, 0]

 ### Operon type: 343

	 A0A011PJ75	[0, 839, 721, 839, 0, 0, 0, 0, 0]

 ### Operon type: 344

	 A0A011PRB4	[0, 0, 0, 0, 0, 0, 0, 734, 0]

 ### Operon type: 345

	 A0A011QVT2	[843, 0, 0, 0, 0, 0, 0, 842, 0]

 ### Operon type: 346

	 A0A011RP14	[0, 0, 0, 0, 0, 0, 0, 642, 0]

 ### Operon type: 347

	 A0A011SM49	[817, 0, 642, 0, 0, 0, 320, 0, 0]

 ### Operon type: 348

	 A0A011AM27	[735, 0, 0, 0, 575, 0, 0, 0, 28]

 ### Operon type: 349

	 A0A011T607	[0, 0, 763, 0, 0, 0, 0, 0, 441]

 ### Operon type: 350

	 A0A011TAW2	[0, 0, 0, 0, 0, 0, 442, 0, 0]

 ### Operon type: 351

	 A0A011TED9	[0, 0, 0, 0, 0, 470, 0, 0, 0]

 ### Operon type: 352

	 A0A011TXS5	[0, 313, 0, 0, 0, 0, 0, 0, 0]

 ### Operon type: 353

	 A0A011U144	[0, 218, 0, 0, 0, 0, 586, 504, 0]

 ### Operon type: 354

	 A0A011U1C8	[713, 0, 0, 0, 0, 0, 0, 0, 217]

 ### Operon type: 355

	 A0A011U483	[0, 0, 0, 0, 0, 712, 0, 0, 0]

 ### Operon type: 356

	 A0A011UG86	[0, 717, 0, 0, 0, 75, 0, 0, 0]

 ### Operon type: 357

	 A0A011UQB5	[634, 608, 0, 0, 0, 0, 0, 475, 0]

 ### Operon type: 358

	 A0A011UVI5	[0, 0, 0, 0, 0, 67, 839, 839, 0]

 ### Operon type: 359

	 A0A011UWI3	[0, 0, 0, 0, 183, 0, 142, 716, 0]

 ### Operon type: 360

	 A0A011V5E6	[0, 0, 0, 0, 0, 449, 0, 0, 0]

 ### Operon type: 361

	 A0A011M4H6	[250, 0, 595, 0, 0, 0, 0, 0, 0]

 ### Operon type: 362

	 A0A011VSV3	[0, 0, 0, 0, 0, 0, 747, 0, 0]

 ### Operon type: 363

	 A0A011VWI0	[0, 0, 0, 0, 0, 97, 0, 0, 0]

 ### Operon type: 364

	 A0A011VZ91	[164, 0, 0, 0, 0, 0, 0, 0, 0]

 ### Operon type: 365

	 A0A011WP76	[0, 0, 0, 0, 0, 0, 0, 0, 847]

 ### Operon type: 366

	 A0A011WSD4	[0, 0, 0, -1, 0, 790, 0, 0, 447]

 ### Operon type: 367

	 A0A011WT35	[447, 0, 0, 0, 0, 0, 0, 0, 0]

 ### Operon type: 368

	 A0A013S843	[0, 398, 0, 0, 0, 0, -1, 292, 0]

 ### Operon type: 369

	 A0A013T5E6	[0, 0, 0, 509, 0, 0, 0, 0, 0]

 ### Operon type: 370

	 A0A009T185	[840, 0, 721, 721, 544, 839, 721, 543, 764]

 ### Operon type: 371

	 A0A010IN36	[545, 817, 0, 0, 544, 839, 721, 543, 764]

 ### Operon type: 372

	 A0A009PG43	[839, 721, 491, 842, 0, 543, 764, 0, 0]

 ### Operon type: 373

	 A0A009INE0	[545, 0, 0, 0, 0, 0, 0, 721, 543]

 ### Operon type: 374

	 A0A009T9H0	[0, 2, 807, -1, 0, 0, 207, 0, 206]

 ### Operon type: 375

	 A0A010THH5	[0, 136, 58, 67, 0, 0, 632, 0, 572]

 ### Operon type: 376

	 A0A011WSH8	[0, 0, 0, 661, 239, 0, 0, 0, 0]
	 A0A011VZE3	[0, 0, 0, 661, 239, 0, 0, 0, 0]

 ### Operon type: 377

	 A0A011NAF3	[0, 0, 0, 0, 0, 0, 661, 0, 829]

 ### Operon type: 378

	 A0A009IQ93	[213, 0, 661, 0, 0, 151, 0, 0, 0]

 ### Operon type: 379

	 A0A009Q8S9	[0, 0, 807, 293, 0, 305, 0, 0, 0]

 ### Operon type: 380

	 A0A009TLU4	[0, 313, -1, 193, 0, 31, 0, -1, -1]

 ### Operon type: 381

	 A0A009ZB47	[146, 185, 0, 0, 0, 790, 570, 0, 0]

 ### Operon type: 382

	 A0A009ZVR4	[640, 0, 696, 0, 0, 48, 0, 0, 47]

 ### Operon type: 383

	 A0A010JIN9	[570, 0, 0, 149, 219, 0, 0, 0, 0]

 ### Operon type: 384

	 A0A010S003	[743, 0, 0, 0, 0, 717, 717, 540, 0]

 ### Operon type: 385

	 A0A010SMN8	[0, -1, 72, 0, 597, 0, 0, 750, 0]

 ### Operon type: 386

	 A0A010SXS1	[0, 491, 0, 0, 0, 308, 0, 0, 842]

 ### Operon type: 387

	 A0A010T689	[28, -1, 632, 645, 0, 0, 0, 0, 0]

 ### Operon type: 388

	 A0A010TBB4	[0, 377, 0, 75, 0, 0, 0, 0, 713]

 ### Operon type: 389

	 A0A010YFK3	[0, 797, 0, 0, 0, 0, 106, 0, 217]

 ### Operon type: 390

	 A0A010YVY1	[8, 0, 8, 0, 0, 0, 0, 540, 0]

 ### Operon type: 391

	 A0A010ZSZ2	[0, 68, 0, 25, 24, 0, 0, 0, 0]

 ### Operon type: 392

	 A0A010Z0Y7	[0, 0, 0, 0, 24, 397, 0, 0, 0]

 ### Operon type: 393

	 A0A011A0M8	[0, 0, 621, 0, 57, 0, 0, 10, 10]

 ### Operon type: 394

	 A0A011NFL4	[0, 823, 0, 0, 822, 821, 0, 820, 0]

 ### Operon type: 395

	 A0A011P407	[0, 0, 715, 714, 0, 0, 713, 0, 712]

 ### Operon type: 396

	 A0A011QGT2	[661, 0, 0, 660, 659, 0, 0, 0, 0]

 ### Operon type: 397

	 A0A011QSA4	[873, 0, 872, 871, 0, 0, 0, 0, 870]

 ### Operon type: 398

	 A0A011T6J6	[0, 801, 0, 696, 0, 0, 445, 0, 444]

 ### Operon type: 399

	 A0A011TAL2	[0, 763, 0, 0, 0, 443, 0, 587, 0]

 ### Operon type: 400

	 A0A011TZG0	[621, 791, 0, 0, 0, 0, 0, 486, 0]

 ### Operon type: 401

	 A0A011UGY3	[241, 240, 449, 56, 0, 0, 0, 56, 0]

 ### Operon type: 402

	 A0A011UII7	[0, 0, 0, 0, 0, 589, 311, 0, 0]

 ### Operon type: 403

	 A0A011UNT9	[305, 322, 0, 0, 0, 0, 0, 0, 0]

 ### Operon type: 404

	 A0A011SIS0	[0, 778, 323, 323, 0, 0, 0, 322, 0]

 ### Operon type: 405

	 A0A011UT49	[0, 68, 0, 0, 0, 0, 491, 115, 0]

 ### Operon type: 406

	 A0A011VU65	[107, 0, 0, 0, 0, 106, 0, 747, 212]

 ### Operon type: 407

	 A0A011VV03	[0, 251, 0, 0, 431, 250, 0, 0, 0]

 ### Operon type: 408

	 A0A011VVZ9	[0, 0, -1, 0, 0, 249, 248, 248, 358]

 ### Operon type: 409

	 A0A011VWX7	[842, 484, 0, 0, 0, 0, 0, 633, 0]

 ### Operon type: 410

	 A0A011VXK7	[635, 635, 0, 549, 0, 0, 0, 803, 0]

 ### Operon type: 411

	 A0A011W0I6	[163, 0, 0, 0, 0, 623, 0, 826, 0]

 ### Operon type: 412

	 A0A010YEF6	[0, 163, 0, 0, 0, 0, 0, 0, 35]

 ### Operon type: 413

	 A0A013SQH1	[0, 0, 0, 0, 238, 630, 0, 581, 613]

 ### Operon type: 414

	 A0A009QJA8	[145, 144, 0, 0, 0, 0, 0, 0, 606]

 ### Operon type: 415

	 A0A009YL68	[0, 0, 713, 329, 325, 0, 0, 4, 0]

 ### Operon type: 416

	 A0A010JNG7	[581, 0, 0, 580, 0, 0, 0, 0, 0]

 ### Operon type: 417

	 A0A010RM40	[596, 661, 677, 0, 0, 0, 0, -1, 701]

 ### Operon type: 418

	 A0A010RRQ6	[0, 595, 0, 0, 0, 597, 594, 593, 0]

 ### Operon type: 419

	 A0A010S423	[445, 0, 0, 0, 0, 0, 0, 142, 639]

 ### Operon type: 420

	 A0A010T0I7	[0, 0, 35, 0, 0, 697, 872, 661, 0]

 ### Operon type: 421

	 A0A010ZUR7	[251, 23, 0, 23, 0, 22, 540, 0, 0]

 ### Operon type: 422

	 A0A011NA78	[0, 614, 0, 0, 0, 863, 0, 0, 701]

 ### Operon type: 423

	 A0A011P8W7	[694, 715, 842, 0, 693, 0, 0, 0, 0]

 ### Operon type: 424

	 A0A011PG97	[750, 0, 0, 749, 0, 0, 0, 0, 0]

 ### Operon type: 425

	 A0A011PKT4	[0, 630, 0, 0, 0, 0, 629, 0, 0]

 ### Operon type: 426

	 A0A011PLB2	[0, 694, 0, 631, 0, 0, 0, 0, 0]

 ### Operon type: 427

	 A0A011R339	[0, 0, 0, 0, 0, 0, 424, 423, 0]

 ### Operon type: 428

	 A0A011SFE5	[0, 0, 0, 635, 0, 0, 823, 714, 634]

 ### Operon type: 429

	 A0A011SJT5	[0, 0, 0, 358, 321, 321, 321, 321, 321]

 ### Operon type: 430

	 A0A011TDQ5	[0, 0, 0, 0, 440, 625, 0, 0, 0]

 ### Operon type: 431

	 A0A011VT01	[0, 0, 108, 0, 0, 108, 0, 0, 361]

 ### Operon type: 432

	 A0A009Z3V9	[661, 0, 0, 0, 0, 364, 619, 363, 362]

 ### Operon type: 433

	 A0A010SRB2	[31, 30, 0, 0, 0, 30, 74, 0, 0]

 ### Operon type: 434

	 A0A010KA25	[570, 0, 632, 525, 331, 0, 0, 570, 330]

 ### Operon type: 435

	 A0A011TZN1	[414, 413, 412, 0, 411, 0, 0, 0, 0]

 ### Operon type: 436

	 A0A011VJ76	[116, 116, 115, 820, 0, 661, 621, 0, 715]

 ### Operon type: 437

	 A0A011UG17	[252, 0, 165, 0, 246, 107, 0, 0, 0]

 ### Operon type: 438

	 A0A011WUA8	[775, 0, 0, 355, 0, 0, 0, 283, 283]

 ### Operon type: 439

	 A0A010S4X6	[0, 397, 677, 717, 335, 0, 588, 622, 825]

 ### Operon type: 440

	 A0A010YY02	[0, 7, 0, 0, 7, 679, 6, 0, 9]
