
 ### Operon type: 1

	 A0A010ILU3	[514, 513, 512, 511, 510, 509, 508, 507, 506]
	 A0A009QBR9	[514, 513, 512, 511, 510, 509, 507, 506, 186]
	 A0A009QS71	[514, 513, 512, 511, 510, 509, 508, 507, 506]
	 A0A009MW50	[514, 513, 512, 511, 510, 509, 508, 507, 506]
	 A0A009H3B0	[514, 513, 512, 511, 510, 509, 508, 507, 506]
	 A0A009I8S2	[514, 513, 512, 511, 510, 509, 507, 506, 186]
	 A0A009TM70	[514, 513, 512, 511, 510, 509, 507, 506, 186]

 ### Operon type: 2

	 A0A013TH43	[428, 427, 451, 426, 425, 424, 423, 422, 421]
	 A0A009RAF0	[428, 427, 451, 426, 425, 424, 423, 422, 421]

 ### Operon type: 3

	 A0A011PVT3	[779, 778, 777, 776, 775, 774, 773, 772, 771]
	 A0A011R7V7	[779, 778, 777, 776, 775, 774, 773, 772, 771]
	 A0A011MET3	[779, 778, 777, 776, 775, 774, 773, 772, 771]

 ### Operon type: 4

	 A0A013SNJ8	[613, 387, 506, 386, 385, 485, 394, 384, 383]
	 A0A009PH20	[613, 387, 506, 386, 385, 485, 394, 384, 383]
	 A0A013RZW2	[613, 387, 506, 386, 385, 485, 394, 384, 383]
	 A0A009RD69	[613, 387, 506, 386, 385, 485, 394, 384, 383]
	 A0A009HBT3	[613, 387, 506, 386, 385, 485, 394, 384, 383]
	 A0A009MMM3	[613, 387, 506, 386, 385, 485, 394, 384, 383]
	 A0A010J9U3	[613, 387, 506, 386, 385, 485, 394, 384, 383]
	 A0A009SIZ4	[613, 387, 506, 386, 385, 485, 394, 384, 383]
	 A0A009IV03	[613, 387, 506, 386, 385, 485, 394, 384, 383]
	 A0A009YIZ0	[613, 387, 506, 386, 385, 485, 394, 384, 383]

 ### Operon type: 5

	 A0A009PH57	[317, 316, -1, 315, 314, 785, 313, 312, 311]
	 A0A009TG92	[317, 316, -1, 315, 314, 785, 313, 312, 311]

 ### Operon type: 6

	 A0A013SXT2	[489, 488, 487, 486, 485, 484, 483, 482, 481]
	 A0A013S288	[489, 488, 487, 486, 485, 484, 483, 482, 481]
	 A0A009PWG1	[489, 488, 487, 486, 485, 484, 483, 482, 481]
	 A0A009N031	[489, 488, 487, 486, 485, 484, 483, 482, 481]
	 A0A010J3I1	[489, 488, 487, 486, 485, 484, 483, 482, 481]
	 A0A009SFX8	[489, 488, 487, 486, 88, 485, 484, 483, 482]
	 A0A009I0I9	[489, 488, 487, 486, 485, 484, 483, 482, 481]
	 A0A009R2X0	[489, 488, 487, 486, 485, 484, 483, 482, 481]
	 A0A009TBM2	[488, 487, 486, 88, 485, 484, 483, 482, 481]

 ### Operon type: 7

	 A0A013SZ54	[480, 803, 532, 479, 478, 477, 476, 475, 474]
	 A0A013T8M5	[480, 803, 532, 479, 478, 477, 476, 475, 474]
	 A0A010IMP8	[480, 803, 532, 479, 478, 477, 476, 475, 474]
	 A0A009RBQ2	[480, 803, 532, 479, 478, 477, 476, 475, 474]
	 A0A009Q3K7	[480, 803, 532, 479, 478, 477, 476, 475, 474]
	 A0A009N123	[480, 803, 532, 479, 478, 477, 476, 475, 474]
	 A0A009IRJ6	[480, 803, 532, 479, 478, 477, 476, 475, 474]
	 A0A009SWU0	[480, 803, 532, 479, 478, 477, 476, 475, 474]
	 A0A009H7U0	[480, 803, 532, 479, 478, 477, 476, 475, 474]
	 A0A009ZM43	[-1, 803, 532, 479, 478, 477, 476, 475, 474]

 ### Operon type: 8

	 A0A009ZIC0	[605, 604, 603, 602, 601, 617, 600, 599, 598]
	 A0A009RG92	[-1, 604, 603, 602, 601, 617, 600, 599, 598]
	 A0A009QDV7	[-1, 604, 603, 602, 601, 617, 600, 599, 598]
	 A0A013RMD0	[-1, 604, 603, 602, 601, 617, 600, 599, 598]
	 A0A009IHQ3	[-1, 604, 603, 602, 601, 617, 600, 599, 598]
	 A0A009N9Z1	[-1, 604, 603, 602, 601, 617, 600, 599, 598]
	 A0A010JDA6	[-1, 604, 603, 602, 601, 617, 600, 599, 598]
	 A0A009S854	[-1, 604, 603, 602, 601, 617, 600, 599, 598]
	 A0A009H6M2	[-1, 604, 603, 602, 601, 617, 600, 599, 598]

 ### Operon type: 9

	 A0A011UIA1	[201, 200, 199, 198, 197, 196, 195, 194, 0]
	 A0A011V5V3	[0, 201, 200, 199, 198, 197, 196, 195, 194]

 ### Operon type: 10

	 A0A011PTE7	[656, 655, 654, 653, 652, 0, 651, 650, 649]
	 A0A011NE72	[656, 655, 654, 653, 652, 651, 650, 649, 0]

 ### Operon type: 11

	 A0A010JWJ1	[294, 205, 770, 204, 293, 292, 291, 290, 289]
	 A0A009I4A1	[294, 205, 770, 204, 293, 292, 291, 290, 289]

 ### Operon type: 12

	 A0A009QF22	[296, 295, 294, 0, 293, 292, 291, 290, 289]
	 A0A009TBY8	[296, 295, 294, 204, 293, 292, 291, 290, 289]

 ### Operon type: 13

	 A0A011NEY3	[531, 851, 850, 849, 849, 848, 847, 846, 0]

 ### Operon type: 14

	 A0A011PAN4	[851, 850, 0, 849, 849, 848, 847, 846, 845]

 ### Operon type: 15

	 A0A011RCD5	[531, 851, 850, 849, 849, 848, 847, 846, 845]

 ### Operon type: 16

	 A0A011P4U7	[0, 688, 687, 686, 685, 684, 683, 682, 681]
	 A0A011NAY5	[688, 687, 686, 685, 684, 683, 682, 681, 0]

 ### Operon type: 17

	 A0A011PF67	[841, 840, 839, 838, 837, 0, 0, 0, 0]
	 A0A011NW66	[841, 840, 839, 838, 837, 705, 0, 0, 0]
	 A0A011NBX7	[841, 840, 839, 838, 837, 705, 0, 0, 0]

 ### Operon type: 18

	 A0A011NS68	[841, 840, 839, 838, 837, 676, 675, 737, 692]
	 A0A011RHX4	[841, 840, 839, 838, 837, 676, 675, 737, 0]

 ### Operon type: 19

	 A0A010YT39	[0, 735, 109, 174, 108, 107, 106, 105, 226]

 ### Operon type: 20

	 A0A010Z7T4	[109, 174, 108, 107, 106, 105, 226, 173, 647]

 ### Operon type: 21

	 A0A013SP43	[396, 395, 394, 393, 392, 391, 390, 389, 388]
	 A0A010K6G6	[396, 395, 394, 393, 392, 391, 390, 0, 388]
	 A0A009RUN3	[396, 395, 394, 393, 392, 391, 390, 389, 388]

 ### Operon type: 22

	 A0A011VWR4	[0, 0, 0, 0, 367, 366, 365, 364, 363]

 ### Operon type: 23

	 A0A011VYP6	[367, 366, 365, 364, 363, 0, 362, 776, 0]

 ### Operon type: 24

	 A0A011NEQ1	[0, 720, 719, 718, 717, 716, 715, 714, 713]
	 A0A011QAS2	[0, 720, 719, 718, 717, 716, 715, 714, 713]

 ### Operon type: 25

	 A0A010JSI3	[625, 624, 623, 622, 621, 620, 619, 618, 0]
	 A0A013T0M4	[625, 624, 623, 622, 621, 620, 619, 618, 0]
	 A0A009RGL2	[625, 624, 623, 622, 621, 620, 619, 618, 206]
	 A0A009HDS5	[625, 624, 623, 622, 621, 620, 619, 618, 206]

 ### Operon type: 26

	 A0A009SNL0	[78, 77, 227, 122, 121, 120, 119, 118, 117]

 ### Operon type: 27

	 A0A009T1I8	[227, 122, 121, 120, 119, 118, 117, 0, 0]

 ### Operon type: 28

	 A0A011VW71	[0, 547, 546, 545, 544, 543, 542, 541, 540]
	 A0A011VUV0	[547, 546, 545, 544, 543, 542, 541, 540, 0]

 ### Operon type: 29

	 A0A011UG71	[103, 323, 102, 101, 100, 324, 99, 321, 98]

 ### Operon type: 30

	 A0A011V8Z7	[0, 0, 103, 323, 102, 101, 100, 324, 99]

 ### Operon type: 31

	 A0A011V8Y9	[101, 100, 324, 99, 321, 98, 0, 0, 0]

 ### Operon type: 32

	 A0A011U8C0	[0, 324, 323, 0, 322, 321, 0, 0, 0]

 ### Operon type: 33

	 A0A011QSF0	[0, 832, 831, 830, 829, 828, 827, 826, 0]
	 A0A011QBB5	[792, 832, 831, 830, 829, 828, 827, 826, 791]
	 A0A011Q0X6	[792, 832, 831, 830, 829, 828, 827, 826, 791]
	 A0A011Q1X8	[832, 0, 831, 830, 829, 828, 827, 826, 791]

 ### Operon type: 34

	 A0A011PG87	[792, 832, 831, 830, 829, 828, 827, 0, 0]

 ### Operon type: 35

	 A0A011PCT1	[872, 871, 870, 0, 0, 0, 0, 844, 0]

 ### Operon type: 36

	 A0A011QU35	[0, 0, 0, 0, 873, 0, 872, 871, 870]

 ### Operon type: 37

	 A0A011Q2B1	[823, 680, 873, 679, 870, 629, 628, 627, 844]

 ### Operon type: 38

	 A0A011RLN8	[822, 821, 873, 679, 870, 629, 628, 627, 844]

 ### Operon type: 39

	 A0A011P700	[0, 0, 825, 824, 823, 680, 873, 679, 870]

 ### Operon type: 40

	 A0A011QSI4	[0, 0, 825, 824, 823, 0, 822, 821, 873]

 ### Operon type: 41

	 A0A013T337	[576, 446, 445, 444, 443, 852, 442, 855, 441]
	 A0A013TH30	[576, 446, 445, 444, 443, 852, 442, 855, 441]
	 A0A013S981	[371, 576, 446, 445, 444, 443, 852, 442, 855]

 ### Operon type: 42

	 A0A010JY00	[371, 576, 446, 445, 609, 852, 442, 855, 441]

 ### Operon type: 43

	 A0A013TPV4	[409, 408, 407, 406, 405, 404, 588, 770, 403]
	 A0A009MGJ1	[409, 408, 407, 406, 405, 404, 588, 770, 403]
	 A0A010IZE4	[409, 408, 407, 406, 405, 404, 588, 770, 403]
	 A0A009QQ47	[409, 408, 407, 406, 405, 404, 588, 770, 403]
	 A0A009HR98	[409, 408, 407, 406, 405, 404, 588, 770, 403]
	 A0A009SZB5	[409, 408, 407, 406, 405, 404, 588, 770, 403]
	 A0A009HL81	[409, 408, 407, 406, 405, 404, 588, 770, 403]

 ### Operon type: 44

	 A0A009Z8F7	[408, 407, 404, 0, 405, 270, 270, 0, 269]

 ### Operon type: 45

	 A0A009HFU9	[39, 38, 37, 36, 605, 530, 35, 34, 0]
	 A0A009R016	[39, 38, 37, 36, 605, -1, 530, 35, 34]

 ### Operon type: 46

	 A0A011UJN3	[0, 271, 0, 0, 568, 567, 566, 565, 564]

 ### Operon type: 47

	 A0A011W213	[568, 567, 566, 565, 564, 698, 0, 0, 0]

 ### Operon type: 48

	 A0A011QUG8	[869, 868, 867, 866, 865, 864, 0, 863, 862]
	 A0A011QIT1	[869, 868, 867, 866, 865, 864, 863, 862, 765]

 ### Operon type: 49

	 A0A011NVE7	[696, 695, 694, 743, 744, 745, 746, 747, 748]
	 A0A011PP01	[696, 695, 694, 743, 744, 745, 746, 747, 748]

 ### Operon type: 50

	 A0A011P2I4	[751, 750, 749, 748, 747, 746, 745, 744, 743]
	 A0A011N9N8	[751, 750, 749, 748, 747, 746, 745, 744, 743]

 ### Operon type: 51

	 A0A011PIY7	[741, 0, 749, 748, 747, 746, 745, 0, 743]

 ### Operon type: 52

	 A0A011Q3J4	[0, 741, 749, 748, 747, 746, 745, 744, 0]

 ### Operon type: 53

	 A0A011MH88	[742, 741, 749, 748, 747, 746, 745, 744, 743]

 ### Operon type: 54

	 A0A013SPM5	[439, 438, 596, 595, 594, 437, 436, 435, 592]
	 A0A009QFZ7	[439, 438, 596, 595, 594, 437, 436, 435, 592]
	 A0A010IX62	[439, 438, 596, 595, 594, 437, 436, 435, 592]
	 A0A009HSL1	[439, 438, 596, 595, 594, 437, 436, 435, 592]
	 A0A009I6Z0	[439, 438, 596, 595, 594, 437, 436, 435, 592]
	 A0A009MH71	[439, 438, 596, 595, 594, 437, 436, 435, 592]
	 A0A009TK03	[439, 438, 596, 595, 594, 437, 436, 435, 592]

 ### Operon type: 55

	 A0A009ZIX8	[0, 597, 596, 595, 594, 593, 0, 592, 0]

 ### Operon type: 56

	 A0A010JJN4	[528, 527, 526, 525, 524, 523, 522, 731, 577]
	 A0A013TPR7	[528, 527, 526, 525, 524, 523, 522, 731, 577]
	 A0A009PMT3	[528, 527, 526, 525, 524, 523, 522, 731, 577]
	 A0A009NI48	[528, 527, 526, 525, 524, 523, 522, 731, -1]
	 A0A009SEP4	[528, 527, 526, 525, 524, 0, 523, 522, 0]
	 A0A009RMI1	[528, 527, 526, 525, 524, 523, 522, 731, 0]
	 A0A009I8I7	[528, 527, 526, 525, 524, 523, 522, 731, 51]
	 A0A009HJJ5	[528, 527, 526, 525, 524, 523, 522, 731, 51]
	 A0A009YG45	[0, 528, 527, 526, 524, 0, 523, 522, 731]

 ### Operon type: 57

	 A0A013TPQ9	[415, 414, 413, 412, 411, 770, 797, 410, 578]
	 A0A013S8F0	[415, 414, 413, 412, 411, 770, 797, 410, 578]
	 A0A010IZH1	[-1, 414, 413, 412, 411, 770, 797, 410, 578]
	 A0A009PMU2	[415, 414, 413, -1, 411, 770, 797, 410, 578]
	 A0A009SZ84	[415, 414, 413, 412, 411, 770, 797, 410, 578]
	 A0A009HJM0	[415, 414, 413, 412, 411, 770, 797, 410, 578]

 ### Operon type: 58

	 A0A009HUS9	[414, 413, 0, 412, 411, 42, -1, 41, 40]

 ### Operon type: 59

	 A0A009ISE1	[523, 522, 731, 40, 41, -1, 42, 411, 412]

 ### Operon type: 60

	 A0A009NPS1	[415, 414, 413, 412, 411, -1, 731, 522, 523]

 ### Operon type: 61

	 A0A013SB36	[236, 235, 234, 233, 232, 729, 728, 231, 230]
	 A0A009QSI3	[236, 235, 234, 233, 232, 729, 728, 231, -1]

 ### Operon type: 62

	 A0A010ITP2	[236, 235, 234, 233, 232, 729, 728, 0, 0]

 ### Operon type: 63

	 A0A009SII9	[-1, 235, 234, 233, 232, 729, 728, 87, 86]

 ### Operon type: 64

	 A0A009T0Q9	[232, 729, 728, 87, 86, 230, 742, 770, 59]

 ### Operon type: 65

	 A0A009YJF4	[0, 729, 728, 53, 52, 742, 770, 0, 59]

 ### Operon type: 66

	 A0A009GP96	[0, 131, 770, 173, 369, 33, 530, 130, 129]

 ### Operon type: 67

	 A0A009GSR4	[173, 369, 33, 530, 130, 129, 129, 128, 0]

 ### Operon type: 68

	 A0A009IIT6	[131, 770, 173, 369, 130, 129, 129, 128, 0]

 ### Operon type: 69

	 A0A011SQL0	[691, 257, -1, 256, 322, 255, 493, 254, 253]
	 A0A011UZ49	[257, -1, 256, 322, 255, 493, 254, 253, 0]

 ### Operon type: 70

	 A0A009PT82	[750, 794, 167, 166, 165, 164, 163, 162, 267]
	 A0A009SIF9	[750, 794, 167, 166, 165, 164, 163, 162, 267]

 ### Operon type: 71

	 A0A009IS10	[70, 0, 0, 0, 165, 164, 163, 0, 0]

 ### Operon type: 72

	 A0A009QHW5	[0, 0, 0, 514, 165, 164, 163, 0, 268]

 ### Operon type: 73

	 A0A011UVB4	[0, 0, 0, 115, 0, 0, 70, 0, 540]

 ### Operon type: 74

	 A0A011V107	[332, -1, 331, 330, 329, 328, 327, 326, 0]
	 A0A011U7M7	[0, 332, -1, 331, 330, 329, 328, 327, 326]

 ### Operon type: 75

	 A0A011TLH0	[221, 329, 331, 220, 330, 328, 0, 0, 0]

 ### Operon type: 76

	 A0A011UG87	[348, 349, 350, 221, 329, 331, 220, 330, 328]

 ### Operon type: 77

	 A0A011TLH7	[350, 349, 348, 0, 0, 0, 0, 0, 0]

 ### Operon type: 78

	 A0A011TWN2	[347, 346, 345, 344, 343, 342, 341, 0, 0]
	 A0A011TAF9	[0, 0, 347, 346, 345, 344, 343, 342, 341]

 ### Operon type: 79

	 A0A011Q5V7	[640, 0, 0, 0, 639, 638, 637, 636, 635]

 ### Operon type: 80

	 A0A011RM25	[639, 638, 637, 636, 635, 860, 0, 451, 0]

 ### Operon type: 81

	 A0A011QDV3	[800, 799, 798, 797, 796, 795, 794, 0, 793]
	 A0A011QIE8	[800, 799, 798, 797, 796, 795, 793, 0, 0]

 ### Operon type: 82

	 A0A011PL71	[668, 667, 666, 665, 664, 751, 663, 662, 0]
	 A0A011QAB0	[667, 666, 665, 0, 664, 751, 663, 662, 0]

 ### Operon type: 83

	 A0A011Q6N5	[634, 633, 632, 0, 0, 0, 631, 630, 631]

 ### Operon type: 84

	 A0A011SGD5	[0, 0, 0, 0, 0, 0, 634, 633, 632]

 ### Operon type: 85

	 A0A011NYU6	[787, 786, 0, 785, 784, 502, 501, 0, 783]

 ### Operon type: 86

	 A0A011PYI6	[787, 786, 0, 785, 784, 783, 782, 781, 0]

 ### Operon type: 87

	 A0A011P1C0	[0, 0, 502, 501, 783, 0, 0, 0, 0]

 ### Operon type: 88

	 A0A011PKU5	[674, 673, 672, 671, 672, 670, 669, 0, 0]
	 A0A011N4G4	[0, 0, 674, 673, 672, 671, 672, 670, 669]

 ### Operon type: 89

	 A0A010ZWJ8	[14, 13, 12, 647, 11, 764, 335, 764, 10]

 ### Operon type: 90

	 A0A011AHW1	[11, 647, 12, 13, 14, 0, 0, 15, 0]

 ### Operon type: 91

	 A0A011AHU9	[335, 764, 10, 0, 0, 0, 0, 63, 742]

 ### Operon type: 92

	 A0A010ZX98	[9, 8, 7, 6, 5, 66, 797, 797, 0]

 ### Operon type: 93

	 A0A011AIL7	[5, 6, 7, 8, 9, 0, 0, 0, 0]

 ### Operon type: 94

	 A0A010YF95	[641, 462, 863, 461, 460, 460, 459, 458, 457]

 ### Operon type: 95

	 A0A010ZJQ6	[462, 863, 461, 460, 460, 459, 458, 457, 0]

 ### Operon type: 96

	 A0A009GXL8	[56, 55, 54, 53, 52, 204, 127, 126, 125]

 ### Operon type: 97

	 A0A010JIW7	[56, 55, 54, 53, 52, 0, 0, 127, 126]

 ### Operon type: 98

	 A0A011QNA5	[0, 816, 815, 814, 0, 813, 812, 811, 810]
	 A0A009ZLJ7	[810, 811, 812, 813, 0, 0, 816, 815, 814]

 ### Operon type: 99

	 A0A013T0T6	[813, 812, 811, 810, 505, 504, 448, 503, 447]
	 A0A009PE10	[813, 812, 811, 810, 505, 272, 448, 503, -1]
	 A0A009QMH5	[813, 812, 811, 810, 505, 504, 448, 503, 447]
	 A0A009HAX1	[813, 812, 811, 810, 505, 504, 448, 503, 447]
	 A0A009RMD0	[813, 812, 811, 810, 505, 272, 448, 503, 447]
	 A0A009ISY0	[813, 812, 811, 810, 505, 272, 448, 503, 447]

 ### Operon type: 100

	 A0A010ILW6	[813, 812, 811, 810, 505, 504, 0, 0, 503]

 ### Operon type: 101

	 A0A009Z9X7	[812, 811, 810, 0, 505, 0, 859, 0, 503]

 ### Operon type: 102

	 A0A013S8V2	[239, 238, 0, 0, 0, 237, 0, 0, 0]
	 A0A009R8E1	[0, 500, 0, 239, 238, 0, 0, 237, 0]

 ### Operon type: 103

	 A0A009ZFR5	[613, 612, 611, 610, 609, 608, 607, 606, 855]
	 A0A009ICH6	[613, 612, 611, 610, 609, 608, 607, 606, 855]

 ### Operon type: 104

	 A0A009NQA1	[613, 612, 611, 610, 154, 153, 445, 855, 852]
	 A0A009RR21	[613, 612, 611, 610, 154, 153, 445, 855, 852]

 ### Operon type: 105

	 A0A009HTN9	[613, 612, 611, 610, 154, 153, 44, 707, 43]
	 A0A009T3J5	[613, 612, 611, 610, 154, 153, 44, 707, 43]

 ### Operon type: 106

	 A0A009Q0U9	[613, 612, 611, 610, 154, 153, -1, -1, 0]

 ### Operon type: 107

	 A0A009QEG7	[185, 184, 183, 182, 181, 180, 179, 178, 177]
	 A0A009IPC3	[185, 184, 183, 182, 181, 180, 179, 178, 177]

 ### Operon type: 108

	 A0A009I573	[90, 0, 81, 80, 0, 79, 181, 182, 183]

 ### Operon type: 109

	 A0A009ILP9	[178, 0, 183, 182, 181, 79, 177, 80, 81]

 ### Operon type: 110

	 A0A009I953	[178, 0, 183, 182, 181, 79, 177, 0, -1]

 ### Operon type: 111

	 A0A009SX74	[756, 692, 0, 80, 177, 178, 184, 185, 114]

 ### Operon type: 112

	 A0A010IPH1	[249, 398, 575, 264, 248, 247, 246, 245, 244]
	 A0A009QVK8	[249, 398, 575, 264, 248, 247, 246, 245, 244]
	 A0A009MMG9	[249, 398, 575, 264, 248, 247, 246, 245, 244]
	 A0A009ICP5	[249, 398, 575, 264, 248, 247, 246, 245, 244]

 ### Operon type: 113

	 A0A009QLL2	[149, 148, 147, 146, 248, 247, 246, 245, 244]
	 A0A009SIV4	[149, 148, 147, 146, 248, 247, 246, 245, 244]
	 A0A009HTW0	[149, 148, 147, 146, 248, 247, 246, 245, 244]
	 A0A013TSJ4	[148, 147, 0, 146, 248, 247, 246, 245, 244]

 ### Operon type: 114

	 A0A013TCN9	[511, 434, 433, 432, 431, 430, 429, 770, 797]
	 A0A010ITG1	[511, 434, 433, 432, 431, 430, 429, 770, 797]
	 A0A009QNC9	[511, 434, 433, 432, 431, 430, 429, 770, 797]
	 A0A009NIJ3	[511, 434, 433, 432, 431, 430, 429, 770, 797]
	 A0A013TRC1	[511, 434, 433, 432, 431, 430, 429, 770, 797]

 ### Operon type: 115

	 A0A009H935	[0, 0, 433, 432, 431, 430, 429, 770, 797]

 ### Operon type: 116

	 A0A009QEX0	[303, 302, 301, 300, 299, 298, 298, 781, 297]
	 A0A009SF48	[303, 302, 301, 300, 299, -1, 298, 781, 297]
	 A0A009IMX3	[303, 302, 301, 300, 299, 298, 298, 781, 297]

 ### Operon type: 117

	 A0A010ISX2	[303, 302, 301, 300, 299, 243, 613, 242, 241]
	 A0A013S7V1	[303, 302, 301, 300, 299, 243, 613, 242, 241]
	 A0A009RES7	[303, 302, 301, 300, 299, 243, 613, 242, 241]
	 A0A009MR00	[303, 302, 301, 300, 299, 243, 613, 242, 241]

 ### Operon type: 118

	 A0A009YTT3	[3, 605, 301, 300, 299, 243, 613, 242, 241]

 ### Operon type: 119

	 A0A009GYP9	[0, 0, 0, 300, 299, 243, 613, 242, 241]

 ### Operon type: 120

	 A0A009ZZC8	[-1, 77, 78, 3, 605, 301, 300, 299, 243]

 ### Operon type: 121

	 A0A011WSE5	[554, 553, 552, 551, 550, 549, 355, 354, 353]
	 A0A011UGX8	[555, 554, 553, 552, 551, 550, 549, 355, 354]

 ### Operon type: 122

	 A0A011VZG0	[556, 0, 555, 554, 553, 552, 551, 550, 549]

 ### Operon type: 123

	 A0A009PJF7	[310, 309, 309, 308, 307, 536, 306, 305, 304]
	 A0A009SJZ7	[115, 310, 309, 308, 307, 536, 306, 305, 304]

 ### Operon type: 124

	 A0A009Z5G0	[536, 308, 309, 0, 356, 310, 115, 172]

 ### Operon type: 125

	 A0A010JJC1	[580, 521, 520, 519, 518, 517, 516, 529, 515]
	 A0A010IZ41	[521, 520, 519, 518, 517, 516, 529, 515, 394]

 ### Operon type: 126

	 A0A009QJL6	[580, 521, 520, 519, 0, 515, 394, 32, 0]

 ### Operon type: 127

	 A0A013TB41	[402, -1, 401, 400, 399, 750, 398, 690, 397]
	 A0A010KAV2	[402, 368, 401, 400, 399, 750, 398, 690, 397]
	 A0A009PG53	[402, 368, 401, 400, 399, 750, 398, 690, 397]
	 A0A013SGL3	[402, 368, 401, 400, 399, 750, 398, 690, 397]
	 A0A009SHB3	[402, 368, 401, 400, 399, 750, 398, 690, 397]
	 A0A009NE81	[402, 368, 401, 400, 399, 750, 398, 690, 397]
	 A0A009I5Z6	[402, 368, 401, 400, 399, 750, 398, 690, 397]
	 A0A009RQH3	[402, 368, 401, 400, 399, 750, 398, 690, 397]

 ### Operon type: 128

	 A0A009H3X4	[402, 368, 401, 400, 399, 750, -1, 739, -1]

 ### Operon type: 129

	 A0A009PIB4	[0, 0, 0, 161, 160, 159, 530, 770, 751]
	 A0A009SLR5	[0, 0, 0, 161, 160, 159, 530, 770, 751]

 ### Operon type: 130

	 A0A009HSU4	[0, 0, 660, 770, 0, 750, 690, 751, 530]

 ### Operon type: 131

	 A0A009I463	[589, 111, 110, 485, 485, 226, 225, 224, 152]
	 A0A009PAG1	[589, 111, 110, 485, 485, 226, 225, 224, 152]

 ### Operon type: 132

	 A0A013SKX6	[0, 0, 589, 0, 485, 485, 226, 225, 224]

 ### Operon type: 133

	 A0A011Q5S3	[765, 644, 0, 0, 0, 0, 643, 642, 641]

 ### Operon type: 134

	 A0A011UZZ4	[0, 643, 642, 0, 0, 0, 334, 334, 641]

 ### Operon type: 135

	 A0A011UTJ0	[0, 0, 0, 75, 74, 73, 683, 72, 71]

 ### Operon type: 136

	 A0A011VMV7	[75, 74, 73, 683, 72, 71, 193, 192, 191]

 ### Operon type: 137

	 A0A011NYT4	[734, 733, 732, 731, 0, 730, 730, 729, 728]

 ### Operon type: 138

	 A0A011P8E9	[0, 0, 734, 733, 0, 732, 731, 0, 0]

 ### Operon type: 139

	 A0A010TF34	[0, -1, 0, 0, 26, 25, 24, 23, 22]
	 A0A010SYH9	[26, 25, 24, 23, 22, 0, 0, 0, 0]

 ### Operon type: 140

	 A0A010S7A1	[48, 47, 46, 217, 0, 45, 0, 0, 0]
	 A0A010TFJ4	[0, -1, 0, 48, 47, 46, 217, -1, 45]

 ### Operon type: 141

	 A0A009PAV9	[282, -1, 575, 281, 485, 530, 280, 279, 278]
	 A0A009HJC2	[282, 797, 575, 281, 485, 530, 280, 279, 278]

 ### Operon type: 142

	 A0A009SE02	[0, 278, 0, 0, 0, 279, 280, 530, 485]

 ### Operon type: 143

	 A0A009HS41	[690, 613, 759, 370, 320, 770, 770, 319, 318]
	 A0A009RSB7	[690, 613, 759, 370, 320, 770, 770, 319, 318]
	 A0A009SYU8	[690, 613, 759, 370, 320, 770, 770, 319, 318]

 ### Operon type: 144

	 A0A010IT25	[690, 613, 759, 370, 240, 770, 770, 319, 318]
	 A0A013SHA9	[690, 613, 759, 370, 240, 770, 770, 319, 318]
	 A0A009I466	[690, 613, 759, 370, 240, 770, 770, 319, 318]

 ### Operon type: 145

	 A0A009NMQ9	[690, 613, 759, 370, 240, 0, 770, 770, 319]

 ### Operon type: 146

	 A0A009P8A9	[0, 0, 759, 370, 320, 770, 770, 319, 318]

 ### Operon type: 147

	 A0A009NJ90	[85, 84, 83, 208, 382, 92, 82, 380, 379]
	 A0A009ITT8	[85, 84, 83, 208, 382, 82, 380, 379, 378]

 ### Operon type: 148

	 A0A009IJ01	[380, 379, 378, 207, 377, 376, 375, 113, 112]
	 A0A009NCH6	[381, 380, 379, 378, 377, 376, 375, 113, 112]

 ### Operon type: 149

	 A0A009RQL5	[380, 379, 378, 91, 377, 376, 375, 113, 0]

 ### Operon type: 150

	 A0A009MGQ8	[382, 0, 381, 380, 379, 378, 377, 376, 375]

 ### Operon type: 151

	 A0A009IJ07	[211, 210, 209, 208, 382, 380, 379, 378, 207]
	 A0A009RHH7	[211, 210, 209, 208, 382, 92, 380, 379, 378]
	 A0A009S6G1	[211, 210, 209, 208, 382, 380, 379, 378, 377]

 ### Operon type: 152

	 A0A009HZK2	[209, 208, 382, 380, 379, 378, 207, 377, 376]

 ### Operon type: 153

	 A0A009R4N4	[208, 382, 92, 380, 379, 378, 91, 377, 376]

 ### Operon type: 154

	 A0A009S5A5	[382, 92, 82, 380, 379, 378, 207, 58, 377]

 ### Operon type: 155

	 A0A009RHH9	[0, 0, 0, 0, 190, 211, 210, 209, 208]

 ### Operon type: 156

	 A0A011PGU1	[0, 0, 755, 806, 805, 804, 754, 753, 752]
	 A0A011MDH1	[723, 0, 755, 806, 805, 804, 754, 753, 752]

 ### Operon type: 157

	 A0A011V0P4	[473, 333, 0, 0, 359, 0, 0, 559, 558]

 ### Operon type: 158

	 A0A011WPV7	[559, 558, 0, 0, 0, 0, 0, 0, 0]

 ### Operon type: 159

	 A0A011UDF3	[806, 533, 0, 0, 0, 340, 539, 538, 836]

 ### Operon type: 160

	 A0A011VSC9	[539, 538, 836, 0, 0, 0, 0, 0, 0]

 ### Operon type: 161

	 A0A011SF89	[586, 585, 584, 0, 0, 0, 0, 0, 0]

 ### Operon type: 162

	 A0A011UCX7	[0, 667, 586, 585, 0, 584, 138, 0, 0]

 ### Operon type: 163

	 A0A011RNP9	[0, 0, 0, 0, 0, 541, 663, 0, 0]

 ### Operon type: 164

	 A0A011V0B5	[589, 0, 0, 0, 0, 0, 541, 0, 0]

 ### Operon type: 165

	 A0A011RQC9	[0, 589, 588, 0, 0, 0, 0, 587, 0]

 ### Operon type: 166

	 A0A011QG28	[808, 807, 806, 0, 805, 804, 803, 802, 801]
	 A0A011RIM8	[808, 807, 0, 0, 805, 804, 803, 802, 801]

 ### Operon type: 167

	 A0A011PHI6	[693, 0, 767, 0, 0, 766, 866, 726, 0]

 ### Operon type: 168

	 A0A011QI68	[0, 0, 767, 766, 0, 0, 0, 0, 0]

 ### Operon type: 169

	 A0A011NVJ6	[712, 711, 710, 709, 708, 707, 0, 0, 706]

 ### Operon type: 170

	 A0A011PVP2	[0, 711, 710, 709, 708, 707, 0, 0, 779]

 ### Operon type: 171

	 A0A011NXY7	[0, 0, 710, 0, 708, 0, 0, 0, 0]

 ### Operon type: 172

	 A0A011QR69	[857, 856, 855, 854, 853, 852, 0, 0, 0]
	 A0A011NUB4	[857, 856, 855, 854, 853, 852, 0, 698, 0]

 ### Operon type: 173

	 A0A011NN36	[856, 855, 0, 0, 853, 852, 0, 0, 0]

 ### Operon type: 174

	 A0A011PK69	[855, 661, 0, 0, 853, 852, 0, 0, 0]

 ### Operon type: 175

	 A0A011NYD6	[703, 818, 817, 702, 701, 722, 721, 700, 699]
	 A0A011RMI6	[703, 818, 817, 702, 701, 722, 721, 700, 699]

 ### Operon type: 176

	 A0A011QB28	[626, 703, 818, 0, 0, 722, 721, 700, 699]

 ### Operon type: 177

	 A0A011NF33	[0, 722, 721, 0, 0, 0, 0, 0, 0]

 ### Operon type: 178

	 A0A011NBY4	[572, 0, 0, 571, 0, 0, 570, 0, 0]

 ### Operon type: 179

	 A0A011WRT0	[572, 0, 0, 0, 0, 0, 0, 781, 0]

 ### Operon type: 180

	 A0A011SHV5	[0, 0, 0, 0, 0, 581, 781, 580, 0]

 ### Operon type: 181

	 A0A011NB95	[0, 861, 0, 0, 0, 0, 575, 574, 573]

 ### Operon type: 182

	 A0A011UHT4	[32, 548, 574, 0, 0, 28, 28, 573, 0]

 ### Operon type: 183

	 A0A010Z1W7	[0, 0, 0, 0, 0, 263, 0, 466, 467]

 ### Operon type: 184

	 A0A011VY84	[0, 0, 467, 466, 0, 0, 0, 0, 0]

 ### Operon type: 185

	 A0A010YW85	[0, 0, 0, 0, 0, 213, 0, 466, 467]

 ### Operon type: 186

	 A0A010ZMA0	[466, 579, 0, 0, 0, 0, 0, 0, 0]

 ### Operon type: 187

	 A0A011N5L2	[0, 0, 0, 579, 0, 578, 577, 0, 0]

 ### Operon type: 188

	 A0A009MJ75	[0, 0, 152, 151, 150, 0, 0, 0, 173]

 ### Operon type: 189

	 A0A010IH51	[0, 244, 0, 0, 150, 0, 173, 0, 0]

 ### Operon type: 190

	 A0A011TYT7	[0, 0, 0, 0, 0, 0, 244, 176, 176]

 ### Operon type: 191

	 A0A010RRR9	[0, 0, 0, 0, 775, 0, 0, 218, 173]

 ### Operon type: 192

	 A0A010SIA7	[0, 0, 218, 217, 0, 0, 0, 0, 0]

 ### Operon type: 193

	 A0A010RFQ9	[0, 0, 617, 0, 616, 0, 0, 0, 0]

 ### Operon type: 194

	 A0A010SPR9	[19, 19, 0, 0, 0, 616, 0, 0, 0]

 ### Operon type: 195

	 A0A009LNU8	[490, 492, 493, 494, 0, 21, 0, 530, 0]

 ### Operon type: 196

	 A0A013SRG6	[495, 494, 493, 492, 0, 491, 0, 490, 678]

 ### Operon type: 197

	 A0A009IQU8	[0, 492, 0, 0, 0, 491, 678, 0, 0]

 ### Operon type: 198

	 A0A010K2K8	[493, 494, 495, 0, 0, 0, 0, -1, 530]

 ### Operon type: 199

	 A0A011NPR8	[0, 678, 0, 0, 0, 0, 677, 0, 0]

 ### Operon type: 200

	 A0A010SEA2	[644, 677, 219, 0, 0, 0, 0, 0, 0]

 ### Operon type: 201

	 A0A010IGH8	[0, 0, 0, 0, 0, 0, 0, 168, 319]

 ### Operon type: 202

	 A0A010STD3	[0, 0, 0, 339, 338, 337, 0, 319, 168]

 ### Operon type: 203

	 A0A010SQJ5	[216, 264, 0, 339, 338, 337, 0, 0, 0]

 ### Operon type: 204

	 A0A013RVV2	[511, 0, 170, 169, 0, 0, 319, 168, 0]

 ### Operon type: 205

	 A0A011TD67	[340, 0, 0, 339, 338, 337, 336, 0, 335]

 ### Operon type: 206

	 A0A009ZC12	[0, 0, 0, 339, 0, 337, 336, 266, 834]

 ### Operon type: 207

	 A0A009YSC7	[0, 0, 570, 1, 0, 1, 170, 169, 0]

 ### Operon type: 208

	 A0A009ZJK4	[0, 0, 0, 0, 0, 0, 613, 591, 0]

 ### Operon type: 209

	 A0A010SVN1	[-1, 591, 770, 261, 222, 0, 0, 613, 0]

 ### Operon type: 210

	 A0A009QGN4	[288, 287, 286, 285, 284, 283, 0, 0, 0]
	 A0A009PFK7	[288, 287, 286, 285, 284, 0, 0, 283, 0]

 ### Operon type: 211

	 A0A009YR20	[0, 283, 0, 0, 0, 0, 287, 0, 0]

 ### Operon type: 212

	 A0A009SCM5	[62, 61, 60, 0, 0, 0, 0, 0, 0]

 ### Operon type: 213

	 A0A009TJ77	[114, 96, 0, 0, 0, 0, 62, 61, 60]

 ### Operon type: 214

	 A0A009HZV2	[0, 0, 0, 0, 137, 136, 92, 0, 0]

 ### Operon type: 215

	 A0A009QPE7	[0, 0, 0, 0, 137, 136, 0, 0, 0]

 ### Operon type: 216

	 A0A009MGR3	[0, 0, 140, 0, 440, 58, 36, 275, 274]

 ### Operon type: 217

	 A0A009Q4G0	[0, 141, 140, 0, 440, 0, 275, 274, 275]

 ### Operon type: 218

	 A0A009PB53	[0, 0, 277, 276, 440, 275, 274, 275, 273]

 ### Operon type: 219

	 A0A009PUJ8	[0, 277, 276, 440, 0, 273, 127, 126, 125]

 ### Operon type: 220

	 A0A009QQC0	[135, 0, 134, 770, 228, 228, 187, 410, 261]
	 A0A009H7I0	[135, 0, 0, 770, 228, 228, 187, 410, 261]

 ### Operon type: 221

	 A0A009MVG4	[134, 0, 229, 770, 228, 228, 187, 410, 261]

 ### Operon type: 222

	 A0A009QA91	[189, 188, 690, 770, 228, 228, 187, 410, 261]
	 A0A010J377	[189, 188, 690, 770, 228, 228, 187, 410, 261]

 ### Operon type: 223

	 A0A009S1X4	[189, 188, 690, 770, 228, 228, 770, 0, 313]

 ### Operon type: 224

	 A0A013SHF4	[0, 0, 229, 770, 228, 228, 0, 227, 0]

 ### Operon type: 225

	 A0A011PJK8	[660, 659, 658, 769, 768, 657, 0, 0, 0]
	 A0A011N3C3	[0, 0, 0, 660, 659, 658, 769, 768, 657]

 ### Operon type: 226

	 A0A011WKI4	[0, 0, 0, 0, 0, 736, 563, 562, 561]
	 A0A011UWH1	[736, 563, 562, 561, 0, 0, 0, 0, 0]

 ### Operon type: 227

	 A0A010YKP2	[0, 0, 0, 0, 0, 0, 706, 455, 0]

 ### Operon type: 228

	 A0A011V1A2	[333, 0, 0, 455, 0, 0, 0, 0, 0]

 ### Operon type: 229

	 A0A011NGS0	[0, 0, 0, 0, 790, 789, 0, 0, 0]

 ### Operon type: 230

	 A0A011PW61	[0, 0, 0, 0, 790, 789, 0, 0, 788]

 ### Operon type: 231

	 A0A011UXI1	[0, 614, 0, 0, 790, 789, 352, 0, 0]

 ### Operon type: 232

	 A0A011SWI9	[-1, -1, 0, 693, 790, 789, 352, -1, -1]

 ### Operon type: 233

	 A0A011P952	[789, 0, 760, 0, 0, 760, 0, 0, 0]

 ### Operon type: 234

	 A0A011QVV5	[0, 0, 727, 726, 725, 724, 725, 779, 723]
	 A0A011Q1B3	[727, 726, 725, 724, 725, 779, 723, 0, 0]

 ### Operon type: 235

	 A0A011NSG8	[0, 0, 0, 726, 725, 724, 0, 725, 0]

 ### Operon type: 236

	 A0A011P0X4	[0, 0, 723, 0, 725, 0, 0, 724, 500]

 ### Operon type: 237

	 A0A010YNY9	[0, 0, 454, 453, 0, 0, 0, 0, 452]

 ### Operon type: 238

	 A0A011AC71	[313, 0, 0, 212, 0, 454, 453, 0, 690]

 ### Operon type: 239

	 A0A011QLX0	[0, 820, 0, 0, 819, 0, 818, 817, 0]
	 A0A011PRW6	[820, 0, 0, 0, 819, 818, 817, 0, 0]

 ### Operon type: 240

	 A0A010SML6	[0, 818, 817, -1, 0, 692, 0, 0, 0]

 ### Operon type: 241

	 A0A010RS09	[0, 0, 0, 0, 23, 0, 739, 739, 0]

 ### Operon type: 242

	 A0A010RTE7	[0, 0, 0, 0, 0, 0, 23, 96, 0]

 ### Operon type: 243

	 A0A009P817	[158, 0, 0, 0, 157, 0, 215, 156, 155]

 ### Operon type: 244

	 A0A009TIY0	[0, 0, 0, 0, 157, 0, 215, 156, 0]

 ### Operon type: 245

	 A0A009QKA3	[215, 156, 0, 155, 0, 0, 0, 0, 288]

 ### Operon type: 246

	 A0A009HSR2	[0, 95, 94, 0, 93, 144, 143, 92, 142]

 ### Operon type: 247

	 A0A009SWM1	[0, 95, 94, 0, 93, 0, 0, 143, 0]

 ### Operon type: 248

	 A0A009MYX0	[124, 142, 0, 660, 0, 0, 143, 144, 145]

 ### Operon type: 249

	 A0A009QK79	[0, 0, 145, 144, 0, 143, 0, 0, 142]

 ### Operon type: 250

	 A0A009GXJ1	[203, 202, 144, 143, 57, 92, 142, 124, 0]

 ### Operon type: 251

	 A0A013TKW8	[0, 842, 0, 530, 420, 419, 418, 417, 416]
	 A0A010IT95	[0, 0, 0, 530, 420, 419, 418, 417, 416]
	 A0A009QT77	[0, 0, -1, 530, 420, 419, 418, 417, 416]
	 A0A009PRQ9	[0, 530, 123, 0, 420, 419, 418, 417, 416]
	 A0A009I5G9	[0, 0, 530, 123, 420, 419, 418, 417, 416]
	 A0A009S0T6	[0, 0, 530, 123, 420, 419, 418, 417, 416]
	 A0A009GWD0	[92, 0, 0, 530, 420, 419, 418, 417, 416]
	 A0A009MH36	[0, 0, 0, 530, 420, 419, 418, 417, 416]

 ### Operon type: 252

	 A0A013TMJ7	[797, -1, 0, 530, 420, 417, 416, 0, 0]

 ### Operon type: 253

	 A0A011VXC2	[-1, 472, 0, 645, 471, 470, 469, 497, 468]
	 A0A011V392	[472, 0, 645, 471, 470, 469, 0, 497, 468]

 ### Operon type: 254

	 A0A011V490	[556, 557, 0, 468, 497, 469, 470, 471, 645]

 ### Operon type: 255

	 A0A011VZF5	[0, 0, 471, 470, 469, 667, 557, 667, 0]

 ### Operon type: 256

	 A0A011WLE7	[0, 0, 0, 0, 0, 560, 0, 0, 0]
	 A0A011VU44	[0, 0, 0, 0, 0, 560, 0, 0, 0]

 ### Operon type: 257

	 A0A011VAP2	[0, 0, 67, 0, 0, 0, 0, 0, 373]

 ### Operon type: 258

	 A0A011VRJ8	[0, 0, 0, 0, 0, 0, 67, 0, 0]

 ### Operon type: 259

	 A0A011RNU1	[0, 0, 0, 0, 0, 0, 450, 450, 449]

 ### Operon type: 260

	 A0A011VKJ9	[0, 0, 0, 0, 0, 0, 449, 450, -1]

 ### Operon type: 261

	 A0A011PQZ7	[0, 0, 0, 647, 784, 0, 646, 0, 0]

 ### Operon type: 262

	 A0A011TUX4	[0, 0, 0, 0, 784, 0, 0, 646, 0]

 ### Operon type: 263

	 A0A011STZ9	[0, 0, 0, 646, 0, 0, 0, 0, 0]

 ### Operon type: 264

	 A0A011PUJ9	[0, 0, 0, 0, 0, 0, 0, 0, 780]
	 A0A011PRF5	[780, 0, 0, 0, 0, 0, 0, 0, 0]

 ### Operon type: 265

	 A0A011PFY8	[0, 0, 0, 0, 0, 0, 0, 0, 758]

 ### Operon type: 266

	 A0A011PNS3	[858, 758, 0, 0, 0, 0, 0, 0, 0]

 ### Operon type: 267

	 A0A011T648	[0, 758, 0, 0, 0, 0, 0, 855, 0]

 ### Operon type: 268

	 A0A010YYJ5	[0, 0, 0, 667, 0, 0, 0, 89, 89]

 ### Operon type: 269

	 A0A011NDM5	[667, 0, 0, 0, 0, 0, 0, 0, 0]

 ### Operon type: 270

	 A0A011MSR2	[0, 0, 0, 569, 0, 0, 0, 667, 667]

 ### Operon type: 271

	 A0A011WSU6	[0, 667, 0, 0, 497, 0, 0, 0, 0]

 ### Operon type: 272

	 A0A011AEN3	[0, 0, 0, 0, 0, 0, 803, 0, 0]
	 A0A011U3C2	[0, 0, 803, 0, 0, 0, 0, 0, 0]

 ### Operon type: 273

	 A0A011AAZ2	[0, 499, 0, 0, 0, 803, 803, 803, 0]

 ### Operon type: 274

	 A0A011T698	[0, 0, 0, 0, 0, 690, 803, 0, 0]

 ### Operon type: 275

	 A0A010YRE8	[0, 0, 0, 0, 0, 0, 0, 66, 0]

 ### Operon type: 276

	 A0A011AF05	[0, 0, 313, 66, 0, 0, 0, 0, 0]

 ### Operon type: 277

	 A0A009ZG48	[0, 0, 0, 842, 0, 0, 0, 0, 0]

 ### Operon type: 278

	 A0A011PEJ8	[0, 0, 843, 842, 0, 0, 0, 0, 0]

 ### Operon type: 279

	 A0A011QNJ7	[809, 0, 0, 842, 0, 0, 0, 809, 0]

 ### Operon type: 280

	 A0A011MMJ4	[0, 0, 0, 0, 0, 0, 0, 809, 0]

 ### Operon type: 281

	 A0A011R8M3	[0, 0, 843, 842, 0, 351, 0, 809, 0]

 ### Operon type: 282

	 A0A009ZC82	[0, 0, 691, 0, 0, 0, 0, 0, 0]

 ### Operon type: 283

	 A0A011P3F6	[692, 0, 0, 691, 0, 0, 0, 0, 0]

 ### Operon type: 284

	 A0A009IG48	[0, 0, 0, 133, 132, 0, 0, 0, 692]

 ### Operon type: 285

	 A0A009IMQ0	[0, 0, 0, 133, 132, 0, 0, 0, 0]

 ### Operon type: 286

	 A0A009SWV1	[0, 0, 0, 0, 0, 0, 0, 133, 0]

 ### Operon type: 287

	 A0A009Q512	[0, 0, 0, 0, 139, 0, 0, 0, 0]
	 A0A009PMZ9	[139, 0, 0, 0, 0, 0, 0, 0, 0]

 ### Operon type: 288

	 A0A009IFL2	[0, 265, 0, 50, -1, 0, 0, 0]

 ### Operon type: 289

	 A0A009ZDS1	[-1, -1, 0, 265, 0, 0, 521, 0, 0]

 ### Operon type: 290

	 A0A010SNM6	[31, 30, -1, 0, 0, 0, 797, 0, 0]

 ### Operon type: 291

	 A0A010T5D8	[30, 31, 0, -1, 0, -1, 394, 0, 0]

 ### Operon type: 292

	 A0A011UB51	[465, 0, 0, 0, 0, 0, 0, 0, 0]
	 A0A011UFH1	[0, 0, 0, 0, 0, 465, 0, 0, 0]

 ### Operon type: 293

	 A0A011VHP2	[0, -1, -1, -1, 69, 0, 0, 0, 0]
	 A0A011V965	[0, -1, -1, 0, 69, 0, -1, -1, 0]

 ### Operon type: 294

	 A0A010RVD0	[-1, 0, 0, -1, 0, 826, 826, 0, 20]

 ### Operon type: 295

	 A0A010T7Q5	[0, 20, 0, 0, 0, 0, -1, 0, 0]

 ### Operon type: 296

	 A0A010SJH7	[0, 0, 797, -1, 0, 0, 187, 0, 0]

 ### Operon type: 297

	 A0A010SRR2	[0, 0, -1, 0, 0, 0, 0, 0, 797]

 ### Operon type: 298

	 A0A010RY47	[-1, 0, -1, 0, 0, 0, 0, 0, 0]
	 A0A010RKP8	[0, 0, 0, 0, 0, 0, -1, 0, 0]
	 A0A011UZ32	[0, 0, 0, 0, 0, -1, 0, 0, 0]
	 A0A009HJU6	[0, 0, 0, 0, 0, 0, 0, 0, -1]
	 A0A010TF14	[-1, 0, 0, 0, 0, 0, 0, 0, 0]

 ### Operon type: 299

	 A0A010SJF9	[0, 0, 0, 0, 0, -1, 0, 97, -1]

 ### Operon type: 300

	 A0A011ML54	[0, 0, 0, 740, 0, 0, 0, 0, -1]

 ### Operon type: 301

	 A0A011NHY1	[0, 0, 0, 0, 0, 797, 0, 0, 0]

 ### Operon type: 302

	 A0A010Z171	[0, 0, 0, 0, 0, 0, 797, 0, 660]

 ### Operon type: 303

	 A0A011T697	[797, 0, 0, 0, 0, 0, 0, 0, 215]

 ### Operon type: 304

	 A0A011TDD1	[0, 223, 797, 0, 0, 0, 0, 0, 0]

 ### Operon type: 305

	 A0A011VW24	[0, 0, 860, 0, 0, 0, 0, 0, -1]

 ### Operon type: 306

	 A0A011T8V3	[0, 0, 860, 0, 0, 0, 0, 0, 0]

 ### Operon type: 307

	 A0A010TH98	[788, 0, 0, 860, 0, 0, 0, 0, 0]

 ### Operon type: 308

	 A0A011QVR3	[0, 0, 0, 0, 0, 0, 0, 861, 860]

 ### Operon type: 309

	 A0A011VYF1	[860, 0, 0, 0, 0, 0, 465, 0, 0]

 ### Operon type: 310

	 A0A010S415	[-1, 860, 0, 261, 0, 0, 0, 0, 509]

 ### Operon type: 311

	 A0A011PBM9	[0, 0, 0, 0, 0, 0, 0, 0, 0]
	 A0A011QSN2	[0, 0, 0, 0, 0, 0, 0, 0, 0]
	 A0A011QMJ8	[0, 0, 0, 0, 0, 0, 0, 0, 0]
	 A0A011Q056	[0, 0, 0, 0, 0, 0, 0, 0, 0]
	 A0A011P9Z5	[0, 0, 0, 0, 0, 0, 0, 0, 0]
	 A0A011NTU3	[0, 0, 0, 0, 0, 0, 0, 0, 0]
	 A0A011NMI8	[0, 0, 0, 0, 0, 0, 0, 0, 0]
	 A0A011PNN2	[0, 0, 0, 0, 0, 0, 0, 0, 0]
	 A0A011NAJ1	[0, 0, 0, 0, 0, 0, 0, 0, 0]
	 A0A011N2Z0	[0, 0, 0, 0, 0, 0, 0, 0, 0]
	 A0A010ZTI3	[0, 0, 0, 0, 0, 0, 0, 0, 0]
	 A0A011VYF6	[0, 0, 0, 0, 0, 0, 0, 0, 0]
	 A0A010YJA7	[0, 0, 0, 0, 0, 0, 0, 0, 0]
	 A0A013TEV4	[0, 0, 0, 0, 0, 0, 0, 0, 0]
	 A0A009M4K0	[0, 0, 0, 0, 0, 0, 0, 0, 0]
	 A0A009PDV4	[0, 0, 0, 0, 0, 0, 0, 0, 0]
	 A0A013SBR8	[0, 0, 0, 0, 0, 0, 0, 0, 0]
	 A0A010SHY1	[0, 0, 0, 0, 0, 0, 0, 0, 0]
	 A0A013S2B9	[0, 0, 0, 0, 0, 0, 0, 0, 0]
	 A0A011UHL2	[0, 0, 0, 0, 0, 0, 0, 0, 0]
	 A0A013SL47	[0, 0, 0, 0, 0, 0, 0, 0, 0]
	 A0A011WUT3	[0, 0, 0, 0, 0, 0, 0, 0, 0]
	 A0A011UBN9	[0, 0, 0, 0, 0, 0, 0, 0, 0]
	 A0A009MH90	[0, 0, 0, 0, 0, 0, 0, 0, 0]
	 A0A011UFM5	[0, 0, 0, 0, 0, 0, 0, 0, 0]
	 A0A011VNE2	[0, 0, 0, 0, 0, 0, 0, 0, 0]
	 A0A009HIL8	[0, 0, 0, 0, 0, 0, 0, 0, 0]
	 A0A010SPJ7	[0, 0, 0, 0, 0, 0, 0, 0, 0]
	 A0A010SSQ8	[0, 0, 0, 0, 0, 0, 0, 0, 0]
	 A0A010T025	[0, 0, 0, 0, 0, 0, 0, 0, 0]
	 A0A010YZS8	[0, 0, 0, 0, 0, 0, 0, 0, 0]
	 A0A010Z120	[0, 0, 0, 0, 0, 0, 0, 0, 0]
	 A0A011A146	[0, 0, 0, 0, 0, 0, 0, 0, 0]

 ### Operon type: 312

	 A0A010TG27	[736, 0, 27, 0, 0, 0, 770, 0, 0]

 ### Operon type: 313

	 A0A011PMK1	[0, 0, 0, 0, 0, 0, 0, 736, 0]

 ### Operon type: 314

	 A0A009HM15	[0, 375, 113, 0, 0, 0, -1, 0, 0]

 ### Operon type: 315

	 A0A009HRU1	[0, 144, 0, 0, 0, 0, 0, 0, 0]

 ### Operon type: 316

	 A0A009HSN8	[0, 141, 0, 0, 0, -1, 0, 273, -1]

 ### Operon type: 317

	 A0A009HV82	[127, 0, 0, 0, 0, 0, 0, 0, 0]

 ### Operon type: 318

	 A0A009IG74	[0, 0, 151, 0, 485, -1, 0, 0, 0]

 ### Operon type: 319

	 A0A009IJ90	[0, 114, 0, 0, 0, 0, 0, 0, 0]

 ### Operon type: 320

	 A0A009NM94	[0, 583, 583, 0, 0, 0, 223, 0, 0]

 ### Operon type: 321

	 A0A009Q4N5	[0, 0, 158, 0, 0, 0, 0, 0, 0]

 ### Operon type: 322

	 A0A009SSZ9	[0, 90, 0, 0, 0, 0, 0, 0, 0]

 ### Operon type: 323

	 A0A009YIH1	[0, 0, 0, 0, 377, 0, -1, -1, 2]

 ### Operon type: 324

	 A0A009YR05	[0, 0, 0, 0, 74, 0, 0, 0, 0]

 ### Operon type: 325

	 A0A009Z004	[116, 0, 116, 0, 0, 660, 0, 0, 0]

 ### Operon type: 326

	 A0A010RUQ5	[0, 0, 0, 0, 0, 0, 0, 0, 325]

 ### Operon type: 327

	 A0A010S195	[691, 0, 263, 262, 0, 0, 0, 0, 0]

 ### Operon type: 328

	 A0A010SCZ2	[0, 0, 0, 0, 0, 0, 0, 358, 0]

 ### Operon type: 329

	 A0A010SN41	[0, 0, 0, 0, 496, 0, 0, 0, 0]

 ### Operon type: 330

	 A0A010SSU2	[0, 0, 0, 0, 57, 0, -1, 761, 0]

 ### Operon type: 331

	 A0A010SUP6	[0, 0, 0, 0, 0, 0, 0, 262, 0]

 ### Operon type: 332

	 A0A010SUY9	[0, 0, 0, 0, 0, 351, 843, 0]

 ### Operon type: 333

	 A0A010THK2	[0, 0, -1, 0, 0, 739, 660, 0, 0]

 ### Operon type: 334

	 A0A010SRL4	[27, 0, 0, -1, 0, 0, 0, 660, 104]

 ### Operon type: 335

	 A0A010YX61	[401, 803, 0, 860, 0, 0, 0, 0, 0]

 ### Operon type: 336

	 A0A010S5W8	[0, 0, 569, 779, 0, 0, 0, 0, 0]

 ### Operon type: 337

	 A0A011NE37	[532, 0, 0, 0, 0, 0, 0, 0, 0]

 ### Operon type: 338

	 A0A011NF78	[0, 0, 833, 0, 0, 0, 0, 0, 0]

 ### Operon type: 339

	 A0A011NVE2	[0, 0, 0, 855, 0, 0, 797, 0, 697]

 ### Operon type: 340

	 A0A011NXJ4	[0, 0, 0, 0, 0, 0, 0, 0, 704]

 ### Operon type: 341

	 A0A011P8I1	[0, 0, 801, 803, 0, 0, 0, 0, 764]

 ### Operon type: 342

	 A0A011P9Q7	[759, 0, 0, 0, 0, 0, 0, 0, 0]

 ### Operon type: 343

	 A0A011PJ75	[0, 855, 648, 855, 0, 0, 0, 0, 0]

 ### Operon type: 344

	 A0A011PRB4	[0, 0, 0, 0, 0, 0, 0, 645, 0]

 ### Operon type: 345

	 A0A011QVT2	[859, 0, 0, 0, 0, 0, 0, 858, 0]

 ### Operon type: 346

	 A0A011RP14	[0, 0, 0, 0, 0, 0, 0, 590, 0]

 ### Operon type: 347

	 A0A011SM49	[797, 0, 590, 0, 0, 0, 312, 0, 0]

 ### Operon type: 348

	 A0A011AM27	[646, 0, 0, 0, 524, 0, 0, 0, 374]

 ### Operon type: 349

	 A0A011T607	[0, 0, 779, 0, 0, 0, 0, 0, 223]

 ### Operon type: 350

	 A0A011TAW2	[0, 0, 0, 0, 0, 0, 489, 0, 0]

 ### Operon type: 351

	 A0A011TED9	[0, 0, 0, 0, 0, 346, 0, 0, 0]

 ### Operon type: 352

	 A0A011TXS5	[0, 252, 0, 0, 0, 0, 0, 0, 0]

 ### Operon type: 353

	 A0A011U144	[0, 325, 0, 0, 0, 0, 704, 594, 0]

 ### Operon type: 354

	 A0A011U1C8	[690, 0, 0, 0, 0, 0, 0, 0, 456]

 ### Operon type: 355

	 A0A011U483	[0, 0, 0, 0, 0, 689, 0, 0, 0]

 ### Operon type: 356

	 A0A011UG86	[0, 726, 0, 0, 0, 97, 0, 0, 0]

 ### Operon type: 357

	 A0A011UQB5	[582, 571, 0, 0, 0, 0, 0, 465, 0]

 ### Operon type: 358

	 A0A011UVI5	[0, 0, 0, 0, 0, 452, 855, 855, 0]

 ### Operon type: 359

	 A0A011UWI3	[0, 0, 0, 0, 160, 0, 49, 691, 0]

 ### Operon type: 360

	 A0A011V5E6	[0, 0, 0, 0, 0, 353, 0, 0, 0]

 ### Operon type: 361

	 A0A011M4H6	[373, 0, 372, 0, 0, 0, 0, 0, 0]

 ### Operon type: 362

	 A0A011VSV3	[0, 0, 0, 0, 0, 0, 806, 0, 0]

 ### Operon type: 363

	 A0A011VWI0	[0, 0, 0, 0, 0, 548, 0, 0, 0]

 ### Operon type: 364

	 A0A011VZ91	[561, 0, 0, 0, 0, 0, 0, 0, 0]

 ### Operon type: 365

	 A0A011WP76	[0, 0, 0, 0, 0, 0, 0, 0, 863]

 ### Operon type: 366

	 A0A011WSD4	[0, 0, 0, -1, 0, 667, 0, 0, 557]

 ### Operon type: 367

	 A0A011WT35	[557, 0, 0, 0, 0, 0, 0, 0, 0]

 ### Operon type: 368

	 A0A013S843	[0, 410, 0, 0, 0, 0, -1, 216, 0]

 ### Operon type: 369

	 A0A013T5E6	[0, 0, 0, 440, 0, 0, 0, 0, 0]

 ### Operon type: 370

	 A0A009T185	[856, 0, 648, 648, 250, 855, 648, 271, 707]

 ### Operon type: 371

	 A0A010IN36	[251, 797, 0, 0, 250, 855, 648, 271, 707]

 ### Operon type: 372

	 A0A009PG43	[855, 648, 426, 858, 0, 271, 707, 0, 0]

 ### Operon type: 373

	 A0A009INE0	[251, 0, 0, 0, 0, 0, 0, 648, 271]

 ### Operon type: 374

	 A0A009T9H0	[0, 2, 692, -1, 0, 0, 143, 0, 144]

 ### Operon type: 375

	 A0A010THH5	[0, 219, 265, 452, 0, 0, 580, 0, 521]

 ### Operon type: 376

	 A0A011VZE3	[0, 0, 0, 770, 361, 0, 0, 0, 0]
	 A0A011WSH8	[0, 0, 0, 770, 361, 0, 0, 0, 0]

 ### Operon type: 377

	 A0A011NAF3	[0, 0, 0, 0, 0, 0, 770, 0, 745]

 ### Operon type: 378

	 A0A009IQ93	[138, 0, 770, 0, 0, 104, 0, 0, 0]

 ### Operon type: 379

	 A0A009Q8S9	[0, 0, 692, 481, 0, 175, 0, 0, 0]

 ### Operon type: 380

	 A0A009TLU4	[0, 252, -1, 21, 0, 18, 0, -1, -1]

 ### Operon type: 381

	 A0A009ZB47	[268, 267, 0, 0, 0, 667, 519, 0, 0]

 ### Operon type: 382

	 A0A009ZVR4	[588, 0, 803, 0, 0, 89, 0, 0, 269]

 ### Operon type: 383

	 A0A010JIN9	[519, 0, 0, 96, 177, 0, 0, 0, 0]

 ### Operon type: 384

	 A0A010S003	[753, 0, 0, 0, 0, 726, 726, 264, 0]

 ### Operon type: 385

	 A0A010SMN8	[0, -1, 454, 0, 616, 0, 0, 757, 0]

 ### Operon type: 386

	 A0A010SXS1	[0, 426, 0, 0, 0, 566, 0, 0, 858]

 ### Operon type: 387

	 A0A010T689	[374, -1, 580, 541, 0, 0, 0, 0, 0]

 ### Operon type: 388

	 A0A010TBB4	[0, 599, 0, 97, 0, 0, 0, 0, 690]

 ### Operon type: 389

	 A0A010YFK3	[0, 636, 0, 0, 0, 0, 534, 0, 456]

 ### Operon type: 390

	 A0A010YVY1	[65, 0, 65, 0, 0, 0, 0, 264, 0]

 ### Operon type: 391

	 A0A010ZSZ2	[0, 499, 0, 593, 498, 0, 0, 0, 0]

 ### Operon type: 392

	 A0A010Z0Y7	[0, 0, 0, 0, 498, 261, 0, 0, 0]

 ### Operon type: 393

	 A0A011A0M8	[0, 0, 660, 0, 50, 0, 0, 4, 4]

 ### Operon type: 394

	 A0A011NFL4	[0, 738, 0, 0, 737, 736, 0, 735, 0]

 ### Operon type: 395

	 A0A011P407	[0, 0, 762, 781, 0, 0, 690, 0, 689]

 ### Operon type: 396

	 A0A011QGT2	[770, 0, 0, 769, 768, 0, 0, 0, 0]

 ### Operon type: 397

	 A0A011QSA4	[836, 0, 835, 834, 0, 0, 0, 0, 833]

 ### Operon type: 398

	 A0A011T6J6	[0, 640, 0, 803, 0, 0, 214, 0, 213]

 ### Operon type: 399

	 A0A011TAL2	[0, 779, 0, 0, 0, 212, 0, 706, 0]

 ### Operon type: 400

	 A0A011TZG0	[660, 630, 0, 0, 0, 0, 0, 421, 0]

 ### Operon type: 401

	 A0A011UGY3	[355, 354, 353, 29, 0, 0, 0, 29, 0]

 ### Operon type: 402

	 A0A011UII7	[0, 0, 0, 0, 0, 697, 458, 0, 0]

 ### Operon type: 403

	 A0A011UNT9	[175, 259, 0, 0, 0, 0, 0, 0, 0]

 ### Operon type: 404

	 A0A011SIS0	[0, 715, 260, 260, 0, 0, 0, 259, 0]

 ### Operon type: 405

	 A0A011UT49	[0, 499, 0, 0, 0, 0, 426, 76, 0]

 ### Operon type: 406

	 A0A011VU65	[535, 0, 0, 0, 0, 534, 0, 806, 533]

 ### Operon type: 407

	 A0A011VV03	[0, 360, 0, 0, 359, 373, 0, 0, 0]

 ### Operon type: 408

	 A0A011VVZ9	[0, 0, -1, 0, 0, 358, 357, 357, 356]

 ### Operon type: 409

	 A0A011VWX7	[858, 473, 0, 0, 0, 0, 0, 581, 0]

 ### Operon type: 410

	 A0A011VXK7	[583, 583, 0, 477, 0, 0, 0, 642, 0]

 ### Operon type: 411

	 A0A011W0I6	[464, 0, 0, 0, 0, 669, 0, 740, 0]

 ### Operon type: 412

	 A0A010YEF6	[0, 464, 0, 0, 0, 0, 0, 0, 463]

 ### Operon type: 413

	 A0A013SQH1	[0, 0, 0, 0, 496, 615, 0, 530, 575]

 ### Operon type: 414

	 A0A009QJA8	[126, 125, 0, 0, 0, 0, 0, 0, 625]

 ### Operon type: 415

	 A0A009YL68	[0, 0, 690, 402, 399, 0, 0, 266, 0]

 ### Operon type: 416

	 A0A010JNG7	[530, 0, 0, 529, 0, 0, 0, 0, 0]

 ### Operon type: 417

	 A0A010RM40	[446, 770, 782, 0, 0, 0, 0, -1, 734]

 ### Operon type: 418

	 A0A010RRQ6	[0, 372, 0, 0, 0, 616, 603, 174, 0]

 ### Operon type: 419

	 A0A010S423	[214, 0, 0, 0, 0, 0, 0, 49, 587]

 ### Operon type: 420

	 A0A010T0I7	[0, 0, 463, 0, 0, 801, 835, 770, 0]

 ### Operon type: 421

	 A0A010ZUR7	[360, 16, 0, 16, 0, 15, 264, 0, 0]

 ### Operon type: 422

	 A0A011NA78	[0, 576, 0, 0, 0, 826, 0, 0, 734]

 ### Operon type: 423

	 A0A011P8W7	[763, 762, 858, 0, 761, 0, 0, 0, 0]

 ### Operon type: 424

	 A0A011PG97	[757, 0, 0, 756, 0, 0, 0, 0, 0]

 ### Operon type: 425

	 A0A011PKT4	[0, 615, 0, 0, 0, 0, 614, 0, 0]

 ### Operon type: 426

	 A0A011PLB2	[0, 763, 0, 661, 0, 0, 0, 0, 0]

 ### Operon type: 427

	 A0A011R339	[0, 0, 0, 0, 0, 0, 203, 202, 0]

 ### Operon type: 428

	 A0A011SFE5	[0, 0, 0, 583, 0, 0, 738, 781, 582]

 ### Operon type: 429

	 A0A011SJT5	[0, 0, 0, 356, 258, 258, 258, 258, 258]

 ### Operon type: 430

	 A0A011TDQ5	[0, 0, 0, 0, 222, 671, 0, 0, 0]

 ### Operon type: 431

	 A0A011VT01	[0, 0, 537, 0, 0, 537, 0, 0, 536]

 ### Operon type: 432

	 A0A009Z3V9	[770, 0, 0, 0, 0, 147, 658, 148, 149]

 ### Operon type: 433

	 A0A010SRB2	[18, 17, 0, 0, 0, 17, 31, 0, 0]

 ### Operon type: 434

	 A0A010KA25	[519, 0, 580, 370, 369, 0, 0, 519, 414]

 ### Operon type: 435

	 A0A011TZN1	[193, 192, 191, 0, 190, 0, 0, 0, 0]

 ### Operon type: 436

	 A0A011VJ76	[68, 68, 76, 735, 0, 770, 660, 0, 762]

 ### Operon type: 437

	 A0A011UG17	[304, 0, 362, 0, 553, 535, 0, 0, 0]

 ### Operon type: 438

	 A0A011WUA8	[626, 0, 0, 172, 0, 0, 0, 171, 171]

 ### Operon type: 439

	 A0A010S4X6	[0, 261, 782, 726, 392, 0, 712, 668, 739]

 ### Operon type: 440

	 A0A010YY02	[0, 64, 0, 0, 64, 785, 597, 0, 63]
