
 ### Operon type: 1

	 A0A011PVT3	[688, 687, 686, 685, 684, 683, 682, 681, 680]
	 A0A011R7V7	[688, 687, 686, 685, 684, 683, 682, 681, 680]
	 A0A011MET3	[688, 687, 686, 685, 684, 683, 682, 681, 680]

 ### Operon type: 2

	 A0A011UIA1	[253, 252, 251, 250, 249, 248, 247, 246, 0]
	 A0A011V5V3	[0, 253, 252, 251, 250, 249, 248, 247, 246]

 ### Operon type: 3

	 A0A011PTE7	[590, 589, 588, 587, 586, 0, 585, 584, 583]
	 A0A011NE72	[590, 589, 588, 587, 586, 585, 584, 583, 0]

 ### Operon type: 4

	 A0A011NEY3	[292, 723, 724, 722, 722, 721, 720, 719, 0]

 ### Operon type: 5

	 A0A011PAN4	[723, 724, 0, 722, 722, 721, 720, 719, 718]

 ### Operon type: 6

	 A0A011RCD5	[292, 723, 724, 722, 722, 721, 720, 719, 718]

 ### Operon type: 7

	 A0A010JSI3	[516, 515, 514, 513, 512, 511, 510, 509, 0]
	 A0A013T0M4	[516, 515, 514, 513, 512, 511, 510, 509, 0]
	 A0A009RGL2	[0, 515, 514, 513, 512, 511, 510, 509, 0]
	 A0A009HDS5	[516, 515, 514, 513, 512, 511, 510, 509, 0]

 ### Operon type: 8

	 A0A011PF67	[714, 713, 712, 711, 710, 0, 0, 0, 0]
	 A0A011NBX7	[714, 713, 712, 711, 710, 492, 0, 0, 0]
	 A0A011NW66	[714, 713, 712, 711, 710, 492, 0, 0, 0]

 ### Operon type: 9

	 A0A011NS68	[714, 713, 712, 711, 710, 481, 480, 486, 639]
	 A0A011RHX4	[714, 713, 712, 711, 710, 481, 480, 486, 0]

 ### Operon type: 10

	 A0A010JY00	[340, 496, 505, 445, 263, 604, 442, 607, 462]

 ### Operon type: 11

	 A0A013TH30	[496, 505, 445, 444, 443, 604, 442, 607, 462]

 ### Operon type: 12

	 A0A011QAS2	[0, 539, 538, 537, 536, 535, 534, 533, 532]
	 A0A011NEQ1	[0, 539, 538, 537, 536, 535, 534, 533, 532]

 ### Operon type: 13

	 A0A011QSF0	[0, 707, 706, 705, 704, 703, 702, 616, 0]
	 A0A011QBB5	[708, 707, 706, 705, 704, 703, 702, 616, 524]
	 A0A011Q0X6	[708, 707, 706, 705, 704, 703, 702, 616, 524]
	 A0A011Q1X8	[707, 0, 706, 705, 704, 703, 702, 616, 524]

 ### Operon type: 14

	 A0A011PG87	[708, 707, 706, 705, 704, 703, 702, 0, 0]

 ### Operon type: 15

	 A0A013SP43	[369, 368, 367, 366, 365, 364, 363, 362, 361]
	 A0A010K6G6	[369, 368, 367, 366, 365, 364, 363, 0, 361]
	 A0A009RUN3	[369, 368, 367, 366, 365, 364, 363, 362, 361]

 ### Operon type: 16

	 A0A009SZB5	[0, 0, 132, 131, 130, 0, 0, 0, 129]
	 A0A009HR98	[0, 0, 132, 131, 130, 0, 0, 0, 129]

 ### Operon type: 17

	 A0A009Z8F7	[48, 132, 49, 0, 130, 4, 4, 0, 0]

 ### Operon type: 18

	 A0A011QIT1	[667, 666, 665, 664, 663, 662, 661, 660, 659]
	 A0A011QUG8	[667, 666, 665, 664, 663, 662, 0, 661, 660]

 ### Operon type: 19

	 A0A011QAB0	[544, 543, 542, 0, 541, 692, 567, 540, 0]
	 A0A011PL71	[383, 544, 543, 542, 541, 692, 567, 540, 0]

 ### Operon type: 20

	 A0A011PIY7	[581, 0, 690, 595, 596, 597, 598, 0, 600]

 ### Operon type: 21

	 A0A011Q3J4	[0, 581, 690, 595, 596, 597, 598, 599, 0]

 ### Operon type: 22

	 A0A011MH88	[488, 581, 690, 595, 596, 597, 598, 599, 600]

 ### Operon type: 23

	 A0A009QBR9	[0, 0, 416, 452, 415, 0, 0, 411, 180]
	 A0A009TM70	[0, 417, 416, 452, 415, 0, 0, 411, 180]

 ### Operon type: 24

	 A0A010ILU3	[418, 417, 416, 0, 415, 414, 413, 412, 411]
	 A0A009MW50	[0, 417, 416, 452, 415, 414, 0, 412, 411]
	 A0A009QS71	[418, 417, 416, 452, 415, 414, 0, 412, 411]
	 A0A009H3B0	[0, 417, 416, 0, 415, 414, 413, 412, 411]

 ### Operon type: 25

	 A0A009I8S2	[0, 0, 416, 452, 415, 414, 412, 411, 180]

 ### Operon type: 26

	 A0A009ICH6	[395, 97, 96, 58, 263, 46, 45, 44, 607]
	 A0A009ZFR5	[395, 97, 96, 58, 263, 46, 45, 44, 607]

 ### Operon type: 27

	 A0A009GP96	[0, 84, 679, 500, 262, 83, 436, 82, 81]

 ### Operon type: 28

	 A0A009GSR4	[500, 262, 83, 436, 82, 81, 81, 80, 0]

 ### Operon type: 29

	 A0A009IIT6	[84, 679, 500, 262, 82, 81, 81, 80, 0]

 ### Operon type: 30

	 A0A009IS10	[160, 0, 0, 0, 159, 158, 157, 0, 0]

 ### Operon type: 31

	 A0A009QHW5	[0, 0, 0, 418, 159, 158, 157, 0, 99]

 ### Operon type: 32

	 A0A011UVB4	[0, 0, 0, 122, 0, 0, 160, 0, 87]

 ### Operon type: 33

	 A0A011TLH7	[303, 302, 301, 0, 0, 0, 0, 0, 0]
	 A0A011UG87	[301, 302, 303, 0, 0, 0, 0, 0, 0]

 ### Operon type: 34

	 A0A011QIE8	[674, 673, 672, 671, 670, 669, 668, 0, 0]
	 A0A011QDV3	[674, 673, 672, 671, 670, 669, 525, 0, 668]

 ### Operon type: 35

	 A0A011NYU6	[521, 520, 0, 519, 593, 16, 15, 0, 518]

 ### Operon type: 36

	 A0A011PYI6	[521, 520, 0, 519, 593, 518, 517, 636, 0]

 ### Operon type: 37

	 A0A011P1C0	[0, 0, 16, 15, 518, 0, 0, 0, 0]

 ### Operon type: 38

	 A0A011PP01	[603, 602, 601, 0, 0, 0, 0, 0, 0]
	 A0A011NVE7	[603, 602, 601, 0, 0, 0, 0, 0, 0]

 ### Operon type: 39

	 A0A013TH43	[441, 0, 0, 0, 440, 439, 438, 0, 437]
	 A0A009RAF0	[441, 0, 0, 0, 440, 439, 438, 0, 437]

 ### Operon type: 40

	 A0A013S8V2	[343, 342, 0, 0, 0, 341, 0, 0, 0]
	 A0A009R8E1	[0, 38, 0, 343, 342, 0, 0, 341, 0]

 ### Operon type: 41

	 A0A009QFZ7	[460, 459, 0, 0, 456, 0, 454, 453, 0]
	 A0A009TK03	[460, 459, 0, 0, 456, 0, 454, 453, 0]

 ### Operon type: 42

	 A0A013SPM5	[460, 459, 458, 457, 456, 455, 454, 453, 0]
	 A0A010IX62	[460, 459, 458, 457, 456, 0, 454, 453, 0]
	 A0A009MH71	[460, 459, 0, 457, 456, 455, 454, 453, 0]
	 A0A009HSL1	[460, 459, 458, 457, 456, 0, 454, 453, 0]

 ### Operon type: 43

	 A0A009I6Z0	[460, 459, 0, 457, 456, 0, 454, 453, 93]

 ### Operon type: 44

	 A0A009ZIX8	[0, 5, 458, 457, 456, 14, 0, 93, 0]

 ### Operon type: 45

	 A0A009I573	[63, 0, 116, 117, 0, 118, 177, 119, 120]

 ### Operon type: 46

	 A0A009ILP9	[121, 0, 120, 119, 177, 118, 174, 117, 116]

 ### Operon type: 47

	 A0A009I953	[121, 0, 120, 119, 177, 118, 174, 0, -1]

 ### Operon type: 48

	 A0A009QEG7	[179, 178, 0, 0, 177, 176, 175, 0, 174]
	 A0A009IPC3	[179, 178, 0, 0, 177, 176, 175, 0, 174]

 ### Operon type: 49

	 A0A009SX74	[700, 639, 0, 117, 174, 121, 178, 179, 0]

 ### Operon type: 50

	 A0A010JWJ1	[0, 268, 679, 0, 267, 266, 265, 264, 0]
	 A0A009I4A1	[0, 268, 679, 0, 267, 266, 265, 264, 0]

 ### Operon type: 51

	 A0A009QF22	[103, 102, 101, 0, 267, 266, 265, 264, 100]
	 A0A009TBY8	[103, 102, 101, 74, 267, 266, 265, 264, 100]

 ### Operon type: 52

	 A0A009ITT8	[156, 155, 154, 270, 269, 153, 152, 151, 150]

 ### Operon type: 53

	 A0A009NJ90	[156, 155, 154, 270, 0, 138, 153, 152, 151]

 ### Operon type: 54

	 A0A009HZK2	[271, 270, 269, 0, 0, 0, 0, 0, 0]

 ### Operon type: 55

	 A0A009IJ07	[273, 272, 271, 270, 269, 0, 0, 0, 0]

 ### Operon type: 56

	 A0A009S6G1	[273, 272, 271, 270, 269, 152, 151, 150, 142]

 ### Operon type: 57

	 A0A009S5A5	[269, 138, 153, 152, 151, 150, 56, 55, 142]

 ### Operon type: 58

	 A0A013TCN9	[452, 451, 450, 449, 448, 447, 446, 679, 671]
	 A0A009QNC9	[452, 451, 450, 449, 448, 447, 446, 679, 671]
	 A0A009NIJ3	[452, 451, 450, 449, 448, 447, 446, 679, 671]
	 A0A010ITG1	[452, 451, 450, 449, 448, 447, 446, 679, 671]
	 A0A013TRC1	[452, 451, 450, 449, 448, 447, 446, 679, 671]

 ### Operon type: 59

	 A0A009H935	[0, 0, 450, 449, 448, 447, 446, 679, 671]

 ### Operon type: 60

	 A0A009PJF7	[214, 213, 213, 212, 211, 210, 209, 208, 207]
	 A0A009SJZ7	[122, 214, 213, 212, 211, 210, 209, 208, 207]

 ### Operon type: 61

	 A0A009Z5G0	[210, 212, 213, 0, 311, 214, 122, 356]

 ### Operon type: 62

	 A0A010JJC1	[553, 425, 424, 423, 422, 421, 420, 430, 419]
	 A0A010IZ41	[425, 424, 423, 422, 421, 420, 430, 419, 367]

 ### Operon type: 63

	 A0A009QJL6	[553, 425, 424, 423, 0, 419, 367, 98, 0]

 ### Operon type: 64

	 A0A011P2I4	[692, 691, 690, 0, 0, 0, 0, 0, 0]
	 A0A011N9N8	[692, 691, 690, 0, 0, 0, 0, 0, 0]

 ### Operon type: 65

	 A0A009PIB4	[0, 0, 0, 169, 168, 167, 436, 679, 692]
	 A0A009SLR5	[0, 0, 0, 169, 168, 167, 436, 679, 692]

 ### Operon type: 66

	 A0A009HSU4	[0, 0, 382, 679, 0, 691, 635, 692, 436]

 ### Operon type: 67

	 A0A011SF89	[560, 559, 558, 0, 0, 0, 0, 0, 0]

 ### Operon type: 68

	 A0A011UCX7	[0, 544, 560, 559, 0, 558, 200, 0, 0]

 ### Operon type: 69

	 A0A011NYT4	[631, 630, 629, 628, 0, 472, 472, 471, 470]

 ### Operon type: 70

	 A0A011P8E9	[0, 0, 631, 630, 0, 629, 628, 0, 0]

 ### Operon type: 71

	 A0A010TF34	[0, -1, 0, 0, 33, 32, 31, 30, 29]
	 A0A010SYH9	[33, 32, 31, 30, 29, 0, 0, 0, 0]

 ### Operon type: 72

	 A0A010S7A1	[109, 108, 107, 106, 0, 105, 0, 0, 0]
	 A0A010TFJ4	[0, -1, 0, 109, 108, 107, 106, -1, 105]

 ### Operon type: 73

	 A0A009ICP5	[199, 371, 495, 198, 197, 0, 0, 195, 0]

 ### Operon type: 74

	 A0A009MMG9	[199, 371, 495, 198, 197, 0, 196, 195, 307]

 ### Operon type: 75

	 A0A009HTW0	[0, 124, 125, 0, 197, 0, 0, 195, 0]
	 A0A009QLL2	[0, 124, 125, 0, 197, 0, 0, 195, 0]

 ### Operon type: 76

	 A0A009SIV4	[123, 124, 125, 65, 197, 64, 0, 195, 307]

 ### Operon type: 77

	 A0A013TSJ4	[124, 125, 0, 65, 197, 0, 0, 195, 307]

 ### Operon type: 78

	 A0A009Z3V9	[679, 0, 0, 0, 0, 125, 381, 124, 123]

 ### Operon type: 79

	 A0A009T0Q9	[0, 0, 0, 0, 128, 333, 488, 679, 127]

 ### Operon type: 80

	 A0A009YJF4	[0, 471, 470, 26, 75, 488, 679, 0, 127]

 ### Operon type: 81

	 A0A009PAV9	[232, -1, 495, 231, 358, 436, 230, 229, 228]
	 A0A009HJC2	[232, 671, 495, 231, 358, 436, 230, 229, 228]

 ### Operon type: 82

	 A0A009SE02	[0, 228, 0, 0, 0, 229, 230, 436, 358]

 ### Operon type: 83

	 A0A011QNA5	[0, 654, 653, 652, 0, 651, 650, 649, 648]
	 A0A009ZLJ7	[648, 649, 650, 651, 0, 0, 654, 653, 652]

 ### Operon type: 84

	 A0A013T0T6	[651, 650, 649, 648, 467, 466, 465, 464, 463]
	 A0A009QMH5	[651, 650, 649, 648, 467, 466, 465, 464, 463]
	 A0A009HAX1	[651, 650, 649, 648, 467, 466, 465, 464, 463]

 ### Operon type: 85

	 A0A010ILW6	[651, 650, 649, 648, 467, 466, 0, 0, 464]

 ### Operon type: 86

	 A0A009Z9X7	[650, 649, 648, 0, 467, 0, 610, 0, 464]

 ### Operon type: 87

	 A0A009PE10	[0, 0, 0, 648, 467, 223, 465, 464, -1]

 ### Operon type: 88

	 A0A009RSB7	[635, 395, 621, 392, 215, 679, 679, 390, 389]
	 A0A009HS41	[635, 395, 621, 392, 215, 679, 679, 390, 389]
	 A0A009SYU8	[635, 395, 621, 392, 215, 679, 679, 390, 389]

 ### Operon type: 89

	 A0A010IT25	[635, 395, 621, 392, 391, 679, 679, 390, 389]
	 A0A013SHA9	[635, 395, 621, 392, 391, 679, 679, 390, 389]
	 A0A009I466	[635, 395, 621, 392, 391, 679, 679, 390, 389]

 ### Operon type: 90

	 A0A009NMQ9	[635, 395, 621, 392, 391, 0, 679, 679, 390]

 ### Operon type: 91

	 A0A009P8A9	[0, 0, 621, 392, 215, 679, 679, 390, 389]

 ### Operon type: 92

	 A0A011PGU1	[0, 0, 699, 698, 697, 696, 695, 694, 693]
	 A0A011MDH1	[469, 0, 699, 698, 697, 696, 695, 694, 693]

 ### Operon type: 93

	 A0A011V0P4	[260, 259, 0, 0, 290, 0, 0, 258, 257]

 ### Operon type: 94

	 A0A011WPV7	[258, 257, 0, 0, 0, 0, 0, 0, 0]

 ### Operon type: 95

	 A0A011RNP9	[0, 0, 0, 0, 0, 568, 567, 0, 0]

 ### Operon type: 96

	 A0A011V0B5	[563, 0, 0, 0, 0, 0, 568, 0, 0]

 ### Operon type: 97

	 A0A011RQC9	[0, 563, 562, 0, 0, 0, 0, 561, 0]

 ### Operon type: 98

	 A0A011QG28	[646, 645, 698, 0, 697, 696, 644, 643, 642]
	 A0A011RIM8	[646, 645, 0, 0, 697, 696, 644, 643, 642]

 ### Operon type: 99

	 A0A011PHI6	[641, 0, 676, 0, 0, 675, 664, 640, 0]

 ### Operon type: 100

	 A0A011QI68	[0, 0, 676, 675, 0, 0, 0, 0, 0]

 ### Operon type: 101

	 A0A011P700	[0, 0, 633, 632, 0, 0, 0, 0, 0]

 ### Operon type: 102

	 A0A011QSI4	[0, 0, 633, 632, 615, 0, 0, 0, 0]

 ### Operon type: 103

	 A0A011NVJ6	[475, 530, 529, 528, 527, 526, 0, 0, 474]

 ### Operon type: 104

	 A0A011PVP2	[0, 530, 529, 528, 527, 526, 0, 0, 688]

 ### Operon type: 105

	 A0A011NXY7	[0, 0, 529, 0, 527, 0, 0, 0, 0]

 ### Operon type: 106

	 A0A011QR69	[609, 608, 607, 606, 605, 604, 0, 0, 0]
	 A0A011NUB4	[609, 608, 607, 606, 605, 604, 0, 477, 0]

 ### Operon type: 107

	 A0A011NN36	[608, 607, 0, 0, 605, 604, 0, 0, 0]

 ### Operon type: 108

	 A0A011PK69	[607, 388, 0, 0, 605, 604, 0, 0, 0]

 ### Operon type: 109

	 A0A011RMI6	[575, 656, 655, 574, 573, 572, 571, 570, 569]
	 A0A011NYD6	[575, 656, 655, 574, 573, 572, 571, 570, 569]

 ### Operon type: 110

	 A0A011QB28	[531, 575, 656, 0, 0, 572, 571, 570, 569]

 ### Operon type: 111

	 A0A011NF33	[0, 572, 571, 0, 0, 0, 0, 0, 0]

 ### Operon type: 112

	 A0A011NBY4	[491, 0, 0, 490, 0, 0, 489, 0, 0]

 ### Operon type: 113

	 A0A011WRT0	[491, 0, 0, 0, 0, 0, 0, 636, 0]

 ### Operon type: 114

	 A0A011SHV5	[0, 0, 0, 0, 0, 554, 636, 553, 0]

 ### Operon type: 115

	 A0A011NB95	[0, 612, 0, 0, 0, 0, 495, 494, 493]

 ### Operon type: 116

	 A0A011UHT4	[98, 147, 494, 0, 0, 35, 35, 493, 0]

 ### Operon type: 117

	 A0A010Z1W7	[0, 0, 0, 0, 0, 67, 0, 243, 244]

 ### Operon type: 118

	 A0A011VY84	[0, 0, 244, 243, 0, 0, 0, 0, 0]

 ### Operon type: 119

	 A0A010YW85	[0, 0, 0, 0, 0, 314, 0, 243, 244]

 ### Operon type: 120

	 A0A010ZMA0	[243, 499, 0, 0, 0, 0, 0, 0, 0]

 ### Operon type: 121

	 A0A011N5L2	[0, 0, 0, 499, 0, 498, 497, 0, 0]

 ### Operon type: 122

	 A0A010SQJ5	[344, 198, 0, 299, 298, 297, 0, 0, 0]

 ### Operon type: 123

	 A0A010STD3	[0, 0, 0, 299, 298, 297, 0, 390, 350]

 ### Operon type: 124

	 A0A011TD67	[300, 0, 0, 299, 298, 297, 296, 0, 295]

 ### Operon type: 125

	 A0A009ZC12	[0, 0, 0, 299, 0, 297, 296, 3, 618]

 ### Operon type: 126

	 A0A010RFQ9	[0, 0, 508, 0, 507, 0, 0, 0, 0]

 ### Operon type: 127

	 A0A010SPR9	[24, 24, 0, 0, 0, 507, 0, 0, 0]

 ### Operon type: 128

	 A0A013S288	[0, 0, 0, 348, 358, 347, 346, 0, 345]
	 A0A010J3I1	[0, 0, 0, 348, 358, 347, 346, 0, 345]

 ### Operon type: 129

	 A0A013SXT2	[278, 277, 276, 348, 358, 347, 346, 275, 345]
	 A0A009PWG1	[278, 277, 276, 348, 358, 347, 346, 275, 345]

 ### Operon type: 130

	 A0A009ZJK4	[0, 0, 0, 0, 0, 0, 395, 20, 0]

 ### Operon type: 131

	 A0A010SVN1	[-1, 20, 679, 193, 233, 0, 0, 395, 0]

 ### Operon type: 132

	 A0A009IMX3	[401, 0, 399, 0, 397, 113, 113, 636, 112]
	 A0A009SF48	[401, 0, 399, 0, 397, -1, 113, 636, 112]

 ### Operon type: 133

	 A0A009QEX0	[401, 400, 399, 398, 397, 113, 113, 636, 112]

 ### Operon type: 134

	 A0A010ISX2	[401, 400, 399, 398, 397, 396, 395, 394, 393]
	 A0A013S7V1	[401, 400, 399, 398, 397, 396, 395, 394, 393]
	 A0A009RES7	[401, 400, 399, 398, 397, 396, 395, 394, 393]
	 A0A009MR00	[401, 400, 399, 398, 397, 396, 395, 394, 393]

 ### Operon type: 135

	 A0A009GYP9	[0, 0, 0, 398, 397, 396, 395, 394, 393]

 ### Operon type: 136

	 A0A009YTT3	[0, 0, 0, 0, 0, 0, 395, 394, 393]

 ### Operon type: 137

	 A0A009PFK7	[222, 221, 220, 219, 218, 0, 0, 217, 0]
	 A0A009QGN4	[222, 221, 220, 219, 218, 217, 0, 0, 0]

 ### Operon type: 138

	 A0A009YR20	[0, 217, 0, 0, 0, 0, 221, 0, 0]

 ### Operon type: 139

	 A0A013SB36	[339, 338, 337, 336, 335, 0, 470, 334, 333]
	 A0A009QSI3	[339, 338, 337, 336, 335, 0, 470, 334, -1]

 ### Operon type: 140

	 A0A010ITP2	[339, 338, 337, 336, 335, 0, 470, 0, 0]

 ### Operon type: 141

	 A0A009SII9	[-1, 338, 337, 336, 0, 0, 0, 0, 128]

 ### Operon type: 142

	 A0A009HZV2	[0, 0, 0, 0, 173, 172, 138, 0, 0]

 ### Operon type: 143

	 A0A009QPE7	[0, 0, 0, 0, 173, 172, 0, 0, 0]

 ### Operon type: 144

	 A0A009GXL8	[78, 77, 76, 0, 75, 74, 137, 136, 135]

 ### Operon type: 145

	 A0A010JIW7	[78, 77, 76, 0, 75, 0, 0, 137, 136]

 ### Operon type: 146

	 A0A009MGR3	[0, 0, 186, 0, 461, 55, 51, 226, 225]

 ### Operon type: 147

	 A0A009Q4G0	[0, 187, 186, 0, 461, 0, 226, 225, 226]

 ### Operon type: 148

	 A0A009PUJ8	[0, 227, 0, 0, 0, 224, 137, 136, 135]

 ### Operon type: 149

	 A0A009QJA8	[136, 135, 0, 0, 0, 0, 0, 0, 0]

 ### Operon type: 150

	 A0A009PB53	[0, 0, 227, 0, 0, 226, 225, 226, 224]

 ### Operon type: 151

	 A0A013SNJ8	[395, 0, 0, 360, 359, 358, 367, 0, 0]
	 A0A013RZW2	[395, 349, 0, 360, 359, 358, 367, 0, 0]
	 A0A010J9U3	[395, 0, 0, 360, 359, 358, 367, 0, 0]
	 A0A009SIZ4	[395, 349, 0, 360, 359, 0, 367, 149, 0]
	 A0A009RD69	[395, 349, 0, 360, 359, 358, 367, 149, 0]

 ### Operon type: 152

	 A0A009PH20	[0, 0, 411, 360, 359, 358, 367, 0, 0]
	 A0A009IV03	[0, 0, 411, 360, 359, 0, 367, 0, 0]

 ### Operon type: 153

	 A0A009YIZ0	[395, 349, 411, 360, 359, 358, 367, 149, 70]

 ### Operon type: 154

	 A0A009QA91	[183, 182, 635, 679, 328, 328, 181, 375, 193]
	 A0A010J377	[183, 182, 635, 679, 328, 328, 181, 375, 193]

 ### Operon type: 155

	 A0A009MVG4	[194, 0, 329, 679, 328, 328, 0, 375, 193]
	 A0A009QQC0	[0, 0, 194, 679, 328, 328, 0, 375, 193]

 ### Operon type: 156

	 A0A009H7I0	[0, 0, 0, 679, 328, 328, 181, 375, 193]

 ### Operon type: 157

	 A0A009S1X4	[183, 182, 635, 679, 328, 328, 679, 0, 57]

 ### Operon type: 158

	 A0A013SHF4	[0, 0, 329, 679, 328, 328, 0, 327, 0]

 ### Operon type: 159

	 A0A009H7U0	[410, 644, 0, 409, 408, 407, 406, 0, 0]

 ### Operon type: 160

	 A0A010IMP8	[410, 0, 0, 409, 408, 407, 406, 0, 405]

 ### Operon type: 161

	 A0A013SZ54	[410, 0, 274, 409, 408, 0, 0, 0, 0]

 ### Operon type: 162

	 A0A009ZM43	[-1, 644, 274, 409, 408, 407, 406, 59, 405]

 ### Operon type: 163

	 A0A009YSC7	[0, 0, 489, 1, 0, 1, 352, 351, 0]

 ### Operon type: 164

	 A0A013RVV2	[452, 0, 352, 351, 0, 0, 0, 350, 0]

 ### Operon type: 165

	 A0A011Q5S3	[659, 552, 0, 0, 0, 0, 551, 550, 549]

 ### Operon type: 166

	 A0A011UZZ4	[0, 551, 550, 0, 0, 0, 261, 261, 549]

 ### Operon type: 167

	 A0A010YKP2	[0, 0, 0, 0, 0, 0, 474, 256, 0]

 ### Operon type: 168

	 A0A011V1A2	[259, 0, 0, 256, 0, 0, 0, 0, 0]

 ### Operon type: 169

	 A0A011Q2B1	[0, 0, 0, 0, 0, 579, 578, 577, 717]

 ### Operon type: 170

	 A0A011RLN8	[0, 0, 0, 580, 613, 579, 578, 577, 717]

 ### Operon type: 171

	 A0A011NGS0	[0, 0, 0, 0, 523, 623, 0, 0, 0]

 ### Operon type: 172

	 A0A011PW61	[0, 0, 0, 0, 523, 623, 0, 0, 522]

 ### Operon type: 173

	 A0A011UXI1	[0, 386, 0, 0, 523, 623, 294, 0, 0]

 ### Operon type: 174

	 A0A011SWI9	[-1, -1, 0, 641, 523, 623, 294, -1, -1]

 ### Operon type: 175

	 A0A011P952	[623, 0, 622, 0, 0, 622, 0, 0, 0]

 ### Operon type: 176

	 A0A011NSG8	[0, 0, 0, 640, 479, 478, 0, 479, 0]

 ### Operon type: 177

	 A0A011P0X4	[0, 0, 469, 0, 479, 0, 0, 478, 38]

 ### Operon type: 178

	 A0A009MJ75	[0, 0, 163, 162, 161, 0, 0, 0, 500]

 ### Operon type: 179

	 A0A010IH51	[0, 307, 0, 0, 161, 0, 500, 0, 0]

 ### Operon type: 180

	 A0A010YNY9	[0, 0, 68, 17, 0, 0, 0, 0, 39]

 ### Operon type: 181

	 A0A011AC71	[57, 0, 0, 235, 0, 68, 17, 0, 635]

 ### Operon type: 182

	 A0A011QLX0	[0, 658, 0, 0, 657, 0, 656, 655, 0]
	 A0A011PRW6	[658, 0, 0, 0, 657, 656, 655, 0, 0]

 ### Operon type: 183

	 A0A010SML6	[0, 656, 655, -1, 0, 639, 0, 0, 0]

 ### Operon type: 184

	 A0A009P817	[185, 0, 0, 0, 166, 0, 316, 165, 164]

 ### Operon type: 185

	 A0A009TIY0	[0, 0, 0, 0, 166, 0, 316, 165, 0]

 ### Operon type: 186

	 A0A009QKA3	[316, 165, 0, 164, 0, 0, 0, 0, 222]

 ### Operon type: 187

	 A0A009S854	[-1, 0, 0, 134, 354, 0, 0, 0, 353]

 ### Operon type: 188

	 A0A013RMD0	[-1, 0, 503, 0, 354, 508, 0, 0, 353]

 ### Operon type: 189

	 A0A009HFU9	[0, 86, 0, 0, 85, 436, 0, 0, 0]
	 A0A009R016	[0, 86, 0, 0, 85, -1, 436, 0, 0]

 ### Operon type: 190

	 A0A009HSR2	[0, 62, 61, 0, 60, 189, 190, 138, 191]

 ### Operon type: 191

	 A0A009SWM1	[0, 62, 61, 0, 60, 0, 0, 190, 0]

 ### Operon type: 192

	 A0A009MYX0	[192, 191, 0, 382, 0, 0, 190, 189, 188]

 ### Operon type: 193

	 A0A009QK79	[0, 0, 188, 189, 0, 190, 0, 0, 191]

 ### Operon type: 194

	 A0A009GXJ1	[255, 254, 189, 190, 79, 138, 191, 192, 0]

 ### Operon type: 195

	 A0A013TKW8	[0, 715, 0, 436, 435, 434, 433, 432, 431]
	 A0A010IT95	[0, 0, 0, 436, 435, 434, 433, 432, 431]
	 A0A009QT77	[0, 0, -1, 436, 435, 434, 433, 432, 431]
	 A0A009PRQ9	[0, 436, 170, 0, 435, 434, 433, 432, 431]
	 A0A009MH36	[0, 0, 0, 436, 435, 434, 433, 432, 431]
	 A0A009GWD0	[138, 0, 0, 436, 435, 434, 433, 432, 431]
	 A0A009S0T6	[0, 0, 436, 170, 435, 434, 433, 432, 431]
	 A0A009I5G9	[0, 0, 436, 170, 435, 434, 433, 432, 431]

 ### Operon type: 196

	 A0A013TMJ7	[671, -1, 0, 436, 435, 432, 431, 0, 0]

 ### Operon type: 197

	 A0A009HJJ5	[374, 429, 428, 0, 427, 426, 0, 628, 50]
	 A0A009I8I7	[374, 429, 428, 52, 427, 426, 0, 628, 50]

 ### Operon type: 198

	 A0A010JJN4	[0, 429, 428, 0, 427, 426, 0, 628, 497]
	 A0A013TPR7	[374, 429, 428, 0, 427, 426, 0, 628, 497]
	 A0A009PMT3	[374, 429, 428, 0, 427, 426, 171, 628, 497]
	 A0A009RMI1	[0, 429, 428, 0, 427, 426, 0, 628, 0]
	 A0A009YG45	[0, 374, 429, 428, 427, 0, 426, 171, 628]

 ### Operon type: 199

	 A0A009SEP4	[374, 429, 428, 52, 427, 0, 426, 171, 0]

 ### Operon type: 200

	 A0A009NI48	[374, 429, 428, 0, 427, 0, 0, 0, -1]

 ### Operon type: 201

	 A0A011WLE7	[0, 0, 0, 0, 0, 237, 0, 0, 0]
	 A0A011VU44	[0, 0, 0, 0, 0, 237, 0, 0, 0]

 ### Operon type: 202

	 A0A011VAP2	[0, 0, 143, 0, 0, 0, 0, 0, 289]

 ### Operon type: 203

	 A0A011VRJ8	[0, 0, 0, 0, 0, 0, 143, 0, 0]

 ### Operon type: 204

	 A0A011RNU1	[0, 0, 0, 0, 0, 0, 566, 566, 565]

 ### Operon type: 205

	 A0A011VKJ9	[0, 0, 0, 0, 0, 0, 565, 566, -1]

 ### Operon type: 206

	 A0A011WT35	[357, 0, 0, 0, 0, 0, 0, 0, 0]
	 A0A011V490	[0, 357, 0, 0, 0, 0, 0, 0, 0]

 ### Operon type: 207

	 A0A009T185	[608, 0, 582, 582, 403, 607, 582, 402, 526]

 ### Operon type: 208

	 A0A010IN36	[404, 671, 0, 0, 403, 607, 582, 402, 526]

 ### Operon type: 209

	 A0A009PG43	[607, 582, 216, 625, 0, 402, 526, 0, 0]

 ### Operon type: 210

	 A0A011PQZ7	[0, 0, 0, 594, 593, 0, 592, 0, 0]

 ### Operon type: 211

	 A0A011TUX4	[0, 0, 0, 0, 593, 0, 0, 592, 0]

 ### Operon type: 212

	 A0A011STZ9	[0, 0, 0, 592, 0, 0, 0, 0, 0]

 ### Operon type: 213

	 A0A011PUJ9	[0, 0, 0, 0, 0, 0, 0, 0, 689]
	 A0A011PRF5	[689, 0, 0, 0, 0, 0, 0, 0, 0]

 ### Operon type: 214

	 A0A011PFY8	[0, 0, 0, 0, 0, 0, 0, 0, 709]

 ### Operon type: 215

	 A0A011PNS3	[625, 709, 0, 0, 0, 0, 0, 0, 0]

 ### Operon type: 216

	 A0A011T648	[0, 709, 0, 0, 0, 0, 0, 607, 0]

 ### Operon type: 217

	 A0A011U3C2	[0, 0, 644, 0, 0, 0, 0, 0, 0]
	 A0A011AEN3	[0, 0, 0, 0, 0, 0, 644, 0, 0]

 ### Operon type: 218

	 A0A011AAZ2	[0, 41, 0, 0, 0, 644, 644, 644, 0]

 ### Operon type: 219

	 A0A011T698	[0, 0, 0, 0, 0, 635, 644, 0, 0]

 ### Operon type: 220

	 A0A009SNL0	[54, 53, 0, 0, 0, 0, 0, 0, 0]

 ### Operon type: 221

	 A0A009ZZC8	[-1, 53, 54, 0, 0, 0, 0, 0, 0]

 ### Operon type: 222

	 A0A009ZG48	[0, 0, 0, 715, 0, 0, 0, 0, 0]

 ### Operon type: 223

	 A0A011PEJ8	[0, 0, 716, 715, 0, 0, 0, 0, 0]

 ### Operon type: 224

	 A0A011QNJ7	[647, 0, 0, 715, 0, 0, 0, 647, 0]

 ### Operon type: 225

	 A0A011MMJ4	[0, 0, 0, 0, 0, 0, 0, 647, 0]

 ### Operon type: 226

	 A0A011R8M3	[0, 0, 716, 715, 0, 293, 0, 647, 0]

 ### Operon type: 227

	 A0A009TJ77	[0, 133, 0, 0, 0, 0, 0, 0, 0]

 ### Operon type: 228

	 A0A010RTE7	[0, 0, 0, 0, 0, 0, 30, 133, 0]

 ### Operon type: 229

	 A0A013TPQ9	[380, 379, 378, 377, 376, 679, 671, 375, 498]
	 A0A013S8F0	[380, 379, 378, 377, 376, 679, 671, 375, 498]
	 A0A009PMU2	[380, 379, 378, -1, 376, 679, 671, 375, 498]
	 A0A009SZ84	[380, 379, 378, 377, 376, 679, 671, 375, 498]

 ### Operon type: 230

	 A0A009IG48	[0, 0, 0, 115, 114, 0, 0, 0, 639]

 ### Operon type: 231

	 A0A009IMQ0	[0, 0, 0, 115, 114, 0, 0, 0, 0]

 ### Operon type: 232

	 A0A009SWV1	[0, 0, 0, 0, 0, 0, 0, 115, 0]

 ### Operon type: 233

	 A0A011TAW2	[0, 0, 0, 0, 0, 0, 278, 0, 0]
	 A0A009SFX8	[278, 0, 0, 0, 0, 0, 0, 0, 0]

 ### Operon type: 234

	 A0A011TZN1	[0, 0, 0, 0, 245, 0, 0, 0, 0]
	 A0A009RHH9	[0, 0, 0, 0, 245, 0, 0, 0, 0]

 ### Operon type: 235

	 A0A009Q512	[0, 0, 0, 0, 184, 0, 0, 0, 0]
	 A0A009PMZ9	[184, 0, 0, 0, 0, 0, 0, 0, 0]

 ### Operon type: 236

	 A0A009IFL2	[0, 43, 0, 42, -1, 0, 0, 0]

 ### Operon type: 237

	 A0A009ZDS1	[-1, -1, 0, 43, 0, 0, 425, 0, 0]

 ### Operon type: 238

	 A0A009NPS1	[0, 379, 378, 377, 376, -1, 0, 0, 0]
	 A0A010IZH1	[-1, 379, 378, 377, 376, 679, 0, 0, 0]
	 A0A009HJM0	[0, 379, 378, 377, 376, 679, 0, 0, 0]

 ### Operon type: 239

	 A0A009HUS9	[379, 378, 0, 0, 0, 0, -1, 0, 0]

 ### Operon type: 240

	 A0A009HM15	[0, 141, 140, 0, 0, 0, -1, 0, 0]

 ### Operon type: 241

	 A0A009RQL5	[0, 0, 0, 0, 0, 0, 141, 140, 0]

 ### Operon type: 242

	 A0A009IJ01	[0, 0, 0, 0, 0, 0, 141, 140, 139]

 ### Operon type: 243

	 A0A009NCH6	[0, 0, 0, 0, 0, 0, 0, 140, 139]

 ### Operon type: 244

	 A0A011UB51	[242, 0, 0, 0, 0, 0, 0, 0, 0]
	 A0A011UFH1	[0, 0, 0, 0, 0, 242, 0, 0, 0]

 ### Operon type: 245

	 A0A011V965	[0, -1, -1, 0, 144, 0, -1, -1, 0]
	 A0A011VHP2	[0, -1, -1, -1, 144, 0, 0, 0, 0]

 ### Operon type: 246

	 A0A010RVD0	[-1, 0, 0, -1, 0, 616, 616, 0, 25]

 ### Operon type: 247

	 A0A010T7Q5	[0, 25, 0, 0, 0, 0, -1, 0, 0]

 ### Operon type: 248

	 A0A010SNM6	[0, 0, -1, 0, 0, 0, 671, 0, 0]
	 A0A010SRR2	[0, 0, -1, 0, 0, 0, 0, 0, 671]

 ### Operon type: 249

	 A0A010SJH7	[0, 0, 671, -1, 0, 0, 181, 0, 0]

 ### Operon type: 250

	 A0A010RKP8	[0, 0, 0, 0, 0, 0, -1, 0, 0]
	 A0A009RG92	[-1, 0, 0, 0, 0, 0, 0, 0, 0]
	 A0A011V107	[0, -1, 0, 0, 0, 0, 0, 0, 0]
	 A0A009PH57	[0, 0, -1, 0, 0, 0, 0, 0, 0]
	 A0A011U7M7	[0, 0, -1, 0, 0, 0, 0, 0, 0]
	 A0A009N9Z1	[-1, 0, 0, 0, 0, 0, 0, 0, 0]
	 A0A009QDV7	[-1, 0, 0, 0, 0, 0, 0, 0, 0]
	 A0A010JDA6	[-1, 0, 0, 0, 0, 0, 0, 0, 0]
	 A0A009H6M2	[-1, 0, 0, 0, 0, 0, 0, 0, 0]
	 A0A010TF14	[-1, 0, 0, 0, 0, 0, 0, 0, 0]
	 A0A010RY47	[-1, 0, -1, 0, 0, 0, 0, 0, 0]
	 A0A009HJU6	[0, 0, 0, 0, 0, 0, 0, 0, -1]
	 A0A009IHQ3	[-1, 0, 0, 0, 0, 0, 0, 0, 0]
	 A0A011UZ32	[0, 0, 0, 0, 0, -1, 0, 0, 0]
	 A0A011UZ49	[0, -1, 0, 0, 0, 0, 0, 0, 0]
	 A0A009TG92	[0, 0, -1, 0, 0, 0, 0, 0, 0]

 ### Operon type: 251

	 A0A010SJF9	[0, 0, 0, 0, 0, -1, 0, 69, -1]

 ### Operon type: 252

	 A0A010T5D8	[0, 0, 0, -1, 0, -1, 367, 0, 0]

 ### Operon type: 253

	 A0A011ML54	[0, 0, 0, 487, 0, 0, 0, 0, -1]

 ### Operon type: 254

	 A0A011NHY1	[0, 0, 0, 0, 0, 671, 0, 0, 0]

 ### Operon type: 255

	 A0A010Z171	[0, 0, 0, 0, 0, 0, 671, 0, 382]

 ### Operon type: 256

	 A0A010ZX98	[0, 0, 0, 0, 0, 10, 671, 671, 0]

 ### Operon type: 257

	 A0A010YRE8	[0, 0, 0, 0, 0, 0, 0, 10, 0]

 ### Operon type: 258

	 A0A011AF05	[0, 0, 57, 10, 0, 0, 0, 0, 0]

 ### Operon type: 259

	 A0A011SQL0	[638, 0, -1, 0, 0, 0, 0, 0, 0]

 ### Operon type: 260

	 A0A009ZC82	[0, 0, 638, 0, 0, 0, 0, 0, 0]

 ### Operon type: 261

	 A0A011P3F6	[639, 0, 0, 638, 0, 0, 0, 0, 0]

 ### Operon type: 262

	 A0A011T697	[671, 0, 0, 0, 0, 0, 0, 0, 316]

 ### Operon type: 263

	 A0A011TDD1	[0, 234, 671, 0, 0, 0, 0, 0, 0]

 ### Operon type: 264

	 A0A011VW24	[0, 0, 611, 0, 0, 0, 0, 0, -1]

 ### Operon type: 265

	 A0A011T8V3	[0, 0, 611, 0, 0, 0, 0, 0, 0]

 ### Operon type: 266

	 A0A010TH98	[522, 0, 0, 611, 0, 0, 0, 0, 0]

 ### Operon type: 267

	 A0A011QVR3	[0, 0, 0, 0, 0, 0, 0, 612, 611]

 ### Operon type: 268

	 A0A011RM25	[0, 0, 0, 0, 0, 611, 0, 576, 0]

 ### Operon type: 269

	 A0A011VXC2	[-1, 322, 0, 0, 0, 0, 0, 0, 0]

 ### Operon type: 270

	 A0A011VYF1	[611, 0, 0, 0, 0, 0, 242, 0, 0]

 ### Operon type: 271

	 A0A010S415	[-1, 611, 0, 193, 0, 0, 0, 0, 414]

 ### Operon type: 272

	 A0A011PBM9	[0, 0, 0, 0, 0, 0, 0, 0, 0]
	 A0A011QMJ8	[0, 0, 0, 0, 0, 0, 0, 0, 0]
	 A0A011P4U7	[0, 0, 0, 0, 0, 0, 0, 0, 0]
	 A0A011P9Z5	[0, 0, 0, 0, 0, 0, 0, 0, 0]
	 A0A011QSN2	[0, 0, 0, 0, 0, 0, 0, 0, 0]
	 A0A011SGD5	[0, 0, 0, 0, 0, 0, 0, 0, 0]
	 A0A011Q056	[0, 0, 0, 0, 0, 0, 0, 0, 0]
	 A0A011Q1B3	[0, 0, 0, 0, 0, 0, 0, 0, 0]
	 A0A011NAJ1	[0, 0, 0, 0, 0, 0, 0, 0, 0]
	 A0A011NAY5	[0, 0, 0, 0, 0, 0, 0, 0, 0]
	 A0A011NDM5	[0, 0, 0, 0, 0, 0, 0, 0, 0]
	 A0A011NMI8	[0, 0, 0, 0, 0, 0, 0, 0, 0]
	 A0A011NTU3	[0, 0, 0, 0, 0, 0, 0, 0, 0]
	 A0A011QVV5	[0, 0, 0, 0, 0, 0, 0, 0, 0]
	 A0A011N2Z0	[0, 0, 0, 0, 0, 0, 0, 0, 0]
	 A0A011N3C3	[0, 0, 0, 0, 0, 0, 0, 0, 0]
	 A0A011N4G4	[0, 0, 0, 0, 0, 0, 0, 0, 0]
	 A0A013T8M5	[0, 0, 0, 0, 0, 0, 0, 0, 0]
	 A0A013TEV4	[0, 0, 0, 0, 0, 0, 0, 0, 0]
	 A0A010IPH1	[0, 0, 0, 0, 0, 0, 0, 0, 0]
	 A0A011PKU5	[0, 0, 0, 0, 0, 0, 0, 0, 0]
	 A0A011PJK8	[0, 0, 0, 0, 0, 0, 0, 0, 0]
	 A0A011PNN2	[0, 0, 0, 0, 0, 0, 0, 0, 0]
	 A0A013TPV4	[0, 0, 0, 0, 0, 0, 0, 0, 0]
	 A0A013SL47	[0, 0, 0, 0, 0, 0, 0, 0, 0]
	 A0A011WUT3	[0, 0, 0, 0, 0, 0, 0, 0, 0]
	 A0A013S2B9	[0, 0, 0, 0, 0, 0, 0, 0, 0]
	 A0A013SBR8	[0, 0, 0, 0, 0, 0, 0, 0, 0]
	 A0A011TWN2	[0, 0, 0, 0, 0, 0, 0, 0, 0]
	 A0A011WSE5	[0, 0, 0, 0, 0, 0, 0, 0, 0]
	 A0A011UHL2	[0, 0, 0, 0, 0, 0, 0, 0, 0]
	 A0A011VYF6	[0, 0, 0, 0, 0, 0, 0, 0, 0]
	 A0A011VWR4	[0, 0, 0, 0, 0, 0, 0, 0, 0]
	 A0A011WKI4	[0, 0, 0, 0, 0, 0, 0, 0, 0]
	 A0A011TAF9	[0, 0, 0, 0, 0, 0, 0, 0, 0]
	 A0A011TLH0	[0, 0, 0, 0, 0, 0, 0, 0, 0]
	 A0A009PDV4	[0, 0, 0, 0, 0, 0, 0, 0, 0]
	 A0A009PG53	[0, 0, 0, 0, 0, 0, 0, 0, 0]
	 A0A011UBN9	[0, 0, 0, 0, 0, 0, 0, 0, 0]
	 A0A009MMM3	[0, 0, 0, 0, 0, 0, 0, 0, 0]
	 A0A009N031	[0, 0, 0, 0, 0, 0, 0, 0, 0]
	 A0A009N123	[0, 0, 0, 0, 0, 0, 0, 0, 0]
	 A0A009QQ47	[0, 0, 0, 0, 0, 0, 0, 0, 0]
	 A0A009PT82	[0, 0, 0, 0, 0, 0, 0, 0, 0]
	 A0A009NQA1	[0, 0, 0, 0, 0, 0, 0, 0, 0]
	 A0A009ISY0	[0, 0, 0, 0, 0, 0, 0, 0, 0]
	 A0A009M4K0	[0, 0, 0, 0, 0, 0, 0, 0, 0]
	 A0A009MGJ1	[0, 0, 0, 0, 0, 0, 0, 0, 0]
	 A0A009MGQ8	[0, 0, 0, 0, 0, 0, 0, 0, 0]
	 A0A011VZG0	[0, 0, 0, 0, 0, 0, 0, 0, 0]
	 A0A011VW71	[0, 0, 0, 0, 0, 0, 0, 0, 0]
	 A0A011V8Y9	[0, 0, 0, 0, 0, 0, 0, 0, 0]
	 A0A009MH90	[0, 0, 0, 0, 0, 0, 0, 0, 0]
	 A0A009Q3K7	[0, 0, 0, 0, 0, 0, 0, 0, 0]
	 A0A010IZE4	[0, 0, 0, 0, 0, 0, 0, 0, 0]
	 A0A009T1I8	[0, 0, 0, 0, 0, 0, 0, 0, 0]
	 A0A009I0I9	[0, 0, 0, 0, 0, 0, 0, 0, 0]
	 A0A009IRJ6	[0, 0, 0, 0, 0, 0, 0, 0, 0]
	 A0A010SHY1	[0, 0, 0, 0, 0, 0, 0, 0, 0]
	 A0A011VMV7	[0, 0, 0, 0, 0, 0, 0, 0, 0]
	 A0A011VNE2	[0, 0, 0, 0, 0, 0, 0, 0, 0]
	 A0A011VSC9	[0, 0, 0, 0, 0, 0, 0, 0, 0]
	 A0A011VUV0	[0, 0, 0, 0, 0, 0, 0, 0, 0]
	 A0A009HBT3	[0, 0, 0, 0, 0, 0, 0, 0, 0]
	 A0A009SWU0	[0, 0, 0, 0, 0, 0, 0, 0, 0]
	 A0A009RR21	[0, 0, 0, 0, 0, 0, 0, 0, 0]
	 A0A009HTN9	[0, 0, 0, 0, 0, 0, 0, 0, 0]
	 A0A009HIL8	[0, 0, 0, 0, 0, 0, 0, 0, 0]
	 A0A009SCM5	[0, 0, 0, 0, 0, 0, 0, 0, 0]
	 A0A009RHH7	[0, 0, 0, 0, 0, 0, 0, 0, 0]
	 A0A009RMD0	[0, 0, 0, 0, 0, 0, 0, 0, 0]
	 A0A009HL81	[0, 0, 0, 0, 0, 0, 0, 0, 0]
	 A0A009I463	[0, 0, 0, 0, 0, 0, 0, 0, 0]
	 A0A011UTJ0	[0, 0, 0, 0, 0, 0, 0, 0, 0]
	 A0A011UWH1	[0, 0, 0, 0, 0, 0, 0, 0, 0]
	 A0A009R2X0	[0, 0, 0, 0, 0, 0, 0, 0, 0]
	 A0A009R4N4	[0, 0, 0, 0, 0, 0, 0, 0, 0]
	 A0A009RBQ2	[0, 0, 0, 0, 0, 0, 0, 0, 0]
	 A0A009QVK8	[0, 0, 0, 0, 0, 0, 0, 0, 0]
	 A0A011UFM5	[0, 0, 0, 0, 0, 0, 0, 0, 0]
	 A0A011UG71	[0, 0, 0, 0, 0, 0, 0, 0, 0]
	 A0A011UGX8	[0, 0, 0, 0, 0, 0, 0, 0, 0]
	 A0A009PAG1	[0, 0, 0, 0, 0, 0, 0, 0, 0]
	 A0A009SHB3	[0, 0, 0, 0, 0, 0, 0, 0, 0]
	 A0A009SIF9	[0, 0, 0, 0, 0, 0, 0, 0, 0]
	 A0A010SPJ7	[0, 0, 0, 0, 0, 0, 0, 0, 0]
	 A0A010SSQ8	[0, 0, 0, 0, 0, 0, 0, 0, 0]
	 A0A010T025	[0, 0, 0, 0, 0, 0, 0, 0, 0]
	 A0A010ZJQ6	[0, 0, 0, 0, 0, 0, 0, 0, 0]
	 A0A010YJA7	[0, 0, 0, 0, 0, 0, 0, 0, 0]
	 A0A010ZTI3	[0, 0, 0, 0, 0, 0, 0, 0, 0]
	 A0A011A146	[0, 0, 0, 0, 0, 0, 0, 0, 0]
	 A0A011AIL7	[0, 0, 0, 0, 0, 0, 0, 0, 0]
	 A0A010YZS8	[0, 0, 0, 0, 0, 0, 0, 0, 0]
	 A0A010Z120	[0, 0, 0, 0, 0, 0, 0, 0, 0]
	 A0A009T3J5	[0, 0, 0, 0, 0, 0, 0, 0, 0]

 ### Operon type: 273

	 A0A010TG27	[485, 0, 34, 0, 0, 0, 679, 0, 0]

 ### Operon type: 274

	 A0A011PMK1	[0, 0, 0, 0, 0, 0, 0, 485, 0]

 ### Operon type: 275

	 A0A009HRU1	[0, 189, 0, 0, 0, 0, 0, 0, 0]

 ### Operon type: 276

	 A0A009HSN8	[0, 187, 0, 0, 0, -1, 0, 224, -1]

 ### Operon type: 277

	 A0A009HV82	[137, 0, 0, 0, 0, 0, 0, 0, 0]

 ### Operon type: 278

	 A0A009IG74	[0, 0, 162, 0, 358, -1, 0, 0, 0]

 ### Operon type: 279

	 A0A009IJ90	[0, 47, 0, 0, 0, 0, 0, 0, 0]

 ### Operon type: 280

	 A0A009ISE1	[426, 0, 628, 0, 0, -1, 0, 0, 0]

 ### Operon type: 281

	 A0A009NM94	[0, 557, 557, 0, 0, 0, 234, 0, 0]

 ### Operon type: 282

	 A0A009Q4N5	[0, 0, 185, 0, 0, 0, 0, 0, 0]

 ### Operon type: 283

	 A0A009SSZ9	[0, 63, 0, 0, 0, 0, 0, 0, 0]

 ### Operon type: 284

	 A0A009TBM2	[0, 0, 0, 0, 0, 0, 0, 0, 345]

 ### Operon type: 285

	 A0A009Q8S9	[0, 0, 639, 345, 0, 304, 0, 0, 0]

 ### Operon type: 286

	 A0A009YIH1	[0, 0, 0, 0, 142, 0, -1, -1, 2]

 ### Operon type: 287

	 A0A009YR05	[0, 0, 0, 0, 40, 0, 0, 0, 0]

 ### Operon type: 288

	 A0A009Z004	[126, 0, 126, 0, 0, 382, 0, 0, 0]

 ### Operon type: 289

	 A0A010IGH8	[0, 0, 0, 0, 0, 0, 0, 350, 0]

 ### Operon type: 290

	 A0A010JIN9	[423, 0, 0, 133, 174, 0, 0, 0, 0]

 ### Operon type: 291

	 A0A010RS09	[0, 0, 0, 0, 30, 0, 506, 506, 0]

 ### Operon type: 292

	 A0A010RUQ5	[0, 0, 0, 0, 0, 0, 0, 0, 206]

 ### Operon type: 293

	 A0A010S195	[638, 0, 67, 66, 0, 0, 0, 0, 0]

 ### Operon type: 294

	 A0A010SCZ2	[0, 0, 0, 0, 0, 0, 0, 288, 0]

 ### Operon type: 295

	 A0A010SN41	[0, 0, 0, 0, 285, 0, 0, 0, 0]

 ### Operon type: 296

	 A0A010SSU2	[0, 0, 0, 0, 79, 0, -1, 624, 0]

 ### Operon type: 297

	 A0A010SUP6	[0, 0, 0, 0, 0, 0, 0, 66, 0]

 ### Operon type: 298

	 A0A010SUY9	[0, 0, 0, 0, 0, 293, 716, 0]

 ### Operon type: 299

	 A0A010THK2	[0, 0, -1, 0, 0, 506, 382, 0, 0]

 ### Operon type: 300

	 A0A010SRL4	[34, 0, 0, -1, 0, 0, 0, 382, 111]

 ### Operon type: 301

	 A0A010YF95	[549, 0, 0, 0, 0, 0, 0, 0, 0]

 ### Operon type: 302

	 A0A010YT39	[0, 484, 0, 0, 0, 0, 0, 0, 0]

 ### Operon type: 303

	 A0A010YX61	[331, 644, 0, 611, 0, 0, 0, 0, 0]

 ### Operon type: 304

	 A0A010ZWJ8	[0, 0, 0, 0, 0, 627, 0, 0, 0]

 ### Operon type: 305

	 A0A009ZVR4	[562, 0, 644, 0, 0, 28, 0, 0, 0]

 ### Operon type: 306

	 A0A011AHW1	[0, 0, 0, 0, 0, 0, 0, 11, 0]

 ### Operon type: 307

	 A0A011NE37	[274, 0, 0, 0, 0, 0, 0, 0, 0]

 ### Operon type: 308

	 A0A011NF78	[0, 0, 617, 0, 0, 0, 0, 0, 0]

 ### Operon type: 309

	 A0A011NVE2	[0, 0, 0, 607, 0, 0, 671, 0, 476]

 ### Operon type: 310

	 A0A011NXJ4	[0, 0, 0, 0, 0, 0, 0, 0, 473]

 ### Operon type: 311

	 A0A011P8I1	[0, 0, 642, 644, 0, 0, 0, 0, 627]

 ### Operon type: 312

	 A0A011P9Q7	[621, 0, 0, 0, 0, 0, 0, 0, 0]

 ### Operon type: 313

	 A0A011PCT1	[0, 0, 0, 0, 0, 0, 0, 717, 0]

 ### Operon type: 314

	 A0A011PJ75	[0, 607, 582, 607, 0, 0, 0, 0, 0]

 ### Operon type: 315

	 A0A011PRB4	[0, 0, 0, 0, 0, 0, 0, 591, 0]

 ### Operon type: 316

	 A0A011Q5V7	[548, 0, 0, 0, 0, 0, 0, 0, 0]

 ### Operon type: 317

	 A0A011QU35	[0, 0, 0, 0, 614, 0, 0, 0, 0]

 ### Operon type: 318

	 A0A011QVT2	[610, 0, 0, 0, 0, 0, 0, 625, 0]

 ### Operon type: 319

	 A0A011RP14	[0, 0, 0, 0, 0, 0, 0, 564, 0]

 ### Operon type: 320

	 A0A011SM49	[671, 0, 564, 0, 0, 0, 309, 0, 0]

 ### Operon type: 321

	 A0A011AM27	[592, 0, 0, 0, 427, 0, 0, 0, 18]

 ### Operon type: 322

	 A0A011T607	[0, 0, 688, 0, 0, 0, 0, 0, 234]

 ### Operon type: 323

	 A0A010S5W8	[0, 0, 468, 688, 0, 0, 0, 0, 0]

 ### Operon type: 324

	 A0A011MSR2	[0, 0, 0, 468, 0, 0, 0, 544, 0]

 ### Operon type: 325

	 A0A010YYJ5	[0, 0, 0, 544, 0, 0, 0, 28, 28]

 ### Operon type: 326

	 A0A011TED9	[0, 0, 0, 0, 0, 236, 0, 0, 0]

 ### Operon type: 327

	 A0A011TXS5	[0, 308, 0, 0, 0, 0, 0, 0, 0]

 ### Operon type: 328

	 A0A011U144	[0, 206, 0, 0, 0, 0, 473, 456, 0]

 ### Operon type: 329

	 A0A011U1C8	[635, 0, 0, 0, 0, 0, 0, 0, 205]

 ### Operon type: 330

	 A0A011U483	[0, 0, 0, 0, 0, 634, 0, 0, 0]

 ### Operon type: 331

	 A0A011UDF3	[0, 0, 0, 0, 0, 300, 0, 0, 0]

 ### Operon type: 332

	 A0A011UG86	[0, 640, 0, 0, 0, 69, 0, 0, 0]

 ### Operon type: 333

	 A0A011UGY3	[0, 0, 0, 36, 0, 0, 0, 36, 0]

 ### Operon type: 334

	 A0A011UJN3	[0, 402, 0, 0, 0, 0, 0, 0, 0]

 ### Operon type: 335

	 A0A009INE0	[404, 0, 0, 0, 0, 0, 0, 582, 402]

 ### Operon type: 336

	 A0A011UQB5	[555, 490, 0, 0, 0, 0, 0, 242, 0]

 ### Operon type: 337

	 A0A011UVI5	[0, 0, 0, 0, 0, 39, 607, 607, 0]

 ### Operon type: 338

	 A0A011UWI3	[0, 0, 0, 0, 168, 0, 110, 638, 0]

 ### Operon type: 339

	 A0A011V5E6	[0, 0, 0, 0, 0, 323, 0, 0, 0]

 ### Operon type: 340

	 A0A011M4H6	[289, 0, 504, 0, 0, 0, 0, 0, 0]

 ### Operon type: 341

	 A0A011VSV3	[0, 0, 0, 0, 0, 0, 698, 0, 0]

 ### Operon type: 342

	 A0A011VWI0	[0, 0, 0, 0, 0, 147, 0, 0, 0]

 ### Operon type: 343

	 A0A011VZ91	[240, 0, 0, 0, 0, 0, 0, 0, 0]

 ### Operon type: 344

	 A0A011W213	[0, 0, 0, 0, 0, 477, 0, 0, 0]

 ### Operon type: 345

	 A0A011WP76	[0, 0, 0, 0, 0, 0, 0, 0, 661]

 ### Operon type: 346

	 A0A011WSD4	[0, 0, 0, -1, 0, 544, 0, 0, 357]

 ### Operon type: 347

	 A0A011VZF5	[0, 0, 321, 320, 0, 544, 357, 544, 0]

 ### Operon type: 348

	 A0A011WSU6	[0, 544, 0, 0, 318, 0, 0, 0, 0]

 ### Operon type: 349

	 A0A013S843	[0, 375, 0, 0, 0, 0, -1, 344, 0]

 ### Operon type: 350

	 A0A013S981	[340, 0, 0, 0, 0, 0, 0, 0, 0]

 ### Operon type: 351

	 A0A013T337	[0, 0, 0, 0, 0, 0, 0, 0, 462]

 ### Operon type: 352

	 A0A013T5E6	[0, 0, 0, 461, 0, 0, 0, 0, 0]

 ### Operon type: 353

	 A0A013SGL3	[373, 332, 331, 330, 372, 691, 371, 635, 370]
	 A0A010KAV2	[373, 0, 0, 330, 372, 691, 371, 635, 370]
	 A0A009NE81	[373, 332, 331, 330, 372, 691, 371, 635, 370]
	 A0A009RQH3	[373, 0, 0, 330, 372, 691, 371, 635, 370]
	 A0A009I5Z6	[373, 0, 331, 330, 372, 691, 371, 635, 370]

 ### Operon type: 354

	 A0A013TB41	[373, -1, 0, 0, 372, 691, 371, 635, 370]

 ### Operon type: 355

	 A0A009H3X4	[373, 0, 0, 0, 372, 691, -1, 506, -1]

 ### Operon type: 356

	 A0A009YL68	[0, 0, 635, 373, 372, 0, 0, 3, 0]

 ### Operon type: 357

	 A0A009T9H0	[0, 2, 639, -1, 0, 0, 190, 0, 189]

 ### Operon type: 358

	 A0A010THH5	[0, 104, 43, 39, 0, 0, 553, 0, 425]

 ### Operon type: 359

	 A0A011WSH8	[0, 0, 0, 679, 286, 0, 0, 0, 0]
	 A0A011VZE3	[0, 0, 0, 679, 286, 0, 0, 0, 0]

 ### Operon type: 360

	 A0A011NAF3	[0, 0, 0, 0, 0, 0, 679, 0, 598]

 ### Operon type: 361

	 A0A009IQ93	[200, 0, 679, 0, 0, 111, 0, 0, 0]

 ### Operon type: 362

	 A0A009TLU4	[0, 308, -1, 148, 0, 23, 0, -1, -1]

 ### Operon type: 363

	 A0A010JNG7	[436, 0, 0, 430, 0, 0, 0, 0, 0]

 ### Operon type: 364

	 A0A010S003	[694, 0, 0, 0, 0, 640, 640, 198, 0]

 ### Operon type: 365

	 A0A010SMN8	[0, -1, 68, 0, 507, 0, 0, 701, 0]

 ### Operon type: 366

	 A0A010SXS1	[0, 216, 0, 0, 0, 238, 0, 0, 625]

 ### Operon type: 367

	 A0A010T689	[18, -1, 553, 568, 0, 0, 0, 0, 0]

 ### Operon type: 368

	 A0A010TBB4	[0, 71, 0, 69, 0, 0, 0, 0, 635]

 ### Operon type: 369

	 A0A010YFK3	[0, 547, 0, 0, 0, 0, 88, 0, 205]

 ### Operon type: 370

	 A0A010YVY1	[7, 0, 7, 0, 0, 0, 0, 198, 0]

 ### Operon type: 371

	 A0A010Z7T4	[0, 0, 0, 0, 0, 0, 0, 500, 594]

 ### Operon type: 372

	 A0A010RRR9	[0, 0, 0, 0, 684, 0, 0, 501, 500]

 ### Operon type: 373

	 A0A010SIA7	[0, 0, 501, 106, 0, 0, 0, 0, 0]

 ### Operon type: 374

	 A0A010ZSZ2	[0, 41, 0, 14, 13, 0, 0, 0, 0]

 ### Operon type: 375

	 A0A010Z0Y7	[0, 0, 0, 0, 13, 193, 0, 0, 0]

 ### Operon type: 376

	 A0A010ZUR7	[291, 12, 0, 12, 0, 11, 198, 0, 0]

 ### Operon type: 377

	 A0A011A0M8	[0, 0, 382, 0, 42, 0, 0, 9, 9]

 ### Operon type: 378

	 A0A011NFL4	[0, 556, 0, 0, 486, 485, 0, 484, 0]

 ### Operon type: 379

	 A0A011P407	[0, 0, 637, 636, 0, 0, 635, 0, 634]

 ### Operon type: 380

	 A0A011QGT2	[679, 0, 0, 678, 677, 0, 0, 0, 0]

 ### Operon type: 381

	 A0A011QSA4	[620, 0, 619, 618, 0, 0, 0, 0, 617]

 ### Operon type: 382

	 A0A011T6J6	[0, 548, 0, 644, 0, 0, 315, 0, 314]

 ### Operon type: 383

	 A0A011TAL2	[0, 688, 0, 0, 0, 235, 0, 474, 0]

 ### Operon type: 384

	 A0A011TYT7	[0, 0, 0, 0, 0, 0, 307, 306, 306]

 ### Operon type: 385

	 A0A011TZG0	[382, 545, 0, 0, 0, 0, 0, 437, 0]

 ### Operon type: 386

	 A0A011Q6N5	[0, 0, 0, 0, 0, 0, 546, 545, 546]

 ### Operon type: 387

	 A0A011UII7	[0, 0, 0, 0, 0, 476, 305, 0, 0]

 ### Operon type: 388

	 A0A011UNT9	[304, 312, 0, 0, 0, 0, 0, 0, 0]

 ### Operon type: 389

	 A0A011SIS0	[0, 534, 313, 313, 0, 0, 0, 312, 0]

 ### Operon type: 390

	 A0A011UT49	[0, 41, 0, 0, 0, 0, 216, 91, 0]

 ### Operon type: 391

	 A0A011VU65	[89, 0, 0, 0, 0, 88, 0, 0, 0]

 ### Operon type: 392

	 A0A011VV03	[0, 291, 0, 0, 290, 289, 0, 0, 0]

 ### Operon type: 393

	 A0A011VVZ9	[0, 0, -1, 0, 0, 288, 287, 287, 311]

 ### Operon type: 394

	 A0A011VWX7	[625, 260, 0, 0, 0, 0, 0, 554, 0]

 ### Operon type: 395

	 A0A011VXK7	[557, 557, 0, 407, 0, 0, 0, 550, 0]

 ### Operon type: 396

	 A0A011W0I6	[239, 0, 0, 0, 0, 384, 0, 487, 0]

 ### Operon type: 397

	 A0A010YEF6	[0, 239, 0, 0, 0, 0, 0, 0, 19]

 ### Operon type: 398

	 A0A013SQH1	[0, 0, 0, 0, 285, 387, 0, 436, 495]

 ### Operon type: 399

	 A0A009LNU8	[279, 281, 282, 283, 0, 148, 0, 436, 0]

 ### Operon type: 400

	 A0A013SRG6	[284, 283, 282, 281, 0, 280, 0, 279, 483]

 ### Operon type: 401

	 A0A009IQU8	[0, 281, 0, 0, 0, 280, 483, 0, 0]

 ### Operon type: 402

	 A0A010K2K8	[282, 283, 284, 0, 0, 0, 0, -1, 436]

 ### Operon type: 403

	 A0A011NPR8	[0, 483, 0, 0, 0, 0, 482, 0, 0]

 ### Operon type: 404

	 A0A010SEA2	[552, 482, 104, 0, 0, 0, 0, 0, 0]

 ### Operon type: 405

	 A0A009ZIC0	[85, 73, 503, 134, 354, 508, 72, 71, 353]

 ### Operon type: 406

	 A0A009ZB47	[99, 27, 0, 0, 0, 544, 423, 0, 0]

 ### Operon type: 407

	 A0A010RM40	[505, 679, 517, 0, 0, 0, 0, -1, 631]

 ### Operon type: 408

	 A0A010RRQ6	[0, 504, 0, 0, 0, 507, 503, 502, 0]

 ### Operon type: 409

	 A0A010S423	[315, 0, 0, 0, 0, 0, 0, 110, 561]

 ### Operon type: 410

	 A0A010T0I7	[0, 0, 19, 0, 0, 642, 619, 679, 0]

 ### Operon type: 411

	 A0A011AHU9	[0, 0, 0, 0, 0, 0, 0, 8, 488]

 ### Operon type: 412

	 A0A010YY02	[0, 6, 0, 0, 6, 519, 5, 0, 8]

 ### Operon type: 413

	 A0A011NA78	[0, 496, 0, 0, 0, 616, 0, 0, 631]

 ### Operon type: 414

	 A0A011P8W7	[626, 637, 625, 0, 624, 0, 0, 0, 0]

 ### Operon type: 415

	 A0A011PG97	[701, 0, 0, 700, 0, 0, 0, 0, 0]

 ### Operon type: 416

	 A0A011PKT4	[0, 387, 0, 0, 0, 0, 386, 0, 0]

 ### Operon type: 417

	 A0A011PLB2	[0, 626, 0, 388, 0, 0, 0, 0, 0]

 ### Operon type: 418

	 A0A011R339	[0, 0, 0, 0, 0, 0, 255, 254, 0]

 ### Operon type: 419

	 A0A011SFE5	[0, 0, 0, 557, 0, 0, 556, 636, 555]

 ### Operon type: 420

	 A0A011SJT5	[0, 0, 0, 311, 310, 310, 310, 310, 310]

 ### Operon type: 421

	 A0A011TDQ5	[0, 0, 0, 0, 233, 385, 0, 0, 0]

 ### Operon type: 422

	 A0A011UG17	[207, 0, 241, 0, 37, 89, 0, 0, 0]

 ### Operon type: 423

	 A0A011V8Z7	[0, 0, 0, 0, 0, 146, 145, 0, 0]

 ### Operon type: 424

	 A0A011VT01	[0, 0, 90, 0, 0, 90, 0, 0, 210]

 ### Operon type: 425

	 A0A011VYP6	[0, 0, 0, 0, 0, 0, 241, 685, 0]

 ### Operon type: 426

	 A0A011V392	[322, 0, 591, 321, 320, 319, 0, 318, 317]

 ### Operon type: 427

	 A0A009Q0U9	[395, 97, 96, 0, 95, 94, -1, -1, 0]

 ### Operon type: 428

	 A0A010SRB2	[23, 22, 0, 0, 0, 22, 21, 0, 0]

 ### Operon type: 429

	 A0A011VJ76	[92, 92, 91, 484, 0, 679, 382, 0, 637]

 ### Operon type: 430

	 A0A013SKX6	[0, 0, 563, 0, 358, 358, 326, 325, 324]

 ### Operon type: 431

	 A0A010KA25	[423, 0, 553, 392, 262, 0, 0, 423, 379]

 ### Operon type: 432

	 A0A011WUA8	[531, 0, 0, 356, 0, 0, 0, 355, 355]

 ### Operon type: 433

	 A0A010S4X6	[0, 193, 517, 640, 365, 0, 475, 383, 506]

 ### Operon type: 434

	 A0A011U8C0	[0, 204, 203, 0, 202, 201, 0, 0, 0]
