
 ### Operon type: 1

	 A0A009I8S2	[574, 573, 572, 571, 570, 569, 568, 567, 566]
	 A0A010ILU3	[574, 573, 572, 571, 570, 569, 462, 568, 567]
	 A0A009H3B0	[574, 573, 572, 571, 570, 569, 462, 568, 567]
	 A0A009QBR9	[574, 573, 572, 571, 570, 569, 568, 567, 566]
	 A0A009MW50	[574, 573, 572, 571, 570, 569, 462, 568, 567]
	 A0A009QS71	[574, 573, 572, 571, 570, 569, 462, 568, 567]
	 A0A009TM70	[574, 573, 572, 571, 570, 569, 568, 567, 566]

 ### Operon type: 2

	 A0A013TH43	[342, 341, 808, 745, 340, 339, 338, 337, 758]
	 A0A009RAF0	[342, 341, 808, 745, 340, 339, 338, 337, 758]

 ### Operon type: 3

	 A0A011PVT3	[622, 621, 620, 619, 618, 617, 616, 615, 614]
	 A0A011R7V7	[622, 621, 620, 619, 618, 617, 616, 615, 614]
	 A0A011MET3	[622, 621, 620, 619, 618, 617, 616, 615, 614]

 ### Operon type: 4

	 A0A013SNJ8	[563, 323, 567, 322, 321, 543, 484, 320, 319]
	 A0A013RZW2	[563, 323, 567, 322, 321, 543, 484, 320, 319]
	 A0A009HBT3	[563, 323, 567, 322, 321, 543, 484, 320, 319]
	 A0A009IV03	[563, 323, 567, 322, 321, 543, 484, 320, 319]
	 A0A009PH20	[563, 323, 567, 322, 321, 543, 484, 320, 319]
	 A0A009SIZ4	[563, 323, 567, 322, 321, 543, 484, 320, 319]
	 A0A009MMM3	[563, 323, 567, 322, 321, 543, 484, 320, 319]
	 A0A009RD69	[563, 323, 567, 322, 321, 543, 484, 320, 319]
	 A0A009YIZ0	[563, 323, 567, 322, 321, 543, 484, 320, 319]
	 A0A010J9U3	[563, 323, 567, 322, 321, 543, 484, 320, 319]

 ### Operon type: 5

	 A0A009PH57	[114, 113, -1, 112, 111, 363, 110, 772, 109]
	 A0A009TG92	[114, 113, -1, 112, 111, 363, 110, 772, 109]

 ### Operon type: 6

	 A0A013S288	[312, 311, 310, 309, 543, 308, 307, 306, 305]
	 A0A009I0I9	[312, 311, 310, 309, 543, 308, 307, 306, 305]
	 A0A013SXT2	[312, 311, 310, 309, 543, 308, 307, 306, 305]
	 A0A009SFX8	[312, 311, 310, 309, 91, 543, 308, 307, 306]
	 A0A009N031	[312, 311, 310, 309, 543, 308, 307, 306, 305]
	 A0A009PWG1	[312, 311, 310, 309, 543, 308, 307, 306, 305]
	 A0A009R2X0	[312, 311, 310, 309, 543, 308, 307, 306, 305]
	 A0A009TBM2	[311, 310, 309, 91, 543, 308, 307, 306, 305]
	 A0A010J3I1	[312, 311, 310, 309, 543, 308, 307, 306, 305]

 ### Operon type: 7

	 A0A010IMP8	[454, 826, 453, 452, 451, 450, 449, 448, 447]
	 A0A009H7U0	[454, 826, 453, 452, 451, 450, 449, 448, 447]
	 A0A009IRJ6	[454, 826, 453, 452, 451, 450, 449, 448, 447]
	 A0A013SZ54	[454, 826, 453, 452, 451, 450, 449, 448, 447]
	 A0A013T8M5	[454, 826, 453, 452, 451, 450, 449, 448, 447]
	 A0A009SWU0	[454, 826, 453, 452, 451, 450, 449, 448, 447]
	 A0A009N123	[454, 826, 453, 452, 451, 450, 449, 448, 447]
	 A0A009Q3K7	[454, 826, 453, 452, 451, 450, 449, 448, 447]
	 A0A009RBQ2	[454, 826, 453, 452, 451, 450, 449, 448, 447]
	 A0A009ZM43	[-1, 826, 453, 452, 451, 450, 449, 448, 447]

 ### Operon type: 8

	 A0A009IHQ3	[-1, 542, 541, 540, 539, 538, 537, 536, 535]
	 A0A009RG92	[-1, 542, 541, 540, 539, 538, 537, 536, 535]
	 A0A013RMD0	[-1, 542, 541, 540, 539, 538, 537, 536, 535]
	 A0A009H6M2	[-1, 542, 541, 540, 539, 538, 537, 536, 535]
	 A0A009QDV7	[-1, 542, 541, 540, 539, 538, 537, 536, 535]
	 A0A009N9Z1	[-1, 542, 541, 540, 539, 538, 537, 536, 535]
	 A0A009S854	[-1, 542, 541, 540, 539, 538, 537, 536, 535]
	 A0A009ZIC0	[52, 542, 541, 540, 539, 538, 537, 536, 535]
	 A0A010JDA6	[-1, 542, 541, 540, 539, 538, 537, 536, 535]

 ### Operon type: 9

	 A0A011V5V3	[0, 193, 192, 191, 190, 189, 188, 187, 186]
	 A0A011UIA1	[193, 192, 191, 190, 189, 188, 187, 186, 0]

 ### Operon type: 10

	 A0A011PTE7	[677, 676, 675, 674, 673, 0, 672, 671, 670]
	 A0A011NE72	[677, 676, 675, 674, 673, 672, 671, 670, 0]

 ### Operon type: 11

	 A0A010JWJ1	[502, 501, 613, 500, 499, 498, 497, 496, 495]
	 A0A009I4A1	[502, 501, 613, 500, 499, 498, 497, 496, 495]

 ### Operon type: 12

	 A0A009QF22	[62, 61, 502, 0, 499, 498, 497, 496, 495]
	 A0A009TBY8	[62, 61, 502, 500, 499, 498, 497, 496, 495]

 ### Operon type: 13

	 A0A011NEY3	[846, 845, 844, 843, 843, 842, 841, 840, 0]

 ### Operon type: 14

	 A0A011PAN4	[845, 844, 0, 843, 843, 842, 841, 840, 839]

 ### Operon type: 15

	 A0A011RCD5	[846, 845, 844, 843, 843, 842, 841, 840, 839]

 ### Operon type: 16

	 A0A011P4U7	[0, 658, 657, 656, 655, 654, 740, 653, 652]
	 A0A011NAY5	[658, 657, 656, 655, 654, 740, 653, 652, 0]

 ### Operon type: 17

	 A0A011PF67	[838, 837, 836, 835, 834, 0, 0, 0, 0]
	 A0A011NW66	[838, 837, 836, 835, 834, 428, 0, 0, 0]
	 A0A011NBX7	[838, 837, 836, 835, 834, 428, 0, 0, 0]

 ### Operon type: 18

	 A0A011RHX4	[838, 837, 836, 835, 834, 833, 832, 831, 0]
	 A0A011NS68	[838, 837, 836, 835, 834, 833, 832, 831, 662]

 ### Operon type: 19

	 A0A010YT39	[0, 172, 7, 472, 6, 5, 4, 3, 290]

 ### Operon type: 20

	 A0A010Z7T4	[7, 472, 6, 5, 4, 3, 290, 533, 682]

 ### Operon type: 21

	 A0A010K6G6	[486, 485, 484, 483, 482, 481, 480, 0, 479]
	 A0A013SP43	[486, 485, 484, 483, 482, 481, 480, 324, 479]
	 A0A009RUN3	[486, 485, 484, 483, 482, 481, 480, 324, 479]

 ### Operon type: 22

	 A0A011VWR4	[0, 0, 0, 0, 395, 394, 393, 392, 391]

 ### Operon type: 23

	 A0A011VYP6	[395, 394, 393, 392, 391, 0, 390, 619, 0]

 ### Operon type: 24

	 A0A011NEQ1	[0, 420, 419, 418, 417, 416, 778, 415, 414]
	 A0A011QAS2	[0, 420, 419, 418, 417, 416, 778, 415, 414]

 ### Operon type: 25

	 A0A009RGL2	[511, 510, 509, 508, 507, 506, 505, 504, 503]
	 A0A010JSI3	[511, 510, 509, 508, 507, 506, 505, 504, 0]
	 A0A009HDS5	[511, 510, 509, 508, 507, 506, 505, 504, 503]
	 A0A013T0M4	[511, 510, 509, 508, 507, 506, 505, 504, 0]

 ### Operon type: 26

	 A0A009SNL0	[81, 80, 291, 79, 78, 77, 76, 75, 74]

 ### Operon type: 27

	 A0A009T1I8	[291, 79, 78, 77, 76, 75, 74, 0, 0]

 ### Operon type: 28

	 A0A011VW71	[0, 199, 198, 197, 196, 195, 194, 798, 735]
	 A0A011VUV0	[199, 198, 197, 196, 195, 194, 798, 735, 0]

 ### Operon type: 29

	 A0A011UG71	[179, 178, 177, 185, 184, 183, 182, 181, 180]

 ### Operon type: 30

	 A0A011V8Z7	[0, 0, 179, 178, 177, 185, 184, 183, 182]

 ### Operon type: 31

	 A0A011V8Y9	[185, 184, 183, 182, 181, 180, 0, 0, 0]

 ### Operon type: 32

	 A0A011U8C0	[0, 183, 178, 0, 768, 181, 0, 0, 0]

 ### Operon type: 33

	 A0A011QSF0	[0, 636, 635, 634, 633, 632, 631, 410, 0]
	 A0A011QBB5	[637, 636, 635, 634, 633, 632, 631, 410, 366]
	 A0A011Q0X6	[637, 636, 635, 634, 633, 632, 631, 410, 366]
	 A0A011Q1X8	[636, 0, 635, 634, 633, 632, 631, 410, 366]

 ### Operon type: 34

	 A0A011PG87	[637, 636, 635, 634, 633, 632, 631, 0, 0]

 ### Operon type: 35

	 A0A011PCT1	[639, 638, 819, 0, 0, 0, 0, 815, 0]

 ### Operon type: 36

	 A0A011QU35	[0, 0, 0, 0, 821, 0, 639, 638, 819]

 ### Operon type: 37

	 A0A011Q2B1	[649, 648, 821, 820, 819, 818, 817, 816, 815]

 ### Operon type: 38

	 A0A011RLN8	[823, 822, 821, 820, 819, 818, 817, 816, 815]

 ### Operon type: 39

	 A0A011P700	[0, 0, 651, 650, 649, 648, 821, 820, 819]

 ### Operon type: 40

	 A0A011QSI4	[0, 0, 651, 650, 649, 0, 823, 822, 821]

 ### Operon type: 41

	 A0A013TH30	[493, 492, 491, 344, 343, 714, 490, 733, 489]
	 A0A013S981	[494, 493, 492, 491, 344, 343, 714, 490, 733]
	 A0A013T337	[493, 492, 491, 344, 343, 714, 490, 733, 489]

 ### Operon type: 42

	 A0A010JY00	[494, 493, 492, 491, 559, 714, 490, 733, 489]

 ### Operon type: 43

	 A0A013TPV4	[331, 330, 329, 328, 327, 326, 792, 613, 325]
	 A0A009MGJ1	[331, 330, 329, 328, 327, 326, 792, 613, 325]
	 A0A009HL81	[331, 330, 329, 328, 327, 326, 792, 613, 325]
	 A0A009HR98	[331, 330, 329, 328, 327, 326, 792, 613, 325]
	 A0A009QQ47	[331, 330, 329, 328, 327, 326, 792, 613, 325]
	 A0A009SZB5	[331, 330, 329, 328, 327, 326, 792, 613, 325]
	 A0A010IZE4	[331, 330, 329, 328, 327, 326, 792, 613, 325]

 ### Operon type: 44

	 A0A009Z8F7	[330, 329, 326, 0, 327, 40, 40, 0, 92]

 ### Operon type: 45

	 A0A009HFU9	[55, 54, 53, 58, 52, 605, 51, 50, 0]
	 A0A009R016	[55, 54, 53, 58, 52, -1, 605, 51, 50]

 ### Operon type: 46

	 A0A011UJN3	[0, 755, 0, 0, 754, 753, 752, 751, 750]

 ### Operon type: 47

	 A0A011W213	[754, 753, 752, 751, 750, 435, 0, 0, 0]

 ### Operon type: 48

	 A0A011QIT1	[382, 381, 380, 664, 379, 378, 377, 376, 375]
	 A0A011QUG8	[382, 381, 380, 664, 379, 378, 0, 377, 376]

 ### Operon type: 49

	 A0A011PP01	[691, 690, 689, 688, 687, 686, 685, 684, 683]
	 A0A011NVE7	[691, 690, 689, 688, 687, 686, 685, 684, 683]

 ### Operon type: 50

	 A0A011P2I4	[701, 623, 667, 683, 684, 685, 686, 687, 688]
	 A0A011N9N8	[701, 623, 667, 683, 684, 685, 686, 687, 688]

 ### Operon type: 51

	 A0A011PIY7	[668, 0, 667, 683, 684, 685, 686, 0, 688]

 ### Operon type: 52

	 A0A011Q3J4	[0, 668, 667, 683, 684, 685, 686, 687, 0]

 ### Operon type: 53

	 A0A011MH88	[43, 668, 667, 683, 684, 685, 686, 687, 688]

 ### Operon type: 54

	 A0A009I6Z0	[591, 590, 589, 588, 587, 586, 585, 584, 583]
	 A0A013SPM5	[591, 590, 589, 588, 587, 586, 585, 584, 583]
	 A0A009QFZ7	[591, 590, 589, 588, 587, 586, 585, 584, 583]
	 A0A009MH71	[591, 590, 589, 588, 587, 586, 585, 584, 583]
	 A0A009HSL1	[591, 590, 589, 588, 587, 586, 585, 584, 583]
	 A0A009TK03	[591, 590, 589, 588, 587, 586, 585, 584, 583]
	 A0A010IX62	[591, 590, 589, 588, 587, 586, 585, 584, 583]

 ### Operon type: 55

	 A0A009ZIX8	[0, 38, 589, 588, 587, 354, 0, 583, 0]

 ### Operon type: 56

	 A0A009I8I7	[582, 581, 580, 579, 578, 577, 576, 644, 575]
	 A0A010JJN4	[582, 581, 580, 579, 578, 577, 576, 644, 469]
	 A0A013TPR7	[582, 581, 580, 579, 578, 577, 576, 644, 469]
	 A0A009PMT3	[582, 581, 580, 579, 578, 577, 576, 644, 469]
	 A0A009SEP4	[582, 581, 580, 579, 578, 0, 577, 576, 0]
	 A0A009RMI1	[582, 581, 580, 579, 578, 577, 576, 644, 0]
	 A0A009HJJ5	[582, 581, 580, 579, 578, 577, 576, 644, 575]
	 A0A009NI48	[582, 581, 580, 579, 578, 577, 576, 644, -1]
	 A0A009YG45	[0, 582, 581, 580, 578, 0, 577, 576, 644]

 ### Operon type: 57

	 A0A013TPQ9	[336, 476, 335, 334, 333, 613, 773, 332, 411]
	 A0A013S8F0	[336, 476, 335, 334, 333, 613, 773, 332, 411]
	 A0A009PMU2	[336, 476, 335, -1, 333, 613, 773, 332, 411]
	 A0A009SZ84	[336, 476, 335, 334, 333, 613, 773, 332, 411]
	 A0A009HJM0	[336, 476, 335, 334, 333, 613, 773, 332, 411]
	 A0A010IZH1	[-1, 476, 335, 334, 333, 613, 773, 332, 411]

 ### Operon type: 58

	 A0A009HUS9	[476, 335, 0, 334, 333, 226, -1, 227, 228]

 ### Operon type: 59

	 A0A009ISE1	[577, 576, 644, 228, 227, -1, 226, 333, 334]

 ### Operon type: 60

	 A0A009NPS1	[336, 476, 335, 334, 333, -1, 644, 576, 577]

 ### Operon type: 61

	 A0A013SB36	[300, 299, 298, 297, 296, 425, 424, 295, 294]
	 A0A009QSI3	[300, 299, 298, 297, 296, 425, 424, 295, -1]

 ### Operon type: 62

	 A0A010ITP2	[300, 299, 298, 297, 296, 425, 424, 0, 0]

 ### Operon type: 63

	 A0A009SII9	[-1, 299, 298, 297, 296, 425, 424, 90, 89]

 ### Operon type: 64

	 A0A009T0Q9	[296, 425, 424, 90, 89, 294, 43, 613, 42]

 ### Operon type: 65

	 A0A009YJF4	[0, 425, 424, 261, 260, 43, 613, 0, 42]

 ### Operon type: 66

	 A0A009GP96	[0, 534, 613, 533, 532, 273, 605, 531, 530]

 ### Operon type: 67

	 A0A009GSR4	[533, 532, 273, 605, 531, 530, 530, 529, 0]

 ### Operon type: 68

	 A0A009IIT6	[534, 613, 533, 532, 531, 530, 530, 529, 0]

 ### Operon type: 69

	 A0A011SQL0	[771, 770, -1, 769, 768, 767, 766, 765, 764]
	 A0A011UZ49	[770, -1, 769, 768, 767, 766, 765, 764, 0]

 ### Operon type: 70

	 A0A009PT82	[623, 367, 101, 100, 231, 230, 229, 99, 98]
	 A0A009SIF9	[623, 367, 101, 100, 231, 230, 229, 99, 98]

 ### Operon type: 71

	 A0A009IS10	[736, 0, 0, 0, 231, 230, 229, 0, 0]

 ### Operon type: 72

	 A0A009QHW5	[0, 0, 0, 574, 231, 230, 229, 0, 60]

 ### Operon type: 73

	 A0A011UVB4	[0, 0, 0, 737, 0, 0, 736, 0, 735]

 ### Operon type: 74

	 A0A011V107	[154, -1, 277, 275, 278, 274, 153, 152, 0]
	 A0A011U7M7	[0, 154, -1, 277, 275, 278, 274, 153, 152]

 ### Operon type: 75

	 A0A011TLH0	[279, 278, 277, 276, 275, 274, 0, 0, 0]

 ### Operon type: 76

	 A0A011UG87	[871, 873, 872, 279, 278, 277, 276, 275, 274]

 ### Operon type: 77

	 A0A011TLH7	[872, 873, 871, 0, 0, 0, 0, 0, 0]

 ### Operon type: 78

	 A0A011TWN2	[868, 867, 866, 865, 864, 863, 862, 0, 0]
	 A0A011TAF9	[0, 0, 868, 867, 866, 865, 864, 863, 862]

 ### Operon type: 79

	 A0A011Q5V7	[360, 0, 0, 0, 814, 813, 812, 811, 810]

 ### Operon type: 80

	 A0A011RM25	[814, 813, 812, 811, 810, 809, 0, 808, 0]

 ### Operon type: 81

	 A0A011QIE8	[388, 387, 386, 773, 385, 384, 383, 0, 0]
	 A0A011QDV3	[388, 387, 386, 773, 385, 384, 367, 0, 383]

 ### Operon type: 82

	 A0A011PL71	[706, 705, 704, 703, 702, 701, 797, 700, 0]
	 A0A011QAB0	[705, 704, 703, 0, 702, 701, 797, 700, 0]

 ### Operon type: 83

	 A0A011Q6N5	[783, 782, 781, 0, 0, 0, 359, 759, 359]

 ### Operon type: 84

	 A0A011SGD5	[0, 0, 0, 0, 0, 0, 783, 782, 781]

 ### Operon type: 85

	 A0A011NYU6	[365, 364, 0, 363, 870, 357, 356, 0, 362]

 ### Operon type: 86

	 A0A011PYI6	[365, 364, 0, 363, 870, 362, 474, 785, 0]

 ### Operon type: 87

	 A0A011P1C0	[0, 0, 357, 356, 362, 0, 0, 0, 0]

 ### Operon type: 88

	 A0A011PKU5	[712, 711, 710, 709, 710, 708, 707, 0, 0]
	 A0A011N4G4	[0, 0, 712, 711, 710, 709, 710, 708, 707]

 ### Operon type: 89

	 A0A010ZWJ8	[349, 348, 347, 682, 346, 643, 856, 643, 345]

 ### Operon type: 90

	 A0A011AHW1	[346, 682, 347, 348, 349, 0, 0, 350, 0]

 ### Operon type: 91

	 A0A011AHU9	[856, 643, 345, 0, 0, 0, 0, 13, 43]

 ### Operon type: 92

	 A0A010ZX98	[21, 20, 19, 18, 17, 16, 773, 773, 0]

 ### Operon type: 93

	 A0A011AIL7	[17, 18, 19, 20, 21, 0, 0, 0, 0]

 ### Operon type: 94

	 A0A010YF95	[722, 12, 377, 11, 10, 10, 9, 756, 8]

 ### Operon type: 95

	 A0A010ZJQ6	[12, 377, 11, 10, 10, 9, 756, 8, 0]

 ### Operon type: 96

	 A0A009GXL8	[264, 263, 262, 261, 260, 500, 259, 258, 257]

 ### Operon type: 97

	 A0A010JIW7	[264, 263, 262, 261, 260, 0, 0, 259, 258]

 ### Operon type: 98

	 A0A011QNA5	[0, 374, 373, 372, 0, 461, 460, 459, 458]
	 A0A009ZLJ7	[458, 459, 460, 461, 0, 0, 374, 373, 372]

 ### Operon type: 99

	 A0A009HAX1	[461, 460, 459, 458, 457, 456, 248, 455, 247]
	 A0A009ISY0	[461, 460, 459, 458, 457, 225, 248, 455, 247]
	 A0A013T0T6	[461, 460, 459, 458, 457, 456, 248, 455, 247]
	 A0A009PE10	[461, 460, 459, 458, 457, 225, 248, 455, -1]
	 A0A009RMD0	[461, 460, 459, 458, 457, 225, 248, 455, 247]
	 A0A009QMH5	[461, 460, 459, 458, 457, 456, 248, 455, 247]

 ### Operon type: 100

	 A0A010ILW6	[461, 460, 459, 458, 457, 456, 0, 0, 455]

 ### Operon type: 101

	 A0A009Z9X7	[460, 459, 458, 0, 457, 0, 368, 0, 455]

 ### Operon type: 102

	 A0A013S8V2	[303, 302, 0, 0, 0, 301, 0, 0, 0]
	 A0A009R8E1	[0, 355, 0, 303, 302, 0, 0, 301, 0]

 ### Operon type: 103

	 A0A009ICH6	[563, 562, 561, 560, 559, 558, 557, 556, 733]
	 A0A009ZFR5	[563, 562, 561, 560, 559, 558, 557, 556, 733]

 ### Operon type: 104

	 A0A009RR21	[563, 562, 561, 560, 69, 68, 491, 733, 714]
	 A0A009NQA1	[563, 562, 561, 560, 69, 68, 491, 733, 714]

 ### Operon type: 105

	 A0A009HTN9	[563, 562, 561, 560, 69, 68, 57, 444, 56]
	 A0A009T3J5	[563, 562, 561, 560, 69, 68, 57, 444, 56]

 ### Operon type: 106

	 A0A009Q0U9	[563, 562, 561, 560, 69, 68, -1, -1, 0]

 ### Operon type: 107

	 A0A009IPC3	[240, 239, 606, 607, 608, 238, 237, 565, 564]
	 A0A009QEG7	[240, 239, 606, 607, 608, 238, 237, 565, 564]

 ### Operon type: 108

	 A0A009I573	[612, 0, 611, 610, 0, 609, 608, 607, 606]

 ### Operon type: 109

	 A0A009ILP9	[565, 0, 606, 607, 608, 609, 564, 610, 611]

 ### Operon type: 110

	 A0A009I953	[565, 0, 606, 607, 608, 609, 564, 0, -1]

 ### Operon type: 111

	 A0A009SX74	[629, 662, 0, 610, 564, 565, 239, 240, 216]

 ### Operon type: 112

	 A0A009ICP5	[555, 593, 554, 553, 552, 551, 550, 549, 762]
	 A0A010IPH1	[555, 593, 554, 553, 552, 551, 550, 549, 762]
	 A0A009MMG9	[555, 593, 554, 553, 552, 551, 550, 549, 762]
	 A0A009QVK8	[555, 593, 554, 553, 552, 551, 550, 549, 762]

 ### Operon type: 113

	 A0A009SIV4	[88, 87, 86, 85, 552, 551, 550, 549, 762]
	 A0A009HTW0	[88, 87, 86, 85, 552, 551, 550, 549, 762]
	 A0A009QLL2	[88, 87, 86, 85, 552, 551, 550, 549, 762]
	 A0A013TSJ4	[87, 86, 0, 85, 552, 551, 550, 549, 762]

 ### Operon type: 114

	 A0A013TCN9	[571, 155, 253, 252, 251, 250, 249, 613, 773]
	 A0A013TRC1	[571, 155, 253, 252, 251, 250, 249, 613, 773]
	 A0A009NIJ3	[571, 155, 253, 252, 251, 250, 249, 613, 773]
	 A0A009QNC9	[571, 155, 253, 252, 251, 250, 249, 613, 773]
	 A0A010ITG1	[571, 155, 253, 252, 251, 250, 249, 613, 773]

 ### Operon type: 115

	 A0A009H935	[0, 0, 253, 252, 251, 250, 249, 613, 773]

 ### Operon type: 116

	 A0A009IMX3	[519, 518, 517, 516, 515, 242, 242, 785, 241]
	 A0A009SF48	[519, 518, 517, 516, 515, -1, 242, 785, 241]
	 A0A009QEX0	[519, 518, 517, 516, 515, 242, 242, 785, 241]

 ### Operon type: 117

	 A0A009RES7	[519, 518, 517, 516, 515, 514, 563, 513, 512]
	 A0A010ISX2	[519, 518, 517, 516, 515, 514, 563, 513, 512]
	 A0A013S7V1	[519, 518, 517, 516, 515, 514, 563, 513, 512]
	 A0A009MR00	[519, 518, 517, 516, 515, 514, 563, 513, 512]

 ### Operon type: 118

	 A0A009YTT3	[36, 52, 517, 516, 515, 514, 563, 513, 512]

 ### Operon type: 119

	 A0A009GYP9	[0, 0, 0, 516, 515, 514, 563, 513, 512]

 ### Operon type: 120

	 A0A009ZZC8	[-1, 80, 81, 36, 52, 517, 516, 515, 514]

 ### Operon type: 121

	 A0A011WSE5	[206, 205, 204, 203, 202, 201, 159, 158, 287]
	 A0A011UGX8	[207, 206, 205, 204, 203, 202, 201, 159, 158]

 ### Operon type: 122

	 A0A011VZG0	[286, 0, 207, 206, 205, 204, 203, 202, 201]

 ### Operon type: 123

	 A0A009PJF7	[108, 107, 107, 106, 105, 165, 104, 103, 147]
	 A0A009SJZ7	[737, 108, 107, 106, 105, 165, 104, 103, 147]

 ### Operon type: 124

	 A0A009Z5G0	[165, 106, 107, 0, 775, 108, 737, 317]

 ### Operon type: 125

	 A0A010JJC1	[779, 468, 467, 478, 466, 465, 464, 470, 463]
	 A0A010IZ41	[468, 467, 478, 466, 465, 464, 470, 463, 484]

 ### Operon type: 126

	 A0A009QJL6	[779, 468, 467, 478, 0, 463, 484, 144, 0]

 ### Operon type: 127

	 A0A009I5Z6	[598, 597, 596, 595, 594, 623, 593, 660, 592]
	 A0A010KAV2	[598, 597, 596, 595, 594, 623, 593, 660, 592]
	 A0A013TB41	[598, -1, 596, 595, 594, 623, 593, 660, 592]
	 A0A013SGL3	[598, 597, 596, 595, 594, 623, 593, 660, 592]
	 A0A009PG53	[598, 597, 596, 595, 594, 623, 593, 660, 592]
	 A0A009SHB3	[598, 597, 596, 595, 594, 623, 593, 660, 592]
	 A0A009RQH3	[598, 597, 596, 595, 594, 623, 593, 660, 592]
	 A0A009NE81	[598, 597, 596, 595, 594, 623, 593, 660, 592]

 ### Operon type: 128

	 A0A009H3X4	[598, 597, 596, 595, 594, 623, -1, 855, -1]

 ### Operon type: 129

	 A0A009PIB4	[0, 0, 0, 97, 728, 96, 605, 613, 701]
	 A0A009SLR5	[0, 0, 0, 97, 728, 96, 605, 613, 701]

 ### Operon type: 130

	 A0A009HSU4	[0, 0, 760, 613, 0, 623, 660, 701, 605]

 ### Operon type: 131

	 A0A009I463	[793, 213, 212, 543, 543, 290, 289, 288, 211]
	 A0A009PAG1	[793, 213, 212, 543, 543, 290, 289, 288, 211]

 ### Operon type: 132

	 A0A013SKX6	[0, 0, 793, 0, 543, 543, 290, 289, 288]

 ### Operon type: 133

	 A0A011Q5S3	[375, 361, 0, 0, 0, 0, 725, 724, 722]

 ### Operon type: 134

	 A0A011UZZ4	[0, 725, 724, 0, 0, 0, 723, 723, 722]

 ### Operon type: 135

	 A0A011UTJ0	[0, 0, 0, 743, 742, 741, 740, 739, 738]

 ### Operon type: 136

	 A0A011VMV7	[743, 742, 741, 740, 739, 738, 171, 170, 169]

 ### Operon type: 137

	 A0A011NYT4	[647, 646, 645, 644, 0, 426, 426, 425, 424]

 ### Operon type: 138

	 A0A011P8E9	[0, 0, 647, 646, 0, 645, 644, 0, 0]

 ### Operon type: 139

	 A0A010TF34	[0, -1, 0, 0, 136, 135, 134, 133, 132]
	 A0A010SYH9	[136, 135, 134, 133, 132, 0, 0, 0, 0]

 ### Operon type: 140

	 A0A010TFJ4	[0, -1, 0, 141, 140, 139, 138, -1, 137]
	 A0A010S7A1	[141, 140, 139, 138, 0, 137, 0, 0, 0]

 ### Operon type: 141

	 A0A009PAV9	[131, -1, 554, 130, 543, 605, 129, 128, 127]
	 A0A009HJC2	[131, 773, 554, 130, 543, 605, 129, 128, 127]

 ### Operon type: 142

	 A0A009SE02	[0, 127, 0, 0, 0, 128, 129, 605, 543]

 ### Operon type: 143

	 A0A009SYU8	[660, 563, 640, 477, 115, 613, 613, 442, 441]
	 A0A009RSB7	[660, 563, 640, 477, 115, 613, 613, 442, 441]
	 A0A009HS41	[660, 563, 640, 477, 115, 613, 613, 442, 441]

 ### Operon type: 144

	 A0A010IT25	[660, 563, 640, 477, 443, 613, 613, 442, 441]
	 A0A013SHA9	[660, 563, 640, 477, 443, 613, 613, 442, 441]
	 A0A009I466	[660, 563, 640, 477, 443, 613, 613, 442, 441]

 ### Operon type: 145

	 A0A009NMQ9	[660, 563, 640, 477, 443, 0, 613, 613, 442]

 ### Operon type: 146

	 A0A009P8A9	[0, 0, 640, 477, 115, 613, 613, 442, 441]

 ### Operon type: 147

	 A0A009ITT8	[224, 223, 222, 525, 524, 221, 523, 522, 521]
	 A0A009NJ90	[224, 223, 222, 525, 524, 272, 221, 523, 522]

 ### Operon type: 148

	 A0A009IJ01	[523, 522, 521, 520, 246, 245, 217, 215, 214]
	 A0A009NCH6	[218, 523, 522, 521, 246, 245, 217, 215, 214]

 ### Operon type: 149

	 A0A009RQL5	[523, 522, 521, 70, 246, 245, 217, 215, 0]

 ### Operon type: 150

	 A0A009MGQ8	[524, 0, 218, 523, 522, 521, 246, 245, 217]

 ### Operon type: 151

	 A0A009IJ07	[528, 527, 526, 525, 524, 523, 522, 521, 520]
	 A0A009RHH7	[528, 527, 526, 525, 524, 272, 523, 522, 521]
	 A0A009S6G1	[528, 527, 526, 525, 524, 523, 522, 521, 246]

 ### Operon type: 152

	 A0A009HZK2	[526, 525, 524, 523, 522, 521, 520, 246, 245]

 ### Operon type: 153

	 A0A009R4N4	[525, 524, 272, 523, 522, 521, 70, 246, 245]

 ### Operon type: 154

	 A0A009S5A5	[524, 272, 221, 523, 522, 521, 520, 59, 246]

 ### Operon type: 155

	 A0A009RHH9	[0, 0, 0, 0, 150, 528, 527, 526, 525]

 ### Operon type: 156

	 A0A011PGU1	[0, 0, 628, 627, 828, 827, 626, 625, 624]
	 A0A011MDH1	[421, 0, 628, 627, 828, 827, 626, 625, 624]

 ### Operon type: 157

	 A0A011V0P4	[721, 720, 0, 0, 719, 0, 0, 718, 717]

 ### Operon type: 158

	 A0A011WPV7	[718, 717, 0, 0, 0, 0, 0, 0, 0]

 ### Operon type: 159

	 A0A011UDF3	[627, 162, 0, 0, 0, 861, 168, 167, 371]

 ### Operon type: 160

	 A0A011VSC9	[168, 167, 371, 0, 0, 0, 0, 0, 0]

 ### Operon type: 161

	 A0A011SF89	[790, 789, 788, 0, 0, 0, 0, 0, 0]

 ### Operon type: 162

	 A0A011UCX7	[0, 705, 790, 789, 0, 788, 236, 0, 0]

 ### Operon type: 163

	 A0A011RNP9	[0, 0, 0, 0, 0, 798, 797, 0, 0]

 ### Operon type: 164

	 A0A011V0B5	[793, 0, 0, 0, 0, 0, 798, 0, 0]

 ### Operon type: 165

	 A0A011RQC9	[0, 793, 792, 0, 0, 0, 0, 791, 0]

 ### Operon type: 166

	 A0A011RIM8	[830, 829, 0, 0, 828, 827, 826, 825, 824]
	 A0A011QG28	[830, 829, 627, 0, 828, 827, 826, 825, 824]

 ### Operon type: 167

	 A0A011PHI6	[854, 0, 666, 0, 0, 665, 664, 663, 0]

 ### Operon type: 168

	 A0A011QI68	[0, 0, 666, 665, 0, 0, 0, 0, 0]

 ### Operon type: 169

	 A0A011NVJ6	[434, 433, 432, 431, 430, 444, 0, 0, 429]

 ### Operon type: 170

	 A0A011PVP2	[0, 433, 432, 431, 430, 444, 0, 0, 622]

 ### Operon type: 171

	 A0A011NXY7	[0, 0, 432, 0, 430, 0, 0, 0, 0]

 ### Operon type: 172

	 A0A011NUB4	[438, 437, 733, 436, 715, 714, 0, 435, 0]
	 A0A011QR69	[438, 437, 733, 436, 715, 714, 0, 0, 0]

 ### Operon type: 173

	 A0A011NN36	[437, 733, 0, 0, 715, 714, 0, 0, 0]

 ### Operon type: 174

	 A0A011PK69	[733, 716, 0, 0, 715, 714, 0, 0, 0]

 ### Operon type: 175

	 A0A011RMI6	[807, 806, 805, 804, 803, 802, 801, 800, 799]
	 A0A011NYD6	[807, 806, 805, 804, 803, 802, 801, 800, 799]

 ### Operon type: 176

	 A0A011QB28	[358, 807, 806, 0, 0, 802, 801, 800, 799]

 ### Operon type: 177

	 A0A011NF33	[0, 802, 801, 0, 0, 0, 0, 0, 0]

 ### Operon type: 178

	 A0A011NBY4	[406, 0, 0, 748, 0, 0, 405, 0, 0]

 ### Operon type: 179

	 A0A011WRT0	[406, 0, 0, 0, 0, 0, 0, 785, 0]

 ### Operon type: 180

	 A0A011SHV5	[0, 0, 0, 0, 0, 780, 785, 779, 0]

 ### Operon type: 181

	 A0A011NB95	[0, 409, 0, 0, 0, 0, 554, 408, 407]

 ### Operon type: 182

	 A0A011UHT4	[144, 200, 408, 0, 0, 143, 143, 407, 0]

 ### Operon type: 183

	 A0A010Z1W7	[0, 0, 0, 0, 0, 22, 0, 396, 397]

 ### Operon type: 184

	 A0A011VY84	[0, 0, 397, 396, 0, 0, 0, 0, 0]

 ### Operon type: 185

	 A0A010YW85	[0, 0, 0, 0, 0, 283, 0, 396, 397]

 ### Operon type: 186

	 A0A010ZMA0	[396, 412, 0, 0, 0, 0, 0, 0, 0]

 ### Operon type: 187

	 A0A011N5L2	[0, 0, 0, 412, 0, 411, 469, 0, 0]

 ### Operon type: 188

	 A0A009MJ75	[0, 0, 211, 544, 46, 0, 0, 0, 533]

 ### Operon type: 189

	 A0A010IH51	[0, 762, 0, 0, 46, 0, 533, 0, 0]

 ### Operon type: 190

	 A0A011TYT7	[0, 0, 0, 0, 0, 0, 762, 761, 761]

 ### Operon type: 191

	 A0A010RRR9	[0, 0, 0, 0, 618, 0, 0, 471, 533]

 ### Operon type: 192

	 A0A010SIA7	[0, 0, 471, 138, 0, 0, 0, 0, 0]

 ### Operon type: 193

	 A0A010RFQ9	[0, 0, 538, 0, 475, 0, 0, 0, 0]

 ### Operon type: 194

	 A0A010SPR9	[30, 30, 0, 0, 0, 475, 0, 0, 0]

 ### Operon type: 195

	 A0A009LNU8	[220, 234, 766, 488, 0, 219, 0, 605, 0]

 ### Operon type: 196

	 A0A013SRG6	[487, 488, 766, 234, 0, 233, 0, 220, 232]

 ### Operon type: 197

	 A0A009IQU8	[0, 234, 0, 0, 0, 233, 232, 0, 0]

 ### Operon type: 198

	 A0A010K2K8	[766, 488, 487, 0, 0, 0, 0, -1, 605]

 ### Operon type: 199

	 A0A011NPR8	[0, 232, 0, 0, 0, 0, 95, 0, 0]

 ### Operon type: 200

	 A0A010SEA2	[361, 95, 94, 0, 0, 0, 0, 0, 0]

 ### Operon type: 201

	 A0A010IGH8	[0, 0, 0, 0, 0, 0, 0, 313, 442]

 ### Operon type: 202

	 A0A010STD3	[0, 0, 0, 860, 859, 858, 0, 442, 313]

 ### Operon type: 203

	 A0A010SQJ5	[304, 553, 0, 860, 859, 858, 0, 0, 0]

 ### Operon type: 204

	 A0A013RVV2	[571, 0, 315, 314, 0, 0, 442, 313, 0]

 ### Operon type: 205

	 A0A011TD67	[861, 0, 0, 860, 859, 858, 857, 0, 856]

 ### Operon type: 206

	 A0A009ZC12	[0, 0, 0, 860, 0, 858, 857, 39, 369]

 ### Operon type: 207

	 A0A009YSC7	[0, 0, 405, 32, 0, 32, 315, 314, 0]

 ### Operon type: 208

	 A0A009ZJK4	[0, 0, 0, 0, 0, 0, 563, 37, 0]

 ### Operon type: 209

	 A0A010SVN1	[-1, 37, 613, 254, 280, 0, 0, 563, 0]

 ### Operon type: 210

	 A0A009PFK7	[121, 120, 119, 118, 117, 0, 0, 116, 0]
	 A0A009QGN4	[121, 120, 119, 118, 117, 116, 0, 0, 0]

 ### Operon type: 211

	 A0A009YR20	[0, 116, 0, 0, 0, 0, 120, 0, 0]

 ### Operon type: 212

	 A0A009SCM5	[73, 72, 71, 0, 0, 0, 0, 0, 0]

 ### Operon type: 213

	 A0A009TJ77	[216, 34, 0, 0, 0, 0, 73, 72, 71]

 ### Operon type: 214

	 A0A009HZV2	[0, 0, 0, 0, 244, 243, 272, 0, 0]

 ### Operon type: 215

	 A0A009QPE7	[0, 0, 0, 0, 244, 243, 0, 0, 0]

 ### Operon type: 216

	 A0A009MGR3	[0, 0, 66, 0, 156, 59, 58, 124, 123]

 ### Operon type: 217

	 A0A009Q4G0	[0, 67, 66, 0, 156, 0, 124, 123, 124]

 ### Operon type: 218

	 A0A009PB53	[0, 0, 126, 125, 156, 124, 123, 124, 122]

 ### Operon type: 219

	 A0A009PUJ8	[0, 126, 125, 156, 0, 122, 259, 258, 257]

 ### Operon type: 220

	 A0A009H7I0	[256, 0, 0, 613, 292, 292, 255, 332, 254]
	 A0A009QQC0	[256, 0, 45, 613, 292, 292, 255, 332, 254]

 ### Operon type: 221

	 A0A009MVG4	[45, 0, 293, 613, 292, 292, 255, 332, 254]

 ### Operon type: 222

	 A0A009QA91	[64, 63, 660, 613, 292, 292, 255, 332, 254]
	 A0A010J377	[64, 63, 660, 613, 292, 292, 255, 332, 254]

 ### Operon type: 223

	 A0A009S1X4	[64, 63, 660, 613, 292, 292, 613, 0, 110]

 ### Operon type: 224

	 A0A013SHF4	[0, 0, 293, 613, 292, 292, 0, 291, 0]

 ### Operon type: 225

	 A0A011PJK8	[760, 698, 697, 696, 695, 694, 0, 0, 0]
	 A0A011N3C3	[0, 0, 0, 760, 698, 697, 696, 695, 694]

 ### Operon type: 226

	 A0A011UWH1	[732, 731, 730, 729, 0, 0, 0, 0, 0]
	 A0A011WKI4	[0, 0, 0, 0, 0, 732, 731, 730, 729]

 ### Operon type: 227

	 A0A010YKP2	[0, 0, 0, 0, 0, 0, 429, 151, 0]

 ### Operon type: 228

	 A0A011V1A2	[720, 0, 0, 151, 0, 0, 0, 0, 0]

 ### Operon type: 229

	 A0A011NGS0	[0, 0, 0, 0, 853, 852, 0, 0, 0]

 ### Operon type: 230

	 A0A011PW61	[0, 0, 0, 0, 853, 852, 0, 0, 404]

 ### Operon type: 231

	 A0A011UXI1	[0, 726, 0, 0, 853, 852, 851, 0, 0]

 ### Operon type: 232

	 A0A011SWI9	[-1, -1, 0, 854, 853, 852, 851, -1, -1]

 ### Operon type: 233

	 A0A011P952	[852, 0, 641, 0, 0, 641, 0, 0, 0]

 ### Operon type: 234

	 A0A011QVV5	[0, 0, 422, 663, 440, 439, 440, 622, 421]
	 A0A011Q1B3	[422, 663, 440, 439, 440, 622, 421, 0, 0]

 ### Operon type: 235

	 A0A011NSG8	[0, 0, 0, 663, 440, 439, 0, 440, 0]

 ### Operon type: 236

	 A0A011P0X4	[0, 0, 421, 0, 440, 0, 0, 439, 355]

 ### Operon type: 237

	 A0A010YNY9	[0, 0, 23, 14, 0, 0, 0, 0, 734]

 ### Operon type: 238

	 A0A011AC71	[110, 0, 0, 282, 0, 23, 14, 0, 660]

 ### Operon type: 239

	 A0A011PRW6	[679, 0, 0, 0, 678, 806, 805, 0, 0]
	 A0A011QLX0	[0, 679, 0, 0, 678, 0, 806, 805, 0]

 ### Operon type: 240

	 A0A010SML6	[0, 806, 805, -1, 0, 662, 0, 0, 0]

 ### Operon type: 241

	 A0A010RS09	[0, 0, 0, 0, 133, 0, 855, 855, 0]

 ### Operon type: 242

	 A0A010RTE7	[0, 0, 0, 0, 0, 0, 133, 34, 0]

 ### Operon type: 243

	 A0A009P817	[65, 0, 0, 0, 49, 0, 285, 48, 47]

 ### Operon type: 244

	 A0A009TIY0	[0, 0, 0, 0, 49, 0, 285, 48, 0]

 ### Operon type: 245

	 A0A009QKA3	[285, 48, 0, 47, 0, 0, 0, 0, 121]

 ### Operon type: 246

	 A0A009HSR2	[0, 84, 83, 0, 82, 269, 268, 272, 266]

 ### Operon type: 247

	 A0A009SWM1	[0, 84, 83, 0, 82, 0, 0, 268, 0]

 ### Operon type: 248

	 A0A009MYX0	[265, 266, 0, 760, 0, 0, 268, 269, 44]

 ### Operon type: 249

	 A0A009QK79	[0, 0, 44, 269, 0, 268, 0, 0, 266]

 ### Operon type: 250

	 A0A009GXJ1	[271, 270, 269, 268, 267, 272, 266, 265, 0]

 ### Operon type: 251

	 A0A009I5G9	[0, 0, 605, 604, 603, 602, 601, 600, 599]
	 A0A010IT95	[0, 0, 0, 605, 603, 602, 601, 600, 599]
	 A0A013TKW8	[0, 849, 0, 605, 603, 602, 601, 600, 599]
	 A0A009GWD0	[272, 0, 0, 605, 603, 602, 601, 600, 599]
	 A0A009PRQ9	[0, 605, 604, 0, 603, 602, 601, 600, 599]
	 A0A009MH36	[0, 0, 0, 605, 603, 602, 601, 600, 599]
	 A0A009QT77	[0, 0, -1, 605, 603, 602, 601, 600, 599]
	 A0A009S0T6	[0, 0, 605, 604, 603, 602, 601, 600, 599]

 ### Operon type: 252

	 A0A013TMJ7	[773, -1, 0, 605, 603, 600, 599, 0, 0]

 ### Operon type: 253

	 A0A011VXC2	[-1, 403, 0, 681, 402, 401, 400, 399, 398]
	 A0A011V392	[403, 0, 681, 402, 401, 400, 0, 399, 398]

 ### Operon type: 254

	 A0A011V490	[286, 318, 0, 398, 399, 400, 401, 402, 681]

 ### Operon type: 255

	 A0A011VZF5	[0, 0, 402, 401, 400, 705, 318, 705, 0]

 ### Operon type: 256

	 A0A011WLE7	[0, 0, 0, 0, 0, 208, 0, 0, 0]
	 A0A011VU44	[0, 0, 0, 0, 0, 208, 0, 0, 0]

 ### Operon type: 257

	 A0A011VAP2	[0, 0, 175, 0, 0, 0, 0, 0, 174]

 ### Operon type: 258

	 A0A011VRJ8	[0, 0, 0, 0, 0, 0, 175, 0, 0]

 ### Operon type: 259

	 A0A011RNU1	[0, 0, 0, 0, 0, 0, 796, 796, 795]

 ### Operon type: 260

	 A0A011VKJ9	[0, 0, 0, 0, 0, 0, 795, 796, -1]

 ### Operon type: 261

	 A0A011PQZ7	[0, 0, 0, 682, 870, 0, 869, 0, 0]

 ### Operon type: 262

	 A0A011TUX4	[0, 0, 0, 0, 870, 0, 0, 869, 0]

 ### Operon type: 263

	 A0A011STZ9	[0, 0, 0, 869, 0, 0, 0, 0, 0]

 ### Operon type: 264

	 A0A011PRF5	[680, 0, 0, 0, 0, 0, 0, 0, 0]
	 A0A011PUJ9	[0, 0, 0, 0, 0, 0, 0, 0, 680]

 ### Operon type: 265

	 A0A011PFY8	[0, 0, 0, 0, 0, 0, 0, 0, 692]

 ### Operon type: 266

	 A0A011PNS3	[693, 692, 0, 0, 0, 0, 0, 0, 0]

 ### Operon type: 267

	 A0A011T648	[0, 692, 0, 0, 0, 0, 0, 733, 0]

 ### Operon type: 268

	 A0A010YYJ5	[0, 0, 0, 705, 0, 0, 0, 93, 93]

 ### Operon type: 269

	 A0A011NDM5	[705, 0, 0, 0, 0, 0, 0, 0, 0]

 ### Operon type: 270

	 A0A011MSR2	[0, 0, 0, 413, 0, 0, 0, 705, 705]

 ### Operon type: 271

	 A0A011WSU6	[0, 705, 0, 0, 399, 0, 0, 0, 0]

 ### Operon type: 272

	 A0A011U3C2	[0, 0, 826, 0, 0, 0, 0, 0, 0]
	 A0A011AEN3	[0, 0, 0, 0, 0, 0, 826, 0, 0]

 ### Operon type: 273

	 A0A011AAZ2	[0, 746, 0, 0, 0, 826, 826, 826, 0]

 ### Operon type: 274

	 A0A011T698	[0, 0, 0, 0, 0, 660, 826, 0, 0]

 ### Operon type: 275

	 A0A010YRE8	[0, 0, 0, 0, 0, 0, 0, 16, 0]

 ### Operon type: 276

	 A0A011AF05	[0, 0, 110, 16, 0, 0, 0, 0, 0]

 ### Operon type: 277

	 A0A009ZG48	[0, 0, 0, 849, 0, 0, 0, 0, 0]

 ### Operon type: 278

	 A0A011PEJ8	[0, 0, 850, 849, 0, 0, 0, 0, 0]

 ### Operon type: 279

	 A0A011QNJ7	[847, 0, 0, 849, 0, 0, 0, 847, 0]

 ### Operon type: 280

	 A0A011MMJ4	[0, 0, 0, 0, 0, 0, 0, 847, 0]

 ### Operon type: 281

	 A0A011R8M3	[0, 0, 850, 849, 0, 848, 0, 847, 0]

 ### Operon type: 282

	 A0A009ZC82	[0, 0, 771, 0, 0, 0, 0, 0, 0]

 ### Operon type: 283

	 A0A011P3F6	[662, 0, 0, 771, 0, 0, 0, 0, 0]

 ### Operon type: 284

	 A0A009IG48	[0, 0, 0, 546, 545, 0, 0, 0, 662]

 ### Operon type: 285

	 A0A009IMQ0	[0, 0, 0, 546, 545, 0, 0, 0, 0]

 ### Operon type: 286

	 A0A009SWV1	[0, 0, 0, 0, 0, 0, 0, 546, 0]

 ### Operon type: 287

	 A0A009PMZ9	[102, 0, 0, 0, 0, 0, 0, 0, 0]
	 A0A009Q512	[0, 0, 0, 0, 102, 0, 0, 0, 0]

 ### Operon type: 288

	 A0A009IFL2	[0, 548, 0, 547, -1, 0, 0, 0]

 ### Operon type: 289

	 A0A009ZDS1	[-1, -1, 0, 548, 0, 0, 468, 0, 0]

 ### Operon type: 290

	 A0A010SNM6	[28, 25, -1, 0, 0, 0, 773, 0, 0]

 ### Operon type: 291

	 A0A010T5D8	[25, 28, 0, -1, 0, -1, 484, 0, 0]

 ### Operon type: 292

	 A0A011UB51	[747, 0, 0, 0, 0, 0, 0, 0, 0]
	 A0A011UFH1	[0, 0, 0, 0, 0, 747, 0, 0, 0]

 ### Operon type: 293

	 A0A011V965	[0, -1, -1, 0, 176, 0, -1, -1, 0]
	 A0A011VHP2	[0, -1, -1, -1, 176, 0, 0, 0, 0]

 ### Operon type: 294

	 A0A010RVD0	[-1, 0, 0, -1, 0, 410, 410, 0, 31]

 ### Operon type: 295

	 A0A010T7Q5	[0, 31, 0, 0, 0, 0, -1, 0, 0]

 ### Operon type: 296

	 A0A010SJH7	[0, 0, 773, -1, 0, 0, 255, 0, 0]

 ### Operon type: 297

	 A0A010SRR2	[0, 0, -1, 0, 0, 0, 0, 0, 773]

 ### Operon type: 298

	 A0A011UZ32	[0, 0, 0, 0, 0, -1, 0, 0, 0]
	 A0A010RKP8	[0, 0, 0, 0, 0, 0, -1, 0, 0]
	 A0A009HJU6	[0, 0, 0, 0, 0, 0, 0, 0, -1]
	 A0A010TF14	[-1, 0, 0, 0, 0, 0, 0, 0, 0]
	 A0A010RY47	[-1, 0, -1, 0, 0, 0, 0, 0, 0]

 ### Operon type: 299

	 A0A010SJF9	[0, 0, 0, 0, 0, -1, 0, 146, -1]

 ### Operon type: 300

	 A0A011ML54	[0, 0, 0, 209, 0, 0, 0, 0, -1]

 ### Operon type: 301

	 A0A011NHY1	[0, 0, 0, 0, 0, 773, 0, 0, 0]

 ### Operon type: 302

	 A0A010Z171	[0, 0, 0, 0, 0, 0, 773, 0, 760]

 ### Operon type: 303

	 A0A011T697	[773, 0, 0, 0, 0, 0, 0, 0, 285]

 ### Operon type: 304

	 A0A011TDD1	[0, 281, 773, 0, 0, 0, 0, 0, 0]

 ### Operon type: 305

	 A0A011VW24	[0, 0, 809, 0, 0, 0, 0, 0, -1]

 ### Operon type: 306

	 A0A011T8V3	[0, 0, 809, 0, 0, 0, 0, 0, 0]

 ### Operon type: 307

	 A0A010TH98	[404, 0, 0, 809, 0, 0, 0, 0, 0]

 ### Operon type: 308

	 A0A011QVR3	[0, 0, 0, 0, 0, 0, 0, 409, 809]

 ### Operon type: 309

	 A0A011VYF1	[809, 0, 0, 0, 0, 0, 747, 0, 0]

 ### Operon type: 310

	 A0A010S415	[-1, 809, 0, 254, 0, 0, 0, 0, 569]

 ### Operon type: 311

	 A0A011PNN2	[0, 0, 0, 0, 0, 0, 0, 0, 0]
	 A0A011P9Z5	[0, 0, 0, 0, 0, 0, 0, 0, 0]
	 A0A011PBM9	[0, 0, 0, 0, 0, 0, 0, 0, 0]
	 A0A011NTU3	[0, 0, 0, 0, 0, 0, 0, 0, 0]
	 A0A011N2Z0	[0, 0, 0, 0, 0, 0, 0, 0, 0]
	 A0A011NAJ1	[0, 0, 0, 0, 0, 0, 0, 0, 0]
	 A0A011VYF6	[0, 0, 0, 0, 0, 0, 0, 0, 0]
	 A0A011QMJ8	[0, 0, 0, 0, 0, 0, 0, 0, 0]
	 A0A011QSN2	[0, 0, 0, 0, 0, 0, 0, 0, 0]
	 A0A011Q056	[0, 0, 0, 0, 0, 0, 0, 0, 0]
	 A0A010ZTI3	[0, 0, 0, 0, 0, 0, 0, 0, 0]
	 A0A013SL47	[0, 0, 0, 0, 0, 0, 0, 0, 0]
	 A0A011WUT3	[0, 0, 0, 0, 0, 0, 0, 0, 0]
	 A0A013S2B9	[0, 0, 0, 0, 0, 0, 0, 0, 0]
	 A0A013SBR8	[0, 0, 0, 0, 0, 0, 0, 0, 0]
	 A0A009M4K0	[0, 0, 0, 0, 0, 0, 0, 0, 0]
	 A0A011VNE2	[0, 0, 0, 0, 0, 0, 0, 0, 0]
	 A0A013TEV4	[0, 0, 0, 0, 0, 0, 0, 0, 0]
	 A0A011UHL2	[0, 0, 0, 0, 0, 0, 0, 0, 0]
	 A0A011UBN9	[0, 0, 0, 0, 0, 0, 0, 0, 0]
	 A0A011UFM5	[0, 0, 0, 0, 0, 0, 0, 0, 0]
	 A0A009PDV4	[0, 0, 0, 0, 0, 0, 0, 0, 0]
	 A0A010SHY1	[0, 0, 0, 0, 0, 0, 0, 0, 0]
	 A0A009HIL8	[0, 0, 0, 0, 0, 0, 0, 0, 0]
	 A0A009MH90	[0, 0, 0, 0, 0, 0, 0, 0, 0]
	 A0A010SPJ7	[0, 0, 0, 0, 0, 0, 0, 0, 0]
	 A0A010SSQ8	[0, 0, 0, 0, 0, 0, 0, 0, 0]
	 A0A010T025	[0, 0, 0, 0, 0, 0, 0, 0, 0]
	 A0A011A146	[0, 0, 0, 0, 0, 0, 0, 0, 0]
	 A0A010YJA7	[0, 0, 0, 0, 0, 0, 0, 0, 0]
	 A0A010YZS8	[0, 0, 0, 0, 0, 0, 0, 0, 0]
	 A0A010Z120	[0, 0, 0, 0, 0, 0, 0, 0, 0]
	 A0A011NMI8	[0, 0, 0, 0, 0, 0, 0, 0, 0]

 ### Operon type: 312

	 A0A010TG27	[732, 0, 142, 0, 0, 0, 613, 0, 0]

 ### Operon type: 313

	 A0A011PMK1	[0, 0, 0, 0, 0, 0, 0, 732, 0]

 ### Operon type: 314

	 A0A009HM15	[0, 217, 215, 0, 0, 0, -1, 0, 0]

 ### Operon type: 315

	 A0A009HRU1	[0, 269, 0, 0, 0, 0, 0, 0, 0]

 ### Operon type: 316

	 A0A009HSN8	[0, 67, 0, 0, 0, -1, 0, 122, -1]

 ### Operon type: 317

	 A0A009HV82	[259, 0, 0, 0, 0, 0, 0, 0, 0]

 ### Operon type: 318

	 A0A009IG74	[0, 0, 544, 0, 543, -1, 0, 0, 0]

 ### Operon type: 319

	 A0A009IJ90	[0, 216, 0, 0, 0, 0, 0, 0, 0]

 ### Operon type: 320

	 A0A009NM94	[0, 787, 787, 0, 0, 0, 281, 0, 0]

 ### Operon type: 321

	 A0A009Q4N5	[0, 0, 65, 0, 0, 0, 0, 0, 0]

 ### Operon type: 322

	 A0A009SSZ9	[0, 612, 0, 0, 0, 0, 0, 0, 0]

 ### Operon type: 323

	 A0A009YIH1	[0, 0, 0, 0, 246, 0, -1, -1, 35]

 ### Operon type: 324

	 A0A009YR05	[0, 0, 0, 0, 742, 0, 0, 0, 0]

 ### Operon type: 325

	 A0A009Z004	[41, 0, 41, 0, 0, 760, 0, 0, 0]

 ### Operon type: 326

	 A0A010RUQ5	[0, 0, 0, 0, 0, 0, 0, 0, 149]

 ### Operon type: 327

	 A0A010S195	[771, 0, 22, 27, 0, 0, 0, 0, 0]

 ### Operon type: 328

	 A0A010SCZ2	[0, 0, 0, 0, 0, 0, 0, 161, 0]

 ### Operon type: 329

	 A0A010SN41	[0, 0, 0, 0, 157, 0, 0, 0, 0]

 ### Operon type: 330

	 A0A010SSU2	[0, 0, 0, 0, 267, 0, -1, 642, 0]

 ### Operon type: 331

	 A0A010SUP6	[0, 0, 0, 0, 0, 0, 0, 27, 0]

 ### Operon type: 332

	 A0A010SUY9	[0, 0, 0, 0, 0, 848, 850, 0]

 ### Operon type: 333

	 A0A010THK2	[0, 0, -1, 0, 0, 855, 760, 0, 0]

 ### Operon type: 334

	 A0A010SRL4	[142, 0, 0, -1, 0, 0, 0, 760, 235]

 ### Operon type: 335

	 A0A010YX61	[596, 826, 0, 809, 0, 0, 0, 0, 0]

 ### Operon type: 336

	 A0A010S5W8	[0, 0, 413, 622, 0, 0, 0, 0, 0]

 ### Operon type: 337

	 A0A011NE37	[453, 0, 0, 0, 0, 0, 0, 0, 0]

 ### Operon type: 338

	 A0A011NF78	[0, 0, 423, 0, 0, 0, 0, 0, 0]

 ### Operon type: 339

	 A0A011NVE2	[0, 0, 0, 733, 0, 0, 773, 0, 757]

 ### Operon type: 340

	 A0A011NXJ4	[0, 0, 0, 0, 0, 0, 0, 0, 427]

 ### Operon type: 341

	 A0A011P8I1	[0, 0, 824, 826, 0, 0, 0, 0, 643]

 ### Operon type: 342

	 A0A011P9Q7	[640, 0, 0, 0, 0, 0, 0, 0, 0]

 ### Operon type: 343

	 A0A011PJ75	[0, 733, 669, 733, 0, 0, 0, 0, 0]

 ### Operon type: 344

	 A0A011PRB4	[0, 0, 0, 0, 0, 0, 0, 681, 0]

 ### Operon type: 345

	 A0A011QVT2	[368, 0, 0, 0, 0, 0, 0, 693, 0]

 ### Operon type: 346

	 A0A011RP14	[0, 0, 0, 0, 0, 0, 0, 794, 0]

 ### Operon type: 347

	 A0A011SM49	[773, 0, 794, 0, 0, 0, 772, 0, 0]

 ### Operon type: 348

	 A0A011AM27	[869, 0, 0, 0, 578, 0, 0, 0, 24]

 ### Operon type: 349

	 A0A011T607	[0, 0, 622, 0, 0, 0, 0, 0, 281]

 ### Operon type: 350

	 A0A011TAW2	[0, 0, 0, 0, 0, 0, 312, 0, 0]

 ### Operon type: 351

	 A0A011TED9	[0, 0, 0, 0, 0, 867, 0, 0, 0]

 ### Operon type: 352

	 A0A011TXS5	[0, 763, 0, 0, 0, 0, 0, 0, 0]

 ### Operon type: 353

	 A0A011U144	[0, 149, 0, 0, 0, 0, 427, 587, 0]

 ### Operon type: 354

	 A0A011U1C8	[660, 0, 0, 0, 0, 0, 0, 0, 148]

 ### Operon type: 355

	 A0A011U483	[0, 0, 0, 0, 0, 659, 0, 0, 0]

 ### Operon type: 356

	 A0A011UG86	[0, 663, 0, 0, 0, 146, 0, 0, 0]

 ### Operon type: 357

	 A0A011UQB5	[784, 748, 0, 0, 0, 0, 0, 747, 0]

 ### Operon type: 358

	 A0A011UVI5	[0, 0, 0, 0, 0, 734, 733, 733, 0]

 ### Operon type: 359

	 A0A011UWI3	[0, 0, 0, 0, 728, 0, 727, 771, 0]

 ### Operon type: 360

	 A0A011V5E6	[0, 0, 0, 0, 0, 287, 0, 0, 0]

 ### Operon type: 361

	 A0A011M4H6	[174, 0, 473, 0, 0, 0, 0, 0, 0]

 ### Operon type: 362

	 A0A011VSV3	[0, 0, 0, 0, 0, 0, 627, 0, 0]

 ### Operon type: 363

	 A0A011VWI0	[0, 0, 0, 0, 0, 200, 0, 0, 0]

 ### Operon type: 364

	 A0A011VZ91	[729, 0, 0, 0, 0, 0, 0, 0, 0]

 ### Operon type: 365

	 A0A011WP76	[0, 0, 0, 0, 0, 0, 0, 0, 377]

 ### Operon type: 366

	 A0A011WSD4	[0, 0, 0, -1, 0, 705, 0, 0, 318]

 ### Operon type: 367

	 A0A011WT35	[318, 0, 0, 0, 0, 0, 0, 0, 0]

 ### Operon type: 368

	 A0A013S843	[0, 332, 0, 0, 0, 0, -1, 304, 0]

 ### Operon type: 369

	 A0A013T5E6	[0, 0, 0, 156, 0, 0, 0, 0, 0]

 ### Operon type: 370

	 A0A009T185	[437, 0, 669, 669, 445, 733, 669, 755, 444]

 ### Operon type: 371

	 A0A010IN36	[446, 773, 0, 0, 445, 733, 669, 755, 444]

 ### Operon type: 372

	 A0A009PG43	[733, 669, 745, 693, 0, 755, 444, 0, 0]

 ### Operon type: 373

	 A0A009INE0	[446, 0, 0, 0, 0, 0, 0, 669, 755]

 ### Operon type: 374

	 A0A009T9H0	[0, 35, 662, -1, 0, 0, 268, 0, 269]

 ### Operon type: 375

	 A0A010THH5	[0, 94, 548, 734, 0, 0, 779, 0, 468]

 ### Operon type: 376

	 A0A011VZE3	[0, 0, 0, 613, 389, 0, 0, 0, 0]
	 A0A011WSH8	[0, 0, 0, 613, 389, 0, 0, 0, 0]

 ### Operon type: 377

	 A0A011NAF3	[0, 0, 0, 0, 0, 0, 613, 0, 686]

 ### Operon type: 378

	 A0A009IQ93	[236, 0, 613, 0, 0, 235, 0, 0, 0]

 ### Operon type: 379

	 A0A009Q8S9	[0, 0, 662, 305, 0, 749, 0, 0, 0]

 ### Operon type: 380

	 A0A009TLU4	[0, 763, -1, 219, 0, 33, 0, -1, -1]

 ### Operon type: 381

	 A0A009ZB47	[60, 98, 0, 0, 0, 705, 478, 0, 0]

 ### Operon type: 382

	 A0A009ZVR4	[792, 0, 826, 0, 0, 93, 0, 0, 92]

 ### Operon type: 383

	 A0A010JIN9	[478, 0, 0, 34, 564, 0, 0, 0, 0]

 ### Operon type: 384

	 A0A010S003	[625, 0, 0, 0, 0, 663, 663, 553, 0]

 ### Operon type: 385

	 A0A010SMN8	[0, -1, 23, 0, 475, 0, 0, 630, 0]

 ### Operon type: 386

	 A0A010SXS1	[0, 745, 0, 0, 0, 752, 0, 0, 693]

 ### Operon type: 387

	 A0A010T689	[24, -1, 779, 798, 0, 0, 0, 0, 0]

 ### Operon type: 388

	 A0A010TBB4	[0, 536, 0, 146, 0, 0, 0, 0, 660]

 ### Operon type: 389

	 A0A010YFK3	[0, 811, 0, 0, 0, 0, 163, 0, 148]

 ### Operon type: 390

	 A0A010YVY1	[2, 0, 2, 0, 0, 0, 0, 553, 0]

 ### Operon type: 391

	 A0A010ZSZ2	[0, 746, 0, 354, 353, 0, 0, 0, 0]

 ### Operon type: 392

	 A0A010Z0Y7	[0, 0, 0, 0, 353, 254, 0, 0, 0]

 ### Operon type: 393

	 A0A011A0M8	[0, 0, 760, 0, 547, 0, 0, 15, 15]

 ### Operon type: 394

	 A0A011NFL4	[0, 786, 0, 0, 831, 732, 0, 172, 0]

 ### Operon type: 395

	 A0A011P407	[0, 0, 661, 785, 0, 0, 660, 0, 659]

 ### Operon type: 396

	 A0A011QGT2	[613, 0, 0, 696, 695, 0, 0, 0, 0]

 ### Operon type: 397

	 A0A011QSA4	[371, 0, 370, 369, 0, 0, 0, 0, 423]

 ### Operon type: 398

	 A0A011T6J6	[0, 360, 0, 826, 0, 0, 284, 0, 283]

 ### Operon type: 399

	 A0A011TAL2	[0, 622, 0, 0, 0, 282, 0, 429, 0]

 ### Operon type: 400

	 A0A011TZG0	[760, 759, 0, 0, 0, 0, 0, 758, 0]

 ### Operon type: 401

	 A0A011UGY3	[159, 158, 287, 145, 0, 0, 0, 145, 0]

 ### Operon type: 402

	 A0A011UII7	[0, 0, 0, 0, 0, 757, 756, 0, 0]

 ### Operon type: 403

	 A0A011UNT9	[749, 776, 0, 0, 0, 0, 0, 0, 0]

 ### Operon type: 404

	 A0A011SIS0	[0, 778, 777, 777, 0, 0, 0, 776, 0]

 ### Operon type: 405

	 A0A011UT49	[0, 746, 0, 0, 0, 0, 745, 744, 0]

 ### Operon type: 406

	 A0A011VU65	[164, 0, 0, 0, 0, 163, 0, 627, 162]

 ### Operon type: 407

	 A0A011VV03	[0, 352, 0, 0, 719, 174, 0, 0, 0]

 ### Operon type: 408

	 A0A011VVZ9	[0, 0, -1, 0, 0, 161, 160, 160, 775]

 ### Operon type: 409

	 A0A011VWX7	[693, 721, 0, 0, 0, 0, 0, 780, 0]

 ### Operon type: 410

	 A0A011VXK7	[787, 787, 0, 450, 0, 0, 0, 724, 0]

 ### Operon type: 411

	 A0A011W0I6	[210, 0, 0, 0, 0, 707, 0, 209, 0]

 ### Operon type: 412

	 A0A010YEF6	[0, 210, 0, 0, 0, 0, 0, 0, 26]

 ### Operon type: 413

	 A0A013SQH1	[0, 0, 0, 0, 157, 713, 0, 605, 554]

 ### Operon type: 414

	 A0A009QJA8	[258, 257, 0, 0, 0, 0, 0, 0, 511]

 ### Operon type: 415

	 A0A009YL68	[0, 0, 660, 598, 594, 0, 0, 39, 0]

 ### Operon type: 416

	 A0A010JNG7	[605, 0, 0, 470, 0, 0, 0, 0, 0]

 ### Operon type: 417

	 A0A010RM40	[492, 613, 474, 0, 0, 0, 0, -1, 647]

 ### Operon type: 418

	 A0A010RRQ6	[0, 473, 0, 0, 0, 475, 541, 472, 0]

 ### Operon type: 419

	 A0A010S423	[284, 0, 0, 0, 0, 0, 0, 727, 791]

 ### Operon type: 420

	 A0A010T0I7	[0, 0, 26, 0, 0, 824, 370, 613, 0]

 ### Operon type: 421

	 A0A010ZUR7	[352, 351, 0, 351, 0, 350, 553, 0, 0]

 ### Operon type: 422

	 A0A011NA78	[0, 493, 0, 0, 0, 410, 0, 0, 647]

 ### Operon type: 423

	 A0A011P8W7	[699, 661, 693, 0, 642, 0, 0, 0, 0]

 ### Operon type: 424

	 A0A011PG97	[630, 0, 0, 629, 0, 0, 0, 0, 0]

 ### Operon type: 425

	 A0A011PKT4	[0, 713, 0, 0, 0, 0, 726, 0, 0]

 ### Operon type: 426

	 A0A011PLB2	[0, 699, 0, 716, 0, 0, 0, 0, 0]

 ### Operon type: 427

	 A0A011R339	[0, 0, 0, 0, 0, 0, 271, 270, 0]

 ### Operon type: 428

	 A0A011SFE5	[0, 0, 0, 787, 0, 0, 786, 785, 784]

 ### Operon type: 429

	 A0A011SJT5	[0, 0, 0, 775, 774, 774, 774, 774, 774]

 ### Operon type: 430

	 A0A011TDQ5	[0, 0, 0, 0, 280, 709, 0, 0, 0]

 ### Operon type: 431

	 A0A011VT01	[0, 0, 166, 0, 0, 166, 0, 0, 165]

 ### Operon type: 432

	 A0A009Z3V9	[613, 0, 0, 0, 0, 86, 697, 87, 88]

 ### Operon type: 433

	 A0A010SRB2	[33, 29, 0, 0, 0, 29, 28, 0, 0]

 ### Operon type: 434

	 A0A010KA25	[478, 0, 779, 477, 532, 0, 0, 478, 476]

 ### Operon type: 435

	 A0A011TZN1	[171, 170, 169, 0, 150, 0, 0, 0, 0]

 ### Operon type: 436

	 A0A011VJ76	[173, 173, 744, 172, 0, 613, 760, 0, 661]

 ### Operon type: 437

	 A0A011UG17	[147, 0, 390, 0, 205, 164, 0, 0, 0]

 ### Operon type: 438

	 A0A011WUA8	[358, 0, 0, 317, 0, 0, 0, 316, 316]

 ### Operon type: 439

	 A0A010S4X6	[0, 254, 474, 663, 482, 0, 434, 706, 855]

 ### Operon type: 440

	 A0A010YY02	[0, 1, 0, 0, 1, 363, 38, 0, 13]
