
 ### Operon type: 1

	 A0A009MW50	[273, 272, 271, 468, 270, 269, 268, 267, 403]
	 A0A010ILU3	[273, 272, 271, 468, 270, 269, 268, 267, 403]
	 A0A009H3B0	[273, 272, 271, 468, 270, 269, 268, 267, 403]
	 A0A009QBR9	[273, 272, 271, 468, 270, 269, 267, 403, 63]
	 A0A009QS71	[273, 272, 271, 468, 270, 269, 268, 267, 403]
	 A0A009I8S2	[273, 272, 271, 468, 270, 269, 267, 403, 63]
	 A0A009TM70	[273, 272, 271, 468, 270, 269, 267, 403, 63]

 ### Operon type: 2

	 A0A013TH43	[461, 460, 858, 459, 458, 457, 456, 455, 454]
	 A0A009RAF0	[461, 460, 858, 459, 458, 457, 456, 455, 454]

 ### Operon type: 3

	 A0A011PVT3	[800, 629, 628, 627, 626, 625, 624, 623, 622]
	 A0A011R7V7	[800, 629, 628, 627, 626, 625, 624, 623, 622]
	 A0A011MET3	[800, 629, 628, 627, 626, 625, 624, 623, 622]

 ### Operon type: 4

	 A0A013RZW2	[405, 404, 403, 402, 401, 556, 400, 399, 398]
	 A0A013SNJ8	[405, 404, 403, 402, 401, 556, 400, 399, 398]
	 A0A009MMM3	[405, 404, 403, 402, 401, 556, 400, 399, 398]
	 A0A009PH20	[405, 404, 403, 402, 401, 556, 400, 399, 398]
	 A0A009HBT3	[405, 404, 403, 402, 401, 556, 400, 399, 398]
	 A0A010J9U3	[405, 404, 403, 402, 401, 556, 400, 399, 398]
	 A0A009IV03	[405, 404, 403, 402, 401, 556, 400, 399, 398]
	 A0A009SIZ4	[405, 404, 403, 402, 401, 556, 400, 399, 398]
	 A0A009RD69	[405, 404, 403, 402, 401, 556, 400, 399, 398]
	 A0A009YIZ0	[405, 404, 403, 402, 401, 556, 400, 399, 398]

 ### Operon type: 5

	 A0A009PH57	[233, 232, -1, 231, 230, 638, 229, 418, 228]
	 A0A009TG92	[233, 232, -1, 231, 230, 638, 229, 418, 228]

 ### Operon type: 6

	 A0A013SXT2	[560, 559, 558, 557, 556, 555, 554, 553, 552]
	 A0A013S288	[560, 559, 558, 557, 556, 555, 554, 553, 552]
	 A0A009N031	[560, 559, 558, 557, 556, 555, 554, 553, 552]
	 A0A009PWG1	[560, 559, 558, 557, 556, 555, 554, 553, 552]
	 A0A010J3I1	[560, 559, 558, 557, 556, 555, 554, 553, 552]
	 A0A009I0I9	[560, 559, 558, 557, 556, 555, 554, 553, 552]
	 A0A009SFX8	[560, 559, 558, 557, 25, 556, 555, 554, 553]
	 A0A009R2X0	[560, 559, 558, 557, 556, 555, 554, 553, 552]
	 A0A009TBM2	[559, 558, 557, 25, 556, 555, 554, 553, 552]

 ### Operon type: 7

	 A0A013SZ54	[551, 675, 597, 550, 549, 588, 548, 547, 546]
	 A0A013T8M5	[551, 675, 597, 550, 549, 588, 548, 547, 546]
	 A0A009N123	[551, 675, 597, 550, 549, 588, 548, 547, 546]
	 A0A010IMP8	[551, 675, 597, 550, 549, 588, 548, 547, 546]
	 A0A009Q3K7	[551, 675, 597, 550, 549, 588, 548, 547, 546]
	 A0A009H7U0	[551, 675, 597, 550, 549, 588, 548, 547, 546]
	 A0A009IRJ6	[551, 675, 597, 550, 549, 588, 548, 547, 546]
	 A0A009SWU0	[551, 675, 597, 550, 549, 588, 548, 547, 546]
	 A0A009RBQ2	[551, 675, 597, 550, 549, 588, 548, 547, 546]
	 A0A009ZM43	[-1, 675, 597, 550, 549, 588, 548, 547, 546]

 ### Operon type: 8

	 A0A013RMD0	[-1, 340, 339, 338, 337, 336, 335, 334, 333]
	 A0A009N9Z1	[-1, 340, 339, 338, 337, 336, 335, 334, 333]
	 A0A009RG92	[-1, 340, 339, 338, 337, 336, 335, 334, 333]
	 A0A009H6M2	[-1, 340, 339, 338, 337, 336, 335, 334, 333]
	 A0A010JDA6	[-1, 340, 339, 338, 337, 336, 335, 334, 333]
	 A0A009S854	[-1, 340, 339, 338, 337, 336, 335, 334, 333]
	 A0A009QDV7	[-1, 340, 339, 338, 337, 336, 335, 334, 333]
	 A0A009IHQ3	[-1, 340, 339, 338, 337, 336, 335, 334, 333]
	 A0A009ZIC0	[78, 340, 339, 338, 337, 336, 335, 334, 333]

 ### Operon type: 9

	 A0A011V5V3	[0, 508, 507, 506, 505, 504, 503, 502, 501]
	 A0A011UIA1	[508, 507, 506, 505, 504, 503, 502, 501, 0]

 ### Operon type: 10

	 A0A011PTE7	[606, 605, 604, 603, 602, 0, 601, 600, 599]
	 A0A011NE72	[606, 605, 604, 603, 602, 601, 600, 599, 0]

 ### Operon type: 11

	 A0A010JWJ1	[190, 189, 785, 188, 187, 186, 185, 184, 183]
	 A0A009I4A1	[190, 189, 785, 188, 187, 186, 185, 184, 183]

 ### Operon type: 12

	 A0A009QF22	[50, 49, 190, 0, 187, 186, 185, 184, 183]
	 A0A009TBY8	[50, 49, 190, 188, 187, 186, 185, 184, 183]

 ### Operon type: 13

	 A0A011NEY3	[596, 669, 668, 667, 667, 666, 665, 664, 0]

 ### Operon type: 14

	 A0A011PAN4	[669, 668, 0, 667, 667, 666, 665, 664, 663]

 ### Operon type: 15

	 A0A011RCD5	[596, 669, 668, 667, 667, 666, 665, 664, 663]

 ### Operon type: 16

	 A0A011NAY5	[784, 783, 782, 781, 780, 779, 778, 777, 0]
	 A0A011P4U7	[0, 784, 783, 782, 781, 780, 779, 778, 777]

 ### Operon type: 17

	 A0A011NBX7	[772, 771, 770, 769, 768, 767, 0, 0, 0]
	 A0A011NW66	[772, 771, 770, 769, 768, 767, 0, 0, 0]
	 A0A011PF67	[772, 771, 770, 769, 768, 0, 0, 0, 0]

 ### Operon type: 18

	 A0A011NS68	[772, 771, 770, 769, 768, 708, 707, 715, 706]
	 A0A011RHX4	[772, 771, 770, 769, 768, 708, 707, 715, 0]

 ### Operon type: 19

	 A0A010YT39	[0, 713, 112, 309, 111, 110, 109, 108, 300]

 ### Operon type: 20

	 A0A010Z7T4	[112, 309, 111, 110, 109, 108, 300, 307, 609]

 ### Operon type: 21

	 A0A013SP43	[350, 349, 400, 348, 347, 346, 345, 344, 343]
	 A0A010K6G6	[350, 349, 400, 348, 347, 346, 345, 0, 343]
	 A0A009RUN3	[350, 349, 400, 348, 347, 346, 345, 344, 343]

 ### Operon type: 22

	 A0A011VWR4	[0, 0, 0, 0, 448, 447, 446, 445, 444]

 ### Operon type: 23

	 A0A011VYP6	[448, 447, 446, 445, 444, 0, 443, 627, 0]

 ### Operon type: 24

	 A0A011QAS2	[0, 814, 813, 812, 811, 810, 809, 808, 807]
	 A0A011NEQ1	[0, 814, 813, 812, 811, 810, 809, 808, 807]

 ### Operon type: 25

	 A0A013T0M4	[545, 544, 543, 542, 541, 540, 539, 538, 0]
	 A0A010JSI3	[545, 544, 543, 542, 541, 540, 539, 538, 0]
	 A0A009RGL2	[545, 544, 543, 542, 541, 540, 539, 538, 191]
	 A0A009HDS5	[545, 544, 543, 542, 541, 540, 539, 538, 191]

 ### Operon type: 26

	 A0A009SNL0	[20, 19, 301, 127, 126, 125, 124, 123, 122]

 ### Operon type: 27

	 A0A009T1I8	[301, 127, 126, 125, 124, 123, 122, 0, 0]

 ### Operon type: 28

	 A0A011VW71	[0, 515, 514, 513, 512, 511, 510, 848, 509]
	 A0A011VUV0	[515, 514, 513, 512, 511, 510, 848, 509, 0]

 ### Operon type: 29

	 A0A011UG71	[494, 493, 492, 500, 499, 498, 497, 496, 495]

 ### Operon type: 30

	 A0A011V8Z7	[0, 0, 494, 493, 492, 500, 499, 498, 497]

 ### Operon type: 31

	 A0A011V8Y9	[500, 499, 498, 497, 496, 495, 0, 0, 0]

 ### Operon type: 32

	 A0A011U8C0	[0, 498, 493, 0, 415, 496, 0, 0, 0]

 ### Operon type: 33

	 A0A011QSF0	[0, 759, 758, 757, 756, 755, 754, 787, 0]
	 A0A011QBB5	[659, 759, 758, 757, 756, 755, 754, 787, 642]
	 A0A011Q0X6	[659, 759, 758, 757, 756, 755, 754, 787, 642]
	 A0A011Q1X8	[759, 0, 758, 757, 756, 755, 754, 787, 642]

 ### Operon type: 34

	 A0A011PG87	[659, 759, 758, 757, 756, 755, 754, 0, 0]

 ### Operon type: 35

	 A0A011PCT1	[750, 749, 869, 0, 0, 0, 0, 865, 0]

 ### Operon type: 36

	 A0A011QU35	[0, 0, 0, 0, 871, 0, 750, 749, 869]

 ### Operon type: 37

	 A0A011Q2B1	[751, 677, 871, 870, 869, 868, 867, 866, 865]

 ### Operon type: 38

	 A0A011RLN8	[872, 873, 871, 870, 869, 868, 867, 866, 865]

 ### Operon type: 39

	 A0A011P700	[0, 0, 753, 752, 751, 677, 871, 870, 869]

 ### Operon type: 40

	 A0A011QSI4	[0, 0, 753, 752, 751, 0, 872, 873, 871]

 ### Operon type: 41

	 A0A013T337	[788, 484, 483, 482, 481, 733, 480, 736, 479]
	 A0A013TH30	[788, 484, 483, 482, 481, 733, 480, 736, 479]
	 A0A013S981	[379, 788, 484, 483, 482, 481, 733, 480, 736]

 ### Operon type: 42

	 A0A010JY00	[379, 788, 484, 483, 182, 733, 480, 736, 479]

 ### Operon type: 43

	 A0A013TPV4	[357, 356, 355, 354, 353, 352, 842, 785, 351]
	 A0A010IZE4	[357, 356, 355, 354, 353, 352, 842, 785, 351]
	 A0A009SZB5	[357, 356, 355, 354, 353, 352, 842, 785, 351]
	 A0A009HL81	[357, 356, 355, 354, 353, 352, 842, 785, 351]
	 A0A009HR98	[357, 356, 355, 354, 353, 352, 842, 785, 351]
	 A0A009MGJ1	[357, 356, 355, 354, 353, 352, 842, 785, 351]
	 A0A009QQ47	[357, 356, 355, 354, 353, 352, 842, 785, 351]

 ### Operon type: 44

	 A0A009Z8F7	[356, 355, 352, 0, 353, 5, 5, 0, 26]

 ### Operon type: 45

	 A0A009HFU9	[81, 80, 79, 83, 78, 567, 77, 76, 0]
	 A0A009R016	[81, 80, 79, 83, 78, -1, 567, 77, 76]

 ### Operon type: 46

	 A0A011UJN3	[0, 407, 0, 0, 440, 439, 438, 437, 436]

 ### Operon type: 47

	 A0A011W213	[440, 439, 438, 437, 436, 729, 0, 0, 0]

 ### Operon type: 48

	 A0A011QUG8	[748, 747, 746, 745, 744, 743, 0, 742, 741]
	 A0A011QIT1	[748, 747, 746, 745, 744, 743, 742, 741, 828]

 ### Operon type: 49

	 A0A011NVE7	[726, 725, 724, 789, 790, 791, 792, 793, 794]
	 A0A011PP01	[726, 725, 724, 789, 790, 791, 792, 793, 794]

 ### Operon type: 50

	 A0A011N9N8	[816, 796, 795, 794, 793, 792, 791, 790, 789]
	 A0A011P2I4	[816, 796, 795, 794, 793, 792, 791, 790, 789]

 ### Operon type: 51

	 A0A011PIY7	[719, 0, 795, 794, 793, 792, 791, 0, 789]

 ### Operon type: 52

	 A0A011Q3J4	[0, 719, 795, 794, 793, 792, 791, 790, 0]

 ### Operon type: 53

	 A0A011MH88	[720, 719, 795, 794, 793, 792, 791, 790, 789]

 ### Operon type: 54

	 A0A013SPM5	[477, 476, 475, 474, 473, 472, 471, 470, 469]
	 A0A010IX62	[477, 476, 475, 474, 473, 472, 471, 470, 469]
	 A0A009HSL1	[477, 476, 475, 474, 473, 472, 471, 470, 469]
	 A0A009I6Z0	[477, 476, 475, 474, 473, 472, 471, 470, 469]
	 A0A009QFZ7	[477, 476, 475, 474, 473, 472, 471, 470, 469]
	 A0A009MH71	[477, 476, 475, 474, 473, 472, 471, 470, 469]
	 A0A009TK03	[477, 476, 475, 474, 473, 472, 471, 470, 469]

 ### Operon type: 55

	 A0A009ZIX8	[0, 6, 475, 474, 473, 44, 0, 469, 0]

 ### Operon type: 56

	 A0A013TPR7	[364, 363, 362, 361, 360, 359, 358, 703, 797]
	 A0A010JJN4	[364, 363, 362, 361, 360, 359, 358, 703, 797]
	 A0A009NI48	[364, 363, 362, 361, 360, 359, 358, 703, -1]
	 A0A009PMT3	[364, 363, 362, 361, 360, 359, 358, 703, 797]
	 A0A009HJJ5	[364, 363, 362, 361, 360, 359, 358, 703, 82]
	 A0A009SEP4	[364, 363, 362, 361, 360, 0, 359, 358, 0]
	 A0A009RMI1	[364, 363, 362, 361, 360, 359, 358, 703, 0]
	 A0A009I8I7	[364, 363, 362, 361, 360, 359, 358, 703, 82]
	 A0A009YG45	[0, 364, 363, 362, 360, 0, 359, 358, 703]

 ### Operon type: 57

	 A0A013S8F0	[387, 386, 385, 384, 383, 785, 728, 389, 798]
	 A0A013TPQ9	[387, 386, 385, 384, 383, 785, 728, 389, 798]
	 A0A009PMU2	[387, 386, 385, -1, 383, 785, 728, 389, 798]
	 A0A010IZH1	[-1, 386, 385, 384, 383, 785, 728, 389, 798]
	 A0A009HJM0	[387, 386, 385, 384, 383, 785, 728, 389, 798]
	 A0A009SZ84	[387, 386, 385, 384, 383, 785, 728, 389, 798]

 ### Operon type: 58

	 A0A009HUS9	[386, 385, 0, 384, 383, 60, -1, 61, 62]

 ### Operon type: 59

	 A0A009ISE1	[359, 358, 703, 62, 61, -1, 60, 383, 384]

 ### Operon type: 60

	 A0A009NPS1	[387, 386, 385, 384, 383, -1, 703, 358, 359]

 ### Operon type: 61

	 A0A013SB36	[378, 377, 376, 375, 374, 701, 700, 373, 372]
	 A0A009QSI3	[378, 377, 376, 375, 374, 701, 700, 373, -1]

 ### Operon type: 62

	 A0A010ITP2	[378, 377, 376, 375, 374, 701, 700, 0, 0]

 ### Operon type: 63

	 A0A009SII9	[-1, 377, 376, 375, 374, 701, 700, 130, 129]

 ### Operon type: 64

	 A0A009T0Q9	[374, 701, 700, 130, 129, 372, 720, 785, 128]

 ### Operon type: 65

	 A0A009YJF4	[0, 701, 700, 66, 65, 720, 785, 0, 128]

 ### Operon type: 66

	 A0A009GP96	[0, 75, 785, 307, 181, 74, 567, 73, 72]

 ### Operon type: 67

	 A0A009GSR4	[307, 181, 74, 567, 73, 72, 72, 71, 0]

 ### Operon type: 68

	 A0A009IIT6	[75, 785, 307, 181, 73, 72, 72, 71, 0]

 ### Operon type: 69

	 A0A011SQL0	[681, 417, -1, 416, 415, 414, 564, 413, 412]
	 A0A011UZ49	[417, -1, 416, 415, 414, 564, 413, 412, 0]

 ### Operon type: 70

	 A0A009PT82	[796, 644, 178, 177, 176, 175, 174, 173, 172]
	 A0A009SIF9	[796, 644, 178, 177, 176, 175, 174, 173, 172]

 ### Operon type: 71

	 A0A009IS10	[199, 0, 0, 0, 176, 175, 174, 0, 0]

 ### Operon type: 72

	 A0A009QHW5	[0, 0, 0, 273, 176, 175, 174, 0, 48]

 ### Operon type: 73

	 A0A011UVB4	[0, 0, 0, 200, 0, 0, 199, 0, 509]

 ### Operon type: 74

	 A0A011U7M7	[0, 292, -1, 425, 423, 426, 422, 291, 290]
	 A0A011V107	[292, -1, 425, 423, 426, 422, 291, 290, 0]

 ### Operon type: 75

	 A0A011TLH0	[427, 426, 425, 424, 423, 422, 0, 0, 0]

 ### Operon type: 76

	 A0A011UG87	[535, 536, 537, 427, 426, 425, 424, 423, 422]

 ### Operon type: 77

	 A0A011TLH7	[537, 536, 535, 0, 0, 0, 0, 0, 0]

 ### Operon type: 78

	 A0A011TWN2	[534, 533, 532, 531, 530, 529, 528, 0, 0]
	 A0A011TAF9	[0, 0, 534, 533, 532, 531, 530, 529, 528]

 ### Operon type: 79

	 A0A011Q5V7	[823, 0, 0, 0, 864, 863, 862, 861, 860]

 ### Operon type: 80

	 A0A011RM25	[864, 863, 862, 861, 860, 859, 0, 858, 0]

 ### Operon type: 81

	 A0A011QDV3	[649, 648, 647, 728, 646, 645, 644, 0, 643]
	 A0A011QIE8	[649, 648, 647, 728, 646, 645, 643, 0, 0]

 ### Operon type: 82

	 A0A011QAB0	[820, 819, 818, 0, 817, 816, 847, 815, 0]
	 A0A011PL71	[631, 820, 819, 818, 817, 816, 847, 815, 0]

 ### Operon type: 83

	 A0A011Q6N5	[833, 832, 831, 0, 0, 0, 822, 821, 822]

 ### Operon type: 84

	 A0A011SGD5	[0, 0, 0, 0, 0, 0, 833, 832, 831]

 ### Operon type: 85

	 A0A011NYU6	[640, 639, 0, 638, 637, 47, 46, 0, 636]

 ### Operon type: 86

	 A0A011PYI6	[640, 639, 0, 638, 637, 636, 635, 835, 0]

 ### Operon type: 87

	 A0A011P1C0	[0, 0, 47, 46, 636, 0, 0, 0, 0]

 ### Operon type: 88

	 A0A011N4G4	[0, 0, 690, 689, 688, 687, 688, 686, 685]
	 A0A011PKU5	[690, 689, 688, 687, 688, 686, 685, 0, 0]

 ### Operon type: 89

	 A0A010ZWJ8	[40, 39, 38, 609, 37, 674, 522, 674, 36]

 ### Operon type: 90

	 A0A011AHW1	[37, 609, 38, 39, 40, 0, 0, 41, 0]

 ### Operon type: 91

	 A0A011AHU9	[522, 674, 36, 0, 0, 0, 0, 11, 720]

 ### Operon type: 92

	 A0A010ZX98	[35, 34, 33, 32, 31, 30, 728, 728, 0]

 ### Operon type: 93

	 A0A011AIL7	[31, 32, 33, 34, 35, 0, 0, 0, 0]

 ### Operon type: 94

	 A0A010YF95	[824, 117, 742, 116, 115, 115, 114, 408, 113]

 ### Operon type: 95

	 A0A010ZJQ6	[117, 742, 116, 115, 115, 114, 408, 113, 0]

 ### Operon type: 96

	 A0A009GXL8	[69, 68, 67, 66, 65, 188, 204, 203, 202]

 ### Operon type: 97

	 A0A010JIW7	[69, 68, 67, 66, 65, 0, 0, 204, 203]

 ### Operon type: 98

	 A0A011QNA5	[0, 619, 618, 617, 0, 616, 615, 614, 613]
	 A0A009ZLJ7	[613, 614, 615, 616, 0, 0, 619, 618, 617]

 ### Operon type: 99

	 A0A013T0T6	[616, 615, 614, 613, 489, 488, 487, 486, 485]
	 A0A009PE10	[616, 615, 614, 613, 489, 241, 487, 486, -1]
	 A0A009HAX1	[616, 615, 614, 613, 489, 488, 487, 486, 485]
	 A0A009ISY0	[616, 615, 614, 613, 489, 241, 487, 486, 485]
	 A0A009QMH5	[616, 615, 614, 613, 489, 488, 487, 486, 485]
	 A0A009RMD0	[616, 615, 614, 613, 489, 241, 487, 486, 485]

 ### Operon type: 100

	 A0A010ILW6	[616, 615, 614, 613, 489, 488, 0, 0, 486]

 ### Operon type: 101

	 A0A009Z9X7	[615, 614, 613, 0, 489, 0, 740, 0, 486]

 ### Operon type: 102

	 A0A013S8V2	[382, 381, 0, 0, 0, 380, 0, 0, 0]
	 A0A009R8E1	[0, 45, 0, 382, 381, 0, 0, 380, 0]

 ### Operon type: 103

	 A0A009ICH6	[405, 165, 164, 163, 182, 14, 13, 12, 736]
	 A0A009ZFR5	[405, 165, 164, 163, 182, 14, 13, 12, 736]

 ### Operon type: 104

	 A0A009NQA1	[405, 165, 164, 163, 162, 161, 483, 736, 733]
	 A0A009RR21	[405, 165, 164, 163, 162, 161, 483, 736, 733]

 ### Operon type: 105

	 A0A009HTN9	[405, 165, 164, 163, 162, 161, 55, 801, 54]
	 A0A009T3J5	[405, 165, 164, 163, 162, 161, 55, 801, 54]

 ### Operon type: 106

	 A0A009Q0U9	[405, 165, 164, 163, 162, 161, -1, -1, 0]

 ### Operon type: 107

	 A0A009IPC3	[90, 89, 100, 99, 98, 88, 87, 101, 131]
	 A0A009QEG7	[90, 89, 100, 99, 98, 88, 87, 101, 131]

 ### Operon type: 108

	 A0A009I573	[52, 0, 95, 96, 0, 97, 98, 99, 100]

 ### Operon type: 109

	 A0A009ILP9	[101, 0, 100, 99, 98, 97, 131, 96, 95]

 ### Operon type: 110

	 A0A009I953	[101, 0, 100, 99, 98, 97, 131, 0, -1]

 ### Operon type: 111

	 A0A009SX74	[657, 706, 0, 96, 131, 101, 89, 90, 51]

 ### Operon type: 112

	 A0A009MMG9	[282, 366, 775, 281, 280, 279, 278, 277, 410]
	 A0A010IPH1	[282, 366, 775, 281, 280, 279, 278, 277, 410]
	 A0A009QVK8	[282, 366, 775, 281, 280, 279, 278, 277, 410]
	 A0A009ICP5	[282, 366, 775, 281, 280, 279, 278, 277, 410]

 ### Operon type: 113

	 A0A009HTW0	[118, 119, 120, 53, 280, 279, 278, 277, 410]
	 A0A009SIV4	[118, 119, 120, 53, 280, 279, 278, 277, 410]
	 A0A009QLL2	[118, 119, 120, 53, 280, 279, 278, 277, 410]
	 A0A013TSJ4	[119, 120, 0, 53, 280, 279, 278, 277, 410]

 ### Operon type: 114

	 A0A013TCN9	[468, 467, 466, 465, 464, 463, 462, 785, 728]
	 A0A009NIJ3	[468, 467, 466, 465, 464, 463, 462, 785, 728]
	 A0A010ITG1	[468, 467, 466, 465, 464, 463, 462, 785, 728]
	 A0A009QNC9	[468, 467, 466, 465, 464, 463, 462, 785, 728]
	 A0A013TRC1	[468, 467, 466, 465, 464, 463, 462, 785, 728]

 ### Operon type: 115

	 A0A009H935	[0, 0, 466, 465, 464, 463, 462, 785, 728]

 ### Operon type: 116

	 A0A009IMX3	[397, 396, 395, 394, 393, 92, 92, 835, 91]
	 A0A009QEX0	[397, 396, 395, 394, 393, 92, 92, 835, 91]
	 A0A009SF48	[397, 396, 395, 394, 393, -1, 92, 835, 91]

 ### Operon type: 117

	 A0A013S7V1	[397, 396, 395, 394, 393, 392, 405, 391, 390]
	 A0A009MR00	[397, 396, 395, 394, 393, 392, 405, 391, 390]
	 A0A010ISX2	[397, 396, 395, 394, 393, 392, 405, 391, 390]
	 A0A009RES7	[397, 396, 395, 394, 393, 392, 405, 391, 390]

 ### Operon type: 118

	 A0A009YTT3	[3, 78, 395, 394, 393, 392, 405, 391, 390]

 ### Operon type: 119

	 A0A009GYP9	[0, 0, 0, 394, 393, 392, 405, 391, 390]

 ### Operon type: 120

	 A0A009ZZC8	[-1, 19, 20, 3, 78, 395, 394, 393, 392]

 ### Operon type: 121

	 A0A011WSE5	[578, 577, 576, 575, 574, 573, 572, 571, 570]
	 A0A011UGX8	[517, 578, 577, 576, 575, 574, 573, 572, 571]

 ### Operon type: 122

	 A0A011VZG0	[518, 0, 517, 578, 577, 576, 575, 574, 573]

 ### Operon type: 123

	 A0A009PJF7	[227, 226, 226, 225, 224, 315, 223, 222, 221]
	 A0A009SJZ7	[200, 227, 226, 225, 224, 315, 223, 222, 221]

 ### Operon type: 124

	 A0A009Z5G0	[315, 225, 226, 0, 579, 227, 200, 342]

 ### Operon type: 125

	 A0A010JJC1	[829, 260, 259, 258, 257, 256, 255, 261, 254]
	 A0A010IZ41	[260, 259, 258, 257, 256, 255, 261, 254, 400]

 ### Operon type: 126

	 A0A009QJL6	[829, 260, 259, 258, 0, 254, 400, 154, 0]

 ### Operon type: 127

	 A0A013SGL3	[371, 370, 369, 368, 367, 796, 366, 679, 365]
	 A0A013TB41	[371, -1, 369, 368, 367, 796, 366, 679, 365]
	 A0A009PG53	[371, 370, 369, 368, 367, 796, 366, 679, 365]
	 A0A009NE81	[371, 370, 369, 368, 367, 796, 366, 679, 365]
	 A0A010KAV2	[371, 370, 369, 368, 367, 796, 366, 679, 365]
	 A0A009I5Z6	[371, 370, 369, 368, 367, 796, 366, 679, 365]
	 A0A009SHB3	[371, 370, 369, 368, 367, 796, 366, 679, 365]
	 A0A009RQH3	[371, 370, 369, 368, 367, 796, 366, 679, 365]

 ### Operon type: 128

	 A0A009H3X4	[371, 370, 369, 368, 367, 796, -1, 717, -1]

 ### Operon type: 129

	 A0A009PIB4	[0, 0, 0, 171, 197, 170, 567, 785, 816]
	 A0A009SLR5	[0, 0, 0, 171, 197, 170, 567, 785, 816]

 ### Operon type: 130

	 A0A009HSU4	[0, 0, 696, 785, 0, 796, 679, 816, 567]

 ### Operon type: 131

	 A0A009PAG1	[843, 141, 140, 556, 556, 300, 299, 298, 160]
	 A0A009I463	[843, 141, 140, 556, 556, 300, 299, 298, 160]

 ### Operon type: 132

	 A0A013SKX6	[0, 0, 843, 0, 556, 556, 300, 299, 298]

 ### Operon type: 133

	 A0A011Q5S3	[828, 827, 0, 0, 0, 0, 826, 825, 824]

 ### Operon type: 134

	 A0A011UZZ4	[0, 826, 825, 0, 0, 0, 288, 288, 824]

 ### Operon type: 135

	 A0A011UTJ0	[0, 0, 0, 326, 325, 324, 779, 323, 322]

 ### Operon type: 136

	 A0A011VMV7	[326, 325, 324, 779, 323, 322, 321, 320, 319]

 ### Operon type: 137

	 A0A011NYT4	[786, 705, 704, 703, 0, 702, 702, 701, 700]

 ### Operon type: 138

	 A0A011P8E9	[0, 0, 786, 705, 0, 704, 703, 0, 0]

 ### Operon type: 139

	 A0A010TF34	[0, -1, 0, 0, 146, 145, 144, 143, 142]
	 A0A010SYH9	[146, 145, 144, 143, 142, 0, 0, 0, 0]

 ### Operon type: 140

	 A0A010TFJ4	[0, -1, 0, 151, 150, 149, 148, -1, 147]
	 A0A010S7A1	[151, 150, 149, 148, 0, 147, 0, 0, 0]

 ### Operon type: 141

	 A0A009PAV9	[251, -1, 775, 250, 556, 567, 249, 248, 247]
	 A0A009HJC2	[251, 728, 775, 250, 556, 567, 249, 248, 247]

 ### Operon type: 142

	 A0A009SE02	[0, 247, 0, 0, 0, 248, 249, 567, 556]

 ### Operon type: 143

	 A0A009HS41	[679, 405, 670, 306, 234, 785, 785, 330, 304]
	 A0A009SYU8	[679, 405, 670, 306, 234, 785, 785, 330, 304]
	 A0A009RSB7	[679, 405, 670, 306, 234, 785, 785, 330, 304]

 ### Operon type: 144

	 A0A013SHA9	[679, 405, 670, 306, 305, 785, 785, 330, 304]
	 A0A010IT25	[679, 405, 670, 306, 305, 785, 785, 330, 304]
	 A0A009I466	[679, 405, 670, 306, 305, 785, 785, 330, 304]

 ### Operon type: 145

	 A0A009NMQ9	[679, 405, 670, 306, 305, 0, 785, 785, 330]

 ### Operon type: 146

	 A0A009P8A9	[0, 0, 670, 306, 234, 785, 785, 330, 304]

 ### Operon type: 147

	 A0A009NJ90	[211, 210, 209, 208, 207, 206, 205, 219, 218]
	 A0A009ITT8	[211, 210, 209, 208, 207, 205, 219, 218, 217]

 ### Operon type: 148

	 A0A009NCH6	[220, 219, 218, 217, 216, 215, 214, 213, 212]
	 A0A009IJ01	[219, 218, 217, 192, 216, 215, 214, 213, 212]

 ### Operon type: 149

	 A0A009RQL5	[219, 218, 217, 15, 216, 215, 214, 213, 0]

 ### Operon type: 150

	 A0A009MGQ8	[207, 0, 220, 219, 218, 217, 216, 215, 214]

 ### Operon type: 151

	 A0A009IJ07	[195, 194, 193, 208, 207, 219, 218, 217, 192]
	 A0A009S6G1	[195, 194, 193, 208, 207, 219, 218, 217, 216]
	 A0A009RHH7	[195, 194, 193, 208, 207, 206, 219, 218, 217]

 ### Operon type: 152

	 A0A009HZK2	[193, 208, 207, 219, 218, 217, 192, 216, 215]

 ### Operon type: 153

	 A0A009R4N4	[208, 207, 206, 219, 218, 217, 15, 216, 215]

 ### Operon type: 154

	 A0A009S5A5	[207, 206, 205, 219, 218, 217, 192, 84, 216]

 ### Operon type: 155

	 A0A009RHH9	[0, 0, 0, 0, 283, 195, 194, 193, 208]

 ### Operon type: 156

	 A0A011PGU1	[0, 0, 656, 655, 654, 653, 652, 651, 650]
	 A0A011MDH1	[698, 0, 656, 655, 654, 653, 652, 651, 650]

 ### Operon type: 157

	 A0A011V0P4	[595, 287, 0, 0, 583, 0, 0, 432, 431]

 ### Operon type: 158

	 A0A011WPV7	[432, 431, 0, 0, 0, 0, 0, 0, 0]

 ### Operon type: 159

	 A0A011UDF3	[655, 312, 0, 0, 0, 527, 318, 317, 763]

 ### Operon type: 160

	 A0A011VSC9	[318, 317, 763, 0, 0, 0, 0, 0, 0]

 ### Operon type: 161

	 A0A011SF89	[840, 839, 838, 0, 0, 0, 0, 0, 0]

 ### Operon type: 162

	 A0A011UCX7	[0, 820, 840, 839, 0, 838, 289, 0, 0]

 ### Operon type: 163

	 A0A011RNP9	[0, 0, 0, 0, 0, 848, 847, 0, 0]

 ### Operon type: 164

	 A0A011V0B5	[843, 0, 0, 0, 0, 0, 848, 0, 0]

 ### Operon type: 165

	 A0A011RQC9	[0, 843, 842, 0, 0, 0, 0, 841, 0]

 ### Operon type: 166

	 A0A011QG28	[612, 611, 655, 0, 654, 653, 675, 610, 676]
	 A0A011RIM8	[612, 611, 0, 0, 654, 653, 675, 610, 676]

 ### Operon type: 167

	 A0A011PHI6	[684, 0, 683, 0, 0, 682, 745, 732, 0]

 ### Operon type: 168

	 A0A011QI68	[0, 0, 683, 682, 0, 0, 0, 0, 0]

 ### Operon type: 169

	 A0A011NVJ6	[723, 805, 804, 803, 802, 801, 0, 0, 722]

 ### Operon type: 170

	 A0A011PVP2	[0, 805, 804, 803, 802, 801, 0, 0, 800]

 ### Operon type: 171

	 A0A011NXY7	[0, 0, 804, 0, 802, 0, 0, 0, 0]

 ### Operon type: 172

	 A0A011QR69	[738, 737, 736, 735, 734, 733, 0, 0, 0]
	 A0A011NUB4	[738, 737, 736, 735, 734, 733, 0, 729, 0]

 ### Operon type: 173

	 A0A011NN36	[737, 736, 0, 0, 734, 733, 0, 0, 0]

 ### Operon type: 174

	 A0A011PK69	[736, 634, 0, 0, 734, 733, 0, 0, 0]

 ### Operon type: 175

	 A0A011RMI6	[857, 856, 855, 854, 853, 852, 851, 850, 849]
	 A0A011NYD6	[857, 856, 855, 854, 853, 852, 851, 850, 849]

 ### Operon type: 176

	 A0A011QB28	[806, 857, 856, 0, 0, 852, 851, 850, 849]

 ### Operon type: 177

	 A0A011NF33	[0, 852, 851, 0, 0, 0, 0, 0, 0]

 ### Operon type: 178

	 A0A011NBY4	[766, 0, 0, 765, 0, 0, 764, 0, 0]

 ### Operon type: 179

	 A0A011WRT0	[766, 0, 0, 0, 0, 0, 0, 835, 0]

 ### Operon type: 180

	 A0A011SHV5	[0, 0, 0, 0, 0, 830, 835, 829, 0]

 ### Operon type: 181

	 A0A011NB95	[0, 776, 0, 0, 0, 0, 775, 774, 773]

 ### Operon type: 182

	 A0A011UHT4	[154, 516, 774, 0, 0, 153, 153, 773, 0]

 ### Operon type: 183

	 A0A010Z1W7	[0, 0, 0, 0, 0, 136, 0, 586, 587]

 ### Operon type: 184

	 A0A011VY84	[0, 0, 587, 586, 0, 0, 0, 0, 0]

 ### Operon type: 185

	 A0A010YW85	[0, 0, 0, 0, 0, 295, 0, 586, 587]

 ### Operon type: 186

	 A0A010ZMA0	[586, 799, 0, 0, 0, 0, 0, 0, 0]

 ### Operon type: 187

	 A0A011N5L2	[0, 0, 0, 799, 0, 798, 797, 0, 0]

 ### Operon type: 188

	 A0A009MJ75	[0, 0, 160, 159, 158, 0, 0, 0, 307]

 ### Operon type: 189

	 A0A010IH51	[0, 410, 0, 0, 158, 0, 307, 0, 0]

 ### Operon type: 190

	 A0A011TYT7	[0, 0, 0, 0, 0, 0, 410, 409, 409]

 ### Operon type: 191

	 A0A010RRR9	[0, 0, 0, 0, 626, 0, 0, 308, 307]

 ### Operon type: 192

	 A0A010SIA7	[0, 0, 308, 148, 0, 0, 0, 0, 0]

 ### Operon type: 193

	 A0A010RFQ9	[0, 0, 336, 0, 311, 0, 0, 0, 0]

 ### Operon type: 194

	 A0A010SPR9	[23, 23, 0, 0, 0, 311, 0, 0, 0]

 ### Operon type: 195

	 A0A009LNU8	[561, 563, 564, 565, 0, 59, 0, 567, 0]

 ### Operon type: 196

	 A0A013SRG6	[566, 565, 564, 563, 0, 562, 0, 561, 710]

 ### Operon type: 197

	 A0A009IQU8	[0, 563, 0, 0, 0, 562, 710, 0, 0]

 ### Operon type: 198

	 A0A010K2K8	[564, 565, 566, 0, 0, 0, 0, -1, 567]

 ### Operon type: 199

	 A0A011NPR8	[0, 710, 0, 0, 0, 0, 709, 0, 0]

 ### Operon type: 200

	 A0A010SEA2	[827, 709, 107, 0, 0, 0, 0, 0, 0]

 ### Operon type: 201

	 A0A010IGH8	[0, 0, 0, 0, 0, 0, 0, 329, 330]

 ### Operon type: 202

	 A0A010STD3	[0, 0, 0, 526, 525, 524, 0, 330, 329]

 ### Operon type: 203

	 A0A010SQJ5	[388, 281, 0, 526, 525, 524, 0, 0, 0]

 ### Operon type: 204

	 A0A013RVV2	[468, 0, 332, 331, 0, 0, 330, 329, 0]

 ### Operon type: 205

	 A0A011TD67	[527, 0, 0, 526, 525, 524, 523, 0, 522]

 ### Operon type: 206

	 A0A009ZC12	[0, 0, 0, 526, 0, 524, 523, 4, 761]

 ### Operon type: 207

	 A0A009YSC7	[0, 0, 764, 1, 0, 1, 332, 331, 0]

 ### Operon type: 208

	 A0A009ZJK4	[0, 0, 0, 0, 0, 0, 405, 9, 0]

 ### Operon type: 209

	 A0A010SVN1	[-1, 9, 785, 274, 428, 0, 0, 405, 0]

 ### Operon type: 210

	 A0A009PFK7	[240, 239, 238, 237, 236, 0, 0, 235, 0]
	 A0A009QGN4	[240, 239, 238, 237, 236, 235, 0, 0, 0]

 ### Operon type: 211

	 A0A009YR20	[0, 235, 0, 0, 0, 0, 239, 0, 0]

 ### Operon type: 212

	 A0A009SCM5	[18, 17, 16, 0, 0, 0, 0, 0, 0]

 ### Operon type: 213

	 A0A009TJ77	[51, 132, 0, 0, 0, 0, 18, 17, 16]

 ### Operon type: 214

	 A0A009HZV2	[0, 0, 0, 0, 103, 102, 206, 0, 0]

 ### Operon type: 215

	 A0A009QPE7	[0, 0, 0, 0, 103, 102, 0, 0, 0]

 ### Operon type: 216

	 A0A009MGR3	[0, 0, 85, 0, 478, 84, 83, 244, 243]

 ### Operon type: 217

	 A0A009Q4G0	[0, 64, 85, 0, 478, 0, 244, 243, 244]

 ### Operon type: 218

	 A0A009PB53	[0, 0, 246, 245, 478, 244, 243, 244, 242]

 ### Operon type: 219

	 A0A009PUJ8	[0, 246, 245, 478, 0, 242, 204, 203, 202]

 ### Operon type: 220

	 A0A009H7I0	[157, 0, 0, 785, 302, 302, 275, 389, 274]
	 A0A009QQC0	[157, 0, 276, 785, 302, 302, 275, 389, 274]

 ### Operon type: 221

	 A0A009MVG4	[276, 0, 303, 785, 302, 302, 275, 389, 274]

 ### Operon type: 222

	 A0A010J377	[134, 133, 679, 785, 302, 302, 275, 389, 274]
	 A0A009QA91	[134, 133, 679, 785, 302, 302, 275, 389, 274]

 ### Operon type: 223

	 A0A009S1X4	[134, 133, 679, 785, 302, 302, 785, 0, 229]

 ### Operon type: 224

	 A0A013SHF4	[0, 0, 303, 785, 302, 302, 0, 301, 0]

 ### Operon type: 225

	 A0A011N3C3	[0, 0, 0, 696, 695, 694, 693, 692, 691]
	 A0A011PJK8	[696, 695, 694, 693, 692, 691, 0, 0, 0]

 ### Operon type: 226

	 A0A011WKI4	[0, 0, 0, 0, 0, 714, 435, 434, 442]
	 A0A011UWH1	[714, 435, 434, 442, 0, 0, 0, 0, 0]

 ### Operon type: 227

	 A0A010YKP2	[0, 0, 0, 0, 0, 0, 722, 286, 0]

 ### Operon type: 228

	 A0A011V1A2	[287, 0, 0, 286, 0, 0, 0, 0, 0]

 ### Operon type: 229

	 A0A011NGS0	[0, 0, 0, 0, 712, 711, 0, 0, 0]

 ### Operon type: 230

	 A0A011PW61	[0, 0, 0, 0, 712, 711, 0, 0, 641]

 ### Operon type: 231

	 A0A011UXI1	[0, 632, 0, 0, 712, 711, 521, 0, 0]

 ### Operon type: 232

	 A0A011SWI9	[-1, -1, 0, 684, 712, 711, 521, -1, -1]

 ### Operon type: 233

	 A0A011P952	[711, 0, 671, 0, 0, 671, 0, 0, 0]

 ### Operon type: 234

	 A0A011QVV5	[0, 0, 699, 732, 731, 730, 731, 800, 698]
	 A0A011Q1B3	[699, 732, 731, 730, 731, 800, 698, 0, 0]

 ### Operon type: 235

	 A0A011NSG8	[0, 0, 0, 732, 731, 730, 0, 731, 0]

 ### Operon type: 236

	 A0A011P0X4	[0, 0, 698, 0, 731, 0, 0, 730, 45]

 ### Operon type: 237

	 A0A010YNY9	[0, 0, 137, 104, 0, 0, 0, 0, 198]

 ### Operon type: 238

	 A0A011AC71	[229, 0, 0, 430, 0, 137, 104, 0, 679]

 ### Operon type: 239

	 A0A011QLX0	[0, 621, 0, 0, 620, 0, 856, 855, 0]
	 A0A011PRW6	[621, 0, 0, 0, 620, 856, 855, 0, 0]

 ### Operon type: 240

	 A0A010SML6	[0, 856, 855, -1, 0, 706, 0, 0, 0]

 ### Operon type: 241

	 A0A010RS09	[0, 0, 0, 0, 143, 0, 717, 717, 0]

 ### Operon type: 242

	 A0A010RTE7	[0, 0, 0, 0, 0, 0, 143, 132, 0]

 ### Operon type: 243

	 A0A009P817	[169, 0, 0, 0, 168, 0, 297, 167, 166]

 ### Operon type: 244

	 A0A009TIY0	[0, 0, 0, 0, 168, 0, 297, 167, 0]

 ### Operon type: 245

	 A0A009QKA3	[297, 167, 0, 166, 0, 0, 0, 0, 240]

 ### Operon type: 246

	 A0A009HSR2	[0, 58, 57, 0, 56, 263, 264, 206, 265]

 ### Operon type: 247

	 A0A009SWM1	[0, 58, 57, 0, 56, 0, 0, 264, 0]

 ### Operon type: 248

	 A0A009MYX0	[266, 265, 0, 696, 0, 0, 264, 263, 262]

 ### Operon type: 249

	 A0A009QK79	[0, 0, 262, 263, 0, 264, 0, 0, 265]

 ### Operon type: 250

	 A0A009GXJ1	[285, 284, 263, 264, 70, 206, 265, 266, 0]

 ### Operon type: 251

	 A0A013TKW8	[0, 661, 0, 567, 453, 452, 451, 450, 449]
	 A0A010IT95	[0, 0, 0, 567, 453, 452, 451, 450, 449]
	 A0A009PRQ9	[0, 567, 179, 0, 453, 452, 451, 450, 449]
	 A0A009GWD0	[206, 0, 0, 567, 453, 452, 451, 450, 449]
	 A0A009QT77	[0, 0, -1, 567, 453, 452, 451, 450, 449]
	 A0A009I5G9	[0, 0, 567, 179, 453, 452, 451, 450, 449]
	 A0A009MH36	[0, 0, 0, 567, 453, 452, 451, 450, 449]
	 A0A009S0T6	[0, 0, 567, 179, 453, 452, 451, 450, 449]

 ### Operon type: 252

	 A0A013TMJ7	[728, -1, 0, 567, 453, 450, 449, 0, 0]

 ### Operon type: 253

	 A0A011VXC2	[-1, 594, 0, 607, 593, 592, 591, 590, 589]
	 A0A011V392	[594, 0, 607, 593, 592, 591, 0, 590, 589]

 ### Operon type: 254

	 A0A011V490	[518, 519, 0, 589, 590, 591, 592, 593, 607]

 ### Operon type: 255

	 A0A011VZF5	[0, 0, 593, 592, 591, 820, 519, 820, 0]

 ### Operon type: 256

	 A0A011WLE7	[0, 0, 0, 0, 0, 433, 0, 0, 0]
	 A0A011VU44	[0, 0, 0, 0, 0, 433, 0, 0, 0]

 ### Operon type: 257

	 A0A011VAP2	[0, 0, 490, 0, 0, 0, 0, 0, 582]

 ### Operon type: 258

	 A0A011VRJ8	[0, 0, 0, 0, 0, 0, 490, 0, 0]

 ### Operon type: 259

	 A0A011RNU1	[0, 0, 0, 0, 0, 0, 846, 846, 845]

 ### Operon type: 260

	 A0A011VKJ9	[0, 0, 0, 0, 0, 0, 845, 846, -1]

 ### Operon type: 261

	 A0A011PQZ7	[0, 0, 0, 609, 637, 0, 608, 0, 0]

 ### Operon type: 262

	 A0A011TUX4	[0, 0, 0, 0, 637, 0, 0, 608, 0]

 ### Operon type: 263

	 A0A011STZ9	[0, 0, 0, 608, 0, 0, 0, 0, 0]

 ### Operon type: 264

	 A0A011PUJ9	[0, 0, 0, 0, 0, 0, 0, 0, 630]
	 A0A011PRF5	[630, 0, 0, 0, 0, 0, 0, 0, 0]

 ### Operon type: 265

	 A0A011PFY8	[0, 0, 0, 0, 0, 0, 0, 0, 660]

 ### Operon type: 266

	 A0A011PNS3	[739, 660, 0, 0, 0, 0, 0, 0, 0]

 ### Operon type: 267

	 A0A011T648	[0, 660, 0, 0, 0, 0, 0, 736, 0]

 ### Operon type: 268

	 A0A010YYJ5	[0, 0, 0, 820, 0, 0, 0, 27, 27]

 ### Operon type: 269

	 A0A011NDM5	[820, 0, 0, 0, 0, 0, 0, 0, 0]

 ### Operon type: 270

	 A0A011MSR2	[0, 0, 0, 697, 0, 0, 0, 820, 820]

 ### Operon type: 271

	 A0A011WSU6	[0, 820, 0, 0, 590, 0, 0, 0, 0]

 ### Operon type: 272

	 A0A011U3C2	[0, 0, 675, 0, 0, 0, 0, 0, 0]
	 A0A011AEN3	[0, 0, 0, 0, 0, 0, 675, 0, 0]

 ### Operon type: 273

	 A0A011AAZ2	[0, 201, 0, 0, 0, 675, 675, 675, 0]

 ### Operon type: 274

	 A0A011T698	[0, 0, 0, 0, 0, 679, 675, 0, 0]

 ### Operon type: 275

	 A0A010YRE8	[0, 0, 0, 0, 0, 0, 0, 30, 0]

 ### Operon type: 276

	 A0A011AF05	[0, 0, 229, 30, 0, 0, 0, 0, 0]

 ### Operon type: 277

	 A0A009ZG48	[0, 0, 0, 661, 0, 0, 0, 0, 0]

 ### Operon type: 278

	 A0A011PEJ8	[0, 0, 662, 661, 0, 0, 0, 0, 0]

 ### Operon type: 279

	 A0A011QNJ7	[716, 0, 0, 661, 0, 0, 0, 716, 0]

 ### Operon type: 280

	 A0A011MMJ4	[0, 0, 0, 0, 0, 0, 0, 716, 0]

 ### Operon type: 281

	 A0A011R8M3	[0, 0, 662, 661, 0, 520, 0, 716, 0]

 ### Operon type: 282

	 A0A009ZC82	[0, 0, 681, 0, 0, 0, 0, 0, 0]

 ### Operon type: 283

	 A0A011P3F6	[706, 0, 0, 681, 0, 0, 0, 0, 0]

 ### Operon type: 284

	 A0A009IG48	[0, 0, 0, 94, 93, 0, 0, 0, 706]

 ### Operon type: 285

	 A0A009IMQ0	[0, 0, 0, 94, 93, 0, 0, 0, 0]

 ### Operon type: 286

	 A0A009SWV1	[0, 0, 0, 0, 0, 0, 0, 94, 0]

 ### Operon type: 287

	 A0A009PMZ9	[180, 0, 0, 0, 0, 0, 0, 0, 0]
	 A0A009Q512	[0, 0, 0, 0, 180, 0, 0, 0, 0]

 ### Operon type: 288

	 A0A009IFL2	[0, 106, 0, 29, -1, 0, 0, 0]

 ### Operon type: 289

	 A0A009ZDS1	[-1, -1, 0, 106, 0, 0, 260, 0, 0]

 ### Operon type: 290

	 A0A010SNM6	[139, 138, -1, 0, 0, 0, 728, 0, 0]

 ### Operon type: 291

	 A0A010T5D8	[138, 139, 0, -1, 0, -1, 400, 0, 0]

 ### Operon type: 292

	 A0A011UB51	[585, 0, 0, 0, 0, 0, 0, 0, 0]
	 A0A011UFH1	[0, 0, 0, 0, 0, 585, 0, 0, 0]

 ### Operon type: 293

	 A0A011V965	[0, -1, -1, 0, 491, 0, -1, -1, 0]
	 A0A011VHP2	[0, -1, -1, -1, 491, 0, 0, 0, 0]

 ### Operon type: 294

	 A0A010RVD0	[-1, 0, 0, -1, 0, 787, 787, 0, 24]

 ### Operon type: 295

	 A0A010T7Q5	[0, 24, 0, 0, 0, 0, -1, 0, 0]

 ### Operon type: 296

	 A0A010SJH7	[0, 0, 728, -1, 0, 0, 275, 0, 0]

 ### Operon type: 297

	 A0A010SRR2	[0, 0, -1, 0, 0, 0, 0, 0, 728]

 ### Operon type: 298

	 A0A010RKP8	[0, 0, 0, 0, 0, 0, -1, 0, 0]
	 A0A011UZ32	[0, 0, 0, 0, 0, -1, 0, 0, 0]
	 A0A010TF14	[-1, 0, 0, 0, 0, 0, 0, 0, 0]
	 A0A010RY47	[-1, 0, -1, 0, 0, 0, 0, 0, 0]
	 A0A009HJU6	[0, 0, 0, 0, 0, 0, 0, 0, -1]

 ### Operon type: 299

	 A0A010SJF9	[0, 0, 0, 0, 0, -1, 0, 156, -1]

 ### Operon type: 300

	 A0A011ML54	[0, 0, 0, 718, 0, 0, 0, 0, -1]

 ### Operon type: 301

	 A0A011NHY1	[0, 0, 0, 0, 0, 728, 0, 0, 0]

 ### Operon type: 302

	 A0A010Z171	[0, 0, 0, 0, 0, 0, 728, 0, 696]

 ### Operon type: 303

	 A0A011T697	[728, 0, 0, 0, 0, 0, 0, 0, 297]

 ### Operon type: 304

	 A0A011TDD1	[0, 429, 728, 0, 0, 0, 0, 0, 0]

 ### Operon type: 305

	 A0A011VW24	[0, 0, 859, 0, 0, 0, 0, 0, -1]

 ### Operon type: 306

	 A0A011T8V3	[0, 0, 859, 0, 0, 0, 0, 0, 0]

 ### Operon type: 307

	 A0A010TH98	[641, 0, 0, 859, 0, 0, 0, 0, 0]

 ### Operon type: 308

	 A0A011QVR3	[0, 0, 0, 0, 0, 0, 0, 776, 859]

 ### Operon type: 309

	 A0A011VYF1	[859, 0, 0, 0, 0, 0, 585, 0, 0]

 ### Operon type: 310

	 A0A010S415	[-1, 859, 0, 274, 0, 0, 0, 0, 269]

 ### Operon type: 311

	 A0A011NAJ1	[0, 0, 0, 0, 0, 0, 0, 0, 0]
	 A0A011QSN2	[0, 0, 0, 0, 0, 0, 0, 0, 0]
	 A0A011NTU3	[0, 0, 0, 0, 0, 0, 0, 0, 0]
	 A0A011NMI8	[0, 0, 0, 0, 0, 0, 0, 0, 0]
	 A0A011N2Z0	[0, 0, 0, 0, 0, 0, 0, 0, 0]
	 A0A011P9Z5	[0, 0, 0, 0, 0, 0, 0, 0, 0]
	 A0A011PBM9	[0, 0, 0, 0, 0, 0, 0, 0, 0]
	 A0A011Q056	[0, 0, 0, 0, 0, 0, 0, 0, 0]
	 A0A011PNN2	[0, 0, 0, 0, 0, 0, 0, 0, 0]
	 A0A011QMJ8	[0, 0, 0, 0, 0, 0, 0, 0, 0]
	 A0A011VYF6	[0, 0, 0, 0, 0, 0, 0, 0, 0]
	 A0A013TEV4	[0, 0, 0, 0, 0, 0, 0, 0, 0]
	 A0A013S2B9	[0, 0, 0, 0, 0, 0, 0, 0, 0]
	 A0A013SBR8	[0, 0, 0, 0, 0, 0, 0, 0, 0]
	 A0A013SL47	[0, 0, 0, 0, 0, 0, 0, 0, 0]
	 A0A011WUT3	[0, 0, 0, 0, 0, 0, 0, 0, 0]
	 A0A011VNE2	[0, 0, 0, 0, 0, 0, 0, 0, 0]
	 A0A011UBN9	[0, 0, 0, 0, 0, 0, 0, 0, 0]
	 A0A011UHL2	[0, 0, 0, 0, 0, 0, 0, 0, 0]
	 A0A009PDV4	[0, 0, 0, 0, 0, 0, 0, 0, 0]
	 A0A009MH90	[0, 0, 0, 0, 0, 0, 0, 0, 0]
	 A0A011UFM5	[0, 0, 0, 0, 0, 0, 0, 0, 0]
	 A0A010YJA7	[0, 0, 0, 0, 0, 0, 0, 0, 0]
	 A0A009M4K0	[0, 0, 0, 0, 0, 0, 0, 0, 0]
	 A0A009HIL8	[0, 0, 0, 0, 0, 0, 0, 0, 0]
	 A0A010ZTI3	[0, 0, 0, 0, 0, 0, 0, 0, 0]
	 A0A011A146	[0, 0, 0, 0, 0, 0, 0, 0, 0]
	 A0A010SHY1	[0, 0, 0, 0, 0, 0, 0, 0, 0]
	 A0A010SPJ7	[0, 0, 0, 0, 0, 0, 0, 0, 0]
	 A0A010SSQ8	[0, 0, 0, 0, 0, 0, 0, 0, 0]
	 A0A010T025	[0, 0, 0, 0, 0, 0, 0, 0, 0]
	 A0A010YZS8	[0, 0, 0, 0, 0, 0, 0, 0, 0]
	 A0A010Z120	[0, 0, 0, 0, 0, 0, 0, 0, 0]

 ### Operon type: 312

	 A0A010TG27	[714, 0, 152, 0, 0, 0, 785, 0, 0]

 ### Operon type: 313

	 A0A011PMK1	[0, 0, 0, 0, 0, 0, 0, 714, 0]

 ### Operon type: 314

	 A0A009HM15	[0, 214, 213, 0, 0, 0, -1, 0, 0]

 ### Operon type: 315

	 A0A009HRU1	[0, 263, 0, 0, 0, 0, 0, 0, 0]

 ### Operon type: 316

	 A0A009HSN8	[0, 64, 0, 0, 0, -1, 0, 242, -1]

 ### Operon type: 317

	 A0A009HV82	[204, 0, 0, 0, 0, 0, 0, 0, 0]

 ### Operon type: 318

	 A0A009IG74	[0, 0, 159, 0, 556, -1, 0, 0, 0]

 ### Operon type: 319

	 A0A009IJ90	[0, 51, 0, 0, 0, 0, 0, 0, 0]

 ### Operon type: 320

	 A0A009NM94	[0, 837, 837, 0, 0, 0, 429, 0, 0]

 ### Operon type: 321

	 A0A009Q4N5	[0, 0, 169, 0, 0, 0, 0, 0, 0]

 ### Operon type: 322

	 A0A009SSZ9	[0, 52, 0, 0, 0, 0, 0, 0, 0]

 ### Operon type: 323

	 A0A009YIH1	[0, 0, 0, 0, 216, 0, -1, -1, 2]

 ### Operon type: 324

	 A0A009YR05	[0, 0, 0, 0, 325, 0, 0, 0, 0]

 ### Operon type: 325

	 A0A009Z004	[121, 0, 121, 0, 0, 696, 0, 0, 0]

 ### Operon type: 326

	 A0A010RUQ5	[0, 0, 0, 0, 0, 0, 0, 0, 294]

 ### Operon type: 327

	 A0A010S195	[681, 0, 136, 135, 0, 0, 0, 0, 0]

 ### Operon type: 328

	 A0A010SCZ2	[0, 0, 0, 0, 0, 0, 0, 581, 0]

 ### Operon type: 329

	 A0A010SN41	[0, 0, 0, 0, 568, 0, 0, 0, 0]

 ### Operon type: 330

	 A0A010SSU2	[0, 0, 0, 0, 70, 0, -1, 672, 0]

 ### Operon type: 331

	 A0A010SUP6	[0, 0, 0, 0, 0, 0, 0, 135, 0]

 ### Operon type: 332

	 A0A010SUY9	[0, 0, 0, 0, 0, 520, 662, 0]

 ### Operon type: 333

	 A0A010THK2	[0, 0, -1, 0, 0, 717, 696, 0, 0]

 ### Operon type: 334

	 A0A010SRL4	[152, 0, 0, -1, 0, 0, 0, 696, 86]

 ### Operon type: 335

	 A0A010YX61	[369, 675, 0, 859, 0, 0, 0, 0, 0]

 ### Operon type: 336

	 A0A010S5W8	[0, 0, 697, 800, 0, 0, 0, 0, 0]

 ### Operon type: 337

	 A0A011NE37	[597, 0, 0, 0, 0, 0, 0, 0, 0]

 ### Operon type: 338

	 A0A011NF78	[0, 0, 760, 0, 0, 0, 0, 0, 0]

 ### Operon type: 339

	 A0A011NVE2	[0, 0, 0, 736, 0, 0, 728, 0, 727]

 ### Operon type: 340

	 A0A011NXJ4	[0, 0, 0, 0, 0, 0, 0, 0, 721]

 ### Operon type: 341

	 A0A011P8I1	[0, 0, 676, 675, 0, 0, 0, 0, 674]

 ### Operon type: 342

	 A0A011P9Q7	[670, 0, 0, 0, 0, 0, 0, 0, 0]

 ### Operon type: 343

	 A0A011PJ75	[0, 736, 598, 736, 0, 0, 0, 0, 0]

 ### Operon type: 344

	 A0A011PRB4	[0, 0, 0, 0, 0, 0, 0, 607, 0]

 ### Operon type: 345

	 A0A011QVT2	[740, 0, 0, 0, 0, 0, 0, 739, 0]

 ### Operon type: 346

	 A0A011RP14	[0, 0, 0, 0, 0, 0, 0, 844, 0]

 ### Operon type: 347

	 A0A011SM49	[728, 0, 844, 0, 0, 0, 418, 0, 0]

 ### Operon type: 348

	 A0A011AM27	[608, 0, 0, 0, 360, 0, 0, 0, 10]

 ### Operon type: 349

	 A0A011T607	[0, 0, 800, 0, 0, 0, 0, 0, 429]

 ### Operon type: 350

	 A0A011TAW2	[0, 0, 0, 0, 0, 0, 560, 0, 0]

 ### Operon type: 351

	 A0A011TED9	[0, 0, 0, 0, 0, 533, 0, 0, 0]

 ### Operon type: 352

	 A0A011TXS5	[0, 411, 0, 0, 0, 0, 0, 0, 0]

 ### Operon type: 353

	 A0A011U144	[0, 294, 0, 0, 0, 0, 721, 473, 0]

 ### Operon type: 354

	 A0A011U1C8	[679, 0, 0, 0, 0, 0, 0, 0, 293]

 ### Operon type: 355

	 A0A011U483	[0, 0, 0, 0, 0, 678, 0, 0, 0]

 ### Operon type: 356

	 A0A011UG86	[0, 732, 0, 0, 0, 156, 0, 0, 0]

 ### Operon type: 357

	 A0A011UQB5	[834, 765, 0, 0, 0, 0, 0, 585, 0]

 ### Operon type: 358

	 A0A011UVI5	[0, 0, 0, 0, 0, 198, 736, 736, 0]

 ### Operon type: 359

	 A0A011UWI3	[0, 0, 0, 0, 197, 0, 196, 681, 0]

 ### Operon type: 360

	 A0A011V5E6	[0, 0, 0, 0, 0, 570, 0, 0, 0]

 ### Operon type: 361

	 A0A011M4H6	[582, 0, 310, 0, 0, 0, 0, 0, 0]

 ### Operon type: 362

	 A0A011VSV3	[0, 0, 0, 0, 0, 0, 655, 0, 0]

 ### Operon type: 363

	 A0A011VWI0	[0, 0, 0, 0, 0, 516, 0, 0, 0]

 ### Operon type: 364

	 A0A011VZ91	[442, 0, 0, 0, 0, 0, 0, 0, 0]

 ### Operon type: 365

	 A0A011WP76	[0, 0, 0, 0, 0, 0, 0, 0, 742]

 ### Operon type: 366

	 A0A011WSD4	[0, 0, 0, -1, 0, 820, 0, 0, 519]

 ### Operon type: 367

	 A0A011WT35	[519, 0, 0, 0, 0, 0, 0, 0, 0]

 ### Operon type: 368

	 A0A013S843	[0, 389, 0, 0, 0, 0, -1, 388, 0]

 ### Operon type: 369

	 A0A013T5E6	[0, 0, 0, 478, 0, 0, 0, 0, 0]

 ### Operon type: 370

	 A0A009T185	[737, 0, 598, 598, 252, 736, 598, 407, 801]

 ### Operon type: 371

	 A0A010IN36	[253, 728, 0, 0, 252, 736, 598, 407, 801]

 ### Operon type: 372

	 A0A009PG43	[736, 598, 459, 739, 0, 407, 801, 0, 0]

 ### Operon type: 373

	 A0A009INE0	[253, 0, 0, 0, 0, 0, 0, 598, 407]

 ### Operon type: 374

	 A0A009T9H0	[0, 2, 706, -1, 0, 0, 264, 0, 263]

 ### Operon type: 375

	 A0A010THH5	[0, 107, 106, 198, 0, 0, 829, 0, 260]

 ### Operon type: 376

	 A0A011WSH8	[0, 0, 0, 785, 569, 0, 0, 0, 0]
	 A0A011VZE3	[0, 0, 0, 785, 569, 0, 0, 0, 0]

 ### Operon type: 377

	 A0A011NAF3	[0, 0, 0, 0, 0, 0, 785, 0, 791]

 ### Operon type: 378

	 A0A009IQ93	[289, 0, 785, 0, 0, 86, 0, 0, 0]

 ### Operon type: 379

	 A0A009Q8S9	[0, 0, 706, 552, 0, 406, 0, 0, 0]

 ### Operon type: 380

	 A0A009TLU4	[0, 411, -1, 59, 0, 22, 0, -1, -1]

 ### Operon type: 381

	 A0A009ZB47	[48, 172, 0, 0, 0, 820, 258, 0, 0]

 ### Operon type: 382

	 A0A009ZVR4	[842, 0, 675, 0, 0, 27, 0, 0, 26]

 ### Operon type: 383

	 A0A010JIN9	[258, 0, 0, 132, 131, 0, 0, 0, 0]

 ### Operon type: 384

	 A0A010S003	[651, 0, 0, 0, 0, 732, 732, 281, 0]

 ### Operon type: 385

	 A0A010SMN8	[0, -1, 137, 0, 311, 0, 0, 658, 0]

 ### Operon type: 386

	 A0A010SXS1	[0, 459, 0, 0, 0, 438, 0, 0, 739]

 ### Operon type: 387

	 A0A010T689	[10, -1, 829, 848, 0, 0, 0, 0, 0]

 ### Operon type: 388

	 A0A010TBB4	[0, 334, 0, 156, 0, 0, 0, 0, 679]

 ### Operon type: 389

	 A0A010YFK3	[0, 861, 0, 0, 0, 0, 313, 0, 293]

 ### Operon type: 390

	 A0A010YVY1	[8, 0, 8, 0, 0, 0, 0, 281, 0]

 ### Operon type: 391

	 A0A010ZSZ2	[0, 201, 0, 44, 43, 0, 0, 0, 0]

 ### Operon type: 392

	 A0A010Z0Y7	[0, 0, 0, 0, 43, 274, 0, 0, 0]

 ### Operon type: 393

	 A0A011A0M8	[0, 0, 696, 0, 29, 0, 0, 28, 28]

 ### Operon type: 394

	 A0A011NFL4	[0, 836, 0, 0, 715, 714, 0, 713, 0]

 ### Operon type: 395

	 A0A011P407	[0, 0, 680, 835, 0, 0, 679, 0, 678]

 ### Operon type: 396

	 A0A011QGT2	[785, 0, 0, 693, 692, 0, 0, 0, 0]

 ### Operon type: 397

	 A0A011QSA4	[763, 0, 762, 761, 0, 0, 0, 0, 760]

 ### Operon type: 398

	 A0A011T6J6	[0, 823, 0, 675, 0, 0, 296, 0, 295]

 ### Operon type: 399

	 A0A011TAL2	[0, 800, 0, 0, 0, 430, 0, 722, 0]

 ### Operon type: 400

	 A0A011TZG0	[696, 821, 0, 0, 0, 0, 0, 454, 0]

 ### Operon type: 401

	 A0A011UGY3	[572, 571, 570, 155, 0, 0, 0, 155, 0]

 ### Operon type: 402

	 A0A011UII7	[0, 0, 0, 0, 0, 727, 408, 0, 0]

 ### Operon type: 403

	 A0A011UNT9	[406, 420, 0, 0, 0, 0, 0, 0, 0]

 ### Operon type: 404

	 A0A011SIS0	[0, 809, 421, 421, 0, 0, 0, 420, 0]

 ### Operon type: 405

	 A0A011UT49	[0, 201, 0, 0, 0, 0, 459, 327, 0]

 ### Operon type: 406

	 A0A011VU65	[314, 0, 0, 0, 0, 313, 0, 655, 312]

 ### Operon type: 407

	 A0A011VV03	[0, 584, 0, 0, 583, 582, 0, 0, 0]

 ### Operon type: 408

	 A0A011VVZ9	[0, 0, -1, 0, 0, 581, 580, 580, 579]

 ### Operon type: 409

	 A0A011VWX7	[739, 595, 0, 0, 0, 0, 0, 830, 0]

 ### Operon type: 410

	 A0A011VXK7	[837, 837, 0, 588, 0, 0, 0, 825, 0]

 ### Operon type: 411

	 A0A011W0I6	[441, 0, 0, 0, 0, 685, 0, 718, 0]

 ### Operon type: 412

	 A0A010YEF6	[0, 441, 0, 0, 0, 0, 0, 0, 105]

 ### Operon type: 413

	 A0A013SQH1	[0, 0, 0, 0, 568, 633, 0, 567, 775]

 ### Operon type: 414

	 A0A009QJA8	[203, 202, 0, 0, 0, 0, 0, 0, 545]

 ### Operon type: 415

	 A0A009YL68	[0, 0, 679, 371, 367, 0, 0, 4, 0]

 ### Operon type: 416

	 A0A010JNG7	[567, 0, 0, 261, 0, 0, 0, 0, 0]

 ### Operon type: 417

	 A0A010RM40	[484, 785, 635, 0, 0, 0, 0, -1, 786]

 ### Operon type: 418

	 A0A010RRQ6	[0, 310, 0, 0, 0, 311, 339, 309, 0]

 ### Operon type: 419

	 A0A010S423	[296, 0, 0, 0, 0, 0, 0, 196, 841]

 ### Operon type: 420

	 A0A010T0I7	[0, 0, 105, 0, 0, 676, 762, 785, 0]

 ### Operon type: 421

	 A0A010ZUR7	[584, 42, 0, 42, 0, 41, 281, 0, 0]

 ### Operon type: 422

	 A0A011NA78	[0, 788, 0, 0, 0, 787, 0, 0, 786]

 ### Operon type: 423

	 A0A011P8W7	[673, 680, 739, 0, 672, 0, 0, 0, 0]

 ### Operon type: 424

	 A0A011PG97	[658, 0, 0, 657, 0, 0, 0, 0, 0]

 ### Operon type: 425

	 A0A011PKT4	[0, 633, 0, 0, 0, 0, 632, 0, 0]

 ### Operon type: 426

	 A0A011PLB2	[0, 673, 0, 634, 0, 0, 0, 0, 0]

 ### Operon type: 427

	 A0A011R339	[0, 0, 0, 0, 0, 0, 285, 284, 0]

 ### Operon type: 428

	 A0A011SFE5	[0, 0, 0, 837, 0, 0, 836, 835, 834]

 ### Operon type: 429

	 A0A011SJT5	[0, 0, 0, 579, 419, 419, 419, 419, 419]

 ### Operon type: 430

	 A0A011TDQ5	[0, 0, 0, 0, 428, 687, 0, 0, 0]

 ### Operon type: 431

	 A0A011VT01	[0, 0, 316, 0, 0, 316, 0, 0, 315]

 ### Operon type: 432

	 A0A009Z3V9	[785, 0, 0, 0, 0, 120, 694, 119, 118]

 ### Operon type: 433

	 A0A010SRB2	[22, 21, 0, 0, 0, 21, 139, 0, 0]

 ### Operon type: 434

	 A0A010KA25	[258, 0, 829, 306, 181, 0, 0, 258, 386]

 ### Operon type: 435

	 A0A011TZN1	[321, 320, 319, 0, 283, 0, 0, 0, 0]

 ### Operon type: 436

	 A0A011VJ76	[328, 328, 327, 713, 0, 785, 696, 0, 680]

 ### Operon type: 437

	 A0A011UG17	[221, 0, 443, 0, 577, 314, 0, 0, 0]

 ### Operon type: 438

	 A0A011WUA8	[806, 0, 0, 342, 0, 0, 0, 341, 341]

 ### Operon type: 439

	 A0A010S4X6	[0, 274, 635, 732, 347, 0, 723, 631, 717]

 ### Operon type: 440

	 A0A010YY02	[0, 7, 0, 0, 7, 638, 6, 0, 11]
