
 ### Operon type: 1

	 A0A009MW50	[195, 194, 193, 500, 192, 191, 190, 189, 439]
	 A0A009TM70	[195, 194, 193, 500, 192, 191, 189, 439, 84]
	 A0A009I8S2	[195, 194, 193, 500, 192, 191, 189, 439, 84]
	 A0A010ILU3	[195, 194, 193, 500, 192, 191, 190, 189, 439]
	 A0A009QS71	[195, 194, 193, 500, 192, 191, 190, 189, 439]
	 A0A009QBR9	[195, 194, 193, 500, 192, 191, 189, 439, 84]
	 A0A009H3B0	[195, 194, 193, 500, 192, 191, 190, 189, 439]

 ### Operon type: 2

	 A0A013TH43	[493, 492, 491, 490, 489, 488, 487, 486, 485]
	 A0A009RAF0	[493, 492, 491, 490, 489, 488, 487, 486, 485]

 ### Operon type: 3

	 A0A011PVT3	[743, 742, 741, 740, 739, 738, 737, 736, 735]
	 A0A011MET3	[743, 742, 741, 740, 739, 738, 737, 736, 735]
	 A0A011R7V7	[743, 742, 741, 740, 739, 738, 737, 736, 735]

 ### Operon type: 4

	 A0A013SNJ8	[441, 440, 439, 438, 437, 543, 448, 436, 435]
	 A0A013RZW2	[441, 440, 439, 438, 437, 543, 448, 436, 435]
	 A0A009PH20	[441, 440, 439, 438, 437, 543, 448, 436, 435]
	 A0A009MMM3	[441, 440, 439, 438, 437, 543, 448, 436, 435]
	 A0A009SIZ4	[441, 440, 439, 438, 437, 543, 448, 436, 435]
	 A0A009YIZ0	[441, 440, 439, 438, 437, 543, 448, 436, 435]
	 A0A010J9U3	[441, 440, 439, 438, 437, 543, 448, 436, 435]
	 A0A009RD69	[441, 440, 439, 438, 437, 543, 448, 436, 435]
	 A0A009HBT3	[441, 440, 439, 438, 437, 543, 448, 436, 435]
	 A0A009IV03	[441, 440, 439, 438, 437, 543, 448, 436, 435]

 ### Operon type: 5

	 A0A009PH57	[237, 236, -1, 235, 234, 688, 620, 332, 233]
	 A0A009TG92	[237, 236, -1, 235, 234, 688, 620, 332, 233]

 ### Operon type: 6

	 A0A013SXT2	[547, 546, 545, 544, 543, 542, 541, 540, 539]
	 A0A013S288	[547, 546, 545, 544, 543, 542, 541, 540, 539]
	 A0A009N031	[547, 546, 545, 544, 543, 542, 541, 540, 539]
	 A0A009PWG1	[547, 546, 545, 544, 543, 542, 541, 540, 539]
	 A0A009SFX8	[547, 546, 545, 544, 153, 543, 542, 541, 540]
	 A0A009TBM2	[546, 545, 544, 153, 543, 542, 541, 540, 539]
	 A0A010J3I1	[547, 546, 545, 544, 543, 542, 541, 540, 539]
	 A0A009R2X0	[547, 546, 545, 544, 543, 542, 541, 540, 539]
	 A0A009I0I9	[547, 546, 545, 544, 543, 542, 541, 540, 539]

 ### Operon type: 7

	 A0A013SZ54	[538, 783, 537, 536, 535, 534, 533, 532, 531]
	 A0A013T8M5	[538, 783, 537, 536, 535, 534, 533, 532, 531]
	 A0A009N123	[538, 783, 537, 536, 535, 534, 533, 532, 531]
	 A0A009Q3K7	[538, 783, 537, 536, 535, 534, 533, 532, 531]
	 A0A009SWU0	[538, 783, 537, 536, 535, 534, 533, 532, 531]
	 A0A009ZM43	[-1, 783, 537, 536, 535, 534, 533, 532, 531]
	 A0A010IMP8	[538, 783, 537, 536, 535, 534, 533, 532, 531]
	 A0A009RBQ2	[538, 783, 537, 536, 535, 534, 533, 532, 531]
	 A0A009H7U0	[538, 783, 537, 536, 535, 534, 533, 532, 531]
	 A0A009IRJ6	[538, 783, 537, 536, 535, 534, 533, 532, 531]

 ### Operon type: 8

	 A0A013RMD0	[-1, 431, 430, 429, 428, 427, 426, 425, 424]
	 A0A009N9Z1	[-1, 431, 430, 429, 428, 427, 426, 425, 424]
	 A0A009S854	[-1, 431, 430, 429, 428, 427, 426, 425, 424]
	 A0A009ZIC0	[103, 431, 430, 429, 428, 427, 426, 425, 424]
	 A0A009IHQ3	[-1, 431, 430, 429, 428, 427, 426, 425, 424]
	 A0A009RG92	[-1, 431, 430, 429, 428, 427, 426, 425, 424]
	 A0A010JDA6	[-1, 431, 430, 429, 428, 427, 426, 425, 424]
	 A0A009QDV7	[-1, 431, 430, 429, 428, 427, 426, 425, 424]
	 A0A009H6M2	[-1, 431, 430, 429, 428, 427, 426, 425, 424]

 ### Operon type: 9

	 A0A011UIA1	[292, 291, 290, 289, 288, 287, 286, 285, 0]
	 A0A011V5V3	[0, 292, 291, 290, 289, 288, 287, 286, 285]

 ### Operon type: 10

	 A0A011PTE7	[825, 824, 823, 822, 821, 0, 820, 819, 818]
	 A0A011NE72	[825, 824, 823, 822, 821, 820, 819, 818, 0]

 ### Operon type: 11

	 A0A009I4A1	[94, 48, 734, 93, 92, 91, 90, 89, 88]
	 A0A010JWJ1	[94, 48, 734, 93, 92, 91, 90, 89, 88]

 ### Operon type: 12

	 A0A009TBY8	[96, 95, 94, 93, 92, 91, 90, 89, 88]
	 A0A009QF22	[96, 95, 94, 0, 92, 91, 90, 89, 88]

 ### Operon type: 13

	 A0A011NEY3	[351, 777, 776, 775, 775, 774, 773, 772, 0]

 ### Operon type: 14

	 A0A011PAN4	[777, 776, 0, 775, 775, 774, 773, 772, 771]

 ### Operon type: 15

	 A0A011RCD5	[351, 777, 776, 775, 775, 774, 773, 772, 771]

 ### Operon type: 16

	 A0A011P4U7	[0, 803, 802, 801, 800, 799, 798, 797, 796]
	 A0A011NAY5	[803, 802, 801, 800, 799, 798, 797, 796, 0]

 ### Operon type: 17

	 A0A011PF67	[765, 764, 763, 762, 761, 0, 0, 0, 0]
	 A0A011NW66	[765, 764, 763, 762, 761, 56, 0, 0, 0]
	 A0A011NBX7	[765, 764, 763, 762, 761, 56, 0, 0, 0]

 ### Operon type: 18

	 A0A011RHX4	[765, 764, 763, 762, 761, 350, 349, 348, 0]
	 A0A011NS68	[765, 764, 763, 762, 761, 350, 349, 348, 809]

 ### Operon type: 19

	 A0A010YT39	[0, 599, 70, 69, 68, 67, 66, 65, 389]

 ### Operon type: 20

	 A0A010Z7T4	[70, 69, 68, 67, 66, 65, 389, 204, 834]

 ### Operon type: 21

	 A0A013SP43	[450, 449, 448, 447, 446, 445, 444, 443, 442]
	 A0A009RUN3	[450, 449, 448, 447, 446, 445, 444, 443, 442]
	 A0A010K6G6	[450, 449, 448, 447, 446, 445, 444, 0, 442]

 ### Operon type: 22

	 A0A011VWR4	[0, 0, 0, 0, 53, 52, 51, 50, 49]

 ### Operon type: 23

	 A0A011VYP6	[53, 52, 51, 50, 49, 0, 278, 740, 0]

 ### Operon type: 24

	 A0A011QAS2	[0, 663, 662, 661, 660, 659, 658, 657, 656]
	 A0A011NEQ1	[0, 663, 662, 661, 660, 659, 658, 657, 656]

 ### Operon type: 25

	 A0A013T0M4	[530, 529, 528, 527, 526, 525, 524, 523, 0]
	 A0A009RGL2	[530, 529, 528, 527, 526, 525, 524, 523, 35]
	 A0A010JSI3	[530, 529, 528, 527, 526, 525, 524, 523, 0]
	 A0A009HDS5	[530, 529, 528, 527, 526, 525, 524, 523, 35]

 ### Operon type: 26

	 A0A009SNL0	[135, 134, 391, 133, 132, 131, 130, 129, 128]

 ### Operon type: 27

	 A0A009T1I8	[391, 133, 132, 131, 130, 129, 128, 0, 0]

 ### Operon type: 28

	 A0A011VUV0	[580, 579, 578, 577, 576, 575, 574, 573, 0]
	 A0A011VW71	[0, 580, 579, 578, 577, 576, 575, 574, 573]

 ### Operon type: 29

	 A0A011UG71	[608, 607, 606, 614, 613, 612, 611, 610, 609]

 ### Operon type: 30

	 A0A011V8Z7	[0, 0, 608, 607, 606, 614, 613, 612, 611]

 ### Operon type: 31

	 A0A011V8Y9	[614, 613, 612, 611, 610, 609, 0, 0, 0]

 ### Operon type: 32

	 A0A011U8C0	[0, 612, 607, 0, 329, 610, 0, 0, 0]

 ### Operon type: 33

	 A0A011QSF0	[0, 759, 758, 757, 756, 755, 754, 703, 0]
	 A0A011QBB5	[760, 759, 758, 757, 756, 755, 754, 703, 693]
	 A0A011Q0X6	[760, 759, 758, 757, 756, 755, 754, 703, 693]
	 A0A011Q1X8	[759, 0, 758, 757, 756, 755, 754, 703, 693]

 ### Operon type: 34

	 A0A011PG87	[760, 759, 758, 757, 756, 755, 754, 0, 0]

 ### Operon type: 35

	 A0A011PCT1	[770, 769, 789, 0, 0, 0, 0, 768, 0]

 ### Operon type: 36

	 A0A011QU35	[0, 0, 0, 0, 791, 0, 770, 769, 789]

 ### Operon type: 37

	 A0A011Q2B1	[793, 792, 791, 790, 789, 681, 680, 679, 768]

 ### Operon type: 38

	 A0A011RLN8	[702, 701, 791, 790, 789, 681, 680, 679, 768]

 ### Operon type: 39

	 A0A011P700	[0, 0, 795, 794, 793, 792, 791, 790, 789]

 ### Operon type: 40

	 A0A011QSI4	[0, 0, 795, 794, 793, 0, 702, 701, 791]

 ### Operon type: 41

	 A0A013T337	[517, 516, 515, 514, 513, 870, 512, 872, 511]
	 A0A013TH30	[517, 516, 515, 514, 513, 870, 512, 872, 511]
	 A0A013S981	[407, 517, 516, 515, 514, 513, 870, 512, 872]

 ### Operon type: 42

	 A0A010JY00	[407, 517, 516, 515, 107, 870, 512, 872, 511]

 ### Operon type: 43

	 A0A013TPV4	[464, 463, 462, 461, 460, 459, 458, 734, 457]
	 A0A009QQ47	[464, 463, 462, 461, 460, 459, 458, 734, 457]
	 A0A009SZB5	[464, 463, 462, 461, 460, 459, 458, 734, 457]
	 A0A009MGJ1	[464, 463, 462, 461, 460, 459, 458, 734, 457]
	 A0A010IZE4	[464, 463, 462, 461, 460, 459, 458, 734, 457]
	 A0A009HL81	[464, 463, 462, 461, 460, 459, 458, 734, 457]
	 A0A009HR98	[464, 463, 462, 461, 460, 459, 458, 734, 457]

 ### Operon type: 44

	 A0A009Z8F7	[463, 462, 459, 0, 460, 113, 113, 0, 156]

 ### Operon type: 45

	 A0A009R016	[14, 13, 12, 11, 103, -1, 556, 10, 9]
	 A0A009HFU9	[14, 13, 12, 11, 103, 556, 10, 9, 0]

 ### Operon type: 46

	 A0A011UJN3	[0, 320, 0, 0, 319, 318, 317, 316, 315]

 ### Operon type: 47

	 A0A011W213	[319, 318, 317, 316, 315, 57, 0, 0, 0]

 ### Operon type: 48

	 A0A011QIT1	[726, 725, 724, 811, 723, 722, 721, 720, 719]
	 A0A011QUG8	[726, 725, 724, 811, 723, 722, 0, 721, 720]

 ### Operon type: 49

	 A0A011PP01	[843, 842, 841, 840, 839, 838, 837, 836, 835]
	 A0A011NVE7	[843, 842, 841, 840, 839, 838, 837, 836, 835]

 ### Operon type: 50

	 A0A011P2I4	[856, 744, 815, 835, 836, 837, 838, 839, 840]
	 A0A011N9N8	[856, 744, 815, 835, 836, 837, 838, 839, 840]

 ### Operon type: 51

	 A0A011PIY7	[816, 0, 815, 835, 836, 837, 838, 0, 840]

 ### Operon type: 52

	 A0A011Q3J4	[0, 816, 815, 835, 836, 837, 838, 839, 0]

 ### Operon type: 53

	 A0A011MH88	[615, 816, 815, 835, 836, 837, 838, 839, 840]

 ### Operon type: 54

	 A0A013SPM5	[509, 508, 507, 506, 505, 504, 503, 502, 501]
	 A0A009TK03	[509, 508, 507, 506, 505, 504, 503, 502, 501]
	 A0A009I6Z0	[509, 508, 507, 506, 505, 504, 503, 502, 501]
	 A0A010IX62	[509, 508, 507, 506, 505, 504, 503, 502, 501]
	 A0A009QFZ7	[509, 508, 507, 506, 505, 504, 503, 502, 501]
	 A0A009MH71	[509, 508, 507, 506, 505, 504, 503, 502, 501]
	 A0A009HSL1	[509, 508, 507, 506, 505, 504, 503, 502, 501]

 ### Operon type: 55

	 A0A009ZIX8	[0, 102, 507, 506, 505, 640, 0, 501, 0]

 ### Operon type: 56

	 A0A013TPR7	[472, 471, 470, 469, 468, 467, 466, 785, 465]
	 A0A009PMT3	[472, 471, 470, 469, 468, 467, 466, 785, 465]
	 A0A009NI48	[472, 471, 470, 469, 468, 467, 466, 785, -1]
	 A0A009SEP4	[472, 471, 470, 469, 468, 0, 467, 466, 0]
	 A0A009RMI1	[472, 471, 470, 469, 468, 467, 466, 785, 0]
	 A0A009YG45	[0, 472, 471, 470, 468, 0, 467, 466, 785]
	 A0A009I8I7	[472, 471, 470, 469, 468, 467, 466, 785, 42]
	 A0A010JJN4	[472, 471, 470, 469, 468, 467, 466, 785, 465]
	 A0A009HJJ5	[472, 471, 470, 469, 468, 467, 466, 785, 42]

 ### Operon type: 57

	 A0A013TPQ9	[479, 478, 477, 476, 475, 734, 730, 474, 473]
	 A0A013S8F0	[479, 478, 477, 476, 475, 734, 730, 474, 473]
	 A0A009PMU2	[479, 478, 477, -1, 475, 734, 730, 474, 473]
	 A0A009SZ84	[479, 478, 477, 476, 475, 734, 730, 474, 473]
	 A0A010IZH1	[-1, 478, 477, 476, 475, 734, 730, 474, 473]
	 A0A009HJM0	[479, 478, 477, 476, 475, 734, 730, 474, 473]

 ### Operon type: 58

	 A0A009HUS9	[478, 477, 0, 476, 475, 4, -1, 3, 2]

 ### Operon type: 59

	 A0A009ISE1	[467, 466, 785, 2, 3, -1, 4, 475, 476]

 ### Operon type: 60

	 A0A009NPS1	[479, 478, 477, 476, 475, -1, 785, 466, 467]

 ### Operon type: 61

	 A0A013SB36	[406, 405, 404, 403, 402, 401, 400, 399, 398]
	 A0A009QSI3	[406, 405, 404, 403, 402, 401, 400, 399, -1]

 ### Operon type: 62

	 A0A010ITP2	[406, 405, 404, 403, 402, 401, 400, 0, 0]

 ### Operon type: 63

	 A0A009SII9	[-1, 405, 404, 403, 402, 401, 400, 152, 151]

 ### Operon type: 64

	 A0A009T0Q9	[402, 401, 400, 152, 151, 398, 615, 734, 116]

 ### Operon type: 65

	 A0A009YJF4	[0, 401, 400, 83, 82, 615, 734, 0, 116]

 ### Operon type: 66

	 A0A009GP96	[0, 40, 734, 204, 39, 1, 556, 38, 37]

 ### Operon type: 67

	 A0A009GSR4	[204, 39, 1, 556, 38, 37, 37, 36, 0]

 ### Operon type: 68

	 A0A009IIT6	[40, 734, 204, 39, 38, 37, 37, 36, 0]

 ### Operon type: 69

	 A0A011SQL0	[808, 331, -1, 330, 329, 328, 552, 327, 326]
	 A0A011UZ49	[331, -1, 330, 329, 328, 552, 327, 326, 0]

 ### Operon type: 70

	 A0A009PT82	[744, 694, 224, 223, 222, 221, 220, 219, 218]
	 A0A009SIF9	[744, 694, 224, 223, 222, 221, 220, 219, 218]

 ### Operon type: 71

	 A0A009IS10	[310, 0, 0, 0, 222, 221, 220, 0, 0]

 ### Operon type: 72

	 A0A009QHW5	[0, 0, 0, 195, 222, 221, 220, 0, 112]

 ### Operon type: 73

	 A0A011UVB4	[0, 0, 0, 311, 0, 0, 310, 0, 573]

 ### Operon type: 74

	 A0A011V107	[298, -1, 365, 363, 366, 362, 297, 296, 0]
	 A0A011U7M7	[0, 298, -1, 365, 363, 366, 362, 297, 296]

 ### Operon type: 75

	 A0A011TLH0	[367, 366, 365, 364, 363, 362, 0, 0, 0]

 ### Operon type: 76

	 A0A011UG87	[359, 360, 361, 367, 366, 365, 364, 363, 362]

 ### Operon type: 77

	 A0A011TLH7	[361, 360, 359, 0, 0, 0, 0, 0, 0]

 ### Operon type: 78

	 A0A011TAF9	[0, 0, 377, 376, 375, 374, 373, 372, 371]
	 A0A011TWN2	[377, 376, 375, 374, 373, 372, 371, 0, 0]

 ### Operon type: 79

	 A0A011Q5V7	[674, 0, 0, 0, 673, 672, 671, 670, 669]

 ### Operon type: 80

	 A0A011RM25	[673, 672, 671, 670, 669, 699, 0, 491, 0]

 ### Operon type: 81

	 A0A011QIE8	[733, 732, 731, 730, 729, 728, 727, 0, 0]
	 A0A011QDV3	[733, 732, 731, 730, 729, 728, 694, 0, 727]

 ### Operon type: 82

	 A0A011PL71	[861, 860, 859, 858, 857, 856, 855, 854, 0]
	 A0A011QAB0	[860, 859, 858, 0, 857, 856, 855, 854, 0]

 ### Operon type: 83

	 A0A011Q6N5	[668, 667, 666, 0, 0, 0, 665, 664, 665]

 ### Operon type: 84

	 A0A011SGD5	[0, 0, 0, 0, 0, 0, 668, 667, 666]

 ### Operon type: 85

	 A0A011NYU6	[690, 689, 0, 688, 833, 644, 643, 0, 687]

 ### Operon type: 86

	 A0A011PYI6	[690, 689, 0, 688, 833, 687, 686, 806, 0]

 ### Operon type: 87

	 A0A011P1C0	[0, 0, 644, 643, 687, 0, 0, 0, 0]

 ### Operon type: 88

	 A0A011PKU5	[867, 866, 865, 864, 865, 863, 862, 0, 0]
	 A0A011N4G4	[0, 0, 867, 866, 865, 864, 865, 863, 862]

 ### Operon type: 89

	 A0A010ZWJ8	[634, 633, 632, 834, 631, 782, 630, 782, 629]

 ### Operon type: 90

	 A0A011AHW1	[631, 834, 632, 633, 634, 0, 0, 636, 0]

 ### Operon type: 91

	 A0A011AHU9	[630, 782, 629, 0, 0, 0, 0, 616, 615]

 ### Operon type: 92

	 A0A010ZX98	[628, 627, 626, 625, 624, 623, 730, 730, 0]

 ### Operon type: 93

	 A0A011AIL7	[624, 625, 626, 627, 628, 0, 0, 0, 0]

 ### Operon type: 94

	 A0A010YF95	[675, 75, 721, 74, 73, 73, 72, 321, 71]

 ### Operon type: 95

	 A0A010ZJQ6	[75, 721, 74, 73, 73, 72, 321, 71, 0]

 ### Operon type: 96

	 A0A009GXL8	[26, 25, 24, 83, 82, 93, 167, 166, 165]

 ### Operon type: 97

	 A0A010JIW7	[26, 25, 24, 83, 82, 0, 0, 167, 166]

 ### Operon type: 98

	 A0A011QNA5	[0, 718, 717, 716, 0, 715, 714, 713, 712]
	 A0A009ZLJ7	[712, 713, 714, 715, 0, 0, 718, 717, 716]

 ### Operon type: 99

	 A0A013T0T6	[715, 714, 713, 712, 522, 521, 520, 519, 518]
	 A0A009PE10	[715, 714, 713, 712, 522, 245, 520, 519, -1]
	 A0A009RMD0	[715, 714, 713, 712, 522, 245, 520, 519, 518]
	 A0A009QMH5	[715, 714, 713, 712, 522, 521, 520, 519, 518]
	 A0A009HAX1	[715, 714, 713, 712, 522, 521, 520, 519, 518]
	 A0A009ISY0	[715, 714, 713, 712, 522, 245, 520, 519, 518]

 ### Operon type: 100

	 A0A010ILW6	[715, 714, 713, 712, 522, 521, 0, 0, 519]

 ### Operon type: 101

	 A0A009Z9X7	[714, 713, 712, 0, 522, 0, 698, 0, 519]

 ### Operon type: 102

	 A0A013S8V2	[410, 409, 0, 0, 0, 408, 0, 0, 0]
	 A0A009R8E1	[0, 642, 0, 410, 409, 0, 0, 408, 0]

 ### Operon type: 103

	 A0A009ZFR5	[441, 211, 210, 209, 107, 106, 105, 104, 872]
	 A0A009ICH6	[441, 211, 210, 209, 107, 106, 105, 104, 872]

 ### Operon type: 104

	 A0A009NQA1	[441, 211, 210, 209, 208, 207, 515, 872, 870]
	 A0A009RR21	[441, 211, 210, 209, 208, 207, 515, 872, 870]

 ### Operon type: 105

	 A0A009T3J5	[441, 211, 210, 209, 208, 207, 99, 645, 98]
	 A0A009HTN9	[441, 211, 210, 209, 208, 207, 99, 645, 98]

 ### Operon type: 106

	 A0A009Q0U9	[441, 211, 210, 209, 208, 207, -1, -1, 0]

 ### Operon type: 107

	 A0A009QEG7	[137, 138, 43, 44, 45, 6, 5, 139, 140]
	 A0A009IPC3	[137, 138, 43, 44, 45, 6, 5, 139, 140]

 ### Operon type: 108

	 A0A009I573	[146, 0, 47, 141, 0, 46, 45, 44, 43]

 ### Operon type: 109

	 A0A009ILP9	[139, 0, 43, 44, 45, 46, 140, 141, 47]

 ### Operon type: 110

	 A0A009I953	[139, 0, 43, 44, 45, 46, 140, 0, -1]

 ### Operon type: 111

	 A0A009SX74	[752, 809, 0, 141, 140, 139, 138, 137, 136]

 ### Operon type: 112

	 A0A009MMG9	[203, 452, 555, 635, 202, 201, 200, 199, 324]
	 A0A009ICP5	[203, 452, 555, 635, 202, 201, 200, 199, 324]
	 A0A010IPH1	[203, 452, 555, 635, 202, 201, 200, 199, 324]
	 A0A009QVK8	[203, 452, 555, 635, 202, 201, 200, 199, 324]

 ### Operon type: 113

	 A0A009SIV4	[150, 149, 148, 147, 202, 201, 200, 199, 324]
	 A0A013TSJ4	[149, 148, 0, 147, 202, 201, 200, 199, 324]
	 A0A009QLL2	[150, 149, 148, 147, 202, 201, 200, 199, 324]
	 A0A009HTW0	[150, 149, 148, 147, 202, 201, 200, 199, 324]

 ### Operon type: 114

	 A0A013TCN9	[500, 499, 498, 497, 496, 495, 494, 734, 730]
	 A0A009NIJ3	[500, 499, 498, 497, 496, 495, 494, 734, 730]
	 A0A009QNC9	[500, 499, 498, 497, 496, 495, 494, 734, 730]
	 A0A013TRC1	[500, 499, 498, 497, 496, 495, 494, 734, 730]
	 A0A010ITG1	[500, 499, 498, 497, 496, 495, 494, 734, 730]

 ### Operon type: 115

	 A0A009H935	[0, 0, 498, 497, 496, 495, 494, 734, 730]

 ### Operon type: 116

	 A0A009SF48	[419, 418, 417, 416, 415, -1, 155, 806, 154]
	 A0A009QEX0	[419, 418, 417, 416, 415, 155, 155, 806, 154]
	 A0A009IMX3	[419, 418, 417, 416, 415, 155, 155, 806, 154]

 ### Operon type: 117

	 A0A013S7V1	[419, 418, 417, 416, 415, 414, 441, 413, 412]
	 A0A009MR00	[419, 418, 417, 416, 415, 414, 441, 413, 412]
	 A0A009RES7	[419, 418, 417, 416, 415, 414, 441, 413, 412]
	 A0A010ISX2	[419, 418, 417, 416, 415, 414, 441, 413, 412]

 ### Operon type: 118

	 A0A009YTT3	[100, 103, 417, 416, 415, 414, 441, 413, 412]

 ### Operon type: 119

	 A0A009GYP9	[0, 0, 0, 416, 415, 414, 441, 413, 412]

 ### Operon type: 120

	 A0A009ZZC8	[-1, 134, 135, 100, 103, 417, 416, 415, 414]

 ### Operon type: 121

	 A0A011WSE5	[568, 567, 566, 565, 564, 563, 562, 561, 560]
	 A0A011UGX8	[276, 568, 567, 566, 565, 564, 563, 562, 561]

 ### Operon type: 122

	 A0A011VZG0	[386, 0, 276, 568, 567, 566, 565, 564, 563]

 ### Operon type: 123

	 A0A009PJF7	[232, 231, 231, 230, 229, 585, 228, 227, 279]
	 A0A009SJZ7	[311, 232, 231, 230, 229, 585, 228, 227, 279]

 ### Operon type: 124

	 A0A009Z5G0	[585, 230, 231, 0, 569, 232, 311, 433]

 ### Operon type: 125

	 A0A010JJC1	[336, 108, 32, 111, 31, 30, 29, 33, 28]
	 A0A010IZ41	[108, 32, 111, 31, 30, 29, 33, 28, 448]

 ### Operon type: 126

	 A0A009QJL6	[336, 108, 32, 111, 0, 28, 448, 274, 0]

 ### Operon type: 127

	 A0A013TB41	[456, -1, 455, 454, 453, 744, 452, 805, 451]
	 A0A013SGL3	[456, 397, 455, 454, 453, 744, 452, 805, 451]
	 A0A009PG53	[456, 397, 455, 454, 453, 744, 452, 805, 451]
	 A0A009NE81	[456, 397, 455, 454, 453, 744, 452, 805, 451]
	 A0A009SHB3	[456, 397, 455, 454, 453, 744, 452, 805, 451]
	 A0A009RQH3	[456, 397, 455, 454, 453, 744, 452, 805, 451]
	 A0A009I5Z6	[456, 397, 455, 454, 453, 744, 452, 805, 451]
	 A0A010KAV2	[456, 397, 455, 454, 453, 744, 452, 805, 451]

 ### Operon type: 128

	 A0A009H3X4	[456, 397, 455, 454, 453, 744, -1, 605, -1]

 ### Operon type: 129

	 A0A009PIB4	[0, 0, 0, 217, 305, 216, 556, 734, 856]
	 A0A009SLR5	[0, 0, 0, 217, 305, 216, 556, 734, 856]

 ### Operon type: 130

	 A0A009HSU4	[0, 0, 851, 734, 0, 744, 805, 856, 556]

 ### Operon type: 131

	 A0A009PAG1	[390, 258, 257, 543, 543, 389, 388, 387, 256]
	 A0A009I463	[390, 258, 257, 543, 543, 389, 388, 387, 256]

 ### Operon type: 132

	 A0A013SKX6	[0, 0, 390, 0, 543, 543, 389, 388, 387]

 ### Operon type: 133

	 A0A011Q5S3	[719, 678, 0, 0, 0, 0, 677, 676, 675]

 ### Operon type: 134

	 A0A011UZZ4	[0, 677, 676, 0, 0, 0, 303, 303, 675]

 ### Operon type: 135

	 A0A011UTJ0	[0, 0, 0, 596, 595, 594, 798, 593, 592]

 ### Operon type: 136

	 A0A011VMV7	[596, 595, 594, 798, 593, 592, 591, 590, 589]

 ### Operon type: 137

	 A0A011NYT4	[788, 787, 786, 785, 0, 55, 55, 401, 400]

 ### Operon type: 138

	 A0A011P8E9	[0, 0, 788, 787, 0, 786, 785, 0, 0]

 ### Operon type: 139

	 A0A010TF34	[0, -1, 0, 0, 263, 262, 261, 260, 259]
	 A0A010SYH9	[263, 262, 261, 260, 259, 0, 0, 0, 0]

 ### Operon type: 140

	 A0A010TFJ4	[0, -1, 0, 268, 267, 266, 265, -1, 264]
	 A0A010S7A1	[268, 267, 266, 265, 0, 264, 0, 0, 0]

 ### Operon type: 141

	 A0A009PAV9	[255, -1, 555, 254, 543, 556, 253, 252, 251]
	 A0A009HJC2	[255, 730, 555, 254, 543, 556, 253, 252, 251]

 ### Operon type: 142

	 A0A009SE02	[0, 251, 0, 0, 0, 252, 253, 556, 543]

 ### Operon type: 143

	 A0A009SYU8	[805, 441, 778, 396, 238, 734, 734, 421, 394]
	 A0A009RSB7	[805, 441, 778, 396, 238, 734, 734, 421, 394]
	 A0A009HS41	[805, 441, 778, 396, 238, 734, 734, 421, 394]

 ### Operon type: 144

	 A0A013SHA9	[805, 441, 778, 396, 395, 734, 734, 421, 394]
	 A0A009I466	[805, 441, 778, 396, 395, 734, 734, 421, 394]
	 A0A010IT25	[805, 441, 778, 396, 395, 734, 734, 421, 394]

 ### Operon type: 145

	 A0A009NMQ9	[805, 441, 778, 396, 395, 0, 734, 734, 421]

 ### Operon type: 146

	 A0A009P8A9	[0, 0, 778, 396, 238, 734, 734, 421, 394]

 ### Operon type: 147

	 A0A009NJ90	[174, 173, 172, 171, 170, 169, 168, 182, 181]
	 A0A009ITT8	[174, 173, 172, 171, 170, 168, 182, 181, 180]

 ### Operon type: 148

	 A0A009NCH6	[183, 182, 181, 180, 179, 178, 177, 176, 175]
	 A0A009IJ01	[182, 181, 180, 118, 179, 178, 177, 176, 175]

 ### Operon type: 149

	 A0A009RQL5	[182, 181, 180, 121, 179, 178, 177, 176, 0]

 ### Operon type: 150

	 A0A009MGQ8	[170, 0, 183, 182, 181, 180, 179, 178, 177]

 ### Operon type: 151

	 A0A009RHH7	[124, 123, 122, 171, 170, 169, 182, 181, 180]
	 A0A009S6G1	[124, 123, 122, 171, 170, 182, 181, 180, 179]
	 A0A009IJ07	[124, 123, 122, 171, 170, 182, 181, 180, 118]

 ### Operon type: 152

	 A0A009HZK2	[122, 171, 170, 182, 181, 180, 118, 179, 178]

 ### Operon type: 153

	 A0A009R4N4	[171, 170, 169, 182, 181, 180, 121, 179, 178]

 ### Operon type: 154

	 A0A009S5A5	[170, 169, 168, 182, 181, 180, 118, 117, 179]

 ### Operon type: 155

	 A0A009RHH9	[0, 0, 0, 0, 284, 124, 123, 122, 171]

 ### Operon type: 156

	 A0A011PGU1	[0, 0, 751, 750, 749, 748, 747, 746, 745]
	 A0A011MDH1	[682, 0, 751, 750, 749, 748, 747, 746, 745]

 ### Operon type: 157

	 A0A011V0P4	[302, 301, 0, 0, 572, 0, 0, 300, 299]

 ### Operon type: 158

	 A0A011WPV7	[300, 299, 0, 0, 0, 0, 0, 0, 0]

 ### Operon type: 159

	 A0A011UDF3	[750, 581, 0, 0, 0, 358, 588, 587, 707]

 ### Operon type: 160

	 A0A011VSC9	[588, 587, 707, 0, 0, 0, 0, 0, 0]

 ### Operon type: 161

	 A0A011SF89	[343, 342, 341, 0, 0, 0, 0, 0, 0]

 ### Operon type: 162

	 A0A011UCX7	[0, 860, 343, 342, 0, 341, 280, 0, 0]

 ### Operon type: 163

	 A0A011RNP9	[0, 0, 0, 0, 0, 574, 855, 0, 0]

 ### Operon type: 164

	 A0A011V0B5	[390, 0, 0, 0, 0, 0, 574, 0, 0]

 ### Operon type: 165

	 A0A011RQC9	[0, 390, 458, 0, 0, 0, 0, 344, 0]

 ### Operon type: 166

	 A0A011QG28	[710, 709, 750, 0, 749, 748, 783, 708, 784]
	 A0A011RIM8	[710, 709, 0, 0, 749, 748, 783, 708, 784]

 ### Operon type: 167

	 A0A011PHI6	[814, 0, 813, 0, 0, 812, 811, 810, 0]

 ### Operon type: 168

	 A0A011QI68	[0, 0, 813, 812, 0, 0, 0, 0, 0]

 ### Operon type: 169

	 A0A011NVJ6	[162, 649, 648, 647, 646, 645, 0, 0, 370]

 ### Operon type: 170

	 A0A011PVP2	[0, 649, 648, 647, 646, 645, 0, 0, 743]

 ### Operon type: 171

	 A0A011NXY7	[0, 0, 648, 0, 646, 0, 0, 0, 0]

 ### Operon type: 172

	 A0A011QR69	[697, 696, 872, 695, 871, 870, 0, 0, 0]
	 A0A011NUB4	[697, 696, 872, 695, 871, 870, 0, 57, 0]

 ### Operon type: 173

	 A0A011NN36	[696, 872, 0, 0, 871, 870, 0, 0, 0]

 ### Operon type: 174

	 A0A011PK69	[872, 873, 0, 0, 871, 870, 0, 0, 0]

 ### Operon type: 175

	 A0A011RMI6	[654, 827, 826, 347, 346, 653, 652, 651, 650]
	 A0A011NYD6	[654, 827, 826, 347, 346, 653, 652, 651, 650]

 ### Operon type: 176

	 A0A011QB28	[655, 654, 827, 0, 0, 653, 652, 651, 650]

 ### Operon type: 177

	 A0A011NF33	[0, 653, 652, 0, 0, 0, 0, 0, 0]

 ### Operon type: 178

	 A0A011NBY4	[54, 0, 0, 313, 0, 0, 81, 0, 0]

 ### Operon type: 179

	 A0A011WRT0	[54, 0, 0, 0, 0, 0, 0, 806, 0]

 ### Operon type: 180

	 A0A011SHV5	[0, 0, 0, 0, 0, 337, 806, 336, 0]

 ### Operon type: 181

	 A0A011NB95	[0, 700, 0, 0, 0, 0, 555, 272, 270]

 ### Operon type: 182

	 A0A011UHT4	[274, 273, 272, 0, 0, 271, 271, 270, 0]

 ### Operon type: 183

	 A0A010Z1W7	[0, 0, 0, 0, 0, 59, 0, 77, 61]

 ### Operon type: 184

	 A0A011VY84	[0, 0, 61, 77, 0, 0, 0, 0, 0]

 ### Operon type: 185

	 A0A010YW85	[0, 0, 0, 0, 0, 378, 0, 77, 61]

 ### Operon type: 186

	 A0A010ZMA0	[77, 76, 0, 0, 0, 0, 0, 0, 0]

 ### Operon type: 187

	 A0A011N5L2	[0, 0, 0, 76, 0, 473, 465, 0, 0]

 ### Operon type: 188

	 A0A009MJ75	[0, 0, 256, 206, 205, 0, 0, 0, 204]

 ### Operon type: 189

	 A0A010IH51	[0, 324, 0, 0, 205, 0, 204, 0, 0]

 ### Operon type: 190

	 A0A011TYT7	[0, 0, 0, 0, 0, 0, 324, 323, 323]

 ### Operon type: 191

	 A0A010RRR9	[0, 0, 0, 0, 739, 0, 0, 158, 204]

 ### Operon type: 192

	 A0A010SIA7	[0, 0, 158, 265, 0, 0, 0, 0, 0]

 ### Operon type: 193

	 A0A010RFQ9	[0, 0, 427, 0, 34, 0, 0, 0, 0]

 ### Operon type: 194

	 A0A010SPR9	[22, 22, 0, 0, 0, 34, 0, 0, 0]

 ### Operon type: 195

	 A0A009LNU8	[549, 551, 552, 553, 0, 86, 0, 556, 0]

 ### Operon type: 196

	 A0A013SRG6	[554, 553, 552, 551, 0, 550, 0, 549, 548]

 ### Operon type: 197

	 A0A009IQU8	[0, 551, 0, 0, 0, 550, 548, 0, 0]

 ### Operon type: 198

	 A0A010K2K8	[552, 553, 554, 0, 0, 0, 0, -1, 556]

 ### Operon type: 199

	 A0A011NPR8	[0, 548, 0, 0, 0, 0, 160, 0, 0]

 ### Operon type: 200

	 A0A010SEA2	[678, 160, 159, 0, 0, 0, 0, 0, 0]

 ### Operon type: 201

	 A0A010IGH8	[0, 0, 0, 0, 0, 0, 0, 420, 421]

 ### Operon type: 202

	 A0A010STD3	[0, 0, 0, 357, 356, 355, 0, 421, 420]

 ### Operon type: 203

	 A0A010SQJ5	[411, 635, 0, 357, 356, 355, 0, 0, 0]

 ### Operon type: 204

	 A0A013RVV2	[500, 0, 423, 422, 0, 0, 421, 420, 0]

 ### Operon type: 205

	 A0A011TD67	[358, 0, 0, 357, 356, 355, 354, 0, 630]

 ### Operon type: 206

	 A0A009ZC12	[0, 0, 0, 357, 0, 355, 354, 110, 705]

 ### Operon type: 207

	 A0A009YSC7	[0, 0, 81, 80, 0, 80, 423, 422, 0]

 ### Operon type: 208

	 A0A009ZJK4	[0, 0, 0, 0, 0, 0, 441, 101, 0]

 ### Operon type: 209

	 A0A010SVN1	[-1, 101, 734, 196, 368, 0, 0, 441, 0]

 ### Operon type: 210

	 A0A009PFK7	[244, 243, 242, 241, 240, 0, 0, 239, 0]
	 A0A009QGN4	[244, 243, 242, 241, 240, 239, 0, 0, 0]

 ### Operon type: 211

	 A0A009YR20	[0, 239, 0, 0, 0, 0, 243, 0, 0]

 ### Operon type: 212

	 A0A009SCM5	[127, 126, 125, 0, 0, 0, 0, 0, 0]

 ### Operon type: 213

	 A0A009TJ77	[136, 87, 0, 0, 0, 0, 127, 126, 125]

 ### Operon type: 214

	 A0A009HZV2	[0, 0, 0, 0, 164, 163, 169, 0, 0]

 ### Operon type: 215

	 A0A009QPE7	[0, 0, 0, 0, 164, 163, 0, 0, 0]

 ### Operon type: 216

	 A0A009MGR3	[0, 0, 7, 0, 510, 117, 11, 248, 247]

 ### Operon type: 217

	 A0A009Q4G0	[0, 8, 7, 0, 510, 0, 248, 247, 248]

 ### Operon type: 218

	 A0A009PB53	[0, 0, 250, 249, 510, 248, 247, 248, 246]

 ### Operon type: 219

	 A0A009PUJ8	[0, 250, 249, 510, 0, 246, 167, 166, 165]

 ### Operon type: 220

	 A0A009QQC0	[15, 0, 198, 734, 392, 392, 197, 474, 196]
	 A0A009H7I0	[15, 0, 0, 734, 392, 392, 197, 474, 196]

 ### Operon type: 221

	 A0A009MVG4	[198, 0, 393, 734, 392, 392, 197, 474, 196]

 ### Operon type: 222

	 A0A010J377	[120, 119, 805, 734, 392, 392, 197, 474, 196]
	 A0A009QA91	[120, 119, 805, 734, 392, 392, 197, 474, 196]

 ### Operon type: 223

	 A0A009S1X4	[120, 119, 805, 734, 392, 392, 734, 0, 620]

 ### Operon type: 224

	 A0A013SHF4	[0, 0, 393, 734, 392, 392, 0, 391, 0]

 ### Operon type: 225

	 A0A011PJK8	[851, 850, 849, 848, 847, 846, 0, 0, 0]
	 A0A011N3C3	[0, 0, 0, 851, 850, 849, 848, 847, 846]

 ### Operon type: 226

	 A0A011UWH1	[852, 308, 307, 306, 0, 0, 0, 0, 0]
	 A0A011WKI4	[0, 0, 0, 0, 0, 852, 308, 307, 306]

 ### Operon type: 227

	 A0A010YKP2	[0, 0, 0, 0, 0, 0, 370, 295, 0]

 ### Operon type: 228

	 A0A011V1A2	[301, 0, 0, 295, 0, 0, 0, 0, 0]

 ### Operon type: 229

	 A0A011NGS0	[0, 0, 0, 0, 692, 780, 0, 0, 0]

 ### Operon type: 230

	 A0A011PW61	[0, 0, 0, 0, 692, 780, 0, 0, 691]

 ### Operon type: 231

	 A0A011UXI1	[0, 868, 0, 0, 692, 780, 353, 0, 0]

 ### Operon type: 232

	 A0A011SWI9	[-1, -1, 0, 814, 692, 780, 353, -1, -1]

 ### Operon type: 233

	 A0A011P952	[780, 0, 779, 0, 0, 779, 0, 0, 0]

 ### Operon type: 234

	 A0A011Q1B3	[685, 810, 684, 683, 684, 743, 682, 0, 0]
	 A0A011QVV5	[0, 0, 685, 810, 684, 683, 684, 743, 682]

 ### Operon type: 235

	 A0A011NSG8	[0, 0, 0, 810, 684, 683, 0, 684, 0]

 ### Operon type: 236

	 A0A011P0X4	[0, 0, 682, 0, 684, 0, 0, 683, 642]

 ### Operon type: 237

	 A0A010YNY9	[0, 0, 618, 617, 0, 0, 0, 0, 309]

 ### Operon type: 238

	 A0A011AC71	[620, 0, 0, 619, 0, 618, 617, 0, 805]

 ### Operon type: 239

	 A0A011PRW6	[829, 0, 0, 0, 828, 827, 826, 0, 0]
	 A0A011QLX0	[0, 829, 0, 0, 828, 0, 827, 826, 0]

 ### Operon type: 240

	 A0A010SML6	[0, 827, 826, -1, 0, 809, 0, 0, 0]

 ### Operon type: 241

	 A0A010RS09	[0, 0, 0, 0, 260, 0, 605, 605, 0]

 ### Operon type: 242

	 A0A010RTE7	[0, 0, 0, 0, 0, 0, 260, 87, 0]

 ### Operon type: 243

	 A0A009P817	[215, 0, 0, 0, 214, 0, 380, 213, 212]

 ### Operon type: 244

	 A0A009TIY0	[0, 0, 0, 0, 214, 0, 380, 213, 0]

 ### Operon type: 245

	 A0A009QKA3	[380, 213, 0, 212, 0, 0, 0, 0, 244]

 ### Operon type: 246

	 A0A009HSR2	[0, 145, 144, 0, 143, 185, 186, 169, 187]

 ### Operon type: 247

	 A0A009SWM1	[0, 145, 144, 0, 143, 0, 0, 186, 0]

 ### Operon type: 248

	 A0A009MYX0	[188, 187, 0, 851, 0, 0, 186, 185, 184]

 ### Operon type: 249

	 A0A009QK79	[0, 0, 184, 185, 0, 186, 0, 0, 187]

 ### Operon type: 250

	 A0A009GXJ1	[294, 293, 185, 186, 18, 169, 187, 188, 0]

 ### Operon type: 251

	 A0A013TKW8	[0, 766, 0, 556, 484, 483, 482, 481, 480]
	 A0A009PRQ9	[0, 556, 225, 0, 484, 483, 482, 481, 480]
	 A0A009S0T6	[0, 0, 556, 225, 484, 483, 482, 481, 480]
	 A0A009I5G9	[0, 0, 556, 225, 484, 483, 482, 481, 480]
	 A0A010IT95	[0, 0, 0, 556, 484, 483, 482, 481, 480]
	 A0A009QT77	[0, 0, -1, 556, 484, 483, 482, 481, 480]
	 A0A009MH36	[0, 0, 0, 556, 484, 483, 482, 481, 480]
	 A0A009GWD0	[169, 0, 0, 556, 484, 483, 482, 481, 480]

 ### Operon type: 252

	 A0A013TMJ7	[730, -1, 0, 556, 484, 481, 480, 0, 0]

 ### Operon type: 253

	 A0A011V392	[381, 0, 831, 382, 383, 384, 0, 558, 385]
	 A0A011VXC2	[-1, 381, 0, 831, 382, 383, 384, 558, 385]

 ### Operon type: 254

	 A0A011V490	[386, 434, 0, 385, 558, 384, 383, 382, 831]

 ### Operon type: 255

	 A0A011VZF5	[0, 0, 382, 383, 384, 860, 434, 860, 0]

 ### Operon type: 256

	 A0A011VU44	[0, 0, 0, 0, 0, 584, 0, 0, 0]
	 A0A011WLE7	[0, 0, 0, 0, 0, 584, 0, 0, 0]

 ### Operon type: 257

	 A0A011VAP2	[0, 0, 603, 0, 0, 0, 0, 0, 602]

 ### Operon type: 258

	 A0A011VRJ8	[0, 0, 0, 0, 0, 0, 603, 0, 0]

 ### Operon type: 259

	 A0A011RNU1	[0, 0, 0, 0, 0, 0, 597, 597, 598]

 ### Operon type: 260

	 A0A011VKJ9	[0, 0, 0, 0, 0, 0, 598, 597, -1]

 ### Operon type: 261

	 A0A011PQZ7	[0, 0, 0, 834, 833, 0, 832, 0, 0]

 ### Operon type: 262

	 A0A011TUX4	[0, 0, 0, 0, 833, 0, 0, 832, 0]

 ### Operon type: 263

	 A0A011STZ9	[0, 0, 0, 832, 0, 0, 0, 0, 0]

 ### Operon type: 264

	 A0A011PRF5	[830, 0, 0, 0, 0, 0, 0, 0, 0]
	 A0A011PUJ9	[0, 0, 0, 0, 0, 0, 0, 0, 830]

 ### Operon type: 265

	 A0A011PFY8	[0, 0, 0, 0, 0, 0, 0, 0, 844]

 ### Operon type: 266

	 A0A011PNS3	[845, 844, 0, 0, 0, 0, 0, 0, 0]

 ### Operon type: 267

	 A0A011T648	[0, 844, 0, 0, 0, 0, 0, 872, 0]

 ### Operon type: 268

	 A0A010YYJ5	[0, 0, 0, 860, 0, 0, 0, 157, 157]

 ### Operon type: 269

	 A0A011NDM5	[860, 0, 0, 0, 0, 0, 0, 0, 0]

 ### Operon type: 270

	 A0A011MSR2	[0, 0, 0, 161, 0, 0, 0, 860, 860]

 ### Operon type: 271

	 A0A011WSU6	[0, 860, 0, 0, 558, 0, 0, 0, 0]

 ### Operon type: 272

	 A0A011U3C2	[0, 0, 783, 0, 0, 0, 0, 0, 0]
	 A0A011AEN3	[0, 0, 0, 0, 0, 0, 783, 0, 0]

 ### Operon type: 273

	 A0A011AAZ2	[0, 641, 0, 0, 0, 783, 783, 783, 0]

 ### Operon type: 274

	 A0A011T698	[0, 0, 0, 0, 0, 805, 783, 0, 0]

 ### Operon type: 275

	 A0A010YRE8	[0, 0, 0, 0, 0, 0, 0, 623, 0]

 ### Operon type: 276

	 A0A011AF05	[0, 0, 620, 623, 0, 0, 0, 0, 0]

 ### Operon type: 277

	 A0A009ZG48	[0, 0, 0, 766, 0, 0, 0, 0, 0]

 ### Operon type: 278

	 A0A011PEJ8	[0, 0, 767, 766, 0, 0, 0, 0, 0]

 ### Operon type: 279

	 A0A011QNJ7	[711, 0, 0, 766, 0, 0, 0, 711, 0]

 ### Operon type: 280

	 A0A011MMJ4	[0, 0, 0, 0, 0, 0, 0, 711, 0]

 ### Operon type: 281

	 A0A011R8M3	[0, 0, 767, 766, 0, 352, 0, 711, 0]

 ### Operon type: 282

	 A0A009ZC82	[0, 0, 808, 0, 0, 0, 0, 0, 0]

 ### Operon type: 283

	 A0A011P3F6	[809, 0, 0, 808, 0, 0, 0, 0, 0]

 ### Operon type: 284

	 A0A009IG48	[0, 0, 0, 142, 41, 0, 0, 0, 809]

 ### Operon type: 285

	 A0A009IMQ0	[0, 0, 0, 142, 41, 0, 0, 0, 0]

 ### Operon type: 286

	 A0A009SWV1	[0, 0, 0, 0, 0, 0, 0, 142, 0]

 ### Operon type: 287

	 A0A009PMZ9	[226, 0, 0, 0, 0, 0, 0, 0, 0]
	 A0A009Q512	[0, 0, 0, 0, 226, 0, 0, 0, 0]

 ### Operon type: 288

	 A0A009IFL2	[0, 109, 0, 622, -1, 0, 0, 0]

 ### Operon type: 289

	 A0A009ZDS1	[-1, -1, 0, 109, 0, 0, 108, 0, 0]

 ### Operon type: 290

	 A0A010SNM6	[20, 16, -1, 0, 0, 0, 730, 0, 0]

 ### Operon type: 291

	 A0A010T5D8	[16, 20, 0, -1, 0, -1, 448, 0, 0]

 ### Operon type: 292

	 A0A011UB51	[312, 0, 0, 0, 0, 0, 0, 0, 0]
	 A0A011UFH1	[0, 0, 0, 0, 0, 312, 0, 0, 0]

 ### Operon type: 293

	 A0A011V965	[0, -1, -1, 0, 604, 0, -1, -1, 0]
	 A0A011VHP2	[0, -1, -1, -1, 604, 0, 0, 0, 0]

 ### Operon type: 294

	 A0A010RVD0	[-1, 0, 0, -1, 0, 703, 703, 0, 23]

 ### Operon type: 295

	 A0A010T7Q5	[0, 23, 0, 0, 0, 0, -1, 0, 0]

 ### Operon type: 296

	 A0A010SJH7	[0, 0, 730, -1, 0, 0, 197, 0, 0]

 ### Operon type: 297

	 A0A010SRR2	[0, 0, -1, 0, 0, 0, 0, 0, 730]

 ### Operon type: 298

	 A0A011UZ32	[0, 0, 0, 0, 0, -1, 0, 0, 0]
	 A0A010RKP8	[0, 0, 0, 0, 0, 0, -1, 0, 0]
	 A0A010TF14	[-1, 0, 0, 0, 0, 0, 0, 0, 0]
	 A0A010RY47	[-1, 0, -1, 0, 0, 0, 0, 0, 0]
	 A0A009HJU6	[0, 0, 0, 0, 0, 0, 0, 0, -1]

 ### Operon type: 299

	 A0A010SJF9	[0, 0, 0, 0, 0, -1, 0, 277, -1]

 ### Operon type: 300

	 A0A011ML54	[0, 0, 0, 58, 0, 0, 0, 0, -1]

 ### Operon type: 301

	 A0A011NHY1	[0, 0, 0, 0, 0, 730, 0, 0, 0]

 ### Operon type: 302

	 A0A010Z171	[0, 0, 0, 0, 0, 0, 730, 0, 851]

 ### Operon type: 303

	 A0A011T697	[730, 0, 0, 0, 0, 0, 0, 0, 380]

 ### Operon type: 304

	 A0A011TDD1	[0, 369, 730, 0, 0, 0, 0, 0, 0]

 ### Operon type: 305

	 A0A011VW24	[0, 0, 699, 0, 0, 0, 0, 0, -1]

 ### Operon type: 306

	 A0A011T8V3	[0, 0, 699, 0, 0, 0, 0, 0, 0]

 ### Operon type: 307

	 A0A010TH98	[691, 0, 0, 699, 0, 0, 0, 0, 0]

 ### Operon type: 308

	 A0A011QVR3	[0, 0, 0, 0, 0, 0, 0, 700, 699]

 ### Operon type: 309

	 A0A011VYF1	[699, 0, 0, 0, 0, 0, 312, 0, 0]

 ### Operon type: 310

	 A0A010S415	[-1, 699, 0, 196, 0, 0, 0, 0, 191]

 ### Operon type: 311

	 A0A011PNN2	[0, 0, 0, 0, 0, 0, 0, 0, 0]
	 A0A011P9Z5	[0, 0, 0, 0, 0, 0, 0, 0, 0]
	 A0A011PBM9	[0, 0, 0, 0, 0, 0, 0, 0, 0]
	 A0A011QMJ8	[0, 0, 0, 0, 0, 0, 0, 0, 0]
	 A0A011QSN2	[0, 0, 0, 0, 0, 0, 0, 0, 0]
	 A0A011Q056	[0, 0, 0, 0, 0, 0, 0, 0, 0]
	 A0A010ZTI3	[0, 0, 0, 0, 0, 0, 0, 0, 0]
	 A0A011A146	[0, 0, 0, 0, 0, 0, 0, 0, 0]
	 A0A011VNE2	[0, 0, 0, 0, 0, 0, 0, 0, 0]
	 A0A013TEV4	[0, 0, 0, 0, 0, 0, 0, 0, 0]
	 A0A013SL47	[0, 0, 0, 0, 0, 0, 0, 0, 0]
	 A0A011WUT3	[0, 0, 0, 0, 0, 0, 0, 0, 0]
	 A0A013S2B9	[0, 0, 0, 0, 0, 0, 0, 0, 0]
	 A0A013SBR8	[0, 0, 0, 0, 0, 0, 0, 0, 0]
	 A0A011UHL2	[0, 0, 0, 0, 0, 0, 0, 0, 0]
	 A0A011UBN9	[0, 0, 0, 0, 0, 0, 0, 0, 0]
	 A0A011UFM5	[0, 0, 0, 0, 0, 0, 0, 0, 0]
	 A0A009PDV4	[0, 0, 0, 0, 0, 0, 0, 0, 0]
	 A0A009MH90	[0, 0, 0, 0, 0, 0, 0, 0, 0]
	 A0A010SHY1	[0, 0, 0, 0, 0, 0, 0, 0, 0]
	 A0A010YJA7	[0, 0, 0, 0, 0, 0, 0, 0, 0]
	 A0A010YZS8	[0, 0, 0, 0, 0, 0, 0, 0, 0]
	 A0A010Z120	[0, 0, 0, 0, 0, 0, 0, 0, 0]
	 A0A011NMI8	[0, 0, 0, 0, 0, 0, 0, 0, 0]
	 A0A011NTU3	[0, 0, 0, 0, 0, 0, 0, 0, 0]
	 A0A011N2Z0	[0, 0, 0, 0, 0, 0, 0, 0, 0]
	 A0A011NAJ1	[0, 0, 0, 0, 0, 0, 0, 0, 0]
	 A0A011VYF6	[0, 0, 0, 0, 0, 0, 0, 0, 0]
	 A0A010SPJ7	[0, 0, 0, 0, 0, 0, 0, 0, 0]
	 A0A010SSQ8	[0, 0, 0, 0, 0, 0, 0, 0, 0]
	 A0A010T025	[0, 0, 0, 0, 0, 0, 0, 0, 0]
	 A0A009HIL8	[0, 0, 0, 0, 0, 0, 0, 0, 0]
	 A0A009M4K0	[0, 0, 0, 0, 0, 0, 0, 0, 0]

 ### Operon type: 312

	 A0A010TG27	[852, 0, 269, 0, 0, 0, 734, 0, 0]

 ### Operon type: 313

	 A0A011PMK1	[0, 0, 0, 0, 0, 0, 0, 852, 0]

 ### Operon type: 314

	 A0A009HM15	[0, 177, 176, 0, 0, 0, -1, 0, 0]

 ### Operon type: 315

	 A0A009HRU1	[0, 185, 0, 0, 0, 0, 0, 0, 0]

 ### Operon type: 316

	 A0A009HSN8	[0, 8, 0, 0, 0, -1, 0, 246, -1]

 ### Operon type: 317

	 A0A009HV82	[167, 0, 0, 0, 0, 0, 0, 0, 0]

 ### Operon type: 318

	 A0A009IG74	[0, 0, 206, 0, 543, -1, 0, 0, 0]

 ### Operon type: 319

	 A0A009IJ90	[0, 136, 0, 0, 0, 0, 0, 0, 0]

 ### Operon type: 320

	 A0A009NM94	[0, 340, 340, 0, 0, 0, 369, 0, 0]

 ### Operon type: 321

	 A0A009Q4N5	[0, 0, 215, 0, 0, 0, 0, 0, 0]

 ### Operon type: 322

	 A0A009SSZ9	[0, 146, 0, 0, 0, 0, 0, 0, 0]

 ### Operon type: 323

	 A0A009YIH1	[0, 0, 0, 0, 179, 0, -1, -1, 97]

 ### Operon type: 324

	 A0A009YR05	[0, 0, 0, 0, 595, 0, 0, 0, 0]

 ### Operon type: 325

	 A0A009Z004	[114, 0, 114, 0, 0, 851, 0, 0, 0]

 ### Operon type: 326

	 A0A010RUQ5	[0, 0, 0, 0, 0, 0, 0, 0, 283]

 ### Operon type: 327

	 A0A010S195	[808, 0, 59, 17, 0, 0, 0, 0, 0]

 ### Operon type: 328

	 A0A010SCZ2	[0, 0, 0, 0, 0, 0, 0, 571, 0]

 ### Operon type: 329

	 A0A010SN41	[0, 0, 0, 0, 557, 0, 0, 0, 0]

 ### Operon type: 330

	 A0A010SSU2	[0, 0, 0, 0, 18, 0, -1, 781, 0]

 ### Operon type: 331

	 A0A010SUP6	[0, 0, 0, 0, 0, 0, 0, 17, 0]

 ### Operon type: 332

	 A0A010SUY9	[0, 0, 0, 0, 0, 352, 767, 0]

 ### Operon type: 333

	 A0A010THK2	[0, 0, -1, 0, 0, 605, 851, 0, 0]

 ### Operon type: 334

	 A0A010SRL4	[269, 0, 0, -1, 0, 0, 0, 851, 19]

 ### Operon type: 335

	 A0A010YX61	[455, 783, 0, 699, 0, 0, 0, 0, 0]

 ### Operon type: 336

	 A0A010S5W8	[0, 0, 161, 743, 0, 0, 0, 0, 0]

 ### Operon type: 337

	 A0A011NE37	[537, 0, 0, 0, 0, 0, 0, 0, 0]

 ### Operon type: 338

	 A0A011NF78	[0, 0, 704, 0, 0, 0, 0, 0, 0]

 ### Operon type: 339

	 A0A011NVE2	[0, 0, 0, 872, 0, 0, 730, 0, 322]

 ### Operon type: 340

	 A0A011NXJ4	[0, 0, 0, 0, 0, 0, 0, 0, 282]

 ### Operon type: 341

	 A0A011P8I1	[0, 0, 784, 783, 0, 0, 0, 0, 782]

 ### Operon type: 342

	 A0A011P9Q7	[778, 0, 0, 0, 0, 0, 0, 0, 0]

 ### Operon type: 343

	 A0A011PJ75	[0, 872, 817, 872, 0, 0, 0, 0, 0]

 ### Operon type: 344

	 A0A011PRB4	[0, 0, 0, 0, 0, 0, 0, 831, 0]

 ### Operon type: 345

	 A0A011QVT2	[698, 0, 0, 0, 0, 0, 0, 845, 0]

 ### Operon type: 346

	 A0A011RP14	[0, 0, 0, 0, 0, 0, 0, 345, 0]

 ### Operon type: 347

	 A0A011SM49	[730, 0, 345, 0, 0, 0, 332, 0, 0]

 ### Operon type: 348

	 A0A011AM27	[832, 0, 0, 0, 468, 0, 0, 0, 79]

 ### Operon type: 349

	 A0A011T607	[0, 0, 743, 0, 0, 0, 0, 0, 369]

 ### Operon type: 350

	 A0A011TAW2	[0, 0, 0, 0, 0, 0, 547, 0, 0]

 ### Operon type: 351

	 A0A011TED9	[0, 0, 0, 0, 0, 376, 0, 0, 0]

 ### Operon type: 352

	 A0A011TXS5	[0, 325, 0, 0, 0, 0, 0, 0, 0]

 ### Operon type: 353

	 A0A011U144	[0, 283, 0, 0, 0, 0, 282, 505, 0]

 ### Operon type: 354

	 A0A011U1C8	[805, 0, 0, 0, 0, 0, 0, 0, 281]

 ### Operon type: 355

	 A0A011U483	[0, 0, 0, 0, 0, 804, 0, 0, 0]

 ### Operon type: 356

	 A0A011UG86	[0, 810, 0, 0, 0, 277, 0, 0, 0]

 ### Operon type: 357

	 A0A011UQB5	[338, 313, 0, 0, 0, 0, 0, 312, 0]

 ### Operon type: 358

	 A0A011UVI5	[0, 0, 0, 0, 0, 309, 872, 872, 0]

 ### Operon type: 359

	 A0A011UWI3	[0, 0, 0, 0, 305, 0, 304, 808, 0]

 ### Operon type: 360

	 A0A011V5E6	[0, 0, 0, 0, 0, 560, 0, 0, 0]

 ### Operon type: 361

	 A0A011M4H6	[602, 0, 78, 0, 0, 0, 0, 0, 0]

 ### Operon type: 362

	 A0A011VSV3	[0, 0, 0, 0, 0, 0, 750, 0, 0]

 ### Operon type: 363

	 A0A011VWI0	[0, 0, 0, 0, 0, 273, 0, 0, 0]

 ### Operon type: 364

	 A0A011VZ91	[306, 0, 0, 0, 0, 0, 0, 0, 0]

 ### Operon type: 365

	 A0A011WP76	[0, 0, 0, 0, 0, 0, 0, 0, 721]

 ### Operon type: 366

	 A0A011WSD4	[0, 0, 0, -1, 0, 860, 0, 0, 434]

 ### Operon type: 367

	 A0A011WT35	[434, 0, 0, 0, 0, 0, 0, 0, 0]

 ### Operon type: 368

	 A0A013S843	[0, 474, 0, 0, 0, 0, -1, 411, 0]

 ### Operon type: 369

	 A0A013T5E6	[0, 0, 0, 510, 0, 0, 0, 0, 0]

 ### Operon type: 370

	 A0A009T185	[696, 0, 817, 817, 115, 872, 817, 320, 645]

 ### Operon type: 371

	 A0A010IN36	[27, 730, 0, 0, 115, 872, 817, 320, 645]

 ### Operon type: 372

	 A0A009PG43	[872, 817, 490, 845, 0, 320, 645, 0, 0]

 ### Operon type: 373

	 A0A009INE0	[27, 0, 0, 0, 0, 0, 0, 817, 320]

 ### Operon type: 374

	 A0A009T9H0	[0, 97, 809, -1, 0, 0, 186, 0, 185]

 ### Operon type: 375

	 A0A010THH5	[0, 159, 109, 309, 0, 0, 336, 0, 108]

 ### Operon type: 376

	 A0A011WSH8	[0, 0, 0, 734, 559, 0, 0, 0, 0]
	 A0A011VZE3	[0, 0, 0, 734, 559, 0, 0, 0, 0]

 ### Operon type: 377

	 A0A011NAF3	[0, 0, 0, 0, 0, 0, 734, 0, 838]

 ### Operon type: 378

	 A0A009IQ93	[280, 0, 734, 0, 0, 19, 0, 0, 0]

 ### Operon type: 379

	 A0A009Q8S9	[0, 0, 809, 539, 0, 314, 0, 0, 0]

 ### Operon type: 380

	 A0A009TLU4	[0, 325, -1, 86, 0, 85, 0, -1, -1]

 ### Operon type: 381

	 A0A009ZB47	[112, 218, 0, 0, 0, 860, 111, 0, 0]

 ### Operon type: 382

	 A0A009ZVR4	[458, 0, 783, 0, 0, 157, 0, 0, 156]

 ### Operon type: 383

	 A0A010JIN9	[111, 0, 0, 87, 140, 0, 0, 0, 0]

 ### Operon type: 384

	 A0A010S003	[746, 0, 0, 0, 0, 810, 810, 635, 0]

 ### Operon type: 385

	 A0A010SMN8	[0, -1, 618, 0, 34, 0, 0, 753, 0]

 ### Operon type: 386

	 A0A010SXS1	[0, 490, 0, 0, 0, 317, 0, 0, 845]

 ### Operon type: 387

	 A0A010T689	[79, -1, 336, 574, 0, 0, 0, 0, 0]

 ### Operon type: 388

	 A0A010TBB4	[0, 425, 0, 277, 0, 0, 0, 0, 805]

 ### Operon type: 389

	 A0A010YFK3	[0, 670, 0, 0, 0, 0, 582, 0, 281]

 ### Operon type: 390

	 A0A010YVY1	[62, 0, 62, 0, 0, 0, 0, 635, 0]

 ### Operon type: 391

	 A0A010ZSZ2	[0, 641, 0, 640, 639, 0, 0, 0, 0]

 ### Operon type: 392

	 A0A010Z0Y7	[0, 0, 0, 0, 639, 196, 0, 0, 0]

 ### Operon type: 393

	 A0A011A0M8	[0, 0, 851, 0, 622, 0, 0, 621, 621]

 ### Operon type: 394

	 A0A011NFL4	[0, 339, 0, 0, 348, 852, 0, 599, 0]

 ### Operon type: 395

	 A0A011P407	[0, 0, 807, 806, 0, 0, 805, 0, 804]

 ### Operon type: 396

	 A0A011QGT2	[734, 0, 0, 848, 847, 0, 0, 0, 0]

 ### Operon type: 397

	 A0A011QSA4	[707, 0, 706, 705, 0, 0, 0, 0, 704]

 ### Operon type: 398

	 A0A011T6J6	[0, 674, 0, 783, 0, 0, 379, 0, 378]

 ### Operon type: 399

	 A0A011TAL2	[0, 743, 0, 0, 0, 619, 0, 370, 0]

 ### Operon type: 400

	 A0A011TZG0	[851, 664, 0, 0, 0, 0, 0, 485, 0]

 ### Operon type: 401

	 A0A011UGY3	[562, 561, 560, 275, 0, 0, 0, 275, 0]

 ### Operon type: 402

	 A0A011UII7	[0, 0, 0, 0, 0, 322, 321, 0, 0]

 ### Operon type: 403

	 A0A011UNT9	[314, 334, 0, 0, 0, 0, 0, 0, 0]

 ### Operon type: 404

	 A0A011SIS0	[0, 658, 335, 335, 0, 0, 0, 334, 0]

 ### Operon type: 405

	 A0A011UT49	[0, 641, 0, 0, 0, 0, 490, 600, 0]

 ### Operon type: 406

	 A0A011VU65	[583, 0, 0, 0, 0, 582, 0, 750, 581]

 ### Operon type: 407

	 A0A011VV03	[0, 638, 0, 0, 572, 602, 0, 0, 0]

 ### Operon type: 408

	 A0A011VVZ9	[0, 0, -1, 0, 0, 571, 570, 570, 569]

 ### Operon type: 409

	 A0A011VWX7	[845, 302, 0, 0, 0, 0, 0, 337, 0]

 ### Operon type: 410

	 A0A011VXK7	[340, 340, 0, 534, 0, 0, 0, 676, 0]

 ### Operon type: 411

	 A0A011W0I6	[64, 0, 0, 0, 0, 862, 0, 58, 0]

 ### Operon type: 412

	 A0A010YEF6	[0, 64, 0, 0, 0, 0, 0, 0, 63]

 ### Operon type: 413

	 A0A013SQH1	[0, 0, 0, 0, 557, 869, 0, 556, 555]

 ### Operon type: 414

	 A0A009QJA8	[166, 165, 0, 0, 0, 0, 0, 0, 530]

 ### Operon type: 415

	 A0A009YL68	[0, 0, 805, 456, 453, 0, 0, 110, 0]

 ### Operon type: 416

	 A0A010JNG7	[556, 0, 0, 33, 0, 0, 0, 0, 0]

 ### Operon type: 417

	 A0A010RM40	[516, 734, 686, 0, 0, 0, 0, -1, 788]

 ### Operon type: 418

	 A0A010RRQ6	[0, 78, 0, 0, 0, 34, 430, 69, 0]

 ### Operon type: 419

	 A0A010S423	[379, 0, 0, 0, 0, 0, 0, 304, 344]

 ### Operon type: 420

	 A0A010T0I7	[0, 0, 63, 0, 0, 784, 706, 734, 0]

 ### Operon type: 421

	 A0A010ZUR7	[638, 637, 0, 637, 0, 636, 635, 0, 0]

 ### Operon type: 422

	 A0A011NA78	[0, 517, 0, 0, 0, 703, 0, 0, 788]

 ### Operon type: 423

	 A0A011P8W7	[853, 807, 845, 0, 781, 0, 0, 0, 0]

 ### Operon type: 424

	 A0A011PG97	[753, 0, 0, 752, 0, 0, 0, 0, 0]

 ### Operon type: 425

	 A0A011PKT4	[0, 869, 0, 0, 0, 0, 868, 0, 0]

 ### Operon type: 426

	 A0A011PLB2	[0, 853, 0, 873, 0, 0, 0, 0, 0]

 ### Operon type: 427

	 A0A011R339	[0, 0, 0, 0, 0, 0, 294, 293, 0]

 ### Operon type: 428

	 A0A011SFE5	[0, 0, 0, 340, 0, 0, 339, 806, 338]

 ### Operon type: 429

	 A0A011SJT5	[0, 0, 0, 569, 333, 333, 333, 333, 333]

 ### Operon type: 430

	 A0A011TDQ5	[0, 0, 0, 0, 368, 864, 0, 0, 0]

 ### Operon type: 431

	 A0A011VT01	[0, 0, 586, 0, 0, 586, 0, 0, 585]

 ### Operon type: 432

	 A0A009Z3V9	[734, 0, 0, 0, 0, 148, 849, 149, 150]

 ### Operon type: 433

	 A0A010SRB2	[85, 21, 0, 0, 0, 21, 20, 0, 0]

 ### Operon type: 434

	 A0A010KA25	[111, 0, 336, 396, 39, 0, 0, 111, 478]

 ### Operon type: 435

	 A0A011TZN1	[591, 590, 589, 0, 284, 0, 0, 0, 0]

 ### Operon type: 436

	 A0A011VJ76	[601, 601, 600, 599, 0, 734, 851, 0, 807]

 ### Operon type: 437

	 A0A011UG17	[279, 0, 278, 0, 567, 583, 0, 0, 0]

 ### Operon type: 438

	 A0A011WUA8	[655, 0, 0, 433, 0, 0, 0, 432, 432]

 ### Operon type: 439

	 A0A010S4X6	[0, 196, 686, 810, 446, 0, 162, 861, 605]

 ### Operon type: 440

	 A0A010YY02	[0, 60, 0, 0, 60, 688, 102, 0, 616]
