
 ### Operon type: 1

	 A0A010ILU3	[833, 832, 831, 830, 829, 828, 827, 826, 825]
	 A0A009H3B0	[833, 832, 831, 830, 829, 828, 827, 826, 825]
	 A0A009MW50	[833, 832, 831, 830, 829, 828, 827, 826, 825]
	 A0A009QS71	[833, 832, 831, 830, 829, 828, 827, 826, 825]
	 A0A009I8S2	[833, 832, 831, 830, 829, 828, 826, 825, 87]
	 A0A009QBR9	[833, 832, 831, 830, 829, 828, 826, 825, 87]
	 A0A009TM70	[833, 832, 831, 830, 829, 828, 826, 825, 87]

 ### Operon type: 2

	 A0A013TH43	[397, 396, 751, 692, 395, 394, 393, 392, 704]
	 A0A009RAF0	[397, 396, 751, 692, 395, 394, 393, 392, 704]

 ### Operon type: 3

	 A0A011PVT3	[579, 578, 577, 576, 855, 575, 574, 573, 572]
	 A0A011R7V7	[579, 578, 577, 576, 855, 575, 574, 573, 572]
	 A0A011MET3	[579, 578, 577, 576, 855, 575, 574, 573, 572]

 ### Operon type: 4

	 A0A013SNJ8	[786, 364, 825, 363, 362, 361, 371, 360, 359]
	 A0A013RZW2	[786, 364, 825, 363, 362, 361, 371, 360, 359]
	 A0A009PH20	[786, 364, 825, 363, 362, 361, 371, 360, 359]
	 A0A009MMM3	[786, 364, 825, 363, 362, 361, 371, 360, 359]
	 A0A009IV03	[786, 364, 825, 363, 362, 361, 371, 360, 359]
	 A0A009HBT3	[786, 364, 825, 363, 362, 361, 371, 360, 359]
	 A0A009RD69	[786, 364, 825, 363, 362, 361, 371, 360, 359]
	 A0A009SIZ4	[786, 364, 825, 363, 362, 361, 371, 360, 359]
	 A0A010J9U3	[786, 364, 825, 363, 362, 361, 371, 360, 359]
	 A0A009YIZ0	[786, 364, 825, 363, 362, 361, 371, 360, 359]

 ### Operon type: 5

	 A0A009PH57	[228, 227, -1, 226, 225, 533, 305, 717, 224]
	 A0A009TG92	[228, 227, -1, 226, 225, 533, 305, 717, 224]

 ### Operon type: 6

	 A0A013S288	[477, 339, 338, 337, 361, 336, 335, 334, 333]
	 A0A009I0I9	[477, 339, 338, 337, 361, 336, 335, 334, 333]
	 A0A009N031	[477, 339, 338, 337, 361, 336, 335, 334, 333]
	 A0A009PWG1	[477, 339, 338, 337, 361, 336, 335, 334, 333]
	 A0A009R2X0	[477, 339, 338, 337, 361, 336, 335, 334, 333]
	 A0A013SXT2	[477, 339, 338, 337, 361, 336, 335, 334, 333]
	 A0A009SFX8	[477, 339, 338, 337, 46, 361, 336, 335, 334]
	 A0A010J3I1	[477, 339, 338, 337, 361, 336, 335, 334, 333]
	 A0A009TBM2	[339, 338, 337, 46, 361, 336, 335, 334, 333]

 ### Operon type: 7

	 A0A010IMP8	[817, 816, 815, 814, 813, 812, 811, 810, 809]
	 A0A013SZ54	[817, 816, 815, 814, 813, 812, 811, 810, 809]
	 A0A013T8M5	[817, 816, 815, 814, 813, 812, 811, 810, 809]
	 A0A009IRJ6	[817, 816, 815, 814, 813, 812, 811, 810, 809]
	 A0A009H7U0	[817, 816, 815, 814, 813, 812, 811, 810, 809]
	 A0A009N123	[817, 816, 815, 814, 813, 812, 811, 810, 809]
	 A0A009Q3K7	[817, 816, 815, 814, 813, 812, 811, 810, 809]
	 A0A009SWU0	[817, 816, 815, 814, 813, 812, 811, 810, 809]
	 A0A009RBQ2	[817, 816, 815, 814, 813, 812, 811, 810, 809]
	 A0A009ZM43	[-1, 816, 815, 814, 813, 812, 811, 810, 809]

 ### Operon type: 8

	 A0A013RMD0	[-1, 355, 857, 354, 353, 865, 352, 351, 350]
	 A0A009S854	[-1, 355, 857, 354, 353, 865, 352, 351, 350]
	 A0A009H6M2	[-1, 355, 857, 354, 353, 865, 352, 351, 350]
	 A0A009N9Z1	[-1, 355, 857, 354, 353, 865, 352, 351, 350]
	 A0A009IHQ3	[-1, 355, 857, 354, 353, 865, 352, 351, 350]
	 A0A009RG92	[-1, 355, 857, 354, 353, 865, 352, 351, 350]
	 A0A009QDV7	[-1, 355, 857, 354, 353, 865, 352, 351, 350]
	 A0A010JDA6	[-1, 355, 857, 354, 353, 865, 352, 351, 350]
	 A0A009ZIC0	[117, 355, 857, 354, 353, 865, 352, 351, 350]

 ### Operon type: 9

	 A0A011UIA1	[429, 428, 427, 426, 425, 424, 423, 422, 0]
	 A0A011V5V3	[0, 429, 428, 427, 426, 425, 424, 423, 422]

 ### Operon type: 10

	 A0A011NE72	[552, 551, 550, 549, 548, 547, 546, 545, 0]
	 A0A011PTE7	[552, 551, 550, 549, 548, 0, 547, 546, 545]

 ### Operon type: 11

	 A0A009I4A1	[175, 174, 861, 173, 172, 171, 170, 169, 168]
	 A0A010JWJ1	[175, 174, 861, 173, 172, 171, 170, 169, 168]

 ### Operon type: 12

	 A0A009QF22	[76, 75, 175, 0, 172, 171, 170, 169, 168]
	 A0A009TBY8	[76, 75, 175, 173, 172, 171, 170, 169, 168]

 ### Operon type: 13

	 A0A011NEY3	[544, 609, 608, 607, 607, 606, 605, 604, 0]

 ### Operon type: 14

	 A0A011PAN4	[609, 608, 0, 607, 607, 606, 605, 604, 603]

 ### Operon type: 15

	 A0A011RCD5	[544, 609, 608, 607, 607, 606, 605, 604, 603]

 ### Operon type: 16

	 A0A011P4U7	[0, 624, 623, 622, 621, 620, 619, 618, 617]
	 A0A011NAY5	[624, 623, 622, 621, 620, 619, 618, 617, 0]

 ### Operon type: 17

	 A0A011PF67	[601, 600, 599, 598, 597, 0, 0, 0, 0]
	 A0A011NBX7	[601, 600, 599, 598, 597, 555, 0, 0, 0]
	 A0A011NW66	[601, 600, 599, 598, 597, 555, 0, 0, 0]

 ### Operon type: 18

	 A0A011RHX4	[601, 600, 599, 598, 597, 457, 456, 455, 0]
	 A0A011NS68	[601, 600, 599, 598, 597, 457, 456, 455, 627]

 ### Operon type: 19

	 A0A010YT39	[0, 102, 21, 856, 20, 19, 18, 17, 316]

 ### Operon type: 20

	 A0A010Z7T4	[21, 856, 20, 19, 18, 17, 316, 853, 489]

 ### Operon type: 21

	 A0A013SP43	[373, 372, 371, 370, 369, 368, 367, 366, 365]
	 A0A009RUN3	[373, 372, 371, 370, 369, 368, 367, 366, 365]
	 A0A010K6G6	[373, 372, 371, 370, 369, 368, 367, 0, 365]

 ### Operon type: 22

	 A0A011VWR4	[0, 0, 0, 0, 265, 264, 263, 262, 261]

 ### Operon type: 23

	 A0A011VYP6	[265, 264, 263, 262, 261, 0, 260, 576, 0]

 ### Operon type: 24

	 A0A011QAS2	[0, 514, 513, 512, 511, 510, 722, 509, 508]
	 A0A011NEQ1	[0, 514, 513, 512, 511, 510, 722, 509, 508]

 ### Operon type: 25

	 A0A010JSI3	[872, 873, 871, 870, 869, 868, 867, 866, 0]
	 A0A013T0M4	[872, 873, 871, 870, 869, 868, 867, 866, 0]
	 A0A009HDS5	[872, 873, 871, 870, 869, 868, 867, 866, 159]
	 A0A009RGL2	[872, 873, 871, 870, 869, 868, 867, 866, 159]

 ### Operon type: 26

	 A0A009SNL0	[130, 129, 317, 287, 286, 285, 284, 283, 282]

 ### Operon type: 27

	 A0A009T1I8	[317, 287, 286, 285, 284, 283, 282, 0, 0]

 ### Operon type: 28

	 A0A011VW71	[0, 247, 246, 245, 244, 243, 242, 741, 447]
	 A0A011VUV0	[247, 246, 245, 244, 243, 242, 741, 447, 0]

 ### Operon type: 29

	 A0A011UG71	[109, 108, 107, 241, 240, 239, 238, 237, 236]

 ### Operon type: 30

	 A0A011V8Z7	[0, 0, 109, 108, 107, 241, 240, 239, 238]

 ### Operon type: 31

	 A0A011V8Y9	[241, 240, 239, 238, 237, 236, 0, 0, 0]

 ### Operon type: 32

	 A0A011U8C0	[0, 239, 108, 0, 713, 237, 0, 0, 0]

 ### Operon type: 33

	 A0A011QSF0	[0, 653, 652, 651, 650, 649, 648, 647, 0]
	 A0A011QBB5	[632, 653, 652, 651, 650, 649, 648, 647, 631]
	 A0A011Q0X6	[632, 653, 652, 651, 650, 649, 648, 647, 631]
	 A0A011Q1X8	[653, 0, 652, 651, 650, 649, 648, 647, 631]

 ### Operon type: 34

	 A0A011PG87	[632, 653, 652, 651, 650, 649, 648, 0, 0]

 ### Operon type: 35

	 A0A011PCT1	[643, 642, 762, 0, 0, 0, 0, 758, 0]

 ### Operon type: 36

	 A0A011QU35	[0, 0, 0, 0, 764, 0, 643, 642, 762]

 ### Operon type: 37

	 A0A011Q2B1	[644, 616, 764, 763, 762, 761, 760, 759, 758]

 ### Operon type: 38

	 A0A011RLN8	[766, 765, 764, 763, 762, 761, 760, 759, 758]

 ### Operon type: 39

	 A0A011P700	[0, 0, 646, 645, 644, 616, 764, 763, 762]

 ### Operon type: 40

	 A0A011QSI4	[0, 0, 646, 645, 644, 0, 766, 765, 764]

 ### Operon type: 41

	 A0A013T337	[558, 862, 411, 410, 409, 634, 408, 805, 407]
	 A0A013TH30	[558, 862, 411, 410, 409, 634, 408, 805, 407]
	 A0A013S981	[328, 558, 862, 411, 410, 409, 634, 408, 805]

 ### Operon type: 42

	 A0A010JY00	[328, 558, 862, 411, 86, 634, 408, 805, 407]

 ### Operon type: 43

	 A0A013TPV4	[385, 384, 383, 382, 381, 380, 735, 861, 379]
	 A0A009SZB5	[385, 384, 383, 382, 381, 380, 735, 861, 379]
	 A0A009MGJ1	[385, 384, 383, 382, 381, 380, 735, 861, 379]
	 A0A009QQ47	[385, 384, 383, 382, 381, 380, 735, 861, 379]
	 A0A009HL81	[385, 384, 383, 382, 381, 380, 735, 861, 379]
	 A0A009HR98	[385, 384, 383, 382, 381, 380, 735, 861, 379]
	 A0A010IZE4	[385, 384, 383, 382, 381, 380, 735, 861, 379]

 ### Operon type: 44

	 A0A009Z8F7	[384, 383, 380, 0, 381, 273, 273, 0, 272]

 ### Operon type: 45

	 A0A009R016	[121, 120, 119, 118, 117, -1, 852, 116, 115]
	 A0A009HFU9	[121, 120, 119, 118, 117, 852, 116, 115, 0]

 ### Operon type: 46

	 A0A011UJN3	[0, 803, 0, 0, 701, 700, 699, 698, 697]

 ### Operon type: 47

	 A0A011W213	[701, 700, 699, 698, 697, 347, 0, 0, 0]

 ### Operon type: 48

	 A0A011QIT1	[680, 679, 678, 677, 676, 675, 674, 673, 672]
	 A0A011QUG8	[680, 679, 678, 677, 676, 675, 0, 674, 673]

 ### Operon type: 49

	 A0A011PP01	[492, 491, 490, 581, 582, 583, 584, 585, 586]
	 A0A011NVE7	[492, 491, 490, 581, 582, 583, 584, 585, 586]

 ### Operon type: 50

	 A0A011P2I4	[589, 588, 587, 586, 585, 584, 583, 582, 581]
	 A0A011N9N8	[589, 588, 587, 586, 585, 584, 583, 582, 581]

 ### Operon type: 51

	 A0A011PIY7	[525, 0, 587, 586, 585, 584, 583, 0, 581]

 ### Operon type: 52

	 A0A011Q3J4	[0, 525, 587, 586, 585, 584, 583, 582, 0]

 ### Operon type: 53

	 A0A011MH88	[289, 525, 587, 586, 585, 584, 583, 582, 581]

 ### Operon type: 54

	 A0A013SPM5	[405, 404, 403, 402, 415, 401, 400, 399, 398]
	 A0A009I6Z0	[405, 404, 403, 402, 415, 401, 400, 399, 398]
	 A0A009QFZ7	[405, 404, 403, 402, 415, 401, 400, 399, 398]
	 A0A009MH71	[405, 404, 403, 402, 415, 401, 400, 399, 398]
	 A0A009HSL1	[405, 404, 403, 402, 415, 401, 400, 399, 398]
	 A0A010IX62	[405, 404, 403, 402, 415, 401, 400, 399, 398]
	 A0A009TK03	[405, 404, 403, 402, 415, 401, 400, 399, 398]

 ### Operon type: 55

	 A0A009ZIX8	[0, 32, 403, 402, 415, 499, 0, 398, 0]

 ### Operon type: 56

	 A0A010JJN4	[850, 849, 848, 847, 846, 845, 844, 843, 842]
	 A0A013TPR7	[850, 849, 848, 847, 846, 845, 844, 843, 842]
	 A0A009PMT3	[850, 849, 848, 847, 846, 845, 844, 843, 842]
	 A0A009NI48	[850, 849, 848, 847, 846, 845, 844, 843, -1]
	 A0A009SEP4	[850, 849, 848, 847, 846, 0, 845, 844, 0]
	 A0A009RMI1	[850, 849, 848, 847, 846, 845, 844, 843, 0]
	 A0A009I8I7	[850, 849, 848, 847, 846, 845, 844, 843, 88]
	 A0A009HJJ5	[850, 849, 848, 847, 846, 845, 844, 843, 88]
	 A0A009YG45	[0, 850, 849, 848, 846, 0, 845, 844, 843]

 ### Operon type: 57

	 A0A013TPQ9	[391, 390, 389, 388, 387, 861, 807, 386, 559]
	 A0A013S8F0	[391, 390, 389, 388, 387, 861, 807, 386, 559]
	 A0A009PMU2	[391, 390, 389, -1, 387, 861, 807, 386, 559]
	 A0A009SZ84	[391, 390, 389, 388, 387, 861, 807, 386, 559]
	 A0A009HJM0	[391, 390, 389, 388, 387, 861, 807, 386, 559]
	 A0A010IZH1	[-1, 390, 389, 388, 387, 861, 807, 386, 559]

 ### Operon type: 58

	 A0A009HUS9	[390, 389, 0, 388, 387, 191, -1, 192, 193]

 ### Operon type: 59

	 A0A009ISE1	[845, 844, 843, 193, 192, -1, 191, 387, 388]

 ### Operon type: 60

	 A0A009NPS1	[391, 390, 389, 388, 387, -1, 843, 844, 845]

 ### Operon type: 61

	 A0A013SB36	[327, 326, 325, 324, 323, 344, 343, 322, 321]
	 A0A009QSI3	[327, 326, 325, 324, 323, 344, 343, 322, -1]

 ### Operon type: 62

	 A0A010ITP2	[327, 326, 325, 324, 323, 344, 343, 0, 0]

 ### Operon type: 63

	 A0A009SII9	[-1, 326, 325, 324, 323, 344, 343, 291, 290]

 ### Operon type: 64

	 A0A009T0Q9	[323, 344, 343, 291, 290, 321, 289, 861, 288]

 ### Operon type: 65

	 A0A009YJF4	[0, 344, 343, 50, 49, 289, 861, 0, 288]

 ### Operon type: 66

	 A0A009GP96	[0, 81, 861, 853, 80, 55, 852, 79, 78]

 ### Operon type: 67

	 A0A009GSR4	[853, 80, 55, 852, 79, 78, 78, 77, 0]

 ### Operon type: 68

	 A0A009IIT6	[81, 861, 853, 80, 79, 78, 78, 77, 0]

 ### Operon type: 69

	 A0A011SQL0	[716, 715, -1, 714, 713, 712, 711, 710, 709]
	 A0A011UZ49	[715, -1, 714, 713, 712, 711, 710, 709, 0]

 ### Operon type: 70

	 A0A009PT82	[588, 633, 218, 217, 216, 215, 214, 213, 270]
	 A0A009SIF9	[588, 633, 218, 217, 216, 215, 214, 213, 270]

 ### Operon type: 71

	 A0A009IS10	[448, 0, 0, 0, 216, 215, 214, 0, 0]

 ### Operon type: 72

	 A0A009QHW5	[0, 0, 0, 833, 216, 215, 214, 0, 271]

 ### Operon type: 73

	 A0A011UVB4	[0, 0, 0, 449, 0, 0, 448, 0, 447]

 ### Operon type: 74

	 A0A011V107	[435, -1, 472, 470, 473, 469, 434, 433, 0]
	 A0A011U7M7	[0, 435, -1, 472, 470, 473, 469, 434, 433]

 ### Operon type: 75

	 A0A011TLH0	[474, 473, 472, 471, 470, 469, 0, 0, 0]

 ### Operon type: 76

	 A0A011UG87	[466, 467, 468, 474, 473, 472, 471, 470, 469]

 ### Operon type: 77

	 A0A011TLH7	[468, 467, 466, 0, 0, 0, 0, 0, 0]

 ### Operon type: 78

	 A0A011TAF9	[0, 0, 486, 485, 484, 483, 482, 481, 480]
	 A0A011TWN2	[486, 485, 484, 483, 482, 481, 480, 0, 0]

 ### Operon type: 79

	 A0A011Q5V7	[520, 0, 0, 0, 757, 756, 755, 754, 753]

 ### Operon type: 80

	 A0A011RM25	[757, 756, 755, 754, 753, 752, 0, 751, 0]

 ### Operon type: 81

	 A0A011QIE8	[686, 685, 684, 807, 683, 682, 681, 0, 0]
	 A0A011QDV3	[686, 685, 684, 807, 683, 682, 633, 0, 681]

 ### Operon type: 82

	 A0A011QAB0	[570, 518, 517, 0, 516, 589, 740, 515, 0]
	 A0A011PL71	[494, 570, 518, 517, 516, 589, 740, 515, 0]

 ### Operon type: 83

	 A0A011Q6N5	[726, 725, 724, 0, 0, 0, 519, 705, 519]

 ### Operon type: 84

	 A0A011SGD5	[0, 0, 0, 0, 0, 0, 726, 725, 724]

 ### Operon type: 85

	 A0A011NYU6	[535, 534, 0, 533, 532, 502, 501, 0, 531]

 ### Operon type: 86

	 A0A011PYI6	[535, 534, 0, 533, 532, 531, 860, 728, 0]

 ### Operon type: 87

	 A0A011P1C0	[0, 0, 502, 501, 531, 0, 0, 0, 0]

 ### Operon type: 88

	 A0A011N4G4	[0, 0, 566, 565, 564, 563, 564, 562, 561]
	 A0A011PKU5	[566, 565, 564, 563, 564, 562, 561, 0, 0]

 ### Operon type: 89

	 A0A010ZWJ8	[11, 10, 9, 489, 8, 613, 460, 613, 7]

 ### Operon type: 90

	 A0A011AHW1	[8, 489, 9, 10, 11, 0, 0, 12, 0]

 ### Operon type: 91

	 A0A011AHU9	[460, 613, 7, 0, 0, 0, 0, 14, 289]

 ### Operon type: 92

	 A0A010ZX98	[6, 5, 4, 3, 2, 22, 807, 807, 0]

 ### Operon type: 93

	 A0A011AIL7	[2, 3, 4, 5, 6, 0, 0, 0, 0]

 ### Operon type: 94

	 A0A010YF95	[521, 28, 674, 27, 26, 26, 25, 702, 24]

 ### Operon type: 95

	 A0A010ZJQ6	[28, 674, 27, 26, 26, 25, 702, 24, 0]

 ### Operon type: 96

	 A0A009GXL8	[53, 52, 51, 50, 49, 173, 158, 135, 134]

 ### Operon type: 97

	 A0A010JIW7	[53, 52, 51, 50, 49, 0, 0, 158, 135]

 ### Operon type: 98

	 A0A011QNA5	[0, 669, 668, 667, 0, 824, 823, 822, 821]
	 A0A009ZLJ7	[821, 822, 823, 824, 0, 0, 669, 668, 667]

 ### Operon type: 99

	 A0A013T0T6	[824, 823, 822, 821, 820, 819, 413, 818, 412]
	 A0A009ISY0	[824, 823, 822, 821, 820, 190, 413, 818, 412]
	 A0A009HAX1	[824, 823, 822, 821, 820, 819, 413, 818, 412]
	 A0A009RMD0	[824, 823, 822, 821, 820, 190, 413, 818, 412]
	 A0A009QMH5	[824, 823, 822, 821, 820, 819, 413, 818, 412]
	 A0A009PE10	[824, 823, 822, 821, 820, 190, 413, 818, -1]

 ### Operon type: 100

	 A0A010ILW6	[824, 823, 822, 821, 820, 819, 0, 0, 818]

 ### Operon type: 101

	 A0A009Z9X7	[823, 822, 821, 0, 820, 0, 640, 0, 818]

 ### Operon type: 102

	 A0A013S8V2	[331, 330, 0, 0, 0, 329, 0, 0, 0]
	 A0A009R8E1	[0, 500, 0, 331, 330, 0, 0, 329, 0]

 ### Operon type: 103

	 A0A009ICH6	[786, 206, 205, 204, 86, 85, 84, 83, 805]
	 A0A009ZFR5	[786, 206, 205, 204, 86, 85, 84, 83, 805]

 ### Operon type: 104

	 A0A009NQA1	[786, 206, 205, 204, 203, 202, 411, 805, 634]
	 A0A009RR21	[786, 206, 205, 204, 203, 202, 411, 805, 634]

 ### Operon type: 105

	 A0A009HTN9	[786, 206, 205, 204, 203, 202, 57, 802, 56]
	 A0A009T3J5	[786, 206, 205, 204, 203, 202, 57, 802, 56]

 ### Operon type: 106

	 A0A009Q0U9	[786, 206, 205, 204, 203, 202, -1, -1, 0]

 ### Operon type: 107

	 A0A009IPC3	[149, 148, 161, 162, 163, 147, 146, 155, 154]
	 A0A009QEG7	[149, 148, 161, 162, 163, 147, 146, 155, 154]

 ### Operon type: 108

	 A0A009I573	[167, 0, 166, 165, 0, 164, 163, 162, 161]

 ### Operon type: 109

	 A0A009ILP9	[155, 0, 161, 162, 163, 164, 154, 165, 166]

 ### Operon type: 110

	 A0A009I953	[155, 0, 161, 162, 163, 164, 154, 0, -1]

 ### Operon type: 111

	 A0A009SX74	[594, 627, 0, 165, 154, 155, 148, 149, 180]

 ### Operon type: 112

	 A0A010IPH1	[801, 800, 799, 798, 797, 796, 795, 794, 793]
	 A0A009MMG9	[801, 800, 799, 798, 797, 796, 795, 794, 793]
	 A0A009QVK8	[801, 800, 799, 798, 797, 796, 795, 794, 793]
	 A0A009ICP5	[801, 800, 799, 798, 797, 796, 795, 794, 793]

 ### Operon type: 113

	 A0A009QLL2	[278, 279, 280, 114, 797, 796, 795, 794, 793]
	 A0A009HTW0	[278, 279, 280, 114, 797, 796, 795, 794, 793]
	 A0A009SIV4	[278, 279, 280, 114, 797, 796, 795, 794, 793]
	 A0A013TSJ4	[279, 280, 0, 114, 797, 796, 795, 794, 793]

 ### Operon type: 114

	 A0A010ITG1	[830, 772, 771, 770, 769, 768, 767, 861, 807]
	 A0A013TCN9	[830, 772, 771, 770, 769, 768, 767, 861, 807]
	 A0A009NIJ3	[830, 772, 771, 770, 769, 768, 767, 861, 807]
	 A0A009QNC9	[830, 772, 771, 770, 769, 768, 767, 861, 807]
	 A0A013TRC1	[830, 772, 771, 770, 769, 768, 767, 861, 807]

 ### Operon type: 115

	 A0A009H935	[0, 0, 771, 770, 769, 768, 767, 861, 807]

 ### Operon type: 116

	 A0A009IMX3	[792, 791, 790, 789, 788, 151, 151, 728, 150]
	 A0A009QEX0	[792, 791, 790, 789, 788, 151, 151, 728, 150]
	 A0A009SF48	[792, 791, 790, 789, 788, -1, 151, 728, 150]

 ### Operon type: 117

	 A0A010ISX2	[792, 791, 790, 789, 788, 787, 786, 785, 784]
	 A0A013S7V1	[792, 791, 790, 789, 788, 787, 786, 785, 784]
	 A0A009MR00	[792, 791, 790, 789, 788, 787, 786, 785, 784]
	 A0A009RES7	[792, 791, 790, 789, 788, 787, 786, 785, 784]

 ### Operon type: 118

	 A0A009YTT3	[31, 117, 790, 789, 788, 787, 786, 785, 784]

 ### Operon type: 119

	 A0A009GYP9	[0, 0, 0, 789, 788, 787, 786, 785, 784]

 ### Operon type: 120

	 A0A009ZZC8	[-1, 129, 130, 31, 117, 790, 789, 788, 787]

 ### Operon type: 121

	 A0A011WSE5	[254, 253, 252, 251, 250, 249, 92, 91, 313]
	 A0A011UGX8	[255, 254, 253, 252, 251, 250, 249, 92, 91]

 ### Operon type: 122

	 A0A011VZG0	[312, 0, 255, 254, 253, 252, 251, 250, 249]

 ### Operon type: 123

	 A0A009PJF7	[274, 275, 275, 276, 223, 277, 222, 221, 220]
	 A0A009SJZ7	[449, 274, 275, 276, 223, 277, 222, 221, 220]

 ### Operon type: 124

	 A0A009Z5G0	[277, 276, 275, 0, 719, 274, 449, 357]

 ### Operon type: 125

	 A0A010JJC1	[841, 840, 839, 838, 837, 836, 835, 851, 834]
	 A0A010IZ41	[840, 839, 838, 837, 836, 835, 851, 834, 371]

 ### Operon type: 126

	 A0A009QJL6	[841, 840, 839, 838, 0, 834, 371, 74, 0]

 ### Operon type: 127

	 A0A013TB41	[378, -1, 377, 376, 375, 588, 800, 783, 374]
	 A0A013SGL3	[378, 320, 377, 376, 375, 588, 800, 783, 374]
	 A0A009PG53	[378, 320, 377, 376, 375, 588, 800, 783, 374]
	 A0A009I5Z6	[378, 320, 377, 376, 375, 588, 800, 783, 374]
	 A0A009NE81	[378, 320, 377, 376, 375, 588, 800, 783, 374]
	 A0A009RQH3	[378, 320, 377, 376, 375, 588, 800, 783, 374]
	 A0A010KAV2	[378, 320, 377, 376, 375, 588, 800, 783, 374]
	 A0A009SHB3	[378, 320, 377, 376, 375, 588, 800, 783, 374]

 ### Operon type: 128

	 A0A009H3X4	[378, 320, 377, 376, 375, 588, -1, 863, -1]

 ### Operon type: 129

	 A0A009PIB4	[0, 0, 0, 212, 442, 211, 852, 861, 589]
	 A0A009SLR5	[0, 0, 0, 212, 442, 211, 852, 861, 589]

 ### Operon type: 130

	 A0A009HSU4	[0, 0, 706, 861, 0, 588, 783, 589, 852]

 ### Operon type: 131

	 A0A009I463	[736, 177, 176, 361, 361, 316, 315, 314, 201]
	 A0A009PAG1	[736, 177, 176, 361, 361, 316, 315, 314, 201]

 ### Operon type: 132

	 A0A013SKX6	[0, 0, 736, 0, 361, 361, 316, 315, 314]

 ### Operon type: 133

	 A0A011Q5S3	[672, 524, 0, 0, 0, 0, 523, 522, 521]

 ### Operon type: 134

	 A0A011UZZ4	[0, 523, 522, 0, 0, 0, 440, 440, 521]

 ### Operon type: 135

	 A0A011UTJ0	[0, 0, 0, 454, 453, 452, 619, 451, 450]

 ### Operon type: 136

	 A0A011VMV7	[454, 453, 452, 619, 451, 450, 421, 420, 419]

 ### Operon type: 137

	 A0A011NYT4	[859, 615, 614, 843, 0, 345, 345, 344, 343]

 ### Operon type: 138

	 A0A011P8E9	[0, 0, 859, 615, 0, 614, 843, 0, 0]

 ### Operon type: 139

	 A0A010TF34	[0, -1, 0, 0, 64, 63, 62, 61, 60]
	 A0A010SYH9	[64, 63, 62, 61, 60, 0, 0, 0, 0]

 ### Operon type: 140

	 A0A010TFJ4	[0, -1, 0, 69, 68, 67, 66, -1, 65]
	 A0A010S7A1	[69, 68, 67, 66, 0, 65, 0, 0, 0]

 ### Operon type: 141

	 A0A009PAV9	[59, -1, 799, 58, 361, 852, 126, 127, 128]
	 A0A009HJC2	[59, 807, 799, 58, 361, 852, 126, 127, 128]

 ### Operon type: 142

	 A0A009SE02	[0, 128, 0, 0, 0, 127, 126, 852, 361]

 ### Operon type: 143

	 A0A009SYU8	[783, 786, 782, 781, 229, 861, 861, 779, 778]
	 A0A009RSB7	[783, 786, 782, 781, 229, 861, 861, 779, 778]
	 A0A009HS41	[783, 786, 782, 781, 229, 861, 861, 779, 778]

 ### Operon type: 144

	 A0A010IT25	[783, 786, 782, 781, 780, 861, 861, 779, 778]
	 A0A013SHA9	[783, 786, 782, 781, 780, 861, 861, 779, 778]
	 A0A009I466	[783, 786, 782, 781, 780, 861, 861, 779, 778]

 ### Operon type: 145

	 A0A009NMQ9	[783, 786, 782, 781, 780, 0, 861, 861, 779]

 ### Operon type: 146

	 A0A009P8A9	[0, 0, 782, 781, 229, 861, 861, 779, 778]

 ### Operon type: 147

	 A0A009ITT8	[189, 188, 187, 292, 304, 302, 301, 300, 299]
	 A0A009NJ90	[189, 188, 187, 292, 304, 303, 302, 301, 300]

 ### Operon type: 148

	 A0A009IJ01	[301, 300, 299, 298, 296, 182, 181, 179, 178]
	 A0A009NCH6	[183, 301, 300, 299, 296, 182, 181, 179, 178]

 ### Operon type: 149

	 A0A009RQL5	[301, 300, 299, 122, 296, 182, 181, 179, 0]

 ### Operon type: 150

	 A0A009MGQ8	[304, 0, 183, 301, 300, 299, 296, 182, 181]

 ### Operon type: 151

	 A0A009S6G1	[295, 294, 293, 292, 304, 301, 300, 299, 296]
	 A0A009RHH7	[295, 294, 293, 292, 304, 303, 301, 300, 299]
	 A0A009IJ07	[295, 294, 293, 292, 304, 301, 300, 299, 298]

 ### Operon type: 152

	 A0A009HZK2	[293, 292, 304, 301, 300, 299, 298, 296, 182]

 ### Operon type: 153

	 A0A009R4N4	[292, 304, 303, 301, 300, 299, 122, 296, 182]

 ### Operon type: 154

	 A0A009S5A5	[304, 303, 302, 301, 300, 299, 298, 297, 296]

 ### Operon type: 155

	 A0A009RHH9	[0, 0, 0, 0, 418, 295, 294, 293, 292]

 ### Operon type: 156

	 A0A011PGU1	[0, 0, 593, 662, 661, 660, 592, 591, 590]
	 A0A011MDH1	[526, 0, 593, 662, 661, 660, 592, 591, 590]

 ### Operon type: 157

	 A0A011V0P4	[543, 439, 0, 0, 438, 0, 0, 437, 436]

 ### Operon type: 158

	 A0A011WPV7	[437, 436, 0, 0, 0, 0, 0, 0, 0]

 ### Operon type: 159

	 A0A011UDF3	[662, 96, 0, 0, 0, 465, 101, 100, 657]

 ### Operon type: 160

	 A0A011VSC9	[101, 100, 657, 0, 0, 0, 0, 0, 0]

 ### Operon type: 161

	 A0A011SF89	[733, 732, 731, 0, 0, 0, 0, 0, 0]

 ### Operon type: 162

	 A0A011UCX7	[0, 570, 733, 732, 0, 731, 145, 0, 0]

 ### Operon type: 163

	 A0A011RNP9	[0, 0, 0, 0, 0, 741, 740, 0, 0]

 ### Operon type: 164

	 A0A011V0B5	[736, 0, 0, 0, 0, 0, 741, 0, 0]

 ### Operon type: 165

	 A0A011RQC9	[0, 736, 735, 0, 0, 0, 0, 734, 0]

 ### Operon type: 166

	 A0A011QG28	[664, 663, 662, 0, 661, 660, 816, 659, 658]
	 A0A011RIM8	[664, 663, 0, 0, 661, 660, 816, 659, 658]

 ### Operon type: 167

	 A0A011PHI6	[487, 0, 688, 0, 0, 687, 677, 529, 0]

 ### Operon type: 168

	 A0A011QI68	[0, 0, 688, 687, 0, 0, 0, 0, 0]

 ### Operon type: 169

	 A0A011NVJ6	[346, 506, 505, 504, 503, 802, 0, 0, 478]

 ### Operon type: 170

	 A0A011PVP2	[0, 506, 505, 504, 503, 802, 0, 0, 579]

 ### Operon type: 171

	 A0A011NXY7	[0, 0, 505, 0, 503, 0, 0, 0, 0]

 ### Operon type: 172

	 A0A011QR69	[638, 637, 805, 636, 635, 634, 0, 0, 0]
	 A0A011NUB4	[638, 637, 805, 636, 635, 634, 0, 347, 0]

 ### Operon type: 173

	 A0A011NN36	[637, 805, 0, 0, 635, 634, 0, 0, 0]

 ### Operon type: 174

	 A0A011PK69	[805, 497, 0, 0, 635, 634, 0, 0, 0]

 ### Operon type: 175

	 A0A011RMI6	[750, 749, 748, 747, 746, 745, 744, 743, 742]
	 A0A011NYD6	[750, 749, 748, 747, 746, 745, 744, 743, 742]

 ### Operon type: 176

	 A0A011QB28	[507, 750, 749, 0, 0, 745, 744, 743, 742]

 ### Operon type: 177

	 A0A011NF33	[0, 745, 744, 0, 0, 0, 0, 0, 0]

 ### Operon type: 178

	 A0A011NBY4	[554, 0, 0, 695, 0, 0, 553, 0, 0]

 ### Operon type: 179

	 A0A011WRT0	[554, 0, 0, 0, 0, 0, 0, 728, 0]

 ### Operon type: 180

	 A0A011SHV5	[0, 0, 0, 0, 0, 723, 728, 841, 0]

 ### Operon type: 181

	 A0A011NB95	[0, 641, 0, 0, 0, 0, 799, 557, 556]

 ### Operon type: 182

	 A0A011UHT4	[74, 248, 557, 0, 0, 71, 71, 556, 0]

 ### Operon type: 183

	 A0A010Z1W7	[0, 0, 0, 0, 0, 33, 0, 266, 267]

 ### Operon type: 184

	 A0A011VY84	[0, 0, 267, 266, 0, 0, 0, 0, 0]

 ### Operon type: 185

	 A0A010YW85	[0, 0, 0, 0, 0, 309, 0, 266, 267]

 ### Operon type: 186

	 A0A010ZMA0	[266, 560, 0, 0, 0, 0, 0, 0, 0]

 ### Operon type: 187

	 A0A011N5L2	[0, 0, 0, 560, 0, 559, 842, 0, 0]

 ### Operon type: 188

	 A0A009MJ75	[0, 0, 201, 200, 199, 0, 0, 0, 853]

 ### Operon type: 189

	 A0A010IH51	[0, 793, 0, 0, 199, 0, 853, 0, 0]

 ### Operon type: 190

	 A0A011TYT7	[0, 0, 0, 0, 0, 0, 793, 707, 707]

 ### Operon type: 191

	 A0A010RRR9	[0, 0, 0, 0, 855, 0, 0, 854, 853]

 ### Operon type: 192

	 A0A010SIA7	[0, 0, 854, 66, 0, 0, 0, 0, 0]

 ### Operon type: 193

	 A0A010RFQ9	[0, 0, 865, 0, 864, 0, 0, 0, 0]

 ### Operon type: 194

	 A0A010SPR9	[43, 43, 0, 0, 0, 864, 0, 0, 0]

 ### Operon type: 195

	 A0A009LNU8	[186, 195, 711, 185, 0, 184, 0, 852, 0]

 ### Operon type: 196

	 A0A013SRG6	[89, 185, 711, 195, 0, 194, 0, 186, 349]

 ### Operon type: 197

	 A0A009IQU8	[0, 195, 0, 0, 0, 194, 349, 0, 0]

 ### Operon type: 198

	 A0A010K2K8	[711, 185, 89, 0, 0, 0, 0, -1, 852]

 ### Operon type: 199

	 A0A011NPR8	[0, 349, 0, 0, 0, 0, 348, 0, 0]

 ### Operon type: 200

	 A0A010SEA2	[524, 348, 48, 0, 0, 0, 0, 0, 0]

 ### Operon type: 201

	 A0A010IGH8	[0, 0, 0, 0, 0, 0, 0, 340, 779]

 ### Operon type: 202

	 A0A010STD3	[0, 0, 0, 464, 463, 462, 0, 779, 340]

 ### Operon type: 203

	 A0A010SQJ5	[332, 798, 0, 464, 463, 462, 0, 0, 0]

 ### Operon type: 204

	 A0A013RVV2	[830, 0, 342, 341, 0, 0, 779, 340, 0]

 ### Operon type: 205

	 A0A011TD67	[465, 0, 0, 464, 463, 462, 461, 0, 460]

 ### Operon type: 206

	 A0A009ZC12	[0, 0, 0, 464, 0, 462, 461, 269, 655]

 ### Operon type: 207

	 A0A009YSC7	[0, 0, 553, 29, 0, 29, 342, 341, 0]

 ### Operon type: 208

	 A0A009ZJK4	[0, 0, 0, 0, 0, 0, 786, 38, 0]

 ### Operon type: 209

	 A0A010SVN1	[-1, 38, 861, 196, 475, 0, 0, 786, 0]

 ### Operon type: 210

	 A0A009PFK7	[235, 234, 233, 232, 231, 0, 0, 230, 0]
	 A0A009QGN4	[235, 234, 233, 232, 231, 230, 0, 0, 0]

 ### Operon type: 211

	 A0A009YR20	[0, 230, 0, 0, 0, 0, 234, 0, 0]

 ### Operon type: 212

	 A0A009SCM5	[125, 124, 123, 0, 0, 0, 0, 0, 0]

 ### Operon type: 213

	 A0A009TJ77	[180, 45, 0, 0, 0, 0, 125, 124, 123]

 ### Operon type: 214

	 A0A009HZV2	[0, 0, 0, 0, 157, 156, 303, 0, 0]

 ### Operon type: 215

	 A0A009QPE7	[0, 0, 0, 0, 157, 156, 0, 0, 0]

 ### Operon type: 216

	 A0A009MGR3	[0, 0, 112, 0, 406, 297, 118, 111, 110]

 ### Operon type: 217

	 A0A009Q4G0	[0, 113, 112, 0, 406, 0, 111, 110, 111]

 ### Operon type: 218

	 A0A009PB53	[0, 0, 138, 137, 406, 111, 110, 111, 136]

 ### Operon type: 219

	 A0A009PUJ8	[0, 138, 137, 406, 0, 136, 158, 135, 134]

 ### Operon type: 220

	 A0A009H7I0	[160, 0, 0, 861, 318, 318, 197, 386, 196]
	 A0A009QQC0	[160, 0, 198, 861, 318, 318, 197, 386, 196]

 ### Operon type: 221

	 A0A009MVG4	[198, 0, 319, 861, 318, 318, 197, 386, 196]

 ### Operon type: 222

	 A0A009QA91	[307, 306, 783, 861, 318, 318, 197, 386, 196]
	 A0A010J377	[307, 306, 783, 861, 318, 318, 197, 386, 196]

 ### Operon type: 223

	 A0A009S1X4	[307, 306, 783, 861, 318, 318, 861, 0, 305]

 ### Operon type: 224

	 A0A013SHF4	[0, 0, 319, 861, 318, 318, 0, 317, 0]

 ### Operon type: 225

	 A0A011N3C3	[0, 0, 0, 706, 569, 568, 690, 689, 567]
	 A0A011PJK8	[706, 569, 568, 690, 689, 567, 0, 0, 0]

 ### Operon type: 226

	 A0A011UWH1	[493, 445, 444, 443, 0, 0, 0, 0, 0]
	 A0A011WKI4	[0, 0, 0, 0, 0, 493, 445, 444, 443]

 ### Operon type: 227

	 A0A010YKP2	[0, 0, 0, 0, 0, 0, 478, 432, 0]

 ### Operon type: 228

	 A0A011V1A2	[439, 0, 0, 432, 0, 0, 0, 0, 0]

 ### Operon type: 229

	 A0A011NGS0	[0, 0, 0, 0, 630, 629, 0, 0, 0]

 ### Operon type: 230

	 A0A011PW61	[0, 0, 0, 0, 630, 629, 0, 0, 628]

 ### Operon type: 231

	 A0A011UXI1	[0, 495, 0, 0, 630, 629, 459, 0, 0]

 ### Operon type: 232

	 A0A011SWI9	[-1, -1, 0, 487, 630, 629, 459, -1, -1]

 ### Operon type: 233

	 A0A011P952	[629, 0, 610, 0, 0, 610, 0, 0, 0]

 ### Operon type: 234

	 A0A011Q1B3	[530, 529, 528, 527, 528, 579, 526, 0, 0]
	 A0A011QVV5	[0, 0, 530, 529, 528, 527, 528, 579, 526]

 ### Operon type: 235

	 A0A011NSG8	[0, 0, 0, 529, 528, 527, 0, 528, 0]

 ### Operon type: 236

	 A0A011P0X4	[0, 0, 526, 0, 528, 0, 0, 527, 500]

 ### Operon type: 237

	 A0A010YNY9	[0, 0, 34, 23, 0, 0, 0, 0, 446]

 ### Operon type: 238

	 A0A011AC71	[305, 0, 0, 479, 0, 34, 23, 0, 783]

 ### Operon type: 239

	 A0A011QLX0	[0, 671, 0, 0, 670, 0, 749, 748, 0]
	 A0A011PRW6	[671, 0, 0, 0, 670, 749, 748, 0, 0]

 ### Operon type: 240

	 A0A010SML6	[0, 749, 748, -1, 0, 627, 0, 0, 0]

 ### Operon type: 241

	 A0A010RS09	[0, 0, 0, 0, 61, 0, 863, 863, 0]

 ### Operon type: 242

	 A0A010RTE7	[0, 0, 0, 0, 0, 0, 61, 45, 0]

 ### Operon type: 243

	 A0A009P817	[210, 0, 0, 0, 209, 0, 311, 208, 207]

 ### Operon type: 244

	 A0A009TIY0	[0, 0, 0, 0, 209, 0, 311, 208, 0]

 ### Operon type: 245

	 A0A009QKA3	[311, 208, 0, 207, 0, 0, 0, 0, 235]

 ### Operon type: 246

	 A0A009HSR2	[0, 133, 132, 0, 131, 140, 141, 303, 142]

 ### Operon type: 247

	 A0A009SWM1	[0, 133, 132, 0, 131, 0, 0, 141, 0]

 ### Operon type: 248

	 A0A009MYX0	[143, 142, 0, 706, 0, 0, 141, 140, 139]

 ### Operon type: 249

	 A0A009QK79	[0, 0, 139, 140, 0, 141, 0, 0, 142]

 ### Operon type: 250

	 A0A009GXJ1	[431, 430, 140, 141, 54, 303, 142, 143, 0]

 ### Operon type: 251

	 A0A010IT95	[0, 0, 0, 852, 777, 776, 775, 774, 773]
	 A0A013TKW8	[0, 665, 0, 852, 777, 776, 775, 774, 773]
	 A0A009S0T6	[0, 0, 852, 308, 777, 776, 775, 774, 773]
	 A0A009PRQ9	[0, 852, 308, 0, 777, 776, 775, 774, 773]
	 A0A009I5G9	[0, 0, 852, 308, 777, 776, 775, 774, 773]
	 A0A009QT77	[0, 0, -1, 852, 777, 776, 775, 774, 773]
	 A0A009MH36	[0, 0, 0, 852, 777, 776, 775, 774, 773]
	 A0A009GWD0	[303, 0, 0, 852, 777, 776, 775, 774, 773]

 ### Operon type: 252

	 A0A013TMJ7	[807, -1, 0, 852, 777, 774, 773, 0, 0]

 ### Operon type: 253

	 A0A011VXC2	[-1, 542, 0, 541, 540, 539, 538, 537, 536]
	 A0A011V392	[542, 0, 541, 540, 539, 538, 0, 537, 536]

 ### Operon type: 254

	 A0A011V490	[312, 358, 0, 536, 537, 538, 539, 540, 541]

 ### Operon type: 255

	 A0A011VZF5	[0, 0, 540, 539, 538, 570, 358, 570, 0]

 ### Operon type: 256

	 A0A011WLE7	[0, 0, 0, 0, 0, 256, 0, 0, 0]
	 A0A011VU44	[0, 0, 0, 0, 0, 256, 0, 0, 0]

 ### Operon type: 257

	 A0A011VAP2	[0, 0, 105, 0, 0, 0, 0, 0, 104]

 ### Operon type: 258

	 A0A011VRJ8	[0, 0, 0, 0, 0, 0, 105, 0, 0]

 ### Operon type: 259

	 A0A011RNU1	[0, 0, 0, 0, 0, 0, 739, 739, 738]

 ### Operon type: 260

	 A0A011VKJ9	[0, 0, 0, 0, 0, 0, 738, 739, -1]

 ### Operon type: 261

	 A0A011PQZ7	[0, 0, 0, 489, 532, 0, 488, 0, 0]

 ### Operon type: 262

	 A0A011TUX4	[0, 0, 0, 0, 532, 0, 0, 488, 0]

 ### Operon type: 263

	 A0A011STZ9	[0, 0, 0, 488, 0, 0, 0, 0, 0]

 ### Operon type: 264

	 A0A011PUJ9	[0, 0, 0, 0, 0, 0, 0, 0, 580]
	 A0A011PRF5	[580, 0, 0, 0, 0, 0, 0, 0, 0]

 ### Operon type: 265

	 A0A011PFY8	[0, 0, 0, 0, 0, 0, 0, 0, 596]

 ### Operon type: 266

	 A0A011PNS3	[639, 596, 0, 0, 0, 0, 0, 0, 0]

 ### Operon type: 267

	 A0A011T648	[0, 596, 0, 0, 0, 0, 0, 805, 0]

 ### Operon type: 268

	 A0A010YYJ5	[0, 0, 0, 570, 0, 0, 0, 47, 47]

 ### Operon type: 269

	 A0A011NDM5	[570, 0, 0, 0, 0, 0, 0, 0, 0]

 ### Operon type: 270

	 A0A011MSR2	[0, 0, 0, 571, 0, 0, 0, 570, 570]

 ### Operon type: 271

	 A0A011WSU6	[0, 570, 0, 0, 537, 0, 0, 0, 0]

 ### Operon type: 272

	 A0A011U3C2	[0, 0, 816, 0, 0, 0, 0, 0, 0]
	 A0A011AEN3	[0, 0, 0, 0, 0, 0, 816, 0, 0]

 ### Operon type: 273

	 A0A011AAZ2	[0, 693, 0, 0, 0, 816, 816, 816, 0]

 ### Operon type: 274

	 A0A011T698	[0, 0, 0, 0, 0, 783, 816, 0, 0]

 ### Operon type: 275

	 A0A010YRE8	[0, 0, 0, 0, 0, 0, 0, 22, 0]

 ### Operon type: 276

	 A0A011AF05	[0, 0, 305, 22, 0, 0, 0, 0, 0]

 ### Operon type: 277

	 A0A009ZG48	[0, 0, 0, 665, 0, 0, 0, 0, 0]

 ### Operon type: 278

	 A0A011PEJ8	[0, 0, 602, 665, 0, 0, 0, 0, 0]

 ### Operon type: 279

	 A0A011QNJ7	[666, 0, 0, 665, 0, 0, 0, 666, 0]

 ### Operon type: 280

	 A0A011MMJ4	[0, 0, 0, 0, 0, 0, 0, 666, 0]

 ### Operon type: 281

	 A0A011R8M3	[0, 0, 602, 665, 0, 458, 0, 666, 0]

 ### Operon type: 282

	 A0A009ZC82	[0, 0, 716, 0, 0, 0, 0, 0, 0]

 ### Operon type: 283

	 A0A011P3F6	[627, 0, 0, 716, 0, 0, 0, 0, 0]

 ### Operon type: 284

	 A0A009IG48	[0, 0, 0, 153, 152, 0, 0, 0, 627]

 ### Operon type: 285

	 A0A009IMQ0	[0, 0, 0, 153, 152, 0, 0, 0, 0]

 ### Operon type: 286

	 A0A009SWV1	[0, 0, 0, 0, 0, 0, 0, 153, 0]

 ### Operon type: 287

	 A0A009PMZ9	[219, 0, 0, 0, 0, 0, 0, 0, 0]
	 A0A009Q512	[0, 0, 0, 0, 219, 0, 0, 0, 0]

 ### Operon type: 288

	 A0A009IFL2	[0, 268, 0, 82, -1, 0, 0, 0]

 ### Operon type: 289

	 A0A009ZDS1	[-1, -1, 0, 268, 0, 0, 840, 0, 0]

 ### Operon type: 290

	 A0A010SNM6	[40, 36, -1, 0, 0, 0, 807, 0, 0]

 ### Operon type: 291

	 A0A010T5D8	[36, 40, 0, -1, 0, -1, 371, 0, 0]

 ### Operon type: 292

	 A0A011UB51	[694, 0, 0, 0, 0, 0, 0, 0, 0]
	 A0A011UFH1	[0, 0, 0, 0, 0, 694, 0, 0, 0]

 ### Operon type: 293

	 A0A011V965	[0, -1, -1, 0, 106, 0, -1, -1, 0]
	 A0A011VHP2	[0, -1, -1, -1, 106, 0, 0, 0, 0]

 ### Operon type: 294

	 A0A010RVD0	[-1, 0, 0, -1, 0, 647, 647, 0, 44]

 ### Operon type: 295

	 A0A010T7Q5	[0, 44, 0, 0, 0, 0, -1, 0, 0]

 ### Operon type: 296

	 A0A010SJH7	[0, 0, 807, -1, 0, 0, 197, 0, 0]

 ### Operon type: 297

	 A0A010SRR2	[0, 0, -1, 0, 0, 0, 0, 0, 807]

 ### Operon type: 298

	 A0A010RKP8	[0, 0, 0, 0, 0, 0, -1, 0, 0]
	 A0A011UZ32	[0, 0, 0, 0, 0, -1, 0, 0, 0]
	 A0A009HJU6	[0, 0, 0, 0, 0, 0, 0, 0, -1]
	 A0A010TF14	[-1, 0, 0, 0, 0, 0, 0, 0, 0]
	 A0A010RY47	[-1, 0, -1, 0, 0, 0, 0, 0, 0]

 ### Operon type: 299

	 A0A010SJF9	[0, 0, 0, 0, 0, -1, 0, 73, -1]

 ### Operon type: 300

	 A0A011ML54	[0, 0, 0, 257, 0, 0, 0, 0, -1]

 ### Operon type: 301

	 A0A011NHY1	[0, 0, 0, 0, 0, 807, 0, 0, 0]

 ### Operon type: 302

	 A0A010Z171	[0, 0, 0, 0, 0, 0, 807, 0, 706]

 ### Operon type: 303

	 A0A011T697	[807, 0, 0, 0, 0, 0, 0, 0, 311]

 ### Operon type: 304

	 A0A011TDD1	[0, 476, 807, 0, 0, 0, 0, 0, 0]

 ### Operon type: 305

	 A0A011VW24	[0, 0, 752, 0, 0, 0, 0, 0, -1]

 ### Operon type: 306

	 A0A011T8V3	[0, 0, 752, 0, 0, 0, 0, 0, 0]

 ### Operon type: 307

	 A0A010TH98	[628, 0, 0, 752, 0, 0, 0, 0, 0]

 ### Operon type: 308

	 A0A011QVR3	[0, 0, 0, 0, 0, 0, 0, 641, 752]

 ### Operon type: 309

	 A0A011VYF1	[752, 0, 0, 0, 0, 0, 694, 0, 0]

 ### Operon type: 310

	 A0A010S415	[-1, 752, 0, 196, 0, 0, 0, 0, 828]

 ### Operon type: 311

	 A0A011QMJ8	[0, 0, 0, 0, 0, 0, 0, 0, 0]
	 A0A011QSN2	[0, 0, 0, 0, 0, 0, 0, 0, 0]
	 A0A011P9Z5	[0, 0, 0, 0, 0, 0, 0, 0, 0]
	 A0A011PBM9	[0, 0, 0, 0, 0, 0, 0, 0, 0]
	 A0A011N2Z0	[0, 0, 0, 0, 0, 0, 0, 0, 0]
	 A0A011NAJ1	[0, 0, 0, 0, 0, 0, 0, 0, 0]
	 A0A011Q056	[0, 0, 0, 0, 0, 0, 0, 0, 0]
	 A0A011PNN2	[0, 0, 0, 0, 0, 0, 0, 0, 0]
	 A0A011UHL2	[0, 0, 0, 0, 0, 0, 0, 0, 0]
	 A0A013TEV4	[0, 0, 0, 0, 0, 0, 0, 0, 0]
	 A0A013SL47	[0, 0, 0, 0, 0, 0, 0, 0, 0]
	 A0A011WUT3	[0, 0, 0, 0, 0, 0, 0, 0, 0]
	 A0A011NMI8	[0, 0, 0, 0, 0, 0, 0, 0, 0]
	 A0A011NTU3	[0, 0, 0, 0, 0, 0, 0, 0, 0]
	 A0A013S2B9	[0, 0, 0, 0, 0, 0, 0, 0, 0]
	 A0A013SBR8	[0, 0, 0, 0, 0, 0, 0, 0, 0]
	 A0A011VYF6	[0, 0, 0, 0, 0, 0, 0, 0, 0]
	 A0A009M4K0	[0, 0, 0, 0, 0, 0, 0, 0, 0]
	 A0A009MH90	[0, 0, 0, 0, 0, 0, 0, 0, 0]
	 A0A011VNE2	[0, 0, 0, 0, 0, 0, 0, 0, 0]
	 A0A011UBN9	[0, 0, 0, 0, 0, 0, 0, 0, 0]
	 A0A011UFM5	[0, 0, 0, 0, 0, 0, 0, 0, 0]
	 A0A009PDV4	[0, 0, 0, 0, 0, 0, 0, 0, 0]
	 A0A009HIL8	[0, 0, 0, 0, 0, 0, 0, 0, 0]
	 A0A010SHY1	[0, 0, 0, 0, 0, 0, 0, 0, 0]
	 A0A010SPJ7	[0, 0, 0, 0, 0, 0, 0, 0, 0]
	 A0A010SSQ8	[0, 0, 0, 0, 0, 0, 0, 0, 0]
	 A0A010T025	[0, 0, 0, 0, 0, 0, 0, 0, 0]
	 A0A010YJA7	[0, 0, 0, 0, 0, 0, 0, 0, 0]
	 A0A010YZS8	[0, 0, 0, 0, 0, 0, 0, 0, 0]
	 A0A010Z120	[0, 0, 0, 0, 0, 0, 0, 0, 0]
	 A0A010ZTI3	[0, 0, 0, 0, 0, 0, 0, 0, 0]
	 A0A011A146	[0, 0, 0, 0, 0, 0, 0, 0, 0]

 ### Operon type: 312

	 A0A010TG27	[493, 0, 70, 0, 0, 0, 861, 0, 0]

 ### Operon type: 313

	 A0A011PMK1	[0, 0, 0, 0, 0, 0, 0, 493, 0]

 ### Operon type: 314

	 A0A009HM15	[0, 181, 179, 0, 0, 0, -1, 0, 0]

 ### Operon type: 315

	 A0A009HRU1	[0, 140, 0, 0, 0, 0, 0, 0, 0]

 ### Operon type: 316

	 A0A009HSN8	[0, 113, 0, 0, 0, -1, 0, 136, -1]

 ### Operon type: 317

	 A0A009HV82	[158, 0, 0, 0, 0, 0, 0, 0, 0]

 ### Operon type: 318

	 A0A009IG74	[0, 0, 200, 0, 361, -1, 0, 0, 0]

 ### Operon type: 319

	 A0A009IJ90	[0, 180, 0, 0, 0, 0, 0, 0, 0]

 ### Operon type: 320

	 A0A009NM94	[0, 730, 730, 0, 0, 0, 476, 0, 0]

 ### Operon type: 321

	 A0A009Q4N5	[0, 0, 210, 0, 0, 0, 0, 0, 0]

 ### Operon type: 322

	 A0A009SSZ9	[0, 167, 0, 0, 0, 0, 0, 0, 0]

 ### Operon type: 323

	 A0A009YIH1	[0, 0, 0, 0, 296, 0, -1, -1, 30]

 ### Operon type: 324

	 A0A009YR05	[0, 0, 0, 0, 453, 0, 0, 0, 0]

 ### Operon type: 325

	 A0A009Z004	[281, 0, 281, 0, 0, 706, 0, 0, 0]

 ### Operon type: 326

	 A0A010RUQ5	[0, 0, 0, 0, 0, 0, 0, 0, 417]

 ### Operon type: 327

	 A0A010S195	[716, 0, 33, 39, 0, 0, 0, 0, 0]

 ### Operon type: 328

	 A0A010SCZ2	[0, 0, 0, 0, 0, 0, 0, 94, 0]

 ### Operon type: 329

	 A0A010SN41	[0, 0, 0, 0, 90, 0, 0, 0, 0]

 ### Operon type: 330

	 A0A010SSU2	[0, 0, 0, 0, 54, 0, -1, 611, 0]

 ### Operon type: 331

	 A0A010SUP6	[0, 0, 0, 0, 0, 0, 0, 39, 0]

 ### Operon type: 332

	 A0A010SUY9	[0, 0, 0, 0, 0, 458, 602, 0]

 ### Operon type: 333

	 A0A010THK2	[0, 0, -1, 0, 0, 863, 706, 0, 0]

 ### Operon type: 334

	 A0A010SRL4	[70, 0, 0, -1, 0, 0, 0, 706, 144]

 ### Operon type: 335

	 A0A010YX61	[377, 816, 0, 752, 0, 0, 0, 0, 0]

 ### Operon type: 336

	 A0A010S5W8	[0, 0, 571, 579, 0, 0, 0, 0, 0]

 ### Operon type: 337

	 A0A011NE37	[815, 0, 0, 0, 0, 0, 0, 0, 0]

 ### Operon type: 338

	 A0A011NF78	[0, 0, 654, 0, 0, 0, 0, 0, 0]

 ### Operon type: 339

	 A0A011NVE2	[0, 0, 0, 805, 0, 0, 807, 0, 703]

 ### Operon type: 340

	 A0A011NXJ4	[0, 0, 0, 0, 0, 0, 0, 0, 416]

 ### Operon type: 341

	 A0A011P8I1	[0, 0, 658, 816, 0, 0, 0, 0, 613]

 ### Operon type: 342

	 A0A011P9Q7	[782, 0, 0, 0, 0, 0, 0, 0, 0]

 ### Operon type: 343

	 A0A011PJ75	[0, 805, 804, 805, 0, 0, 0, 0, 0]

 ### Operon type: 344

	 A0A011PRB4	[0, 0, 0, 0, 0, 0, 0, 541, 0]

 ### Operon type: 345

	 A0A011QVT2	[640, 0, 0, 0, 0, 0, 0, 639, 0]

 ### Operon type: 346

	 A0A011RP14	[0, 0, 0, 0, 0, 0, 0, 737, 0]

 ### Operon type: 347

	 A0A011SM49	[807, 0, 737, 0, 0, 0, 717, 0, 0]

 ### Operon type: 348

	 A0A011AM27	[488, 0, 0, 0, 846, 0, 0, 0, 35]

 ### Operon type: 349

	 A0A011T607	[0, 0, 579, 0, 0, 0, 0, 0, 476]

 ### Operon type: 350

	 A0A011TAW2	[0, 0, 0, 0, 0, 0, 477, 0, 0]

 ### Operon type: 351

	 A0A011TED9	[0, 0, 0, 0, 0, 485, 0, 0, 0]

 ### Operon type: 352

	 A0A011TXS5	[0, 708, 0, 0, 0, 0, 0, 0, 0]

 ### Operon type: 353

	 A0A011U144	[0, 417, 0, 0, 0, 0, 416, 415, 0]

 ### Operon type: 354

	 A0A011U1C8	[783, 0, 0, 0, 0, 0, 0, 0, 414]

 ### Operon type: 355

	 A0A011U483	[0, 0, 0, 0, 0, 625, 0, 0, 0]

 ### Operon type: 356

	 A0A011UG86	[0, 529, 0, 0, 0, 73, 0, 0, 0]

 ### Operon type: 357

	 A0A011UQB5	[727, 695, 0, 0, 0, 0, 0, 694, 0]

 ### Operon type: 358

	 A0A011UVI5	[0, 0, 0, 0, 0, 446, 805, 805, 0]

 ### Operon type: 359

	 A0A011UWI3	[0, 0, 0, 0, 442, 0, 441, 716, 0]

 ### Operon type: 360

	 A0A011V5E6	[0, 0, 0, 0, 0, 313, 0, 0, 0]

 ### Operon type: 361

	 A0A011M4H6	[104, 0, 858, 0, 0, 0, 0, 0, 0]

 ### Operon type: 362

	 A0A011VSV3	[0, 0, 0, 0, 0, 0, 662, 0, 0]

 ### Operon type: 363

	 A0A011VWI0	[0, 0, 0, 0, 0, 248, 0, 0, 0]

 ### Operon type: 364

	 A0A011VZ91	[443, 0, 0, 0, 0, 0, 0, 0, 0]

 ### Operon type: 365

	 A0A011WP76	[0, 0, 0, 0, 0, 0, 0, 0, 674]

 ### Operon type: 366

	 A0A011WSD4	[0, 0, 0, -1, 0, 570, 0, 0, 358]

 ### Operon type: 367

	 A0A011WT35	[358, 0, 0, 0, 0, 0, 0, 0, 0]

 ### Operon type: 368

	 A0A013S843	[0, 386, 0, 0, 0, 0, -1, 332, 0]

 ### Operon type: 369

	 A0A013T5E6	[0, 0, 0, 406, 0, 0, 0, 0, 0]

 ### Operon type: 370

	 A0A009T185	[637, 0, 804, 804, 806, 805, 804, 803, 802]

 ### Operon type: 371

	 A0A010IN36	[808, 807, 0, 0, 806, 805, 804, 803, 802]

 ### Operon type: 372

	 A0A009PG43	[805, 804, 692, 639, 0, 803, 802, 0, 0]

 ### Operon type: 373

	 A0A009INE0	[808, 0, 0, 0, 0, 0, 0, 804, 803]

 ### Operon type: 374

	 A0A009T9H0	[0, 30, 627, -1, 0, 0, 141, 0, 140]

 ### Operon type: 375

	 A0A010THH5	[0, 48, 268, 446, 0, 0, 841, 0, 840]

 ### Operon type: 376

	 A0A011VZE3	[0, 0, 0, 861, 259, 0, 0, 0, 0]
	 A0A011WSH8	[0, 0, 0, 861, 259, 0, 0, 0, 0]

 ### Operon type: 377

	 A0A011NAF3	[0, 0, 0, 0, 0, 0, 861, 0, 583]

 ### Operon type: 378

	 A0A009IQ93	[145, 0, 861, 0, 0, 144, 0, 0, 0]

 ### Operon type: 379

	 A0A009Q8S9	[0, 0, 627, 333, 0, 696, 0, 0, 0]

 ### Operon type: 380

	 A0A009TLU4	[0, 708, -1, 184, 0, 42, 0, -1, -1]

 ### Operon type: 381

	 A0A009ZB47	[271, 270, 0, 0, 0, 570, 838, 0, 0]

 ### Operon type: 382

	 A0A009ZVR4	[735, 0, 816, 0, 0, 47, 0, 0, 272]

 ### Operon type: 383

	 A0A010JIN9	[838, 0, 0, 45, 154, 0, 0, 0, 0]

 ### Operon type: 384

	 A0A010S003	[591, 0, 0, 0, 0, 529, 529, 798, 0]

 ### Operon type: 385

	 A0A010SMN8	[0, -1, 34, 0, 864, 0, 0, 595, 0]

 ### Operon type: 386

	 A0A010SXS1	[0, 692, 0, 0, 0, 699, 0, 0, 639]

 ### Operon type: 387

	 A0A010T689	[35, -1, 841, 741, 0, 0, 0, 0, 0]

 ### Operon type: 388

	 A0A010TBB4	[0, 351, 0, 73, 0, 0, 0, 0, 783]

 ### Operon type: 389

	 A0A010YFK3	[0, 754, 0, 0, 0, 0, 97, 0, 414]

 ### Operon type: 390

	 A0A010YVY1	[16, 0, 16, 0, 0, 0, 0, 798, 0]

 ### Operon type: 391

	 A0A010ZSZ2	[0, 693, 0, 499, 498, 0, 0, 0, 0]

 ### Operon type: 392

	 A0A010Z0Y7	[0, 0, 0, 0, 498, 196, 0, 0, 0]

 ### Operon type: 393

	 A0A011A0M8	[0, 0, 706, 0, 82, 0, 0, 1, 1]

 ### Operon type: 394

	 A0A011NFL4	[0, 729, 0, 0, 455, 493, 0, 102, 0]

 ### Operon type: 395

	 A0A011P407	[0, 0, 626, 728, 0, 0, 783, 0, 625]

 ### Operon type: 396

	 A0A011QGT2	[861, 0, 0, 690, 689, 0, 0, 0, 0]

 ### Operon type: 397

	 A0A011QSA4	[657, 0, 656, 655, 0, 0, 0, 0, 654]

 ### Operon type: 398

	 A0A011T6J6	[0, 520, 0, 816, 0, 0, 310, 0, 309]

 ### Operon type: 399

	 A0A011TAL2	[0, 579, 0, 0, 0, 479, 0, 478, 0]

 ### Operon type: 400

	 A0A011TZG0	[706, 705, 0, 0, 0, 0, 0, 704, 0]

 ### Operon type: 401

	 A0A011UGY3	[92, 91, 313, 72, 0, 0, 0, 72, 0]

 ### Operon type: 402

	 A0A011UII7	[0, 0, 0, 0, 0, 703, 702, 0, 0]

 ### Operon type: 403

	 A0A011UNT9	[696, 720, 0, 0, 0, 0, 0, 0, 0]

 ### Operon type: 404

	 A0A011SIS0	[0, 722, 721, 721, 0, 0, 0, 720, 0]

 ### Operon type: 405

	 A0A011UT49	[0, 693, 0, 0, 0, 0, 692, 691, 0]

 ### Operon type: 406

	 A0A011VU65	[98, 0, 0, 0, 0, 97, 0, 662, 96]

 ### Operon type: 407

	 A0A011VV03	[0, 95, 0, 0, 438, 104, 0, 0, 0]

 ### Operon type: 408

	 A0A011VVZ9	[0, 0, -1, 0, 0, 94, 93, 93, 719]

 ### Operon type: 409

	 A0A011VWX7	[639, 543, 0, 0, 0, 0, 0, 723, 0]

 ### Operon type: 410

	 A0A011VXK7	[730, 730, 0, 812, 0, 0, 0, 522, 0]

 ### Operon type: 411

	 A0A011W0I6	[258, 0, 0, 0, 0, 561, 0, 257, 0]

 ### Operon type: 412

	 A0A010YEF6	[0, 258, 0, 0, 0, 0, 0, 0, 37]

 ### Operon type: 413

	 A0A013SQH1	[0, 0, 0, 0, 90, 496, 0, 852, 799]

 ### Operon type: 414

	 A0A009QJA8	[135, 134, 0, 0, 0, 0, 0, 0, 872]

 ### Operon type: 415

	 A0A009YL68	[0, 0, 783, 378, 375, 0, 0, 269, 0]

 ### Operon type: 416

	 A0A010JNG7	[852, 0, 0, 851, 0, 0, 0, 0, 0]

 ### Operon type: 417

	 A0A010RM40	[862, 861, 860, 0, 0, 0, 0, -1, 859]

 ### Operon type: 418

	 A0A010RRQ6	[0, 858, 0, 0, 0, 864, 857, 856, 0]

 ### Operon type: 419

	 A0A010S423	[310, 0, 0, 0, 0, 0, 0, 441, 734]

 ### Operon type: 420

	 A0A010T0I7	[0, 0, 37, 0, 0, 658, 656, 861, 0]

 ### Operon type: 421

	 A0A010ZUR7	[95, 13, 0, 13, 0, 12, 798, 0, 0]

 ### Operon type: 422

	 A0A011NA78	[0, 558, 0, 0, 0, 647, 0, 0, 859]

 ### Operon type: 423

	 A0A011P8W7	[612, 626, 639, 0, 611, 0, 0, 0, 0]

 ### Operon type: 424

	 A0A011PG97	[595, 0, 0, 594, 0, 0, 0, 0, 0]

 ### Operon type: 425

	 A0A011PKT4	[0, 496, 0, 0, 0, 0, 495, 0, 0]

 ### Operon type: 426

	 A0A011PLB2	[0, 612, 0, 497, 0, 0, 0, 0, 0]

 ### Operon type: 427

	 A0A011R339	[0, 0, 0, 0, 0, 0, 431, 430, 0]

 ### Operon type: 428

	 A0A011SFE5	[0, 0, 0, 730, 0, 0, 729, 728, 727]

 ### Operon type: 429

	 A0A011SJT5	[0, 0, 0, 719, 718, 718, 718, 718, 718]

 ### Operon type: 430

	 A0A011TDQ5	[0, 0, 0, 0, 475, 563, 0, 0, 0]

 ### Operon type: 431

	 A0A011VT01	[0, 0, 99, 0, 0, 99, 0, 0, 277]

 ### Operon type: 432

	 A0A009Z3V9	[861, 0, 0, 0, 0, 280, 568, 279, 278]

 ### Operon type: 433

	 A0A010SRB2	[42, 41, 0, 0, 0, 41, 40, 0, 0]

 ### Operon type: 434

	 A0A010KA25	[838, 0, 841, 781, 80, 0, 0, 838, 390]

 ### Operon type: 435

	 A0A011TZN1	[421, 420, 419, 0, 418, 0, 0, 0, 0]

 ### Operon type: 436

	 A0A011VJ76	[103, 103, 691, 102, 0, 861, 706, 0, 626]

 ### Operon type: 437

	 A0A011UG17	[220, 0, 260, 0, 253, 98, 0, 0, 0]

 ### Operon type: 438

	 A0A011WUA8	[507, 0, 0, 357, 0, 0, 0, 356, 356]

 ### Operon type: 439

	 A0A010S4X6	[0, 196, 860, 529, 369, 0, 346, 494, 863]

 ### Operon type: 440

	 A0A010YY02	[0, 15, 0, 0, 15, 533, 32, 0, 14]
