
 ### Operon type: 1

	 A0A010ILU3	[833, 832, 831, 830, 829, 828, 827, 826, 825]
	 A0A009MW50	[833, 832, 831, 830, 829, 828, 827, 826, 825]
	 A0A009QS71	[833, 832, 831, 830, 829, 828, 827, 826, 825]
	 A0A009H3B0	[833, 832, 831, 830, 829, 828, 827, 826, 825]
	 A0A009QBR9	[833, 832, 831, 830, 829, 828, 826, 825, 141]
	 A0A009I8S2	[833, 832, 831, 830, 829, 828, 826, 825, 141]
	 A0A009TM70	[833, 832, 831, 830, 829, 828, 826, 825, 141]

 ### Operon type: 2

	 A0A013TH43	[337, 336, 751, 692, 335, 334, 333, 332, 704]
	 A0A009RAF0	[337, 336, 751, 692, 335, 334, 333, 332, 704]

 ### Operon type: 3

	 A0A011PVT3	[646, 513, 512, 511, 855, 510, 509, 508, 507]
	 A0A011R7V7	[646, 513, 512, 511, 855, 510, 509, 508, 507]
	 A0A011MET3	[646, 513, 512, 511, 855, 510, 509, 508, 507]

 ### Operon type: 4

	 A0A013RZW2	[786, 443, 825, 442, 441, 440, 439, 438, 437]
	 A0A013SNJ8	[786, 443, 825, 442, 441, 440, 439, 438, 437]
	 A0A009PH20	[786, 443, 825, 442, 441, 440, 439, 438, 437]
	 A0A009MMM3	[786, 443, 825, 442, 441, 440, 439, 438, 437]
	 A0A009RD69	[786, 443, 825, 442, 441, 440, 439, 438, 437]
	 A0A009IV03	[786, 443, 825, 442, 441, 440, 439, 438, 437]
	 A0A009HBT3	[786, 443, 825, 442, 441, 440, 439, 438, 437]
	 A0A009SIZ4	[786, 443, 825, 442, 441, 440, 439, 438, 437]
	 A0A010J9U3	[786, 443, 825, 442, 441, 440, 439, 438, 437]
	 A0A009YIZ0	[786, 443, 825, 442, 441, 440, 439, 438, 437]

 ### Operon type: 5

	 A0A009PH57	[268, 267, -1, 266, 265, 504, 264, 717, 263]
	 A0A009TG92	[268, 267, -1, 266, 265, 504, 264, 717, 263]

 ### Operon type: 6

	 A0A013S288	[629, 436, 435, 434, 440, 433, 432, 431, 430]
	 A0A009N031	[629, 436, 435, 434, 440, 433, 432, 431, 430]
	 A0A009PWG1	[629, 436, 435, 434, 440, 433, 432, 431, 430]
	 A0A009R2X0	[629, 436, 435, 434, 440, 433, 432, 431, 430]
	 A0A009I0I9	[629, 436, 435, 434, 440, 433, 432, 431, 430]
	 A0A009SFX8	[629, 436, 435, 434, 55, 440, 433, 432, 431]
	 A0A013SXT2	[629, 436, 435, 434, 440, 433, 432, 431, 430]
	 A0A010J3I1	[629, 436, 435, 434, 440, 433, 432, 431, 430]
	 A0A009TBM2	[436, 435, 434, 55, 440, 433, 432, 431, 430]

 ### Operon type: 7

	 A0A010IMP8	[817, 816, 815, 814, 813, 812, 811, 810, 809]
	 A0A013SZ54	[817, 816, 815, 814, 813, 812, 811, 810, 809]
	 A0A013T8M5	[817, 816, 815, 814, 813, 812, 811, 810, 809]
	 A0A009N123	[817, 816, 815, 814, 813, 812, 811, 810, 809]
	 A0A009Q3K7	[817, 816, 815, 814, 813, 812, 811, 810, 809]
	 A0A009RBQ2	[817, 816, 815, 814, 813, 812, 811, 810, 809]
	 A0A009IRJ6	[817, 816, 815, 814, 813, 812, 811, 810, 809]
	 A0A009SWU0	[817, 816, 815, 814, 813, 812, 811, 810, 809]
	 A0A009H7U0	[817, 816, 815, 814, 813, 812, 811, 810, 809]
	 A0A009ZM43	[-1, 816, 815, 814, 813, 812, 811, 810, 809]

 ### Operon type: 8

	 A0A013RMD0	[-1, 314, 857, 313, 312, 865, 311, 310, 309]
	 A0A009N9Z1	[-1, 314, 857, 313, 312, 865, 311, 310, 309]
	 A0A009S854	[-1, 314, 857, 313, 312, 865, 311, 310, 309]
	 A0A009H6M2	[-1, 314, 857, 313, 312, 865, 311, 310, 309]
	 A0A009QDV7	[-1, 314, 857, 313, 312, 865, 311, 310, 309]
	 A0A009IHQ3	[-1, 314, 857, 313, 312, 865, 311, 310, 309]
	 A0A009RG92	[-1, 314, 857, 313, 312, 865, 311, 310, 309]
	 A0A010JDA6	[-1, 314, 857, 313, 312, 865, 311, 310, 309]
	 A0A009ZIC0	[201, 314, 857, 313, 312, 865, 311, 310, 309]

 ### Operon type: 9

	 A0A011UIA1	[364, 363, 362, 361, 360, 359, 358, 357, 0]
	 A0A011V5V3	[0, 364, 363, 362, 361, 360, 359, 358, 357]

 ### Operon type: 10

	 A0A011PTE7	[469, 468, 467, 466, 465, 0, 464, 463, 462]
	 A0A011NE72	[469, 468, 467, 466, 465, 464, 463, 462, 0]

 ### Operon type: 11

	 A0A009I4A1	[180, 179, 861, 178, 177, 176, 175, 174, 173]
	 A0A010JWJ1	[180, 179, 861, 178, 177, 176, 175, 174, 173]

 ### Operon type: 12

	 A0A009QF22	[140, 139, 180, 0, 177, 176, 175, 174, 173]
	 A0A009TBY8	[140, 139, 180, 178, 177, 176, 175, 174, 173]

 ### Operon type: 13

	 A0A011NEY3	[600, 599, 598, 597, 597, 596, 595, 594, 0]

 ### Operon type: 14

	 A0A011PAN4	[599, 598, 0, 597, 597, 596, 595, 594, 593]

 ### Operon type: 15

	 A0A011RCD5	[600, 599, 598, 597, 597, 596, 595, 594, 593]

 ### Operon type: 16

	 A0A011P4U7	[0, 537, 536, 535, 534, 533, 532, 531, 530]
	 A0A011NAY5	[537, 536, 535, 534, 533, 532, 531, 530, 0]

 ### Operon type: 17

	 A0A011NW66	[685, 684, 683, 682, 681, 655, 0, 0, 0]
	 A0A011PF67	[685, 684, 683, 682, 681, 0, 0, 0, 0]
	 A0A011NBX7	[685, 684, 683, 682, 681, 655, 0, 0, 0]

 ### Operon type: 18

	 A0A011NS68	[685, 684, 683, 682, 681, 680, 679, 678, 677]
	 A0A011RHX4	[685, 684, 683, 682, 681, 680, 679, 678, 0]

 ### Operon type: 19

	 A0A010YT39	[0, 50, 21, 856, 20, 19, 18, 17, 398]

 ### Operon type: 20

	 A0A010Z7T4	[21, 856, 20, 19, 18, 17, 398, 853, 471]

 ### Operon type: 21

	 A0A013SP43	[324, 323, 439, 322, 321, 320, 319, 318, 317]
	 A0A009RUN3	[324, 323, 439, 322, 321, 320, 319, 318, 317]
	 A0A010K6G6	[324, 323, 439, 322, 321, 320, 319, 0, 317]

 ### Operon type: 22

	 A0A011VWR4	[0, 0, 0, 0, 134, 133, 132, 131, 130]

 ### Operon type: 23

	 A0A011VYP6	[134, 133, 132, 131, 130, 0, 129, 511, 0]

 ### Operon type: 24

	 A0A011NEQ1	[0, 644, 643, 642, 641, 640, 722, 639, 638]
	 A0A011QAS2	[0, 644, 643, 642, 641, 640, 722, 639, 638]

 ### Operon type: 25

	 A0A010JSI3	[872, 873, 871, 870, 869, 868, 867, 866, 0]
	 A0A013T0M4	[872, 873, 871, 870, 869, 868, 867, 866, 0]
	 A0A009HDS5	[872, 873, 871, 870, 869, 868, 867, 866, 149]
	 A0A009RGL2	[872, 873, 871, 870, 869, 868, 867, 866, 149]

 ### Operon type: 26

	 A0A009SNL0	[157, 156, 399, 220, 219, 218, 217, 216, 215]

 ### Operon type: 27

	 A0A009T1I8	[399, 220, 219, 218, 217, 216, 215, 0, 0]

 ### Operon type: 28

	 A0A011VW71	[0, 116, 115, 114, 113, 112, 111, 741, 382]
	 A0A011VUV0	[116, 115, 114, 113, 112, 111, 741, 382, 0]

 ### Operon type: 29

	 A0A011UG71	[88, 93, 87, 110, 109, 108, 107, 106, 105]

 ### Operon type: 30

	 A0A011V8Z7	[0, 0, 88, 93, 87, 110, 109, 108, 107]

 ### Operon type: 31

	 A0A011V8Y9	[110, 109, 108, 107, 106, 105, 0, 0, 0]

 ### Operon type: 32

	 A0A011U8C0	[0, 108, 93, 0, 713, 106, 0, 0, 0]

 ### Operon type: 33

	 A0A011QSF0	[0, 558, 557, 556, 555, 554, 553, 552, 0]
	 A0A011QBB5	[542, 558, 557, 556, 555, 554, 553, 552, 541]
	 A0A011Q0X6	[542, 558, 557, 556, 555, 554, 553, 552, 541]
	 A0A011Q1X8	[558, 0, 557, 556, 555, 554, 553, 552, 541]

 ### Operon type: 34

	 A0A011PG87	[542, 558, 557, 556, 555, 554, 553, 0, 0]

 ### Operon type: 35

	 A0A011PCT1	[548, 547, 762, 0, 0, 0, 0, 758, 0]

 ### Operon type: 36

	 A0A011QU35	[0, 0, 0, 0, 764, 0, 548, 547, 762]

 ### Operon type: 37

	 A0A011Q2B1	[549, 529, 764, 763, 762, 761, 760, 759, 758]

 ### Operon type: 38

	 A0A011RLN8	[766, 765, 764, 763, 762, 761, 760, 759, 758]

 ### Operon type: 39

	 A0A011P700	[0, 0, 551, 550, 549, 529, 764, 763, 762]

 ### Operon type: 40

	 A0A011QSI4	[0, 0, 551, 550, 549, 0, 766, 765, 764]

 ### Operon type: 41

	 A0A013S981	[419, 458, 862, 418, 417, 416, 688, 415, 805]
	 A0A013T337	[458, 862, 418, 417, 416, 688, 415, 805, 347]
	 A0A013TH30	[458, 862, 418, 417, 416, 688, 415, 805, 347]

 ### Operon type: 42

	 A0A010JY00	[419, 458, 862, 418, 104, 688, 415, 805, 347]

 ### Operon type: 43

	 A0A013TPV4	[331, 330, 329, 328, 327, 326, 735, 861, 325]
	 A0A009QQ47	[331, 330, 329, 328, 327, 326, 735, 861, 325]
	 A0A009SZB5	[331, 330, 329, 328, 327, 326, 735, 861, 325]
	 A0A009MGJ1	[331, 330, 329, 328, 327, 326, 735, 861, 325]
	 A0A009HL81	[331, 330, 329, 328, 327, 326, 735, 861, 325]
	 A0A009HR98	[331, 330, 329, 328, 327, 326, 735, 861, 325]
	 A0A010IZE4	[331, 330, 329, 328, 327, 326, 735, 861, 325]

 ### Operon type: 44

	 A0A009Z8F7	[330, 329, 326, 0, 327, 210, 210, 0, 209]

 ### Operon type: 45

	 A0A009R016	[205, 204, 203, 202, 201, -1, 852, 200, 199]
	 A0A009HFU9	[205, 204, 203, 202, 201, 852, 200, 199, 0]

 ### Operon type: 46

	 A0A011UJN3	[0, 803, 0, 0, 701, 700, 699, 698, 697]

 ### Operon type: 47

	 A0A011W213	[701, 700, 699, 698, 697, 671, 0, 0, 0]

 ### Operon type: 48

	 A0A011QIT1	[576, 575, 574, 573, 572, 571, 570, 569, 568]
	 A0A011QUG8	[576, 575, 574, 573, 572, 571, 0, 570, 569]

 ### Operon type: 49

	 A0A011NVE7	[670, 669, 668, 667, 666, 665, 664, 663, 662]
	 A0A011PP01	[670, 669, 668, 667, 666, 665, 664, 663, 662]

 ### Operon type: 50

	 A0A011P2I4	[517, 516, 515, 662, 663, 664, 665, 666, 667]
	 A0A011N9N8	[517, 516, 515, 662, 663, 664, 665, 666, 667]

 ### Operon type: 51

	 A0A011PIY7	[502, 0, 515, 662, 663, 664, 665, 0, 667]

 ### Operon type: 52

	 A0A011Q3J4	[0, 502, 515, 662, 663, 664, 665, 666, 0]

 ### Operon type: 53

	 A0A011MH88	[222, 502, 515, 662, 663, 664, 665, 666, 667]

 ### Operon type: 54

	 A0A013SPM5	[345, 344, 343, 342, 351, 341, 340, 339, 338]
	 A0A009QFZ7	[345, 344, 343, 342, 351, 341, 340, 339, 338]
	 A0A009MH71	[345, 344, 343, 342, 351, 341, 340, 339, 338]
	 A0A009I6Z0	[345, 344, 343, 342, 351, 341, 340, 339, 338]
	 A0A009HSL1	[345, 344, 343, 342, 351, 341, 340, 339, 338]
	 A0A010IX62	[345, 344, 343, 342, 351, 341, 340, 339, 338]
	 A0A009TK03	[345, 344, 343, 342, 351, 341, 340, 339, 338]

 ### Operon type: 55

	 A0A009ZIX8	[0, 32, 343, 342, 351, 486, 0, 338, 0]

 ### Operon type: 56

	 A0A010JJN4	[850, 849, 848, 847, 846, 845, 844, 843, 842]
	 A0A013TPR7	[850, 849, 848, 847, 846, 845, 844, 843, 842]
	 A0A009NI48	[850, 849, 848, 847, 846, 845, 844, 843, -1]
	 A0A009PMT3	[850, 849, 848, 847, 846, 845, 844, 843, 842]
	 A0A009SEP4	[850, 849, 848, 847, 846, 0, 845, 844, 0]
	 A0A009RMI1	[850, 849, 848, 847, 846, 845, 844, 843, 0]
	 A0A009HJJ5	[850, 849, 848, 847, 846, 845, 844, 843, 137]
	 A0A009I8I7	[850, 849, 848, 847, 846, 845, 844, 843, 137]
	 A0A009YG45	[0, 850, 849, 848, 846, 0, 845, 844, 843]

 ### Operon type: 57

	 A0A013S8F0	[427, 426, 425, 424, 423, 861, 807, 429, 459]
	 A0A013TPQ9	[427, 426, 425, 424, 423, 861, 807, 429, 459]
	 A0A009PMU2	[427, 426, 425, -1, 423, 861, 807, 429, 459]
	 A0A009SZ84	[427, 426, 425, 424, 423, 861, 807, 429, 459]
	 A0A009HJM0	[427, 426, 425, 424, 423, 861, 807, 429, 459]
	 A0A010IZH1	[-1, 426, 425, 424, 423, 861, 807, 429, 459]

 ### Operon type: 58

	 A0A009HUS9	[426, 425, 0, 424, 423, 188, -1, 189, 190]

 ### Operon type: 59

	 A0A009ISE1	[845, 844, 843, 190, 189, -1, 188, 423, 424]

 ### Operon type: 60

	 A0A009NPS1	[427, 426, 425, 424, 423, -1, 843, 844, 845]

 ### Operon type: 61

	 A0A013SB36	[414, 413, 412, 411, 410, 650, 649, 409, 408]
	 A0A009QSI3	[414, 413, 412, 411, 410, 650, 649, 409, -1]

 ### Operon type: 62

	 A0A010ITP2	[414, 413, 412, 411, 410, 650, 649, 0, 0]

 ### Operon type: 63

	 A0A009SII9	[-1, 413, 412, 411, 410, 650, 649, 224, 223]

 ### Operon type: 64

	 A0A009T0Q9	[410, 650, 649, 224, 223, 408, 222, 861, 221]

 ### Operon type: 65

	 A0A009YJF4	[0, 650, 649, 61, 60, 222, 861, 0, 221]

 ### Operon type: 66

	 A0A009GP96	[0, 99, 861, 853, 98, 66, 852, 97, 96]

 ### Operon type: 67

	 A0A009GSR4	[853, 98, 66, 852, 97, 96, 96, 95, 0]

 ### Operon type: 68

	 A0A009IIT6	[99, 861, 853, 98, 97, 96, 96, 95, 0]

 ### Operon type: 69

	 A0A011SQL0	[716, 715, -1, 714, 713, 712, 711, 710, 709]
	 A0A011UZ49	[715, -1, 714, 713, 712, 711, 710, 709, 0]

 ### Operon type: 70

	 A0A009PT82	[516, 543, 252, 251, 250, 249, 248, 247, 246]
	 A0A009SIF9	[516, 543, 252, 251, 250, 249, 248, 247, 246]

 ### Operon type: 71

	 A0A009IS10	[383, 0, 0, 0, 250, 249, 248, 0, 0]

 ### Operon type: 72

	 A0A009QHW5	[0, 0, 0, 833, 250, 249, 248, 0, 208]

 ### Operon type: 73

	 A0A011UVB4	[0, 0, 0, 384, 0, 0, 383, 0, 382]

 ### Operon type: 74

	 A0A011V107	[370, -1, 623, 621, 624, 620, 369, 368, 0]
	 A0A011U7M7	[0, 370, -1, 623, 621, 624, 620, 369, 368]

 ### Operon type: 75

	 A0A011TLH0	[625, 624, 623, 622, 621, 620, 0, 0, 0]

 ### Operon type: 76

	 A0A011UG87	[617, 618, 619, 625, 624, 623, 622, 621, 620]

 ### Operon type: 77

	 A0A011TLH7	[619, 618, 617, 0, 0, 0, 0, 0, 0]

 ### Operon type: 78

	 A0A011TAF9	[0, 0, 637, 636, 635, 634, 633, 632, 631]
	 A0A011TWN2	[637, 636, 635, 634, 633, 632, 631, 0, 0]

 ### Operon type: 79

	 A0A011Q5V7	[497, 0, 0, 0, 757, 756, 755, 754, 753]

 ### Operon type: 80

	 A0A011RM25	[757, 756, 755, 754, 753, 752, 0, 751, 0]

 ### Operon type: 81

	 A0A011QIE8	[582, 581, 580, 807, 579, 578, 577, 0, 0]
	 A0A011QDV3	[582, 581, 580, 807, 579, 578, 543, 0, 577]

 ### Operon type: 82

	 A0A011QAB0	[495, 494, 493, 0, 492, 517, 740, 491, 0]
	 A0A011PL71	[476, 495, 494, 493, 492, 517, 740, 491, 0]

 ### Operon type: 83

	 A0A011Q6N5	[726, 725, 724, 0, 0, 0, 496, 705, 496]

 ### Operon type: 84

	 A0A011SGD5	[0, 0, 0, 0, 0, 0, 726, 725, 724]

 ### Operon type: 85

	 A0A011NYU6	[506, 505, 0, 504, 616, 489, 488, 0, 503]

 ### Operon type: 86

	 A0A011PYI6	[506, 505, 0, 504, 616, 503, 860, 728, 0]

 ### Operon type: 87

	 A0A011P1C0	[0, 0, 489, 488, 503, 0, 0, 0, 0]

 ### Operon type: 88

	 A0A011PKU5	[481, 480, 479, 626, 479, 478, 477, 0, 0]
	 A0A011N4G4	[0, 0, 481, 480, 479, 626, 479, 478, 477]

 ### Operon type: 89

	 A0A010ZWJ8	[11, 10, 9, 471, 8, 528, 609, 528, 7]

 ### Operon type: 90

	 A0A011AHW1	[8, 471, 9, 10, 11, 0, 0, 12, 0]

 ### Operon type: 91

	 A0A011AHU9	[609, 528, 7, 0, 0, 0, 0, 14, 222]

 ### Operon type: 92

	 A0A010ZX98	[6, 5, 4, 3, 2, 22, 807, 807, 0]

 ### Operon type: 93

	 A0A011AIL7	[2, 3, 4, 5, 6, 0, 0, 0, 0]

 ### Operon type: 94

	 A0A010YF95	[498, 28, 570, 27, 26, 26, 25, 702, 24]

 ### Operon type: 95

	 A0A010ZJQ6	[28, 570, 27, 26, 26, 25, 702, 24, 0]

 ### Operon type: 96

	 A0A009GXL8	[64, 63, 62, 61, 60, 178, 284, 283, 282]

 ### Operon type: 97

	 A0A010JIW7	[64, 63, 62, 61, 60, 0, 0, 284, 283]

 ### Operon type: 98

	 A0A011QNA5	[0, 565, 564, 563, 0, 824, 823, 822, 821]
	 A0A009ZLJ7	[821, 822, 823, 824, 0, 0, 565, 564, 563]

 ### Operon type: 99

	 A0A013T0T6	[824, 823, 822, 821, 820, 819, 349, 818, 348]
	 A0A009QMH5	[824, 823, 822, 821, 820, 819, 349, 818, 348]
	 A0A009ISY0	[824, 823, 822, 821, 820, 187, 349, 818, 348]
	 A0A009RMD0	[824, 823, 822, 821, 820, 187, 349, 818, 348]
	 A0A009HAX1	[824, 823, 822, 821, 820, 819, 349, 818, 348]
	 A0A009PE10	[824, 823, 822, 821, 820, 187, 349, 818, -1]

 ### Operon type: 100

	 A0A010ILW6	[824, 823, 822, 821, 820, 819, 0, 0, 818]

 ### Operon type: 101

	 A0A009Z9X7	[823, 822, 821, 0, 820, 0, 545, 0, 818]

 ### Operon type: 102

	 A0A013S8V2	[422, 421, 0, 0, 0, 420, 0, 0, 0]
	 A0A009R8E1	[0, 487, 0, 422, 421, 0, 0, 420, 0]

 ### Operon type: 103

	 A0A009ICH6	[786, 239, 238, 237, 104, 103, 102, 101, 805]
	 A0A009ZFR5	[786, 239, 238, 237, 104, 103, 102, 101, 805]

 ### Operon type: 104

	 A0A009NQA1	[786, 239, 238, 237, 236, 235, 418, 805, 688]
	 A0A009RR21	[786, 239, 238, 237, 236, 235, 418, 805, 688]

 ### Operon type: 105

	 A0A009HTN9	[786, 239, 238, 237, 236, 235, 68, 802, 67]
	 A0A009T3J5	[786, 239, 238, 237, 236, 235, 68, 802, 67]

 ### Operon type: 106

	 A0A009Q0U9	[786, 239, 238, 237, 236, 235, -1, -1, 0]

 ### Operon type: 107

	 A0A009IPC3	[158, 159, 166, 167, 168, 145, 144, 160, 161]
	 A0A009QEG7	[158, 159, 166, 167, 168, 145, 144, 160, 161]

 ### Operon type: 108

	 A0A009I573	[172, 0, 171, 170, 0, 169, 168, 167, 166]

 ### Operon type: 109

	 A0A009ILP9	[160, 0, 166, 167, 168, 169, 161, 170, 171]

 ### Operon type: 110

	 A0A009I953	[160, 0, 166, 167, 168, 169, 161, 0, -1]

 ### Operon type: 111

	 A0A009SX74	[522, 677, 0, 170, 161, 160, 159, 158, 183]

 ### Operon type: 112

	 A0A010IPH1	[801, 800, 799, 798, 797, 796, 795, 794, 793]
	 A0A009MMG9	[801, 800, 799, 798, 797, 796, 795, 794, 793]
	 A0A009QVK8	[801, 800, 799, 798, 797, 796, 795, 794, 793]
	 A0A009ICP5	[801, 800, 799, 798, 797, 796, 795, 794, 793]

 ### Operon type: 113

	 A0A009QLL2	[211, 212, 213, 197, 797, 796, 795, 794, 793]
	 A0A009HTW0	[211, 212, 213, 197, 797, 796, 795, 794, 793]
	 A0A009SIV4	[211, 212, 213, 197, 797, 796, 795, 794, 793]
	 A0A013TSJ4	[212, 213, 0, 197, 797, 796, 795, 794, 793]

 ### Operon type: 114

	 A0A010ITG1	[830, 772, 771, 770, 769, 768, 767, 861, 807]
	 A0A013TCN9	[830, 772, 771, 770, 769, 768, 767, 861, 807]
	 A0A009NIJ3	[830, 772, 771, 770, 769, 768, 767, 861, 807]
	 A0A009QNC9	[830, 772, 771, 770, 769, 768, 767, 861, 807]
	 A0A013TRC1	[830, 772, 771, 770, 769, 768, 767, 861, 807]

 ### Operon type: 115

	 A0A009H935	[0, 0, 771, 770, 769, 768, 767, 861, 807]

 ### Operon type: 116

	 A0A009IMX3	[792, 791, 790, 789, 788, 147, 147, 728, 146]
	 A0A009QEX0	[792, 791, 790, 789, 788, 147, 147, 728, 146]
	 A0A009SF48	[792, 791, 790, 789, 788, -1, 147, 728, 146]

 ### Operon type: 117

	 A0A010ISX2	[792, 791, 790, 789, 788, 787, 786, 785, 784]
	 A0A013S7V1	[792, 791, 790, 789, 788, 787, 786, 785, 784]
	 A0A009MR00	[792, 791, 790, 789, 788, 787, 786, 785, 784]
	 A0A009RES7	[792, 791, 790, 789, 788, 787, 786, 785, 784]

 ### Operon type: 118

	 A0A009YTT3	[31, 201, 790, 789, 788, 787, 786, 785, 784]

 ### Operon type: 119

	 A0A009GYP9	[0, 0, 0, 789, 788, 787, 786, 785, 784]

 ### Operon type: 120

	 A0A009ZZC8	[-1, 156, 157, 31, 201, 790, 789, 788, 787]

 ### Operon type: 121

	 A0A011UGX8	[124, 123, 122, 121, 120, 119, 118, 85, 84]
	 A0A011WSE5	[123, 122, 121, 120, 119, 118, 85, 84, 395]

 ### Operon type: 122

	 A0A011VZG0	[394, 0, 124, 123, 122, 121, 120, 119, 118]

 ### Operon type: 123

	 A0A009PJF7	[262, 261, 261, 260, 259, 258, 257, 256, 255]
	 A0A009SJZ7	[384, 262, 261, 260, 259, 258, 257, 256, 255]

 ### Operon type: 124

	 A0A009Z5G0	[258, 260, 261, 0, 719, 262, 384, 316]

 ### Operon type: 125

	 A0A010JJC1	[841, 840, 839, 838, 837, 836, 835, 851, 834]
	 A0A010IZ41	[840, 839, 838, 837, 836, 835, 851, 834, 439]

 ### Operon type: 126

	 A0A009QJL6	[841, 840, 839, 838, 0, 834, 439, 138, 0]

 ### Operon type: 127

	 A0A013SGL3	[407, 406, 405, 404, 403, 516, 800, 783, 402]
	 A0A013TB41	[407, -1, 405, 404, 403, 516, 800, 783, 402]
	 A0A009NE81	[407, 406, 405, 404, 403, 516, 800, 783, 402]
	 A0A009PG53	[407, 406, 405, 404, 403, 516, 800, 783, 402]
	 A0A009I5Z6	[407, 406, 405, 404, 403, 516, 800, 783, 402]
	 A0A009RQH3	[407, 406, 405, 404, 403, 516, 800, 783, 402]
	 A0A010KAV2	[407, 406, 405, 404, 403, 516, 800, 783, 402]
	 A0A009SHB3	[407, 406, 405, 404, 403, 516, 800, 783, 402]

 ### Operon type: 128

	 A0A009H3X4	[407, 406, 405, 404, 403, 516, -1, 863, -1]

 ### Operon type: 129

	 A0A009PIB4	[0, 0, 0, 245, 377, 244, 852, 861, 517]
	 A0A009SLR5	[0, 0, 0, 245, 377, 244, 852, 861, 517]

 ### Operon type: 130

	 A0A009HSU4	[0, 0, 706, 861, 0, 516, 783, 517, 852]

 ### Operon type: 131

	 A0A009I463	[736, 182, 181, 440, 440, 398, 397, 396, 234]
	 A0A009PAG1	[736, 182, 181, 440, 440, 398, 397, 396, 234]

 ### Operon type: 132

	 A0A013SKX6	[0, 0, 736, 0, 440, 440, 398, 397, 396]

 ### Operon type: 133

	 A0A011Q5S3	[568, 501, 0, 0, 0, 0, 500, 499, 498]

 ### Operon type: 134

	 A0A011UZZ4	[0, 500, 499, 0, 0, 0, 375, 375, 498]

 ### Operon type: 135

	 A0A011UTJ0	[0, 0, 0, 389, 388, 387, 532, 386, 385]

 ### Operon type: 136

	 A0A011VMV7	[389, 388, 387, 532, 386, 385, 356, 355, 354]

 ### Operon type: 137

	 A0A011NYT4	[859, 653, 652, 843, 0, 651, 651, 650, 649]

 ### Operon type: 138

	 A0A011P8E9	[0, 0, 859, 653, 0, 652, 843, 0, 0]

 ### Operon type: 139

	 A0A010TF34	[0, -1, 0, 0, 75, 74, 73, 72, 71]
	 A0A010SYH9	[75, 74, 73, 72, 71, 0, 0, 0, 0]

 ### Operon type: 140

	 A0A010TFJ4	[0, -1, 0, 80, 79, 78, 77, -1, 76]
	 A0A010S7A1	[80, 79, 78, 77, 0, 76, 0, 0, 0]

 ### Operon type: 141

	 A0A009PAV9	[70, -1, 799, 69, 440, 852, 153, 154, 155]
	 A0A009HJC2	[70, 807, 799, 69, 440, 852, 153, 154, 155]

 ### Operon type: 142

	 A0A009SE02	[0, 155, 0, 0, 0, 154, 153, 852, 440]

 ### Operon type: 143

	 A0A009SYU8	[783, 786, 782, 781, 269, 861, 861, 779, 778]
	 A0A009RSB7	[783, 786, 782, 781, 269, 861, 861, 779, 778]
	 A0A009HS41	[783, 786, 782, 781, 269, 861, 861, 779, 778]

 ### Operon type: 144

	 A0A010IT25	[783, 786, 782, 781, 780, 861, 861, 779, 778]
	 A0A013SHA9	[783, 786, 782, 781, 780, 861, 861, 779, 778]
	 A0A009I466	[783, 786, 782, 781, 780, 861, 861, 779, 778]

 ### Operon type: 145

	 A0A009NMQ9	[783, 786, 782, 781, 780, 0, 861, 861, 779]

 ### Operon type: 146

	 A0A009P8A9	[0, 0, 782, 781, 269, 861, 861, 779, 778]

 ### Operon type: 147

	 A0A009NJ90	[294, 293, 292, 291, 290, 289, 288, 302, 301]
	 A0A009ITT8	[294, 293, 292, 291, 290, 288, 302, 301, 300]

 ### Operon type: 148

	 A0A009NCH6	[303, 302, 301, 300, 299, 298, 297, 296, 295]
	 A0A009IJ01	[302, 301, 300, 229, 299, 298, 297, 296, 295]

 ### Operon type: 149

	 A0A009RQL5	[302, 301, 300, 198, 299, 298, 297, 296, 0]

 ### Operon type: 150

	 A0A009MGQ8	[290, 0, 303, 302, 301, 300, 299, 298, 297]

 ### Operon type: 151

	 A0A009S6G1	[227, 226, 225, 291, 290, 302, 301, 300, 299]
	 A0A009RHH7	[227, 226, 225, 291, 290, 289, 302, 301, 300]
	 A0A009IJ07	[227, 226, 225, 291, 290, 302, 301, 300, 229]

 ### Operon type: 152

	 A0A009HZK2	[225, 291, 290, 302, 301, 300, 229, 299, 298]

 ### Operon type: 153

	 A0A009R4N4	[291, 290, 289, 302, 301, 300, 198, 299, 298]

 ### Operon type: 154

	 A0A009S5A5	[290, 289, 288, 302, 301, 300, 229, 228, 299]

 ### Operon type: 155

	 A0A009RHH9	[0, 0, 0, 0, 353, 227, 226, 225, 291]

 ### Operon type: 156

	 A0A011PGU1	[0, 0, 521, 562, 590, 589, 520, 519, 518]
	 A0A011MDH1	[645, 0, 521, 562, 590, 589, 520, 519, 518]

 ### Operon type: 157

	 A0A011V0P4	[453, 374, 0, 0, 373, 0, 0, 372, 371]

 ### Operon type: 158

	 A0A011WPV7	[372, 371, 0, 0, 0, 0, 0, 0, 0]

 ### Operon type: 159

	 A0A011UDF3	[562, 92, 0, 0, 0, 614, 91, 90, 561]

 ### Operon type: 160

	 A0A011VSC9	[91, 90, 561, 0, 0, 0, 0, 0, 0]

 ### Operon type: 161

	 A0A011SF89	[733, 732, 731, 0, 0, 0, 0, 0, 0]

 ### Operon type: 162

	 A0A011UCX7	[0, 495, 733, 732, 0, 731, 143, 0, 0]

 ### Operon type: 163

	 A0A011RNP9	[0, 0, 0, 0, 0, 741, 740, 0, 0]

 ### Operon type: 164

	 A0A011V0B5	[736, 0, 0, 0, 0, 0, 741, 0, 0]

 ### Operon type: 165

	 A0A011RQC9	[0, 736, 735, 0, 0, 0, 0, 734, 0]

 ### Operon type: 166

	 A0A011RIM8	[592, 591, 0, 0, 590, 589, 816, 588, 587]
	 A0A011QG28	[592, 591, 562, 0, 590, 589, 816, 588, 587]

 ### Operon type: 167

	 A0A011PHI6	[608, 0, 584, 0, 0, 583, 573, 676, 0]

 ### Operon type: 168

	 A0A011QI68	[0, 0, 584, 583, 0, 0, 0, 0, 0]

 ### Operon type: 169

	 A0A011NVJ6	[661, 660, 659, 658, 657, 802, 0, 0, 656]

 ### Operon type: 170

	 A0A011PVP2	[0, 660, 659, 658, 657, 802, 0, 0, 646]

 ### Operon type: 171

	 A0A011NXY7	[0, 0, 659, 0, 657, 0, 0, 0, 0]

 ### Operon type: 172

	 A0A011NUB4	[673, 690, 805, 672, 689, 688, 0, 671, 0]
	 A0A011QR69	[673, 690, 805, 672, 689, 688, 0, 0, 0]

 ### Operon type: 173

	 A0A011NN36	[690, 805, 0, 0, 689, 688, 0, 0, 0]

 ### Operon type: 174

	 A0A011PK69	[805, 484, 0, 0, 689, 688, 0, 0, 0]

 ### Operon type: 175

	 A0A011RMI6	[750, 749, 748, 747, 746, 745, 744, 743, 742]
	 A0A011NYD6	[750, 749, 748, 747, 746, 745, 744, 743, 742]

 ### Operon type: 176

	 A0A011QB28	[490, 750, 749, 0, 0, 745, 744, 743, 742]

 ### Operon type: 177

	 A0A011NF33	[0, 745, 744, 0, 0, 0, 0, 0, 0]

 ### Operon type: 178

	 A0A011NBY4	[455, 0, 0, 695, 0, 0, 454, 0, 0]

 ### Operon type: 179

	 A0A011WRT0	[455, 0, 0, 0, 0, 0, 0, 728, 0]

 ### Operon type: 180

	 A0A011SHV5	[0, 0, 0, 0, 0, 723, 728, 841, 0]

 ### Operon type: 181

	 A0A011NB95	[0, 546, 0, 0, 0, 0, 799, 457, 456]

 ### Operon type: 182

	 A0A011UHT4	[138, 117, 457, 0, 0, 82, 82, 456, 0]

 ### Operon type: 183

	 A0A010Z1W7	[0, 0, 0, 0, 0, 37, 0, 135, 136]

 ### Operon type: 184

	 A0A011VY84	[0, 0, 136, 135, 0, 0, 0, 0, 0]

 ### Operon type: 185

	 A0A010YW85	[0, 0, 0, 0, 0, 390, 0, 135, 136]

 ### Operon type: 186

	 A0A010ZMA0	[135, 460, 0, 0, 0, 0, 0, 0, 0]

 ### Operon type: 187

	 A0A011N5L2	[0, 0, 0, 460, 0, 459, 842, 0, 0]

 ### Operon type: 188

	 A0A009MJ75	[0, 0, 234, 233, 232, 0, 0, 0, 853]

 ### Operon type: 189

	 A0A010IH51	[0, 793, 0, 0, 232, 0, 853, 0, 0]

 ### Operon type: 190

	 A0A011TYT7	[0, 0, 0, 0, 0, 0, 793, 707, 707]

 ### Operon type: 191

	 A0A010RRR9	[0, 0, 0, 0, 855, 0, 0, 854, 853]

 ### Operon type: 192

	 A0A010SIA7	[0, 0, 854, 77, 0, 0, 0, 0, 0]

 ### Operon type: 193

	 A0A010RFQ9	[0, 0, 865, 0, 864, 0, 0, 0, 0]

 ### Operon type: 194

	 A0A010SPR9	[35, 35, 0, 0, 0, 864, 0, 0, 0]

 ### Operon type: 195

	 A0A009LNU8	[186, 192, 711, 185, 0, 184, 0, 852, 0]

 ### Operon type: 196

	 A0A013SRG6	[94, 185, 711, 192, 0, 191, 0, 186, 687]

 ### Operon type: 197

	 A0A009IQU8	[0, 192, 0, 0, 0, 191, 687, 0, 0]

 ### Operon type: 198

	 A0A010K2K8	[711, 185, 94, 0, 0, 0, 0, -1, 852]

 ### Operon type: 199

	 A0A011NPR8	[0, 687, 0, 0, 0, 0, 686, 0, 0]

 ### Operon type: 200

	 A0A010SEA2	[501, 686, 58, 0, 0, 0, 0, 0, 0]

 ### Operon type: 201

	 A0A010IGH8	[0, 0, 0, 0, 0, 0, 0, 444, 779]

 ### Operon type: 202

	 A0A010STD3	[0, 0, 0, 613, 612, 611, 0, 779, 444]

 ### Operon type: 203

	 A0A010SQJ5	[428, 798, 0, 613, 612, 611, 0, 0, 0]

 ### Operon type: 204

	 A0A013RVV2	[830, 0, 446, 445, 0, 0, 779, 444, 0]

 ### Operon type: 205

	 A0A011TD67	[614, 0, 0, 613, 612, 611, 610, 0, 609]

 ### Operon type: 206

	 A0A009ZC12	[0, 0, 0, 613, 0, 611, 610, 207, 559]

 ### Operon type: 207

	 A0A009YSC7	[0, 0, 454, 29, 0, 29, 446, 445, 0]

 ### Operon type: 208

	 A0A009ZJK4	[0, 0, 0, 0, 0, 0, 786, 44, 0]

 ### Operon type: 209

	 A0A010SVN1	[-1, 44, 861, 276, 627, 0, 0, 786, 0]

 ### Operon type: 210

	 A0A009PFK7	[275, 274, 273, 272, 271, 0, 0, 270, 0]
	 A0A009QGN4	[275, 274, 273, 272, 271, 270, 0, 0, 0]

 ### Operon type: 211

	 A0A009YR20	[0, 270, 0, 0, 0, 0, 274, 0, 0]

 ### Operon type: 212

	 A0A009SCM5	[152, 151, 150, 0, 0, 0, 0, 0, 0]

 ### Operon type: 213

	 A0A009TJ77	[183, 36, 0, 0, 0, 0, 152, 151, 150]

 ### Operon type: 214

	 A0A009HZV2	[0, 0, 0, 0, 281, 280, 289, 0, 0]

 ### Operon type: 215

	 A0A009QPE7	[0, 0, 0, 0, 281, 280, 0, 0, 0]

 ### Operon type: 216

	 A0A009MGR3	[0, 0, 195, 0, 346, 228, 202, 194, 193]

 ### Operon type: 217

	 A0A009Q4G0	[0, 196, 195, 0, 346, 0, 194, 193, 194]

 ### Operon type: 218

	 A0A009PB53	[0, 0, 287, 286, 346, 194, 193, 194, 285]

 ### Operon type: 219

	 A0A009PUJ8	[0, 287, 286, 346, 0, 285, 284, 283, 282]

 ### Operon type: 220

	 A0A009QQC0	[279, 0, 278, 861, 400, 400, 277, 429, 276]
	 A0A009H7I0	[279, 0, 0, 861, 400, 400, 277, 429, 276]

 ### Operon type: 221

	 A0A009MVG4	[278, 0, 401, 861, 400, 400, 277, 429, 276]

 ### Operon type: 222

	 A0A009QA91	[231, 230, 783, 861, 400, 400, 277, 429, 276]
	 A0A010J377	[231, 230, 783, 861, 400, 400, 277, 429, 276]

 ### Operon type: 223

	 A0A009S1X4	[231, 230, 783, 861, 400, 400, 861, 0, 264]

 ### Operon type: 224

	 A0A013SHF4	[0, 0, 401, 861, 400, 400, 0, 399, 0]

 ### Operon type: 225

	 A0A011PJK8	[706, 474, 473, 586, 585, 472, 0, 0, 0]
	 A0A011N3C3	[0, 0, 0, 706, 474, 473, 586, 585, 472]

 ### Operon type: 226

	 A0A011UWH1	[475, 380, 379, 378, 0, 0, 0, 0, 0]
	 A0A011WKI4	[0, 0, 0, 0, 0, 475, 380, 379, 378]

 ### Operon type: 227

	 A0A010YKP2	[0, 0, 0, 0, 0, 0, 656, 367, 0]

 ### Operon type: 228

	 A0A011V1A2	[374, 0, 0, 367, 0, 0, 0, 0, 0]

 ### Operon type: 229

	 A0A011NGS0	[0, 0, 0, 0, 607, 606, 0, 0, 0]

 ### Operon type: 230

	 A0A011PW61	[0, 0, 0, 0, 607, 606, 0, 0, 540]

 ### Operon type: 231

	 A0A011UXI1	[0, 482, 0, 0, 607, 606, 605, 0, 0]

 ### Operon type: 232

	 A0A011SWI9	[-1, -1, 0, 608, 607, 606, 605, -1, -1]

 ### Operon type: 233

	 A0A011P952	[606, 0, 525, 0, 0, 525, 0, 0, 0]

 ### Operon type: 234

	 A0A011QVV5	[0, 0, 647, 676, 675, 674, 675, 646, 645]
	 A0A011Q1B3	[647, 676, 675, 674, 675, 646, 645, 0, 0]

 ### Operon type: 235

	 A0A011NSG8	[0, 0, 0, 676, 675, 674, 0, 675, 0]

 ### Operon type: 236

	 A0A011P0X4	[0, 0, 645, 0, 675, 0, 0, 674, 487]

 ### Operon type: 237

	 A0A010YNY9	[0, 0, 38, 23, 0, 0, 0, 0, 381]

 ### Operon type: 238

	 A0A011AC71	[264, 0, 0, 630, 0, 38, 23, 0, 783]

 ### Operon type: 239

	 A0A011QLX0	[0, 567, 0, 0, 566, 0, 749, 748, 0]
	 A0A011PRW6	[567, 0, 0, 0, 566, 749, 748, 0, 0]

 ### Operon type: 240

	 A0A010SML6	[0, 749, 748, -1, 0, 677, 0, 0, 0]

 ### Operon type: 241

	 A0A010RS09	[0, 0, 0, 0, 72, 0, 863, 863, 0]

 ### Operon type: 242

	 A0A010RTE7	[0, 0, 0, 0, 0, 0, 72, 36, 0]

 ### Operon type: 243

	 A0A009P817	[243, 0, 0, 0, 242, 0, 392, 241, 240]

 ### Operon type: 244

	 A0A009TIY0	[0, 0, 0, 0, 242, 0, 392, 241, 0]

 ### Operon type: 245

	 A0A009QKA3	[392, 241, 0, 240, 0, 0, 0, 0, 275]

 ### Operon type: 246

	 A0A009HSR2	[0, 165, 164, 0, 163, 305, 306, 289, 307]

 ### Operon type: 247

	 A0A009SWM1	[0, 165, 164, 0, 163, 0, 0, 306, 0]

 ### Operon type: 248

	 A0A009MYX0	[308, 307, 0, 706, 0, 0, 306, 305, 304]

 ### Operon type: 249

	 A0A009QK79	[0, 0, 304, 305, 0, 306, 0, 0, 307]

 ### Operon type: 250

	 A0A009GXJ1	[366, 365, 305, 306, 65, 289, 307, 308, 0]

 ### Operon type: 251

	 A0A010IT95	[0, 0, 0, 852, 777, 776, 775, 774, 773]
	 A0A013TKW8	[0, 603, 0, 852, 777, 776, 775, 774, 773]
	 A0A009PRQ9	[0, 852, 253, 0, 777, 776, 775, 774, 773]
	 A0A009S0T6	[0, 0, 852, 253, 777, 776, 775, 774, 773]
	 A0A009QT77	[0, 0, -1, 852, 777, 776, 775, 774, 773]
	 A0A009I5G9	[0, 0, 852, 253, 777, 776, 775, 774, 773]
	 A0A009MH36	[0, 0, 0, 852, 777, 776, 775, 774, 773]
	 A0A009GWD0	[289, 0, 0, 852, 777, 776, 775, 774, 773]

 ### Operon type: 252

	 A0A013TMJ7	[807, -1, 0, 852, 777, 774, 773, 0, 0]

 ### Operon type: 253

	 A0A011VXC2	[-1, 452, 0, 470, 451, 450, 449, 448, 447]
	 A0A011V392	[452, 0, 470, 451, 450, 449, 0, 448, 447]

 ### Operon type: 254

	 A0A011V490	[394, 393, 0, 447, 448, 449, 450, 451, 470]

 ### Operon type: 255

	 A0A011VZF5	[0, 0, 451, 450, 449, 495, 393, 495, 0]

 ### Operon type: 256

	 A0A011WLE7	[0, 0, 0, 0, 0, 125, 0, 0, 0]
	 A0A011VU44	[0, 0, 0, 0, 0, 125, 0, 0, 0]

 ### Operon type: 257

	 A0A011VAP2	[0, 0, 53, 0, 0, 0, 0, 0, 52]

 ### Operon type: 258

	 A0A011VRJ8	[0, 0, 0, 0, 0, 0, 53, 0, 0]

 ### Operon type: 259

	 A0A011RNU1	[0, 0, 0, 0, 0, 0, 739, 739, 738]

 ### Operon type: 260

	 A0A011VKJ9	[0, 0, 0, 0, 0, 0, 738, 739, -1]

 ### Operon type: 261

	 A0A011PQZ7	[0, 0, 0, 471, 616, 0, 615, 0, 0]

 ### Operon type: 262

	 A0A011TUX4	[0, 0, 0, 0, 616, 0, 0, 615, 0]

 ### Operon type: 263

	 A0A011STZ9	[0, 0, 0, 615, 0, 0, 0, 0, 0]

 ### Operon type: 264

	 A0A011PUJ9	[0, 0, 0, 0, 0, 0, 0, 0, 514]
	 A0A011PRF5	[514, 0, 0, 0, 0, 0, 0, 0, 0]

 ### Operon type: 265

	 A0A011PFY8	[0, 0, 0, 0, 0, 0, 0, 0, 524]

 ### Operon type: 266

	 A0A011PNS3	[544, 524, 0, 0, 0, 0, 0, 0, 0]

 ### Operon type: 267

	 A0A011T648	[0, 524, 0, 0, 0, 0, 0, 805, 0]

 ### Operon type: 268

	 A0A010YYJ5	[0, 0, 0, 495, 0, 0, 0, 56, 56]

 ### Operon type: 269

	 A0A011NDM5	[495, 0, 0, 0, 0, 0, 0, 0, 0]

 ### Operon type: 270

	 A0A011MSR2	[0, 0, 0, 461, 0, 0, 0, 495, 495]

 ### Operon type: 271

	 A0A011WSU6	[0, 495, 0, 0, 448, 0, 0, 0, 0]

 ### Operon type: 272

	 A0A011U3C2	[0, 0, 816, 0, 0, 0, 0, 0, 0]
	 A0A011AEN3	[0, 0, 0, 0, 0, 0, 816, 0, 0]

 ### Operon type: 273

	 A0A011AAZ2	[0, 693, 0, 0, 0, 816, 816, 816, 0]

 ### Operon type: 274

	 A0A011T698	[0, 0, 0, 0, 0, 783, 816, 0, 0]

 ### Operon type: 275

	 A0A010YRE8	[0, 0, 0, 0, 0, 0, 0, 22, 0]

 ### Operon type: 276

	 A0A011AF05	[0, 0, 264, 22, 0, 0, 0, 0, 0]

 ### Operon type: 277

	 A0A009ZG48	[0, 0, 0, 603, 0, 0, 0, 0, 0]

 ### Operon type: 278

	 A0A011PEJ8	[0, 0, 604, 603, 0, 0, 0, 0, 0]

 ### Operon type: 279

	 A0A011QNJ7	[601, 0, 0, 603, 0, 0, 0, 601, 0]

 ### Operon type: 280

	 A0A011MMJ4	[0, 0, 0, 0, 0, 0, 0, 601, 0]

 ### Operon type: 281

	 A0A011R8M3	[0, 0, 604, 603, 0, 602, 0, 601, 0]

 ### Operon type: 282

	 A0A009ZC82	[0, 0, 716, 0, 0, 0, 0, 0, 0]

 ### Operon type: 283

	 A0A011P3F6	[677, 0, 0, 716, 0, 0, 0, 0, 0]

 ### Operon type: 284

	 A0A009IG48	[0, 0, 0, 162, 148, 0, 0, 0, 677]

 ### Operon type: 285

	 A0A009IMQ0	[0, 0, 0, 162, 148, 0, 0, 0, 0]

 ### Operon type: 286

	 A0A009SWV1	[0, 0, 0, 0, 0, 0, 0, 162, 0]

 ### Operon type: 287

	 A0A009PMZ9	[254, 0, 0, 0, 0, 0, 0, 0, 0]
	 A0A009Q512	[0, 0, 0, 0, 254, 0, 0, 0, 0]

 ### Operon type: 288

	 A0A009IFL2	[0, 206, 0, 100, -1, 0, 0, 0]

 ### Operon type: 289

	 A0A009ZDS1	[-1, -1, 0, 206, 0, 0, 840, 0, 0]

 ### Operon type: 290

	 A0A010SNM6	[41, 42, -1, 0, 0, 0, 807, 0, 0]

 ### Operon type: 291

	 A0A010T5D8	[42, 41, 0, -1, 0, -1, 439, 0, 0]

 ### Operon type: 292

	 A0A011UB51	[694, 0, 0, 0, 0, 0, 0, 0, 0]
	 A0A011UFH1	[0, 0, 0, 0, 0, 694, 0, 0, 0]

 ### Operon type: 293

	 A0A011V965	[0, -1, -1, 0, 54, 0, -1, -1, 0]
	 A0A011VHP2	[0, -1, -1, -1, 54, 0, 0, 0, 0]

 ### Operon type: 294

	 A0A010RVD0	[-1, 0, 0, -1, 0, 552, 552, 0, 39]

 ### Operon type: 295

	 A0A010T7Q5	[0, 39, 0, 0, 0, 0, -1, 0, 0]

 ### Operon type: 296

	 A0A010SJH7	[0, 0, 807, -1, 0, 0, 277, 0, 0]

 ### Operon type: 297

	 A0A010SRR2	[0, 0, -1, 0, 0, 0, 0, 0, 807]

 ### Operon type: 298

	 A0A010RKP8	[0, 0, 0, 0, 0, 0, -1, 0, 0]
	 A0A011UZ32	[0, 0, 0, 0, 0, -1, 0, 0, 0]
	 A0A009HJU6	[0, 0, 0, 0, 0, 0, 0, 0, -1]
	 A0A010TF14	[-1, 0, 0, 0, 0, 0, 0, 0, 0]
	 A0A010RY47	[-1, 0, -1, 0, 0, 0, 0, 0, 0]

 ### Operon type: 299

	 A0A010SJF9	[0, 0, 0, 0, 0, -1, 0, 86, -1]

 ### Operon type: 300

	 A0A011ML54	[0, 0, 0, 126, 0, 0, 0, 0, -1]

 ### Operon type: 301

	 A0A011NHY1	[0, 0, 0, 0, 0, 807, 0, 0, 0]

 ### Operon type: 302

	 A0A010Z171	[0, 0, 0, 0, 0, 0, 807, 0, 706]

 ### Operon type: 303

	 A0A011T697	[807, 0, 0, 0, 0, 0, 0, 0, 392]

 ### Operon type: 304

	 A0A011TDD1	[0, 628, 807, 0, 0, 0, 0, 0, 0]

 ### Operon type: 305

	 A0A011VW24	[0, 0, 752, 0, 0, 0, 0, 0, -1]

 ### Operon type: 306

	 A0A011T8V3	[0, 0, 752, 0, 0, 0, 0, 0, 0]

 ### Operon type: 307

	 A0A010TH98	[540, 0, 0, 752, 0, 0, 0, 0, 0]

 ### Operon type: 308

	 A0A011QVR3	[0, 0, 0, 0, 0, 0, 0, 546, 752]

 ### Operon type: 309

	 A0A011VYF1	[752, 0, 0, 0, 0, 0, 694, 0, 0]

 ### Operon type: 310

	 A0A010S415	[-1, 752, 0, 276, 0, 0, 0, 0, 828]

 ### Operon type: 311

	 A0A011NMI8	[0, 0, 0, 0, 0, 0, 0, 0, 0]
	 A0A011NTU3	[0, 0, 0, 0, 0, 0, 0, 0, 0]
	 A0A011QMJ8	[0, 0, 0, 0, 0, 0, 0, 0, 0]
	 A0A011QSN2	[0, 0, 0, 0, 0, 0, 0, 0, 0]
	 A0A011P9Z5	[0, 0, 0, 0, 0, 0, 0, 0, 0]
	 A0A011PBM9	[0, 0, 0, 0, 0, 0, 0, 0, 0]
	 A0A011Q056	[0, 0, 0, 0, 0, 0, 0, 0, 0]
	 A0A011PNN2	[0, 0, 0, 0, 0, 0, 0, 0, 0]
	 A0A011N2Z0	[0, 0, 0, 0, 0, 0, 0, 0, 0]
	 A0A011NAJ1	[0, 0, 0, 0, 0, 0, 0, 0, 0]
	 A0A013S2B9	[0, 0, 0, 0, 0, 0, 0, 0, 0]
	 A0A013SBR8	[0, 0, 0, 0, 0, 0, 0, 0, 0]
	 A0A011UHL2	[0, 0, 0, 0, 0, 0, 0, 0, 0]
	 A0A013TEV4	[0, 0, 0, 0, 0, 0, 0, 0, 0]
	 A0A013SL47	[0, 0, 0, 0, 0, 0, 0, 0, 0]
	 A0A011WUT3	[0, 0, 0, 0, 0, 0, 0, 0, 0]
	 A0A009MH90	[0, 0, 0, 0, 0, 0, 0, 0, 0]
	 A0A009M4K0	[0, 0, 0, 0, 0, 0, 0, 0, 0]
	 A0A011VYF6	[0, 0, 0, 0, 0, 0, 0, 0, 0]
	 A0A011UBN9	[0, 0, 0, 0, 0, 0, 0, 0, 0]
	 A0A011UFM5	[0, 0, 0, 0, 0, 0, 0, 0, 0]
	 A0A009PDV4	[0, 0, 0, 0, 0, 0, 0, 0, 0]
	 A0A009HIL8	[0, 0, 0, 0, 0, 0, 0, 0, 0]
	 A0A010SHY1	[0, 0, 0, 0, 0, 0, 0, 0, 0]
	 A0A011VNE2	[0, 0, 0, 0, 0, 0, 0, 0, 0]
	 A0A010T025	[0, 0, 0, 0, 0, 0, 0, 0, 0]
	 A0A010SPJ7	[0, 0, 0, 0, 0, 0, 0, 0, 0]
	 A0A010SSQ8	[0, 0, 0, 0, 0, 0, 0, 0, 0]
	 A0A010YJA7	[0, 0, 0, 0, 0, 0, 0, 0, 0]
	 A0A010YZS8	[0, 0, 0, 0, 0, 0, 0, 0, 0]
	 A0A010Z120	[0, 0, 0, 0, 0, 0, 0, 0, 0]
	 A0A010ZTI3	[0, 0, 0, 0, 0, 0, 0, 0, 0]
	 A0A011A146	[0, 0, 0, 0, 0, 0, 0, 0, 0]

 ### Operon type: 312

	 A0A010TG27	[475, 0, 81, 0, 0, 0, 861, 0, 0]

 ### Operon type: 313

	 A0A011PMK1	[0, 0, 0, 0, 0, 0, 0, 475, 0]

 ### Operon type: 314

	 A0A009HM15	[0, 297, 296, 0, 0, 0, -1, 0, 0]

 ### Operon type: 315

	 A0A009HRU1	[0, 305, 0, 0, 0, 0, 0, 0, 0]

 ### Operon type: 316

	 A0A009HSN8	[0, 196, 0, 0, 0, -1, 0, 285, -1]

 ### Operon type: 317

	 A0A009HV82	[284, 0, 0, 0, 0, 0, 0, 0, 0]

 ### Operon type: 318

	 A0A009IG74	[0, 0, 233, 0, 440, -1, 0, 0, 0]

 ### Operon type: 319

	 A0A009IJ90	[0, 183, 0, 0, 0, 0, 0, 0, 0]

 ### Operon type: 320

	 A0A009NM94	[0, 730, 730, 0, 0, 0, 628, 0, 0]

 ### Operon type: 321

	 A0A009Q4N5	[0, 0, 243, 0, 0, 0, 0, 0, 0]

 ### Operon type: 322

	 A0A009SSZ9	[0, 172, 0, 0, 0, 0, 0, 0, 0]

 ### Operon type: 323

	 A0A009YIH1	[0, 0, 0, 0, 299, 0, -1, -1, 30]

 ### Operon type: 324

	 A0A009YR05	[0, 0, 0, 0, 388, 0, 0, 0, 0]

 ### Operon type: 325

	 A0A009Z004	[214, 0, 214, 0, 0, 706, 0, 0, 0]

 ### Operon type: 326

	 A0A010RUQ5	[0, 0, 0, 0, 0, 0, 0, 0, 352]

 ### Operon type: 327

	 A0A010S195	[716, 0, 37, 45, 0, 0, 0, 0, 0]

 ### Operon type: 328

	 A0A010SCZ2	[0, 0, 0, 0, 0, 0, 0, 59, 0]

 ### Operon type: 329

	 A0A010SN41	[0, 0, 0, 0, 57, 0, 0, 0, 0]

 ### Operon type: 330

	 A0A010SSU2	[0, 0, 0, 0, 65, 0, -1, 526, 0]

 ### Operon type: 331

	 A0A010SUP6	[0, 0, 0, 0, 0, 0, 0, 45, 0]

 ### Operon type: 332

	 A0A010SUY9	[0, 0, 0, 0, 0, 602, 604, 0]

 ### Operon type: 333

	 A0A010THK2	[0, 0, -1, 0, 0, 863, 706, 0, 0]

 ### Operon type: 334

	 A0A010SRL4	[81, 0, 0, -1, 0, 0, 0, 706, 142]

 ### Operon type: 335

	 A0A010YX61	[405, 816, 0, 752, 0, 0, 0, 0, 0]

 ### Operon type: 336

	 A0A010S5W8	[0, 0, 461, 646, 0, 0, 0, 0, 0]

 ### Operon type: 337

	 A0A011NE37	[815, 0, 0, 0, 0, 0, 0, 0, 0]

 ### Operon type: 338

	 A0A011NF78	[0, 0, 648, 0, 0, 0, 0, 0, 0]

 ### Operon type: 339

	 A0A011NVE2	[0, 0, 0, 805, 0, 0, 807, 0, 703]

 ### Operon type: 340

	 A0A011NXJ4	[0, 0, 0, 0, 0, 0, 0, 0, 654]

 ### Operon type: 341

	 A0A011P8I1	[0, 0, 587, 816, 0, 0, 0, 0, 528]

 ### Operon type: 342

	 A0A011P9Q7	[782, 0, 0, 0, 0, 0, 0, 0, 0]

 ### Operon type: 343

	 A0A011PJ75	[0, 805, 804, 805, 0, 0, 0, 0, 0]

 ### Operon type: 344

	 A0A011PRB4	[0, 0, 0, 0, 0, 0, 0, 470, 0]

 ### Operon type: 345

	 A0A011QVT2	[545, 0, 0, 0, 0, 0, 0, 544, 0]

 ### Operon type: 346

	 A0A011RP14	[0, 0, 0, 0, 0, 0, 0, 737, 0]

 ### Operon type: 347

	 A0A011SM49	[807, 0, 737, 0, 0, 0, 717, 0, 0]

 ### Operon type: 348

	 A0A011AM27	[615, 0, 0, 0, 846, 0, 0, 0, 40]

 ### Operon type: 349

	 A0A011T607	[0, 0, 646, 0, 0, 0, 0, 0, 628]

 ### Operon type: 350

	 A0A011TAW2	[0, 0, 0, 0, 0, 0, 629, 0, 0]

 ### Operon type: 351

	 A0A011TED9	[0, 0, 0, 0, 0, 636, 0, 0, 0]

 ### Operon type: 352

	 A0A011TXS5	[0, 708, 0, 0, 0, 0, 0, 0, 0]

 ### Operon type: 353

	 A0A011U144	[0, 352, 0, 0, 0, 0, 654, 351, 0]

 ### Operon type: 354

	 A0A011U1C8	[783, 0, 0, 0, 0, 0, 0, 0, 350]

 ### Operon type: 355

	 A0A011U483	[0, 0, 0, 0, 0, 538, 0, 0, 0]

 ### Operon type: 356

	 A0A011UG86	[0, 676, 0, 0, 0, 86, 0, 0, 0]

 ### Operon type: 357

	 A0A011UQB5	[727, 695, 0, 0, 0, 0, 0, 694, 0]

 ### Operon type: 358

	 A0A011UVI5	[0, 0, 0, 0, 0, 381, 805, 805, 0]

 ### Operon type: 359

	 A0A011UWI3	[0, 0, 0, 0, 377, 0, 376, 716, 0]

 ### Operon type: 360

	 A0A011V5E6	[0, 0, 0, 0, 0, 395, 0, 0, 0]

 ### Operon type: 361

	 A0A011M4H6	[52, 0, 858, 0, 0, 0, 0, 0, 0]

 ### Operon type: 362

	 A0A011VSV3	[0, 0, 0, 0, 0, 0, 562, 0, 0]

 ### Operon type: 363

	 A0A011VWI0	[0, 0, 0, 0, 0, 117, 0, 0, 0]

 ### Operon type: 364

	 A0A011VZ91	[378, 0, 0, 0, 0, 0, 0, 0, 0]

 ### Operon type: 365

	 A0A011WP76	[0, 0, 0, 0, 0, 0, 0, 0, 570]

 ### Operon type: 366

	 A0A011WSD4	[0, 0, 0, -1, 0, 495, 0, 0, 393]

 ### Operon type: 367

	 A0A011WT35	[393, 0, 0, 0, 0, 0, 0, 0, 0]

 ### Operon type: 368

	 A0A013S843	[0, 429, 0, 0, 0, 0, -1, 428, 0]

 ### Operon type: 369

	 A0A013T5E6	[0, 0, 0, 346, 0, 0, 0, 0, 0]

 ### Operon type: 370

	 A0A009T185	[690, 0, 804, 804, 806, 805, 804, 803, 802]

 ### Operon type: 371

	 A0A010IN36	[808, 807, 0, 0, 806, 805, 804, 803, 802]

 ### Operon type: 372

	 A0A009PG43	[805, 804, 692, 544, 0, 803, 802, 0, 0]

 ### Operon type: 373

	 A0A009INE0	[808, 0, 0, 0, 0, 0, 0, 804, 803]

 ### Operon type: 374

	 A0A009T9H0	[0, 30, 677, -1, 0, 0, 306, 0, 305]

 ### Operon type: 375

	 A0A010THH5	[0, 58, 206, 381, 0, 0, 841, 0, 840]

 ### Operon type: 376

	 A0A011VZE3	[0, 0, 0, 861, 128, 0, 0, 0, 0]
	 A0A011WSH8	[0, 0, 0, 861, 128, 0, 0, 0, 0]

 ### Operon type: 377

	 A0A011NAF3	[0, 0, 0, 0, 0, 0, 861, 0, 665]

 ### Operon type: 378

	 A0A009IQ93	[143, 0, 861, 0, 0, 142, 0, 0, 0]

 ### Operon type: 379

	 A0A009Q8S9	[0, 0, 677, 430, 0, 696, 0, 0, 0]

 ### Operon type: 380

	 A0A009TLU4	[0, 708, -1, 184, 0, 34, 0, -1, -1]

 ### Operon type: 381

	 A0A009ZB47	[208, 246, 0, 0, 0, 495, 838, 0, 0]

 ### Operon type: 382

	 A0A009ZVR4	[735, 0, 816, 0, 0, 56, 0, 0, 209]

 ### Operon type: 383

	 A0A010JIN9	[838, 0, 0, 36, 161, 0, 0, 0, 0]

 ### Operon type: 384

	 A0A010S003	[519, 0, 0, 0, 0, 676, 676, 798, 0]

 ### Operon type: 385

	 A0A010SMN8	[0, -1, 38, 0, 864, 0, 0, 523, 0]

 ### Operon type: 386

	 A0A010SXS1	[0, 692, 0, 0, 0, 699, 0, 0, 544]

 ### Operon type: 387

	 A0A010T689	[40, -1, 841, 741, 0, 0, 0, 0, 0]

 ### Operon type: 388

	 A0A010TBB4	[0, 310, 0, 86, 0, 0, 0, 0, 783]

 ### Operon type: 389

	 A0A010YFK3	[0, 754, 0, 0, 0, 0, 48, 0, 350]

 ### Operon type: 390

	 A0A010YVY1	[16, 0, 16, 0, 0, 0, 0, 798, 0]

 ### Operon type: 391

	 A0A010ZSZ2	[0, 693, 0, 486, 485, 0, 0, 0, 0]

 ### Operon type: 392

	 A0A010Z0Y7	[0, 0, 0, 0, 485, 276, 0, 0, 0]

 ### Operon type: 393

	 A0A011A0M8	[0, 0, 706, 0, 100, 0, 0, 1, 1]

 ### Operon type: 394

	 A0A011NFL4	[0, 729, 0, 0, 678, 475, 0, 50, 0]

 ### Operon type: 395

	 A0A011P407	[0, 0, 539, 728, 0, 0, 783, 0, 538]

 ### Operon type: 396

	 A0A011QGT2	[861, 0, 0, 586, 585, 0, 0, 0, 0]

 ### Operon type: 397

	 A0A011QSA4	[561, 0, 560, 559, 0, 0, 0, 0, 648]

 ### Operon type: 398

	 A0A011T6J6	[0, 497, 0, 816, 0, 0, 391, 0, 390]

 ### Operon type: 399

	 A0A011TAL2	[0, 646, 0, 0, 0, 630, 0, 656, 0]

 ### Operon type: 400

	 A0A011TZG0	[706, 705, 0, 0, 0, 0, 0, 704, 0]

 ### Operon type: 401

	 A0A011UGY3	[85, 84, 395, 83, 0, 0, 0, 83, 0]

 ### Operon type: 402

	 A0A011UII7	[0, 0, 0, 0, 0, 703, 702, 0, 0]

 ### Operon type: 403

	 A0A011UNT9	[696, 720, 0, 0, 0, 0, 0, 0, 0]

 ### Operon type: 404

	 A0A011SIS0	[0, 722, 721, 721, 0, 0, 0, 720, 0]

 ### Operon type: 405

	 A0A011UT49	[0, 693, 0, 0, 0, 0, 692, 691, 0]

 ### Operon type: 406

	 A0A011VU65	[89, 0, 0, 0, 0, 48, 0, 562, 92]

 ### Operon type: 407

	 A0A011VV03	[0, 47, 0, 0, 373, 52, 0, 0, 0]

 ### Operon type: 408

	 A0A011VVZ9	[0, 0, -1, 0, 0, 59, 46, 46, 719]

 ### Operon type: 409

	 A0A011VWX7	[544, 453, 0, 0, 0, 0, 0, 723, 0]

 ### Operon type: 410

	 A0A011VXK7	[730, 730, 0, 812, 0, 0, 0, 499, 0]

 ### Operon type: 411

	 A0A011W0I6	[127, 0, 0, 0, 0, 477, 0, 126, 0]

 ### Operon type: 412

	 A0A010YEF6	[0, 127, 0, 0, 0, 0, 0, 0, 43]

 ### Operon type: 413

	 A0A013SQH1	[0, 0, 0, 0, 57, 483, 0, 852, 799]

 ### Operon type: 414

	 A0A009QJA8	[283, 282, 0, 0, 0, 0, 0, 0, 872]

 ### Operon type: 415

	 A0A009YL68	[0, 0, 783, 407, 403, 0, 0, 207, 0]

 ### Operon type: 416

	 A0A010JNG7	[852, 0, 0, 851, 0, 0, 0, 0, 0]

 ### Operon type: 417

	 A0A010RM40	[862, 861, 860, 0, 0, 0, 0, -1, 859]

 ### Operon type: 418

	 A0A010RRQ6	[0, 858, 0, 0, 0, 864, 857, 856, 0]

 ### Operon type: 419

	 A0A010S423	[391, 0, 0, 0, 0, 0, 0, 376, 734]

 ### Operon type: 420

	 A0A010T0I7	[0, 0, 43, 0, 0, 587, 560, 861, 0]

 ### Operon type: 421

	 A0A010ZUR7	[47, 13, 0, 13, 0, 12, 798, 0, 0]

 ### Operon type: 422

	 A0A011NA78	[0, 458, 0, 0, 0, 552, 0, 0, 859]

 ### Operon type: 423

	 A0A011P8W7	[527, 539, 544, 0, 526, 0, 0, 0, 0]

 ### Operon type: 424

	 A0A011PG97	[523, 0, 0, 522, 0, 0, 0, 0, 0]

 ### Operon type: 425

	 A0A011PKT4	[0, 483, 0, 0, 0, 0, 482, 0, 0]

 ### Operon type: 426

	 A0A011PLB2	[0, 527, 0, 484, 0, 0, 0, 0, 0]

 ### Operon type: 427

	 A0A011R339	[0, 0, 0, 0, 0, 0, 366, 365, 0]

 ### Operon type: 428

	 A0A011SFE5	[0, 0, 0, 730, 0, 0, 729, 728, 727]

 ### Operon type: 429

	 A0A011SJT5	[0, 0, 0, 719, 718, 718, 718, 718, 718]

 ### Operon type: 430

	 A0A011TDQ5	[0, 0, 0, 0, 627, 626, 0, 0, 0]

 ### Operon type: 431

	 A0A011VT01	[0, 0, 49, 0, 0, 49, 0, 0, 258]

 ### Operon type: 432

	 A0A009Z3V9	[861, 0, 0, 0, 0, 213, 473, 212, 211]

 ### Operon type: 433

	 A0A010SRB2	[34, 33, 0, 0, 0, 33, 41, 0, 0]

 ### Operon type: 434

	 A0A010KA25	[838, 0, 841, 781, 98, 0, 0, 838, 426]

 ### Operon type: 435

	 A0A011TZN1	[356, 355, 354, 0, 353, 0, 0, 0, 0]

 ### Operon type: 436

	 A0A011VJ76	[51, 51, 691, 50, 0, 861, 706, 0, 539]

 ### Operon type: 437

	 A0A011UG17	[255, 0, 129, 0, 122, 89, 0, 0, 0]

 ### Operon type: 438

	 A0A011WUA8	[490, 0, 0, 316, 0, 0, 0, 315, 315]

 ### Operon type: 439

	 A0A010S4X6	[0, 276, 860, 676, 321, 0, 661, 476, 863]

 ### Operon type: 440

	 A0A010YY02	[0, 15, 0, 0, 15, 504, 32, 0, 14]
