
 ### Operon type: 1

	 A0A011PVT3	[537, 536, 535, 534, 533, 532, 531, 530, 529]
	 A0A011R7V7	[537, 536, 535, 534, 533, 532, 531, 530, 529]
	 A0A011MET3	[537, 536, 535, 534, 533, 532, 531, 530, 529]

 ### Operon type: 2

	 A0A011V5V3	[0, 377, 376, 375, 374, 373, 372, 371, 370]
	 A0A011UIA1	[377, 376, 375, 374, 373, 372, 371, 370, 0]

 ### Operon type: 3

	 A0A011PTE7	[692, 691, 690, 689, 688, 0, 687, 686, 685]
	 A0A011NE72	[692, 691, 690, 689, 688, 687, 686, 685, 0]

 ### Operon type: 4

	 A0A011NEY3	[385, 684, 683, 682, 682, 681, 680, 679, 0]

 ### Operon type: 5

	 A0A011PAN4	[684, 683, 0, 682, 682, 681, 680, 679, 678]

 ### Operon type: 6

	 A0A011RCD5	[385, 684, 683, 682, 682, 681, 680, 679, 678]

 ### Operon type: 7

	 A0A013T0M4	[413, 412, 411, 410, 409, 408, 407, 406, 0]
	 A0A010JSI3	[413, 412, 411, 410, 409, 408, 407, 406, 0]
	 A0A009HDS5	[413, 412, 411, 410, 409, 408, 407, 406, 0]
	 A0A009RGL2	[0, 412, 411, 410, 409, 408, 407, 406, 0]

 ### Operon type: 8

	 A0A011PF67	[619, 618, 617, 616, 615, 0, 0, 0, 0]
	 A0A011NW66	[619, 618, 617, 616, 615, 546, 0, 0, 0]
	 A0A011NBX7	[619, 618, 617, 616, 615, 546, 0, 0, 0]

 ### Operon type: 9

	 A0A011NS68	[619, 618, 617, 616, 615, 556, 555, 554, 669]
	 A0A011RHX4	[619, 618, 617, 616, 615, 556, 555, 554, 0]

 ### Operon type: 10

	 A0A010JY00	[165, 468, 187, 186, 164, 649, 183, 705, 198]

 ### Operon type: 11

	 A0A013TH30	[468, 187, 186, 185, 184, 649, 183, 705, 198]

 ### Operon type: 12

	 A0A011NEQ1	[0, 484, 483, 482, 481, 480, 479, 478, 477]
	 A0A011QAS2	[0, 484, 483, 482, 481, 480, 479, 478, 477]

 ### Operon type: 13

	 A0A011QSF0	[0, 630, 629, 628, 627, 626, 625, 590, 0]
	 A0A011Q0X6	[631, 630, 629, 628, 627, 626, 625, 590, 552]
	 A0A011Q1X8	[630, 0, 629, 628, 627, 626, 625, 590, 552]
	 A0A011QBB5	[631, 630, 629, 628, 627, 626, 625, 590, 552]

 ### Operon type: 14

	 A0A011PG87	[631, 630, 629, 628, 627, 626, 625, 0, 0]

 ### Operon type: 15

	 A0A013SP43	[457, 456, 455, 454, 453, 452, 451, 450, 449]
	 A0A010K6G6	[457, 456, 455, 454, 453, 452, 451, 0, 449]
	 A0A009RUN3	[457, 456, 455, 454, 453, 452, 451, 450, 449]

 ### Operon type: 16

	 A0A009HR98	[0, 0, 80, 36, 78, 0, 0, 0, 35]
	 A0A009SZB5	[0, 0, 80, 36, 78, 0, 0, 0, 35]

 ### Operon type: 17

	 A0A009Z8F7	[81, 80, 79, 0, 78, 77, 77, 0, 0]

 ### Operon type: 18

	 A0A011QIT1	[639, 638, 637, 671, 636, 635, 634, 633, 632]
	 A0A011QUG8	[639, 638, 637, 671, 636, 635, 0, 634, 633]

 ### Operon type: 19

	 A0A011PL71	[723, 722, 721, 720, 719, 718, 717, 716, 0]
	 A0A011QAB0	[722, 721, 720, 0, 719, 718, 717, 716, 0]

 ### Operon type: 20

	 A0A011PIY7	[703, 0, 702, 701, 700, 699, 698, 0, 697]

 ### Operon type: 21

	 A0A011Q3J4	[0, 703, 702, 701, 700, 699, 698, 602, 0]

 ### Operon type: 22

	 A0A011MH88	[545, 703, 702, 701, 700, 699, 698, 602, 697]

 ### Operon type: 23

	 A0A009QBR9	[0, 0, 403, 402, 401, 0, 0, 398, 113]
	 A0A009TM70	[0, 404, 403, 402, 401, 0, 0, 398, 113]

 ### Operon type: 24

	 A0A009QS71	[405, 404, 403, 402, 401, 400, 0, 399, 398]
	 A0A009H3B0	[0, 404, 403, 0, 401, 400, 210, 399, 398]
	 A0A009MW50	[0, 404, 403, 402, 401, 400, 0, 399, 398]
	 A0A010ILU3	[405, 404, 403, 0, 401, 400, 210, 399, 398]

 ### Operon type: 25

	 A0A009I8S2	[0, 0, 403, 402, 401, 400, 399, 398, 113]

 ### Operon type: 26

	 A0A009ZFR5	[448, 91, 90, 89, 164, 88, 87, 86, 705]
	 A0A009ICH6	[448, 91, 90, 89, 164, 88, 87, 86, 705]

 ### Operon type: 27

	 A0A009GP96	[0, 117, 528, 336, 335, 334, 491, 333, 332]

 ### Operon type: 28

	 A0A009GSR4	[336, 335, 334, 491, 333, 332, 332, 331, 0]

 ### Operon type: 29

	 A0A009IIT6	[117, 528, 336, 335, 333, 332, 332, 331, 0]

 ### Operon type: 30

	 A0A009IS10	[360, 0, 0, 0, 359, 358, 357, 0, 0]

 ### Operon type: 31

	 A0A009QHW5	[0, 0, 0, 405, 359, 358, 357, 0, 76]

 ### Operon type: 32

	 A0A011UVB4	[0, 0, 0, 330, 0, 0, 360, 0, 337]

 ### Operon type: 33

	 A0A011UG87	[127, 126, 125, 0, 0, 0, 0, 0, 0]
	 A0A011TLH7	[125, 126, 127, 0, 0, 0, 0, 0, 0]

 ### Operon type: 34

	 A0A011QIE8	[646, 645, 644, 643, 642, 641, 640, 0, 0]
	 A0A011QDV3	[646, 645, 644, 643, 642, 641, 502, 0, 640]

 ### Operon type: 35

	 A0A011NYU6	[585, 584, 0, 583, 707, 543, 542, 0, 582]

 ### Operon type: 36

	 A0A011PYI6	[585, 584, 0, 583, 707, 582, 581, 666, 0]

 ### Operon type: 37

	 A0A011P1C0	[0, 0, 543, 542, 582, 0, 0, 0, 0]

 ### Operon type: 38

	 A0A011PP01	[711, 710, 709, 0, 0, 0, 0, 0, 0]
	 A0A011NVE7	[711, 710, 709, 0, 0, 0, 0, 0, 0]

 ### Operon type: 39

	 A0A013TH43	[496, 0, 0, 0, 495, 494, 493, 0, 492]
	 A0A009RAF0	[496, 0, 0, 0, 495, 494, 493, 0, 492]

 ### Operon type: 40

	 A0A013S8V2	[110, 109, 0, 0, 0, 108, 0, 0, 0]
	 A0A009R8E1	[0, 538, 0, 110, 109, 0, 0, 108, 0]

 ### Operon type: 41

	 A0A009QFZ7	[270, 269, 0, 0, 266, 0, 264, 263, 0]
	 A0A009TK03	[270, 269, 0, 0, 266, 0, 264, 263, 0]

 ### Operon type: 42

	 A0A013SPM5	[270, 269, 268, 267, 266, 265, 264, 263, 0]
	 A0A009MH71	[270, 269, 0, 267, 266, 265, 264, 263, 0]
	 A0A010IX62	[270, 269, 268, 267, 266, 0, 264, 263, 0]
	 A0A009HSL1	[270, 269, 268, 267, 266, 0, 264, 263, 0]

 ### Operon type: 43

	 A0A009I6Z0	[270, 269, 0, 267, 266, 0, 264, 263, 50]

 ### Operon type: 44

	 A0A009ZIX8	[0, 157, 268, 267, 266, 498, 0, 50, 0]

 ### Operon type: 45

	 A0A009I573	[60, 0, 59, 58, 0, 57, 343, 83, 84]

 ### Operon type: 46

	 A0A009ILP9	[82, 0, 84, 83, 343, 57, 340, 58, 59]

 ### Operon type: 47

	 A0A009I953	[82, 0, 84, 83, 343, 57, 340, 0, -1]

 ### Operon type: 48

	 A0A009IPC3	[345, 344, 0, 0, 343, 342, 341, 0, 340]
	 A0A009QEG7	[345, 344, 0, 0, 343, 342, 341, 0, 340]

 ### Operon type: 49

	 A0A009SX74	[623, 669, 0, 58, 340, 82, 344, 345, 0]

 ### Operon type: 50

	 A0A009I4A1	[0, 61, 528, 0, 145, 144, 143, 142, 0]
	 A0A010JWJ1	[0, 61, 528, 0, 145, 144, 143, 142, 0]

 ### Operon type: 51

	 A0A009QF22	[148, 147, 146, 0, 145, 144, 143, 142, 141]
	 A0A009TBY8	[148, 147, 146, 237, 145, 144, 143, 142, 141]

 ### Operon type: 52

	 A0A009ITT8	[208, 207, 206, 205, 204, 203, 202, 201, 200]

 ### Operon type: 53

	 A0A009NJ90	[208, 207, 206, 205, 0, 246, 203, 202, 201]

 ### Operon type: 54

	 A0A009HZK2	[118, 205, 204, 0, 0, 0, 0, 0, 0]

 ### Operon type: 55

	 A0A009IJ07	[69, 68, 118, 205, 204, 0, 0, 0, 0]

 ### Operon type: 56

	 A0A009S6G1	[69, 68, 118, 205, 204, 202, 201, 200, 96]

 ### Operon type: 57

	 A0A009S5A5	[204, 246, 203, 202, 201, 200, 67, 33, 96]

 ### Operon type: 58

	 A0A013TCN9	[402, 188, 429, 428, 427, 426, 425, 528, 643]
	 A0A009QNC9	[402, 188, 429, 428, 427, 426, 425, 528, 643]
	 A0A009NIJ3	[402, 188, 429, 428, 427, 426, 425, 528, 643]
	 A0A010ITG1	[402, 188, 429, 428, 427, 426, 425, 528, 643]
	 A0A013TRC1	[402, 188, 429, 428, 427, 426, 425, 528, 643]

 ### Operon type: 59

	 A0A009H935	[0, 0, 429, 428, 427, 426, 425, 528, 643]

 ### Operon type: 60

	 A0A009PJF7	[320, 319, 319, 318, 317, 507, 316, 315, 314]
	 A0A009SJZ7	[330, 320, 319, 318, 317, 507, 316, 315, 314]

 ### Operon type: 61

	 A0A009Z5G0	[507, 318, 319, 0, 309, 320, 330, 514]

 ### Operon type: 62

	 A0A010JJC1	[352, 351, 44, 140, 43, 42, 41, 230, 40]
	 A0A010IZ41	[351, 44, 140, 43, 42, 41, 230, 40, 455]

 ### Operon type: 63

	 A0A009QJL6	[352, 351, 44, 140, 0, 40, 455, 168, 0]

 ### Operon type: 64

	 A0A011P2I4	[718, 603, 702, 0, 0, 0, 0, 0, 0]
	 A0A011N9N8	[718, 603, 702, 0, 0, 0, 0, 0, 0]

 ### Operon type: 65

	 A0A009PIB4	[0, 0, 0, 155, 154, 153, 491, 528, 718]
	 A0A009SLR5	[0, 0, 0, 155, 154, 153, 491, 528, 718]

 ### Operon type: 66

	 A0A009HSU4	[0, 0, 443, 528, 0, 603, 665, 718, 491]

 ### Operon type: 67

	 A0A011SF89	[254, 253, 252, 0, 0, 0, 0, 0, 0]

 ### Operon type: 68

	 A0A011UCX7	[0, 722, 254, 253, 0, 252, 472, 0, 0]

 ### Operon type: 69

	 A0A011NYT4	[654, 653, 652, 651, 0, 384, 384, 383, 392]

 ### Operon type: 70

	 A0A011P8E9	[0, 0, 654, 653, 0, 652, 651, 0, 0]

 ### Operon type: 71

	 A0A010TF34	[0, -1, 0, 0, 102, 101, 100, 99, 98]
	 A0A010SYH9	[102, 101, 100, 99, 98, 0, 0, 0, 0]

 ### Operon type: 72

	 A0A010TFJ4	[0, -1, 0, 107, 106, 105, 104, -1, 103]
	 A0A010S7A1	[107, 106, 105, 104, 0, 103, 0, 0, 0]

 ### Operon type: 73

	 A0A009ICP5	[262, 459, 464, 261, 294, 0, 0, 293, 0]

 ### Operon type: 74

	 A0A009MMG9	[262, 459, 464, 261, 294, 0, 260, 293, 259]

 ### Operon type: 75

	 A0A009QLL2	[0, 296, 295, 0, 294, 0, 0, 293, 0]
	 A0A009HTW0	[0, 296, 295, 0, 294, 0, 0, 293, 0]

 ### Operon type: 76

	 A0A009SIV4	[54, 296, 295, 27, 294, 26, 0, 293, 259]

 ### Operon type: 77

	 A0A013TSJ4	[296, 295, 0, 27, 294, 0, 0, 293, 259]

 ### Operon type: 78

	 A0A009Z3V9	[528, 0, 0, 0, 0, 295, 363, 296, 54]

 ### Operon type: 79

	 A0A009T0Q9	[0, 0, 0, 0, 24, 47, 545, 528, 23]

 ### Operon type: 80

	 A0A009YJF4	[0, 383, 392, 9, 238, 545, 528, 0, 23]

 ### Operon type: 81

	 A0A009PAV9	[195, -1, 464, 194, 445, 491, 193, 192, 191]
	 A0A009HJC2	[195, 643, 464, 194, 445, 491, 193, 192, 191]

 ### Operon type: 82

	 A0A009SE02	[0, 191, 0, 0, 0, 192, 193, 491, 445]

 ### Operon type: 83

	 A0A011QNA5	[0, 601, 600, 599, 0, 598, 597, 596, 595]
	 A0A009ZLJ7	[595, 596, 597, 598, 0, 0, 601, 600, 599]

 ### Operon type: 84

	 A0A009QMH5	[598, 597, 596, 595, 440, 439, 438, 437, 436]
	 A0A009HAX1	[598, 597, 596, 595, 440, 439, 438, 437, 436]
	 A0A013T0T6	[598, 597, 596, 595, 440, 439, 438, 437, 436]

 ### Operon type: 85

	 A0A010ILW6	[598, 597, 596, 595, 440, 439, 0, 0, 437]

 ### Operon type: 86

	 A0A009Z9X7	[597, 596, 595, 0, 440, 0, 519, 0, 437]

 ### Operon type: 87

	 A0A009PE10	[0, 0, 0, 595, 440, 181, 438, 437, -1]

 ### Operon type: 88

	 A0A009HS41	[665, 448, 663, 139, 136, 528, 528, 135, 134]
	 A0A009RSB7	[665, 448, 663, 139, 136, 528, 528, 135, 134]
	 A0A009SYU8	[665, 448, 663, 139, 136, 528, 528, 135, 134]

 ### Operon type: 89

	 A0A013SHA9	[665, 448, 663, 139, 120, 528, 528, 135, 134]
	 A0A009I466	[665, 448, 663, 139, 120, 528, 528, 135, 134]
	 A0A010IT25	[665, 448, 663, 139, 120, 528, 528, 135, 134]

 ### Operon type: 90

	 A0A009NMQ9	[665, 448, 663, 139, 120, 0, 528, 528, 135]

 ### Operon type: 91

	 A0A009P8A9	[0, 0, 663, 139, 136, 528, 528, 135, 134]

 ### Operon type: 92

	 A0A011PGU1	[0, 0, 607, 611, 610, 609, 606, 605, 604]
	 A0A011MDH1	[541, 0, 607, 611, 610, 609, 606, 605, 604]

 ### Operon type: 93

	 A0A011V0P4	[389, 19, 0, 0, 312, 0, 0, 432, 431]

 ### Operon type: 94

	 A0A011WPV7	[432, 431, 0, 0, 0, 0, 0, 0, 0]

 ### Operon type: 95

	 A0A011RNP9	[0, 0, 0, 0, 0, 338, 717, 0, 0]

 ### Operon type: 96

	 A0A011V0B5	[257, 0, 0, 0, 0, 0, 338, 0, 0]

 ### Operon type: 97

	 A0A011RQC9	[0, 257, 256, 0, 0, 0, 0, 255, 0]

 ### Operon type: 98

	 A0A011QG28	[613, 612, 611, 0, 610, 609, 661, 608, 662]
	 A0A011RIM8	[613, 612, 0, 0, 610, 609, 661, 608, 662]

 ### Operon type: 99

	 A0A011PHI6	[674, 0, 673, 0, 0, 672, 671, 670, 0]

 ### Operon type: 100

	 A0A011QI68	[0, 0, 673, 672, 0, 0, 0, 0, 0]

 ### Operon type: 101

	 A0A011P700	[0, 0, 656, 655, 0, 0, 0, 0, 0]

 ### Operon type: 102

	 A0A011QSI4	[0, 0, 656, 655, 622, 0, 0, 0, 0]

 ### Operon type: 103

	 A0A011NVJ6	[551, 550, 571, 549, 570, 548, 0, 0, 547]

 ### Operon type: 104

	 A0A011PVP2	[0, 550, 571, 549, 570, 548, 0, 0, 537]

 ### Operon type: 105

	 A0A011NXY7	[0, 0, 571, 0, 570, 0, 0, 0, 0]

 ### Operon type: 106

	 A0A011QR69	[518, 553, 705, 517, 650, 649, 0, 0, 0]
	 A0A011NUB4	[518, 553, 705, 517, 650, 649, 0, 474, 0]

 ### Operon type: 107

	 A0A011NN36	[553, 705, 0, 0, 650, 649, 0, 0, 0]

 ### Operon type: 108

	 A0A011PK69	[705, 714, 0, 0, 650, 649, 0, 0, 0]

 ### Operon type: 109

	 A0A011NYD6	[569, 694, 693, 568, 567, 566, 565, 564, 563]
	 A0A011RMI6	[569, 694, 693, 568, 567, 566, 565, 564, 563]

 ### Operon type: 110

	 A0A011QB28	[515, 569, 694, 0, 0, 566, 565, 564, 563]

 ### Operon type: 111

	 A0A011NF33	[0, 566, 565, 0, 0, 0, 0, 0, 0]

 ### Operon type: 112

	 A0A011NBY4	[435, 0, 0, 434, 0, 0, 433, 0, 0]

 ### Operon type: 113

	 A0A011WRT0	[435, 0, 0, 0, 0, 0, 0, 666, 0]

 ### Operon type: 114

	 A0A011SHV5	[0, 0, 0, 0, 0, 388, 666, 352, 0]

 ### Operon type: 115

	 A0A011NB95	[0, 587, 0, 0, 0, 0, 464, 463, 462]

 ### Operon type: 116

	 A0A011UHT4	[168, 485, 463, 0, 0, 167, 167, 462, 0]

 ### Operon type: 117

	 A0A010Z1W7	[0, 0, 0, 0, 0, 122, 0, 423, 424]

 ### Operon type: 118

	 A0A011VY84	[0, 0, 424, 423, 0, 0, 0, 0, 0]

 ### Operon type: 119

	 A0A010YW85	[0, 0, 0, 0, 0, 160, 0, 423, 424]

 ### Operon type: 120

	 A0A010ZMA0	[423, 380, 0, 0, 0, 0, 0, 0, 0]

 ### Operon type: 121

	 A0A011N5L2	[0, 0, 0, 380, 0, 379, 378, 0, 0]

 ### Operon type: 122

	 A0A010SQJ5	[116, 261, 0, 174, 173, 172, 0, 0, 0]

 ### Operon type: 123

	 A0A010STD3	[0, 0, 0, 174, 173, 172, 0, 135, 212]

 ### Operon type: 124

	 A0A011TD67	[211, 0, 0, 174, 173, 172, 171, 0, 170]

 ### Operon type: 125

	 A0A009ZC12	[0, 0, 0, 174, 0, 172, 171, 28, 592]

 ### Operon type: 126

	 A0A010RFQ9	[0, 0, 216, 0, 196, 0, 0, 0, 0]

 ### Operon type: 127

	 A0A010SPR9	[6, 6, 0, 0, 0, 196, 0, 0, 0]

 ### Operon type: 128

	 A0A013S288	[0, 0, 0, 418, 445, 417, 416, 0, 414]
	 A0A010J3I1	[0, 0, 0, 418, 445, 417, 416, 0, 414]

 ### Operon type: 129

	 A0A013SXT2	[421, 420, 419, 418, 445, 417, 416, 415, 414]
	 A0A009PWG1	[421, 420, 419, 418, 445, 417, 416, 415, 414]

 ### Operon type: 130

	 A0A009ZJK4	[0, 0, 0, 0, 0, 0, 448, 49, 0]

 ### Operon type: 131

	 A0A010SVN1	[-1, 49, 528, 301, 12, 0, 0, 448, 0]

 ### Operon type: 132

	 A0A009IMX3	[281, 0, 279, 0, 277, 38, 38, 666, 37]
	 A0A009SF48	[281, 0, 279, 0, 277, -1, 38, 666, 37]

 ### Operon type: 133

	 A0A009QEX0	[281, 280, 279, 278, 277, 38, 38, 666, 37]

 ### Operon type: 134

	 A0A009MR00	[281, 280, 279, 278, 277, 276, 448, 275, 274]
	 A0A013S7V1	[281, 280, 279, 278, 277, 276, 448, 275, 274]
	 A0A009RES7	[281, 280, 279, 278, 277, 276, 448, 275, 274]
	 A0A010ISX2	[281, 280, 279, 278, 277, 276, 448, 275, 274]

 ### Operon type: 135

	 A0A009GYP9	[0, 0, 0, 278, 277, 276, 448, 275, 274]

 ### Operon type: 136

	 A0A009YTT3	[0, 0, 0, 0, 0, 0, 448, 275, 274]

 ### Operon type: 137

	 A0A009PFK7	[289, 180, 179, 178, 177, 0, 0, 176, 0]
	 A0A009QGN4	[289, 180, 179, 178, 177, 176, 0, 0, 0]

 ### Operon type: 138

	 A0A009YR20	[0, 176, 0, 0, 0, 0, 180, 0, 0]

 ### Operon type: 139

	 A0A009QSI3	[397, 396, 395, 394, 393, 0, 392, 391, -1]
	 A0A013SB36	[397, 396, 395, 394, 393, 0, 392, 391, 47]

 ### Operon type: 140

	 A0A010ITP2	[397, 396, 395, 394, 393, 0, 392, 0, 0]

 ### Operon type: 141

	 A0A009SII9	[-1, 396, 395, 394, 0, 0, 0, 0, 24]

 ### Operon type: 142

	 A0A009HZV2	[0, 0, 0, 0, 132, 131, 246, 0, 0]

 ### Operon type: 143

	 A0A009QPE7	[0, 0, 0, 0, 132, 131, 0, 0, 0]

 ### Operon type: 144

	 A0A009GXL8	[241, 240, 239, 0, 238, 237, 236, 235, 234]

 ### Operon type: 145

	 A0A010JIW7	[241, 240, 239, 0, 238, 0, 0, 236, 235]

 ### Operon type: 146

	 A0A009MGR3	[0, 0, 222, 0, 271, 33, 32, 221, 220]

 ### Operon type: 147

	 A0A009Q4G0	[0, 223, 222, 0, 271, 0, 221, 220, 221]

 ### Operon type: 148

	 A0A009PUJ8	[0, 190, 0, 0, 0, 189, 236, 235, 234]

 ### Operon type: 149

	 A0A009QJA8	[235, 234, 0, 0, 0, 0, 0, 0, 0]

 ### Operon type: 150

	 A0A009PB53	[0, 0, 190, 0, 0, 221, 220, 221, 189]

 ### Operon type: 151

	 A0A013SNJ8	[448, 0, 0, 447, 446, 445, 455, 0, 0]
	 A0A013RZW2	[448, 308, 0, 447, 446, 445, 455, 0, 0]
	 A0A009RD69	[448, 308, 0, 447, 446, 445, 455, 137, 0]
	 A0A010J9U3	[448, 0, 0, 447, 446, 445, 455, 0, 0]
	 A0A009SIZ4	[448, 308, 0, 447, 446, 0, 455, 137, 0]

 ### Operon type: 152

	 A0A009IV03	[0, 0, 398, 447, 446, 0, 455, 0, 0]
	 A0A009PH20	[0, 0, 398, 447, 446, 445, 455, 0, 0]

 ### Operon type: 153

	 A0A009YIZ0	[448, 308, 398, 447, 446, 445, 455, 137, 231]

 ### Operon type: 154

	 A0A009QA91	[115, 114, 665, 528, 302, 302, 272, 324, 301]
	 A0A010J377	[115, 114, 665, 528, 302, 302, 272, 324, 301]

 ### Operon type: 155

	 A0A009QQC0	[0, 0, 303, 528, 302, 302, 0, 324, 301]
	 A0A009MVG4	[303, 0, 273, 528, 302, 302, 0, 324, 301]

 ### Operon type: 156

	 A0A009H7I0	[0, 0, 0, 528, 302, 302, 272, 324, 301]

 ### Operon type: 157

	 A0A009S1X4	[115, 114, 665, 528, 302, 302, 528, 0, 369]

 ### Operon type: 158

	 A0A013SHF4	[0, 0, 273, 528, 302, 302, 0, 119, 0]

 ### Operon type: 159

	 A0A009H7U0	[430, 661, 0, 578, 577, 576, 575, 0, 0]

 ### Operon type: 160

	 A0A010IMP8	[430, 0, 0, 578, 577, 576, 575, 0, 573]

 ### Operon type: 161

	 A0A013SZ54	[430, 0, 579, 578, 577, 0, 0, 0, 0]

 ### Operon type: 162

	 A0A009ZM43	[-1, 661, 579, 578, 577, 576, 575, 574, 573]

 ### Operon type: 163

	 A0A009YSC7	[0, 0, 433, 1, 0, 1, 214, 213, 0]

 ### Operon type: 164

	 A0A013RVV2	[402, 0, 214, 213, 0, 0, 0, 212, 0]

 ### Operon type: 165

	 A0A011Q5S3	[632, 512, 0, 0, 0, 0, 511, 510, 523]

 ### Operon type: 166

	 A0A011UZZ4	[0, 511, 510, 0, 0, 0, 150, 150, 523]

 ### Operon type: 167

	 A0A010YKP2	[0, 0, 0, 0, 0, 0, 547, 112, 0]

 ### Operon type: 168

	 A0A011V1A2	[19, 0, 0, 112, 0, 0, 0, 0, 0]

 ### Operon type: 169

	 A0A011Q2B1	[0, 0, 0, 0, 0, 505, 504, 503, 677]

 ### Operon type: 170

	 A0A011RLN8	[0, 0, 0, 506, 588, 505, 504, 503, 677]

 ### Operon type: 171

	 A0A011NGS0	[0, 0, 0, 0, 501, 658, 0, 0, 0]

 ### Operon type: 172

	 A0A011PW61	[0, 0, 0, 0, 501, 658, 0, 0, 500]

 ### Operon type: 173

	 A0A011UXI1	[0, 647, 0, 0, 501, 658, 124, 0, 0]

 ### Operon type: 174

	 A0A011SWI9	[-1, -1, 0, 674, 501, 658, 124, -1, -1]

 ### Operon type: 175

	 A0A011P952	[658, 0, 657, 0, 0, 657, 0, 0, 0]

 ### Operon type: 176

	 A0A011NSG8	[0, 0, 0, 670, 540, 539, 0, 540, 0]

 ### Operon type: 177

	 A0A011P0X4	[0, 0, 541, 0, 540, 0, 0, 539, 538]

 ### Operon type: 178

	 A0A009MJ75	[0, 0, 249, 248, 247, 0, 0, 0, 336]

 ### Operon type: 179

	 A0A010IH51	[0, 259, 0, 0, 247, 0, 336, 0, 0]

 ### Operon type: 180

	 A0A010YNY9	[0, 0, 367, 366, 0, 0, 0, 0, 353]

 ### Operon type: 181

	 A0A011AC71	[369, 0, 0, 368, 0, 367, 366, 0, 665]

 ### Operon type: 182

	 A0A011PRW6	[696, 0, 0, 0, 695, 694, 693, 0, 0]
	 A0A011QLX0	[0, 696, 0, 0, 695, 0, 694, 693, 0]

 ### Operon type: 183

	 A0A010SML6	[0, 694, 693, -1, 0, 669, 0, 0, 0]

 ### Operon type: 184

	 A0A009P817	[251, 0, 0, 0, 250, 0, 292, 291, 290]

 ### Operon type: 185

	 A0A009TIY0	[0, 0, 0, 0, 250, 0, 292, 291, 0]

 ### Operon type: 186

	 A0A009QKA3	[292, 291, 0, 290, 0, 0, 0, 0, 289]

 ### Operon type: 187

	 A0A009S854	[-1, 0, 0, 85, 217, 0, 0, 0, 215]

 ### Operon type: 188

	 A0A013RMD0	[-1, 0, 218, 0, 217, 216, 0, 0, 215]

 ### Operon type: 189

	 A0A009R016	[0, 233, 0, 0, 232, -1, 491, 0, 0]
	 A0A009HFU9	[0, 233, 0, 0, 232, 491, 0, 0, 0]

 ### Operon type: 190

	 A0A009HSR2	[0, 64, 63, 0, 62, 287, 286, 246, 285]

 ### Operon type: 191

	 A0A009SWM1	[0, 64, 63, 0, 62, 0, 0, 286, 0]

 ### Operon type: 192

	 A0A009MYX0	[242, 285, 0, 443, 0, 0, 286, 287, 288]

 ### Operon type: 193

	 A0A009QK79	[0, 0, 288, 287, 0, 286, 0, 0, 285]

 ### Operon type: 194

	 A0A009GXJ1	[245, 244, 287, 286, 243, 246, 285, 242, 0]

 ### Operon type: 195

	 A0A013TKW8	[0, 620, 0, 491, 490, 489, 488, 487, 486]
	 A0A009QT77	[0, 0, -1, 491, 490, 489, 488, 487, 486]
	 A0A009GWD0	[246, 0, 0, 491, 490, 489, 488, 487, 486]
	 A0A009PRQ9	[0, 491, 182, 0, 490, 489, 488, 487, 486]
	 A0A009S0T6	[0, 0, 491, 182, 490, 489, 488, 487, 486]
	 A0A009MH36	[0, 0, 0, 491, 490, 489, 488, 487, 486]
	 A0A010IT95	[0, 0, 0, 491, 490, 489, 488, 487, 486]
	 A0A009I5G9	[0, 0, 491, 182, 490, 489, 488, 487, 486]

 ### Operon type: 196

	 A0A013TMJ7	[643, -1, 0, 491, 490, 487, 486, 0, 0]

 ### Operon type: 197

	 A0A009HJJ5	[323, 322, 321, 0, 562, 356, 0, 651, 31]
	 A0A009I8I7	[323, 322, 321, 20, 562, 356, 0, 651, 31]

 ### Operon type: 198

	 A0A013TPR7	[323, 322, 321, 0, 562, 356, 0, 651, 378]
	 A0A009PMT3	[323, 322, 321, 0, 562, 356, 282, 651, 378]
	 A0A010JJN4	[0, 322, 321, 0, 562, 356, 0, 651, 378]
	 A0A009RMI1	[0, 322, 321, 0, 562, 356, 0, 651, 0]
	 A0A009YG45	[0, 323, 322, 321, 562, 0, 356, 282, 651]

 ### Operon type: 199

	 A0A009SEP4	[323, 322, 321, 20, 562, 0, 356, 282, 0]

 ### Operon type: 200

	 A0A009NI48	[323, 322, 321, 0, 562, 0, 0, 0, -1]

 ### Operon type: 201

	 A0A011WLE7	[0, 0, 0, 0, 0, 444, 0, 0, 0]
	 A0A011VU44	[0, 0, 0, 0, 0, 444, 0, 0, 0]

 ### Operon type: 202

	 A0A011VAP2	[0, 0, 364, 0, 0, 0, 0, 0, 560]

 ### Operon type: 203

	 A0A011VRJ8	[0, 0, 0, 0, 0, 0, 364, 0, 0]

 ### Operon type: 204

	 A0A011RNU1	[0, 0, 0, 0, 0, 0, 297, 297, 298]

 ### Operon type: 205

	 A0A011VKJ9	[0, 0, 0, 0, 0, 0, 298, 297, -1]

 ### Operon type: 206

	 A0A011WT35	[516, 0, 0, 0, 0, 0, 0, 0, 0]
	 A0A011V490	[0, 516, 0, 0, 0, 0, 0, 0, 0]

 ### Operon type: 207

	 A0A009T185	[553, 0, 704, 704, 15, 705, 704, 346, 548]

 ### Operon type: 208

	 A0A010IN36	[347, 643, 0, 0, 15, 705, 704, 346, 548]

 ### Operon type: 209

	 A0A009PG43	[705, 704, 175, 713, 0, 346, 548, 0, 0]

 ### Operon type: 210

	 A0A011PQZ7	[0, 0, 0, 708, 707, 0, 706, 0, 0]

 ### Operon type: 211

	 A0A011TUX4	[0, 0, 0, 0, 707, 0, 0, 706, 0]

 ### Operon type: 212

	 A0A011STZ9	[0, 0, 0, 706, 0, 0, 0, 0, 0]

 ### Operon type: 213

	 A0A011PRF5	[675, 0, 0, 0, 0, 0, 0, 0, 0]
	 A0A011PUJ9	[0, 0, 0, 0, 0, 0, 0, 0, 675]

 ### Operon type: 214

	 A0A011PFY8	[0, 0, 0, 0, 0, 0, 0, 0, 712]

 ### Operon type: 215

	 A0A011PNS3	[713, 712, 0, 0, 0, 0, 0, 0, 0]

 ### Operon type: 216

	 A0A011T648	[0, 712, 0, 0, 0, 0, 0, 705, 0]

 ### Operon type: 217

	 A0A011AEN3	[0, 0, 0, 0, 0, 0, 661, 0, 0]
	 A0A011U3C2	[0, 0, 661, 0, 0, 0, 0, 0, 0]

 ### Operon type: 218

	 A0A011AAZ2	[0, 499, 0, 0, 0, 661, 661, 661, 0]

 ### Operon type: 219

	 A0A011T698	[0, 0, 0, 0, 0, 665, 661, 0, 0]

 ### Operon type: 220

	 A0A009SNL0	[22, 21, 0, 0, 0, 0, 0, 0, 0]

 ### Operon type: 221

	 A0A009ZZC8	[-1, 21, 22, 0, 0, 0, 0, 0, 0]

 ### Operon type: 222

	 A0A009ZG48	[0, 0, 0, 620, 0, 0, 0, 0, 0]

 ### Operon type: 223

	 A0A011PEJ8	[0, 0, 621, 620, 0, 0, 0, 0, 0]

 ### Operon type: 224

	 A0A011QNJ7	[614, 0, 0, 620, 0, 0, 0, 614, 0]

 ### Operon type: 225

	 A0A011MMJ4	[0, 0, 0, 0, 0, 0, 0, 614, 0]

 ### Operon type: 226

	 A0A011R8M3	[0, 0, 621, 620, 0, 123, 0, 614, 0]

 ### Operon type: 227

	 A0A009TJ77	[0, 10, 0, 0, 0, 0, 0, 0, 0]

 ### Operon type: 228

	 A0A010RTE7	[0, 0, 0, 0, 0, 0, 99, 10, 0]

 ### Operon type: 229

	 A0A013TPQ9	[329, 328, 327, 326, 325, 528, 643, 324, 379]
	 A0A009PMU2	[329, 328, 327, -1, 325, 528, 643, 324, 379]
	 A0A013S8F0	[329, 328, 327, 326, 325, 528, 643, 324, 379]
	 A0A009SZ84	[329, 328, 327, 326, 325, 528, 643, 324, 379]

 ### Operon type: 230

	 A0A009IG48	[0, 0, 0, 46, 45, 0, 0, 0, 669]

 ### Operon type: 231

	 A0A009IMQ0	[0, 0, 0, 46, 45, 0, 0, 0, 0]

 ### Operon type: 232

	 A0A009SWV1	[0, 0, 0, 0, 0, 0, 0, 46, 0]

 ### Operon type: 233

	 A0A011TAW2	[0, 0, 0, 0, 0, 0, 421, 0, 0]
	 A0A009SFX8	[421, 0, 0, 0, 0, 0, 0, 0, 0]

 ### Operon type: 234

	 A0A011TZN1	[0, 0, 0, 0, 121, 0, 0, 0, 0]
	 A0A009RHH9	[0, 0, 0, 0, 121, 0, 0, 0, 0]

 ### Operon type: 235

	 A0A009Q512	[0, 0, 0, 0, 219, 0, 0, 0, 0]
	 A0A009PMZ9	[219, 0, 0, 0, 0, 0, 0, 0, 0]

 ### Operon type: 236

	 A0A009IFL2	[0, 354, 0, 442, -1, 0, 0, 0]

 ### Operon type: 237

	 A0A009ZDS1	[-1, -1, 0, 354, 0, 0, 351, 0, 0]

 ### Operon type: 238

	 A0A009NPS1	[0, 328, 327, 326, 325, -1, 0, 0, 0]
	 A0A009HJM0	[0, 328, 327, 326, 325, 528, 0, 0, 0]
	 A0A010IZH1	[-1, 328, 327, 326, 325, 528, 0, 0, 0]

 ### Operon type: 239

	 A0A009HUS9	[328, 327, 0, 0, 0, 0, -1, 0, 0]

 ### Operon type: 240

	 A0A009HM15	[0, 95, 94, 0, 0, 0, -1, 0, 0]

 ### Operon type: 241

	 A0A009RQL5	[0, 0, 0, 0, 0, 0, 95, 94, 0]

 ### Operon type: 242

	 A0A009IJ01	[0, 0, 0, 0, 0, 0, 95, 94, 93]

 ### Operon type: 243

	 A0A009NCH6	[0, 0, 0, 0, 0, 0, 0, 94, 93]

 ### Operon type: 244

	 A0A011UFH1	[0, 0, 0, 0, 0, 422, 0, 0, 0]
	 A0A011UB51	[422, 0, 0, 0, 0, 0, 0, 0, 0]

 ### Operon type: 245

	 A0A011V965	[0, -1, -1, 0, 348, 0, -1, -1, 0]
	 A0A011VHP2	[0, -1, -1, -1, 348, 0, 0, 0, 0]

 ### Operon type: 246

	 A0A010RVD0	[-1, 0, 0, -1, 0, 590, 590, 0, 8]

 ### Operon type: 247

	 A0A010T7Q5	[0, 8, 0, 0, 0, 0, -1, 0, 0]

 ### Operon type: 248

	 A0A010SRR2	[0, 0, -1, 0, 0, 0, 0, 0, 643]
	 A0A010SNM6	[0, 0, -1, 0, 0, 0, 643, 0, 0]

 ### Operon type: 249

	 A0A010SJH7	[0, 0, 643, -1, 0, 0, 272, 0, 0]

 ### Operon type: 250

	 A0A009PH57	[0, 0, -1, 0, 0, 0, 0, 0, 0]
	 A0A011U7M7	[0, 0, -1, 0, 0, 0, 0, 0, 0]
	 A0A009IHQ3	[-1, 0, 0, 0, 0, 0, 0, 0, 0]
	 A0A009N9Z1	[-1, 0, 0, 0, 0, 0, 0, 0, 0]
	 A0A010TF14	[-1, 0, 0, 0, 0, 0, 0, 0, 0]
	 A0A009QDV7	[-1, 0, 0, 0, 0, 0, 0, 0, 0]
	 A0A009RG92	[-1, 0, 0, 0, 0, 0, 0, 0, 0]
	 A0A010RKP8	[0, 0, 0, 0, 0, 0, -1, 0, 0]
	 A0A009H6M2	[-1, 0, 0, 0, 0, 0, 0, 0, 0]
	 A0A009HJU6	[0, 0, 0, 0, 0, 0, 0, 0, -1]
	 A0A011V107	[0, -1, 0, 0, 0, 0, 0, 0, 0]
	 A0A010JDA6	[-1, 0, 0, 0, 0, 0, 0, 0, 0]
	 A0A011UZ32	[0, 0, 0, 0, 0, -1, 0, 0, 0]
	 A0A011UZ49	[0, -1, 0, 0, 0, 0, 0, 0, 0]
	 A0A010RY47	[-1, 0, -1, 0, 0, 0, 0, 0, 0]
	 A0A009TG92	[0, 0, -1, 0, 0, 0, 0, 0, 0]

 ### Operon type: 251

	 A0A010SJF9	[0, 0, 0, 0, 0, -1, 0, 128, -1]

 ### Operon type: 252

	 A0A010T5D8	[0, 0, 0, -1, 0, -1, 455, 0, 0]

 ### Operon type: 253

	 A0A011ML54	[0, 0, 0, 544, 0, 0, 0, 0, -1]

 ### Operon type: 254

	 A0A011NHY1	[0, 0, 0, 0, 0, 643, 0, 0, 0]

 ### Operon type: 255

	 A0A010Z171	[0, 0, 0, 0, 0, 0, 643, 0, 443]

 ### Operon type: 256

	 A0A010ZX98	[0, 0, 0, 0, 0, 365, 643, 643, 0]

 ### Operon type: 257

	 A0A010YRE8	[0, 0, 0, 0, 0, 0, 0, 365, 0]

 ### Operon type: 258

	 A0A011AF05	[0, 0, 369, 365, 0, 0, 0, 0, 0]

 ### Operon type: 259

	 A0A011SQL0	[668, 0, -1, 0, 0, 0, 0, 0, 0]

 ### Operon type: 260

	 A0A009ZC82	[0, 0, 668, 0, 0, 0, 0, 0, 0]

 ### Operon type: 261

	 A0A011P3F6	[669, 0, 0, 668, 0, 0, 0, 0, 0]

 ### Operon type: 262

	 A0A011T697	[643, 0, 0, 0, 0, 0, 0, 0, 292]

 ### Operon type: 263

	 A0A011TDD1	[0, 197, 643, 0, 0, 0, 0, 0, 0]

 ### Operon type: 264

	 A0A011VW24	[0, 0, 586, 0, 0, 0, 0, 0, -1]

 ### Operon type: 265

	 A0A011T8V3	[0, 0, 586, 0, 0, 0, 0, 0, 0]

 ### Operon type: 266

	 A0A010TH98	[500, 0, 0, 586, 0, 0, 0, 0, 0]

 ### Operon type: 267

	 A0A011QVR3	[0, 0, 0, 0, 0, 0, 0, 587, 586]

 ### Operon type: 268

	 A0A011RM25	[0, 0, 0, 0, 0, 586, 0, 151, 0]

 ### Operon type: 269

	 A0A011VXC2	[-1, 387, 0, 0, 0, 0, 0, 0, 0]

 ### Operon type: 270

	 A0A011VYF1	[586, 0, 0, 0, 0, 0, 422, 0, 0]

 ### Operon type: 271

	 A0A010S415	[-1, 586, 0, 301, 0, 0, 0, 0, 400]

 ### Operon type: 272

	 A0A011PJK8	[0, 0, 0, 0, 0, 0, 0, 0, 0]
	 A0A011PNN2	[0, 0, 0, 0, 0, 0, 0, 0, 0]
	 A0A011PKU5	[0, 0, 0, 0, 0, 0, 0, 0, 0]
	 A0A011PBM9	[0, 0, 0, 0, 0, 0, 0, 0, 0]
	 A0A011P9Z5	[0, 0, 0, 0, 0, 0, 0, 0, 0]
	 A0A011P4U7	[0, 0, 0, 0, 0, 0, 0, 0, 0]
	 A0A011QSN2	[0, 0, 0, 0, 0, 0, 0, 0, 0]
	 A0A011QMJ8	[0, 0, 0, 0, 0, 0, 0, 0, 0]
	 A0A011Q056	[0, 0, 0, 0, 0, 0, 0, 0, 0]
	 A0A011NMI8	[0, 0, 0, 0, 0, 0, 0, 0, 0]
	 A0A011Q1B3	[0, 0, 0, 0, 0, 0, 0, 0, 0]
	 A0A013SL47	[0, 0, 0, 0, 0, 0, 0, 0, 0]
	 A0A011VSC9	[0, 0, 0, 0, 0, 0, 0, 0, 0]
	 A0A010ZTI3	[0, 0, 0, 0, 0, 0, 0, 0, 0]
	 A0A011VW71	[0, 0, 0, 0, 0, 0, 0, 0, 0]
	 A0A011NTU3	[0, 0, 0, 0, 0, 0, 0, 0, 0]
	 A0A009IRJ6	[0, 0, 0, 0, 0, 0, 0, 0, 0]
	 A0A011NAJ1	[0, 0, 0, 0, 0, 0, 0, 0, 0]
	 A0A011NAY5	[0, 0, 0, 0, 0, 0, 0, 0, 0]
	 A0A011WKI4	[0, 0, 0, 0, 0, 0, 0, 0, 0]
	 A0A011A146	[0, 0, 0, 0, 0, 0, 0, 0, 0]
	 A0A011NDM5	[0, 0, 0, 0, 0, 0, 0, 0, 0]
	 A0A011VZG0	[0, 0, 0, 0, 0, 0, 0, 0, 0]
	 A0A011VYF6	[0, 0, 0, 0, 0, 0, 0, 0, 0]
	 A0A011N2Z0	[0, 0, 0, 0, 0, 0, 0, 0, 0]
	 A0A011QVV5	[0, 0, 0, 0, 0, 0, 0, 0, 0]
	 A0A011V8Y9	[0, 0, 0, 0, 0, 0, 0, 0, 0]
	 A0A011VMV7	[0, 0, 0, 0, 0, 0, 0, 0, 0]
	 A0A011VNE2	[0, 0, 0, 0, 0, 0, 0, 0, 0]
	 A0A011N3C3	[0, 0, 0, 0, 0, 0, 0, 0, 0]
	 A0A011N4G4	[0, 0, 0, 0, 0, 0, 0, 0, 0]
	 A0A009ISY0	[0, 0, 0, 0, 0, 0, 0, 0, 0]
	 A0A011VUV0	[0, 0, 0, 0, 0, 0, 0, 0, 0]
	 A0A013TPV4	[0, 0, 0, 0, 0, 0, 0, 0, 0]
	 A0A013S2B9	[0, 0, 0, 0, 0, 0, 0, 0, 0]
	 A0A011UFM5	[0, 0, 0, 0, 0, 0, 0, 0, 0]
	 A0A011UG71	[0, 0, 0, 0, 0, 0, 0, 0, 0]
	 A0A009QQ47	[0, 0, 0, 0, 0, 0, 0, 0, 0]
	 A0A011VWR4	[0, 0, 0, 0, 0, 0, 0, 0, 0]
	 A0A013T8M5	[0, 0, 0, 0, 0, 0, 0, 0, 0]
	 A0A009MMM3	[0, 0, 0, 0, 0, 0, 0, 0, 0]
	 A0A009NQA1	[0, 0, 0, 0, 0, 0, 0, 0, 0]
	 A0A009R2X0	[0, 0, 0, 0, 0, 0, 0, 0, 0]
	 A0A009R4N4	[0, 0, 0, 0, 0, 0, 0, 0, 0]
	 A0A009HBT3	[0, 0, 0, 0, 0, 0, 0, 0, 0]
	 A0A011WUT3	[0, 0, 0, 0, 0, 0, 0, 0, 0]
	 A0A011SGD5	[0, 0, 0, 0, 0, 0, 0, 0, 0]
	 A0A009M4K0	[0, 0, 0, 0, 0, 0, 0, 0, 0]
	 A0A009PDV4	[0, 0, 0, 0, 0, 0, 0, 0, 0]
	 A0A013TEV4	[0, 0, 0, 0, 0, 0, 0, 0, 0]
	 A0A009PT82	[0, 0, 0, 0, 0, 0, 0, 0, 0]
	 A0A011WSE5	[0, 0, 0, 0, 0, 0, 0, 0, 0]
	 A0A009PG53	[0, 0, 0, 0, 0, 0, 0, 0, 0]
	 A0A011UGX8	[0, 0, 0, 0, 0, 0, 0, 0, 0]
	 A0A010Z120	[0, 0, 0, 0, 0, 0, 0, 0, 0]
	 A0A009MH90	[0, 0, 0, 0, 0, 0, 0, 0, 0]
	 A0A009Q3K7	[0, 0, 0, 0, 0, 0, 0, 0, 0]
	 A0A009N031	[0, 0, 0, 0, 0, 0, 0, 0, 0]
	 A0A011UBN9	[0, 0, 0, 0, 0, 0, 0, 0, 0]
	 A0A011TWN2	[0, 0, 0, 0, 0, 0, 0, 0, 0]
	 A0A011UHL2	[0, 0, 0, 0, 0, 0, 0, 0, 0]
	 A0A009MGJ1	[0, 0, 0, 0, 0, 0, 0, 0, 0]
	 A0A009MGQ8	[0, 0, 0, 0, 0, 0, 0, 0, 0]
	 A0A009N123	[0, 0, 0, 0, 0, 0, 0, 0, 0]
	 A0A010YJA7	[0, 0, 0, 0, 0, 0, 0, 0, 0]
	 A0A009I0I9	[0, 0, 0, 0, 0, 0, 0, 0, 0]
	 A0A009PAG1	[0, 0, 0, 0, 0, 0, 0, 0, 0]
	 A0A009RBQ2	[0, 0, 0, 0, 0, 0, 0, 0, 0]
	 A0A009QVK8	[0, 0, 0, 0, 0, 0, 0, 0, 0]
	 A0A011UWH1	[0, 0, 0, 0, 0, 0, 0, 0, 0]
	 A0A010ZJQ6	[0, 0, 0, 0, 0, 0, 0, 0, 0]
	 A0A013SBR8	[0, 0, 0, 0, 0, 0, 0, 0, 0]
	 A0A011TAF9	[0, 0, 0, 0, 0, 0, 0, 0, 0]
	 A0A009HTN9	[0, 0, 0, 0, 0, 0, 0, 0, 0]
	 A0A011UTJ0	[0, 0, 0, 0, 0, 0, 0, 0, 0]
	 A0A009HIL8	[0, 0, 0, 0, 0, 0, 0, 0, 0]
	 A0A009HL81	[0, 0, 0, 0, 0, 0, 0, 0, 0]
	 A0A009RMD0	[0, 0, 0, 0, 0, 0, 0, 0, 0]
	 A0A011AIL7	[0, 0, 0, 0, 0, 0, 0, 0, 0]
	 A0A009T1I8	[0, 0, 0, 0, 0, 0, 0, 0, 0]
	 A0A009I463	[0, 0, 0, 0, 0, 0, 0, 0, 0]
	 A0A009RR21	[0, 0, 0, 0, 0, 0, 0, 0, 0]
	 A0A010IPH1	[0, 0, 0, 0, 0, 0, 0, 0, 0]
	 A0A010YZS8	[0, 0, 0, 0, 0, 0, 0, 0, 0]
	 A0A010IZE4	[0, 0, 0, 0, 0, 0, 0, 0, 0]
	 A0A011TLH0	[0, 0, 0, 0, 0, 0, 0, 0, 0]
	 A0A009SCM5	[0, 0, 0, 0, 0, 0, 0, 0, 0]
	 A0A009RHH7	[0, 0, 0, 0, 0, 0, 0, 0, 0]
	 A0A009SHB3	[0, 0, 0, 0, 0, 0, 0, 0, 0]
	 A0A009SIF9	[0, 0, 0, 0, 0, 0, 0, 0, 0]
	 A0A010SHY1	[0, 0, 0, 0, 0, 0, 0, 0, 0]
	 A0A009SWU0	[0, 0, 0, 0, 0, 0, 0, 0, 0]
	 A0A010SSQ8	[0, 0, 0, 0, 0, 0, 0, 0, 0]
	 A0A010T025	[0, 0, 0, 0, 0, 0, 0, 0, 0]
	 A0A010SPJ7	[0, 0, 0, 0, 0, 0, 0, 0, 0]
	 A0A009T3J5	[0, 0, 0, 0, 0, 0, 0, 0, 0]

 ### Operon type: 273

	 A0A010TG27	[724, 0, 166, 0, 0, 0, 528, 0, 0]

 ### Operon type: 274

	 A0A011PMK1	[0, 0, 0, 0, 0, 0, 0, 724, 0]

 ### Operon type: 275

	 A0A009HRU1	[0, 287, 0, 0, 0, 0, 0, 0, 0]

 ### Operon type: 276

	 A0A009HSN8	[0, 223, 0, 0, 0, -1, 0, 189, -1]

 ### Operon type: 277

	 A0A009HV82	[236, 0, 0, 0, 0, 0, 0, 0, 0]

 ### Operon type: 278

	 A0A009IG74	[0, 0, 248, 0, 445, -1, 0, 0, 0]

 ### Operon type: 279

	 A0A009IJ90	[0, 97, 0, 0, 0, 0, 0, 0, 0]

 ### Operon type: 280

	 A0A009ISE1	[356, 0, 651, 0, 0, -1, 0, 0, 0]

 ### Operon type: 281

	 A0A009NM94	[0, 386, 386, 0, 0, 0, 197, 0, 0]

 ### Operon type: 282

	 A0A009Q4N5	[0, 0, 251, 0, 0, 0, 0, 0, 0]

 ### Operon type: 283

	 A0A009SSZ9	[0, 60, 0, 0, 0, 0, 0, 0, 0]

 ### Operon type: 284

	 A0A009TBM2	[0, 0, 0, 0, 0, 0, 0, 0, 414]

 ### Operon type: 285

	 A0A009Q8S9	[0, 0, 669, 414, 0, 70, 0, 0, 0]

 ### Operon type: 286

	 A0A009YIH1	[0, 0, 0, 0, 96, 0, -1, -1, 2]

 ### Operon type: 287

	 A0A009YR05	[0, 0, 0, 0, 25, 0, 0, 0, 0]

 ### Operon type: 288

	 A0A009Z004	[14, 0, 14, 0, 0, 443, 0, 0, 0]

 ### Operon type: 289

	 A0A010IGH8	[0, 0, 0, 0, 0, 0, 0, 212, 0]

 ### Operon type: 290

	 A0A010JIN9	[140, 0, 0, 10, 340, 0, 0, 0, 0]

 ### Operon type: 291

	 A0A010RS09	[0, 0, 0, 0, 99, 0, 580, 580, 0]

 ### Operon type: 292

	 A0A010RUQ5	[0, 0, 0, 0, 0, 0, 0, 0, 133]

 ### Operon type: 293

	 A0A010S195	[668, 0, 122, 11, 0, 0, 0, 0, 0]

 ### Operon type: 294

	 A0A010SCZ2	[0, 0, 0, 0, 0, 0, 0, 311, 0]

 ### Operon type: 295

	 A0A010SN41	[0, 0, 0, 0, 228, 0, 0, 0, 0]

 ### Operon type: 296

	 A0A010SSU2	[0, 0, 0, 0, 243, 0, -1, 659, 0]

 ### Operon type: 297

	 A0A010SUP6	[0, 0, 0, 0, 0, 0, 0, 11, 0]

 ### Operon type: 298

	 A0A010SUY9	[0, 0, 0, 0, 0, 123, 621, 0]

 ### Operon type: 299

	 A0A010THK2	[0, 0, -1, 0, 0, 580, 443, 0, 0]

 ### Operon type: 300

	 A0A010SRL4	[166, 0, 0, -1, 0, 0, 0, 443, 471]

 ### Operon type: 301

	 A0A010YF95	[523, 0, 0, 0, 0, 0, 0, 0, 0]

 ### Operon type: 302

	 A0A010YT39	[0, 475, 0, 0, 0, 0, 0, 0, 0]

 ### Operon type: 303

	 A0A010YX61	[159, 661, 0, 586, 0, 0, 0, 0, 0]

 ### Operon type: 304

	 A0A010ZWJ8	[0, 0, 0, 0, 0, 660, 0, 0, 0]

 ### Operon type: 305

	 A0A009ZVR4	[256, 0, 661, 0, 0, 13, 0, 0, 0]

 ### Operon type: 306

	 A0A011AHW1	[0, 0, 0, 0, 0, 0, 0, 16, 0]

 ### Operon type: 307

	 A0A011NE37	[579, 0, 0, 0, 0, 0, 0, 0, 0]

 ### Operon type: 308

	 A0A011NF78	[0, 0, 591, 0, 0, 0, 0, 0, 0]

 ### Operon type: 309

	 A0A011NVE2	[0, 0, 0, 705, 0, 0, 643, 0, 473]

 ### Operon type: 310

	 A0A011NXJ4	[0, 0, 0, 0, 0, 0, 0, 0, 572]

 ### Operon type: 311

	 A0A011P8I1	[0, 0, 662, 661, 0, 0, 0, 0, 660]

 ### Operon type: 312

	 A0A011P9Q7	[663, 0, 0, 0, 0, 0, 0, 0, 0]

 ### Operon type: 313

	 A0A011PCT1	[0, 0, 0, 0, 0, 0, 0, 677, 0]

 ### Operon type: 314

	 A0A011PJ75	[0, 705, 704, 705, 0, 0, 0, 0, 0]

 ### Operon type: 315

	 A0A011PRB4	[0, 0, 0, 0, 0, 0, 0, 676, 0]

 ### Operon type: 316

	 A0A011Q5V7	[509, 0, 0, 0, 0, 0, 0, 0, 0]

 ### Operon type: 317

	 A0A011QU35	[0, 0, 0, 0, 589, 0, 0, 0, 0]

 ### Operon type: 318

	 A0A011QVT2	[519, 0, 0, 0, 0, 0, 0, 713, 0]

 ### Operon type: 319

	 A0A011RP14	[0, 0, 0, 0, 0, 0, 0, 258, 0]

 ### Operon type: 320

	 A0A011SM49	[643, 0, 258, 0, 0, 0, 18, 0, 0]

 ### Operon type: 321

	 A0A011AM27	[706, 0, 0, 0, 562, 0, 0, 0, 561]

 ### Operon type: 322

	 A0A011T607	[0, 0, 537, 0, 0, 0, 0, 0, 197]

 ### Operon type: 323

	 A0A010S5W8	[0, 0, 390, 537, 0, 0, 0, 0, 0]

 ### Operon type: 324

	 A0A011MSR2	[0, 0, 0, 390, 0, 0, 0, 722, 0]

 ### Operon type: 325

	 A0A010YYJ5	[0, 0, 0, 722, 0, 0, 0, 13, 13]

 ### Operon type: 326

	 A0A011TED9	[0, 0, 0, 0, 0, 34, 0, 0, 0]

 ### Operon type: 327

	 A0A011TXS5	[0, 17, 0, 0, 0, 0, 0, 0, 0]

 ### Operon type: 328

	 A0A011U144	[0, 133, 0, 0, 0, 0, 572, 266, 0]

 ### Operon type: 329

	 A0A011U1C8	[665, 0, 0, 0, 0, 0, 0, 0, 520]

 ### Operon type: 330

	 A0A011U483	[0, 0, 0, 0, 0, 664, 0, 0, 0]

 ### Operon type: 331

	 A0A011UDF3	[0, 0, 0, 0, 0, 211, 0, 0, 0]

 ### Operon type: 332

	 A0A011UG86	[0, 670, 0, 0, 0, 128, 0, 0, 0]

 ### Operon type: 333

	 A0A011UGY3	[0, 0, 0, 169, 0, 0, 0, 169, 0]

 ### Operon type: 334

	 A0A011UJN3	[0, 346, 0, 0, 0, 0, 0, 0, 0]

 ### Operon type: 335

	 A0A009INE0	[347, 0, 0, 0, 0, 0, 0, 704, 346]

 ### Operon type: 336

	 A0A011UQB5	[209, 434, 0, 0, 0, 0, 0, 422, 0]

 ### Operon type: 337

	 A0A011UVI5	[0, 0, 0, 0, 0, 353, 705, 705, 0]

 ### Operon type: 338

	 A0A011UWI3	[0, 0, 0, 0, 154, 0, 74, 668, 0]

 ### Operon type: 339

	 A0A011V5E6	[0, 0, 0, 0, 0, 152, 0, 0, 0]

 ### Operon type: 340

	 A0A011M4H6	[560, 0, 559, 0, 0, 0, 0, 0, 0]

 ### Operon type: 341

	 A0A011VSV3	[0, 0, 0, 0, 0, 0, 611, 0, 0]

 ### Operon type: 342

	 A0A011VWI0	[0, 0, 0, 0, 0, 485, 0, 0, 0]

 ### Operon type: 343

	 A0A011VZ91	[466, 0, 0, 0, 0, 0, 0, 0, 0]

 ### Operon type: 344

	 A0A011W213	[0, 0, 0, 0, 0, 474, 0, 0, 0]

 ### Operon type: 345

	 A0A011WP76	[0, 0, 0, 0, 0, 0, 0, 0, 634]

 ### Operon type: 346

	 A0A011WSD4	[0, 0, 0, -1, 0, 722, 0, 0, 516]

 ### Operon type: 347

	 A0A011VZF5	[0, 0, 284, 283, 0, 722, 516, 722, 0]

 ### Operon type: 348

	 A0A011WSU6	[0, 722, 0, 0, 229, 0, 0, 0, 0]

 ### Operon type: 349

	 A0A013S843	[0, 324, 0, 0, 0, 0, -1, 116, 0]

 ### Operon type: 350

	 A0A013S981	[165, 0, 0, 0, 0, 0, 0, 0, 0]

 ### Operon type: 351

	 A0A013T337	[0, 0, 0, 0, 0, 0, 0, 0, 198]

 ### Operon type: 352

	 A0A013T5E6	[0, 0, 0, 271, 0, 0, 0, 0, 0]

 ### Operon type: 353

	 A0A010KAV2	[461, 0, 0, 138, 460, 603, 459, 665, 458]
	 A0A009NE81	[461, 65, 159, 138, 460, 603, 459, 665, 458]
	 A0A013SGL3	[461, 65, 159, 138, 460, 603, 459, 665, 458]
	 A0A009RQH3	[461, 0, 0, 138, 460, 603, 459, 665, 458]
	 A0A009I5Z6	[461, 0, 159, 138, 460, 603, 459, 665, 458]

 ### Operon type: 354

	 A0A013TB41	[461, -1, 0, 0, 460, 603, 459, 665, 458]

 ### Operon type: 355

	 A0A009H3X4	[461, 0, 0, 0, 460, 603, -1, 580, -1]

 ### Operon type: 356

	 A0A009YL68	[0, 0, 665, 461, 460, 0, 0, 28, 0]

 ### Operon type: 357

	 A0A009T9H0	[0, 2, 669, -1, 0, 0, 286, 0, 287]

 ### Operon type: 358

	 A0A010THH5	[0, 355, 354, 353, 0, 0, 352, 0, 351]

 ### Operon type: 359

	 A0A011VZE3	[0, 0, 0, 528, 465, 0, 0, 0, 0]
	 A0A011WSH8	[0, 0, 0, 528, 465, 0, 0, 0, 0]

 ### Operon type: 360

	 A0A011NAF3	[0, 0, 0, 0, 0, 0, 528, 0, 698]

 ### Operon type: 361

	 A0A009IQ93	[472, 0, 528, 0, 0, 471, 0, 0, 0]

 ### Operon type: 362

	 A0A009TLU4	[0, 17, -1, 199, 0, 5, 0, -1, -1]

 ### Operon type: 363

	 A0A010JNG7	[491, 0, 0, 230, 0, 0, 0, 0, 0]

 ### Operon type: 364

	 A0A010S003	[605, 0, 0, 0, 0, 670, 670, 261, 0]

 ### Operon type: 365

	 A0A010SMN8	[0, -1, 367, 0, 196, 0, 0, 624, 0]

 ### Operon type: 366

	 A0A010SXS1	[0, 175, 0, 0, 0, 39, 0, 0, 713]

 ### Operon type: 367

	 A0A010T689	[561, -1, 352, 338, 0, 0, 0, 0, 0]

 ### Operon type: 368

	 A0A010TBB4	[0, 92, 0, 128, 0, 0, 0, 0, 665]

 ### Operon type: 369

	 A0A010YFK3	[0, 522, 0, 0, 0, 0, 521, 0, 520]

 ### Operon type: 370

	 A0A010YVY1	[66, 0, 66, 0, 0, 0, 0, 261, 0]

 ### Operon type: 371

	 A0A010Z7T4	[0, 0, 0, 0, 0, 0, 0, 336, 708]

 ### Operon type: 372

	 A0A010RRR9	[0, 0, 0, 0, 533, 0, 0, 48, 336]

 ### Operon type: 373

	 A0A010SIA7	[0, 0, 48, 104, 0, 0, 0, 0, 0]

 ### Operon type: 374

	 A0A010ZSZ2	[0, 499, 0, 498, 497, 0, 0, 0, 0]

 ### Operon type: 375

	 A0A010Z0Y7	[0, 0, 0, 0, 497, 301, 0, 0, 0]

 ### Operon type: 376

	 A0A010ZUR7	[313, 7, 0, 7, 0, 16, 261, 0, 0]

 ### Operon type: 377

	 A0A011A0M8	[0, 0, 443, 0, 442, 0, 0, 441, 441]

 ### Operon type: 378

	 A0A011NFL4	[0, 476, 0, 0, 554, 724, 0, 475, 0]

 ### Operon type: 379

	 A0A011P407	[0, 0, 667, 666, 0, 0, 665, 0, 664]

 ### Operon type: 380

	 A0A011QGT2	[528, 0, 0, 527, 526, 0, 0, 0, 0]

 ### Operon type: 381

	 A0A011QSA4	[594, 0, 593, 592, 0, 0, 0, 0, 591]

 ### Operon type: 382

	 A0A011T6J6	[0, 509, 0, 661, 0, 0, 53, 0, 160]

 ### Operon type: 383

	 A0A011TAL2	[0, 537, 0, 0, 0, 368, 0, 547, 0]

 ### Operon type: 384

	 A0A011TYT7	[0, 0, 0, 0, 0, 0, 259, 111, 111]

 ### Operon type: 385

	 A0A011TZG0	[443, 381, 0, 0, 0, 0, 0, 492, 0]

 ### Operon type: 386

	 A0A011Q6N5	[0, 0, 0, 0, 0, 0, 382, 381, 382]

 ### Operon type: 387

	 A0A011UII7	[0, 0, 0, 0, 0, 473, 56, 0, 0]

 ### Operon type: 388

	 A0A011UNT9	[70, 162, 0, 0, 0, 0, 0, 0, 0]

 ### Operon type: 389

	 A0A011SIS0	[0, 479, 163, 163, 0, 0, 0, 162, 0]

 ### Operon type: 390

	 A0A011UT49	[0, 499, 0, 0, 0, 0, 175, 299, 0]

 ### Operon type: 391

	 A0A011VU65	[339, 0, 0, 0, 0, 521, 0, 0, 0]

 ### Operon type: 392

	 A0A011VV03	[0, 313, 0, 0, 312, 560, 0, 0, 0]

 ### Operon type: 393

	 A0A011VVZ9	[0, 0, -1, 0, 0, 311, 310, 310, 309]

 ### Operon type: 394

	 A0A011VWX7	[713, 389, 0, 0, 0, 0, 0, 388, 0]

 ### Operon type: 395

	 A0A011VXK7	[386, 386, 0, 576, 0, 0, 0, 510, 0]

 ### Operon type: 396

	 A0A011W0I6	[525, 0, 0, 0, 0, 361, 0, 544, 0]

 ### Operon type: 397

	 A0A010YEF6	[0, 525, 0, 0, 0, 0, 0, 0, 524]

 ### Operon type: 398

	 A0A013SQH1	[0, 0, 0, 0, 228, 648, 0, 491, 464]

 ### Operon type: 399

	 A0A009LNU8	[224, 470, 225, 226, 0, 199, 0, 491, 0]

 ### Operon type: 400

	 A0A013SRG6	[227, 226, 225, 470, 0, 469, 0, 224, 558]

 ### Operon type: 401

	 A0A009IQU8	[0, 470, 0, 0, 0, 469, 558, 0, 0]

 ### Operon type: 402

	 A0A010K2K8	[225, 226, 227, 0, 0, 0, 0, -1, 491]

 ### Operon type: 403

	 A0A011NPR8	[0, 558, 0, 0, 0, 0, 557, 0, 0]

 ### Operon type: 404

	 A0A010SEA2	[512, 557, 355, 0, 0, 0, 0, 0, 0]

 ### Operon type: 405

	 A0A009ZIC0	[232, 52, 218, 85, 217, 216, 51, 92, 215]

 ### Operon type: 406

	 A0A009ZB47	[76, 75, 0, 0, 0, 722, 140, 0, 0]

 ### Operon type: 407

	 A0A010RM40	[187, 528, 581, 0, 0, 0, 0, -1, 654]

 ### Operon type: 408

	 A0A010RRQ6	[0, 559, 0, 0, 0, 196, 218, 55, 0]

 ### Operon type: 409

	 A0A010S423	[53, 0, 0, 0, 0, 0, 0, 74, 255]

 ### Operon type: 410

	 A0A010T0I7	[0, 0, 524, 0, 0, 662, 593, 528, 0]

 ### Operon type: 411

	 A0A011AHU9	[0, 0, 0, 0, 0, 0, 0, 156, 545]

 ### Operon type: 412

	 A0A010YY02	[0, 158, 0, 0, 158, 583, 157, 0, 156]

 ### Operon type: 413

	 A0A011NA78	[0, 468, 0, 0, 0, 590, 0, 0, 654]

 ### Operon type: 414

	 A0A011P8W7	[715, 667, 713, 0, 659, 0, 0, 0, 0]

 ### Operon type: 415

	 A0A011PG97	[624, 0, 0, 623, 0, 0, 0, 0, 0]

 ### Operon type: 416

	 A0A011PKT4	[0, 648, 0, 0, 0, 0, 647, 0, 0]

 ### Operon type: 417

	 A0A011PLB2	[0, 715, 0, 714, 0, 0, 0, 0, 0]

 ### Operon type: 418

	 A0A011R339	[0, 0, 0, 0, 0, 0, 245, 244, 0]

 ### Operon type: 419

	 A0A011SFE5	[0, 0, 0, 386, 0, 0, 476, 666, 209]

 ### Operon type: 420

	 A0A011SJT5	[0, 0, 0, 309, 161, 161, 161, 161, 161]

 ### Operon type: 421

	 A0A011TDQ5	[0, 0, 0, 0, 12, 362, 0, 0, 0]

 ### Operon type: 422

	 A0A011UG17	[314, 0, 467, 0, 307, 339, 0, 0, 0]

 ### Operon type: 423

	 A0A011V8Z7	[0, 0, 0, 0, 0, 350, 349, 0, 0]

 ### Operon type: 424

	 A0A011VT01	[0, 0, 508, 0, 0, 508, 0, 0, 507]

 ### Operon type: 425

	 A0A011VYP6	[0, 0, 0, 0, 0, 0, 467, 534, 0]

 ### Operon type: 426

	 A0A011V392	[387, 0, 676, 284, 283, 129, 0, 229, 130]

 ### Operon type: 427

	 A0A009Q0U9	[448, 91, 90, 0, 30, 29, -1, -1, 0]

 ### Operon type: 428

	 A0A010SRB2	[5, 4, 0, 0, 0, 4, 3, 0, 0]

 ### Operon type: 429

	 A0A011VJ76	[300, 300, 299, 475, 0, 528, 443, 0, 667]

 ### Operon type: 430

	 A0A013SKX6	[0, 0, 257, 0, 445, 445, 73, 72, 71]

 ### Operon type: 431

	 A0A010KA25	[140, 0, 352, 139, 335, 0, 0, 140, 328]

 ### Operon type: 432

	 A0A011WUA8	[515, 0, 0, 514, 0, 0, 0, 513, 513]

 ### Operon type: 433

	 A0A010S4X6	[0, 301, 581, 670, 453, 0, 551, 723, 580]

 ### Operon type: 434

	 A0A011U8C0	[0, 305, 306, 0, 149, 304, 0, 0, 0]
