
 ### Operon type: 1

	 A0A010ILU3	[833, 832, 831, 830, 829, 828, 827, 826, 825]
	 A0A009H3B0	[833, 832, 831, 830, 829, 828, 827, 826, 825]
	 A0A009MW50	[833, 832, 831, 830, 829, 828, 827, 826, 825]
	 A0A009QBR9	[833, 832, 831, 830, 829, 828, 826, 825, 121]
	 A0A009QS71	[833, 832, 831, 830, 829, 828, 827, 826, 825]
	 A0A009I8S2	[833, 832, 831, 830, 829, 828, 826, 825, 121]
	 A0A009TM70	[833, 832, 831, 830, 829, 828, 826, 825, 121]

 ### Operon type: 2

	 A0A013TH43	[429, 428, 751, 692, 427, 426, 425, 424, 704]
	 A0A009RAF0	[429, 428, 751, 692, 427, 426, 425, 424, 704]

 ### Operon type: 3

	 A0A011PVT3	[579, 578, 577, 576, 855, 575, 574, 573, 572]
	 A0A011R7V7	[579, 578, 577, 576, 855, 575, 574, 573, 572]
	 A0A011MET3	[579, 578, 577, 576, 855, 575, 574, 573, 572]

 ### Operon type: 4

	 A0A013SNJ8	[786, 396, 825, 395, 394, 393, 403, 392, 391]
	 A0A013RZW2	[786, 396, 825, 395, 394, 393, 403, 392, 391]
	 A0A009PH20	[786, 396, 825, 395, 394, 393, 403, 392, 391]
	 A0A009MMM3	[786, 396, 825, 395, 394, 393, 403, 392, 391]
	 A0A009IV03	[786, 396, 825, 395, 394, 393, 403, 392, 391]
	 A0A009HBT3	[786, 396, 825, 395, 394, 393, 403, 392, 391]
	 A0A009RD69	[786, 396, 825, 395, 394, 393, 403, 392, 391]
	 A0A009SIZ4	[786, 396, 825, 395, 394, 393, 403, 392, 391]
	 A0A010J9U3	[786, 396, 825, 395, 394, 393, 403, 392, 391]
	 A0A009YIZ0	[786, 396, 825, 395, 394, 393, 403, 392, 391]

 ### Operon type: 5

	 A0A009PH57	[260, 259, -1, 258, 257, 569, 305, 717, 256]
	 A0A009TG92	[260, 259, -1, 258, 257, 569, 305, 717, 256]

 ### Operon type: 6

	 A0A013S288	[474, 339, 338, 337, 393, 336, 335, 334, 333]
	 A0A009I0I9	[474, 339, 338, 337, 393, 336, 335, 334, 333]
	 A0A009N031	[474, 339, 338, 337, 393, 336, 335, 334, 333]
	 A0A009PWG1	[474, 339, 338, 337, 393, 336, 335, 334, 333]
	 A0A009R2X0	[474, 339, 338, 337, 393, 336, 335, 334, 333]
	 A0A013SXT2	[474, 339, 338, 337, 393, 336, 335, 334, 333]
	 A0A009SFX8	[474, 339, 338, 337, 55, 393, 336, 335, 334]
	 A0A010J3I1	[474, 339, 338, 337, 393, 336, 335, 334, 333]
	 A0A009TBM2	[339, 338, 337, 55, 393, 336, 335, 334, 333]

 ### Operon type: 7

	 A0A010IMP8	[817, 816, 815, 814, 813, 812, 811, 810, 809]
	 A0A013SZ54	[817, 816, 815, 814, 813, 812, 811, 810, 809]
	 A0A013T8M5	[817, 816, 815, 814, 813, 812, 811, 810, 809]
	 A0A009IRJ6	[817, 816, 815, 814, 813, 812, 811, 810, 809]
	 A0A009SWU0	[817, 816, 815, 814, 813, 812, 811, 810, 809]
	 A0A009H7U0	[817, 816, 815, 814, 813, 812, 811, 810, 809]
	 A0A009N123	[817, 816, 815, 814, 813, 812, 811, 810, 809]
	 A0A009Q3K7	[817, 816, 815, 814, 813, 812, 811, 810, 809]
	 A0A009RBQ2	[817, 816, 815, 814, 813, 812, 811, 810, 809]
	 A0A009ZM43	[-1, 816, 815, 814, 813, 812, 811, 810, 809]

 ### Operon type: 8

	 A0A013RMD0	[-1, 387, 857, 386, 385, 865, 384, 383, 382]
	 A0A009S854	[-1, 387, 857, 386, 385, 865, 384, 383, 382]
	 A0A009H6M2	[-1, 387, 857, 386, 385, 865, 384, 383, 382]
	 A0A009N9Z1	[-1, 387, 857, 386, 385, 865, 384, 383, 382]
	 A0A009QDV7	[-1, 387, 857, 386, 385, 865, 384, 383, 382]
	 A0A009IHQ3	[-1, 387, 857, 386, 385, 865, 384, 383, 382]
	 A0A009RG92	[-1, 387, 857, 386, 385, 865, 384, 383, 382]
	 A0A010JDA6	[-1, 387, 857, 386, 385, 865, 384, 383, 382]
	 A0A009ZIC0	[109, 387, 857, 386, 385, 865, 384, 383, 382]

 ### Operon type: 9

	 A0A011UIA1	[356, 355, 354, 353, 352, 351, 350, 349, 0]
	 A0A011V5V3	[0, 356, 355, 354, 353, 352, 351, 350, 349]

 ### Operon type: 10

	 A0A011NE72	[499, 498, 497, 496, 495, 494, 493, 492, 0]
	 A0A011PTE7	[499, 498, 497, 496, 495, 0, 494, 493, 492]

 ### Operon type: 11

	 A0A009I4A1	[207, 206, 861, 205, 204, 203, 202, 201, 200]
	 A0A010JWJ1	[207, 206, 861, 205, 204, 203, 202, 201, 200]

 ### Operon type: 12

	 A0A009QF22	[120, 119, 207, 0, 204, 203, 202, 201, 200]
	 A0A009TBY8	[120, 119, 207, 205, 204, 203, 202, 201, 200]

 ### Operon type: 13

	 A0A011NEY3	[491, 609, 608, 607, 607, 606, 605, 604, 0]

 ### Operon type: 14

	 A0A011PAN4	[609, 608, 0, 607, 607, 606, 605, 604, 603]

 ### Operon type: 15

	 A0A011RCD5	[491, 609, 608, 607, 607, 606, 605, 604, 603]

 ### Operon type: 16

	 A0A011P4U7	[0, 624, 623, 622, 621, 620, 619, 618, 617]
	 A0A011NAY5	[624, 623, 622, 621, 620, 619, 618, 617, 0]

 ### Operon type: 17

	 A0A011PF67	[601, 600, 599, 598, 597, 0, 0, 0, 0]
	 A0A011NW66	[601, 600, 599, 598, 597, 521, 0, 0, 0]
	 A0A011NBX7	[601, 600, 599, 598, 597, 521, 0, 0, 0]

 ### Operon type: 18

	 A0A011NS68	[601, 600, 599, 598, 597, 530, 529, 528, 627]
	 A0A011RHX4	[601, 600, 599, 598, 597, 530, 529, 528, 0]

 ### Operon type: 19

	 A0A010YT39	[0, 64, 21, 856, 20, 19, 18, 17, 316]

 ### Operon type: 20

	 A0A010Z7T4	[21, 856, 20, 19, 18, 17, 316, 853, 447]

 ### Operon type: 21

	 A0A013SP43	[405, 404, 403, 402, 401, 400, 399, 398, 397]
	 A0A009RUN3	[405, 404, 403, 402, 401, 400, 399, 398, 397]
	 A0A010K6G6	[405, 404, 403, 402, 401, 400, 399, 0, 397]

 ### Operon type: 22

	 A0A011VWR4	[0, 0, 0, 0, 172, 171, 170, 169, 168]

 ### Operon type: 23

	 A0A011VYP6	[172, 171, 170, 169, 168, 0, 167, 576, 0]

 ### Operon type: 24

	 A0A011QAS2	[0, 549, 548, 547, 546, 545, 722, 544, 543]
	 A0A011NEQ1	[0, 549, 548, 547, 546, 545, 722, 544, 543]

 ### Operon type: 25

	 A0A010JSI3	[872, 873, 871, 870, 869, 868, 867, 866, 0]
	 A0A013T0M4	[872, 873, 871, 870, 869, 868, 867, 866, 0]
	 A0A009HDS5	[872, 873, 871, 870, 869, 868, 867, 866, 141]
	 A0A009RGL2	[872, 873, 871, 870, 869, 868, 867, 866, 141]

 ### Operon type: 26

	 A0A009SNL0	[183, 182, 317, 287, 286, 285, 284, 283, 282]

 ### Operon type: 27

	 A0A009T1I8	[317, 287, 286, 285, 284, 283, 282, 0, 0]

 ### Operon type: 28

	 A0A011VW71	[0, 154, 153, 152, 151, 150, 149, 741, 374]
	 A0A011VUV0	[154, 153, 152, 151, 150, 149, 741, 374, 0]

 ### Operon type: 29

	 A0A011UG71	[88, 93, 87, 148, 147, 146, 145, 144, 143]

 ### Operon type: 30

	 A0A011V8Z7	[0, 0, 88, 93, 87, 148, 147, 146, 145]

 ### Operon type: 31

	 A0A011V8Y9	[148, 147, 146, 145, 144, 143, 0, 0, 0]

 ### Operon type: 32

	 A0A011U8C0	[0, 146, 93, 0, 713, 144, 0, 0, 0]

 ### Operon type: 33

	 A0A011QSF0	[0, 653, 652, 651, 650, 649, 648, 647, 0]
	 A0A011QBB5	[632, 653, 652, 651, 650, 649, 648, 647, 631]
	 A0A011Q0X6	[632, 653, 652, 651, 650, 649, 648, 647, 631]
	 A0A011Q1X8	[653, 0, 652, 651, 650, 649, 648, 647, 631]

 ### Operon type: 34

	 A0A011PG87	[632, 653, 652, 651, 650, 649, 648, 0, 0]

 ### Operon type: 35

	 A0A011PCT1	[643, 642, 762, 0, 0, 0, 0, 758, 0]

 ### Operon type: 36

	 A0A011QU35	[0, 0, 0, 0, 764, 0, 643, 642, 762]

 ### Operon type: 37

	 A0A011Q2B1	[644, 616, 764, 763, 762, 761, 760, 759, 758]

 ### Operon type: 38

	 A0A011RLN8	[766, 765, 764, 763, 762, 761, 760, 759, 758]

 ### Operon type: 39

	 A0A011P700	[0, 0, 646, 645, 644, 616, 764, 763, 762]

 ### Operon type: 40

	 A0A011QSI4	[0, 0, 646, 645, 644, 0, 766, 765, 764]

 ### Operon type: 41

	 A0A013T337	[504, 862, 444, 443, 442, 634, 441, 805, 440]
	 A0A013TH30	[504, 862, 444, 443, 442, 634, 441, 805, 440]
	 A0A013S981	[328, 504, 862, 444, 443, 442, 634, 441, 805]

 ### Operon type: 42

	 A0A010JY00	[328, 504, 862, 444, 104, 634, 441, 805, 440]

 ### Operon type: 43

	 A0A013TPV4	[417, 416, 415, 414, 413, 412, 735, 861, 411]
	 A0A009SZB5	[417, 416, 415, 414, 413, 412, 735, 861, 411]
	 A0A009MGJ1	[417, 416, 415, 414, 413, 412, 735, 861, 411]
	 A0A009QQ47	[417, 416, 415, 414, 413, 412, 735, 861, 411]
	 A0A009HL81	[417, 416, 415, 414, 413, 412, 735, 861, 411]
	 A0A009HR98	[417, 416, 415, 414, 413, 412, 735, 861, 411]
	 A0A010IZE4	[417, 416, 415, 414, 413, 412, 735, 861, 411]

 ### Operon type: 44

	 A0A009Z8F7	[416, 415, 412, 0, 413, 273, 273, 0, 272]

 ### Operon type: 45

	 A0A009R016	[112, 111, 110, 116, 109, -1, 852, 108, 107]
	 A0A009HFU9	[112, 111, 110, 116, 109, 852, 108, 107, 0]

 ### Operon type: 46

	 A0A011UJN3	[0, 803, 0, 0, 701, 700, 699, 698, 697]

 ### Operon type: 47

	 A0A011W213	[701, 700, 699, 698, 697, 527, 0, 0, 0]

 ### Operon type: 48

	 A0A011QIT1	[680, 679, 678, 677, 676, 675, 674, 673, 672]
	 A0A011QUG8	[680, 679, 678, 677, 676, 675, 0, 674, 673]

 ### Operon type: 49

	 A0A011NVE7	[526, 525, 524, 581, 582, 583, 584, 585, 586]
	 A0A011PP01	[526, 525, 524, 581, 582, 583, 584, 585, 586]

 ### Operon type: 50

	 A0A011P2I4	[589, 588, 587, 586, 585, 584, 583, 582, 581]
	 A0A011N9N8	[589, 588, 587, 586, 585, 584, 583, 582, 581]

 ### Operon type: 51

	 A0A011PIY7	[561, 0, 587, 586, 585, 584, 583, 0, 581]

 ### Operon type: 52

	 A0A011Q3J4	[0, 561, 587, 586, 585, 584, 583, 582, 0]

 ### Operon type: 53

	 A0A011MH88	[289, 561, 587, 586, 585, 584, 583, 582, 581]

 ### Operon type: 54

	 A0A013SPM5	[438, 437, 436, 435, 434, 433, 432, 431, 430]
	 A0A009QFZ7	[438, 437, 436, 435, 434, 433, 432, 431, 430]
	 A0A009MH71	[438, 437, 436, 435, 434, 433, 432, 431, 430]
	 A0A009I6Z0	[438, 437, 436, 435, 434, 433, 432, 431, 430]
	 A0A009HSL1	[438, 437, 436, 435, 434, 433, 432, 431, 430]
	 A0A010IX62	[438, 437, 436, 435, 434, 433, 432, 431, 430]
	 A0A009TK03	[438, 437, 436, 435, 434, 433, 432, 431, 430]

 ### Operon type: 55

	 A0A009ZIX8	[0, 32, 436, 435, 434, 534, 0, 430, 0]

 ### Operon type: 56

	 A0A010JJN4	[850, 849, 848, 847, 846, 845, 844, 843, 842]
	 A0A013TPR7	[850, 849, 848, 847, 846, 845, 844, 843, 842]
	 A0A009PMT3	[850, 849, 848, 847, 846, 845, 844, 843, 842]
	 A0A009SEP4	[850, 849, 848, 847, 846, 0, 845, 844, 0]
	 A0A009RMI1	[850, 849, 848, 847, 846, 845, 844, 843, 0]
	 A0A009NI48	[850, 849, 848, 847, 846, 845, 844, 843, -1]
	 A0A009HJJ5	[850, 849, 848, 847, 846, 845, 844, 843, 113]
	 A0A009I8I7	[850, 849, 848, 847, 846, 845, 844, 843, 113]
	 A0A009YG45	[0, 850, 849, 848, 846, 0, 845, 844, 843]

 ### Operon type: 57

	 A0A013TPQ9	[423, 422, 421, 420, 419, 861, 807, 418, 505]
	 A0A013S8F0	[423, 422, 421, 420, 419, 861, 807, 418, 505]
	 A0A009PMU2	[423, 422, 421, -1, 419, 861, 807, 418, 505]
	 A0A009SZ84	[423, 422, 421, 420, 419, 861, 807, 418, 505]
	 A0A009HJM0	[423, 422, 421, 420, 419, 861, 807, 418, 505]
	 A0A010IZH1	[-1, 422, 421, 420, 419, 861, 807, 418, 505]

 ### Operon type: 58

	 A0A009HUS9	[422, 421, 0, 420, 419, 223, -1, 224, 225]

 ### Operon type: 59

	 A0A009ISE1	[845, 844, 843, 225, 224, -1, 223, 419, 420]

 ### Operon type: 60

	 A0A009NPS1	[423, 422, 421, 420, 419, -1, 843, 844, 845]

 ### Operon type: 61

	 A0A013SB36	[327, 326, 325, 324, 323, 518, 517, 322, 321]
	 A0A009QSI3	[327, 326, 325, 324, 323, 518, 517, 322, -1]

 ### Operon type: 62

	 A0A010ITP2	[327, 326, 325, 324, 323, 518, 517, 0, 0]

 ### Operon type: 63

	 A0A009SII9	[-1, 326, 325, 324, 323, 518, 517, 291, 290]

 ### Operon type: 64

	 A0A009T0Q9	[323, 518, 517, 291, 290, 321, 289, 861, 288]

 ### Operon type: 65

	 A0A009YJF4	[0, 518, 517, 47, 46, 289, 861, 0, 288]

 ### Operon type: 66

	 A0A009GP96	[0, 99, 861, 853, 98, 52, 852, 97, 96]

 ### Operon type: 67

	 A0A009GSR4	[853, 98, 52, 852, 97, 96, 96, 95, 0]

 ### Operon type: 68

	 A0A009IIT6	[99, 861, 853, 98, 97, 96, 96, 95, 0]

 ### Operon type: 69

	 A0A011SQL0	[716, 715, -1, 714, 713, 712, 711, 710, 709]
	 A0A011UZ49	[715, -1, 714, 713, 712, 711, 710, 709, 0]

 ### Operon type: 70

	 A0A009PT82	[588, 633, 250, 249, 248, 247, 246, 245, 270]
	 A0A009SIF9	[588, 633, 250, 249, 248, 247, 246, 245, 270]

 ### Operon type: 71

	 A0A009IS10	[375, 0, 0, 0, 248, 247, 246, 0, 0]

 ### Operon type: 72

	 A0A009QHW5	[0, 0, 0, 833, 248, 247, 246, 0, 271]

 ### Operon type: 73

	 A0A011UVB4	[0, 0, 0, 376, 0, 0, 375, 0, 374]

 ### Operon type: 74

	 A0A011V107	[362, -1, 469, 467, 470, 466, 361, 360, 0]
	 A0A011U7M7	[0, 362, -1, 469, 467, 470, 466, 361, 360]

 ### Operon type: 75

	 A0A011TLH0	[471, 470, 469, 468, 467, 466, 0, 0, 0]

 ### Operon type: 76

	 A0A011UG87	[463, 464, 465, 471, 470, 469, 468, 467, 466]

 ### Operon type: 77

	 A0A011TLH7	[465, 464, 463, 0, 0, 0, 0, 0, 0]

 ### Operon type: 78

	 A0A011TAF9	[0, 0, 482, 481, 480, 479, 478, 477, 476]
	 A0A011TWN2	[482, 481, 480, 479, 478, 477, 476, 0, 0]

 ### Operon type: 79

	 A0A011Q5V7	[556, 0, 0, 0, 757, 756, 755, 754, 753]

 ### Operon type: 80

	 A0A011RM25	[757, 756, 755, 754, 753, 752, 0, 751, 0]

 ### Operon type: 81

	 A0A011QIE8	[686, 685, 684, 807, 683, 682, 681, 0, 0]
	 A0A011QDV3	[686, 685, 684, 807, 683, 682, 633, 0, 681]

 ### Operon type: 82

	 A0A011QAB0	[554, 553, 552, 0, 551, 589, 740, 550, 0]
	 A0A011PL71	[449, 554, 553, 552, 551, 589, 740, 550, 0]

 ### Operon type: 83

	 A0A011Q6N5	[726, 725, 724, 0, 0, 0, 555, 705, 555]

 ### Operon type: 84

	 A0A011SGD5	[0, 0, 0, 0, 0, 0, 726, 725, 724]

 ### Operon type: 85

	 A0A011NYU6	[571, 570, 0, 569, 568, 537, 536, 0, 567]

 ### Operon type: 86

	 A0A011PYI6	[571, 570, 0, 569, 568, 567, 860, 728, 0]

 ### Operon type: 87

	 A0A011P1C0	[0, 0, 537, 536, 567, 0, 0, 0, 0]

 ### Operon type: 88

	 A0A011N4G4	[0, 0, 512, 511, 510, 509, 510, 508, 507]
	 A0A011PKU5	[512, 511, 510, 509, 510, 508, 507, 0, 0]

 ### Operon type: 89

	 A0A010ZWJ8	[11, 10, 9, 447, 8, 613, 456, 613, 7]

 ### Operon type: 90

	 A0A011AHW1	[8, 447, 9, 10, 11, 0, 0, 12, 0]

 ### Operon type: 91

	 A0A011AHU9	[456, 613, 7, 0, 0, 0, 0, 14, 289]

 ### Operon type: 92

	 A0A010ZX98	[6, 5, 4, 3, 2, 22, 807, 807, 0]

 ### Operon type: 93

	 A0A011AIL7	[2, 3, 4, 5, 6, 0, 0, 0, 0]

 ### Operon type: 94

	 A0A010YF95	[557, 28, 674, 27, 26, 26, 25, 702, 24]

 ### Operon type: 95

	 A0A010ZJQ6	[28, 674, 27, 26, 26, 25, 702, 24, 0]

 ### Operon type: 96

	 A0A009GXL8	[50, 49, 48, 47, 46, 205, 140, 123, 122]

 ### Operon type: 97

	 A0A010JIW7	[50, 49, 48, 47, 46, 0, 0, 140, 123]

 ### Operon type: 98

	 A0A011QNA5	[0, 669, 668, 667, 0, 824, 823, 822, 821]
	 A0A009ZLJ7	[821, 822, 823, 824, 0, 0, 669, 668, 667]

 ### Operon type: 99

	 A0A013T0T6	[824, 823, 822, 821, 820, 819, 446, 818, 445]
	 A0A009ISY0	[824, 823, 822, 821, 820, 222, 446, 818, 445]
	 A0A009RMD0	[824, 823, 822, 821, 820, 222, 446, 818, 445]
	 A0A009HAX1	[824, 823, 822, 821, 820, 819, 446, 818, 445]
	 A0A009QMH5	[824, 823, 822, 821, 820, 819, 446, 818, 445]
	 A0A009PE10	[824, 823, 822, 821, 820, 222, 446, 818, -1]

 ### Operon type: 100

	 A0A010ILW6	[824, 823, 822, 821, 820, 819, 0, 0, 818]

 ### Operon type: 101

	 A0A009Z9X7	[823, 822, 821, 0, 820, 0, 640, 0, 818]

 ### Operon type: 102

	 A0A013S8V2	[331, 330, 0, 0, 0, 329, 0, 0, 0]
	 A0A009R8E1	[0, 535, 0, 331, 330, 0, 0, 329, 0]

 ### Operon type: 103

	 A0A009ICH6	[786, 238, 237, 236, 104, 103, 102, 101, 805]
	 A0A009ZFR5	[786, 238, 237, 236, 104, 103, 102, 101, 805]

 ### Operon type: 104

	 A0A009NQA1	[786, 238, 237, 236, 235, 234, 444, 805, 634]
	 A0A009RR21	[786, 238, 237, 236, 235, 234, 444, 805, 634]

 ### Operon type: 105

	 A0A009HTN9	[786, 238, 237, 236, 235, 234, 54, 802, 53]
	 A0A009T3J5	[786, 238, 237, 236, 235, 234, 54, 802, 53]

 ### Operon type: 106

	 A0A009Q0U9	[786, 238, 237, 236, 235, 234, -1, -1, 0]

 ### Operon type: 107

	 A0A009IPC3	[184, 185, 193, 194, 195, 134, 133, 186, 187]
	 A0A009QEG7	[184, 185, 193, 194, 195, 134, 133, 186, 187]

 ### Operon type: 108

	 A0A009I573	[199, 0, 198, 197, 0, 196, 195, 194, 193]

 ### Operon type: 109

	 A0A009ILP9	[186, 0, 193, 194, 195, 196, 187, 197, 198]

 ### Operon type: 110

	 A0A009I953	[186, 0, 193, 194, 195, 196, 187, 0, -1]

 ### Operon type: 111

	 A0A009SX74	[594, 627, 0, 197, 187, 186, 185, 184, 212]

 ### Operon type: 112

	 A0A010IPH1	[801, 800, 799, 798, 797, 796, 795, 794, 793]
	 A0A009MMG9	[801, 800, 799, 798, 797, 796, 795, 794, 793]
	 A0A009QVK8	[801, 800, 799, 798, 797, 796, 795, 794, 793]
	 A0A009ICP5	[801, 800, 799, 798, 797, 796, 795, 794, 793]

 ### Operon type: 113

	 A0A009QLL2	[278, 279, 280, 106, 797, 796, 795, 794, 793]
	 A0A009SIV4	[278, 279, 280, 106, 797, 796, 795, 794, 793]
	 A0A009HTW0	[278, 279, 280, 106, 797, 796, 795, 794, 793]
	 A0A013TSJ4	[279, 280, 0, 106, 797, 796, 795, 794, 793]

 ### Operon type: 114

	 A0A010ITG1	[830, 772, 771, 770, 769, 768, 767, 861, 807]
	 A0A013TCN9	[830, 772, 771, 770, 769, 768, 767, 861, 807]
	 A0A009NIJ3	[830, 772, 771, 770, 769, 768, 767, 861, 807]
	 A0A009QNC9	[830, 772, 771, 770, 769, 768, 767, 861, 807]
	 A0A013TRC1	[830, 772, 771, 770, 769, 768, 767, 861, 807]

 ### Operon type: 115

	 A0A009H935	[0, 0, 771, 770, 769, 768, 767, 861, 807]

 ### Operon type: 116

	 A0A009IMX3	[792, 791, 790, 789, 788, 136, 136, 728, 135]
	 A0A009QEX0	[792, 791, 790, 789, 788, 136, 136, 728, 135]
	 A0A009SF48	[792, 791, 790, 789, 788, -1, 136, 728, 135]

 ### Operon type: 117

	 A0A010ISX2	[792, 791, 790, 789, 788, 787, 786, 785, 784]
	 A0A013S7V1	[792, 791, 790, 789, 788, 787, 786, 785, 784]
	 A0A009MR00	[792, 791, 790, 789, 788, 787, 786, 785, 784]
	 A0A009RES7	[792, 791, 790, 789, 788, 787, 786, 785, 784]

 ### Operon type: 118

	 A0A009YTT3	[31, 109, 790, 789, 788, 787, 786, 785, 784]

 ### Operon type: 119

	 A0A009GYP9	[0, 0, 0, 789, 788, 787, 786, 785, 784]

 ### Operon type: 120

	 A0A009ZZC8	[-1, 182, 183, 31, 109, 790, 789, 788, 787]

 ### Operon type: 121

	 A0A011UGX8	[162, 161, 160, 159, 158, 157, 156, 85, 84]
	 A0A011WSE5	[161, 160, 159, 158, 157, 156, 85, 84, 313]

 ### Operon type: 122

	 A0A011VZG0	[312, 0, 162, 161, 160, 159, 158, 157, 156]

 ### Operon type: 123

	 A0A009PJF7	[274, 275, 275, 276, 255, 277, 254, 253, 252]
	 A0A009SJZ7	[376, 274, 275, 276, 255, 277, 254, 253, 252]

 ### Operon type: 124

	 A0A009Z5G0	[277, 276, 275, 0, 719, 274, 376, 389]

 ### Operon type: 125

	 A0A010JJC1	[841, 840, 839, 838, 837, 836, 835, 851, 834]
	 A0A010IZ41	[840, 839, 838, 837, 836, 835, 851, 834, 403]

 ### Operon type: 126

	 A0A009QJL6	[841, 840, 839, 838, 0, 834, 403, 118, 0]

 ### Operon type: 127

	 A0A013TB41	[410, -1, 409, 408, 407, 588, 800, 783, 406]
	 A0A013SGL3	[410, 320, 409, 408, 407, 588, 800, 783, 406]
	 A0A009PG53	[410, 320, 409, 408, 407, 588, 800, 783, 406]
	 A0A009I5Z6	[410, 320, 409, 408, 407, 588, 800, 783, 406]
	 A0A009RQH3	[410, 320, 409, 408, 407, 588, 800, 783, 406]
	 A0A009NE81	[410, 320, 409, 408, 407, 588, 800, 783, 406]
	 A0A010KAV2	[410, 320, 409, 408, 407, 588, 800, 783, 406]
	 A0A009SHB3	[410, 320, 409, 408, 407, 588, 800, 783, 406]

 ### Operon type: 128

	 A0A009H3X4	[410, 320, 409, 408, 407, 588, -1, 863, -1]

 ### Operon type: 129

	 A0A009PIB4	[0, 0, 0, 244, 369, 243, 852, 861, 589]
	 A0A009SLR5	[0, 0, 0, 244, 369, 243, 852, 861, 589]

 ### Operon type: 130

	 A0A009HSU4	[0, 0, 706, 861, 0, 588, 783, 589, 852]

 ### Operon type: 131

	 A0A009I463	[736, 209, 208, 393, 393, 316, 315, 314, 233]
	 A0A009PAG1	[736, 209, 208, 393, 393, 316, 315, 314, 233]

 ### Operon type: 132

	 A0A013SKX6	[0, 0, 736, 0, 393, 393, 316, 315, 314]

 ### Operon type: 133

	 A0A011Q5S3	[672, 560, 0, 0, 0, 0, 559, 558, 557]

 ### Operon type: 134

	 A0A011UZZ4	[0, 559, 558, 0, 0, 0, 367, 367, 557]

 ### Operon type: 135

	 A0A011UTJ0	[0, 0, 0, 381, 380, 379, 619, 378, 377]

 ### Operon type: 136

	 A0A011VMV7	[381, 380, 379, 619, 378, 377, 348, 347, 346]

 ### Operon type: 137

	 A0A011NYT4	[859, 615, 614, 843, 0, 519, 519, 518, 517]

 ### Operon type: 138

	 A0A011P8E9	[0, 0, 859, 615, 0, 614, 843, 0, 0]

 ### Operon type: 139

	 A0A010TF34	[0, -1, 0, 0, 75, 74, 73, 72, 71]
	 A0A010SYH9	[75, 74, 73, 72, 71, 0, 0, 0, 0]

 ### Operon type: 140

	 A0A010TFJ4	[0, -1, 0, 80, 79, 78, 77, -1, 76]
	 A0A010S7A1	[80, 79, 78, 77, 0, 76, 0, 0, 0]

 ### Operon type: 141

	 A0A009PAV9	[70, -1, 799, 69, 393, 852, 179, 180, 181]
	 A0A009HJC2	[70, 807, 799, 69, 393, 852, 179, 180, 181]

 ### Operon type: 142

	 A0A009SE02	[0, 181, 0, 0, 0, 180, 179, 852, 393]

 ### Operon type: 143

	 A0A009SYU8	[783, 786, 782, 781, 261, 861, 861, 779, 778]
	 A0A009RSB7	[783, 786, 782, 781, 261, 861, 861, 779, 778]
	 A0A009HS41	[783, 786, 782, 781, 261, 861, 861, 779, 778]

 ### Operon type: 144

	 A0A010IT25	[783, 786, 782, 781, 780, 861, 861, 779, 778]
	 A0A013SHA9	[783, 786, 782, 781, 780, 861, 861, 779, 778]
	 A0A009I466	[783, 786, 782, 781, 780, 861, 861, 779, 778]

 ### Operon type: 145

	 A0A009NMQ9	[783, 786, 782, 781, 780, 0, 861, 861, 779]

 ### Operon type: 146

	 A0A009P8A9	[0, 0, 782, 781, 261, 861, 861, 779, 778]

 ### Operon type: 147

	 A0A009ITT8	[221, 220, 219, 292, 304, 302, 301, 300, 299]
	 A0A009NJ90	[221, 220, 219, 292, 304, 303, 302, 301, 300]

 ### Operon type: 148

	 A0A009IJ01	[301, 300, 299, 298, 296, 214, 213, 211, 210]
	 A0A009NCH6	[215, 301, 300, 299, 296, 214, 213, 211, 210]

 ### Operon type: 149

	 A0A009RQL5	[301, 300, 299, 175, 296, 214, 213, 211, 0]

 ### Operon type: 150

	 A0A009MGQ8	[304, 0, 215, 301, 300, 299, 296, 214, 213]

 ### Operon type: 151

	 A0A009S6G1	[295, 294, 293, 292, 304, 301, 300, 299, 296]
	 A0A009RHH7	[295, 294, 293, 292, 304, 303, 301, 300, 299]
	 A0A009IJ07	[295, 294, 293, 292, 304, 301, 300, 299, 298]

 ### Operon type: 152

	 A0A009HZK2	[293, 292, 304, 301, 300, 299, 298, 296, 214]

 ### Operon type: 153

	 A0A009R4N4	[292, 304, 303, 301, 300, 299, 175, 296, 214]

 ### Operon type: 154

	 A0A009S5A5	[304, 303, 302, 301, 300, 299, 298, 297, 296]

 ### Operon type: 155

	 A0A009RHH9	[0, 0, 0, 0, 345, 295, 294, 293, 292]

 ### Operon type: 156

	 A0A011PGU1	[0, 0, 593, 662, 661, 660, 592, 591, 590]
	 A0A011MDH1	[562, 0, 593, 662, 661, 660, 592, 591, 590]

 ### Operon type: 157

	 A0A011V0P4	[490, 366, 0, 0, 365, 0, 0, 364, 363]

 ### Operon type: 158

	 A0A011WPV7	[364, 363, 0, 0, 0, 0, 0, 0, 0]

 ### Operon type: 159

	 A0A011UDF3	[662, 92, 0, 0, 0, 461, 91, 90, 657]

 ### Operon type: 160

	 A0A011VSC9	[91, 90, 657, 0, 0, 0, 0, 0, 0]

 ### Operon type: 161

	 A0A011SF89	[733, 732, 731, 0, 0, 0, 0, 0, 0]

 ### Operon type: 162

	 A0A011UCX7	[0, 554, 733, 732, 0, 731, 132, 0, 0]

 ### Operon type: 163

	 A0A011RNP9	[0, 0, 0, 0, 0, 741, 740, 0, 0]

 ### Operon type: 164

	 A0A011V0B5	[736, 0, 0, 0, 0, 0, 741, 0, 0]

 ### Operon type: 165

	 A0A011RQC9	[0, 736, 735, 0, 0, 0, 0, 734, 0]

 ### Operon type: 166

	 A0A011QG28	[664, 663, 662, 0, 661, 660, 816, 659, 658]
	 A0A011RIM8	[664, 663, 0, 0, 661, 660, 816, 659, 658]

 ### Operon type: 167

	 A0A011PHI6	[455, 0, 688, 0, 0, 687, 677, 565, 0]

 ### Operon type: 168

	 A0A011QI68	[0, 0, 688, 687, 0, 0, 0, 0, 0]

 ### Operon type: 169

	 A0A011NVJ6	[523, 541, 540, 539, 538, 802, 0, 0, 522]

 ### Operon type: 170

	 A0A011PVP2	[0, 541, 540, 539, 538, 802, 0, 0, 579]

 ### Operon type: 171

	 A0A011NXY7	[0, 0, 540, 0, 538, 0, 0, 0, 0]

 ### Operon type: 172

	 A0A011QR69	[638, 637, 805, 636, 635, 634, 0, 0, 0]
	 A0A011NUB4	[638, 637, 805, 636, 635, 634, 0, 527, 0]

 ### Operon type: 173

	 A0A011NN36	[637, 805, 0, 0, 635, 634, 0, 0, 0]

 ### Operon type: 174

	 A0A011PK69	[805, 452, 0, 0, 635, 634, 0, 0, 0]

 ### Operon type: 175

	 A0A011RMI6	[750, 749, 748, 747, 746, 745, 744, 743, 742]
	 A0A011NYD6	[750, 749, 748, 747, 746, 745, 744, 743, 742]

 ### Operon type: 176

	 A0A011QB28	[542, 750, 749, 0, 0, 745, 744, 743, 742]

 ### Operon type: 177

	 A0A011NF33	[0, 745, 744, 0, 0, 0, 0, 0, 0]

 ### Operon type: 178

	 A0A011NBY4	[501, 0, 0, 695, 0, 0, 500, 0, 0]

 ### Operon type: 179

	 A0A011WRT0	[501, 0, 0, 0, 0, 0, 0, 728, 0]

 ### Operon type: 180

	 A0A011SHV5	[0, 0, 0, 0, 0, 723, 728, 841, 0]

 ### Operon type: 181

	 A0A011NB95	[0, 641, 0, 0, 0, 0, 799, 503, 502]

 ### Operon type: 182

	 A0A011UHT4	[118, 155, 503, 0, 0, 82, 82, 502, 0]

 ### Operon type: 183

	 A0A010Z1W7	[0, 0, 0, 0, 0, 33, 0, 173, 174]

 ### Operon type: 184

	 A0A011VY84	[0, 0, 174, 173, 0, 0, 0, 0, 0]

 ### Operon type: 185

	 A0A010YW85	[0, 0, 0, 0, 0, 309, 0, 173, 174]

 ### Operon type: 186

	 A0A010ZMA0	[173, 506, 0, 0, 0, 0, 0, 0, 0]

 ### Operon type: 187

	 A0A011N5L2	[0, 0, 0, 506, 0, 505, 842, 0, 0]

 ### Operon type: 188

	 A0A009MJ75	[0, 0, 233, 232, 231, 0, 0, 0, 853]

 ### Operon type: 189

	 A0A010IH51	[0, 793, 0, 0, 231, 0, 853, 0, 0]

 ### Operon type: 190

	 A0A011TYT7	[0, 0, 0, 0, 0, 0, 793, 707, 707]

 ### Operon type: 191

	 A0A010RRR9	[0, 0, 0, 0, 855, 0, 0, 854, 853]

 ### Operon type: 192

	 A0A010SIA7	[0, 0, 854, 77, 0, 0, 0, 0, 0]

 ### Operon type: 193

	 A0A010RFQ9	[0, 0, 865, 0, 864, 0, 0, 0, 0]

 ### Operon type: 194

	 A0A010SPR9	[43, 43, 0, 0, 0, 864, 0, 0, 0]

 ### Operon type: 195

	 A0A009LNU8	[218, 227, 711, 217, 0, 216, 0, 852, 0]

 ### Operon type: 196

	 A0A013SRG6	[94, 217, 711, 227, 0, 226, 0, 218, 532]

 ### Operon type: 197

	 A0A009IQU8	[0, 227, 0, 0, 0, 226, 532, 0, 0]

 ### Operon type: 198

	 A0A010K2K8	[711, 217, 94, 0, 0, 0, 0, -1, 852]

 ### Operon type: 199

	 A0A011NPR8	[0, 532, 0, 0, 0, 0, 531, 0, 0]

 ### Operon type: 200

	 A0A010SEA2	[560, 531, 57, 0, 0, 0, 0, 0, 0]

 ### Operon type: 201

	 A0A010IGH8	[0, 0, 0, 0, 0, 0, 0, 340, 779]

 ### Operon type: 202

	 A0A010STD3	[0, 0, 0, 460, 459, 458, 0, 779, 340]

 ### Operon type: 203

	 A0A010SQJ5	[332, 798, 0, 460, 459, 458, 0, 0, 0]

 ### Operon type: 204

	 A0A013RVV2	[830, 0, 342, 341, 0, 0, 779, 340, 0]

 ### Operon type: 205

	 A0A011TD67	[461, 0, 0, 460, 459, 458, 457, 0, 456]

 ### Operon type: 206

	 A0A009ZC12	[0, 0, 0, 460, 0, 458, 457, 269, 655]

 ### Operon type: 207

	 A0A009YSC7	[0, 0, 500, 29, 0, 29, 342, 341, 0]

 ### Operon type: 208

	 A0A009ZJK4	[0, 0, 0, 0, 0, 0, 786, 38, 0]

 ### Operon type: 209

	 A0A010SVN1	[-1, 38, 861, 228, 472, 0, 0, 786, 0]

 ### Operon type: 210

	 A0A009PFK7	[267, 266, 265, 264, 263, 0, 0, 262, 0]
	 A0A009QGN4	[267, 266, 265, 264, 263, 262, 0, 0, 0]

 ### Operon type: 211

	 A0A009YR20	[0, 262, 0, 0, 0, 0, 266, 0, 0]

 ### Operon type: 212

	 A0A009SCM5	[178, 177, 176, 0, 0, 0, 0, 0, 0]

 ### Operon type: 213

	 A0A009TJ77	[212, 45, 0, 0, 0, 0, 178, 177, 176]

 ### Operon type: 214

	 A0A009HZV2	[0, 0, 0, 0, 139, 138, 303, 0, 0]

 ### Operon type: 215

	 A0A009QPE7	[0, 0, 0, 0, 139, 138, 0, 0, 0]

 ### Operon type: 216

	 A0A009MGR3	[0, 0, 117, 0, 439, 297, 116, 115, 114]

 ### Operon type: 217

	 A0A009Q4G0	[0, 105, 117, 0, 439, 0, 115, 114, 115]

 ### Operon type: 218

	 A0A009PB53	[0, 0, 126, 125, 439, 115, 114, 115, 124]

 ### Operon type: 219

	 A0A009PUJ8	[0, 126, 125, 439, 0, 124, 140, 123, 122]

 ### Operon type: 220

	 A0A009H7I0	[142, 0, 0, 861, 318, 318, 229, 418, 228]
	 A0A009QQC0	[142, 0, 230, 861, 318, 318, 229, 418, 228]

 ### Operon type: 221

	 A0A009MVG4	[230, 0, 319, 861, 318, 318, 229, 418, 228]

 ### Operon type: 222

	 A0A009QA91	[307, 306, 783, 861, 318, 318, 229, 418, 228]
	 A0A010J377	[307, 306, 783, 861, 318, 318, 229, 418, 228]

 ### Operon type: 223

	 A0A009S1X4	[307, 306, 783, 861, 318, 318, 861, 0, 305]

 ### Operon type: 224

	 A0A013SHF4	[0, 0, 319, 861, 318, 318, 0, 317, 0]

 ### Operon type: 225

	 A0A011N3C3	[0, 0, 0, 706, 515, 514, 690, 689, 513]
	 A0A011PJK8	[706, 515, 514, 690, 689, 513, 0, 0, 0]

 ### Operon type: 226

	 A0A011UWH1	[448, 372, 371, 370, 0, 0, 0, 0, 0]
	 A0A011WKI4	[0, 0, 0, 0, 0, 448, 372, 371, 370]

 ### Operon type: 227

	 A0A010YKP2	[0, 0, 0, 0, 0, 0, 522, 359, 0]

 ### Operon type: 228

	 A0A011V1A2	[366, 0, 0, 359, 0, 0, 0, 0, 0]

 ### Operon type: 229

	 A0A011NGS0	[0, 0, 0, 0, 630, 629, 0, 0, 0]

 ### Operon type: 230

	 A0A011PW61	[0, 0, 0, 0, 630, 629, 0, 0, 628]

 ### Operon type: 231

	 A0A011UXI1	[0, 450, 0, 0, 630, 629, 454, 0, 0]

 ### Operon type: 232

	 A0A011SWI9	[-1, -1, 0, 455, 630, 629, 454, -1, -1]

 ### Operon type: 233

	 A0A011P952	[629, 0, 610, 0, 0, 610, 0, 0, 0]

 ### Operon type: 234

	 A0A011Q1B3	[566, 565, 564, 563, 564, 579, 562, 0, 0]
	 A0A011QVV5	[0, 0, 566, 565, 564, 563, 564, 579, 562]

 ### Operon type: 235

	 A0A011NSG8	[0, 0, 0, 565, 564, 563, 0, 564, 0]

 ### Operon type: 236

	 A0A011P0X4	[0, 0, 562, 0, 564, 0, 0, 563, 535]

 ### Operon type: 237

	 A0A010YNY9	[0, 0, 34, 23, 0, 0, 0, 0, 373]

 ### Operon type: 238

	 A0A011AC71	[305, 0, 0, 475, 0, 34, 23, 0, 783]

 ### Operon type: 239

	 A0A011QLX0	[0, 671, 0, 0, 670, 0, 749, 748, 0]
	 A0A011PRW6	[671, 0, 0, 0, 670, 749, 748, 0, 0]

 ### Operon type: 240

	 A0A010SML6	[0, 749, 748, -1, 0, 627, 0, 0, 0]

 ### Operon type: 241

	 A0A010RS09	[0, 0, 0, 0, 72, 0, 863, 863, 0]

 ### Operon type: 242

	 A0A010RTE7	[0, 0, 0, 0, 0, 0, 72, 45, 0]

 ### Operon type: 243

	 A0A009P817	[242, 0, 0, 0, 241, 0, 311, 240, 239]

 ### Operon type: 244

	 A0A009TIY0	[0, 0, 0, 0, 241, 0, 311, 240, 0]

 ### Operon type: 245

	 A0A009QKA3	[311, 240, 0, 239, 0, 0, 0, 0, 267]

 ### Operon type: 246

	 A0A009HSR2	[0, 192, 191, 0, 190, 128, 189, 303, 129]

 ### Operon type: 247

	 A0A009SWM1	[0, 192, 191, 0, 190, 0, 0, 189, 0]

 ### Operon type: 248

	 A0A009MYX0	[130, 129, 0, 706, 0, 0, 189, 128, 127]

 ### Operon type: 249

	 A0A009QK79	[0, 0, 127, 128, 0, 189, 0, 0, 129]

 ### Operon type: 250

	 A0A009GXJ1	[358, 357, 128, 189, 51, 303, 129, 130, 0]

 ### Operon type: 251

	 A0A010IT95	[0, 0, 0, 852, 777, 776, 775, 774, 773]
	 A0A013TKW8	[0, 665, 0, 852, 777, 776, 775, 774, 773]
	 A0A009S0T6	[0, 0, 852, 308, 777, 776, 775, 774, 773]
	 A0A009PRQ9	[0, 852, 308, 0, 777, 776, 775, 774, 773]
	 A0A009I5G9	[0, 0, 852, 308, 777, 776, 775, 774, 773]
	 A0A009MH36	[0, 0, 0, 852, 777, 776, 775, 774, 773]
	 A0A009QT77	[0, 0, -1, 852, 777, 776, 775, 774, 773]
	 A0A009GWD0	[303, 0, 0, 852, 777, 776, 775, 774, 773]

 ### Operon type: 252

	 A0A013TMJ7	[807, -1, 0, 852, 777, 774, 773, 0, 0]

 ### Operon type: 253

	 A0A011VXC2	[-1, 489, 0, 488, 487, 486, 485, 484, 483]
	 A0A011V392	[489, 0, 488, 487, 486, 485, 0, 484, 483]

 ### Operon type: 254

	 A0A011V490	[312, 390, 0, 483, 484, 485, 486, 487, 488]

 ### Operon type: 255

	 A0A011VZF5	[0, 0, 487, 486, 485, 554, 390, 554, 0]

 ### Operon type: 256

	 A0A011WLE7	[0, 0, 0, 0, 0, 163, 0, 0, 0]
	 A0A011VU44	[0, 0, 0, 0, 0, 163, 0, 0, 0]

 ### Operon type: 257

	 A0A011VAP2	[0, 0, 67, 0, 0, 0, 0, 0, 66]

 ### Operon type: 258

	 A0A011VRJ8	[0, 0, 0, 0, 0, 0, 67, 0, 0]

 ### Operon type: 259

	 A0A011RNU1	[0, 0, 0, 0, 0, 0, 739, 739, 738]

 ### Operon type: 260

	 A0A011VKJ9	[0, 0, 0, 0, 0, 0, 738, 739, -1]

 ### Operon type: 261

	 A0A011PQZ7	[0, 0, 0, 447, 568, 0, 462, 0, 0]

 ### Operon type: 262

	 A0A011TUX4	[0, 0, 0, 0, 568, 0, 0, 462, 0]

 ### Operon type: 263

	 A0A011STZ9	[0, 0, 0, 462, 0, 0, 0, 0, 0]

 ### Operon type: 264

	 A0A011PUJ9	[0, 0, 0, 0, 0, 0, 0, 0, 580]
	 A0A011PRF5	[580, 0, 0, 0, 0, 0, 0, 0, 0]

 ### Operon type: 265

	 A0A011PFY8	[0, 0, 0, 0, 0, 0, 0, 0, 596]

 ### Operon type: 266

	 A0A011PNS3	[639, 596, 0, 0, 0, 0, 0, 0, 0]

 ### Operon type: 267

	 A0A011T648	[0, 596, 0, 0, 0, 0, 0, 805, 0]

 ### Operon type: 268

	 A0A010YYJ5	[0, 0, 0, 554, 0, 0, 0, 56, 56]

 ### Operon type: 269

	 A0A011NDM5	[554, 0, 0, 0, 0, 0, 0, 0, 0]

 ### Operon type: 270

	 A0A011MSR2	[0, 0, 0, 516, 0, 0, 0, 554, 554]

 ### Operon type: 271

	 A0A011WSU6	[0, 554, 0, 0, 484, 0, 0, 0, 0]

 ### Operon type: 272

	 A0A011U3C2	[0, 0, 816, 0, 0, 0, 0, 0, 0]
	 A0A011AEN3	[0, 0, 0, 0, 0, 0, 816, 0, 0]

 ### Operon type: 273

	 A0A011AAZ2	[0, 693, 0, 0, 0, 816, 816, 816, 0]

 ### Operon type: 274

	 A0A011T698	[0, 0, 0, 0, 0, 783, 816, 0, 0]

 ### Operon type: 275

	 A0A010YRE8	[0, 0, 0, 0, 0, 0, 0, 22, 0]

 ### Operon type: 276

	 A0A011AF05	[0, 0, 305, 22, 0, 0, 0, 0, 0]

 ### Operon type: 277

	 A0A009ZG48	[0, 0, 0, 665, 0, 0, 0, 0, 0]

 ### Operon type: 278

	 A0A011PEJ8	[0, 0, 602, 665, 0, 0, 0, 0, 0]

 ### Operon type: 279

	 A0A011QNJ7	[666, 0, 0, 665, 0, 0, 0, 666, 0]

 ### Operon type: 280

	 A0A011MMJ4	[0, 0, 0, 0, 0, 0, 0, 666, 0]

 ### Operon type: 281

	 A0A011R8M3	[0, 0, 602, 665, 0, 453, 0, 666, 0]

 ### Operon type: 282

	 A0A009ZC82	[0, 0, 716, 0, 0, 0, 0, 0, 0]

 ### Operon type: 283

	 A0A011P3F6	[627, 0, 0, 716, 0, 0, 0, 0, 0]

 ### Operon type: 284

	 A0A009IG48	[0, 0, 0, 188, 137, 0, 0, 0, 627]

 ### Operon type: 285

	 A0A009IMQ0	[0, 0, 0, 188, 137, 0, 0, 0, 0]

 ### Operon type: 286

	 A0A009SWV1	[0, 0, 0, 0, 0, 0, 0, 188, 0]

 ### Operon type: 287

	 A0A009PMZ9	[251, 0, 0, 0, 0, 0, 0, 0, 0]
	 A0A009Q512	[0, 0, 0, 0, 251, 0, 0, 0, 0]

 ### Operon type: 288

	 A0A009IFL2	[0, 268, 0, 100, -1, 0, 0, 0]

 ### Operon type: 289

	 A0A009ZDS1	[-1, -1, 0, 268, 0, 0, 840, 0, 0]

 ### Operon type: 290

	 A0A010SNM6	[40, 36, -1, 0, 0, 0, 807, 0, 0]

 ### Operon type: 291

	 A0A010T5D8	[36, 40, 0, -1, 0, -1, 403, 0, 0]

 ### Operon type: 292

	 A0A011UB51	[694, 0, 0, 0, 0, 0, 0, 0, 0]
	 A0A011UFH1	[0, 0, 0, 0, 0, 694, 0, 0, 0]

 ### Operon type: 293

	 A0A011V965	[0, -1, -1, 0, 68, 0, -1, -1, 0]
	 A0A011VHP2	[0, -1, -1, -1, 68, 0, 0, 0, 0]

 ### Operon type: 294

	 A0A010RVD0	[-1, 0, 0, -1, 0, 647, 647, 0, 44]

 ### Operon type: 295

	 A0A010T7Q5	[0, 44, 0, 0, 0, 0, -1, 0, 0]

 ### Operon type: 296

	 A0A010SJH7	[0, 0, 807, -1, 0, 0, 229, 0, 0]

 ### Operon type: 297

	 A0A010SRR2	[0, 0, -1, 0, 0, 0, 0, 0, 807]

 ### Operon type: 298

	 A0A010RKP8	[0, 0, 0, 0, 0, 0, -1, 0, 0]
	 A0A011UZ32	[0, 0, 0, 0, 0, -1, 0, 0, 0]
	 A0A009HJU6	[0, 0, 0, 0, 0, 0, 0, 0, -1]
	 A0A010TF14	[-1, 0, 0, 0, 0, 0, 0, 0, 0]
	 A0A010RY47	[-1, 0, -1, 0, 0, 0, 0, 0, 0]

 ### Operon type: 299

	 A0A010SJF9	[0, 0, 0, 0, 0, -1, 0, 86, -1]

 ### Operon type: 300

	 A0A011ML54	[0, 0, 0, 164, 0, 0, 0, 0, -1]

 ### Operon type: 301

	 A0A011NHY1	[0, 0, 0, 0, 0, 807, 0, 0, 0]

 ### Operon type: 302

	 A0A010Z171	[0, 0, 0, 0, 0, 0, 807, 0, 706]

 ### Operon type: 303

	 A0A011T697	[807, 0, 0, 0, 0, 0, 0, 0, 311]

 ### Operon type: 304

	 A0A011TDD1	[0, 473, 807, 0, 0, 0, 0, 0, 0]

 ### Operon type: 305

	 A0A011VW24	[0, 0, 752, 0, 0, 0, 0, 0, -1]

 ### Operon type: 306

	 A0A011T8V3	[0, 0, 752, 0, 0, 0, 0, 0, 0]

 ### Operon type: 307

	 A0A010TH98	[628, 0, 0, 752, 0, 0, 0, 0, 0]

 ### Operon type: 308

	 A0A011QVR3	[0, 0, 0, 0, 0, 0, 0, 641, 752]

 ### Operon type: 309

	 A0A011VYF1	[752, 0, 0, 0, 0, 0, 694, 0, 0]

 ### Operon type: 310

	 A0A010S415	[-1, 752, 0, 228, 0, 0, 0, 0, 828]

 ### Operon type: 311

	 A0A011QMJ8	[0, 0, 0, 0, 0, 0, 0, 0, 0]
	 A0A011QSN2	[0, 0, 0, 0, 0, 0, 0, 0, 0]
	 A0A011P9Z5	[0, 0, 0, 0, 0, 0, 0, 0, 0]
	 A0A011PBM9	[0, 0, 0, 0, 0, 0, 0, 0, 0]
	 A0A011Q056	[0, 0, 0, 0, 0, 0, 0, 0, 0]
	 A0A011NMI8	[0, 0, 0, 0, 0, 0, 0, 0, 0]
	 A0A011NTU3	[0, 0, 0, 0, 0, 0, 0, 0, 0]
	 A0A011N2Z0	[0, 0, 0, 0, 0, 0, 0, 0, 0]
	 A0A011NAJ1	[0, 0, 0, 0, 0, 0, 0, 0, 0]
	 A0A011PNN2	[0, 0, 0, 0, 0, 0, 0, 0, 0]
	 A0A013TEV4	[0, 0, 0, 0, 0, 0, 0, 0, 0]
	 A0A013SL47	[0, 0, 0, 0, 0, 0, 0, 0, 0]
	 A0A011WUT3	[0, 0, 0, 0, 0, 0, 0, 0, 0]
	 A0A011UHL2	[0, 0, 0, 0, 0, 0, 0, 0, 0]
	 A0A013S2B9	[0, 0, 0, 0, 0, 0, 0, 0, 0]
	 A0A013SBR8	[0, 0, 0, 0, 0, 0, 0, 0, 0]
	 A0A009M4K0	[0, 0, 0, 0, 0, 0, 0, 0, 0]
	 A0A011VYF6	[0, 0, 0, 0, 0, 0, 0, 0, 0]
	 A0A009MH90	[0, 0, 0, 0, 0, 0, 0, 0, 0]
	 A0A011UBN9	[0, 0, 0, 0, 0, 0, 0, 0, 0]
	 A0A011UFM5	[0, 0, 0, 0, 0, 0, 0, 0, 0]
	 A0A009PDV4	[0, 0, 0, 0, 0, 0, 0, 0, 0]
	 A0A011VNE2	[0, 0, 0, 0, 0, 0, 0, 0, 0]
	 A0A010SHY1	[0, 0, 0, 0, 0, 0, 0, 0, 0]
	 A0A009HIL8	[0, 0, 0, 0, 0, 0, 0, 0, 0]
	 A0A010SPJ7	[0, 0, 0, 0, 0, 0, 0, 0, 0]
	 A0A010SSQ8	[0, 0, 0, 0, 0, 0, 0, 0, 0]
	 A0A010T025	[0, 0, 0, 0, 0, 0, 0, 0, 0]
	 A0A010YJA7	[0, 0, 0, 0, 0, 0, 0, 0, 0]
	 A0A010YZS8	[0, 0, 0, 0, 0, 0, 0, 0, 0]
	 A0A010Z120	[0, 0, 0, 0, 0, 0, 0, 0, 0]
	 A0A010ZTI3	[0, 0, 0, 0, 0, 0, 0, 0, 0]
	 A0A011A146	[0, 0, 0, 0, 0, 0, 0, 0, 0]

 ### Operon type: 312

	 A0A010TG27	[448, 0, 81, 0, 0, 0, 861, 0, 0]

 ### Operon type: 313

	 A0A011PMK1	[0, 0, 0, 0, 0, 0, 0, 448, 0]

 ### Operon type: 314

	 A0A009HM15	[0, 213, 211, 0, 0, 0, -1, 0, 0]

 ### Operon type: 315

	 A0A009HRU1	[0, 128, 0, 0, 0, 0, 0, 0, 0]

 ### Operon type: 316

	 A0A009HSN8	[0, 105, 0, 0, 0, -1, 0, 124, -1]

 ### Operon type: 317

	 A0A009HV82	[140, 0, 0, 0, 0, 0, 0, 0, 0]

 ### Operon type: 318

	 A0A009IG74	[0, 0, 232, 0, 393, -1, 0, 0, 0]

 ### Operon type: 319

	 A0A009IJ90	[0, 212, 0, 0, 0, 0, 0, 0, 0]

 ### Operon type: 320

	 A0A009NM94	[0, 730, 730, 0, 0, 0, 473, 0, 0]

 ### Operon type: 321

	 A0A009Q4N5	[0, 0, 242, 0, 0, 0, 0, 0, 0]

 ### Operon type: 322

	 A0A009SSZ9	[0, 199, 0, 0, 0, 0, 0, 0, 0]

 ### Operon type: 323

	 A0A009YIH1	[0, 0, 0, 0, 296, 0, -1, -1, 30]

 ### Operon type: 324

	 A0A009YR05	[0, 0, 0, 0, 380, 0, 0, 0, 0]

 ### Operon type: 325

	 A0A009Z004	[281, 0, 281, 0, 0, 706, 0, 0, 0]

 ### Operon type: 326

	 A0A010RUQ5	[0, 0, 0, 0, 0, 0, 0, 0, 344]

 ### Operon type: 327

	 A0A010S195	[716, 0, 33, 39, 0, 0, 0, 0, 0]

 ### Operon type: 328

	 A0A010SCZ2	[0, 0, 0, 0, 0, 0, 0, 60, 0]

 ### Operon type: 329

	 A0A010SN41	[0, 0, 0, 0, 58, 0, 0, 0, 0]

 ### Operon type: 330

	 A0A010SSU2	[0, 0, 0, 0, 51, 0, -1, 611, 0]

 ### Operon type: 331

	 A0A010SUP6	[0, 0, 0, 0, 0, 0, 0, 39, 0]

 ### Operon type: 332

	 A0A010SUY9	[0, 0, 0, 0, 0, 453, 602, 0]

 ### Operon type: 333

	 A0A010THK2	[0, 0, -1, 0, 0, 863, 706, 0, 0]

 ### Operon type: 334

	 A0A010SRL4	[81, 0, 0, -1, 0, 0, 0, 706, 131]

 ### Operon type: 335

	 A0A010YX61	[409, 816, 0, 752, 0, 0, 0, 0, 0]

 ### Operon type: 336

	 A0A010S5W8	[0, 0, 516, 579, 0, 0, 0, 0, 0]

 ### Operon type: 337

	 A0A011NE37	[815, 0, 0, 0, 0, 0, 0, 0, 0]

 ### Operon type: 338

	 A0A011NF78	[0, 0, 654, 0, 0, 0, 0, 0, 0]

 ### Operon type: 339

	 A0A011NVE2	[0, 0, 0, 805, 0, 0, 807, 0, 703]

 ### Operon type: 340

	 A0A011NXJ4	[0, 0, 0, 0, 0, 0, 0, 0, 520]

 ### Operon type: 341

	 A0A011P8I1	[0, 0, 658, 816, 0, 0, 0, 0, 613]

 ### Operon type: 342

	 A0A011P9Q7	[782, 0, 0, 0, 0, 0, 0, 0, 0]

 ### Operon type: 343

	 A0A011PJ75	[0, 805, 804, 805, 0, 0, 0, 0, 0]

 ### Operon type: 344

	 A0A011PRB4	[0, 0, 0, 0, 0, 0, 0, 488, 0]

 ### Operon type: 345

	 A0A011QVT2	[640, 0, 0, 0, 0, 0, 0, 639, 0]

 ### Operon type: 346

	 A0A011RP14	[0, 0, 0, 0, 0, 0, 0, 737, 0]

 ### Operon type: 347

	 A0A011SM49	[807, 0, 737, 0, 0, 0, 717, 0, 0]

 ### Operon type: 348

	 A0A011AM27	[462, 0, 0, 0, 846, 0, 0, 0, 35]

 ### Operon type: 349

	 A0A011T607	[0, 0, 579, 0, 0, 0, 0, 0, 473]

 ### Operon type: 350

	 A0A011TAW2	[0, 0, 0, 0, 0, 0, 474, 0, 0]

 ### Operon type: 351

	 A0A011TED9	[0, 0, 0, 0, 0, 481, 0, 0, 0]

 ### Operon type: 352

	 A0A011TXS5	[0, 708, 0, 0, 0, 0, 0, 0, 0]

 ### Operon type: 353

	 A0A011U144	[0, 344, 0, 0, 0, 0, 520, 434, 0]

 ### Operon type: 354

	 A0A011U1C8	[783, 0, 0, 0, 0, 0, 0, 0, 343]

 ### Operon type: 355

	 A0A011U483	[0, 0, 0, 0, 0, 625, 0, 0, 0]

 ### Operon type: 356

	 A0A011UG86	[0, 565, 0, 0, 0, 86, 0, 0, 0]

 ### Operon type: 357

	 A0A011UQB5	[727, 695, 0, 0, 0, 0, 0, 694, 0]

 ### Operon type: 358

	 A0A011UVI5	[0, 0, 0, 0, 0, 373, 805, 805, 0]

 ### Operon type: 359

	 A0A011UWI3	[0, 0, 0, 0, 369, 0, 368, 716, 0]

 ### Operon type: 360

	 A0A011V5E6	[0, 0, 0, 0, 0, 313, 0, 0, 0]

 ### Operon type: 361

	 A0A011M4H6	[66, 0, 858, 0, 0, 0, 0, 0, 0]

 ### Operon type: 362

	 A0A011VSV3	[0, 0, 0, 0, 0, 0, 662, 0, 0]

 ### Operon type: 363

	 A0A011VWI0	[0, 0, 0, 0, 0, 155, 0, 0, 0]

 ### Operon type: 364

	 A0A011VZ91	[370, 0, 0, 0, 0, 0, 0, 0, 0]

 ### Operon type: 365

	 A0A011WP76	[0, 0, 0, 0, 0, 0, 0, 0, 674]

 ### Operon type: 366

	 A0A011WSD4	[0, 0, 0, -1, 0, 554, 0, 0, 390]

 ### Operon type: 367

	 A0A011WT35	[390, 0, 0, 0, 0, 0, 0, 0, 0]

 ### Operon type: 368

	 A0A013S843	[0, 418, 0, 0, 0, 0, -1, 332, 0]

 ### Operon type: 369

	 A0A013T5E6	[0, 0, 0, 439, 0, 0, 0, 0, 0]

 ### Operon type: 370

	 A0A009T185	[637, 0, 804, 804, 806, 805, 804, 803, 802]

 ### Operon type: 371

	 A0A010IN36	[808, 807, 0, 0, 806, 805, 804, 803, 802]

 ### Operon type: 372

	 A0A009PG43	[805, 804, 692, 639, 0, 803, 802, 0, 0]

 ### Operon type: 373

	 A0A009INE0	[808, 0, 0, 0, 0, 0, 0, 804, 803]

 ### Operon type: 374

	 A0A009T9H0	[0, 30, 627, -1, 0, 0, 189, 0, 128]

 ### Operon type: 375

	 A0A010THH5	[0, 57, 268, 373, 0, 0, 841, 0, 840]

 ### Operon type: 376

	 A0A011VZE3	[0, 0, 0, 861, 166, 0, 0, 0, 0]
	 A0A011WSH8	[0, 0, 0, 861, 166, 0, 0, 0, 0]

 ### Operon type: 377

	 A0A011NAF3	[0, 0, 0, 0, 0, 0, 861, 0, 583]

 ### Operon type: 378

	 A0A009IQ93	[132, 0, 861, 0, 0, 131, 0, 0, 0]

 ### Operon type: 379

	 A0A009Q8S9	[0, 0, 627, 333, 0, 696, 0, 0, 0]

 ### Operon type: 380

	 A0A009TLU4	[0, 708, -1, 216, 0, 42, 0, -1, -1]

 ### Operon type: 381

	 A0A009ZB47	[271, 270, 0, 0, 0, 554, 838, 0, 0]

 ### Operon type: 382

	 A0A009ZVR4	[735, 0, 816, 0, 0, 56, 0, 0, 272]

 ### Operon type: 383

	 A0A010JIN9	[838, 0, 0, 45, 187, 0, 0, 0, 0]

 ### Operon type: 384

	 A0A010S003	[591, 0, 0, 0, 0, 565, 565, 798, 0]

 ### Operon type: 385

	 A0A010SMN8	[0, -1, 34, 0, 864, 0, 0, 595, 0]

 ### Operon type: 386

	 A0A010SXS1	[0, 692, 0, 0, 0, 699, 0, 0, 639]

 ### Operon type: 387

	 A0A010T689	[35, -1, 841, 741, 0, 0, 0, 0, 0]

 ### Operon type: 388

	 A0A010TBB4	[0, 383, 0, 86, 0, 0, 0, 0, 783]

 ### Operon type: 389

	 A0A010YFK3	[0, 754, 0, 0, 0, 0, 62, 0, 343]

 ### Operon type: 390

	 A0A010YVY1	[16, 0, 16, 0, 0, 0, 0, 798, 0]

 ### Operon type: 391

	 A0A010ZSZ2	[0, 693, 0, 534, 533, 0, 0, 0, 0]

 ### Operon type: 392

	 A0A010Z0Y7	[0, 0, 0, 0, 533, 228, 0, 0, 0]

 ### Operon type: 393

	 A0A011A0M8	[0, 0, 706, 0, 100, 0, 0, 1, 1]

 ### Operon type: 394

	 A0A011NFL4	[0, 729, 0, 0, 528, 448, 0, 64, 0]

 ### Operon type: 395

	 A0A011P407	[0, 0, 626, 728, 0, 0, 783, 0, 625]

 ### Operon type: 396

	 A0A011QGT2	[861, 0, 0, 690, 689, 0, 0, 0, 0]

 ### Operon type: 397

	 A0A011QSA4	[657, 0, 656, 655, 0, 0, 0, 0, 654]

 ### Operon type: 398

	 A0A011T6J6	[0, 556, 0, 816, 0, 0, 310, 0, 309]

 ### Operon type: 399

	 A0A011TAL2	[0, 579, 0, 0, 0, 475, 0, 522, 0]

 ### Operon type: 400

	 A0A011TZG0	[706, 705, 0, 0, 0, 0, 0, 704, 0]

 ### Operon type: 401

	 A0A011UGY3	[85, 84, 313, 83, 0, 0, 0, 83, 0]

 ### Operon type: 402

	 A0A011UII7	[0, 0, 0, 0, 0, 703, 702, 0, 0]

 ### Operon type: 403

	 A0A011UNT9	[696, 720, 0, 0, 0, 0, 0, 0, 0]

 ### Operon type: 404

	 A0A011SIS0	[0, 722, 721, 721, 0, 0, 0, 720, 0]

 ### Operon type: 405

	 A0A011UT49	[0, 693, 0, 0, 0, 0, 692, 691, 0]

 ### Operon type: 406

	 A0A011VU65	[89, 0, 0, 0, 0, 62, 0, 662, 92]

 ### Operon type: 407

	 A0A011VV03	[0, 61, 0, 0, 365, 66, 0, 0, 0]

 ### Operon type: 408

	 A0A011VVZ9	[0, 0, -1, 0, 0, 60, 59, 59, 719]

 ### Operon type: 409

	 A0A011VWX7	[639, 490, 0, 0, 0, 0, 0, 723, 0]

 ### Operon type: 410

	 A0A011VXK7	[730, 730, 0, 812, 0, 0, 0, 558, 0]

 ### Operon type: 411

	 A0A011W0I6	[165, 0, 0, 0, 0, 507, 0, 164, 0]

 ### Operon type: 412

	 A0A010YEF6	[0, 165, 0, 0, 0, 0, 0, 0, 37]

 ### Operon type: 413

	 A0A013SQH1	[0, 0, 0, 0, 58, 451, 0, 852, 799]

 ### Operon type: 414

	 A0A009QJA8	[123, 122, 0, 0, 0, 0, 0, 0, 872]

 ### Operon type: 415

	 A0A009YL68	[0, 0, 783, 410, 407, 0, 0, 269, 0]

 ### Operon type: 416

	 A0A010JNG7	[852, 0, 0, 851, 0, 0, 0, 0, 0]

 ### Operon type: 417

	 A0A010RM40	[862, 861, 860, 0, 0, 0, 0, -1, 859]

 ### Operon type: 418

	 A0A010RRQ6	[0, 858, 0, 0, 0, 864, 857, 856, 0]

 ### Operon type: 419

	 A0A010S423	[310, 0, 0, 0, 0, 0, 0, 368, 734]

 ### Operon type: 420

	 A0A010T0I7	[0, 0, 37, 0, 0, 658, 656, 861, 0]

 ### Operon type: 421

	 A0A010ZUR7	[61, 13, 0, 13, 0, 12, 798, 0, 0]

 ### Operon type: 422

	 A0A011NA78	[0, 504, 0, 0, 0, 647, 0, 0, 859]

 ### Operon type: 423

	 A0A011P8W7	[612, 626, 639, 0, 611, 0, 0, 0, 0]

 ### Operon type: 424

	 A0A011PG97	[595, 0, 0, 594, 0, 0, 0, 0, 0]

 ### Operon type: 425

	 A0A011PKT4	[0, 451, 0, 0, 0, 0, 450, 0, 0]

 ### Operon type: 426

	 A0A011PLB2	[0, 612, 0, 452, 0, 0, 0, 0, 0]

 ### Operon type: 427

	 A0A011R339	[0, 0, 0, 0, 0, 0, 358, 357, 0]

 ### Operon type: 428

	 A0A011SFE5	[0, 0, 0, 730, 0, 0, 729, 728, 727]

 ### Operon type: 429

	 A0A011SJT5	[0, 0, 0, 719, 718, 718, 718, 718, 718]

 ### Operon type: 430

	 A0A011TDQ5	[0, 0, 0, 0, 472, 509, 0, 0, 0]

 ### Operon type: 431

	 A0A011VT01	[0, 0, 63, 0, 0, 63, 0, 0, 277]

 ### Operon type: 432

	 A0A009Z3V9	[861, 0, 0, 0, 0, 280, 514, 279, 278]

 ### Operon type: 433

	 A0A010SRB2	[42, 41, 0, 0, 0, 41, 40, 0, 0]

 ### Operon type: 434

	 A0A010KA25	[838, 0, 841, 781, 98, 0, 0, 838, 422]

 ### Operon type: 435

	 A0A011TZN1	[348, 347, 346, 0, 345, 0, 0, 0, 0]

 ### Operon type: 436

	 A0A011VJ76	[65, 65, 691, 64, 0, 861, 706, 0, 626]

 ### Operon type: 437

	 A0A011UG17	[252, 0, 167, 0, 160, 89, 0, 0, 0]

 ### Operon type: 438

	 A0A011WUA8	[542, 0, 0, 389, 0, 0, 0, 388, 388]

 ### Operon type: 439

	 A0A010S4X6	[0, 228, 860, 565, 401, 0, 523, 449, 863]

 ### Operon type: 440

	 A0A010YY02	[0, 15, 0, 0, 15, 569, 32, 0, 14]
