
 ### Operon type: 1

	 A0A010ILU3	[601, 600, 599, 598, 597, 596, 595, 594, 593]
	 A0A009QBR9	[601, 600, 599, 598, 597, 596, 594, 593, 240]
	 A0A009QS71	[601, 600, 599, 598, 597, 596, 595, 594, 593]
	 A0A009MW50	[601, 600, 599, 598, 597, 596, 595, 594, 593]
	 A0A009H3B0	[601, 600, 599, 598, 597, 596, 595, 594, 593]
	 A0A009I8S2	[601, 600, 599, 598, 597, 596, 594, 593, 240]
	 A0A009TM70	[601, 600, 599, 598, 597, 596, 594, 593, 240]

 ### Operon type: 2

	 A0A013TH43	[510, 509, 858, 508, 507, 506, 505, 504, 503]
	 A0A009RAF0	[510, 509, 858, 508, 507, 506, 505, 504, 503]

 ### Operon type: 3

	 A0A011PVT3	[702, 502, 501, 500, 726, 499, 498, 497, 496]
	 A0A011R7V7	[702, 502, 501, 500, 726, 499, 498, 497, 496]
	 A0A011MET3	[702, 502, 501, 500, 726, 499, 498, 497, 496]

 ### Operon type: 4

	 A0A013SNJ8	[559, 412, 593, 411, 410, 409, 419, 408, 407]
	 A0A013RZW2	[559, 412, 593, 411, 410, 409, 419, 408, 407]
	 A0A009IV03	[559, 412, 593, 411, 410, 409, 419, 408, 407]
	 A0A010J9U3	[559, 412, 593, 411, 410, 409, 419, 408, 407]
	 A0A009PH20	[559, 412, 593, 411, 410, 409, 419, 408, 407]
	 A0A009MMM3	[559, 412, 593, 411, 410, 409, 419, 408, 407]
	 A0A009SIZ4	[559, 412, 593, 411, 410, 409, 419, 408, 407]
	 A0A009HBT3	[559, 412, 593, 411, 410, 409, 419, 408, 407]
	 A0A009RD69	[559, 412, 593, 411, 410, 409, 419, 408, 407]
	 A0A009YIZ0	[559, 412, 593, 411, 410, 409, 419, 408, 407]

 ### Operon type: 5

	 A0A009PH57	[201, 200, -1, 199, 198, 620, 197, 466, 196]
	 A0A009TG92	[201, 200, -1, 199, 198, 620, 197, 466, 196]

 ### Operon type: 6

	 A0A013S288	[394, 393, 392, 391, 409, 390, 389, 388, 387]
	 A0A013SXT2	[394, 393, 392, 391, 409, 390, 389, 388, 387]
	 A0A010J3I1	[394, 393, 392, 391, 409, 390, 389, 388, 387]
	 A0A009I0I9	[394, 393, 392, 391, 409, 390, 389, 388, 387]
	 A0A009N031	[394, 393, 392, 391, 409, 390, 389, 388, 387]
	 A0A009PWG1	[394, 393, 392, 391, 409, 390, 389, 388, 387]
	 A0A009R2X0	[394, 393, 392, 391, 409, 390, 389, 388, 387]
	 A0A009SFX8	[394, 393, 392, 391, 46, 409, 390, 389, 388]
	 A0A009TBM2	[393, 392, 391, 46, 409, 390, 389, 388, 387]

 ### Operon type: 7

	 A0A010IMP8	[585, 657, 584, 583, 582, 581, 580, 579, 578]
	 A0A013T8M5	[585, 657, 584, 583, 582, 581, 580, 579, 578]
	 A0A013SZ54	[585, 657, 584, 583, 582, 581, 580, 579, 578]
	 A0A009IRJ6	[585, 657, 584, 583, 582, 581, 580, 579, 578]
	 A0A009N123	[585, 657, 584, 583, 582, 581, 580, 579, 578]
	 A0A009SWU0	[585, 657, 584, 583, 582, 581, 580, 579, 578]
	 A0A009Q3K7	[585, 657, 584, 583, 582, 581, 580, 579, 578]
	 A0A009H7U0	[585, 657, 584, 583, 582, 581, 580, 579, 578]
	 A0A009RBQ2	[585, 657, 584, 583, 582, 581, 580, 579, 578]
	 A0A009ZM43	[-1, 657, 584, 583, 582, 581, 580, 579, 578]

 ### Operon type: 8

	 A0A013RMD0	[-1, 403, 728, 402, 401, 734, 400, 399, 398]
	 A0A009RG92	[-1, 403, 728, 402, 401, 734, 400, 399, 398]
	 A0A009QDV7	[-1, 403, 728, 402, 401, 734, 400, 399, 398]
	 A0A010JDA6	[-1, 403, 728, 402, 401, 734, 400, 399, 398]
	 A0A009N9Z1	[-1, 403, 728, 402, 401, 734, 400, 399, 398]
	 A0A009S854	[-1, 403, 728, 402, 401, 734, 400, 399, 398]
	 A0A009H6M2	[-1, 403, 728, 402, 401, 734, 400, 399, 398]
	 A0A009IHQ3	[-1, 403, 728, 402, 401, 734, 400, 399, 398]
	 A0A009ZIC0	[81, 403, 728, 402, 401, 734, 400, 399, 398]

 ### Operon type: 9

	 A0A011UIA1	[299, 298, 297, 296, 295, 294, 293, 292, 0]
	 A0A011V5V3	[0, 299, 298, 297, 296, 295, 294, 293, 292]

 ### Operon type: 10

	 A0A011PTE7	[541, 540, 539, 538, 537, 0, 536, 535, 534]
	 A0A011NE72	[541, 540, 539, 538, 537, 536, 535, 534, 0]

 ### Operon type: 11

	 A0A010JWJ1	[343, 342, 813, 341, 340, 339, 338, 337, 336]
	 A0A009I4A1	[343, 342, 813, 341, 340, 339, 338, 337, 336]

 ### Operon type: 12

	 A0A009QF22	[120, 119, 343, 0, 340, 339, 338, 337, 336]
	 A0A009TBY8	[120, 119, 343, 341, 340, 339, 338, 337, 336]

 ### Operon type: 13

	 A0A011NEY3	[471, 651, 650, 649, 649, 648, 647, 646, 0]

 ### Operon type: 14

	 A0A011PAN4	[651, 650, 0, 649, 649, 648, 647, 646, 645]

 ### Operon type: 15

	 A0A011RCD5	[471, 651, 650, 649, 649, 648, 647, 646, 645]

 ### Operon type: 16

	 A0A011NAY5	[812, 811, 810, 809, 808, 807, 806, 805, 0]
	 A0A011P4U7	[0, 812, 811, 810, 809, 808, 807, 806, 805]

 ### Operon type: 17

	 A0A011NBX7	[800, 799, 798, 797, 796, 795, 0, 0, 0]
	 A0A011NW66	[800, 799, 798, 797, 796, 795, 0, 0, 0]
	 A0A011PF67	[800, 799, 798, 797, 796, 0, 0, 0, 0]

 ### Operon type: 18

	 A0A011NS68	[800, 799, 798, 797, 796, 669, 668, 676, 667]
	 A0A011RHX4	[800, 799, 798, 797, 796, 669, 668, 676, 0]

 ### Operon type: 19

	 A0A010YT39	[0, 674, 33, 727, 32, 31, 30, 29, 361]

 ### Operon type: 20

	 A0A010Z7T4	[33, 727, 32, 31, 30, 29, 361, 724, 547]

 ### Operon type: 21

	 A0A013SP43	[421, 420, 419, 418, 417, 416, 415, 414, 413]
	 A0A010K6G6	[421, 420, 419, 418, 417, 416, 415, 0, 413]
	 A0A009RUN3	[421, 420, 419, 418, 417, 416, 415, 414, 413]

 ### Operon type: 22

	 A0A011VWR4	[0, 0, 0, 0, 287, 286, 285, 284, 283]

 ### Operon type: 23

	 A0A011VYP6	[287, 286, 285, 284, 283, 0, 282, 500, 0]

 ### Operon type: 24

	 A0A011QAS2	[0, 711, 710, 709, 708, 707, 706, 705, 704]
	 A0A011NEQ1	[0, 711, 710, 709, 708, 707, 706, 705, 704]

 ### Operon type: 25

	 A0A010JSI3	[742, 741, 740, 739, 738, 737, 736, 735, 0]
	 A0A009RGL2	[742, 741, 740, 739, 738, 737, 736, 735, 344]
	 A0A013T0M4	[742, 741, 740, 739, 738, 737, 736, 735, 0]
	 A0A009HDS5	[742, 741, 740, 739, 738, 737, 736, 735, 344]

 ### Operon type: 26

	 A0A009SNL0	[100, 99, 362, 98, 97, 96, 95, 94, 93]

 ### Operon type: 27

	 A0A009T1I8	[362, 98, 97, 96, 95, 94, 93, 0, 0]

 ### Operon type: 28

	 A0A011VW71	[0, 178, 177, 176, 175, 174, 173, 848, 172]
	 A0A011VUV0	[178, 177, 176, 175, 174, 173, 848, 172, 0]

 ### Operon type: 29

	 A0A011UG71	[167, 256, 166, 171, 170, 257, 169, 255, 168]

 ### Operon type: 30

	 A0A011V8Z7	[0, 0, 167, 256, 166, 171, 170, 257, 169]

 ### Operon type: 31

	 A0A011V8Y9	[171, 170, 257, 169, 255, 168, 0, 0, 0]

 ### Operon type: 32

	 A0A011U8C0	[0, 257, 256, 0, 463, 255, 0, 0, 0]

 ### Operon type: 33

	 A0A011QSF0	[0, 763, 762, 761, 760, 759, 758, 815, 0]
	 A0A011QBB5	[641, 763, 762, 761, 760, 759, 758, 815, 624]
	 A0A011Q0X6	[641, 763, 762, 761, 760, 759, 758, 815, 624]
	 A0A011Q1X8	[763, 0, 762, 761, 760, 759, 758, 815, 624]

 ### Operon type: 34

	 A0A011PG87	[641, 763, 762, 761, 760, 759, 758, 0, 0]

 ### Operon type: 35

	 A0A011PCT1	[754, 753, 869, 0, 0, 0, 0, 865, 0]

 ### Operon type: 36

	 A0A011QU35	[0, 0, 0, 0, 871, 0, 754, 753, 869]

 ### Operon type: 37

	 A0A011Q2B1	[755, 659, 871, 870, 869, 868, 867, 866, 865]

 ### Operon type: 38

	 A0A011RLN8	[872, 873, 871, 870, 869, 868, 867, 866, 865]

 ### Operon type: 39

	 A0A011P700	[0, 0, 757, 756, 755, 659, 871, 870, 869]

 ### Operon type: 40

	 A0A011QSI4	[0, 0, 757, 756, 755, 0, 872, 873, 871]

 ### Operon type: 41

	 A0A013T337	[816, 731, 531, 530, 529, 782, 528, 785, 527]
	 A0A013TH30	[816, 731, 531, 530, 529, 782, 528, 785, 527]
	 A0A013S981	[382, 816, 731, 531, 530, 529, 782, 528, 785]

 ### Operon type: 42

	 A0A010JY00	[382, 816, 731, 531, 335, 782, 528, 785, 527]

 ### Operon type: 43

	 A0A013TPV4	[433, 432, 431, 430, 429, 428, 842, 813, 427]
	 A0A009MGJ1	[433, 432, 431, 430, 429, 428, 842, 813, 427]
	 A0A010IZE4	[433, 432, 431, 430, 429, 428, 842, 813, 427]
	 A0A009QQ47	[433, 432, 431, 430, 429, 428, 842, 813, 427]
	 A0A009SZB5	[433, 432, 431, 430, 429, 428, 842, 813, 427]
	 A0A009HL81	[433, 432, 431, 430, 429, 428, 842, 813, 427]
	 A0A009HR98	[433, 432, 431, 430, 429, 428, 842, 813, 427]

 ### Operon type: 44

	 A0A009Z8F7	[432, 431, 428, 0, 429, 5, 5, 0, 47]

 ### Operon type: 45

	 A0A009HFU9	[85, 84, 83, 82, 81, 617, 80, 79, 0]
	 A0A009R016	[85, 84, 83, 82, 81, -1, 617, 80, 79]

 ### Operon type: 46

	 A0A011UJN3	[0, 574, 0, 0, 455, 454, 453, 452, 451]

 ### Operon type: 47

	 A0A011W213	[455, 454, 453, 452, 451, 781, 0, 0, 0]

 ### Operon type: 48

	 A0A011QUG8	[752, 751, 750, 749, 748, 747, 0, 746, 745]
	 A0A011QIT1	[752, 751, 750, 749, 748, 747, 746, 745, 723]

 ### Operon type: 49

	 A0A011NVE7	[778, 777, 776, 817, 818, 819, 820, 821, 822]
	 A0A011PP01	[778, 777, 776, 817, 818, 819, 820, 821, 822]

 ### Operon type: 50

	 A0A011N9N8	[825, 824, 823, 822, 821, 820, 819, 818, 817]
	 A0A011P2I4	[825, 824, 823, 822, 821, 820, 819, 818, 817]

 ### Operon type: 51

	 A0A011PIY7	[679, 0, 823, 822, 821, 820, 819, 0, 817]

 ### Operon type: 52

	 A0A011Q3J4	[0, 679, 823, 822, 821, 820, 819, 818, 0]

 ### Operon type: 53

	 A0A011MH88	[680, 679, 823, 822, 821, 820, 819, 818, 817]

 ### Operon type: 54

	 A0A013SPM5	[525, 524, 523, 522, 521, 520, 519, 518, 517]
	 A0A010IX62	[525, 524, 523, 522, 521, 520, 519, 518, 517]
	 A0A009QFZ7	[525, 524, 523, 522, 521, 520, 519, 518, 517]
	 A0A009MH71	[525, 524, 523, 522, 521, 520, 519, 518, 517]
	 A0A009I6Z0	[525, 524, 523, 522, 521, 520, 519, 518, 517]
	 A0A009HSL1	[525, 524, 523, 522, 521, 520, 519, 518, 517]
	 A0A009TK03	[525, 524, 523, 522, 521, 520, 519, 518, 517]

 ### Operon type: 55

	 A0A009ZIX8	[0, 6, 523, 522, 521, 25, 0, 517, 0]

 ### Operon type: 56

	 A0A010JJN4	[615, 614, 613, 612, 611, 610, 609, 699, 826]
	 A0A013TPR7	[615, 614, 613, 612, 611, 610, 609, 699, 826]
	 A0A009PMT3	[615, 614, 613, 612, 611, 610, 609, 699, 826]
	 A0A009NI48	[615, 614, 613, 612, 611, 610, 609, 699, -1]
	 A0A009SEP4	[615, 614, 613, 612, 611, 0, 610, 609, 0]
	 A0A009RMI1	[615, 614, 613, 612, 611, 610, 609, 699, 0]
	 A0A009I8I7	[615, 614, 613, 612, 611, 610, 609, 699, 67]
	 A0A009HJJ5	[615, 614, 613, 612, 611, 610, 609, 699, 67]
	 A0A009YG45	[0, 615, 614, 613, 611, 0, 610, 609, 699]

 ### Operon type: 57

	 A0A013TPQ9	[439, 438, 437, 436, 435, 813, 780, 434, 827]
	 A0A013S8F0	[439, 438, 437, 436, 435, 813, 780, 434, 827]
	 A0A010IZH1	[-1, 438, 437, 436, 435, 813, 780, 434, 827]
	 A0A009PMU2	[439, 438, 437, -1, 435, 813, 780, 434, 827]
	 A0A009SZ84	[439, 438, 437, 436, 435, 813, 780, 434, 827]
	 A0A009HJM0	[439, 438, 437, 436, 435, 813, 780, 434, 827]

 ### Operon type: 58

	 A0A009HUS9	[438, 437, 0, 436, 435, 270, -1, 271, 272]

 ### Operon type: 59

	 A0A009ISE1	[610, 609, 699, 272, 271, -1, 270, 435, 436]

 ### Operon type: 60

	 A0A009NPS1	[439, 438, 437, 436, 435, -1, 699, 609, 610]

 ### Operon type: 61

	 A0A013SB36	[381, 380, 379, 378, 377, 697, 696, 376, 375]
	 A0A009QSI3	[381, 380, 379, 378, 377, 697, 696, 376, -1]

 ### Operon type: 62

	 A0A010ITP2	[381, 380, 379, 378, 377, 697, 696, 0, 0]

 ### Operon type: 63

	 A0A009SII9	[-1, 380, 379, 378, 377, 697, 696, 89, 88]

 ### Operon type: 64

	 A0A009T0Q9	[377, 697, 696, 89, 88, 375, 680, 813, 87]

 ### Operon type: 65

	 A0A009YJF4	[0, 697, 696, 69, 68, 680, 813, 0, 87]

 ### Operon type: 66

	 A0A009GP96	[0, 78, 813, 724, 332, 77, 617, 76, 75]

 ### Operon type: 67

	 A0A009GSR4	[724, 332, 77, 617, 76, 75, 75, 74, 0]

 ### Operon type: 68

	 A0A009IIT6	[78, 813, 724, 332, 76, 75, 75, 74, 0]

 ### Operon type: 69

	 A0A011SQL0	[663, 465, -1, 464, 463, 462, 461, 460, 459]
	 A0A011UZ49	[465, -1, 464, 463, 462, 461, 460, 459, 0]

 ### Operon type: 70

	 A0A009PT82	[824, 626, 162, 161, 275, 274, 273, 160, 159]
	 A0A009SIF9	[824, 626, 162, 161, 275, 274, 273, 160, 159]

 ### Operon type: 71

	 A0A009IS10	[276, 0, 0, 0, 275, 274, 273, 0, 0]

 ### Operon type: 72

	 A0A009QHW5	[0, 0, 0, 601, 275, 274, 273, 0, 118]

 ### Operon type: 73

	 A0A011UVB4	[0, 0, 0, 125, 0, 0, 276, 0, 172]

 ### Operon type: 74

	 A0A011V107	[305, -1, 368, 366, 369, 365, 304, 303, 0]
	 A0A011U7M7	[0, 305, -1, 368, 366, 369, 365, 304, 303]

 ### Operon type: 75

	 A0A011TLH0	[370, 369, 368, 367, 366, 365, 0, 0, 0]

 ### Operon type: 76

	 A0A011UG87	[487, 488, 489, 370, 369, 368, 367, 366, 365]

 ### Operon type: 77

	 A0A011TLH7	[489, 488, 487, 0, 0, 0, 0, 0, 0]

 ### Operon type: 78

	 A0A011TWN2	[486, 485, 484, 483, 482, 481, 480, 0, 0]
	 A0A011TAF9	[0, 0, 486, 485, 484, 483, 482, 481, 480]

 ### Operon type: 79

	 A0A011Q5V7	[718, 0, 0, 0, 864, 863, 862, 861, 860]

 ### Operon type: 80

	 A0A011RM25	[864, 863, 862, 861, 860, 859, 0, 858, 0]

 ### Operon type: 81

	 A0A011QDV3	[631, 630, 629, 780, 628, 627, 626, 0, 625]
	 A0A011QIE8	[631, 630, 629, 780, 628, 627, 625, 0, 0]

 ### Operon type: 82

	 A0A011QAB0	[791, 715, 714, 0, 713, 825, 847, 712, 0]
	 A0A011PL71	[328, 791, 715, 714, 713, 825, 847, 712, 0]

 ### Operon type: 83

	 A0A011Q6N5	[833, 832, 831, 0, 0, 0, 717, 716, 717]

 ### Operon type: 84

	 A0A011SGD5	[0, 0, 0, 0, 0, 0, 833, 832, 831]

 ### Operon type: 85

	 A0A011NYU6	[622, 621, 0, 620, 619, 27, 26, 0, 618]

 ### Operon type: 86

	 A0A011PYI6	[622, 621, 0, 620, 619, 618, 730, 835, 0]

 ### Operon type: 87

	 A0A011P1C0	[0, 0, 27, 26, 618, 0, 0, 0, 0]

 ### Operon type: 88

	 A0A011N4G4	[0, 0, 686, 685, 684, 683, 684, 682, 681]
	 A0A011PKU5	[686, 685, 684, 683, 684, 682, 681, 0, 0]

 ### Operon type: 89

	 A0A010ZWJ8	[21, 20, 19, 547, 18, 656, 474, 656, 17]

 ### Operon type: 90

	 A0A011AHW1	[18, 547, 19, 20, 21, 0, 0, 22, 0]

 ### Operon type: 91

	 A0A011AHU9	[474, 656, 17, 0, 0, 0, 0, 9, 680]

 ### Operon type: 92

	 A0A010ZX98	[16, 15, 14, 13, 12, 11, 780, 780, 0]

 ### Operon type: 93

	 A0A011AIL7	[12, 13, 14, 15, 16, 0, 0, 0, 0]

 ### Operon type: 94

	 A0A010YF95	[719, 38, 746, 37, 36, 36, 35, 456, 34]

 ### Operon type: 95

	 A0A010ZJQ6	[38, 746, 37, 36, 36, 35, 456, 34, 0]

 ### Operon type: 96

	 A0A009GXL8	[72, 71, 70, 69, 68, 341, 112, 117, 116]

 ### Operon type: 97

	 A0A010JIW7	[72, 71, 70, 69, 68, 0, 0, 112, 117]

 ### Operon type: 98

	 A0A011QNA5	[0, 495, 494, 493, 0, 592, 591, 590, 589]
	 A0A009ZLJ7	[589, 590, 591, 592, 0, 0, 495, 494, 493]

 ### Operon type: 99

	 A0A013T0T6	[592, 591, 590, 589, 588, 587, 533, 586, 532]
	 A0A009ISY0	[592, 591, 590, 589, 588, 269, 533, 586, 532]
	 A0A009QMH5	[592, 591, 590, 589, 588, 587, 533, 586, 532]
	 A0A009PE10	[592, 591, 590, 589, 588, 269, 533, 586, -1]
	 A0A009RMD0	[592, 591, 590, 589, 588, 269, 533, 586, 532]
	 A0A009HAX1	[592, 591, 590, 589, 588, 587, 533, 586, 532]

 ### Operon type: 100

	 A0A010ILW6	[592, 591, 590, 589, 588, 587, 0, 0, 586]

 ### Operon type: 101

	 A0A009Z9X7	[591, 590, 589, 0, 588, 0, 744, 0, 586]

 ### Operon type: 102

	 A0A013S8V2	[385, 384, 0, 0, 0, 383, 0, 0, 0]
	 A0A009R8E1	[0, 57, 0, 385, 384, 0, 0, 383, 0]

 ### Operon type: 103

	 A0A009ICH6	[559, 152, 151, 150, 335, 66, 65, 64, 785]
	 A0A009ZFR5	[559, 152, 151, 150, 335, 66, 65, 64, 785]

 ### Operon type: 104

	 A0A009NQA1	[559, 152, 151, 150, 149, 148, 531, 785, 782]
	 A0A009RR21	[559, 152, 151, 150, 149, 148, 531, 785, 782]

 ### Operon type: 105

	 A0A009HTN9	[559, 152, 151, 150, 149, 148, 61, 770, 60]
	 A0A009T3J5	[559, 152, 151, 150, 149, 148, 61, 770, 60]

 ### Operon type: 106

	 A0A009Q0U9	[559, 152, 151, 150, 149, 148, -1, -1, 0]

 ### Operon type: 107

	 A0A009QEG7	[239, 238, 237, 236, 235, 234, 233, 232, 231]
	 A0A009IPC3	[239, 238, 237, 236, 235, 234, 233, 232, 231]

 ### Operon type: 108

	 A0A009I573	[124, 0, 222, 223, 0, 224, 235, 236, 237]

 ### Operon type: 109

	 A0A009ILP9	[232, 0, 237, 236, 235, 224, 231, 223, 222]

 ### Operon type: 110

	 A0A009I953	[232, 0, 237, 236, 235, 224, 231, 0, -1]

 ### Operon type: 111

	 A0A009SX74	[639, 667, 0, 223, 231, 232, 238, 239, 111]

 ### Operon type: 112

	 A0A010IPH1	[573, 572, 803, 571, 570, 569, 568, 567, 566]
	 A0A009MMG9	[573, 572, 803, 571, 570, 569, 568, 567, 566]
	 A0A009ICP5	[573, 572, 803, 571, 570, 569, 568, 567, 566]
	 A0A009QVK8	[573, 572, 803, 571, 570, 569, 568, 567, 566]

 ### Operon type: 113

	 A0A009SIV4	[129, 128, 127, 126, 570, 569, 568, 567, 566]
	 A0A009HTW0	[129, 128, 127, 126, 570, 569, 568, 567, 566]
	 A0A009QLL2	[129, 128, 127, 126, 570, 569, 568, 567, 566]
	 A0A013TSJ4	[128, 127, 0, 126, 570, 569, 568, 567, 566]

 ### Operon type: 114

	 A0A013TCN9	[598, 516, 515, 514, 513, 512, 511, 813, 780]
	 A0A010ITG1	[598, 516, 515, 514, 513, 512, 511, 813, 780]
	 A0A009QNC9	[598, 516, 515, 514, 513, 512, 511, 813, 780]
	 A0A009NIJ3	[598, 516, 515, 514, 513, 512, 511, 813, 780]
	 A0A013TRC1	[598, 516, 515, 514, 513, 512, 511, 813, 780]

 ### Operon type: 115

	 A0A009H935	[0, 0, 515, 514, 513, 512, 511, 813, 780]

 ### Operon type: 116

	 A0A009IMX3	[565, 564, 563, 562, 561, 219, 219, 835, 218]
	 A0A009QEX0	[565, 564, 563, 562, 561, 219, 219, 835, 218]
	 A0A009SF48	[565, 564, 563, 562, 561, -1, 219, 835, 218]

 ### Operon type: 117

	 A0A010ISX2	[565, 564, 563, 562, 561, 560, 559, 558, 557]
	 A0A013S7V1	[565, 564, 563, 562, 561, 560, 559, 558, 557]
	 A0A009RES7	[565, 564, 563, 562, 561, 560, 559, 558, 557]
	 A0A009MR00	[565, 564, 563, 562, 561, 560, 559, 558, 557]

 ### Operon type: 118

	 A0A009YTT3	[3, 81, 563, 562, 561, 560, 559, 558, 557]

 ### Operon type: 119

	 A0A009GYP9	[0, 0, 0, 562, 561, 560, 559, 558, 557]

 ### Operon type: 120

	 A0A009ZZC8	[-1, 99, 100, 3, 81, 563, 562, 561, 560]

 ### Operon type: 121

	 A0A011WSE5	[322, 321, 320, 319, 318, 317, 316, 315, 358]
	 A0A011UGX8	[180, 322, 321, 320, 319, 318, 317, 316, 315]

 ### Operon type: 122

	 A0A011VZG0	[357, 0, 180, 322, 321, 320, 319, 318, 317]

 ### Operon type: 123

	 A0A009PJF7	[195, 194, 194, 193, 192, 191, 190, 189, 188]
	 A0A009SJZ7	[125, 195, 194, 193, 192, 191, 190, 189, 188]

 ### Operon type: 124

	 A0A009Z5G0	[191, 193, 194, 0, 468, 195, 125, 405]

 ### Operon type: 125

	 A0A010JJC1	[829, 608, 607, 606, 605, 604, 603, 616, 602]
	 A0A010IZ41	[608, 607, 606, 605, 604, 603, 616, 602, 419]

 ### Operon type: 126

	 A0A009QJL6	[829, 608, 607, 606, 0, 602, 419, 115, 0]

 ### Operon type: 127

	 A0A013TB41	[426, -1, 425, 424, 423, 824, 572, 661, 422]
	 A0A013SGL3	[426, 374, 425, 424, 423, 824, 572, 661, 422]
	 A0A010KAV2	[426, 374, 425, 424, 423, 824, 572, 661, 422]
	 A0A009PG53	[426, 374, 425, 424, 423, 824, 572, 661, 422]
	 A0A009NE81	[426, 374, 425, 424, 423, 824, 572, 661, 422]
	 A0A009I5Z6	[426, 374, 425, 424, 423, 824, 572, 661, 422]
	 A0A009RQH3	[426, 374, 425, 424, 423, 824, 572, 661, 422]
	 A0A009SHB3	[426, 374, 425, 424, 423, 824, 572, 661, 422]

 ### Operon type: 128

	 A0A009H3X4	[426, 374, 425, 424, 423, 824, -1, 732, -1]

 ### Operon type: 129

	 A0A009PIB4	[0, 0, 0, 158, 157, 156, 617, 813, 825]
	 A0A009SLR5	[0, 0, 0, 158, 157, 156, 617, 813, 825]

 ### Operon type: 130

	 A0A009HSU4	[0, 0, 692, 813, 0, 824, 661, 825, 617]

 ### Operon type: 131

	 A0A009I463	[843, 110, 109, 409, 409, 361, 360, 359, 147]
	 A0A009PAG1	[843, 110, 109, 409, 409, 361, 360, 359, 147]

 ### Operon type: 132

	 A0A013SKX6	[0, 0, 843, 0, 409, 409, 361, 360, 359]

 ### Operon type: 133

	 A0A011Q5S3	[723, 722, 0, 0, 0, 0, 721, 720, 719]

 ### Operon type: 134

	 A0A011UZZ4	[0, 721, 720, 0, 0, 0, 309, 309, 719]

 ### Operon type: 135

	 A0A011UTJ0	[0, 0, 0, 142, 141, 140, 807, 139, 138]

 ### Operon type: 136

	 A0A011VMV7	[142, 141, 140, 807, 139, 138, 291, 290, 289]

 ### Operon type: 137

	 A0A011NYT4	[814, 701, 700, 699, 0, 698, 698, 697, 696]

 ### Operon type: 138

	 A0A011P8E9	[0, 0, 814, 701, 0, 700, 699, 0, 0]

 ### Operon type: 139

	 A0A010TF34	[0, -1, 0, 0, 53, 52, 51, 50, 49]
	 A0A010SYH9	[53, 52, 51, 50, 49, 0, 0, 0, 0]

 ### Operon type: 140

	 A0A010S7A1	[186, 185, 184, 183, 0, 182, 0, 0, 0]
	 A0A010TFJ4	[0, -1, 0, 186, 185, 184, 183, -1, 182]

 ### Operon type: 141

	 A0A009PAV9	[216, -1, 803, 215, 409, 617, 214, 213, 212]
	 A0A009HJC2	[216, 780, 803, 215, 409, 617, 214, 213, 212]

 ### Operon type: 142

	 A0A009SE02	[0, 212, 0, 0, 0, 213, 214, 617, 409]

 ### Operon type: 143

	 A0A009RSB7	[661, 559, 652, 556, 202, 813, 813, 554, 553]
	 A0A009SYU8	[661, 559, 652, 556, 202, 813, 813, 554, 553]
	 A0A009HS41	[661, 559, 652, 556, 202, 813, 813, 554, 553]

 ### Operon type: 144

	 A0A010IT25	[661, 559, 652, 556, 555, 813, 813, 554, 553]
	 A0A013SHA9	[661, 559, 652, 556, 555, 813, 813, 554, 553]
	 A0A009I466	[661, 559, 652, 556, 555, 813, 813, 554, 553]

 ### Operon type: 145

	 A0A009NMQ9	[661, 559, 652, 556, 555, 0, 813, 813, 554]

 ### Operon type: 146

	 A0A009P8A9	[0, 0, 652, 556, 202, 813, 813, 554, 553]

 ### Operon type: 147

	 A0A009ITT8	[268, 267, 266, 350, 349, 265, 348, 347, 346]
	 A0A009NJ90	[268, 267, 266, 350, 349, 225, 265, 348, 347]

 ### Operon type: 148

	 A0A009NCH6	[263, 348, 347, 346, 262, 261, 260, 114, 113]
	 A0A009IJ01	[348, 347, 346, 345, 262, 261, 260, 114, 113]

 ### Operon type: 149

	 A0A009RQL5	[348, 347, 346, 108, 262, 261, 260, 114, 0]

 ### Operon type: 150

	 A0A009MGQ8	[349, 0, 263, 348, 347, 346, 262, 261, 260]

 ### Operon type: 151

	 A0A009IJ07	[353, 352, 351, 350, 349, 348, 347, 346, 345]
	 A0A009RHH7	[353, 352, 351, 350, 349, 225, 348, 347, 346]
	 A0A009S6G1	[353, 352, 351, 350, 349, 348, 347, 346, 262]

 ### Operon type: 152

	 A0A009HZK2	[351, 350, 349, 348, 347, 346, 345, 262, 261]

 ### Operon type: 153

	 A0A009R4N4	[350, 349, 225, 348, 347, 346, 108, 262, 261]

 ### Operon type: 154

	 A0A009S5A5	[349, 225, 265, 348, 347, 346, 345, 107, 262]

 ### Operon type: 155

	 A0A009RHH9	[0, 0, 0, 0, 288, 353, 352, 351, 350]

 ### Operon type: 156

	 A0A011PGU1	[0, 0, 638, 637, 636, 635, 634, 633, 632]
	 A0A011MDH1	[694, 0, 638, 637, 636, 635, 634, 633, 632]

 ### Operon type: 157

	 A0A011V0P4	[449, 308, 0, 0, 326, 0, 0, 307, 306]

 ### Operon type: 158

	 A0A011WPV7	[307, 306, 0, 0, 0, 0, 0, 0, 0]

 ### Operon type: 159

	 A0A011UDF3	[637, 253, 0, 0, 0, 479, 252, 251, 767]

 ### Operon type: 160

	 A0A011VSC9	[252, 251, 767, 0, 0, 0, 0, 0, 0]

 ### Operon type: 161

	 A0A011SF89	[840, 839, 838, 0, 0, 0, 0, 0, 0]

 ### Operon type: 162

	 A0A011UCX7	[0, 791, 840, 839, 0, 838, 254, 0, 0]

 ### Operon type: 163

	 A0A011RNP9	[0, 0, 0, 0, 0, 848, 847, 0, 0]

 ### Operon type: 164

	 A0A011V0B5	[843, 0, 0, 0, 0, 0, 848, 0, 0]

 ### Operon type: 165

	 A0A011RQC9	[0, 843, 842, 0, 0, 0, 0, 841, 0]

 ### Operon type: 166

	 A0A011QG28	[492, 491, 637, 0, 636, 635, 657, 490, 658]
	 A0A011RIM8	[492, 491, 0, 0, 636, 635, 657, 490, 658]

 ### Operon type: 167

	 A0A011PHI6	[666, 0, 665, 0, 0, 664, 749, 790, 0]

 ### Operon type: 168

	 A0A011QI68	[0, 0, 665, 664, 0, 0, 0, 0, 0]

 ### Operon type: 169

	 A0A011NVJ6	[775, 774, 773, 772, 771, 770, 0, 0, 769]

 ### Operon type: 170

	 A0A011PVP2	[0, 774, 773, 772, 771, 770, 0, 0, 702]

 ### Operon type: 171

	 A0A011NXY7	[0, 0, 773, 0, 771, 0, 0, 0, 0]

 ### Operon type: 172

	 A0A011NUB4	[787, 786, 785, 784, 783, 782, 0, 781, 0]
	 A0A011QR69	[787, 786, 785, 784, 783, 782, 0, 0, 0]

 ### Operon type: 173

	 A0A011NN36	[786, 785, 0, 0, 783, 782, 0, 0, 0]

 ### Operon type: 174

	 A0A011PK69	[785, 331, 0, 0, 783, 782, 0, 0, 0]

 ### Operon type: 175

	 A0A011RMI6	[857, 856, 855, 854, 853, 852, 851, 850, 849]
	 A0A011NYD6	[857, 856, 855, 854, 853, 852, 851, 850, 849]

 ### Operon type: 176

	 A0A011QB28	[703, 857, 856, 0, 0, 852, 851, 850, 849]

 ### Operon type: 177

	 A0A011NF33	[0, 852, 851, 0, 0, 0, 0, 0, 0]

 ### Operon type: 178

	 A0A011NBY4	[794, 0, 0, 793, 0, 0, 792, 0, 0]

 ### Operon type: 179

	 A0A011WRT0	[794, 0, 0, 0, 0, 0, 0, 835, 0]

 ### Operon type: 180

	 A0A011SHV5	[0, 0, 0, 0, 0, 830, 835, 829, 0]

 ### Operon type: 181

	 A0A011NB95	[0, 804, 0, 0, 0, 0, 803, 802, 801]

 ### Operon type: 182

	 A0A011UHT4	[115, 179, 802, 0, 0, 55, 55, 801, 0]

 ### Operon type: 183

	 A0A010Z1W7	[0, 0, 0, 0, 0, 102, 0, 441, 442]

 ### Operon type: 184

	 A0A011VY84	[0, 0, 442, 441, 0, 0, 0, 0, 0]

 ### Operon type: 185

	 A0A010YW85	[0, 0, 0, 0, 0, 354, 0, 441, 442]

 ### Operon type: 186

	 A0A010ZMA0	[441, 828, 0, 0, 0, 0, 0, 0, 0]

 ### Operon type: 187

	 A0A011N5L2	[0, 0, 0, 828, 0, 827, 826, 0, 0]

 ### Operon type: 188

	 A0A009MJ75	[0, 0, 147, 146, 145, 0, 0, 0, 724]

 ### Operon type: 189

	 A0A010IH51	[0, 566, 0, 0, 145, 0, 724, 0, 0]

 ### Operon type: 190

	 A0A011TYT7	[0, 0, 0, 0, 0, 0, 566, 457, 457]

 ### Operon type: 191

	 A0A010RRR9	[0, 0, 0, 0, 726, 0, 0, 725, 724]

 ### Operon type: 192

	 A0A010SIA7	[0, 0, 725, 183, 0, 0, 0, 0, 0]

 ### Operon type: 193

	 A0A010RFQ9	[0, 0, 734, 0, 733, 0, 0, 0, 0]

 ### Operon type: 194

	 A0A010SPR9	[44, 44, 0, 0, 0, 733, 0, 0, 0]

 ### Operon type: 195

	 A0A009LNU8	[310, 312, 461, 334, 0, 264, 0, 617, 0]

 ### Operon type: 196

	 A0A013SRG6	[333, 334, 461, 312, 0, 311, 0, 310, 671]

 ### Operon type: 197

	 A0A009IQU8	[0, 312, 0, 0, 0, 311, 671, 0, 0]

 ### Operon type: 198

	 A0A010K2K8	[461, 334, 333, 0, 0, 0, 0, -1, 617]

 ### Operon type: 199

	 A0A011NPR8	[0, 671, 0, 0, 0, 0, 670, 0, 0]

 ### Operon type: 200

	 A0A010SEA2	[722, 670, 181, 0, 0, 0, 0, 0, 0]

 ### Operon type: 201

	 A0A010IGH8	[0, 0, 0, 0, 0, 0, 0, 395, 554]

 ### Operon type: 202

	 A0A010STD3	[0, 0, 0, 478, 477, 476, 0, 554, 395]

 ### Operon type: 203

	 A0A010SQJ5	[386, 571, 0, 478, 477, 476, 0, 0, 0]

 ### Operon type: 204

	 A0A013RVV2	[598, 0, 397, 396, 0, 0, 554, 395, 0]

 ### Operon type: 205

	 A0A011TD67	[479, 0, 0, 478, 477, 476, 475, 0, 474]

 ### Operon type: 206

	 A0A009ZC12	[0, 0, 0, 478, 0, 476, 475, 4, 765]

 ### Operon type: 207

	 A0A009YSC7	[0, 0, 792, 1, 0, 1, 397, 396, 0]

 ### Operon type: 208

	 A0A009ZJK4	[0, 0, 0, 0, 0, 0, 559, 41, 0]

 ### Operon type: 209

	 A0A010SVN1	[-1, 41, 813, 241, 371, 0, 0, 559, 0]

 ### Operon type: 210

	 A0A009PFK7	[208, 207, 206, 205, 204, 0, 0, 203, 0]
	 A0A009QGN4	[208, 207, 206, 205, 204, 203, 0, 0, 0]

 ### Operon type: 211

	 A0A009YR20	[0, 203, 0, 0, 0, 0, 207, 0, 0]

 ### Operon type: 212

	 A0A009SCM5	[92, 91, 90, 0, 0, 0, 0, 0, 0]

 ### Operon type: 213

	 A0A009TJ77	[111, 230, 0, 0, 0, 0, 92, 91, 90]

 ### Operon type: 214

	 A0A009HZV2	[0, 0, 0, 0, 229, 228, 225, 0, 0]

 ### Operon type: 215

	 A0A009QPE7	[0, 0, 0, 0, 229, 228, 0, 0, 0]

 ### Operon type: 216

	 A0A009MGR3	[0, 0, 249, 0, 526, 107, 82, 248, 247]

 ### Operon type: 217

	 A0A009Q4G0	[0, 250, 249, 0, 526, 0, 248, 247, 248]

 ### Operon type: 218

	 A0A009PB53	[0, 0, 211, 210, 526, 248, 247, 248, 209]

 ### Operon type: 219

	 A0A009PUJ8	[0, 211, 210, 526, 0, 209, 112, 117, 116]

 ### Operon type: 220

	 A0A009QQC0	[227, 0, 226, 813, 363, 363, 242, 434, 241]
	 A0A009H7I0	[227, 0, 0, 813, 363, 363, 242, 434, 241]

 ### Operon type: 221

	 A0A009MVG4	[226, 0, 364, 813, 363, 363, 242, 434, 241]

 ### Operon type: 222

	 A0A009QA91	[244, 243, 661, 813, 363, 363, 242, 434, 241]
	 A0A010J377	[244, 243, 661, 813, 363, 363, 242, 434, 241]

 ### Operon type: 223

	 A0A009S1X4	[244, 243, 661, 813, 363, 363, 813, 0, 197]

 ### Operon type: 224

	 A0A013SHF4	[0, 0, 364, 813, 363, 363, 0, 362, 0]

 ### Operon type: 225

	 A0A011N3C3	[0, 0, 0, 692, 691, 690, 689, 688, 687]
	 A0A011PJK8	[692, 691, 690, 689, 688, 687, 0, 0, 0]

 ### Operon type: 226

	 A0A011WKI4	[0, 0, 0, 0, 0, 675, 279, 278, 281]
	 A0A011UWH1	[675, 279, 278, 281, 0, 0, 0, 0, 0]

 ### Operon type: 227

	 A0A010YKP2	[0, 0, 0, 0, 0, 0, 769, 302, 0]

 ### Operon type: 228

	 A0A011V1A2	[308, 0, 0, 302, 0, 0, 0, 0, 0]

 ### Operon type: 229

	 A0A011NGS0	[0, 0, 0, 0, 673, 672, 0, 0, 0]

 ### Operon type: 230

	 A0A011PW61	[0, 0, 0, 0, 673, 672, 0, 0, 623]

 ### Operon type: 231

	 A0A011UXI1	[0, 329, 0, 0, 673, 672, 473, 0, 0]

 ### Operon type: 232

	 A0A011SWI9	[-1, -1, 0, 666, 673, 672, 473, -1, -1]

 ### Operon type: 233

	 A0A011P952	[672, 0, 653, 0, 0, 653, 0, 0, 0]

 ### Operon type: 234

	 A0A011QVV5	[0, 0, 695, 790, 789, 788, 789, 702, 694]
	 A0A011Q1B3	[695, 790, 789, 788, 789, 702, 694, 0, 0]

 ### Operon type: 235

	 A0A011NSG8	[0, 0, 0, 790, 789, 788, 0, 789, 0]

 ### Operon type: 236

	 A0A011P0X4	[0, 0, 694, 0, 789, 0, 0, 788, 57]

 ### Operon type: 237

	 A0A010YNY9	[0, 0, 103, 28, 0, 0, 0, 0, 58]

 ### Operon type: 238

	 A0A011AC71	[197, 0, 0, 373, 0, 103, 28, 0, 661]

 ### Operon type: 239

	 A0A011PRW6	[543, 0, 0, 0, 542, 856, 855, 0, 0]
	 A0A011QLX0	[0, 543, 0, 0, 542, 0, 856, 855, 0]

 ### Operon type: 240

	 A0A010SML6	[0, 856, 855, -1, 0, 667, 0, 0, 0]

 ### Operon type: 241

	 A0A010RS09	[0, 0, 0, 0, 50, 0, 732, 732, 0]

 ### Operon type: 242

	 A0A010RTE7	[0, 0, 0, 0, 0, 0, 50, 230, 0]

 ### Operon type: 243

	 A0A009P817	[246, 0, 0, 0, 155, 0, 356, 154, 153]

 ### Operon type: 244

	 A0A009TIY0	[0, 0, 0, 0, 155, 0, 356, 154, 0]

 ### Operon type: 245

	 A0A009QKA3	[356, 154, 0, 153, 0, 0, 0, 0, 208]

 ### Operon type: 246

	 A0A009HSR2	[0, 123, 122, 0, 121, 131, 132, 225, 133]

 ### Operon type: 247

	 A0A009SWM1	[0, 123, 122, 0, 121, 0, 0, 132, 0]

 ### Operon type: 248

	 A0A009MYX0	[134, 133, 0, 692, 0, 0, 132, 131, 130]

 ### Operon type: 249

	 A0A009QK79	[0, 0, 130, 131, 0, 132, 0, 0, 133]

 ### Operon type: 250

	 A0A009GXJ1	[301, 300, 131, 132, 73, 225, 133, 134, 0]

 ### Operon type: 251

	 A0A010IT95	[0, 0, 0, 617, 552, 551, 550, 549, 548]
	 A0A013TKW8	[0, 643, 0, 617, 552, 551, 550, 549, 548]
	 A0A009QT77	[0, 0, -1, 617, 552, 551, 550, 549, 548]
	 A0A009PRQ9	[0, 617, 163, 0, 552, 551, 550, 549, 548]
	 A0A009MH36	[0, 0, 0, 617, 552, 551, 550, 549, 548]
	 A0A009I5G9	[0, 0, 617, 163, 552, 551, 550, 549, 548]
	 A0A009S0T6	[0, 0, 617, 163, 552, 551, 550, 549, 548]
	 A0A009GWD0	[225, 0, 0, 617, 552, 551, 550, 549, 548]

 ### Operon type: 252

	 A0A013TMJ7	[780, -1, 0, 617, 552, 549, 548, 0, 0]

 ### Operon type: 253

	 A0A011VXC2	[-1, 448, 0, 545, 447, 446, 445, 444, 443]
	 A0A011V392	[448, 0, 545, 447, 446, 445, 0, 444, 443]

 ### Operon type: 254

	 A0A011V490	[357, 406, 0, 443, 444, 445, 446, 447, 545]

 ### Operon type: 255

	 A0A011VZF5	[0, 0, 447, 446, 445, 791, 406, 791, 0]

 ### Operon type: 256

	 A0A011WLE7	[0, 0, 0, 0, 0, 277, 0, 0, 0]
	 A0A011VU44	[0, 0, 0, 0, 0, 277, 0, 0, 0]

 ### Operon type: 257

	 A0A011VAP2	[0, 0, 164, 0, 0, 0, 0, 0, 325]

 ### Operon type: 258

	 A0A011VRJ8	[0, 0, 0, 0, 0, 0, 164, 0, 0]

 ### Operon type: 259

	 A0A011RNU1	[0, 0, 0, 0, 0, 0, 846, 846, 845]

 ### Operon type: 260

	 A0A011VKJ9	[0, 0, 0, 0, 0, 0, 845, 846, -1]

 ### Operon type: 261

	 A0A011PQZ7	[0, 0, 0, 547, 619, 0, 546, 0, 0]

 ### Operon type: 262

	 A0A011TUX4	[0, 0, 0, 0, 619, 0, 0, 546, 0]

 ### Operon type: 263

	 A0A011STZ9	[0, 0, 0, 546, 0, 0, 0, 0, 0]

 ### Operon type: 264

	 A0A011PRF5	[544, 0, 0, 0, 0, 0, 0, 0, 0]
	 A0A011PUJ9	[0, 0, 0, 0, 0, 0, 0, 0, 544]

 ### Operon type: 265

	 A0A011PFY8	[0, 0, 0, 0, 0, 0, 0, 0, 642]

 ### Operon type: 266

	 A0A011PNS3	[743, 642, 0, 0, 0, 0, 0, 0, 0]

 ### Operon type: 267

	 A0A011T648	[0, 642, 0, 0, 0, 0, 0, 785, 0]

 ### Operon type: 268

	 A0A010YYJ5	[0, 0, 0, 791, 0, 0, 0, 48, 48]

 ### Operon type: 269

	 A0A011NDM5	[791, 0, 0, 0, 0, 0, 0, 0, 0]

 ### Operon type: 270

	 A0A011MSR2	[0, 0, 0, 693, 0, 0, 0, 791, 791]

 ### Operon type: 271

	 A0A011WSU6	[0, 791, 0, 0, 444, 0, 0, 0, 0]

 ### Operon type: 272

	 A0A011U3C2	[0, 0, 657, 0, 0, 0, 0, 0, 0]
	 A0A011AEN3	[0, 0, 0, 0, 0, 0, 657, 0, 0]

 ### Operon type: 273

	 A0A011AAZ2	[0, 59, 0, 0, 0, 657, 657, 657, 0]

 ### Operon type: 274

	 A0A011T698	[0, 0, 0, 0, 0, 661, 657, 0, 0]

 ### Operon type: 275

	 A0A010YRE8	[0, 0, 0, 0, 0, 0, 0, 11, 0]

 ### Operon type: 276

	 A0A011AF05	[0, 0, 197, 11, 0, 0, 0, 0, 0]

 ### Operon type: 277

	 A0A009ZG48	[0, 0, 0, 643, 0, 0, 0, 0, 0]

 ### Operon type: 278

	 A0A011PEJ8	[0, 0, 644, 643, 0, 0, 0, 0, 0]

 ### Operon type: 279

	 A0A011QNJ7	[677, 0, 0, 643, 0, 0, 0, 677, 0]

 ### Operon type: 280

	 A0A011MMJ4	[0, 0, 0, 0, 0, 0, 0, 677, 0]

 ### Operon type: 281

	 A0A011R8M3	[0, 0, 644, 643, 0, 472, 0, 677, 0]

 ### Operon type: 282

	 A0A009ZC82	[0, 0, 663, 0, 0, 0, 0, 0, 0]

 ### Operon type: 283

	 A0A011P3F6	[667, 0, 0, 663, 0, 0, 0, 0, 0]

 ### Operon type: 284

	 A0A009IG48	[0, 0, 0, 221, 220, 0, 0, 0, 667]

 ### Operon type: 285

	 A0A009IMQ0	[0, 0, 0, 221, 220, 0, 0, 0, 0]

 ### Operon type: 286

	 A0A009SWV1	[0, 0, 0, 0, 0, 0, 0, 221, 0]

 ### Operon type: 287

	 A0A009Q512	[0, 0, 0, 0, 245, 0, 0, 0, 0]
	 A0A009PMZ9	[245, 0, 0, 0, 0, 0, 0, 0, 0]

 ### Operon type: 288

	 A0A009IFL2	[0, 63, 0, 62, -1, 0, 0, 0]

 ### Operon type: 289

	 A0A009ZDS1	[-1, -1, 0, 63, 0, 0, 608, 0, 0]

 ### Operon type: 290

	 A0A010SNM6	[105, 104, -1, 0, 0, 0, 780, 0, 0]

 ### Operon type: 291

	 A0A010T5D8	[104, 105, 0, -1, 0, -1, 419, 0, 0]

 ### Operon type: 292

	 A0A011UB51	[440, 0, 0, 0, 0, 0, 0, 0, 0]
	 A0A011UFH1	[0, 0, 0, 0, 0, 440, 0, 0, 0]

 ### Operon type: 293

	 A0A011V965	[0, -1, -1, 0, 165, 0, -1, -1, 0]
	 A0A011VHP2	[0, -1, -1, -1, 165, 0, 0, 0, 0]

 ### Operon type: 294

	 A0A010RVD0	[-1, 0, 0, -1, 0, 815, 815, 0, 45]

 ### Operon type: 295

	 A0A010T7Q5	[0, 45, 0, 0, 0, 0, -1, 0, 0]

 ### Operon type: 296

	 A0A010SJH7	[0, 0, 780, -1, 0, 0, 242, 0, 0]

 ### Operon type: 297

	 A0A010SRR2	[0, 0, -1, 0, 0, 0, 0, 0, 780]

 ### Operon type: 298

	 A0A010RKP8	[0, 0, 0, 0, 0, 0, -1, 0, 0]
	 A0A010TF14	[-1, 0, 0, 0, 0, 0, 0, 0, 0]
	 A0A010RY47	[-1, 0, -1, 0, 0, 0, 0, 0, 0]
	 A0A009HJU6	[0, 0, 0, 0, 0, 0, 0, 0, -1]
	 A0A011UZ32	[0, 0, 0, 0, 0, -1, 0, 0, 0]

 ### Operon type: 299

	 A0A010SJF9	[0, 0, 0, 0, 0, -1, 0, 106, -1]

 ### Operon type: 300

	 A0A011ML54	[0, 0, 0, 678, 0, 0, 0, 0, -1]

 ### Operon type: 301

	 A0A011NHY1	[0, 0, 0, 0, 0, 780, 0, 0, 0]

 ### Operon type: 302

	 A0A010Z171	[0, 0, 0, 0, 0, 0, 780, 0, 692]

 ### Operon type: 303

	 A0A011T697	[780, 0, 0, 0, 0, 0, 0, 0, 356]

 ### Operon type: 304

	 A0A011TDD1	[0, 372, 780, 0, 0, 0, 0, 0, 0]

 ### Operon type: 305

	 A0A011VW24	[0, 0, 859, 0, 0, 0, 0, 0, -1]

 ### Operon type: 306

	 A0A011T8V3	[0, 0, 859, 0, 0, 0, 0, 0, 0]

 ### Operon type: 307

	 A0A010TH98	[623, 0, 0, 859, 0, 0, 0, 0, 0]

 ### Operon type: 308

	 A0A011QVR3	[0, 0, 0, 0, 0, 0, 0, 804, 859]

 ### Operon type: 309

	 A0A011VYF1	[859, 0, 0, 0, 0, 0, 440, 0, 0]

 ### Operon type: 310

	 A0A010S415	[-1, 859, 0, 241, 0, 0, 0, 0, 596]

 ### Operon type: 311

	 A0A011NAJ1	[0, 0, 0, 0, 0, 0, 0, 0, 0]
	 A0A011NTU3	[0, 0, 0, 0, 0, 0, 0, 0, 0]
	 A0A011QSN2	[0, 0, 0, 0, 0, 0, 0, 0, 0]
	 A0A011N2Z0	[0, 0, 0, 0, 0, 0, 0, 0, 0]
	 A0A011NMI8	[0, 0, 0, 0, 0, 0, 0, 0, 0]
	 A0A011P9Z5	[0, 0, 0, 0, 0, 0, 0, 0, 0]
	 A0A011PBM9	[0, 0, 0, 0, 0, 0, 0, 0, 0]
	 A0A011Q056	[0, 0, 0, 0, 0, 0, 0, 0, 0]
	 A0A013TEV4	[0, 0, 0, 0, 0, 0, 0, 0, 0]
	 A0A011QMJ8	[0, 0, 0, 0, 0, 0, 0, 0, 0]
	 A0A011VYF6	[0, 0, 0, 0, 0, 0, 0, 0, 0]
	 A0A013SL47	[0, 0, 0, 0, 0, 0, 0, 0, 0]
	 A0A011WUT3	[0, 0, 0, 0, 0, 0, 0, 0, 0]
	 A0A013S2B9	[0, 0, 0, 0, 0, 0, 0, 0, 0]
	 A0A013SBR8	[0, 0, 0, 0, 0, 0, 0, 0, 0]
	 A0A011PNN2	[0, 0, 0, 0, 0, 0, 0, 0, 0]
	 A0A011UHL2	[0, 0, 0, 0, 0, 0, 0, 0, 0]
	 A0A009M4K0	[0, 0, 0, 0, 0, 0, 0, 0, 0]
	 A0A011UBN9	[0, 0, 0, 0, 0, 0, 0, 0, 0]
	 A0A009PDV4	[0, 0, 0, 0, 0, 0, 0, 0, 0]
	 A0A010SHY1	[0, 0, 0, 0, 0, 0, 0, 0, 0]
	 A0A011VNE2	[0, 0, 0, 0, 0, 0, 0, 0, 0]
	 A0A009MH90	[0, 0, 0, 0, 0, 0, 0, 0, 0]
	 A0A009HIL8	[0, 0, 0, 0, 0, 0, 0, 0, 0]
	 A0A011UFM5	[0, 0, 0, 0, 0, 0, 0, 0, 0]
	 A0A010SPJ7	[0, 0, 0, 0, 0, 0, 0, 0, 0]
	 A0A010SSQ8	[0, 0, 0, 0, 0, 0, 0, 0, 0]
	 A0A010T025	[0, 0, 0, 0, 0, 0, 0, 0, 0]
	 A0A010YJA7	[0, 0, 0, 0, 0, 0, 0, 0, 0]
	 A0A010ZTI3	[0, 0, 0, 0, 0, 0, 0, 0, 0]
	 A0A011A146	[0, 0, 0, 0, 0, 0, 0, 0, 0]
	 A0A010YZS8	[0, 0, 0, 0, 0, 0, 0, 0, 0]
	 A0A010Z120	[0, 0, 0, 0, 0, 0, 0, 0, 0]

 ### Operon type: 312

	 A0A010TG27	[675, 0, 54, 0, 0, 0, 813, 0, 0]

 ### Operon type: 313

	 A0A011PMK1	[0, 0, 0, 0, 0, 0, 0, 675, 0]

 ### Operon type: 314

	 A0A009HM15	[0, 260, 114, 0, 0, 0, -1, 0, 0]

 ### Operon type: 315

	 A0A009HRU1	[0, 131, 0, 0, 0, 0, 0, 0, 0]

 ### Operon type: 316

	 A0A009HSN8	[0, 250, 0, 0, 0, -1, 0, 209, -1]

 ### Operon type: 317

	 A0A009HV82	[112, 0, 0, 0, 0, 0, 0, 0, 0]

 ### Operon type: 318

	 A0A009IG74	[0, 0, 146, 0, 409, -1, 0, 0, 0]

 ### Operon type: 319

	 A0A009IJ90	[0, 111, 0, 0, 0, 0, 0, 0, 0]

 ### Operon type: 320

	 A0A009NM94	[0, 837, 837, 0, 0, 0, 372, 0, 0]

 ### Operon type: 321

	 A0A009Q4N5	[0, 0, 246, 0, 0, 0, 0, 0, 0]

 ### Operon type: 322

	 A0A009SSZ9	[0, 124, 0, 0, 0, 0, 0, 0, 0]

 ### Operon type: 323

	 A0A009YIH1	[0, 0, 0, 0, 262, 0, -1, -1, 2]

 ### Operon type: 324

	 A0A009YR05	[0, 0, 0, 0, 141, 0, 0, 0, 0]

 ### Operon type: 325

	 A0A009Z004	[86, 0, 86, 0, 0, 692, 0, 0, 0]

 ### Operon type: 326

	 A0A010RUQ5	[0, 0, 0, 0, 0, 0, 0, 0, 259]

 ### Operon type: 327

	 A0A010S195	[663, 0, 102, 101, 0, 0, 0, 0, 0]

 ### Operon type: 328

	 A0A010SCZ2	[0, 0, 0, 0, 0, 0, 0, 324, 0]

 ### Operon type: 329

	 A0A010SN41	[0, 0, 0, 0, 313, 0, 0, 0, 0]

 ### Operon type: 330

	 A0A010SSU2	[0, 0, 0, 0, 73, 0, -1, 654, 0]

 ### Operon type: 331

	 A0A010SUP6	[0, 0, 0, 0, 0, 0, 0, 101, 0]

 ### Operon type: 332

	 A0A010SUY9	[0, 0, 0, 0, 0, 472, 644, 0]

 ### Operon type: 333

	 A0A010THK2	[0, 0, -1, 0, 0, 732, 692, 0, 0]

 ### Operon type: 334

	 A0A010SRL4	[54, 0, 0, -1, 0, 0, 0, 692, 217]

 ### Operon type: 335

	 A0A010YX61	[425, 657, 0, 859, 0, 0, 0, 0, 0]

 ### Operon type: 336

	 A0A010S5W8	[0, 0, 693, 702, 0, 0, 0, 0, 0]

 ### Operon type: 337

	 A0A011NE37	[584, 0, 0, 0, 0, 0, 0, 0, 0]

 ### Operon type: 338

	 A0A011NF78	[0, 0, 764, 0, 0, 0, 0, 0, 0]

 ### Operon type: 339

	 A0A011NVE2	[0, 0, 0, 785, 0, 0, 780, 0, 779]

 ### Operon type: 340

	 A0A011NXJ4	[0, 0, 0, 0, 0, 0, 0, 0, 768]

 ### Operon type: 341

	 A0A011P8I1	[0, 0, 658, 657, 0, 0, 0, 0, 656]

 ### Operon type: 342

	 A0A011P9Q7	[652, 0, 0, 0, 0, 0, 0, 0, 0]

 ### Operon type: 343

	 A0A011PJ75	[0, 785, 575, 785, 0, 0, 0, 0, 0]

 ### Operon type: 344

	 A0A011PRB4	[0, 0, 0, 0, 0, 0, 0, 545, 0]

 ### Operon type: 345

	 A0A011QVT2	[744, 0, 0, 0, 0, 0, 0, 743, 0]

 ### Operon type: 346

	 A0A011RP14	[0, 0, 0, 0, 0, 0, 0, 844, 0]

 ### Operon type: 347

	 A0A011SM49	[780, 0, 844, 0, 0, 0, 466, 0, 0]

 ### Operon type: 348

	 A0A011AM27	[546, 0, 0, 0, 611, 0, 0, 0, 39]

 ### Operon type: 349

	 A0A011T607	[0, 0, 702, 0, 0, 0, 0, 0, 372]

 ### Operon type: 350

	 A0A011TAW2	[0, 0, 0, 0, 0, 0, 394, 0, 0]

 ### Operon type: 351

	 A0A011TED9	[0, 0, 0, 0, 0, 485, 0, 0, 0]

 ### Operon type: 352

	 A0A011TXS5	[0, 458, 0, 0, 0, 0, 0, 0, 0]

 ### Operon type: 353

	 A0A011U144	[0, 259, 0, 0, 0, 0, 768, 521, 0]

 ### Operon type: 354

	 A0A011U1C8	[661, 0, 0, 0, 0, 0, 0, 0, 258]

 ### Operon type: 355

	 A0A011U483	[0, 0, 0, 0, 0, 660, 0, 0, 0]

 ### Operon type: 356

	 A0A011UG86	[0, 790, 0, 0, 0, 106, 0, 0, 0]

 ### Operon type: 357

	 A0A011UQB5	[834, 793, 0, 0, 0, 0, 0, 440, 0]

 ### Operon type: 358

	 A0A011UVI5	[0, 0, 0, 0, 0, 58, 785, 785, 0]

 ### Operon type: 359

	 A0A011UWI3	[0, 0, 0, 0, 157, 0, 187, 663, 0]

 ### Operon type: 360

	 A0A011V5E6	[0, 0, 0, 0, 0, 358, 0, 0, 0]

 ### Operon type: 361

	 A0A011M4H6	[325, 0, 729, 0, 0, 0, 0, 0, 0]

 ### Operon type: 362

	 A0A011VSV3	[0, 0, 0, 0, 0, 0, 637, 0, 0]

 ### Operon type: 363

	 A0A011VWI0	[0, 0, 0, 0, 0, 179, 0, 0, 0]

 ### Operon type: 364

	 A0A011VZ91	[281, 0, 0, 0, 0, 0, 0, 0, 0]

 ### Operon type: 365

	 A0A011WP76	[0, 0, 0, 0, 0, 0, 0, 0, 746]

 ### Operon type: 366

	 A0A011WSD4	[0, 0, 0, -1, 0, 791, 0, 0, 406]

 ### Operon type: 367

	 A0A011WT35	[406, 0, 0, 0, 0, 0, 0, 0, 0]

 ### Operon type: 368

	 A0A013S843	[0, 434, 0, 0, 0, 0, -1, 386, 0]

 ### Operon type: 369

	 A0A013T5E6	[0, 0, 0, 526, 0, 0, 0, 0, 0]

 ### Operon type: 370

	 A0A009T185	[786, 0, 575, 575, 576, 785, 575, 574, 770]

 ### Operon type: 371

	 A0A010IN36	[577, 780, 0, 0, 576, 785, 575, 574, 770]

 ### Operon type: 372

	 A0A009PG43	[785, 575, 508, 743, 0, 574, 770, 0, 0]

 ### Operon type: 373

	 A0A009INE0	[577, 0, 0, 0, 0, 0, 0, 575, 574]

 ### Operon type: 374

	 A0A009T9H0	[0, 2, 667, -1, 0, 0, 132, 0, 131]

 ### Operon type: 375

	 A0A010THH5	[0, 181, 63, 58, 0, 0, 829, 0, 608]

 ### Operon type: 376

	 A0A011WSH8	[0, 0, 0, 813, 314, 0, 0, 0, 0]
	 A0A011VZE3	[0, 0, 0, 813, 314, 0, 0, 0, 0]

 ### Operon type: 377

	 A0A011NAF3	[0, 0, 0, 0, 0, 0, 813, 0, 819]

 ### Operon type: 378

	 A0A009IQ93	[254, 0, 813, 0, 0, 217, 0, 0, 0]

 ### Operon type: 379

	 A0A009Q8S9	[0, 0, 667, 387, 0, 450, 0, 0, 0]

 ### Operon type: 380

	 A0A009TLU4	[0, 458, -1, 264, 0, 43, 0, -1, -1]

 ### Operon type: 381

	 A0A009ZB47	[118, 159, 0, 0, 0, 791, 606, 0, 0]

 ### Operon type: 382

	 A0A009ZVR4	[842, 0, 657, 0, 0, 48, 0, 0, 47]

 ### Operon type: 383

	 A0A010JIN9	[606, 0, 0, 230, 231, 0, 0, 0, 0]

 ### Operon type: 384

	 A0A010S003	[633, 0, 0, 0, 0, 790, 790, 571, 0]

 ### Operon type: 385

	 A0A010SMN8	[0, -1, 103, 0, 733, 0, 0, 640, 0]

 ### Operon type: 386

	 A0A010SXS1	[0, 508, 0, 0, 0, 453, 0, 0, 743]

 ### Operon type: 387

	 A0A010T689	[39, -1, 829, 848, 0, 0, 0, 0, 0]

 ### Operon type: 388

	 A0A010TBB4	[0, 399, 0, 106, 0, 0, 0, 0, 661]

 ### Operon type: 389

	 A0A010YFK3	[0, 861, 0, 0, 0, 0, 135, 0, 258]

 ### Operon type: 390

	 A0A010YVY1	[8, 0, 8, 0, 0, 0, 0, 571, 0]

 ### Operon type: 391

	 A0A010ZSZ2	[0, 59, 0, 25, 24, 0, 0, 0, 0]

 ### Operon type: 392

	 A0A010Z0Y7	[0, 0, 0, 0, 24, 241, 0, 0, 0]

 ### Operon type: 393

	 A0A011A0M8	[0, 0, 692, 0, 62, 0, 0, 10, 10]

 ### Operon type: 394

	 A0A011NFL4	[0, 836, 0, 0, 676, 675, 0, 674, 0]

 ### Operon type: 395

	 A0A011P407	[0, 0, 662, 835, 0, 0, 661, 0, 660]

 ### Operon type: 396

	 A0A011QGT2	[813, 0, 0, 689, 688, 0, 0, 0, 0]

 ### Operon type: 397

	 A0A011QSA4	[767, 0, 766, 765, 0, 0, 0, 0, 764]

 ### Operon type: 398

	 A0A011T6J6	[0, 718, 0, 657, 0, 0, 355, 0, 354]

 ### Operon type: 399

	 A0A011TAL2	[0, 702, 0, 0, 0, 373, 0, 769, 0]

 ### Operon type: 400

	 A0A011TZG0	[692, 716, 0, 0, 0, 0, 0, 503, 0]

 ### Operon type: 401

	 A0A011UGY3	[316, 315, 358, 56, 0, 0, 0, 56, 0]

 ### Operon type: 402

	 A0A011UII7	[0, 0, 0, 0, 0, 779, 456, 0, 0]

 ### Operon type: 403

	 A0A011UNT9	[450, 469, 0, 0, 0, 0, 0, 0, 0]

 ### Operon type: 404

	 A0A011SIS0	[0, 706, 470, 470, 0, 0, 0, 469, 0]

 ### Operon type: 405

	 A0A011UT49	[0, 59, 0, 0, 0, 0, 508, 143, 0]

 ### Operon type: 406

	 A0A011VU65	[136, 0, 0, 0, 0, 135, 0, 637, 253]

 ### Operon type: 407

	 A0A011VV03	[0, 327, 0, 0, 326, 325, 0, 0, 0]

 ### Operon type: 408

	 A0A011VVZ9	[0, 0, -1, 0, 0, 324, 323, 323, 468]

 ### Operon type: 409

	 A0A011VWX7	[743, 449, 0, 0, 0, 0, 0, 830, 0]

 ### Operon type: 410

	 A0A011VXK7	[837, 837, 0, 581, 0, 0, 0, 720, 0]

 ### Operon type: 411

	 A0A011W0I6	[280, 0, 0, 0, 0, 681, 0, 678, 0]

 ### Operon type: 412

	 A0A010YEF6	[0, 280, 0, 0, 0, 0, 0, 0, 40]

 ### Operon type: 413

	 A0A013SQH1	[0, 0, 0, 0, 313, 330, 0, 617, 803]

 ### Operon type: 414

	 A0A009QJA8	[117, 116, 0, 0, 0, 0, 0, 0, 742]

 ### Operon type: 415

	 A0A009YL68	[0, 0, 661, 426, 423, 0, 0, 4, 0]

 ### Operon type: 416

	 A0A010JNG7	[617, 0, 0, 616, 0, 0, 0, 0, 0]

 ### Operon type: 417

	 A0A010RM40	[731, 813, 730, 0, 0, 0, 0, -1, 814]

 ### Operon type: 418

	 A0A010RRQ6	[0, 729, 0, 0, 0, 733, 728, 727, 0]

 ### Operon type: 419

	 A0A010S423	[355, 0, 0, 0, 0, 0, 0, 187, 841]

 ### Operon type: 420

	 A0A010T0I7	[0, 0, 40, 0, 0, 658, 766, 813, 0]

 ### Operon type: 421

	 A0A010ZUR7	[327, 23, 0, 23, 0, 22, 571, 0, 0]

 ### Operon type: 422

	 A0A011NA78	[0, 816, 0, 0, 0, 815, 0, 0, 814]

 ### Operon type: 423

	 A0A011P8W7	[655, 662, 743, 0, 654, 0, 0, 0, 0]

 ### Operon type: 424

	 A0A011PG97	[640, 0, 0, 639, 0, 0, 0, 0, 0]

 ### Operon type: 425

	 A0A011PKT4	[0, 330, 0, 0, 0, 0, 329, 0, 0]

 ### Operon type: 426

	 A0A011PLB2	[0, 655, 0, 331, 0, 0, 0, 0, 0]

 ### Operon type: 427

	 A0A011R339	[0, 0, 0, 0, 0, 0, 301, 300, 0]

 ### Operon type: 428

	 A0A011SFE5	[0, 0, 0, 837, 0, 0, 836, 835, 834]

 ### Operon type: 429

	 A0A011SJT5	[0, 0, 0, 468, 467, 467, 467, 467, 467]

 ### Operon type: 430

	 A0A011TDQ5	[0, 0, 0, 0, 371, 683, 0, 0, 0]

 ### Operon type: 431

	 A0A011VT01	[0, 0, 137, 0, 0, 137, 0, 0, 191]

 ### Operon type: 432

	 A0A009Z3V9	[813, 0, 0, 0, 0, 127, 690, 128, 129]

 ### Operon type: 433

	 A0A010SRB2	[43, 42, 0, 0, 0, 42, 105, 0, 0]

 ### Operon type: 434

	 A0A010KA25	[606, 0, 829, 556, 332, 0, 0, 606, 438]

 ### Operon type: 435

	 A0A011TZN1	[291, 290, 289, 0, 288, 0, 0, 0, 0]

 ### Operon type: 436

	 A0A011VJ76	[144, 144, 143, 674, 0, 813, 692, 0, 662]

 ### Operon type: 437

	 A0A011UG17	[188, 0, 282, 0, 321, 136, 0, 0, 0]

 ### Operon type: 438

	 A0A011WUA8	[703, 0, 0, 405, 0, 0, 0, 404, 404]

 ### Operon type: 439

	 A0A010S4X6	[0, 241, 730, 790, 417, 0, 775, 328, 732]

 ### Operon type: 440

	 A0A010YY02	[0, 7, 0, 0, 7, 620, 6, 0, 9]
